0 0.39296875 0.24453125 0.34375 0.203125
0 0.5875 0.40234375 0.34609375 0.18984375
0 0.82265625 0.2359375 0.31796875 0.2109375
0 0.63671875 0.09375 0.3984375 0.171875
0 0.303125 0.0859375 0.2734375 0.13515625
0 0.86796875 0.4953125 0.2640625 0.2
0 0.84375 0.79921875 0.3125 0.25546875
0 0.3125 0.84609375 0.41171875 0.26015625
0 0.1734375 0.61484375 0.31484375 0.25546875
0 0.23203125 0.40234375 0.32265625 0.1953125
0 0.43515625 0.55234375 0.27578125 0.19296875
0 0.6875 0.90234375 0.30234375 0.1953125
0 0.09609375 0.24921875 0.1921875 0.1671875