0 0.8125 0.87890625 0.23984375 0.2421875
0 0.5765625 0.88671875 0.24765625 0.2265625
0 0.35234375 0.88515625 0.2109375 0.2296875
0 0.14609375 0.87578125 0.2265625 0.2484375
0 0.86953125 0.6484375 0.20859375 0.24453125
0 0.5328125 0.50234375 0.24765625 0.33828125
0 0.0828125 0.68203125 0.165625 0.2140625
0 0.2734375 0.6546875 0.19296875 0.26796875
0 0.68359375 0.6578125 0.18984375 0.26328125
0 0.76796875 0.4125 0.17734375 0.2578125
0 0.62734375 0.1875 0.21875 0.29140625
0 0.853125 0.0859375 0.21640625 0.171875
0 0.36328125 0.203125 0.18515625 0.265625
0 0.09375 0.2484375 0.1875 0.25234375
0 0.2203125 0.4046875 0.18984375 0.2265625