0 0.358398 0.244336 0.305078 0.344141 0.815918
0 0.455859 0.832031 0.321094 0.201562 0.229492
0 0.172461 0.14375 0.169922 0.264062 0.162354
1 0.455859 0.832031 0.321094 0.201562 0.146851
0 0.88125 0.155957 0.2375 0.311914 0.137817
0 0.667188 0.330469 0.232812 0.0976562 0.10376
1 0.381152 0.835938 0.47207 0.2125 0.0834351
0 0.381152 0.835938 0.47207 0.2125 0.0758667
1 0.660156 0.331641 0.2375 0.0953125 0.0648804
0 0.851758 0.143652 0.280859 0.282227 0.0583496
1 0.871094 0.153027 0.248437 0.306055 0.047699
0 0.691016 0.33457 0.172656 0.0777344 0.0476074
1 0.358203 0.242969 0.304688 0.339063 0.0386963
0 0.884375 0.915234 0.15625 0.169531 0.0350037
1 0.427734 0.783594 0.391406 0.301562 0.0256653
0 0.427734 0.783594 0.391406 0.301562 0.0226288
1 0.451562 0.831055 0.903125 0.337891 0.0206451
1 0.376563 0.853516 0.753125 0.292969 0.0189056
1 0.691016 0.33457 0.172656 0.0777344 0.0177765
0 0.451562 0.831055 0.903125 0.337891 0.0135345
0 0.376563 0.853516 0.753125 0.292969 0.0120544
0 0.729688 0.145898 0.2 0.0519531 0.0107346
1 0.876562 0.910937 0.140625 0.175 0.0101318
0 0.897656 0.174414 0.196875 0.280469 0.00993347
1 0.389746 0.676172 0.48457 0.525781 0.00784302
0 0.64375 0.334375 0.270312 0.117969 0.00775528
1 0.394141 0.850781 0.788281 0.248437 0.00763702
0 0.13418 0.197998 0.102734 0.161035 0.00656509
1 0.172461 0.14375 0.169922 0.264062 0.00619125
0 0.394141 0.850781 0.788281 0.248437 0.00614548
1 0.897656 0.174414 0.196875 0.280469 0.00598145
0 0.673437 0.291016 0.21875 0.175781 0.005867
0 0.149219 0.139453 0.142188 0.278906 0.00544739
0 0.389746 0.676172 0.48457 0.525781 0.00524139
0 0.491406 0.605469 0.870313 0.682813 0.00503922
1 0.673437 0.291016 0.21875 0.175781 0.00502014
1 0.13418 0.197998 0.102734 0.161035 0.00439835
0 0.864062 0.895312 0.1125 0.13125 0.00439835
0 0.720312 0.172559 0.1875 0.11543 0.00400543
1 0.729688 0.145898 0.2 0.0519531 0.00397491
0 0.922266 0.1875 0.155469 0.251953 0.00365067
1 0.491406 0.605469 0.870313 0.682813 0.00359344
0 0.133789 0.158984 0.100781 0.238672 0.00351143
0 0.661328 0.382812 0.233594 0.208594 0.00305176
0 0.851367 0.519922 0.250391 0.421094 0.00300407
1 0.643359 0.385156 0.272656 0.219531 0.00271416
0 0.130762 0.217578 0.0876953 0.119922 0.00268364
1 0.133789 0.158984 0.100781 0.238672 0.00268364
0 0.890234 0.159473 0.219531 0.318945 0.00260162
0 0.833594 0.587109 0.215625 0.2875 0.00257111
0 0.939062 0.214062 0.121875 0.2 0.00247192
1 0.883984 0.158203 0.232031 0.316406 0.00246239
1 0.149219 0.139453 0.142188 0.278906 0.00230598
0 0.894531 0.900781 0.19375 0.198437 0.00221634
0 0.767187 0.0851562 0.282813 0.170312 0.0020504
1 0.130762 0.217578 0.0876953 0.119922 0.00201988
1 0.864062 0.895312 0.1125 0.13125 0.00201035
0 0.848242 0.454297 0.291016 0.547656 0.00192642
0 0.525 0.833594 0.165625 0.184375 0.00192642
0 0.291016 0.838281 0.582031 0.323438 0.00184631
0 0.647266 0.326172 0.172656 0.09375 0.00183868
0 0.760156 0.125391 0.265625 0.250781 0.00176144
1 0.922266 0.1875 0.155469 0.251953 0.0017271
0 0.444531 0.785156 0.684375 0.3375 0.0016489
1 0.720312 0.172559 0.1875 0.11543 0.00157356
1 0.939062 0.214062 0.121875 0.2 0.00155449
0 0.714844 0.196094 0.1875 0.158594 0.00154305
0 0.89375 0.181982 0.153125 0.24541 0.00153637
0 0.448438 0.517969 0.782812 0.589063 0.00153065
0 0.154687 0.483594 0.309375 0.792188 0.00148964
1 0.835938 0.129883 0.301562 0.256641 0.00146103
0 0.711328 0.330859 0.138281 0.090625 0.00145531
1 0.525 0.833594 0.165625 0.184375 0.00133514
0 0.134766 0.548828 0.264844 0.733594 0.00133038
1 0.444531 0.785156 0.684375 0.3375 0.00124454
0 0.714063 0.136914 0.25625 0.243359 0.00123024
0 0.703906 0.257227 0.33125 0.248047 0.0012064
0 0.189844 0.846484 0.379687 0.307031 0.00116062
0 0.774219 0.589063 0.090625 0.123438 0.00115585
0 0.802344 0.138086 0.365625 0.264453 0.0011425
0 0.889844 0.146851 0.184375 0.175049 0.0011158
1 0.889844 0.146851 0.184375 0.175049 0.00109863
0 0.535156 0.132422 0.126563 0.0734375 0.00104046
0 0.423828 0.700781 0.679688 0.521875 0.00100422
0 0.363477 0.244141 0.303516 0.335156 0.625
1 0.360938 0.243164 0.298438 0.336328 0.266602
0 0.156836 0.167773 0.160547 0.228125 0.104675
0 0.747266 0.153418 0.264844 0.0568359 0.0878906
1 0.373828 0.828125 0.510156 0.2 0.0718384
0 0.717969 0.146582 0.214062 0.0580078 0.0637207
1 0.156836 0.167773 0.160547 0.228125 0.0600891
1 0.661719 0.327344 0.290625 0.101562 0.0524292
0 0.89375 0.910937 0.184375 0.171875 0.0481262
0 0.663672 0.327734 0.255469 0.09375 0.0456848
1 0.747266 0.153418 0.264844 0.0568359 0.0180511
0 0.735156 0.163281 0.2625 0.0863281 0.016983
1 0.717969 0.146582 0.214062 0.0580078 0.0128708
0 0.186914 0.406641 0.121484 0.133594 0.0115967
1 0.701563 0.325977 0.384375 0.116797 0.0115051
0 0.0020752 0.0838379 0.00415039 0.167676 0.0104523
0 0.0666992 0.134375 0.125391 0.0503906 0.00941467
1 0.88418 0.181299 0.231641 0.287402 0.00837708
1 0.335156 0.766406 0.658594 0.384375 0.00809479
1 0.853906 0.16748 0.292188 0.334961 0.00671768
1 0.320898 0.807813 0.641016 0.2375 0.00656509
0 0.14248 0.192383 0.120117 0.166797 0.00605011
1 0.521875 0.499219 0.903125 0.929688 0.00540543
0 0.153125 0.425781 0.0667969 0.0875 0.00534439
0 0.721094 0.162402 0.360938 0.0818359 0.00419998
0 0.171387 0.399121 0.0947266 0.145508 0.00405502
0 0.00240479 0.1375 0.00480957 0.275 0.00376511
1 0.89375 0.910937 0.184375 0.171875 0.00356483
1 0.450684 0.831445 0.343945 0.196484 0.00353813
1 0.65 0.407813 0.307813 0.263281 0.00338936
1 0.665625 0.322266 0.248437 0.08125 0.00329781
1 0.741406 0.3 0.470313 0.196875 0.00317192
0 0.692187 0.337695 0.19375 0.0761719 0.00317192
0 0.85 0.903125 0.103125 0.159375 0.0026722
0 0.88418 0.181299 0.231641 0.287402 0.00264168
0 0.853906 0.16748 0.292188 0.334961 0.00245285
1 0.735156 0.163281 0.2625 0.0863281 0.00231361
1 0.0841797 0.578125 0.168359 0.84375 0.00216484
1 0.811914 0.189063 0.376172 0.28125 0.00213242
0 0.0899414 0.0167725 0.179883 0.0335449 0.00212479
0 0.517969 0.115527 0.185937 0.101367 0.0020504
0 0.278516 0.179492 0.403906 0.236328 0.00201035
1 0.278516 0.179492 0.403906 0.236328 0.00193405
0 0.145996 0.412598 0.0490234 0.123242 0.0018177
1 0.0020752 0.0838379 0.00415039 0.167676 0.00174141
1 0.158105 0.571484 0.316211 0.822656 0.00171375
1 0.692187 0.337695 0.19375 0.0761719 0.0016613
1 0.186914 0.397559 0.122266 0.14707 0.00159168
1 0.808594 0.135937 0.375 0.271875 0.00157928
1 0.843555 0.282031 0.312891 0.517187 0.00156116
0 0.345898 0.116602 0.0429688 0.0734375 0.00151253
1 0.727344 0.153516 0.3125 0.0769531 0.00146675
0 0.701563 0.325977 0.384375 0.116797 0.00144958
1 0.0621582 0.63125 0.124316 0.696875 0.00140476
0 0.351758 0.112695 0.0558594 0.0773437 0.00138855
0 0.0783203 0.0123901 0.156641 0.0247803 0.00137806
0 0.400391 0.434375 0.111719 0.0796875 0.00135612
0 0.0641113 0.14082 0.128223 0.0296875 0.00124454
1 0.0547852 0.743359 0.10957 0.457031 0.00123978
0 0.425781 0.428125 0.0570313 0.0828125 0.00118828
1 0.203906 0.487109 0.407813 0.900781 0.0011692
1 0.0666992 0.134375 0.125391 0.0503906 0.0011692
1 0.576172 0.475 0.769531 0.667188 0.00115108
0 0.727344 0.153516 0.3125 0.0769531 0.00113392
0 0.00263672 0.175195 0.00527344 0.348828 0.00113392
1 0.0488281 0.800781 0.0976562 0.345313 0.00111198
1 0.769531 0.155859 0.354688 0.0988281 0.00110722
0 0.10332 0.142285 0.200391 0.0662109 0.00109863
1 0.344727 0.748633 0.689453 0.502734 0.00107765
1 0.763672 0.341406 0.472656 0.680469 0.00104809
1 0.700781 0.458984 0.5875 0.847656 0.00104046
1 0.195654 0.390625 0.188379 0.555469 0.00102425
0 0.361133 0.244727 0.301172 0.327734 0.754883
1 0.461328 0.825 0.320312 0.2 0.137939
0 0.15625 0.186328 0.139844 0.179297 0.0910645
0 0.903125 0.913281 0.19375 0.170312 0.0710449
0 0.163867 0.153125 0.154297 0.254687 0.0650024
1 0.361914 0.246484 0.308203 0.327344 0.0451965
1 0.748438 0.462891 0.5 0.714844 0.0421753
1 0.900391 0.914062 0.199219 0.171875 0.0348206
1 0.903906 0.167969 0.192188 0.282813 0.0282135
1 0.508594 0.213867 0.923437 0.397266 0.026062
0 0.232373 0.15166 0.296191 0.255273 0.0236511
1 0.859375 0.623047 0.2625 0.227344 0.0207977
1 0.503516 0.138965 0.921094 0.248633 0.0200958
0 0.0811523 0.077832 0.162305 0.155664 0.0199432
0 0.678906 0.333203 0.265625 0.0851562 0.0193481
1 0.663281 0.568652 0.665625 0.601758 0.0168457
0 0.903906 0.167969 0.192188 0.282813 0.0167236
1 0.163867 0.153125 0.154297 0.254687 0.0142288
1 0.678906 0.333203 0.265625 0.0851562 0.0120544
1 0.75 0.530078 0.484375 0.513281 0.00854492
0 0.0476074 0.22207 0.0942383 0.244141 0.00636292
1 0.232373 0.15166 0.296191 0.255273 0.00605011
0 0.299805 0.148145 0.441016 0.262305 0.00553513
1 0.544531 0.447656 0.904688 0.709375 0.00548935
0 0.874219 0.910156 0.145313 0.170312 0.00498199
0 0.754687 0.159082 0.323438 0.0673828 0.00468063
1 0.15625 0.186328 0.139844 0.179297 0.00392914
1 0.748438 0.268555 0.49375 0.442578 0.00388527
1 0.0811523 0.077832 0.162305 0.155664 0.00385475
0 0.759766 0.040625 0.461719 0.0757812 0.00379562
1 0.575781 0.585156 0.845312 0.714063 0.00337601
0 0.791406 0.0436523 0.360938 0.0873047 0.00318527
0 0.0519531 0.816992 0.103906 0.291016 0.00307465
1 0.753516 0.252295 0.467969 0.278223 0.00304031
0 0.461328 0.825 0.320312 0.2 0.00298119
0 0.859375 0.623047 0.2625 0.227344 0.00254059
0 0.903906 0.156445 0.192188 0.169141 0.00248146
1 0.508984 0.0975586 0.900781 0.163477 0.00225258
0 0.0717773 0.80918 0.142188 0.281641 0.00214958
0 0.508594 0.213867 0.923437 0.397266 0.00210762
0 0.740625 0.165234 0.260938 0.0898438 0.00197983
1 0.299805 0.148145 0.441016 0.262305 0.00195694
1 0.903906 0.156445 0.192188 0.169141 0.00192642
0 0.503516 0.138965 0.921094 0.248633 0.00174809
0 0.884766 0.111035 0.230469 0.0880859 0.0017004
0 0.0484375 0.190674 0.096875 0.163184 0.00150681
0 0.166992 0.129395 0.287891 0.256055 0.00143814
0 0.874609 0.0433716 0.250781 0.0855225 0.00143242
1 0.874219 0.910156 0.145313 0.170312 0.00141048
1 0.0717773 0.80918 0.142188 0.281641 0.00136662
0 0.800195 0.592969 0.158984 0.164062 0.0012846
1 0.0519531 0.816992 0.103906 0.291016 0.00124931
1 0.754687 0.159082 0.323438 0.0673828 0.00120163
1 0.759766 0.040625 0.461719 0.0757812 0.00119686
1 0.80625 0.0474121 0.385938 0.0948242 0.00112057
0 0.661328 0.0535156 0.446094 0.107031 0.00110722
1 0.884766 0.111035 0.230469 0.0880859 0.00107765
1 0.447266 0.831445 0.491406 0.215234 0.00106049
0 0.897656 0.23042 0.204688 0.165723 0.00106049
0 0.902734 0.974219 0.194531 0.0515625 0.00104046
0 0.0829102 0.0506348 0.16582 0.10127 0.00102425
0 0.367578 0.239795 0.297656 0.329004 0.878906
0 0.17832 0.148633 0.182422 0.252344 0.190674
1 0.460938 0.825195 0.328906 0.199609 0.177246
0 0.677734 0.321094 0.294531 0.0992187 0.122742
0 0.460938 0.825195 0.328906 0.199609 0.0866089
0 0.900781 0.913281 0.176563 0.171875 0.0332031
1 0.367383 0.237305 0.298828 0.323828 0.0277405
1 0.17832 0.148633 0.182422 0.252344 0.0166626
1 0.677734 0.321094 0.294531 0.0992187 0.0145035
0 0.718359 0.150977 0.297656 0.0585938 0.01017
0 0.155664 0.157813 0.133203 0.232812 0.00844574
1 0.368359 0.82207 0.521094 0.205859 0.00821686
1 0.900781 0.913281 0.176563 0.171875 0.00641251
0 0.365625 0.309375 0.300781 0.185937 0.00518036
0 0.787695 0.0361328 0.324609 0.0722656 0.0049057
0 0.368359 0.82207 0.521094 0.205859 0.00455475
0 0.723437 0.32207 0.425 0.105469 0.00421524
0 0.291992 0.146973 0.412891 0.250195 0.00353813
1 0.497559 0.851562 0.251758 0.14375 0.00340271
0 0.672656 0.149316 0.260938 0.0552734 0.00335121
0 0.870313 0.630469 0.253125 0.215625 0.00255013
0 0.655078 0.333203 0.285156 0.0832031 0.0020752
1 0.723437 0.32207 0.425 0.105469 0.00171375
0 0.903125 0.202734 0.192188 0.23125 0.00159168
0 0.742969 0.0336914 0.234375 0.0673828 0.00157928
0 0.889063 0.175977 0.221875 0.294141 0.00144386
0 0.80293 0.582031 0.144141 0.140625 0.00131512
0 0.813281 0.0487427 0.3625 0.0915771 0.00124454
0 0.797656 0.15625 0.3875 0.292969 0.00116062
0 0.869531 0.153125 0.260938 0.166797 0.00111198
0 0.762109 0.108203 0.467969 0.207031 0.00111198
0 0.364453 0.239795 0.303125 0.32666 0.843262
1 0.460938 0.829492 0.353125 0.203516 0.360352
0 0.167578 0.155371 0.155469 0.252539 0.312256
1 0.373828 0.830469 0.535156 0.204688 0.157959
0 0.453223 0.83418 0.343555 0.203516 0.122498
0 0.159766 0.178906 0.144922 0.194531 0.0987549
0 0.0691406 0.0821289 0.137891 0.164258 0.0255585
0 0.373828 0.830469 0.535156 0.204688 0.0236969
1 0.861328 0.608594 0.277344 0.314063 0.0228882
0 0.85957 0.557031 0.271484 0.398438 0.0145569
1 0.500391 0.825781 0.508594 0.210938 0.0122375
0 0.862305 0.626562 0.275391 0.25 0.00919342
1 0.859961 0.46875 0.280078 0.64375 0.00841522
0 0.888281 0.160352 0.223438 0.320703 0.00775528
1 0.460156 0.824805 0.770312 0.234766 0.00584412
0 0.181201 0.124609 0.178223 0.203125 0.00518036
0 0.135937 0.00797119 0.271875 0.0159424 0.00518036
0 0.670313 0.329688 0.245312 0.0890625 0.00510025
1 0.736719 0.212061 0.509375 0.340723 0.00431442
1 0.766797 0.470313 0.466406 0.685938 0.00429916
1 0.369922 0.242578 0.308594 0.328125 0.00363541
1 0.175 0.156543 0.162109 0.245898 0.00325966
0 0.154785 0.44375 0.0619141 0.0570313 0.00321007
0 0.0807129 0.0142334 0.161426 0.0284668 0.00305176
1 0.885156 0.161523 0.226562 0.323047 0.00296974
0 0.859961 0.46875 0.280078 0.64375 0.00294685
1 0.715625 0.280859 0.475 0.197656 0.00275803
1 0.0407227 0.814844 0.0794922 0.3125 0.00239754
1 0.587891 0.829492 0.711719 0.259766 0.00212479
0 0.150781 0.453906 0.0566406 0.040625 0.00209045
0 0.90625 0.78418 0.1875 0.425391 0.00209045
0 0.178516 0.00510254 0.357031 0.0102051 0.00208282
1 0.802734 0.162109 0.394531 0.324219 0.00200272
0 0.766797 0.470313 0.466406 0.685938 0.00196457
0 0.736719 0.212061 0.509375 0.340723 0.00189686
0 0.835547 0.162305 0.328906 0.324609 0.00176811
0 0.715625 0.280859 0.475 0.197656 0.00175476
0 0.707031 0.333008 0.165625 0.0917969 0.00169373
0 0.0640625 0.135547 0.128125 0.0515625 0.00164223
0 0.194482 0.287109 0.0688477 0.0882813 0.00162888
1 0.670313 0.329688 0.245312 0.0890625 0.00162315
1 0.159766 0.178906 0.144922 0.194531 0.00124454
0 0.185596 0.0942383 0.170215 0.127148 0.00118351
0 0.0889648 0.00183105 0.17793 0.00366211 0.00116539
0 0.141992 0.264062 0.132031 0.034375 0.00116062
0 0.194922 0.295703 0.0554687 0.122656 0.00106525
0 1 0.315625 0 0.217969 0.00102806
0 0.0789063 0.0515137 0.157813 0.103027 0.00102425
0 0.0834961 0.823438 0.163672 0.234375 0.00102425
1 0.662109 0.561328 0.675781 0.716406 0.00100803
0 0.365234 0.238867 0.303906 0.328516 0.869629
1 0.350781 0.639941 0.590625 0.591992 0.463867
0 0.164062 0.180811 0.169531 0.200098 0.182983
1 0.490234 0.624121 0.913281 0.623633 0.13208
0 0.672656 0.328516 0.25625 0.0914062 0.0605164
0 0.174805 0.149023 0.191406 0.265625 0.0492249
1 0.354492 0.825781 0.554297 0.203125 0.0437012
1 0.365234 0.238867 0.303906 0.328516 0.0231934
1 0.460156 0.824219 0.330469 0.20625 0.0184784
0 0.889063 0.165039 0.221875 0.308984 0.0145035
0 0.239063 0.143945 0.323438 0.274609 0.014061
1 0.672656 0.328516 0.25625 0.0914062 0.0112
1 0.317187 0.825781 0.632812 0.254687 0.00933838
1 0.889063 0.165039 0.221875 0.308984 0.00787354
1 0.16123 0.187939 0.162695 0.193652 0.00706482
0 0.350781 0.639941 0.590625 0.591992 0.00577545
1 0.737891 0.223438 0.466406 0.3125 0.00424957
0 0.301562 0.120117 0.449219 0.233984 0.00421524
0 0.699609 0.144824 0.167969 0.0626953 0.00379562
0 0.301172 0.0658203 0.4375 0.121289 0.00274658
0 0.737891 0.223438 0.466406 0.3125 0.00274658
0 0.720312 0.150098 0.201562 0.0669922 0.00265312
1 0.691016 0.286914 0.374219 0.183203 0.0024929
0 0.261719 0.0592285 0.223438 0.11416 0.00219917
0 0.305078 0.0477051 0.420312 0.0852539 0.00215721
0 0.691016 0.286914 0.374219 0.183203 0.00214005
0 0.490234 0.624121 0.913281 0.623633 0.00203514
0 0.416797 0.822656 0.420312 0.207813 0.00182438
0 0.816797 0.0688965 0.366406 0.132715 0.00163555
1 0.816797 0.0688965 0.366406 0.132715 0.00162888
0 0.882227 0.152051 0.235547 0.205273 0.00157928
1 0.841406 0.133398 0.317187 0.264062 0.00156116
1 0.189258 0.145313 0.224609 0.267188 0.00153065
0 0.733203 0.341797 0.152344 0.0679687 0.00151253
0 0.841406 0.133398 0.317187 0.264062 0.00145531
1 0.35625 0.861328 0.7125 0.277344 0.00122547
1 0.322656 0.798633 0.625781 0.402734 0.00116062
0 0.146484 0.179248 0.120312 0.199316 0.00109863
1 0.239063 0.143945 0.323438 0.274609 0.00106049
0 0.364453 0.238672 0.295312 0.320312 0.84082
1 0.459766 0.826367 0.326562 0.203516 0.732422
0 0.159375 0.167773 0.135156 0.220313 0.46875
1 0.668359 0.326758 0.272656 0.0972656 0.151733
1 0.366016 0.239258 0.303906 0.322266 0.0792236
0 0.185156 0.152539 0.194922 0.248828 0.076416
0 0.458594 0.823242 0.305469 0.203516 0.0654907
1 0.159375 0.167773 0.135156 0.220313 0.0467224
0 0.903125 0.914062 0.19375 0.170312 0.0406799
1 0.733984 0.306055 0.453906 0.133203 0.0307922
0 0.66875 0.325 0.278125 0.0992187 0.0255585
1 0.868945 0.160352 0.258984 0.308984 0.0197144
0 0.874219 0.179248 0.248437 0.279785 0.0156708
1 0.901172 0.910937 0.197656 0.178125 0.00997162
1 0.752344 0.132324 0.495313 0.251367 0.00844574
1 0.709375 0.332812 0.171875 0.0875 0.00790405
1 0.188232 0.410937 0.12041 0.125781 0.00621796
1 0.179248 0.156152 0.175098 0.242383 0.00605011
1 0.741016 0.183984 0.517969 0.339844 0.00358009
1 0.723437 0.253857 0.425 0.228223 0.00349617
1 0.857813 0.533984 0.284375 0.471094 0.00344276
1 0.0821289 0.802344 0.155664 0.282813 0.00318527
1 0.796094 0.0561523 0.404687 0.112305 0.00269318
1 0.670703 0.0945313 0.658594 0.189063 0.00265312
0 0.0821289 0.802344 0.155664 0.282813 0.00255013
1 0.700781 0.510938 0.598437 0.884375 0.00251198
1 0.675781 0.366016 0.3125 0.182031 0.0024929
1 0.707031 0.0560547 0.564062 0.112109 0.00219917
0 0.716016 0.154883 0.192969 0.06875 0.00191212
0 0.296094 0.0465698 0.426562 0.0924072 0.00189686
0 0.298047 0.150781 0.434375 0.23125 0.00177479
1 0.677344 0.280469 0.321875 0.176563 0.00177479
0 0.839648 0.148047 0.320703 0.296094 0.00162315
0 0.193555 0.0983398 0.152734 0.141602 0.00161648
1 0.867383 0.590625 0.262109 0.338281 0.00157356
1 0.751172 0.378125 0.497656 0.259375 0.00156689
0 0.733984 0.306055 0.453906 0.133203 0.00154305
0 0.685938 0.332031 0.217187 0.0890625 0.00143242
0 0.188232 0.410937 0.12041 0.125781 0.00136662
0 0.796094 0.0561523 0.404687 0.112305 0.00129414
1 0.295312 0.780664 0.590625 0.438672 0.00129414
0 0.73125 0.129492 0.507812 0.216016 0.0012846
1 0.216797 0.786328 0.424219 0.427344 0.00115108
0 0.908203 0.201221 0.183594 0.247559 0.00112915
1 0.548437 0.580469 0.782812 0.782812 0.00112057
1 0.164844 0.78125 0.317578 0.396875 0.00108147
0 0.265625 0.108203 0.375 0.197656 0.00103664
0 0.707031 0.0560547 0.564062 0.112109 0.00100803
0 0.366016 0.238867 0.300781 0.329297 0.845703
0 0.155469 0.176172 0.136719 0.212109 0.324219
1 0.470703 0.82793 0.326562 0.203516 0.230225
0 0.471191 0.825781 0.337305 0.203125 0.0282745
0 0.172266 0.157227 0.172656 0.259766 0.0265503
1 0.363086 0.239111 0.297266 0.333496 0.0236053
0 0.901563 0.208594 0.196875 0.21875 0.0164032
0 0.71875 0.153906 0.190625 0.0710938 0.0140076
0 0.862109 0.17168 0.275781 0.292578 0.0121002
1 0.672656 0.327344 0.240625 0.09375 0.0102921
1 0.862109 0.17168 0.275781 0.292578 0.00997162
0 0.876953 0.154297 0.246094 0.212109 0.00867462
0 0.082251 0.804688 0.161279 0.257812 0.00636292
1 0.082251 0.804688 0.161279 0.257812 0.00397491
1 0.862695 0.471484 0.271484 0.599219 0.00307465
0 0.904688 0.911719 0.189063 0.176563 0.00277901
1 0.155469 0.176172 0.136719 0.212109 0.00265312
1 0.533594 0.603906 0.932813 0.7625 0.0024929
1 0.876953 0.154297 0.246094 0.212109 0.00237846
1 0.901563 0.208594 0.196875 0.21875 0.00223351
0 0.862695 0.471484 0.271484 0.599219 0.00214005
0 0.664844 0.324219 0.21875 0.0929687 0.00201988
1 0.427734 0.611035 0.761719 0.654492 0.00178909
1 0.863867 0.630469 0.272266 0.254687 0.00156116
0 0.863867 0.630469 0.272266 0.254687 0.00140476
1 0.71875 0.153906 0.190625 0.0710938 0.00129986
1 0.347266 0.835156 0.694531 0.226562 0.00126934
1 0.627441 0.817969 0.710742 0.295312 0.00115108
1 0.808594 0.139355 0.36875 0.225195 0.00112915
0 0.235547 0.0036377 0.427344 0.00727539 0.00107288
1 0.695312 0.289258 0.39375 0.176172 0.00104046
0 0.364648 0.241357 0.301953 0.332129 0.865234
1 0.460059 0.828906 0.329883 0.209375 0.362061
0 0.160156 0.170801 0.141406 0.22168 0.134277
0 0.179102 0.151172 0.182422 0.251563 0.0412292
0 0.701563 0.152734 0.159375 0.0621094 0.0346069
1 0.664844 0.327734 0.279687 0.100781 0.0316162
0 0.664844 0.327734 0.279687 0.100781 0.024231
0 0.882031 0.185352 0.228125 0.266016 0.0203705
1 0.362891 0.241016 0.299219 0.329688 0.0150757
0 0.460059 0.828906 0.329883 0.209375 0.0135345
1 0.657031 0.324609 0.217187 0.0875 0.0129242
0 0.711719 0.157422 0.2 0.0703125 0.0126266
1 0.710156 0.322656 0.425 0.110156 0.0113297
0 0.763281 0.0404297 0.229687 0.0746094 0.00769424
1 0.160156 0.170801 0.141406 0.22168 0.00582123
1 0.865625 0.178467 0.2625 0.277441 0.00547028
0 0.710156 0.322656 0.425 0.110156 0.00508118
1 0.511719 0.832812 0.503906 0.226562 0.00383949
1 0.882812 0.15127 0.228125 0.199023 0.00379562
1 0.389453 0.825781 0.482812 0.215625 0.00344276
1 0.541797 0.814844 0.847656 0.253125 0.00301552
0 0.0831055 0.0665039 0.166211 0.133008 0.0026722
0 0.848437 0.159375 0.29375 0.26875 0.00206757
1 0.90625 0.181982 0.1875 0.262598 0.00163555
0 0.150488 0.190234 0.129492 0.176953 0.00158501
0 0.299023 0.00174561 0.206641 0.00349121 0.00151253
0 0.294531 0.00356445 0.410937 0.00712891 0.00143242
1 0.178174 0.144336 0.183496 0.245703 0.00138855
0 0.258984 0.144824 0.346094 0.226367 0.00138283
1 0.710547 0.156543 0.178906 0.0677734 0.00138283
0 0.201758 0.0835693 0.153516 0.115283 0.0012598
0 0.280469 0.0429688 0.203906 0.0818359 0.0012598
0 0.689453 0.210156 0.258594 0.167578 0.00123501
0 0.361328 0.00167236 0.205469 0.00334473 0.00115108
0 0.792969 0.147754 0.398438 0.187305 0.00109863
1 0.0761719 0.800781 0.141797 0.276563 0.00105667
0 0.742188 0.153516 0.410937 0.0816406 0.00102425
0 0.364258 0.239258 0.301172 0.327734 0.822754
0 0.158594 0.15918 0.148438 0.244922 0.34082
1 0.418848 0.828125 0.438867 0.201562 0.290283
1 0.363281 0.239648 0.298438 0.328516 0.0877075
1 0.362695 0.823438 0.580859 0.21875 0.0806274
1 0.159082 0.158398 0.158398 0.242969 0.0222931
1 0.340625 0.843945 0.65625 0.302734 0.0116425
1 0.0745117 0.808008 0.143164 0.277734 0.00600433
0 0.442578 0.82832 0.354688 0.202734 0.00521851
0 0.180029 0.13125 0.179785 0.213281 0.0046463
1 0.522656 0.767969 0.871875 0.345313 0.00432968
0 0.0675293 0.0681641 0.135059 0.136328 0.00403976
1 0.526172 0.836133 0.746094 0.243359 0.00402451
0 0.352734 0.826563 0.551562 0.204688 0.00316048
0 0.0745117 0.808008 0.143164 0.277734 0.00279999
1 0.672266 0.327734 0.263281 0.0917969 0.00254059
0 0.902344 0.911719 0.1875 0.176563 0.00234985
0 0.698828 0.147461 0.158594 0.0578125 0.00216484
1 0.902344 0.911719 0.1875 0.176563 0.00194168
0 0.266846 0.0431152 0.200684 0.084668 0.00146103
0 0.203955 0.0779297 0.151465 0.108203 0.00142097
0 0.903125 0.179102 0.185937 0.286719 0.00138283
1 0.180029 0.13125 0.179785 0.213281 0.00135136
1 0.720703 0.315234 0.414844 0.124219 0.0012598
0 0.239648 0.0662109 0.244922 0.114844 0.00102425
0 0.364258 0.239258 0.301172 0.327734 0.822754
0 0.158594 0.15918 0.148438 0.244922 0.339844
1 0.41875 0.828125 0.438281 0.201562 0.29248
1 0.363281 0.239502 0.298438 0.328809 0.0880127
1 0.363086 0.823438 0.580078 0.21875 0.0817871
1 0.15918 0.158496 0.158203 0.242773 0.0223694
1 0.340625 0.843945 0.657031 0.302734 0.0116425
1 0.0745117 0.808008 0.143164 0.277734 0.00602722
0 0.442969 0.82832 0.353906 0.202734 0.0051384
0 0.180029 0.13125 0.179785 0.213281 0.00460815
1 0.523047 0.76875 0.872656 0.34375 0.00438309
1 0.527246 0.836133 0.745508 0.243359 0.0041008
0 0.0675293 0.0682617 0.135059 0.136523 0.00399017
0 0.353125 0.826563 0.550781 0.204688 0.00312424
0 0.0745117 0.808008 0.143164 0.277734 0.00279999
1 0.672266 0.327734 0.263281 0.0917969 0.00253105
0 0.902344 0.911719 0.1875 0.176563 0.00234222
0 0.698828 0.147461 0.158594 0.0578125 0.00216484
1 0.902344 0.911719 0.1875 0.176563 0.00195694
0 0.266846 0.0431152 0.200684 0.084668 0.00143242
0 0.203955 0.0779297 0.151465 0.108203 0.00142097
0 0.903125 0.178955 0.1875 0.286621 0.00137806
1 0.180029 0.13125 0.179785 0.213281 0.00134563
1 0.721094 0.315234 0.415625 0.124219 0.00127888
0 0.239648 0.0661621 0.244922 0.114941 0.00101662
