0 0.410156 0.674609 0.585156 0.494531 0.827148
0 0.852344 0.379297 0.114063 0.078125 0.0499573
1 0.403906 0.675781 0.560938 0.4875 0.043457
0 0.404687 0.403027 0.0929687 0.0814453 0.0223694
0 0.385059 0.255273 0.74082 0.510547 0.0194244
1 0.388379 0.250781 0.701367 0.501562 0.0184784
1 0.852344 0.379297 0.114063 0.078125 0.0177155
0 0.0707031 0.908594 0.139062 0.13125 0.0124817
0 0.428906 0.198437 0.845312 0.396875 0.0104065
0 0.657031 0.409766 0.129688 0.0789063 0.00933838
1 0.428906 0.198437 0.845312 0.396875 0.00871277
1 0.404687 0.403027 0.0929687 0.0814453 0.00787354
0 0.0719238 0.835938 0.135449 0.278125 0.00751877
1 0.0707031 0.908594 0.139062 0.13125 0.00717545
0 0.657812 0.420312 0.13125 0.117969 0.00706482
0 0.424609 0.405566 0.128125 0.0841797 0.00679779
0 0.183984 0.982813 0.137109 0.034375 0.00638962
0 0.464844 0.85332 0.845312 0.293359 0.00544739
0 0.661328 0.448047 0.133594 0.159375 0.00536346
1 0.183984 0.982813 0.137109 0.034375 0.00445175
1 0.424609 0.405566 0.128125 0.0841797 0.00336266
1 0.657812 0.420312 0.13125 0.117969 0.00305176
0 0.500781 0.45625 0.826563 0.904688 0.00293541
1 0.657031 0.409766 0.129688 0.0789063 0.00291252
0 0.181836 0.985937 0.1375 0.028125 0.00286674
1 0.661328 0.448047 0.133594 0.159375 0.00277901
1 0.500781 0.45625 0.826563 0.904688 0.00243378
0 0.8625 0.45625 0.115625 0.0765625 0.00235939
0 0.907812 0.732031 0.1125 0.128125 0.00226021
1 0.181836 0.985937 0.1375 0.028125 0.00218201
0 0.434375 0.904688 0.803125 0.190625 0.00216484
0 0.4625 0.160449 0.903125 0.320898 0.00212479
1 0.0719238 0.835938 0.135449 0.278125 0.00201035
0 0.227344 0.678516 0.206641 0.414844 0.00185299
1 0.907812 0.732031 0.1125 0.128125 0.00150681
0 0.445215 0.309766 0.789258 0.617969 0.00149536
0 0.375684 0.455859 0.575195 0.863281 0.00147247
0 0.40625 0.806641 0.739062 0.386719 0.00145531
0 0.817187 0.642187 0.123438 0.114063 0.00138283
0 0.851758 0.558691 0.249609 0.38418 0.00137806
1 0.445215 0.309766 0.789258 0.617969 0.00136662
1 0.464844 0.85332 0.845312 0.293359 0.00118828
0 0.65625 0.449609 0.146875 0.210156 0.00115585
1 0.4625 0.160449 0.903125 0.320898 0.00113773
0 0.0705078 0.797656 0.141016 0.367188 0.00111198
1 0.398047 0.923437 0.742188 0.153125 0.00104427
1 0.412109 0.671484 0.578906 0.474219 0.882324
0 0.193945 0.977344 0.154297 0.0453125 0.125488
0 0.0847412 0.902344 0.165283 0.142188 0.0648804
0 0.201221 0.980469 0.174121 0.0390625 0.0558167
0 0.236523 0.978906 0.251172 0.0421875 0.0409851
0 0.864062 0.372266 0.128125 0.0710938 0.0317383
0 0.847852 0.055957 0.304297 0.0589844 0.0259552
1 0.193945 0.977344 0.154297 0.0453125 0.0236053
0 0.617188 0.0558105 0.390625 0.0616211 0.0198669
0 0.410254 0.668359 0.582617 0.475781 0.0189819
1 0.201221 0.980469 0.174121 0.0390625 0.00861359
1 0.236523 0.978906 0.251172 0.0421875 0.008255
0 0.456641 0.95 0.417969 0.0796875 0.00677109
0 0.914844 0.728125 0.128125 0.132812 0.00638962
1 0.0847412 0.902344 0.165283 0.142188 0.00634003
0 0.430371 0.95625 0.331445 0.0875 0.00572968
0 0.613281 0.0641602 0.395312 0.0900391 0.0053215
0 0.69375 0.0552246 0.407813 0.0602539 0.00484848
0 0.89375 0.953125 0.0640625 0.084375 0.00443268
0 0.845703 0.0665894 0.308594 0.0861572 0.00419998
0 0.271289 0.980469 0.333203 0.0390625 0.00400543
1 0.864062 0.372266 0.128125 0.0710938 0.00348282
1 0.626562 0.0555176 0.426562 0.059668 0.00318527
0 0.832812 0.0503418 0.275 0.0551758 0.00309944
1 0.316406 0.670313 0.401563 0.453125 0.003088
0 0.613281 0.0481934 0.289062 0.0600586 0.00294685
0 0.0240723 0.810156 0.0481445 0.075 0.00247192
1 0.459766 0.0603516 0.816406 0.0914062 0.00235939
1 0.851367 0.0566895 0.297266 0.0579102 0.00234222
0 0.842188 0.0730469 0.315625 0.0945313 0.00215721
0 0.879687 0.376563 0.134375 0.0585938 0.00214005
0 0.459766 0.0603516 0.816406 0.0914062 0.00194168
0 0.00275879 0.894922 0.00551758 0.210156 0.00188923
0 0.15625 0.28125 0.3125 0.0609375 0.00183105
0 0.355273 0.0556641 0.495703 0.0595703 0.00182438
0 0.103613 0.571484 0.0689453 0.078125 0.00179577
0 0.437109 0.404297 0.177344 0.0671875 0.0017004
0 0.00253906 0.107227 0.00507812 0.214453 0.0017004
0 0.869531 0.366602 0.151562 0.0511719 0.00162315
0 0.316406 0.670313 0.401563 0.453125 0.00148392
0 0.175293 0.982813 0.350586 0.034375 0.00146103
0 0.187109 0.988281 0.146484 0.0234375 0.00144958
1 0.471484 0.072168 0.903906 0.118555 0.00139904
0 0.3 0.278516 0.460156 0.0554687 0.00130463
0 0.00297852 0.319141 0.00595703 0.357812 0.00129414
1 0.271289 0.980469 0.333203 0.0390625 0.00125504
1 0.441016 0.960938 0.386719 0.078125 0.00122547
0 0.885938 0.942187 0.05 0.115625 0.0012207
0 0.0325684 0.577344 0.0651367 0.0796875 0.00121593
1 0.478906 0.109375 0.9125 0.182031 0.00118828
0 0.405566 0.957031 0.298242 0.0859375 0.00117397
1 0.55 0.682422 0.310937 0.444531 0.00117397
0 0.904688 0.958594 0.071875 0.0703125 0.0011692
1 0.521484 0.0556763 0.465625 0.0784912 0.00116539
0 0.00351562 0.707031 0.00703125 0.314063 0.00114727
0 0.622266 0.0650391 0.321094 0.075 0.0011425
0 0.471484 0.072168 0.903906 0.118555 0.00112438
0 0.00356445 0.063623 0.00712891 0.127246 0.00104427
0 0.521484 0.0556763 0.465625 0.0784912 0.00100803
0 0.40625 0.679688 0.617188 0.4625 0.734863
1 0.407031 0.670313 0.59375 0.4625 0.287842
1 0.511328 0.472266 0.883594 0.855469 0.199341
0 0.0857422 0.896875 0.171484 0.159375 0.0758667
0 0.916406 0.897656 0.10625 0.19375 0.0520325
0 0.620313 0.0631836 0.53125 0.0736328 0.0249939
1 0.0857422 0.896875 0.171484 0.159375 0.0230713
1 0.477344 0.111523 0.892187 0.178516 0.021698
0 0.478906 0.0866211 0.873438 0.130664 0.0214539
0 0.541016 0.687109 0.346094 0.447656 0.0180511
0 0.316406 0.0643555 0.54375 0.0710938 0.0116882
0 0.758203 0.0643066 0.483594 0.068457 0.0107346
0 0.481641 0.127759 0.880469 0.179639 0.00993347
1 0.916406 0.897656 0.10625 0.19375 0.00926971
1 0.489844 0.0793701 0.870313 0.119775 0.0064888
0 0.835938 0.0617188 0.309375 0.0691406 0.00600433
0 0.196924 0.975781 0.206152 0.0484375 0.00542831
1 0.620313 0.0631836 0.53125 0.0736328 0.00416565
1 0.596484 0.588965 0.763281 0.739258 0.00346947
0 0.471484 0.959375 0.638281 0.08125 0.00344276
0 0.515625 0.467187 0.890625 0.86875 0.00335121
0 0.247266 0.0652344 0.494531 0.0707031 0.00273705
0 0.564844 0.0718262 0.8125 0.10498 0.0026207
0 0.485938 0.969531 0.709375 0.0609375 0.00235939
0 0.207031 0.983984 0.230469 0.0320312 0.00232315
0 0.399219 0.147852 0.501562 0.0988281 0.00219917
1 0.758203 0.0643066 0.483594 0.068457 0.00218201
0 0.269531 0.687891 0.305469 0.474219 0.00209999
0 0.585938 0.726953 0.270312 0.471094 0.00192642
1 0.316406 0.0643555 0.54375 0.0710938 0.00183868
0 0.596484 0.588965 0.763281 0.739258 0.00176811
1 0.196924 0.975781 0.206152 0.0484375 0.00156689
0 0.495703 0.148926 0.471094 0.0951172 0.00131989
0 0.585156 0.0517578 0.479688 0.06875 0.00127411
0 0.306055 0.14668 0.480078 0.101172 0.00124454
0 0.574902 0.1 0.78457 0.170703 0.00121593
0 0.573535 0.0615356 0.54668 0.092749 0.00118351
0 0.84375 0.381641 0.182812 0.0835937 0.00116062
0 0.235205 0.706641 0.234277 0.411719 0.00115585
0 0.5125 0.942969 0.828125 0.114063 0.0011425
0 0.168848 0.062793 0.337695 0.0701172 0.00112438
1 0.455566 0.963281 0.631055 0.0734375 0.0011034
1 0.835938 0.0617188 0.309375 0.0691406 0.00106907
1 0.619531 0.0675781 0.717188 0.0925781 0.00104046
0 0.702344 0.14668 0.48125 0.0949219 0.00100422
0 0.4125 0.665625 0.584375 0.464063 0.921875
0 0.0779297 0.899219 0.142383 0.14375 0.0646362
1 0.406934 0.663281 0.568945 0.465625 0.0164642
1 0.0779297 0.899219 0.142383 0.14375 0.0115509
0 0.85 0.377344 0.135937 0.0757812 0.0109024
0 0.462109 0.142578 0.924219 0.116016 0.0103302
0 0.465625 0.116577 0.93125 0.130127 0.00790405
1 0.462109 0.142578 0.924219 0.116016 0.00679779
1 0.465625 0.116577 0.93125 0.130127 0.0055542
0 0.464453 0.0509766 0.928906 0.0773437 0.00337601
0 0.463281 0.187451 0.923437 0.198535 0.00324821
0 0.796094 0.0540527 0.407813 0.0672852 0.00275803
0 0.701563 0.856445 0.34375 0.287109 0.00261116
0 0.0770996 0.879687 0.154199 0.1875 0.00235939
0 0.910937 0.725781 0.1125 0.129688 0.00235939
0 0.555078 0.0532715 0.436719 0.071582 0.00204277
1 0.463281 0.187451 0.923437 0.198535 0.00191879
1 0.464453 0.0509766 0.928906 0.0773437 0.00188255
0 0.297461 0.0538086 0.439453 0.0673828 0.00183105
0 0.533984 0.680859 0.346094 0.428906 0.00177479
0 0.395703 0.955469 0.344531 0.0859375 0.00176811
0 0.543652 0.857031 0.65332 0.285937 0.00127411
0 0.416406 0.676562 0.594531 0.478125 0.864258
0 0.546484 0.671484 0.323438 0.466406 0.0218658
1 0.413184 0.676562 0.59082 0.46875 0.00510025
0 0.590234 0.0515747 0.314844 0.0695068 0.0037365
0 0.904688 0.969531 0.0875 0.05625 0.00146675
0 0.316211 0.0530151 0.417578 0.0654541 0.00125504
0 0.621094 0.0586792 0.379687 0.081665 0.00104427
0 0.415625 0.66875 0.601562 0.475 0.859863
1 0.417285 0.671484 0.595117 0.482031 0.0516663
0 0.6 0.0541504 0.4125 0.0768555 0.00228691
0 0.553125 0.356836 0.890625 0.537891 0.00167465
1 0.553125 0.356836 0.890625 0.537891 0.00151253
1 0.554688 0.456641 0.890625 0.769531 0.00115108
0 0.554688 0.456641 0.890625 0.769531 0.00101662
0 0.411719 0.669922 0.6 0.491406 0.854004
0 0.50625 0.046875 0.948438 0.0800781 0.0439453
1 0.50625 0.046875 0.948438 0.0800781 0.0409851
0 0.0799072 0.9 0.150342 0.146875 0.0316162
0 0.507422 0.0826172 0.944531 0.122266 0.0127258
1 0.413184 0.667969 0.59082 0.490625 0.0119629
0 0.105371 0.907031 0.203711 0.160938 0.0116882
1 0.507422 0.0826172 0.944531 0.122266 0.0112915
0 0.866992 0.645703 0.228516 0.622656 0.00366402
0 0.589844 0.0531372 0.171875 0.0566162 0.00331116
0 0.499219 0.0452637 0.957812 0.0905273 0.00273705
1 0.499219 0.0452637 0.957812 0.0905273 0.00261116
0 0.0355469 0.584375 0.0710938 0.0882813 0.00201988
0 0.853906 0.611719 0.25 0.454688 0.00191212
0 0.863281 0.375391 0.15 0.0671875 0.00185299
0 0.510547 0.129712 0.933594 0.135889 0.00174809
1 0.510547 0.129712 0.933594 0.135889 0.0015192
0 0.833008 0.700391 0.287109 0.561719 0.00133514
0 0.575781 0.0530151 0.353125 0.0644775 0.00124454
0 0.395312 0.951563 0.476562 0.096875 0.00123501
0 0.594531 0.0604492 0.217187 0.0517578 0.00116062
1 0.866992 0.645703 0.228516 0.622656 0.00112057
0 0.416406 0.678516 0.590625 0.483594 0.813965
1 0.417578 0.681641 0.597656 0.496094 0.0836182
0 0.570312 0.0551758 0.325781 0.075 0.00740433
0 0.289111 0.0550293 0.281934 0.071582 0.00397491
0 0.0816162 0.9 0.161377 0.140625 0.00340271
0 0.810938 0.0555664 0.210938 0.0685547 0.00321007
0 0.846094 0.058252 0.301562 0.0702148 0.00273705
0 0.43125 0.419629 0.150781 0.113867 0.0024929
0 0.421191 0.957812 0.406055 0.084375 0.00222588
0 0.439746 0.963281 0.351758 0.0734375 0.0017271
1 0.570312 0.0551758 0.325781 0.075 0.0012846
0 0.857813 0.377344 0.128125 0.0757812 0.0012207
0 0.170801 0.28457 0.341602 0.0710938 0.00113392
0 0.405078 0.669141 0.580469 0.469531 0.878906
1 0.405078 0.669141 0.580469 0.469531 0.0298767
0 0.560938 0.0558594 0.303125 0.0667969 0.0120087
0 0.833594 0.0568359 0.257812 0.0619141 0.00806427
1 0.560938 0.0558594 0.303125 0.0667969 0.00609589
0 0.0782959 0.903906 0.151611 0.145313 0.00564194
0 0.288867 0.0569824 0.311328 0.0651367 0.00530243
0 0.497656 0.189453 0.885938 0.182031 0.0046463
0 0.792969 0.0563477 0.189063 0.0621094 0.0029583
0 0.41084 0.953906 0.426758 0.0921875 0.00225258
1 0.497656 0.189453 0.885938 0.182031 0.00213242
0 0.9125 0.726953 0.11875 0.135156 0.00210762
0 0.283789 0.051062 0.245703 0.0648682 0.00104046
0 0.416504 0.675391 0.58418 0.467969 0.848145
1 0.412402 0.673437 0.586133 0.473437 0.0500488
0 0.564453 0.0523437 0.302344 0.0619141 0.0162201
1 0.564453 0.0523437 0.302344 0.0619141 0.0115967
0 0.809375 0.0524414 0.209375 0.0597656 0.0088501
0 0.287109 0.0523437 0.284375 0.0615234 0.00600433
0 0.078418 0.9 0.154492 0.142188 0.00439835
0 0.184961 0.280859 0.369922 0.0617188 0.00335121
0 0.829687 0.0543457 0.292188 0.0549805 0.00299263
0 0.605859 0.0522949 0.194531 0.0608398 0.00269318
0 0.148438 0.274219 0.296875 0.0601562 0.0015974
0 0.260596 0.0520996 0.199121 0.0620117 0.00153065
0 0.076416 0.0555176 0.152832 0.0473633 0.00142097
0 0.430469 0.955469 0.421875 0.0890625 0.00136662
0 0.405859 0.967578 0.428125 0.0648438 0.00115585
0 0.470313 0.0506348 0.83125 0.0723633 0.00115108
0 0.201172 0.274023 0.402344 0.0585938 0.00104809
0 0.416504 0.675391 0.58418 0.467969 0.848145
1 0.412109 0.673437 0.586719 0.473437 0.0502319
0 0.564453 0.052356 0.302344 0.0618896 0.0163422
1 0.564453 0.052356 0.302344 0.0618896 0.0117798
0 0.809375 0.0523926 0.209375 0.059668 0.00891876
0 0.287109 0.0523437 0.284375 0.0615234 0.00605011
0 0.0784912 0.9 0.154346 0.14375 0.00453949
0 0.184863 0.280859 0.369727 0.0617188 0.00344276
0 0.829687 0.0543457 0.292188 0.0549805 0.00305176
0 0.605859 0.0522949 0.194531 0.0608398 0.00271416
0 0.148242 0.274219 0.296484 0.0601562 0.00164223
0 0.260742 0.0521484 0.199219 0.0619141 0.00153637
0 0.076416 0.0555664 0.152832 0.0474609 0.0014267
0 0.430566 0.955469 0.42168 0.0890625 0.00138283
0 0.470313 0.0506836 0.828125 0.0724609 0.0011692
0 0.406348 0.967578 0.42793 0.0648438 0.00116539
0 0.200977 0.274023 0.401953 0.0585938 0.00106907
