0 0.564062 0.613281 0.371875 0.521875 0.85791
0 0.808008 0.151367 0.146484 0.257422 0.294922
0 0.578125 0.21958 0.0773437 0.136621 0.237183
0 0.670313 0.141626 0.110937 0.171436 0.203735
1 0.664062 0.148535 0.1125 0.156055 0.191895
0 0.215039 0.423535 0.0875 0.126367 0.178345
0 0.257227 0.602344 0.0945313 0.120312 0.177246
0 0.0841797 0.90625 0.0917969 0.115625 0.15918
0 0.151074 0.805469 0.0806641 0.117188 0.151978
0 0.810742 0.114063 0.141016 0.196875 0.144653
1 0.576172 0.216797 0.078125 0.141016 0.144653
0 0.301562 0.370703 0.08125 0.121875 0.133911
1 0.25625 0.601562 0.102344 0.121875 0.124207
0 0.332422 0.660156 0.0828125 0.132812 0.118774
1 0.0835937 0.904688 0.100195 0.11875 0.113586
1 0.301562 0.370703 0.08125 0.121875 0.104126
0 0.314844 0.494922 0.0929687 0.113281 0.093689
0 0.152344 0.53125 0.103516 0.128125 0.093689
1 0.563281 0.615234 0.377344 0.516406 0.0899048
0 0.433594 0.0682617 0.103125 0.12832 0.0888062
1 0.330859 0.658984 0.0828125 0.129688 0.0872803
1 0.213086 0.424316 0.0878906 0.12793 0.0863037
1 0.152344 0.53125 0.103516 0.128125 0.0853882
1 0.3875 0.248047 0.0914062 0.162891 0.0836182
0 0.389746 0.245361 0.0876953 0.168652 0.0820923
0 0.729688 0.0393066 0.09375 0.0786133 0.0809326
1 0.151562 0.80625 0.08125 0.114063 0.076416
0 0.463281 0.2875 0.0765625 0.125 0.0731812
0 0.239648 0.736328 0.0902344 0.133594 0.0720825
1 0.435937 0.0727539 0.10625 0.130859 0.0713501
0 0.388672 0.394531 0.0875 0.130469 0.0708008
0 0.0859619 0.714844 0.0737793 0.1 0.0665894
0 0.173535 0.229736 0.0845703 0.118652 0.0643921
1 0.239844 0.739062 0.0929687 0.134375 0.0639648
0 0.385059 0.268359 0.0908203 0.133594 0.0621033
1 0.811719 0.114868 0.134375 0.171045 0.0596619
0 0.166504 0.288086 0.11582 0.244922 0.0578003
1 0.315625 0.49375 0.0941406 0.107813 0.0570679
1 0.163672 0.670313 0.0867188 0.153125 0.0512695
0 0.163672 0.661328 0.0855469 0.139844 0.0492249
0 0.140625 0.351953 0.0921875 0.117969 0.0477905
0 0.240625 0.764844 0.09375 0.185937 0.0448608
1 0.388672 0.399219 0.0882813 0.133594 0.0437012
1 0.0859619 0.714844 0.0737793 0.1 0.0435181
1 0.462891 0.29375 0.075 0.129688 0.0414734
0 0.821875 0.109399 0.11875 0.16167 0.0390625
0 0.344531 0.173145 0.065625 0.113867 0.0366211
0 0.435547 0.0826904 0.120312 0.158057 0.036438
1 0.510547 0.141382 0.0789063 0.134424 0.0343628
0 0.5125 0.136694 0.0796875 0.13208 0.0343628
1 0.808008 0.151367 0.146484 0.257422 0.0319824
1 0.730078 0.0386719 0.0945313 0.0703125 0.0301056
0 0.578125 0.0850586 0.0765625 0.111133 0.028656
0 0.373047 0.213721 0.1 0.191309 0.0281067
0 0.307031 0.267969 0.0644531 0.0953125 0.0276947
0 0.323242 0.869531 0.0785156 0.164062 0.0276947
1 0.175439 0.231445 0.0850586 0.115625 0.0271759
1 0.382422 0.276563 0.0820312 0.109375 0.0259552
1 0.323242 0.869531 0.0785156 0.164062 0.0253754
1 0.241406 0.764063 0.0941406 0.1875 0.0230713
1 0.140625 0.351953 0.0921875 0.117969 0.0222015
1 0.343555 0.167187 0.0652344 0.107813 0.0218658
0 0.320703 0.89375 0.0699219 0.121875 0.0204926
1 0.577344 0.0851807 0.08125 0.110107 0.0195618
0 0.0849365 0.6625 0.0727051 0.196094 0.0190582
1 0.373047 0.213721 0.1 0.191309 0.0189819
0 0.821094 0.458984 0.335938 0.502344 0.0181885
0 0.633203 0.164355 0.183594 0.202539 0.0173798
1 0.166504 0.288086 0.11582 0.244922 0.0172424
0 0.268164 0.104663 0.0625 0.110596 0.0159607
0 0.154102 0.511328 0.115234 0.200781 0.0157166
0 0.174902 0.258203 0.0951172 0.172266 0.0150757
0 0.671484 0.875781 0.107813 0.101562 0.0146179
0 0.345313 0.153711 0.0648438 0.0734375 0.0138474
0 0.307422 0.304492 0.0726563 0.166797 0.0138474
0 0.908594 0.433594 0.167187 0.44375 0.0136337
0 0.917188 0.12793 0.0921875 0.165234 0.0120544
0 0.795508 0.249219 0.133984 0.0929687 0.0119629
1 0.174902 0.258203 0.0951172 0.172266 0.0117798
0 0.592969 0.0705566 0.1125 0.122559 0.0112457
0 0.489062 0.65 0.217187 0.454688 0.0104904
0 0.308203 0.430469 0.0914062 0.232812 0.00993347
0 0.839063 0.0991943 0.0875 0.137939 0.00963593
0 0.557031 0.101782 0.120312 0.148389 0.00955963
1 0.307031 0.267969 0.0644531 0.0953125 0.00948334
1 0.320703 0.89375 0.0699219 0.121875 0.00898743
1 0.302344 0.503125 0.0617188 0.128125 0.00891876
0 0.302344 0.503125 0.0617188 0.128125 0.00857544
1 0.307422 0.304492 0.0726563 0.166797 0.00831604
1 0.268164 0.104663 0.0625 0.110596 0.008255
1 0.299219 0.389062 0.090625 0.142969 0.00818634
0 0.0657227 0.607813 0.0783203 0.119531 0.00806427
0 0.320508 0.9125 0.0707031 0.0796875 0.00800323
0 0.796094 0.20332 0.135937 0.187109 0.00787354
1 0.917188 0.12793 0.0921875 0.165234 0.00740433
0 0.660547 0.137695 0.0867188 0.142969 0.00728989
0 0.386621 0.338867 0.0892578 0.226953 0.00712204
0 0.673828 0.126929 0.105469 0.121924 0.00706482
0 0.217578 0.389844 0.078125 0.189063 0.00698471
1 0.306641 0.417969 0.0882813 0.2 0.00695801
0 0.134375 0.492969 0.078125 0.140625 0.00695801
1 0.671484 0.875781 0.107813 0.101562 0.0069046
0 0.736328 0.367578 0.208594 0.225 0.00674438
0 0.744531 0.461328 0.470313 0.522656 0.00669098
1 0.0849365 0.6625 0.0727051 0.196094 0.00669098
1 0.633203 0.164355 0.183594 0.202539 0.00641251
0 0.0430664 0.463281 0.0699219 0.140625 0.00638962
0 0.259766 0.585938 0.109375 0.139844 0.00629044
0 0.614844 0.0237061 0.101562 0.0474121 0.005867
0 0.310937 0.354102 0.0789063 0.146484 0.00582123
1 0.557031 0.101782 0.120312 0.148389 0.00572968
0 0.299219 0.389062 0.090625 0.142969 0.00570679
0 0.842188 0.702344 0.09375 0.114063 0.00564194
0 0.0761719 0.646875 0.0658203 0.192188 0.00548935
0 0.250781 0.771875 0.107813 0.220313 0.00542831
0 0.532031 0.156543 0.117188 0.136133 0.00538635
1 0.442578 0.257812 0.110156 0.146094 0.00526047
0 0.323438 0.218018 0.0921875 0.188184 0.0050621
0 0.362891 0.223633 0.141406 0.219141 0.00488663
1 0.821094 0.458984 0.335938 0.502344 0.00488663
1 0.310937 0.354102 0.0789063 0.146484 0.00486755
0 0.748438 0.376563 0.153125 0.201562 0.00484848
0 0.266406 0.129077 0.0664062 0.160596 0.00484848
0 0.709375 0.0208496 0.139062 0.0416992 0.00475693
1 0.318359 0.271875 0.0851562 0.111719 0.00471878
0 0.384766 0.296875 0.0859375 0.136719 0.0046463
0 0.12373 0.482031 0.0630859 0.117969 0.0045929
1 0.160938 0.767969 0.0824219 0.1875 0.00457382
1 0.432031 0.0869141 0.123438 0.171875 0.00457382
1 0.323438 0.218018 0.0921875 0.188184 0.00453949
1 0.384766 0.296875 0.0859375 0.136719 0.00450516
0 0.726562 0.0323242 0.104687 0.0646484 0.00450516
1 0.532031 0.156543 0.117188 0.136133 0.00436401
0 0.342383 0.858594 0.119922 0.170312 0.00436401
1 0.34043 0.857031 0.116797 0.18125 0.00436401
1 0.795508 0.249219 0.133984 0.0929687 0.00434875
1 0.310547 0.381348 0.0855469 0.13418 0.00426483
0 0.34668 0.278125 0.138672 0.116406 0.00424957
1 0.842188 0.702344 0.09375 0.114063 0.00421524
0 0.239453 0.564844 0.0625 0.16875 0.00411606
1 0.317578 0.432422 0.0859375 0.225781 0.0041008
1 0.592969 0.0705566 0.1125 0.122559 0.00408554
0 0.442578 0.257812 0.110156 0.146094 0.00407028
0 0.318359 0.271875 0.0851562 0.111719 0.00405502
0 0.394434 0.229248 0.0767578 0.134473 0.00403976
1 0.34668 0.278125 0.138672 0.116406 0.00402451
0 0.754687 0.804688 0.0890625 0.16875 0.00391388
0 0.310547 0.381348 0.0855469 0.13418 0.00390053
0 0.160938 0.767969 0.0824219 0.1875 0.00382423
1 0.489062 0.65 0.217187 0.454688 0.00372124
0 0.383984 0.259961 0.103906 0.229687 0.00370789
1 0.217578 0.389844 0.078125 0.189063 0.00370789
0 0.627344 0.132422 0.196875 0.198437 0.00370789
1 0.0657227 0.607813 0.0783203 0.119531 0.00362206
1 0.154102 0.511328 0.115234 0.200781 0.00355148
1 0.332617 0.200342 0.0785156 0.17041 0.00349617
1 0.660547 0.137695 0.0867188 0.142969 0.00333786
0 0.673828 0.12002 0.125781 0.218555 0.00331116
1 0.391406 0.341406 0.0820312 0.220313 0.00327301
0 0.343359 0.152637 0.0703125 0.104492 0.00316048
0 0.332617 0.200342 0.0785156 0.17041 0.00312424
0 0.471094 0.779883 0.145313 0.187109 0.00312424
1 0.673828 0.126929 0.105469 0.121924 0.00311089
1 0.257617 0.707812 0.0777344 0.14375 0.00307465
1 0.61875 0.0262573 0.0953125 0.04729 0.00307465
0 0.316016 0.363281 0.0695312 0.114063 0.0030632
1 0.796094 0.20332 0.135937 0.187109 0.00300407
1 0.362891 0.223633 0.141406 0.219141 0.0029583
1 0.754687 0.804688 0.0890625 0.16875 0.00288963
1 0.745703 0.376172 0.157031 0.217969 0.00286674
0 0.83125 0.077832 0.0984375 0.109375 0.00277901
0 0.268555 0.570312 0.105469 0.182812 0.00266266
1 0.266406 0.129077 0.0664062 0.160596 0.00266266
0 0.30625 0.351953 0.0804688 0.0953125 0.00264168
1 0.839063 0.10686 0.0875 0.153467 0.00261116
1 0.394434 0.229248 0.0767578 0.134473 0.00259018
0 0.851562 0.667969 0.125 0.207813 0.00258064
0 0.137402 0.498437 0.14082 0.257031 0.00253105
0 0.935938 0.134399 0.128125 0.199951 0.00252151
1 0.12373 0.482031 0.0630859 0.117969 0.00252151
0 0.158789 0.729297 0.0859375 0.269531 0.00251198
1 0.320508 0.9125 0.0707031 0.0796875 0.0024929
0 0.914844 0.302734 0.132812 0.170312 0.00245285
1 0.908594 0.433594 0.167187 0.44375 0.00243378
0 0.225391 0.921875 0.090625 0.071875 0.00240517
0 0.25625 0.215283 0.0707031 0.125684 0.002388
0 0.341211 0.657812 0.0894531 0.164062 0.002388
0 0.312891 0.256836 0.0648438 0.0960938 0.00237846
1 0.0430664 0.463281 0.0699219 0.140625 0.00232315
0 0.0822022 0.901563 0.103564 0.146875 0.00228691
0 0.0637207 0.724219 0.11377 0.110937 0.00228691
0 0.421094 0.851562 0.0765625 0.10625 0.00226974
1 0.264453 0.40625 0.170312 0.148438 0.00225258
0 0.60625 0.475 0.267188 0.245312 0.00224304
0 0.277344 0.591797 0.0679687 0.121094 0.00224304
1 0.0761719 0.646875 0.0658203 0.192188 0.00220871
0 0.325 0.40459 0.128125 0.267383 0.00220871
1 0.817187 0.105176 0.135937 0.210352 0.00217438
1 0.154785 0.733984 0.0779297 0.257031 0.00209999
1 0.25625 0.215283 0.0707031 0.125684 0.00208282
1 0.134375 0.492969 0.078125 0.140625 0.00206757
1 0.239453 0.564844 0.0625 0.16875 0.00203514
0 0.472656 0.816406 0.139062 0.114063 0.00203514
0 0.24375 0.398535 0.133984 0.198242 0.00201035
0 0.384766 0.328711 0.105469 0.284766 0.00200272
0 0.576563 0.11123 0.0703125 0.141602 0.0019722
0 0.48125 0.784375 0.951563 0.43125 0.00189686
0 0.0710938 0.829687 0.0726563 0.146875 0.00188255
0 0.6875 0.477734 0.229687 0.433594 0.00184631
0 0.28125 0.35625 0.0679687 0.114844 0.00181007
1 0.576563 0.11123 0.0703125 0.141602 0.00181007
1 0.351953 0.446875 0.0601562 0.182031 0.00179577
0 0.262891 0.162305 0.0734375 0.226172 0.00178242
1 0.420312 0.565625 0.0859375 0.360938 0.00174141
1 0.713672 0.0420044 0.0710938 0.0769287 0.0017004
1 0.471094 0.779883 0.145313 0.187109 0.0017004
0 0.913281 0.125586 0.140625 0.194141 0.00168133
0 0.142871 0.269482 0.164648 0.285254 0.00167465
0 0.580469 0.532422 0.296875 0.354688 0.00167465
0 0.332617 0.480859 0.0789063 0.0976562 0.00166798
1 0.410156 0.614844 0.0695312 0.1875 0.0016613
0 0.347266 0.614844 0.139062 0.21875 0.00165462
0 0.166211 0.504297 0.145703 0.246094 0.00165462
0 0.270312 0.575781 0.075 0.107813 0.0016489
0 0.0466309 0.442969 0.0676758 0.1125 0.0016489
1 0.744531 0.461328 0.470313 0.522656 0.00164223
0 0.068457 0.810156 0.0636719 0.104687 0.00162888
1 0.225391 0.921875 0.090625 0.071875 0.00162888
0 0.310156 0.392578 0.114844 0.194531 0.00162315
1 0.309766 0.409473 0.107031 0.245117 0.00162315
0 0.179492 0.205127 0.0964844 0.144434 0.00161076
1 0.383984 0.259961 0.103906 0.229687 0.00159168
0 0.491016 0.80332 0.144531 0.143359 0.00159168
0 0.351172 0.348047 0.157031 0.335938 0.00159168
0 0.420312 0.565625 0.0859375 0.360938 0.00156689
0 0.602344 0.0438477 0.13125 0.0876953 0.00156116
1 0.179492 0.205127 0.0964844 0.144434 0.00156116
0 0.713672 0.0420044 0.0710938 0.0769287 0.0015192
1 0.262891 0.162305 0.0734375 0.226172 0.00149536
1 0.667969 0.123828 0.117188 0.220313 0.00148392
0 0.449219 0.0683594 0.101562 0.119141 0.00148392
0 0.826563 0.0492065 0.103125 0.0539307 0.0014782
0 0.205664 0.376563 0.105859 0.199219 0.00146675
1 0.416016 0.161426 0.128906 0.268555 0.00145531
0 0.913281 0.280078 0.128125 0.117969 0.0014267
0 0.202002 0.533594 0.206152 0.2375 0.00140476
0 0.848242 0.496875 0.187891 0.498437 0.00140476
1 0.351172 0.348047 0.157031 0.335938 0.00139904
1 0.194482 0.626562 0.140723 0.135937 0.00137806
1 0.726562 0.0323242 0.104687 0.0646484 0.00137234
0 0.264453 0.40625 0.170312 0.148438 0.00136662
0 0.254687 0.677344 0.1125 0.317187 0.00136662
0 0.464844 0.263672 0.071875 0.131641 0.00136185
0 0.488281 0.750781 0.15 0.253125 0.00136185
0 0.648438 0.0411133 0.161719 0.0822266 0.00135136
0 0.257617 0.707812 0.0777344 0.14375 0.00134563
0 0.168164 0.50625 0.0738281 0.114063 0.00133514
0 0.757031 0.498828 0.354688 0.524219 0.00132465
1 0.725 0.375684 0.220313 0.24082 0.00132465
0 0.416016 0.161426 0.128906 0.268555 0.00130463
0 0.421875 0.878125 0.0632813 0.109375 0.00129414
1 0.617188 0.0213135 0.128125 0.042627 0.00127888
0 0.339453 0.626953 0.0710938 0.0664062 0.00127411
1 0.472656 0.816406 0.139062 0.114063 0.00126457
1 0.410937 0.578125 0.0726563 0.234375 0.00125504
0 0.417285 0.10022 0.129492 0.0851074 0.00125504
1 0.465625 0.0689453 0.0703125 0.129297 0.00124454
0 0.225732 0.0928711 0.139941 0.116211 0.00123501
1 0.137402 0.498437 0.14082 0.257031 0.00123024
1 0.316602 0.582812 0.0585938 0.101562 0.00122547
1 0.268555 0.570312 0.105469 0.182812 0.0012207
1 0.24375 0.398535 0.133984 0.198242 0.00118828
0 0.207373 0.234766 0.161816 0.369531 0.00117874
0 0.465625 0.0689453 0.0703125 0.129297 0.00117874
1 0.664062 0.170703 0.0992187 0.150391 0.00117397
1 0.491016 0.80332 0.144531 0.143359 0.0011692
0 0.436328 0.10957 0.139844 0.212891 0.00116539
1 0.155078 0.310352 0.121094 0.184766 0.00116062
1 0.28125 0.35625 0.0679687 0.114844 0.00116062
1 0.0831055 0.748047 0.0705078 0.177344 0.00116062
0 0.402441 0.374902 0.0716797 0.0845703 0.00115585
0 0.750781 0.303906 0.217187 0.360938 0.00115108
1 0.254687 0.677344 0.1125 0.317187 0.00115108
1 0.32207 0.516797 0.0855469 0.146875 0.00114727
0 0.459766 0.0862305 0.18125 0.16543 0.0011425
0 0.581641 0.190625 0.117969 0.163281 0.00113773
1 0.341211 0.657812 0.0894531 0.164062 0.00113392
1 0.0466309 0.442969 0.0676758 0.1125 0.00112438
0 0.657812 0.120703 0.0765625 0.108203 0.00112438
0 0.0640625 0.632812 0.1125 0.30625 0.00112057
1 0.253516 0.758984 0.109375 0.272656 0.00111198
0 0.920313 0.346484 0.159375 0.541406 0.00110722
0 0.263281 0.539062 0.1375 0.233594 0.00109005
0 0.320703 0.757031 0.0578125 0.071875 0.00109005
0 0.469141 0.669922 0.161719 0.424219 0.00108147
1 0.750781 0.303906 0.217187 0.360938 0.00107288
0 0.64375 0.5 0.20625 0.332812 0.00107288
1 0.627344 0.132422 0.196875 0.198437 0.00106907
1 0.417285 0.10022 0.129492 0.0851074 0.00104809
0 0.155859 0.341016 0.117969 0.116406 0.00104809
0 0.813281 0.114746 0.142188 0.176367 0.645996
1 0.562598 0.620313 0.385742 0.510938 0.628906
0 0.672266 0.138379 0.1125 0.14043 0.563965
0 0.583594 0.213086 0.0921875 0.134375 0.352295
0 0.558691 0.621094 0.38418 0.507812 0.286865
0 0.154102 0.805469 0.105078 0.120312 0.277588
0 0.255859 0.596875 0.108984 0.114063 0.275146
0 0.324609 0.492188 0.108594 0.107813 0.20752
0 0.442187 0.0656738 0.117188 0.124512 0.206299
0 0.735937 0.0355957 0.110937 0.0711914 0.141724
0 0.354883 0.274609 0.162109 0.104687 0.134766
0 0.386328 0.275781 0.0890625 0.1125 0.124634
0 0.335938 0.65625 0.0890625 0.129688 0.115967
0 0.393359 0.391309 0.0992187 0.126758 0.101562
0 0.175977 0.225391 0.105078 0.121484 0.0974121
0 0.15293 0.527344 0.109766 0.120312 0.0943604
0 0.0900635 0.714844 0.0804199 0.0984375 0.0917358
0 0.759375 0.0322021 0.160938 0.0644043 0.0907593
0 0.304297 0.369336 0.0945313 0.116016 0.088501
0 0.221826 0.417285 0.106348 0.120117 0.081543
0 0.586719 0.0841797 0.09375 0.117188 0.069519
0 0.151855 0.35 0.111523 0.114063 0.0670776
0 0.11582 0.903125 0.173828 0.121875 0.0639648
0 0.169922 0.657812 0.0992187 0.13125 0.0607605
0 0.514844 0.132227 0.0859375 0.128516 0.0562439
0 0.55625 0.0896484 0.13125 0.125977 0.0541992
1 0.813281 0.114746 0.142188 0.176367 0.0467224
0 0.24668 0.734766 0.10625 0.124219 0.0419312
1 0.672266 0.138379 0.1125 0.14043 0.0332031
0 0.0879883 0.899219 0.10957 0.13125 0.0319824
1 0.254883 0.595312 0.109375 0.116406 0.0226288
1 0.689062 0.512109 0.6125 0.633594 0.0211182
0 0.367383 0.390625 0.151953 0.126563 0.0174408
1 0.583594 0.213086 0.0921875 0.134375 0.0173035
1 0.154102 0.805469 0.105078 0.120312 0.0171051
0 0.315234 0.269531 0.071875 0.0996094 0.0167847
0 0.210352 0.640625 0.187109 0.1625 0.0161591
0 0.923437 0.123438 0.09375 0.1625 0.0151291
1 0.442187 0.0656738 0.117188 0.124512 0.0137405
1 0.323438 0.492578 0.104687 0.114063 0.0129242
0 0.258398 0.408496 0.183203 0.14082 0.0124283
0 0.136328 0.348437 0.0808594 0.129688 0.0120087
1 0.335938 0.65625 0.0890625 0.129688 0.011734
1 0.304297 0.369336 0.0945313 0.116016 0.0110703
1 0.175977 0.225391 0.105078 0.121484 0.0106964
0 0.66875 0.163574 0.110937 0.187695 0.0100555
1 0.0900635 0.714844 0.0804199 0.0984375 0.00978088
1 0.735937 0.0355957 0.110937 0.0711914 0.00948334
1 0.386328 0.275781 0.0890625 0.1125 0.00894928
1 0.393359 0.391309 0.0992187 0.126758 0.00891876
0 0.828125 0.714063 0.06875 0.0859375 0.00874329
0 0.723437 0.0322266 0.084375 0.0644531 0.00861359
1 0.15293 0.527344 0.109766 0.120312 0.00857544
1 0.759375 0.0322021 0.160938 0.0644043 0.0085144
0 0.580469 0.0814453 0.0703125 0.108203 0.00754929
0 0.0898682 0.753125 0.0788574 0.185937 0.00706482
0 0.692969 0.522266 0.601562 0.603906 0.00669098
0 0.139453 0.800781 0.0664062 0.109375 0.0064621
1 0.220117 0.416309 0.101172 0.12207 0.00621796
1 0.354883 0.274609 0.162109 0.104687 0.00600433
1 0.169922 0.657812 0.0992187 0.13125 0.00598145
0 0.489453 0.9125 0.171094 0.071875 0.00572968
0 0.15498 0.813281 0.0755859 0.0875 0.00553513
1 0.5875 0.0831787 0.101562 0.112158 0.00530243
1 0.11582 0.903125 0.173828 0.121875 0.00526047
1 0.514844 0.132227 0.0859375 0.128516 0.0051384
1 0.55625 0.0896484 0.13125 0.125977 0.0050621
0 0.274609 0.537891 0.139062 0.200781 0.00498199
0 0.748047 0.0280273 0.122656 0.0560547 0.00482941
0 0.0660156 0.914844 0.0689453 0.09375 0.00443268
0 0.148828 0.90625 0.230859 0.120312 0.00438309
0 0.375 0.179297 0.14375 0.119531 0.00436401
0 0.820117 0.246484 0.137891 0.0925781 0.00408554
0 0.421875 0.283203 0.176563 0.117188 0.00400543
0 0.415625 0.857813 0.0671875 0.075 0.00391388
1 0.151855 0.35 0.111523 0.114063 0.00385475
0 0.707812 0.0343994 0.140625 0.0687988 0.00380898
0 0.610937 0.0765381 0.151562 0.137549 0.00362206
0 0.120337 0.688281 0.151514 0.140625 0.0036068
1 0.247461 0.733594 0.111719 0.126563 0.00359344
0 0.291406 0.370313 0.0703125 0.1 0.00353813
0 0.080835 0.622266 0.0547363 0.0921875 0.00351143
0 0.303125 0.492969 0.06875 0.0984375 0.00344276
0 0.707812 0.0345215 0.0625 0.069043 0.00340271
0 0.357617 0.864062 0.153516 0.175 0.00329781
0 0.316211 0.760156 0.0550781 0.0734375 0.00321007
0 0.368359 0.727344 0.0460938 0.09375 0.00317192
0 0.0649902 0.810156 0.0668945 0.0953125 0.00313568
0 0.564062 0.0753906 0.059375 0.0904297 0.003088
0 0.63125 0.0353027 0.2125 0.0661133 0.0030632
0 0.337109 0.86875 0.110156 0.165625 0.0029583
0 0.538672 0.128906 0.141406 0.160547 0.0029583
0 0.00319824 0.907422 0.00639648 0.185156 0.00294685
0 0.463281 0.283203 0.0953125 0.11875 0.00291252
0 0.0287842 0.748438 0.0575684 0.0859375 0.00291252
0 0.120117 0.822656 0.166016 0.15 0.00290108
0 0.366406 0.279687 0.0679687 0.0976562 0.00290108
0 0.26543 0.113184 0.0671875 0.0701172 0.00283432
0 0.652344 0.892187 0.0671875 0.078125 0.00281143
0 0.317578 0.490234 0.075 0.0859375 0.00271416
0 0.367578 0.236133 0.147656 0.192969 0.00266266
0 0.0477051 0.427344 0.0573242 0.071875 0.00255013
1 0.235107 0.410254 0.134473 0.132617 0.00253105
0 0.128516 0.35625 0.0691406 0.096875 0.00245285
0 0.255078 0.59375 0.0765625 0.084375 0.00242424
1 0.66875 0.163574 0.110937 0.187695 0.00233269
0 0.892969 0.164551 0.0515625 0.0869141 0.00230598
0 0.181299 0.41875 0.14834 0.132031 0.00225258
0 0.379687 0.270312 0.071875 0.0867188 0.00223351
0 0.0552734 0.81582 0.0458984 0.108984 0.00223351
0 0.307031 0.263086 0.0621094 0.0976562 0.00221634
0 0.187939 0.655469 0.141309 0.132812 0.00219917
1 0.136328 0.348437 0.0808594 0.129688 0.00217438
0 0.530469 0.905469 0.053125 0.0734375 0.00212479
1 0.210352 0.640625 0.187109 0.1625 0.00212479
0 0.12627 0.805469 0.0492188 0.107813 0.0019722
0 0.8625 0.12207 0.221875 0.180078 0.00195694
0 0.66875 0.871875 0.11875 0.128125 0.00194168
0 0.263281 0.105957 0.0804688 0.0892578 0.00192642
0 0.454688 0.292188 0.065625 0.096875 0.00188923
1 0.150977 0.90625 0.248047 0.123438 0.00188255
0 0.0718262 0.705078 0.050293 0.115625 0.00186729
0 0.316797 0.505469 0.0726563 0.0765625 0.00177479
0 0.306055 0.358984 0.0761719 0.0804688 0.00176144
0 0.620313 0.212842 0.164844 0.143066 0.00173378
0 0.737891 0.0241211 0.114844 0.0392578 0.0017271
0 0.308594 0.9125 0.0539063 0.090625 0.00171375
0 0.330273 0.678906 0.0730469 0.084375 0.00171375
0 0.0837891 0.705469 0.0703125 0.0882813 0.00171375
0 0.340625 0.486719 0.157031 0.125 0.00167465
0 0.0079834 0.830859 0.0159668 0.338281 0.00163555
0 0.846875 0.698438 0.096875 0.129688 0.0015974
0 0.316016 0.917188 0.06875 0.078125 0.00154877
0 0.642187 0.892187 0.059375 0.0890625 0.00152493
0 0.44375 0.9125 0.0734375 0.065625 0.0014782
1 0.367383 0.390625 0.151953 0.126563 0.0014782
0 0.163477 0.807031 0.0707031 0.0875 0.00147247
0 0.516016 0.154102 0.0703125 0.06875 0.00145531
0 0.064209 0.898438 0.065332 0.10625 0.00145531
0 0.00603027 0.86875 0.0120605 0.259375 0.00144958
0 0.840625 0.698047 0.071875 0.078125 0.00144386
0 0.314844 0.667188 0.0640625 0.10625 0.00143242
0 0.139551 0.820312 0.137305 0.1125 0.00142097
0 0.20332 0.410156 0.0691406 0.101562 0.00141048
0 0.239648 0.595703 0.0667969 0.0882813 0.00141048
0 0.314063 0.3125 0.0734375 0.204688 0.00140476
1 0.258398 0.408496 0.183203 0.14082 0.00139904
0 0.119727 0.355273 0.053125 0.106641 0.00138855
0 0.596094 0.14436 0.226562 0.162061 0.00137234
0 0.126563 0.522656 0.059375 0.103125 0.00136662
0 0.505078 0.145996 0.071875 0.0994141 0.00133038
0 0.577344 0.076001 0.0671875 0.0812012 0.00131512
0 0.103516 0.79043 0.111328 0.156641 0.00129986
0 0.0542969 0.592578 0.0560547 0.0828125 0.0012846
0 0.674609 0.0551758 0.1625 0.100586 0.00127888
0 0.642187 0.0256348 0.254687 0.0512695 0.00127411
0 0.378516 0.386328 0.0695312 0.0945313 0.00126934
0 0.339063 0.169336 0.0648438 0.0964844 0.00126934
0 0.311328 0.273438 0.0601562 0.078125 0.00126457
0 0.465625 0.282422 0.06875 0.0851562 0.00124931
0 0.0748047 0.817383 0.0865234 0.0964844 0.00123978
1 0.422656 0.640234 0.696875 0.519531 0.00123024
0 0.149609 0.503906 0.109375 0.157813 0.00119209
0 0.7375 0.0470215 0.103125 0.0362305 0.0011692
0 0.326172 0.470313 0.101562 0.0640625 0.00116062
0 0.346094 0.382422 0.190625 0.132031 0.00115108
0 0.00311279 0.885938 0.00622559 0.228125 0.00115108
0 0.944922 0.216455 0.110156 0.146777 0.00113392
0 0.0777588 0.915625 0.0683105 0.084375 0.00109005
0 0.285156 0.510547 0.166406 0.0851562 0.00109005
1 0.8625 0.12207 0.221875 0.180078 0.00108147
0 0.397656 0.192383 0.0804688 0.0601562 0.00108147
0 0.465527 0.0665039 0.19082 0.132422 0.00106525
1 0.923437 0.123438 0.09375 0.1625 0.00105286
0 0.152539 0.65625 0.0671875 0.096875 0.00104809
0 0.562891 0.200195 0.0570313 0.116016 0.00104427
0 0.187695 0.770703 0.162109 0.177344 0.00103188
0 0.358984 0.829687 0.0484375 0.096875 0.00103188
0 0.393359 0.382422 0.0789063 0.071875 0.00102425
1 0.0879883 0.899219 0.10957 0.13125 0.00101185
0 0.385547 0.992969 0.407031 0.0140625 0.00101185
0 0.678516 0.329102 0.478906 0.133984 0.00100803
0 0.178711 0.990234 0.357422 0.0195312 0.00100803
0 0.566309 0.622266 0.383008 0.517969 0.689453
0 0.813281 0.12002 0.142188 0.175586 0.581543
0 0.91875 0.122559 0.08125 0.170898 0.429199
0 0.439453 0.069043 0.126563 0.131836 0.268066
0 0.667969 0.145996 0.120312 0.149414 0.262939
0 0.578906 0.219971 0.090625 0.142871 0.245117
1 0.564941 0.626953 0.381055 0.536719 0.161377
0 0.176221 0.233203 0.106152 0.123047 0.145142
0 0.739844 0.0405762 0.129688 0.0790039 0.127197
1 0.813281 0.12002 0.142188 0.175586 0.120422
0 0.580469 0.0793945 0.0984375 0.125977 0.105225
0 0.939062 0.122656 0.1125 0.157813 0.0750122
0 0.725391 0.482031 0.549219 0.507031 0.0690308
0 0.329492 0.663281 0.0925781 0.13125 0.064209
0 0.212695 0.420215 0.0960938 0.133008 0.0621033
1 0.667969 0.145996 0.120312 0.149414 0.0605164
0 0.510938 0.139355 0.075 0.13418 0.0603027
1 0.91875 0.122559 0.08125 0.170898 0.0562439
1 0.439453 0.069043 0.126563 0.131836 0.0545959
0 0.147168 0.523438 0.118555 0.19375 0.0539856
0 0.163867 0.354688 0.141016 0.11875 0.0458679
1 0.580859 0.220508 0.0929687 0.146484 0.0389099
1 0.178174 0.236914 0.106152 0.129688 0.0387573
0 0.254297 0.611328 0.113281 0.138281 0.0298767
1 0.147168 0.523438 0.118555 0.19375 0.0254669
1 0.704297 0.519922 0.586719 0.549219 0.025177
1 0.212695 0.420215 0.0960938 0.133008 0.0227203
0 0.614844 0.070166 0.154687 0.138184 0.0224609
1 0.583594 0.0830078 0.1 0.125977 0.0191956
0 0.852344 0.44834 0.292188 0.467383 0.0190582
1 0.739844 0.0405762 0.129688 0.0790039 0.0184784
0 0.549609 0.108496 0.100781 0.202539 0.0184021
0 0.246875 0.78125 0.110156 0.240625 0.0172424
0 0.682031 0.0394043 0.29375 0.0737305 0.0160217
1 0.254297 0.611328 0.113281 0.138281 0.0156021
1 0.329492 0.663281 0.0925781 0.13125 0.0146713
0 0.3 0.381934 0.0984375 0.125195 0.0123825
1 0.939062 0.122656 0.1125 0.157813 0.0119629
0 0.689844 0.148047 0.0796875 0.151562 0.0118713
1 0.510156 0.13418 0.078125 0.148828 0.0118713
1 0.163867 0.354688 0.141016 0.11875 0.00941467
0 0.218701 0.44209 0.106348 0.170508 0.00878143
0 0.815625 0.0904297 0.13125 0.127344 0.00831604
0 0.676953 0.558984 0.638281 0.644531 0.00787354
0 0.614844 0.0421387 0.146875 0.0823242 0.00772476
0 0.301562 0.41875 0.0992187 0.210156 0.00728989
0 0.152441 0.809375 0.104883 0.114063 0.00717545
0 0.716016 0.0382935 0.183594 0.0741943 0.00706482
0 0.179492 0.254297 0.101953 0.176563 0.005867
0 0.304492 0.205078 0.152734 0.167187 0.0055542
1 0.549609 0.108496 0.100781 0.202539 0.0055542
1 0.244531 0.778125 0.113281 0.225 0.00534439
0 0.554688 0.0916016 0.135937 0.179297 0.00530243
0 0.317187 0.489062 0.113281 0.114063 0.00457382
0 0.353516 0.280859 0.157031 0.117188 0.00395966
1 0.300586 0.390625 0.0988281 0.147656 0.00367928
1 0.852344 0.44834 0.292188 0.467383 0.00356483
1 0.153711 0.810156 0.10625 0.115625 0.00353813
0 0.889844 0.398047 0.220313 0.353125 0.00329781
0 0.730469 0.131934 0.125 0.169727 0.00317192
1 0.776953 0.468359 0.446094 0.476562 0.00311089
1 0.304492 0.205078 0.152734 0.167187 0.00309944
1 0.614844 0.070166 0.154687 0.138184 0.00288963
0 0.210156 0.476465 0.0921875 0.245508 0.00257111
0 0.172461 0.400879 0.158203 0.170117 0.00251198
1 0.301562 0.41875 0.0992187 0.210156 0.0024147
1 0.218701 0.44209 0.106348 0.170508 0.00239754
0 0.647656 0.127759 0.148438 0.165576 0.00234222
0 0.313672 0.0751953 0.135937 0.145313 0.00226974
0 0.576563 0.711328 0.366406 0.438281 0.00225258
0 0.803906 0.158203 0.146875 0.277344 0.00222588
0 0.283008 0.0756104 0.110937 0.146436 0.00219154
0 0.445312 0.0939453 0.114063 0.164453 0.00216484
1 0.317187 0.489062 0.113281 0.114063 0.00214958
0 0.621484 0.175391 0.0867188 0.25 0.00197983
1 0.682031 0.0394043 0.29375 0.0737305 0.00192642
0 0.806445 0.245312 0.158984 0.102344 0.00191212
0 0.520703 0.0925781 0.105469 0.179688 0.00185299
1 0.816406 0.15918 0.159375 0.261719 0.00176811
1 0.614844 0.0421387 0.146875 0.0823242 0.00176811
1 0.353125 0.285547 0.158594 0.125 0.0017271
0 0.910937 0.355469 0.178125 0.271875 0.00172043
0 0.870313 0.120605 0.203125 0.186133 0.00159168
1 0.815625 0.0904297 0.13125 0.127344 0.00158501
0 0.270117 0.0829102 0.0785156 0.129102 0.00154305
0 0.935938 0.0820312 0.128125 0.0867188 0.00152493
0 0.180273 0.5125 0.065625 0.251563 0.00149536
1 0.554688 0.0916016 0.135937 0.179297 0.00143242
1 0.210156 0.476465 0.0921875 0.245508 0.00141048
0 0.353125 0.337109 0.152344 0.257031 0.00139427
0 0.839258 0.0520508 0.193359 0.0849609 0.00137806
0 0.320703 0.36875 0.08125 0.157813 0.00129986
0 0.319531 0.195312 0.117969 0.146875 0.00127411
0 0.544922 0.054834 0.165625 0.108301 0.00126457
1 0.716016 0.0382935 0.183594 0.0741943 0.00117874
0 0.894531 0.100684 0.114063 0.179102 0.0011425
0 0.496875 0.136328 0.0609375 0.15625 0.00110722
1 0.806445 0.245312 0.158984 0.102344 0.0011034
0 0.525 0.17168 0.104687 0.214062 0.00108147
1 0.870313 0.120605 0.203125 0.186133 0.00106907
0 0.0820557 0.766797 0.0897949 0.203906 0.00106049
1 0.0820557 0.766797 0.0897949 0.203906 0.00102425
0 0.561621 0.610547 0.375195 0.500781 0.905762
0 0.81582 0.112988 0.149609 0.183008 0.404541
0 0.667188 0.141895 0.110937 0.14043 0.389648
0 0.175439 0.219189 0.0905273 0.114746 0.27124
0 0.154199 0.804688 0.0923828 0.115625 0.117554
0 0.438281 0.0637207 0.10625 0.122168 0.105225
0 0.258984 0.596094 0.10625 0.117188 0.0646362
0 0.805469 0.243555 0.15 0.0972656 0.0637207
0 0.156348 0.346094 0.123633 0.119531 0.0549927
1 0.810938 0.111694 0.135937 0.168018 0.0516663
0 0.578906 0.210498 0.0773437 0.124316 0.0411377
0 0.925781 0.116797 0.09375 0.1625 0.0178528
0 0.536719 0.13125 0.126563 0.133594 0.0133286
1 0.562891 0.616016 0.378125 0.511719 0.0110321
0 0.730469 0.0366699 0.132812 0.0725586 0.0106964
1 0.667188 0.141797 0.104687 0.139062 0.01017
0 0.336328 0.659375 0.090625 0.128125 0.00841522
1 0.152637 0.801562 0.0908203 0.117188 0.00787354
1 0.258984 0.596094 0.10625 0.117188 0.00695801
0 0.320312 0.488281 0.1 0.114844 0.00626373
0 0.0904541 0.907812 0.106982 0.1125 0.00450516
1 0.805469 0.243555 0.15 0.0972656 0.0042305
1 0.438281 0.0637207 0.10625 0.122168 0.00421524
0 0.137207 0.81875 0.0568359 0.084375 0.00411606
1 0.174219 0.219922 0.0882813 0.113672 0.00397491
1 0.156348 0.346094 0.123633 0.119531 0.00355148
0 0.814062 0.201367 0.165625 0.177734 0.00344276
0 0.87168 0.400781 0.250391 0.348437 0.00322342
0 0.547266 0.786719 0.296875 0.175 0.00311089
0 0.593359 0.206836 0.0773437 0.119922 0.00284576
0 0.354297 0.267383 0.147656 0.115234 0.00282288
0 0.16748 0.233398 0.111133 0.142578 0.0026722
0 0.305859 0.368359 0.0921875 0.116406 0.00245285
0 0.837695 0.458984 0.305859 0.446094 0.00233269
0 0.837695 0.246094 0.215234 0.0960938 0.00220871
0 0.24375 0.732031 0.0996094 0.123438 0.0019722
0 0.838281 0.387109 0.304688 0.282813 0.00187492
0 0.0851807 0.719531 0.0753418 0.0765625 0.00182438
0 0.560938 0.726562 0.328125 0.28125 0.00167465
0 0.599219 0.317187 0.278125 0.0960938 0.0016489
1 0.925781 0.116797 0.09375 0.1625 0.00156689
0 0.129688 0.812695 0.0488281 0.0871094 0.00147247
0 0.571094 0.47334 0.34375 0.237695 0.00146675
1 0.578906 0.210498 0.0773437 0.124316 0.00141048
0 0.721875 0.0435425 0.0820312 0.0648682 0.00135612
0 0.867188 0.548437 0.257812 0.635938 0.00131512
0 0.144336 0.827344 0.075 0.0734375 0.00129986
0 0.0799805 0.717969 0.0603516 0.0921875 0.00121593
0 0.997656 0.303906 0.0046875 0.33125 0.0011425
1 0.16748 0.233398 0.111133 0.142578 0.00109005
0 0.80957 0.388672 0.365234 0.229687 0.00106525
0 0.561621 0.624121 0.39082 0.526758 0.850098
0 0.814062 0.112085 0.140625 0.175439 0.0900879
0 0.665625 0.144629 0.1125 0.142383 0.088501
0 0.170996 0.226953 0.100977 0.120703 0.0446777
0 0.849805 0.438281 0.297266 0.478906 0.0256653
0 0.33125 0.663281 0.0875 0.128125 0.0138474
1 0.564062 0.619434 0.385938 0.520508 0.0125275
0 0.150098 0.806445 0.0935547 0.115234 0.0123825
0 0.329883 0.701563 0.0917969 0.217187 0.00930023
0 0.578516 0.217627 0.0828125 0.134277 0.00891876
0 0.255078 0.609375 0.110156 0.128125 0.00796509
0 0.748438 0.440234 0.503125 0.491406 0.0078125
0 0.185937 0.0817383 0.225781 0.154102 0.00638962
0 0.151758 0.829687 0.114063 0.0640625 0.00577545
0 0.157129 0.820312 0.118555 0.0859375 0.00369263
1 0.814062 0.112085 0.140625 0.175439 0.00322342
0 0.189453 0.226221 0.0820312 0.122559 0.00316048
0 0.4375 0.0834961 0.114844 0.157227 0.0020504
0 0.143164 0.821875 0.0675781 0.078125 0.00203514
0 0.0848633 0.71875 0.0820312 0.0953125 0.00197983
0 0.892187 0.185937 0.05 0.04375 0.00160408
1 0.665625 0.144629 0.1125 0.142383 0.00149536
0 0.148633 0.35 0.112891 0.125781 0.00146675
0 0.135449 0.819531 0.0529297 0.101562 0.00141048
0 0.864844 0.392578 0.265625 0.374219 0.00123024
0 0.7875 0.239063 0.164062 0.10625 0.0012064
0 0.496875 0.914062 0.110937 0.065625 0.0011158
0 0.301367 0.279687 0.0441406 0.135156 0.00109482
0 0.134766 0.382422 0.090625 0.0554687 0.00108147
0 1 0.35293 0 0.216797 0.00107765
0 0.997656 0.349219 0.0046875 0.330469 0.00103664
0 0.829687 0.725781 0.06875 0.06875 0.00102043
0 0.5625 0.615723 0.3875 0.513867 0.645996
1 0.566016 0.613281 0.389844 0.504687 0.317383
0 0.814844 0.114624 0.15625 0.173877 0.0761108
0 0.156348 0.81875 0.0951172 0.090625 0.0453491
0 0.136328 0.817969 0.0597656 0.0921875 0.0306702
0 0.807813 0.246484 0.151562 0.0992187 0.01297
0 0.735937 0.0390137 0.120312 0.0749023 0.0119629
0 0.146875 0.828125 0.0859375 0.06875 0.0112
0 0.839063 0.436719 0.321875 0.43125 0.00881195
0 0.829687 0.124219 0.182812 0.217969 0.00821686
0 0.134375 0.805469 0.0515625 0.0984375 0.00643921
0 0.0898682 0.713281 0.0808105 0.0984375 0.00431442
1 0.156348 0.81875 0.0951172 0.090625 0.00365067
0 0.1375 0.83125 0.0539063 0.0625 0.0030632
1 0.814844 0.114624 0.15625 0.173877 0.00302696
0 0.120898 0.815625 0.0335938 0.1125 0.00282288
0 0.147266 0.8375 0.121484 0.05 0.00255013
0 0.877344 0.377734 0.245312 0.321875 0.00252151
1 0.133398 0.815625 0.0523437 0.096875 0.0019722
1 0.839063 0.436719 0.321875 0.43125 0.00187492
0 0.188086 0.228125 0.119531 0.110547 0.00145531
0 0.8375 0.717188 0.08125 0.084375 0.00139427
0 0.826367 0.245703 0.122266 0.0800781 0.0012846
1 0.841406 0.112402 0.209375 0.19668 0.0012207
0 0.14375 0.353711 0.100391 0.112109 0.00112915
0 0.852344 0.107129 0.2375 0.195117 0.0011158
0 0.728125 0.444141 0.54375 0.421094 0.00107765
0 0.857813 0.474219 0.271875 0.354688 0.00100803
0 0.567285 0.616797 0.387305 0.513281 0.853027
0 0.814258 0.115723 0.146484 0.18418 0.452393
0 0.669531 0.146094 0.109375 0.142969 0.122925
0 0.582031 0.214062 0.0890625 0.136719 0.0817871
0 0.439844 0.0668945 0.117969 0.125 0.0665894
1 0.562402 0.617578 0.376758 0.513281 0.0418396
0 0.17793 0.227783 0.0996094 0.106934 0.035675
0 0.733594 0.0392578 0.114063 0.0765625 0.0340881
0 0.805469 0.25 0.146875 0.0945313 0.029541
0 0.865625 0.366211 0.2625 0.291016 0.0283356
0 0.517969 0.13064 0.084375 0.130908 0.024704
0 0.144824 0.355664 0.0994141 0.111328 0.0228882
0 0.739844 0.0380859 0.210938 0.0761719 0.0227966
0 0.720312 0.385059 0.223438 0.220508 0.0190582
0 0.138379 0.820312 0.0691406 0.0859375 0.0185394
0 0.919141 0.360156 0.161719 0.276563 0.0136337
0 0.676953 0.0389648 0.241406 0.0779297 0.0126724
1 0.814258 0.115723 0.146484 0.18418 0.0123367
0 0.568359 0.0853516 0.11875 0.10625 0.0115051
0 0.821094 0.397656 0.357812 0.338281 0.0108566
0 0.193555 0.0810303 0.208203 0.160596 0.0107803
0 0.9125 0.126172 0.075 0.167969 0.0085144
0 0.337061 0.0583984 0.38291 0.116797 0.00841522
0 0.738672 0.398438 0.522656 0.328125 0.00740433
0 0.926562 0.385938 0.146875 0.39375 0.005867
0 0.748438 0.370313 0.501562 0.20625 0.00577545
0 0.676465 0.946875 0.64707 0.10625 0.00547028
0 0.257422 0.605078 0.110937 0.119531 0.00460815
0 0.932031 0.13252 0.110937 0.205273 0.00443268
0 0.81543 0.147949 0.159766 0.246289 0.00439835
0 0.808594 0.247656 0.235938 0.0984375 0.0041008
1 0.667969 0.146484 0.114063 0.148438 0.00403976
0 0.0863525 0.719531 0.0776855 0.0953125 0.00374985
0 0.139453 0.801367 0.0667969 0.0878906 0.00367928
0 0.266602 0.113574 0.0617188 0.0767578 0.00341606
0 0.775781 0.258203 0.321875 0.104687 0.00335121
1 0.580469 0.214502 0.090625 0.136621 0.00335121
0 0.553906 0.115625 0.148438 0.15 0.00323486
1 0.676465 0.946875 0.64707 0.10625 0.003088
0 0.154102 0.80918 0.0933594 0.109766 0.00302696
1 0.175977 0.228516 0.100391 0.105469 0.00286674
1 0.134375 0.8125 0.0601562 0.0875 0.00263214
1 0.517969 0.13064 0.084375 0.130908 0.00260162
0 0.149316 0.83125 0.0955078 0.065625 0.00255013
1 0.337061 0.0583984 0.38291 0.116797 0.00232315
1 0.9125 0.126172 0.075 0.167969 0.00229645
0 0.851562 0.420703 0.296875 0.425 0.00226974
0 0.720312 0.359766 0.440625 0.15625 0.00226974
1 0.144824 0.355664 0.0994141 0.111328 0.00219917
0 0.748047 0.161426 0.328906 0.174023 0.00208282
0 0.680469 0.136426 0.221875 0.164258 0.00198746
1 0.748438 0.370313 0.501562 0.20625 0.00198746
0 0.780859 0.405469 0.438281 0.41875 0.00187492
1 0.440625 0.0689453 0.114063 0.132422 0.00186729
0 0.167871 0.22793 0.113477 0.130078 0.00186729
0 0.866406 0.126587 0.246875 0.197998 0.00184631
1 0.805469 0.25 0.146875 0.0945313 0.00176811
0 0.87832 0.468359 0.243359 0.55 0.00174141
0 0.831055 0.0735352 0.144141 0.0857422 0.0017004
0 0.12229 0.236279 0.19917 0.202441 0.00162315
0 0.822656 0.246484 0.1 0.0851562 0.00161076
0 0.685938 0.368359 0.3 0.178906 0.00156689
0 0.705469 0.95625 0.589063 0.0875 0.00155449
0 0.761719 0.404785 0.148438 0.256055 0.00152493
0 0.730078 0.0455078 0.157031 0.0689453 0.00152493
1 0.154102 0.80918 0.0933594 0.109766 0.00145531
0 0.64375 0.140063 0.210156 0.172217 0.00142097
0 0.772656 0.271875 0.404687 0.121094 0.00141048
0 0.720312 0.0375977 0.196875 0.0751953 0.00137806
0 0.170703 0.0836914 0.282422 0.167383 0.00135612
1 0.139453 0.801367 0.0667969 0.0878906 0.00134563
1 0.568359 0.0853516 0.11875 0.10625 0.00128937
0 0.132812 0.8125 0.0605469 0.0734375 0.00127888
1 0.738672 0.398438 0.522656 0.328125 0.00125504
1 0.676953 0.0389648 0.241406 0.0779297 0.00123978
0 0.763281 0.342187 0.45625 0.1875 0.00121593
1 0.739844 0.0380859 0.210938 0.0761719 0.0012064
0 0.623047 0.0400391 0.361719 0.0800781 0.0012064
1 0.259375 0.60625 0.110156 0.115625 0.00112915
1 0.705469 0.95625 0.589063 0.0875 0.00109482
0 0.515625 0.123999 0.075 0.100049 0.00105667
0 0.862695 0.95625 0.271484 0.084375 0.00102425
1 0.865625 0.366211 0.2625 0.291016 0.00102425
0 0.562891 0.616016 0.383594 0.521094 0.851074
0 0.810938 0.115625 0.15 0.181641 0.575684
0 0.667969 0.143555 0.117188 0.147656 0.341553
0 0.177734 0.225049 0.104687 0.116309 0.199951
0 0.439844 0.0680664 0.11875 0.129492 0.193726
0 0.58125 0.215625 0.0921875 0.139453 0.147583
0 0.732813 0.0400269 0.117188 0.0763916 0.0963745
0 0.146289 0.350781 0.105078 0.122656 0.0572815
0 0.810156 0.24082 0.15625 0.107422 0.0462036
0 0.723437 0.378516 0.226562 0.202344 0.0239563
1 0.563184 0.616016 0.389258 0.524219 0.0125275
0 0.923437 0.124194 0.09375 0.167627 0.012146
1 0.670313 0.142676 0.115625 0.14668 0.0115967
1 0.810938 0.115625 0.15 0.181641 0.0110703
0 0.71875 0.0424805 0.1125 0.0849609 0.0091629
0 0.155273 0.808594 0.0976562 0.1125 0.0085144
0 0.7625 0.0433105 0.154687 0.0866211 0.00701141
0 0.136719 0.811719 0.0640625 0.103125 0.00579834
1 0.155273 0.808594 0.0976562 0.1125 0.00468063
0 0.256641 0.602344 0.110547 0.126563 0.00446701
0 0.333203 0.660937 0.0921875 0.129688 0.00413513
1 0.581641 0.214404 0.0898438 0.13916 0.00363541
0 0.671875 0.00351562 0.354688 0.00703125 0.00359344
1 0.439844 0.0680664 0.11875 0.129492 0.00337601
1 0.177539 0.226172 0.10625 0.111328 0.00271416
0 0.513672 0.1375 0.08125 0.129688 0.00245285
1 0.804688 0.240625 0.148438 0.10625 0.00243378
0 0.0862305 0.713672 0.0751953 0.107813 0.00209999
0 0.148828 0.820312 0.0847656 0.084375 0.00187492
0 0.676562 0.352734 0.304688 0.159375 0.0018034
0 0.744531 0.00706787 0.364062 0.0141357 0.00175476
0 0.78418 0.0050293 0.216016 0.0100586 0.00154305
0 0.720703 0.00527344 0.214844 0.0105469 0.00150681
0 0.739062 0.0408691 0.129688 0.0817383 0.00148392
1 0.727344 0.0398926 0.101562 0.0795898 0.00137806
1 0.136719 0.811719 0.0640625 0.103125 0.00134563
0 0.672656 0.00369873 0.214062 0.00739746 0.0012064
1 0.146289 0.350781 0.105078 0.122656 0.00120163
0 0.892187 0.361914 0.209375 0.279297 0.00110722
1 0.256641 0.602344 0.110547 0.126563 0.00109482
0 0.562402 0.612891 0.379883 0.508594 0.848145
0 0.8125 0.113477 0.146875 0.178516 0.152588
0 0.735156 0.0414063 0.115625 0.0761719 0.107788
0 0.441797 0.0672852 0.121875 0.123047 0.0483093
0 0.178516 0.22793 0.1 0.107422 0.036499
1 0.815625 0.114844 0.142188 0.175781 0.0248871
0 0.66875 0.144629 0.115625 0.14668 0.0243378
0 0.146875 0.351953 0.105859 0.114844 0.0187683
0 0.69375 0.364062 0.282813 0.185937 0.012825
1 0.560547 0.612891 0.38125 0.510156 0.00945282
0 0.133789 0.817969 0.0589844 0.0890625 0.00714874
0 0.80625 0.240625 0.148438 0.114063 0.00698471
0 0.673828 0.344922 0.303906 0.140625 0.00698471
0 0.582812 0.213477 0.090625 0.131641 0.00486755
0 0.719531 0.0434082 0.0898438 0.0698242 0.00469971
0 0.758203 0.377441 0.169531 0.198242 0.00301552
0 0.723437 0.429004 0.546875 0.395117 0.00279999
0 0.932031 0.122168 0.110937 0.163086 0.00261116
0 0.086499 0.717969 0.0809082 0.0953125 0.00253105
1 0.726172 0.0450684 0.102344 0.0661133 0.00246239
0 0.925 0.376953 0.145313 0.333594 0.00235939
0 0.698047 0.00493164 0.403906 0.00986328 0.00226974
0 0.731641 0.380859 0.521094 0.236719 0.00206757
0 0.883594 0.407715 0.225 0.37832 0.00191879
1 0.133789 0.817969 0.0589844 0.0890625 0.00187492
1 0.66875 0.142993 0.114844 0.143701 0.00186729
0 0.146289 0.83125 0.0824219 0.0625 0.00161076
0 0.899219 0.367773 0.192188 0.304297 0.00153065
1 0.178516 0.225586 0.101172 0.107813 0.00138283
0 0.760938 0.0419922 0.154687 0.0839844 0.00131989
0 0.676562 0.00098877 0.196875 0.00197754 0.00120163
0 0.627734 0.036084 0.114063 0.065918 0.0011692
1 0.442187 0.0676758 0.11875 0.124805 0.00116539
1 0.932031 0.122168 0.110937 0.163086 0.00103188
0 0.151367 0.808594 0.0847656 0.115625 0.00102425
0 0.828125 0.0953125 0.114063 0.138867 0.00101662
0 0.560156 0.6125 0.378125 0.515625 0.89209
0 0.80957 0.112085 0.143359 0.183643 0.221313
0 0.175586 0.22417 0.1 0.115723 0.0605164
0 0.692969 0.365234 0.278125 0.188281 0.0212097
0 0.910937 0.375 0.173438 0.328125 0.0193481
1 0.80918 0.111621 0.141016 0.177539 0.0190582
0 0.890625 0.403516 0.203125 0.366406 0.0175781
0 0.719531 0.373828 0.20625 0.196094 0.016922
0 0.143164 0.351172 0.108984 0.121094 0.0148392
0 0.728906 0.0393677 0.104687 0.07771 0.0124817
0 0.88418 0.469141 0.219141 0.533594 0.0115509
0 0.660547 0.140234 0.123438 0.151953 0.01017
0 0.438672 0.0661621 0.117969 0.125879 0.00898743
1 0.564844 0.616406 0.379687 0.520312 0.00837708
0 0.757812 0.384277 0.142188 0.208008 0.00609589
0 0.132227 0.814844 0.0589844 0.0984375 0.00352478
0 0.921094 0.120605 0.103125 0.171289 0.00317192
0 0.0834229 0.717188 0.0753418 0.104687 0.00292397
0 0.803125 0.239063 0.14375 0.113281 0.00247192
0 0.821094 0.439844 0.345313 0.410937 0.00235939
1 0.175586 0.22417 0.1 0.115723 0.0015192
1 0.890625 0.403516 0.203125 0.366406 0.00150108
1 0.910937 0.375 0.173438 0.328125 0.00136185
1 0.901563 0.446484 0.19375 0.489844 0.00131989
0 0.739844 0.417188 0.41875 0.327344 0.00118828
0 0.68125 0.00330811 0.307813 0.00661621 0.00109863
1 0.921094 0.120605 0.103125 0.171289 0.00102043
0 0.85918 0.50459 0.262891 0.645508 0.00101662
0 0.560156 0.6125 0.378125 0.515625 0.89209
0 0.810156 0.112085 0.142188 0.183643 0.227417
0 0.175586 0.22417 0.1 0.115723 0.0614319
0 0.692969 0.365234 0.278125 0.188281 0.0214539
0 0.910937 0.374805 0.173438 0.327734 0.0195618
1 0.80918 0.111621 0.141016 0.177539 0.0191956
0 0.891406 0.403125 0.203125 0.365625 0.0177155
0 0.719531 0.373828 0.20625 0.196094 0.0171051
0 0.143164 0.351172 0.108984 0.121094 0.0154266
0 0.728906 0.0393555 0.104687 0.0777344 0.012825
0 0.884375 0.468359 0.21875 0.53125 0.0115967
0 0.660937 0.140332 0.123438 0.151758 0.0104904
0 0.438672 0.0661621 0.117969 0.125879 0.00919342
1 0.564844 0.616406 0.379687 0.520312 0.00844574
0 0.758203 0.384375 0.142969 0.208594 0.00619125
0 0.132227 0.814844 0.0587891 0.0984375 0.00356483
0 0.921094 0.120679 0.103125 0.171143 0.00327301
0 0.0834961 0.717188 0.0751953 0.104687 0.00300407
0 0.803125 0.238867 0.14375 0.113672 0.00253105
0 0.821094 0.43916 0.345313 0.40918 0.00235939
1 0.175586 0.22417 0.1 0.115723 0.00152493
1 0.891406 0.403125 0.203125 0.365625 0.00151253
1 0.910937 0.374805 0.173438 0.327734 0.00136662
1 0.901563 0.445703 0.19375 0.488281 0.00133038
0 0.739453 0.416797 0.416406 0.326562 0.00120163
0 0.681641 0.00330811 0.307031 0.00661621 0.00112915
1 0.921094 0.120679 0.103125 0.171143 0.00104809
0 0.860156 0.504297 0.2625 0.644531 0.00102043
