0 0.573047 0.463672 0.788281 0.903906 0.733887
1 0.55 0.471484 0.85625 0.891406 0.0520325
0 0.477441 0.505469 0.57168 0.842188 0.0214081
0 0.6625 0.515723 0.6375 0.79668 0.0195312
0 0.367578 0.247998 0.1 0.340723 0.0165253
1 0.367578 0.247998 0.1 0.340723 0.0156708
0 0.363867 0.266064 0.130859 0.320215 0.0116882
1 0.363867 0.266064 0.130859 0.320215 0.0108185
0 0.358398 0.516016 0.450391 0.810156 0.0055542
1 0.477441 0.505469 0.57168 0.842188 0.00353813
0 0.535937 0.528809 0.359375 0.758008 0.00335121
0 0.362891 0.362695 0.113281 0.118359 0.00314713
1 0.362891 0.362695 0.113281 0.118359 0.00265312
1 0.662891 0.507031 0.639844 0.821875 0.00232315
1 0.358398 0.516016 0.450391 0.810156 0.00229645
0 0.491406 0.80332 0.965625 0.393359 0.00205803
0 0.382129 0.222314 0.0607422 0.386621 0.00198746
1 0.382129 0.222314 0.0607422 0.386621 0.00176811
0 0.475879 0.538672 0.29668 0.732031 0.00134563
1 0.510156 0.799609 0.920313 0.400781 0.00109005
0 0.642187 0.475781 0.6625 0.895312 0.570801
1 0.632715 0.474219 0.687695 0.895312 0.353027
0 0.536328 0.466406 0.521094 0.884375 0.0561218
1 0.490625 0.469922 0.373437 0.888281 0.024231
0 0.196094 0.494531 0.392188 0.954687 0.0120544
0 0.514746 0.464063 0.301758 0.898438 0.0107346
1 0.196094 0.494531 0.392188 0.954687 0.00595856
0 0.189844 0.497656 0.379687 0.960938 0.00402451
0 0.371094 0.48125 0.449219 0.9125 0.00397491
1 0.314844 0.491406 0.629687 0.935938 0.00313568
0 0.517187 0.149414 0.335156 0.298828 0.00293541
0 0.314844 0.491406 0.629687 0.935938 0.00275803
0 0.536621 0.208643 0.37832 0.395215 0.00274658
1 0.371094 0.48125 0.449219 0.9125 0.00258064
1 0.517187 0.149414 0.335156 0.298828 0.00226974
0 0.424609 0.469531 0.197656 0.904688 0.00226021
1 0.424609 0.469531 0.197656 0.904688 0.00200272
0 0.607031 0.143457 0.520312 0.286914 0.00197983
1 0.536621 0.208643 0.37832 0.395215 0.0018034
1 0.189844 0.497656 0.379687 0.960938 0.00176144
1 0.648438 0.124316 0.598437 0.24707 0.00162888
0 0.635938 0.216016 0.58125 0.414844 0.00131512
0 0.0052002 0.063623 0.0104004 0.127246 0.00122547
0 0.00430908 0.908594 0.00861816 0.182812 0.00113392
1 0.657031 0.225 0.625 0.444531 0.00112057
0 0.689062 0.470313 0.59375 0.90625 0.833984
0 0.650391 0.256641 0.619531 0.508594 0.0461121
0 0.392188 0.499609 0.08125 0.382031 0.0437012
1 0.689062 0.470313 0.59375 0.90625 0.0408325
0 0.397266 0.499609 0.0835937 0.286719 0.0160217
1 0.392188 0.499609 0.08125 0.382031 0.0120544
0 0.0367676 0.618359 0.0735352 0.461719 0.0086441
0 0.396777 0.429785 0.0845703 0.341992 0.00538635
0 0.55625 0.143164 0.421875 0.274609 0.00527954
0 0.0388184 0.70625 0.0776367 0.44375 0.00468063
0 0.0334473 0.547266 0.0668945 0.446094 0.00408554
0 0.496094 0.134668 0.314844 0.257227 0.00390053
0 0.0515137 0.856445 0.103027 0.287109 0.00337601
1 0.0374023 0.645703 0.0748047 0.461719 0.00314713
1 0.0515137 0.856445 0.103027 0.287109 0.00300407
0 0.0317383 0.474219 0.0634766 0.425 0.00288963
1 0.397266 0.499609 0.0835937 0.286719 0.00247192
0 0.0423828 0.689453 0.0847656 0.322656 0.00233269
0 0.0144531 0.71875 0.0289063 0.5625 0.00221634
0 0.393652 0.567187 0.0751953 0.397656 0.00198746
0 0.0471802 0.744922 0.0878662 0.510156 0.00194931
0 0.410547 0.268555 0.133594 0.267578 0.0016613
1 0.0144531 0.71875 0.0289063 0.5625 0.0016489
0 0.0147461 0.637402 0.0294922 0.725195 0.00141048
0 0.0249268 0.410156 0.0498535 0.501562 0.00138855
1 0.0341309 0.569922 0.0682617 0.455469 0.00138283
0 0.587109 0.207373 0.477344 0.397754 0.00138283
1 0.0396484 0.731641 0.0792969 0.446094 0.00128937
0 0.0132324 0.36582 0.0264648 0.658984 0.00121117
0 0.0150879 0.495703 0.0301758 0.813281 0.00116062
1 0.393652 0.567187 0.0751953 0.397656 0.00115108
0 0.632812 0.664453 0.479688 0.497656 0.0011158
1 0.650391 0.256641 0.619531 0.508594 0.00108624
0 0.673437 0.108691 0.625 0.212305 0.00108147
0 0.653516 0.35 0.674219 0.697656 0.00108147
0 0.020752 0.807031 0.0415039 0.385938 0.00107288
1 0.396777 0.429785 0.0845703 0.341992 0.00103188
1 0.0249268 0.410156 0.0498535 0.501562 0.00100803
1 0.0532715 0.759375 0.0930664 0.48125 0.00100422
0 0.671191 0.466406 0.61543 0.898438 0.922363
1 0.669629 0.46875 0.62793 0.8875 0.0183411
0 0.659473 0.262305 0.638867 0.509766 0.0127258
0 0.609473 0.114648 0.52168 0.227734 0.00293541
0 0.648828 0.163281 0.608594 0.323438 0.00193405
0 0.995703 0.197607 0.00859375 0.381348 0.00191212
0 0.532129 0.114258 0.374805 0.225391 0.00155449
0 0.683594 0.467187 0.632812 0.90625 0.910645
1 0.689844 0.469531 0.620313 0.90625 0.00769424
0 0.859375 0.469531 0.271875 0.901563 0.00223351
0 0.662109 0.239258 0.644531 0.478516 0.0014267
0 0.319922 0.355469 0.028125 0.119531 0.00141048
0 0.695312 0.667578 0.589063 0.496094 0.00118828
0 0.680469 0.46875 0.639063 0.907812 0.880371
1 0.665723 0.467578 0.668555 0.905469 0.0324707
0 0.319531 0.339453 0.034375 0.09375 0.00288963
0 0.332812 0.342187 0.0523437 0.090625 0.00186729
0 0.0334717 0.507812 0.0669434 0.921875 0.00176811
0 0.67002 0.26875 0.659961 0.534375 0.00166798
1 0.0334717 0.507812 0.0669434 0.921875 0.00156116
0 0.691406 0.683984 0.614062 0.463281 0.00131989
0 0.671973 0.46875 0.649805 0.903125 0.89209
0 0.663672 0.253906 0.653906 0.504687 0.0293121
1 0.662109 0.469922 0.653906 0.903906 0.0110703
0 0.327539 0.342969 0.0515625 0.084375 0.00366402
0 0.0630371 0.835547 0.118848 0.328906 0.00243378
1 0.0630371 0.835547 0.118848 0.328906 0.00186062
1 0.0363525 0.555078 0.0727051 0.811719 0.00171375
0 0.568848 0.244531 0.45918 0.478906 0.00132465
0 0.0363525 0.555078 0.0727051 0.811719 0.00129414
0 0.858203 0.959375 0.283594 0.08125 0.0012846
0 0.677246 0.0618164 0.617383 0.123633 0.00117874
1 0.327539 0.342969 0.0515625 0.084375 0.00104809
0 0.685938 0.469922 0.628125 0.902344 0.891602
1 0.673828 0.466016 0.652344 0.892969 0.0292053
1 0.348437 0.357422 0.09375 0.117188 0.00643921
1 0.333203 0.357812 0.0664062 0.113281 0.00213242
0 0.355078 0.350586 0.103906 0.107422 0.00206757
0 0.32793 0.337891 0.0488281 0.0992187 0.00106525
0 0.682031 0.469141 0.635938 0.899219 0.909668
1 0.685547 0.467969 0.628906 0.901563 0.00510025
0 0.326172 0.339648 0.04375 0.0816406 0.00460815
1 0.351562 0.354688 0.0953125 0.102344 0.00192642
1 0.334766 0.355859 0.0726563 0.100781 0.00125504
0 0.685156 0.473047 0.629687 0.897656 0.930176
1 0.682813 0.469531 0.634375 0.898438 0.00302696
0 0.666406 0.230078 0.654688 0.457031 0.00112438
0 0.684863 0.473047 0.630273 0.897656 0.930664
1 0.682813 0.469531 0.634375 0.898438 0.00304031
0 0.666406 0.230078 0.654688 0.457031 0.00112438
