1 0.525098 0.494922 0.799805 0.894531 0.625977
0 0.519531 0.510547 0.8 0.902344 0.338867
0 0.719922 0.419531 0.400781 0.789062 0.0153046
0 0.528906 0.642578 0.798437 0.680469 0.0130692
0 0.658594 0.515234 0.534375 0.875781 0.00959778
1 0.719922 0.419531 0.400781 0.789062 0.00677109
0 0.742188 0.357812 0.292188 0.647656 0.00547028
0 0.365625 0.658594 0.380469 0.640625 0.00452042
1 0.528906 0.642578 0.798437 0.680469 0.00400543
0 0.766406 0.496875 0.33125 0.89375 0.00333786
0 0.710156 0.218701 0.229687 0.382129 0.00331116
0 0.287891 0.620703 0.251563 0.678906 0.0026207
1 0.658594 0.515234 0.534375 0.875781 0.00247192
1 0.742188 0.357812 0.292188 0.647656 0.00209045
0 0.260547 0.477734 0.241406 0.713281 0.00208282
0 0.760938 0.0694336 0.151562 0.12168 0.00176811
0 0.329248 0.20625 0.32041 0.345313 0.00174809
0 0.753125 0.271094 0.284375 0.467187 0.00168705
0 0.55166 0.375684 0.743555 0.71582 0.0016489
0 0.251758 0.671094 0.178906 0.557813 0.00145531
1 0.785937 0.0884766 0.1125 0.152734 0.00143242
1 0.760938 0.0694336 0.151562 0.12168 0.00133038
1 0.710156 0.218701 0.229687 0.382129 0.00130939
0 0.747266 0.0709961 0.192969 0.141992 0.00129414
1 0.766406 0.496875 0.33125 0.89375 0.00126457
1 0.55166 0.375684 0.743555 0.71582 0.00123024
0 0.354297 0.488672 0.435937 0.866406 0.0011158
1 0.365625 0.658594 0.380469 0.640625 0.00108147
0 0.6625 0.195508 0.304688 0.358984 0.00105667
1 0.282422 0.583691 0.263281 0.743555 0.00103664
0 0.951563 0.625391 0.096875 0.667969 0.00101662
1 0.526563 0.507422 0.8 0.971094 0.897461
0 0.525879 0.5 0.79668 0.93125 0.00481033
1 0.177539 0.505469 0.151172 0.964063 0.00392914
1 0.107324 0.503906 0.214648 0.967188 0.00287819
1 0.212061 0.495313 0.140723 0.940625 0.00128937
1 0.522266 0.509375 0.824219 0.971875 0.928711
0 0.523047 0.510156 0.800781 0.959375 0.0042305
1 0.295117 0.333984 0.590234 0.667969 0.00374985
1 0.550098 0.330664 0.76543 0.623047 0.00133514
0 0.295117 0.333984 0.590234 0.667969 0.0012064
1 0.532031 0.507812 0.803125 0.957812 0.893066
0 0.536816 0.507031 0.788867 0.975 0.00582123
1 0.524609 0.242969 0.794531 0.442187 0.00434875
1 0.527344 0.510938 0.795313 0.934375 0.881836
0 0.552734 0.514063 0.758594 0.921875 0.0213623
0 0.908594 0.734375 0.182812 0.520312 0.00192642
0 0.875195 0.750391 0.246484 0.489844 0.00123978
1 0.540234 0.509375 0.805469 0.965625 0.916504
0 0.540234 0.509375 0.805469 0.965625 0.00894928
1 0.532031 0.504297 0.795313 0.978906 0.868164
1 0.530859 0.326758 0.791406 0.620703 0.00631332
1 0.722656 0.502344 0.425 0.954687 0.00363541
1 0.281055 0.511328 0.277734 0.936719 0.00250244
1 0.373437 0.507812 0.459375 0.959375 0.00106907
1 0.529688 0.511719 0.801562 0.976562 0.905762
0 0.536816 0.504687 0.79043 0.96875 0.00432968
1 0.283936 0.542969 0.275879 0.871875 0.00146675
1 0.535547 0.495313 0.782031 0.945312 0.890137
0 0.533203 0.502344 0.789844 0.957812 0.0194244
1 0.532422 0.498437 0.800781 0.939062 0.890137
0 0.532422 0.498437 0.800781 0.939062 0.00201988
1 0.532422 0.498437 0.800781 0.939062 0.890137
0 0.532422 0.498437 0.800781 0.939062 0.00202751
