0 0.492969 0.480469 0.567187 0.871875 0.643555
1 0.492969 0.482031 0.573438 0.873438 0.271973
0 0.426953 0.573828 0.410937 0.713281 0.0272217
0 0.343359 0.479688 0.255469 0.879687 0.0268555
0 0.716406 0.492578 0.132812 0.846094 0.0181274
0 0.952344 0.494531 0.0953125 0.892187 0.0158386
1 0.716406 0.492578 0.132812 0.846094 0.00857544
0 0.497656 0.616504 0.538281 0.635742 0.00717545
0 0.7 0.555469 0.170312 0.673437 0.00579834
0 0.059375 0.453125 0.108203 0.90625 0.00390053
0 0.73125 0.397266 0.107813 0.482031 0.00329781
1 0.952344 0.494531 0.0953125 0.892187 0.00328636
0 0.952344 0.632812 0.0953125 0.732813 0.0030632
1 0.717969 0.423047 0.134375 0.494531 0.00283432
0 0.710156 0.453906 0.151562 0.504687 0.0027256
0 0.93125 0.482812 0.1375 0.853125 0.00254059
0 0.302539 0.489844 0.178516 0.878125 0.00164223
1 0.691406 0.558496 0.178125 0.69707 0.00156116
0 0.736719 0.473437 0.103125 0.798437 0.00150108
1 0.735156 0.378906 0.1 0.496875 0.00131989
0 0.953125 0.407031 0.09375 0.814062 0.00124454
0 0.374219 0.606934 0.296875 0.651758 0.00119209
1 0.93125 0.482812 0.1375 0.853125 0.00118828
1 0.726172 0.433691 0.096875 0.50918 0.00107288
1 0.500781 0.485156 0.557813 0.898438 0.916504
0 0.0479004 0.478906 0.0958008 0.957812 0.0622253
1 0.0479004 0.478906 0.0958008 0.957812 0.0582275
0 0.0520996 0.391406 0.104199 0.782812 0.0262604
0 0.489844 0.482031 0.55 0.892187 0.0210114
1 0.722266 0.487891 0.119531 0.917969 0.0207977
1 0.0520996 0.391406 0.104199 0.782812 0.0177765
1 0.926562 0.491016 0.134375 0.949219 0.00518036
1 0.948438 0.486719 0.103125 0.917188 0.0041008
0 0.948438 0.486719 0.103125 0.917188 0.00382423
0 0.307031 0.480078 0.179688 0.886719 0.00342941
0 0.05 0.272656 0.1 0.545313 0.00336266
0 0.926562 0.491016 0.134375 0.949219 0.00319672
1 0.05 0.272656 0.1 0.545313 0.00309944
1 0.871875 0.489453 0.232812 0.933594 0.00210762
0 0.722266 0.487891 0.119531 0.917969 0.00210762
1 0.307031 0.480078 0.179688 0.886719 0.00203514
1 0.624609 0.477344 0.307031 0.903125 0.00174141
0 0.873242 0.489062 0.231641 0.921875 0.00150108
0 0.491406 0.710156 0.528125 0.46875 0.00130463
1 0.491406 0.710156 0.528125 0.46875 0.00121593
0 0.0506836 0.608691 0.101367 0.72793 0.00120163
0 0.0990234 0.848242 0.0990234 0.225391 0.00115108
1 0.0459961 0.663281 0.0919922 0.625 0.00114727
1 0.492969 0.463281 0.548437 0.86875 0.928223
0 0.0562012 0.287305 0.101074 0.567578 0.225464
0 0.050293 0.629297 0.100586 0.294531 0.134766
0 0.0569336 0.398438 0.0921875 0.796875 0.13269
1 0.954687 0.471484 0.090625 0.903906 0.11438
0 0.954687 0.471484 0.090625 0.903906 0.110107
0 0.0553223 0.570312 0.0913086 0.83125 0.0859985
1 0.0575195 0.472656 0.0898438 0.904688 0.0772095
0 0.948438 0.852344 0.103125 0.290625 0.0682983
0 0.0513672 0.118555 0.102734 0.235547 0.0467224
0 0.0508789 0.165039 0.101758 0.308984 0.0428772
0 0.0429688 0.533203 0.0859375 0.892969 0.0409241
0 0.0478027 0.321094 0.0956055 0.642187 0.0400085
1 0.0438477 0.511719 0.0876953 0.929688 0.0391235
0 0.951953 0.732813 0.0960938 0.51875 0.033844
1 0.0562012 0.287305 0.101074 0.567578 0.0310822
1 0.9375 0.492969 0.1125 0.910937 0.0217743
0 0.954687 0.63623 0.090625 0.727539 0.0210419
0 0.0307129 0.61709 0.0614258 0.76582 0.0206451
0 0.9375 0.492969 0.1125 0.910937 0.0198669
1 0.050293 0.629297 0.100586 0.294531 0.0182648
0 0.0501953 0.350391 0.100391 0.347656 0.0157776
1 0.0543945 0.609473 0.0917969 0.737305 0.0150757
1 0.0478027 0.321094 0.0956055 0.642187 0.0149536
1 0.954687 0.63623 0.090625 0.727539 0.0142822
1 0.0307129 0.61709 0.0614258 0.76582 0.0139542
0 0.050293 0.446875 0.100195 0.373437 0.0126724
0 0.948438 0.112012 0.103125 0.224023 0.0120087
0 0.0502441 0.272461 0.100488 0.359766 0.0114212
0 0.444922 0.7125 0.409375 0.465625 0.00967407
1 0.951953 0.732813 0.0960938 0.51875 0.00937653
0 0.940625 0.801172 0.084375 0.397656 0.00930023
0 0.953125 0.363672 0.09375 0.594531 0.00926971
0 0.366797 0.700391 0.277344 0.489844 0.00841522
1 0.948438 0.852344 0.103125 0.290625 0.00740433
0 0.0178223 0.661719 0.0356445 0.676562 0.00725937
0 0.492969 0.482812 0.561719 0.907812 0.00671768
1 0.571973 0.205078 0.660742 0.4 0.00661469
0 0.0502075 0.524121 0.0999756 0.389258 0.00658798
1 0.0508789 0.165039 0.101758 0.308984 0.00643921
1 0.0178223 0.661719 0.0356445 0.676562 0.00584412
0 0.0464844 0.582715 0.0929687 0.436133 0.00577545
1 0.932813 0.657812 0.107813 0.682813 0.00475693
0 0.932813 0.657812 0.107813 0.682813 0.00471878
1 0.0513672 0.118555 0.102734 0.235547 0.00426483
0 0.935938 0.779492 0.115625 0.431641 0.00408554
0 0.952344 0.201367 0.0953125 0.368359 0.00366402
0 0.571973 0.205078 0.660742 0.4 0.00351143
1 0.953125 0.363672 0.09375 0.594531 0.00340271
0 0.95 0.582812 0.1 0.371875 0.00336266
0 0.934375 0.333594 0.109375 0.53125 0.00323486
0 0.734766 0.421875 0.0976562 0.436719 0.00317192
0 0.95 0.702734 0.1 0.378906 0.00293541
0 0.051123 0.0673828 0.102051 0.131445 0.00271416
0 0.322656 0.484375 0.210938 0.865625 0.00259018
0 0.00872803 0.707812 0.0174561 0.584375 0.00259018
0 0.95 0.51084 0.1 0.370508 0.0024929
1 0.0501953 0.350391 0.100391 0.347656 0.00247192
1 0.0501953 0.470703 0.100391 0.378125 0.00243378
0 0.0541504 0.680469 0.0983398 0.598437 0.0024147
1 0.935938 0.779492 0.115625 0.431641 0.00231361
0 0.95 0.40625 0.1 0.373437 0.00226974
0 0.949219 0.315674 0.101562 0.331152 0.00216484
1 0.0502441 0.272461 0.100488 0.359766 0.00211525
1 0.00872803 0.707812 0.0174561 0.584375 0.00209045
0 0.920313 0.277539 0.125 0.477734 0.00204277
1 0.940625 0.801172 0.084375 0.397656 0.00183868
0 0.0487305 0.216797 0.0974609 0.433594 0.00182438
0 0.359375 0.205664 0.521875 0.383203 0.00174141
0 0.95 0.0749023 0.1 0.144336 0.00162315
0 0.939062 0.382422 0.084375 0.533594 0.00161648
1 0.934375 0.333594 0.109375 0.53125 0.00157356
1 0.308203 0.498437 0.194531 0.85 0.00154877
0 0.939062 0.557422 0.084375 0.525781 0.00154305
1 0.0464844 0.582715 0.0929687 0.436133 0.00143242
0 0.367578 0.745313 0.239063 0.3875 0.00141621
1 0.736719 0.400098 0.0921875 0.445117 0.00139904
0 0.938281 0.678906 0.0828125 0.526563 0.0012598
0 0.292383 0.542578 0.163672 0.777344 0.00125504
1 0.359375 0.205664 0.521875 0.383203 0.00123978
1 0.948438 0.112012 0.103125 0.224023 0.00123024
0 0.935938 0.880078 0.110937 0.239844 0.00115585
1 0.366797 0.700391 0.277344 0.489844 0.0011425
0 0.753516 0.201562 0.289844 0.391406 0.00113392
0 0.548535 0.711719 0.44668 0.46875 0.0011034
1 0.444922 0.7125 0.409375 0.465625 0.0011034
0 0.950781 0.277734 0.0984375 0.546875 0.00109482
0 0.739062 0.471777 0.096875 0.32832 0.00108147
0 0.948438 0.0555664 0.103125 0.106055 0.00106907
1 0.732813 0.473828 0.101562 0.379687 0.00103664
1 0.952344 0.201367 0.0953125 0.368359 0.00102425
0 0.904688 0.242578 0.153125 0.461719 0.00101662
0 0.411328 0.262891 0.654688 0.489062 0.00101185
1 0.504004 0.489453 0.549805 0.914844 0.904297
0 0.951563 0.507031 0.096875 0.976562 0.0448608
1 0.951563 0.507031 0.096875 0.976562 0.0185852
0 0.932813 0.503906 0.11875 0.979688 0.00861359
0 0.496094 0.485938 0.559375 0.91875 0.00638962
1 0.932813 0.503906 0.11875 0.979688 0.00570679
0 0.055957 0.455469 0.0957031 0.870313 0.00212479
0 0.0482422 0.475391 0.0964844 0.878906 0.00162315
0 0.0557129 0.51084 0.0948242 0.525195 0.00127411
0 0.949219 0.392188 0.101562 0.784375 0.00106049
0 0.046875 0.497559 0.09375 0.633008 0.00100803
1 0.505371 0.478906 0.556445 0.9 0.866211
0 0.505371 0.478906 0.556445 0.9 0.0279083
0 0.950391 0.460156 0.0992187 0.901563 0.0225372
1 0.950391 0.482031 0.0992187 0.898438 0.0116882
0 0.0583984 0.509375 0.108398 0.564062 0.00577545
0 0.952344 0.620313 0.0953125 0.73125 0.00496292
0 0.056543 0.412598 0.113086 0.79668 0.00342941
1 0.952344 0.620313 0.0953125 0.73125 0.00248146
0 0.484375 0.689062 0.485156 0.498437 0.00198746
0 0.0671875 0.975781 0.0804688 0.0484375 0.00176811
1 0.503906 0.671094 0.5375 0.532812 0.00175476
1 0.056543 0.412598 0.113086 0.79668 0.00144386
0 0.43916 0.948438 0.476367 0.078125 0.00143242
0 0.193945 0.00229492 0.387891 0.00458984 0.00137806
0 0.0603516 0.610254 0.112891 0.654492 0.00136662
0 0.0539063 0.508203 0.107813 0.885156 0.00136185
1 0.0583984 0.509375 0.108398 0.564062 0.00130939
0 0.827539 0.00395508 0.344922 0.00791016 0.00124931
0 0.0729492 0.975 0.145898 0.05 0.00109482
1 0.0539063 0.508203 0.107813 0.885156 0.00108147
0 0.940625 0.453906 0.11875 0.782812 0.00105286
1 0.497656 0.460547 0.576563 0.872656 0.907227
0 0.49834 0.477344 0.570508 0.926562 0.0174408
0 0.0555176 0.651953 0.100293 0.242969 0.0126724
0 0.944531 0.760938 0.110937 0.460938 0.00861359
1 0.944141 0.684766 0.111719 0.602344 0.00582123
0 0.94375 0.843555 0.1125 0.309766 0.00508118
1 0.944531 0.538281 0.110937 0.826563 0.00475693
0 0.944531 0.538281 0.110937 0.826563 0.00466537
0 0.942187 0.898438 0.115625 0.2 0.00370789
0 0.0521484 0.545313 0.104297 0.529688 0.00327301
1 0.0555176 0.651953 0.100293 0.242969 0.00254059
0 0.0522461 0.489453 0.104492 0.767969 0.00240517
1 0.944531 0.798437 0.110937 0.389062 0.00189686
1 0.502734 0.719922 0.547656 0.446094 0.00152493
1 0.942187 0.898438 0.115625 0.2 0.0012846
1 0.497266 0.478516 0.571094 0.903906 0.884277
1 0.946875 0.501562 0.10625 0.923437 0.147583
0 0.946875 0.502344 0.10625 0.910937 0.0634766
0 0.0574707 0.488281 0.112988 0.879687 0.0370483
0 0.497266 0.479688 0.554688 0.91875 0.035614
1 0.0574707 0.488281 0.112988 0.879687 0.021698
1 0.944922 0.617285 0.110156 0.74668 0.0191193
0 0.944922 0.617285 0.110156 0.74668 0.0078125
1 0.0495117 0.528906 0.0990234 0.892187 0.00510025
0 0.0495117 0.528906 0.0990234 0.892187 0.00482941
0 0.0556641 0.140137 0.101953 0.272852 0.00419998
0 0.946094 0.717578 0.107813 0.564844 0.00317192
1 0.946094 0.717578 0.107813 0.564844 0.00276756
0 0.0586914 0.22207 0.111523 0.438672 0.00257111
0 0.944531 0.79668 0.110937 0.403516 0.00226974
0 0.946875 0.349219 0.10625 0.698438 0.00220871
0 0.0578613 0.339063 0.112598 0.657031 0.00194931
0 0.0600098 0.634766 0.110449 0.702344 0.00154305
1 0.936328 0.399219 0.127344 0.784375 0.00133514
1 0.0562012 0.155078 0.102441 0.309766 0.00131512
0 0.948438 0.853906 0.103125 0.290625 0.00116539
1 0.944531 0.79668 0.110937 0.403516 0.00113392
1 0.503516 0.488672 0.564844 0.910156 0.909668
0 0.0535156 0.494141 0.107031 0.941406 0.0255585
1 0.0529297 0.49375 0.105859 0.95 0.0100937
0 0.947656 0.50625 0.104687 0.94375 0.00769424
0 0.50625 0.485938 0.570312 0.909375 0.00701141
1 0.947656 0.50625 0.104687 0.94375 0.00641251
1 0.918359 0.510547 0.163281 0.941406 0.00547028
0 0.0537598 0.482129 0.103223 0.691992 0.00397491
0 0.917188 0.508594 0.165625 0.948438 0.00281143
0 0.0595215 0.976172 0.109473 0.0476562 0.00189686
0 0.0532715 0.600781 0.0977539 0.34375 0.00119686
1 0.505469 0.483594 0.557813 0.914062 0.911621
0 0.50459 0.482422 0.564258 0.900781 0.0143356
1 0.948438 0.505469 0.103125 0.960938 0.00322342
0 0.948438 0.502344 0.103125 0.957812 0.00319672
0 0.0723633 0.861133 0.141406 0.224609 0.0024929
0 0.0478027 0.495313 0.0956055 0.93125 0.00174141
1 0.95 0.630371 0.1 0.731445 0.00161648
0 0.95 0.630371 0.1 0.731445 0.00139427
0 0.0634277 0.978125 0.0911133 0.034375 0.00109863
1 0.504785 0.486719 0.55918 0.904688 0.898926
1 0.934375 0.507812 0.129688 0.973437 0.0341797
0 0.948438 0.511328 0.103125 0.967969 0.0334778
0 0.0507812 0.500781 0.101562 0.971875 0.0289307
1 0.0507812 0.500781 0.101562 0.971875 0.0126266
1 0.949219 0.625879 0.101562 0.731055 0.00624084
0 0.932813 0.472266 0.128125 0.902344 0.00553513
1 0.95 0.520312 0.1 0.95625 0.00387001
0 0.949609 0.69375 0.100781 0.6 0.00369263
0 0.0539551 0.586328 0.10791 0.710156 0.00201035
0 0.0521362 0.594141 0.094751 0.363281 0.00191212
0 0.501953 0.487891 0.574219 0.885156 0.00127411
0 0.065918 0.505078 0.130664 0.964844 0.00120163
0 0.939062 0.589941 0.11875 0.791992 0.0011692
1 0.504785 0.486328 0.55918 0.905469 0.898926
1 0.934375 0.507812 0.129688 0.973437 0.0343628
0 0.948438 0.510938 0.103125 0.967188 0.0335388
0 0.0507812 0.500781 0.101562 0.971875 0.0292511
1 0.0507812 0.500781 0.101562 0.971875 0.012825
1 0.949219 0.625879 0.101562 0.731055 0.00629044
0 0.932813 0.472656 0.128125 0.901563 0.0055542
1 0.95 0.520312 0.1 0.95625 0.00390053
0 0.949609 0.694141 0.100781 0.599219 0.00372124
0 0.0539063 0.586035 0.107813 0.710742 0.00204277
0 0.0521362 0.594141 0.094751 0.363281 0.00191212
0 0.501953 0.487891 0.574219 0.885156 0.00127411
0 0.0657715 0.505469 0.130566 0.965625 0.00121593
0 0.939062 0.589941 0.11875 0.791992 0.0011692
