0 0.532031 0.609766 0.379687 0.608594 0.778809
1 0.537109 0.603809 0.3875 0.611133 0.086792
0 0.622266 0.939844 0.0679687 0.120312 0.0281067
0 0.773438 0.35 0.101562 0.169531 0.0179901
0 0.901563 0.781445 0.121875 0.287109 0.0157776
1 0.621094 0.939844 0.0734375 0.11875 0.014061
0 0.747656 0.519531 0.071875 0.177344 0.0120544
1 0.773438 0.35 0.101562 0.169531 0.00981903
0 0.560156 0.923437 0.0429688 0.059375 0.00933838
1 0.747656 0.519531 0.071875 0.177344 0.00926971
0 0.514063 0.501953 0.329688 0.404687 0.00905609
0 0.510938 0.419531 0.259375 0.247656 0.00612259
0 0.899219 0.745313 0.107813 0.189063 0.00486755
1 0.901563 0.781445 0.121875 0.287109 0.00481033
0 0.913281 0.397559 0.173438 0.254883 0.0045929
0 0.193408 0.590234 0.206934 0.647656 0.00380898
1 0.899219 0.745313 0.107813 0.189063 0.00353813
0 0.910937 0.788867 0.15625 0.325391 0.00352478
0 0.811719 0.345703 0.190625 0.182812 0.00329781
0 0.158594 0.569531 0.242578 0.764063 0.00314713
0 0.861719 0.586719 0.0609375 0.130469 0.00305176
1 0.501562 0.419629 0.245312 0.24668 0.00304031
1 0.491406 0.5 0.2875 0.4 0.00270462
0 0.422656 0.657812 0.15 0.41875 0.00240517
1 0.796875 0.34375 0.148438 0.173438 0.00221634
1 0.861719 0.586719 0.0609375 0.130469 0.00193405
0 0.885938 0.731641 0.101562 0.352344 0.00188255
0 0.460059 0.633203 0.220508 0.516406 0.00186729
0 0.259033 0.830664 0.320996 0.338672 0.00186062
0 0.4625 0.798437 0.773438 0.403125 0.00183105
0 0.914844 0.764844 0.170312 0.385938 0.00176144
0 0.889844 0.76875 0.0984375 0.2375 0.0016613
1 0.885156 0.744531 0.103125 0.340625 0.00157356
1 0.914844 0.393652 0.170312 0.256445 0.00156116
1 0.692187 0.304297 0.0742188 0.261719 0.00154305
0 0.336328 0.878516 0.628906 0.242969 0.00146675
0 0.851562 0.595312 0.071875 0.139844 0.00139904
1 0.910937 0.788867 0.15625 0.325391 0.00136662
0 0.900781 0.728906 0.090625 0.151562 0.00132465
0 0.692187 0.304297 0.0742188 0.261719 0.00131989
0 0.0643555 0.794531 0.121094 0.335938 0.00131512
0 0.204883 0.491016 0.0871094 0.267188 0.00128937
0 0.61875 0.946094 0.0773437 0.107813 0.00123978
1 0.889844 0.76875 0.0984375 0.2375 0.00122547
1 0.694922 0.256299 0.071875 0.332715 0.0012064
0 0.694922 0.256299 0.071875 0.332715 0.00118828
0 0.814844 0.623438 0.078125 0.190625 0.00115108
1 0.914844 0.764844 0.170312 0.385938 0.00112438
0 0.276953 0.286523 0.0695312 0.373828 0.00112057
0 0.422754 0.162988 0.263867 0.295508 0.00108624
0 0.22793 0.880273 0.249219 0.239453 0.00105667
0 0.096582 0.200781 0.188867 0.401563 0.00104427
0 0.529688 0.656641 0.290625 0.521094 0.00104046
0 0.914844 0.322266 0.170312 0.407031 0.00102425
1 0.851562 0.595312 0.071875 0.139844 0.00101662
1 0.538184 0.622559 0.383008 0.64082 0.868164
0 0.80957 0.346094 0.171484 0.175781 0.0611877
0 0.537402 0.627344 0.387695 0.632812 0.014061
1 0.161719 0.74375 0.323438 0.3125 0.00923157
0 0.161719 0.74375 0.323438 0.3125 0.0077858
1 0.80918 0.349219 0.175391 0.185156 0.00748825
1 0.819531 0.560938 0.151562 0.721875 0.00664139
1 0.747266 0.669922 0.410156 0.660156 0.00540543
0 0.560938 0.923437 0.0578125 0.0625 0.00466537
1 0.177734 0.767578 0.355469 0.464844 0.0041008
0 0.0792969 0.784375 0.158594 0.398438 0.00363541
1 0.82207 0.652734 0.252734 0.694531 0.00294685
0 0.610937 0.0373047 0.279687 0.0712891 0.0028553
0 0.819531 0.560938 0.151562 0.721875 0.00279045
1 0.888281 0.54375 0.221875 0.76875 0.00275803
1 0.0792969 0.784375 0.158594 0.398438 0.0026207
1 0.778906 0.656641 0.276563 0.686719 0.00246239
0 0.558594 0.929688 0.046875 0.05625 0.00234222
0 0.172266 0.789453 0.344531 0.421094 0.00223351
1 0.927734 0.580469 0.144531 0.751562 0.00219917
1 0.640723 0.68252 0.657617 0.634961 0.00211525
0 0.0560547 0.483594 0.112109 0.910937 0.00204277
0 0.20293 0.523438 0.108203 0.149219 0.00201988
1 0.956641 0.589063 0.0867188 0.709375 0.00198746
0 0.832031 0.621094 0.115625 0.251563 0.00174809
1 0.804688 0.638965 0.182812 0.72207 0.00169373
1 0.0560547 0.483594 0.112109 0.910937 0.00163555
0 0.956641 0.589063 0.0867188 0.709375 0.00163555
0 0.927734 0.580469 0.144531 0.751562 0.00161648
1 0.9125 0.7125 0.146875 0.570312 0.00142097
0 0.888281 0.54375 0.221875 0.76875 0.00138283
1 0.819531 0.38584 0.19375 0.254883 0.00123024
1 0.776563 0.564746 0.146875 0.706445 0.0012064
1 0.521484 0.451465 0.616406 0.77207 0.0012064
1 0.14668 0.796875 0.293359 0.398438 0.00120163
0 0.0687988 0.326758 0.137598 0.565234 0.00119686
0 0.0362793 0.525781 0.0725586 0.932813 0.00116062
1 0.0687988 0.326758 0.137598 0.565234 0.00116062
1 0.0614746 0.789844 0.122949 0.4 0.00110722
0 0.060498 0.809375 0.120996 0.379687 0.00109863
0 0.819531 0.38584 0.19375 0.254883 0.00108147
1 0.0362793 0.525781 0.0725586 0.932813 0.00107288
0 0.0838867 0.48125 0.167773 0.9625 0.00106049
0 0.747266 0.669922 0.410156 0.660156 0.00102043
0 0.544141 0.583691 0.38125 0.56543 0.78418
1 0.54375 0.601562 0.385938 0.596875 0.0390625
0 0.0460938 0.519922 0.0921875 0.245312 0.0327148
0 0.439063 0.949219 0.2 0.101562 0.0232391
0 0.499609 0.44375 0.517187 0.81875 0.0179901
0 0.597266 0.0527344 0.253125 0.105469 0.0179138
0 0.521875 0.478027 0.370313 0.373633 0.0125732
0 0.122656 0.491406 0.0910156 0.215625 0.0125275
0 0.225 0.5125 0.155469 0.178125 0.00985718
0 0.623047 0.0431641 0.292969 0.0837891 0.00751877
0 0.205469 0.504687 0.113672 0.19375 0.00658798
0 0.806445 0.130859 0.177734 0.246875 0.00609589
1 0.0460938 0.519922 0.0921875 0.245312 0.00542831
0 0.0874023 0.786719 0.174805 0.389062 0.00502014
1 0.499609 0.44375 0.517187 0.81875 0.00481033
0 0.895312 0.817187 0.128125 0.340625 0.00469971
1 0.597266 0.0527344 0.253125 0.105469 0.00468063
1 0.439063 0.949219 0.2 0.101562 0.00370789
0 0.658594 0.939453 0.157813 0.121094 0.00265312
0 0.279297 0.304297 0.550781 0.608594 0.00261116
1 0.225 0.5125 0.155469 0.178125 0.00251198
0 0.159961 0.778125 0.309766 0.390625 0.00216484
0 0.118359 0.764063 0.224219 0.3625 0.00214958
1 0.205469 0.504687 0.113672 0.19375 0.00188255
0 0.639844 0.245898 0.565625 0.487891 0.00182438
1 0.806445 0.130859 0.177734 0.246875 0.00155449
0 0.0101929 0.779688 0.0203857 0.41875 0.00141048
0 0.808008 0.347266 0.183984 0.178906 0.00135612
1 0.122656 0.491406 0.0910156 0.215625 0.00133514
1 0.521875 0.478027 0.370313 0.373633 0.00125504
0 0.00866699 0.599219 0.017334 0.690625 0.00117874
0 0.539453 0.269531 0.763281 0.539062 0.00116062
0 0.324023 0.839063 0.103516 0.190625 0.00113392
0 0.562891 0.0455078 0.169531 0.0878906 0.00109482
1 0.623047 0.0431641 0.292969 0.0837891 0.00107765
0 0.807031 0.317773 0.190625 0.119922 0.00104046
0 0.394434 0.382715 0.308008 0.676758 0.00102043
0 0.533594 0.571875 0.38125 0.5375 0.858887
0 0.810938 0.342578 0.185937 0.174219 0.065979
0 0.478223 0.172559 0.473242 0.252148 0.0592041
1 0.536328 0.569922 0.382812 0.530469 0.0403137
0 0.748438 0.507812 0.0703125 0.217187 0.0321045
0 0.658594 0.940625 0.134375 0.11875 0.0206451
0 0.523047 0.403809 0.283594 0.220508 0.0176392
0 0.575 0.0414551 0.201562 0.0829102 0.0165863
0 0.898438 0.76875 0.121875 0.25 0.0112
1 0.810938 0.342578 0.185937 0.174219 0.0109024
0 0.1625 0.685547 0.325 0.210156 0.00989532
1 0.748438 0.507812 0.0703125 0.217187 0.00955963
1 0.898438 0.76875 0.121875 0.25 0.00641251
0 0.343359 0.262109 0.20625 0.385156 0.00609589
0 0.536328 0.200586 0.622656 0.207813 0.00588989
0 0.558594 0.926562 0.0539063 0.053125 0.00582123
0 0.492285 0.271875 0.499805 0.424219 0.00516129
1 0.478223 0.172559 0.473242 0.252148 0.00453949
0 0.508594 0.380469 0.395312 0.270312 0.00450516
0 0.440625 0.227539 0.394531 0.335547 0.00443268
0 0.166016 0.748047 0.332031 0.335156 0.00434875
0 0.803906 0.308594 0.179688 0.107813 0.00415039
0 0.898438 0.80625 0.1375 0.309375 0.00374985
0 0.0781006 0.734375 0.144971 0.115625 0.00365067
0 0.519922 0.15752 0.208594 0.10293 0.00359344
1 0.898438 0.80625 0.1375 0.309375 0.00355148
1 0.658594 0.940625 0.134375 0.11875 0.00340271
0 0.546094 0.0396973 0.135937 0.0793945 0.00273705
0 0.378125 0.861523 0.747656 0.276953 0.00226974
0 0.324219 0.296143 0.164844 0.376465 0.00169373
1 0.536328 0.200586 0.622656 0.207813 0.00138855
1 0.523047 0.403809 0.283594 0.220508 0.00123978
1 0.343359 0.262109 0.20625 0.385156 0.00118828
0 0.498437 0.24668 0.264062 0.0933594 0.0011158
0 0.536719 0.600391 0.386719 0.614844 0.86377
0 0.190234 0.781055 0.375 0.397266 0.30249
1 0.535547 0.601172 0.389844 0.614844 0.090271
0 0.658594 0.939844 0.142188 0.120312 0.0103302
0 0.825 0.144727 0.171875 0.245703 0.00971222
1 0.190234 0.781055 0.375 0.397266 0.00878143
0 0.557813 0.925 0.0546875 0.05625 0.00484848
1 0.825 0.144727 0.171875 0.245703 0.0026207
0 0.916406 0.751562 0.167187 0.496875 0.00179577
0 0.460938 0.939062 0.144531 0.121875 0.00176144
0 0.18125 0.285156 0.35625 0.570312 0.00170708
0 0.841992 0.16582 0.212891 0.284375 0.00154877
0 0.936328 0.505469 0.127344 0.685938 0.00133514
0 0.890625 0.548828 0.209375 0.624219 0.00124454
0 0.590625 0.0452271 0.2625 0.0872803 0.00119686
0 0.895312 0.802148 0.203125 0.395703 0.00118828
0 0.916406 0.864062 0.167187 0.271875 0.00109482
0 0.536719 0.582812 0.39375 0.567187 0.842773
1 0.537598 0.594434 0.391992 0.59082 0.0280609
0 0.811719 0.350781 0.175 0.192969 0.00669098
0 0.469922 0.163477 0.472656 0.319922 0.00193405
0 0.416016 0.224609 0.360938 0.432031 0.00116539
0 0.538281 0.583984 0.394531 0.558594 0.879395
0 0.477344 0.273438 0.48125 0.444531 0.0135345
0 0.939844 0.578125 0.120312 0.84375 0.0127716
0 0.10293 0.837695 0.201172 0.318359 0.00612259
1 0.536621 0.581641 0.400195 0.560156 0.00577545
0 0.913281 0.517871 0.160938 0.708008 0.00553513
0 0.510938 0.202295 0.553125 0.354785 0.00475693
0 0.940625 0.432422 0.11875 0.607813 0.00415039
0 0.173438 0.786719 0.342187 0.414062 0.00369263
0 0.810938 0.358594 0.171875 0.210156 0.00367928
0 0.904688 0.426953 0.178125 0.566406 0.00344276
1 0.939844 0.578125 0.120312 0.84375 0.00313568
0 0.392578 0.292188 0.309375 0.403906 0.00313568
0 0.553516 0.0423828 0.858594 0.0847656 0.00311089
0 0.903906 0.613672 0.173438 0.772656 0.00299263
0 0.529688 0.467578 0.385938 0.338281 0.00226974
0 0.214062 0.950391 0.231641 0.0992187 0.00221634
0 0.47334 0.360156 0.486133 0.355469 0.0020504
0 0.352344 0.851172 0.528125 0.297656 0.00189686
0 0.834375 0.137109 0.16875 0.274219 0.00178909
0 0.288086 0.0563477 0.573828 0.112695 0.00177479
0 0.148438 0.826563 0.278906 0.346875 0.00168133
0 0.383594 0.879297 0.640625 0.241406 0.00164223
0 0.299414 0.883984 0.416797 0.232031 0.00163555
0 0.200049 0.726172 0.386621 0.472656 0.00157928
0 0.782812 0.356641 0.271875 0.360938 0.00153637
1 0.745313 0.539453 0.0859375 0.278125 0.00152493
0 0.819531 0.552734 0.23125 0.697656 0.0015192
0 0.870313 0.34668 0.239063 0.531641 0.0014782
0 0.265576 0.917188 0.336035 0.165625 0.00144386
1 0.90625 0.580469 0.173438 0.839063 0.00131512
1 0.477344 0.273438 0.48125 0.444531 0.00122547
0 0.328516 0.325732 0.185156 0.381348 0.00106907
0 0.139746 0.723437 0.27168 0.28125 0.00106525
0 0.807031 0.432422 0.2625 0.435156 0.00103664
0 0.5375 0.58916 0.395312 0.587305 0.788574
1 0.535937 0.600684 0.395312 0.611133 0.0965576
0 0.409473 0.289062 0.341992 0.473437 0.00101662
0 0.535547 0.581934 0.378906 0.56582 0.806641
1 0.539062 0.591406 0.385938 0.58125 0.101929
0 0.48125 0.230078 0.477344 0.413281 0.00955963
0 0.561328 0.0447388 0.16875 0.0837646 0.00664139
0 0.397266 0.263672 0.311719 0.45 0.00568771
0 0.496875 0.175391 0.533594 0.322656 0.0037365
0 0.815625 0.120703 0.1625 0.224219 0.00367928
0 0.919531 0.572656 0.160938 0.814062 0.00253105
1 0.324805 0.861328 0.474609 0.277344 0.00209999
0 0.842969 0.567285 0.307813 0.785742 0.00151253
1 0.815625 0.120703 0.1625 0.224219 0.00150108
0 0.157617 0.757031 0.307422 0.473437 0.00141621
0 0.324805 0.861328 0.474609 0.277344 0.00141048
1 0.48125 0.230078 0.477344 0.413281 0.00138855
1 0.397266 0.263672 0.311719 0.45 0.00121593
0 0.167578 0.528125 0.330078 0.93125 0.00119686
0 0.212109 0.936719 0.216016 0.125 0.00106525
0 0.610059 0.182812 0.581445 0.360156 0.00103188
0 0.533496 0.586328 0.389258 0.574219 0.853027
1 0.533203 0.58584 0.392969 0.576758 0.0596619
0 0.816406 0.111523 0.159375 0.210547 0.00301552
0 0.478906 0.261133 0.489062 0.442578 0.00243378
0 0.399316 0.275195 0.332617 0.446484 0.00174809
1 0.816406 0.111523 0.159375 0.210547 0.0015192
0 0.539062 0.0405151 0.128125 0.0799072 0.00133514
0 0.533594 0.586328 0.389844 0.574219 0.853516
1 0.533203 0.58584 0.392969 0.576758 0.059967
0 0.816406 0.111621 0.159375 0.210352 0.00307465
0 0.478906 0.260938 0.489062 0.442187 0.00247192
0 0.399316 0.275195 0.332617 0.446484 0.00176811
1 0.816406 0.111621 0.159375 0.210352 0.00155449
0 0.539062 0.0405273 0.128125 0.0798828 0.00139904
