0 0.499121 0.538965 0.273633 0.767383 0.824219
0 0.200586 0.524219 0.2625 0.820312 0.653809
0 0.806445 0.550684 0.255859 0.718945 0.514648
1 0.200586 0.524219 0.2625 0.820312 0.414062
1 0.803906 0.552246 0.25625 0.725195 0.188354
1 0.500684 0.536719 0.27832 0.79375 0.103394
0 0.457715 0.537891 0.179883 0.796094 0.0160217
0 0.753906 0.539062 0.15625 0.778125 0.00432968
1 0.204102 0.338477 0.252734 0.383203 0.0027256
0 0.204102 0.338477 0.252734 0.383203 0.00268364
0 0.853125 0.755859 0.1125 0.310156 0.0024929
0 0.485156 0.345703 0.1875 0.385156 0.00228691
0 0.489062 0.294922 0.184375 0.279687 0.00179577
0 0.485938 0.655078 0.239063 0.550781 0.00178909
1 0.742969 0.758594 0.11875 0.271875 0.00176811
0 0.482812 0.43125 0.192188 0.549219 0.00173378
0 0.200195 0.270264 0.216797 0.255566 0.00150681
0 0.804492 0.424121 0.237891 0.431445 0.00148964
0 0.742969 0.758594 0.11875 0.271875 0.00147247
0 0.475391 0.766016 0.197656 0.338281 0.00144386
1 0.853125 0.755859 0.1125 0.310156 0.00140476
1 0.200195 0.270264 0.216797 0.255566 0.00133514
0 0.892187 0.546777 0.215625 0.775195 0.00127888
1 0.619922 0.640625 0.0664062 0.220313 0.00120163
0 0.939453 0.51875 0.121094 0.807813 0.00101662
1 0.499121 0.527734 0.254883 0.841406 0.737793
1 0.199414 0.542969 0.255469 0.823438 0.690918
1 0.874219 0.591406 0.120312 0.726562 0.562012
1 0.805469 0.578906 0.253125 0.740625 0.52832
1 0.758594 0.583594 0.164062 0.745313 0.227417
0 0.191797 0.527344 0.241016 0.829687 0.19812
0 0.867188 0.497266 0.128125 0.464844 0.10376
0 0.803906 0.592188 0.253125 0.73125 0.0974121
0 0.489062 0.528125 0.232812 0.85 0.0966797
0 0.873438 0.607813 0.121875 0.704687 0.0907593
0 0.758594 0.583594 0.164062 0.745313 0.0800781
1 0.451465 0.532812 0.170508 0.832812 0.0673218
0 0.8625 0.422656 0.120312 0.303125 0.0528259
0 0.745313 0.398535 0.121875 0.316992 0.0461121
0 0.85625 0.248047 0.107813 0.0875 0.0435181
1 0.15625 0.527344 0.180078 0.84375 0.0340881
0 0.738672 0.461816 0.128906 0.435742 0.0269623
0 0.451465 0.532812 0.170508 0.832812 0.0256653
0 0.14873 0.532812 0.165039 0.820312 0.0186157
1 0.745313 0.398535 0.121875 0.316992 0.0164032
1 0.738672 0.461816 0.128906 0.435742 0.0141754
1 0.867188 0.497266 0.128125 0.464844 0.0133286
0 0.857031 0.711719 0.0953125 0.414062 0.00905609
0 0.865625 0.361719 0.121875 0.205469 0.0088501
0 0.864062 0.743359 0.09375 0.325781 0.0085144
0 0.860156 0.275 0.104687 0.125 0.00844574
0 0.8625 0.296094 0.1125 0.149219 0.00818634
1 0.948438 0.570312 0.078125 0.740625 0.00682449
1 0.558594 0.591797 0.18125 0.694531 0.00643921
0 0.751562 0.789062 0.109375 0.209375 0.00636292
0 0.865625 0.789844 0.10625 0.25625 0.00614548
0 0.84375 0.867188 0.05 0.0953125 0.00553513
1 0.867188 0.412109 0.13125 0.292969 0.00524139
0 0.744531 0.364453 0.109375 0.24375 0.00519943
0 0.867188 0.326562 0.121875 0.133594 0.00477219
0 0.845312 0.244531 0.0703125 0.0703125 0.0041008
1 0.85625 0.248047 0.107813 0.0875 0.00400543
1 0.865625 0.789844 0.10625 0.25625 0.00301552
0 0.735937 0.429297 0.114063 0.258594 0.00292397
0 0.806445 0.249609 0.208984 0.0765625 0.00271416
0 0.948438 0.570312 0.078125 0.740625 0.00248146
1 0.870313 0.691797 0.11875 0.453906 0.00236893
0 0.522656 0.562109 0.239844 0.747656 0.00199509
0 0.853125 0.870313 0.06875 0.075 0.00198746
0 0.970312 0.592969 0.059375 0.64375 0.00174141
0 0.867188 0.849219 0.071875 0.0640625 0.0017271
0 0.85 0.694141 0.075 0.533594 0.0016489
1 0.970312 0.592969 0.059375 0.64375 0.00157356
0 0.850781 0.235938 0.0734375 0.0476562 0.00156689
0 0.558594 0.591797 0.18125 0.694531 0.00144958
0 0.187305 0.704687 0.220703 0.439063 0.00142097
0 0.490625 0.315283 0.192188 0.294434 0.00141621
0 0.181592 0.621094 0.21416 0.609375 0.00131989
1 0.632812 0.564844 0.0703125 0.754687 0.00125504
0 0.859375 0.298438 0.08125 0.0789063 0.00125504
0 0.972656 0.493359 0.0546875 0.516406 0.00115108
1 0.864062 0.743359 0.09375 0.325781 0.0011425
0 0.00423584 0.907031 0.00847168 0.185937 0.00109863
0 0.189111 0.790625 0.206934 0.265625 0.00109005
1 0.923437 0.470703 0.125 0.411719 0.00106525
1 0.939062 0.667188 0.115625 0.542188 0.00105286
0 0.923437 0.470703 0.125 0.411719 0.00103664
1 0.972656 0.493359 0.0546875 0.516406 0.00102043
0 0.503906 0.535937 0.270312 0.765625 0.547852
1 0.201514 0.535156 0.261035 0.773438 0.53125
1 0.503906 0.535937 0.270312 0.765625 0.251709
0 0.201953 0.538184 0.259375 0.776758 0.158203
1 0.776367 0.562109 0.200391 0.725781 0.130005
1 0.746484 0.566406 0.136719 0.707812 0.0968628
1 0.8375 0.565625 0.196875 0.715625 0.0853882
0 0.746484 0.566406 0.136719 0.707812 0.0685425
0 0.746484 0.351562 0.117969 0.2625 0.0463867
0 0.8375 0.565625 0.196875 0.715625 0.0460205
0 0.867188 0.754297 0.10625 0.316406 0.0402527
1 0.86875 0.565527 0.1375 0.712695 0.0401001
0 0.776367 0.562109 0.200391 0.725781 0.039856
1 0.75625 0.343164 0.14375 0.260547 0.0279083
0 0.190576 0.728125 0.211816 0.392188 0.0224609
0 0.86875 0.565527 0.1375 0.712695 0.0200958
0 0.489062 0.4625 0.217187 0.599219 0.0182648
1 0.460938 0.529297 0.182812 0.782031 0.0165863
0 0.753906 0.746875 0.114063 0.282813 0.0162811
0 0.457422 0.542969 0.179688 0.773438 0.0162811
0 0.864062 0.384766 0.11875 0.285156 0.0158386
0 0.4875 0.371875 0.204688 0.417188 0.0147858
0 0.796094 0.349609 0.220313 0.280469 0.0132217
0 0.506641 0.726953 0.260156 0.403906 0.0115967
0 0.954687 0.71875 0.090625 0.395312 0.0109024
1 0.796094 0.349609 0.220313 0.280469 0.0104065
0 0.748438 0.44834 0.140625 0.467383 0.00878143
1 0.748438 0.44834 0.140625 0.467383 0.00714874
0 0.966406 0.558594 0.0671875 0.377344 0.00636292
1 0.867188 0.754297 0.10625 0.316406 0.00629044
1 0.801562 0.45 0.239063 0.478906 0.00624084
0 0.801562 0.45 0.239063 0.478906 0.00612259
0 0.749219 0.709766 0.125 0.378906 0.005867
0 0.960156 0.704687 0.0796875 0.346875 0.00540543
0 0.960938 0.655078 0.078125 0.463281 0.00534439
1 0.749219 0.709766 0.125 0.378906 0.00518036
1 0.864062 0.384766 0.11875 0.285156 0.00508118
0 0.619531 0.610156 0.059375 0.403125 0.00494385
0 0.861719 0.315625 0.120312 0.20625 0.00453949
1 0.202393 0.327686 0.244434 0.350879 0.00438309
1 0.148145 0.523438 0.156836 0.790625 0.00429916
1 0.203174 0.419531 0.252246 0.539062 0.00421524
0 0.963281 0.648438 0.0734375 0.365625 0.00391388
1 0.489062 0.4625 0.217187 0.599219 0.00372124
0 0.958203 0.763281 0.0835937 0.320312 0.00328636
0 0.832812 0.293555 0.173438 0.158984 0.00324821
0 0.965625 0.58291 0.06875 0.491992 0.00324821
0 0.817383 0.282422 0.218359 0.133984 0.00312424
0 0.966406 0.487109 0.0671875 0.360938 0.00305176
0 0.960938 0.378809 0.078125 0.354883 0.00283432
0 0.148145 0.523438 0.156836 0.790625 0.00255013
1 0.745313 0.38584 0.121875 0.301758 0.00243378
1 0.861719 0.315625 0.120312 0.20625 0.00234222
0 0.202393 0.327686 0.244434 0.350879 0.00225258
1 0.753906 0.746875 0.114063 0.282813 0.00221634
1 0.817383 0.282422 0.218359 0.133984 0.00200272
1 0.832812 0.293555 0.173438 0.158984 0.00191212
1 0.95625 0.690625 0.0859375 0.41875 0.00188255
1 0.4875 0.371875 0.204688 0.417188 0.00187492
0 0.738281 0.688672 0.09375 0.416406 0.0017271
0 0.203174 0.419531 0.252246 0.539062 0.00169373
0 0.896484 0.0637695 0.207031 0.123633 0.00168705
1 0.966406 0.558594 0.0671875 0.377344 0.00166798
0 0.964063 0.420703 0.071875 0.330469 0.00160408
1 0.615625 0.615234 0.06875 0.447656 0.0015974
0 0.879687 0.658984 0.121875 0.511719 0.00157928
0 0.86875 0.442969 0.13125 0.316406 0.00136662
0 0.0418457 0.774609 0.0760742 0.191406 0.00128937
0 0.950781 0.332031 0.0984375 0.357812 0.00109863
1 0.845312 0.751562 0.142188 0.31875 0.00107765
1 0.171289 0.255664 0.304297 0.345703 0.00106525
1 0.930469 0.591406 0.117188 0.665625 0.00104046
1 0.960156 0.704687 0.0796875 0.346875 0.00104046
0 0.930469 0.591406 0.117188 0.665625 0.00102806
1 0.963281 0.648438 0.0734375 0.365625 0.00102425
1 0.177734 0.35957 0.232031 0.424609 0.00101185
0 0.0418823 0.724219 0.0724854 0.198437 0.00100803
0 0.203906 0.529688 0.254687 0.834375 0.615234
0 0.507422 0.543359 0.267969 0.803906 0.588867
1 0.201562 0.555469 0.259375 0.835938 0.148804
1 0.509766 0.567969 0.276563 0.84375 0.147339
0 0.807031 0.579297 0.257812 0.775781 0.0575867
1 0.807031 0.579297 0.257812 0.775781 0.0542908
0 0.865625 0.77832 0.101562 0.268359 0.00933838
0 0.494922 0.357812 0.216406 0.385938 0.00898743
1 0.865625 0.77832 0.101562 0.268359 0.00793457
0 0.796875 0.333789 0.215625 0.260547 0.00651169
0 0.807031 0.380566 0.242188 0.354492 0.0049057
0 0.754687 0.752344 0.109375 0.3 0.00436401
0 0.490625 0.3 0.204688 0.275 0.00376511
1 0.796875 0.333789 0.215625 0.260547 0.00328636
0 0.765234 0.685156 0.139844 0.435937 0.00322342
1 0.807031 0.380566 0.242188 0.354492 0.00271416
0 0.777344 0.877344 0.04375 0.05625 0.00269318
0 0.203857 0.275977 0.244629 0.258984 0.00251198
0 0.839844 0.800781 0.1625 0.223438 0.00247192
0 0.775 0.739062 0.164062 0.329688 0.00244331
0 0.771875 0.547656 0.18125 0.725 0.00239754
0 0.203125 0.443359 0.252344 0.589063 0.00232315
1 0.765234 0.685156 0.139844 0.435937 0.00228691
0 0.510938 0.660937 0.258594 0.515625 0.00205803
0 0.847656 0.885938 0.0609375 0.0546875 0.00202751
1 0.775 0.739062 0.164062 0.329688 0.0019722
0 0.847656 0.891406 0.05625 0.0328125 0.00191212
0 0.776367 0.879687 0.0472656 0.040625 0.00190449
0 0.759375 0.600879 0.142188 0.599805 0.0018177
1 0.839844 0.800781 0.1625 0.223438 0.00175476
0 0.808008 0.475684 0.240234 0.543945 0.0016613
0 0.492969 0.79043 0.171875 0.259766 0.00150681
0 0.204883 0.660156 0.222266 0.515625 0.00146103
1 0.203125 0.443359 0.252344 0.589063 0.00143814
1 0.771875 0.547656 0.18125 0.725 0.0014267
1 0.750781 0.751172 0.110937 0.316406 0.00117874
0 0.494531 0.503906 0.217187 0.679688 0.00115108
1 0.203857 0.275977 0.244629 0.258984 0.00109863
1 0.494922 0.357812 0.216406 0.385938 0.00108624
0 0.742969 0.682813 0.117188 0.44375 0.00106907
1 0.808008 0.475684 0.240234 0.543945 0.00105286
1 0.759375 0.600879 0.142188 0.599805 0.00102425
0 0.199951 0.530469 0.264941 0.825 0.779297
0 0.809375 0.571094 0.260938 0.728125 0.756836
0 0.51084 0.535156 0.293945 0.8375 0.732422
1 0.202344 0.528125 0.267969 0.814062 0.149536
1 0.810938 0.559277 0.26875 0.74082 0.110291
1 0.513281 0.533594 0.296094 0.829687 0.10144
0 0.854688 0.655469 0.15 0.50625 0.0489502
0 0.851562 0.884375 0.059375 0.053125 0.0181885
0 0.851562 0.892187 0.0734375 0.0375 0.00841522
0 0.768359 0.191602 0.0320312 0.116797 0.00746155
0 0.842188 0.882812 0.05 0.05625 0.00725937
0 0.855469 0.885156 0.084375 0.053125 0.00624084
0 0.667969 0.622266 0.025 0.185156 0.00521851
0 0.872656 0.581934 0.139062 0.67832 0.00508118
0 0.757812 0.663281 0.13125 0.482812 0.00503922
0 0.846875 0.891406 0.053125 0.053125 0.00441742
0 0.842969 0.578809 0.190625 0.673633 0.00436401
0 0.772656 0.882812 0.0578125 0.034375 0.00380898
0 0.839844 0.889844 0.0484375 0.0484375 0.00378036
0 0.667969 0.648438 0.0296875 0.176563 0.00369263
1 0.854688 0.655469 0.15 0.50625 0.00338936
0 0.776563 0.88125 0.05 0.05 0.00307465
0 0.954687 0.782031 0.084375 0.303125 0.00291252
0 0.957812 0.652344 0.084375 0.55 0.00236893
0 0.851562 0.89375 0.096875 0.0328125 0.00234222
0 0.758594 0.176758 0.04375 0.0964844 0.00224304
0 0.859375 0.903125 0.1125 0.05 0.00213242
0 0.803125 0.935156 0.265625 0.120312 0.00204277
0 0.77793 0.884375 0.0785156 0.04375 0.00194168
0 0.875 0.903125 0.128125 0.05625 0.00191212
0 0.859375 0.854688 0.096875 0.059375 0.00187492
0 0.782617 0.882812 0.0503906 0.034375 0.00167465
0 0.823438 0.886719 0.0375 0.05 0.00163555
0 0.782031 0.889844 0.120312 0.040625 0.00140476
0 0.998828 0.899219 0.00234375 0.201562 0.00138855
0 0.50625 0.420215 0.251563 0.51582 0.00137806
0 0.679688 0.646875 0.0257812 0.189063 0.00131989
0 0.75 0.859375 0.0796875 0.053125 0.0011692
1 0.851562 0.884375 0.059375 0.053125 0.0011425
0 0.823438 0.894531 0.046875 0.0375 0.00112438
0 0.667188 0.675 0.0398437 0.16875 0.00107288
0 0.858594 0.871094 0.0890625 0.0453125 0.00106525
0 0.763281 0.876562 0.08125 0.046875 0.00105667
0 0.961719 0.673437 0.0765625 0.3375 0.00104809
0 0.667578 0.583203 0.0242187 0.192969 0.00103664
0 0.201172 0.52959 0.261719 0.79082 0.517578
1 0.199805 0.526563 0.263281 0.770312 0.474609
1 0.505469 0.533984 0.282813 0.803906 0.430176
0 0.509766 0.544922 0.269531 0.785156 0.270508
1 0.814062 0.562598 0.260938 0.71543 0.119995
0 0.80957 0.558691 0.262109 0.704492 0.06427
1 0.856445 0.561719 0.180859 0.717188 0.0227966
1 0.871875 0.697656 0.134375 0.423438 0.0136871
0 0.856445 0.561719 0.180859 0.717188 0.012825
0 0.871875 0.697656 0.134375 0.423438 0.00891876
0 0.850781 0.885156 0.05625 0.059375 0.00557709
0 0.757812 0.781445 0.134375 0.240234 0.00432968
1 0.757812 0.781445 0.134375 0.240234 0.00421524
1 0.807813 0.396094 0.25 0.378906 0.00279045
1 0.860156 0.628125 0.160938 0.557813 0.00210762
0 0.754687 0.708594 0.135937 0.389062 0.00209999
0 0.809375 0.410547 0.25625 0.407813 0.00204277
1 0.754687 0.708594 0.135937 0.389062 0.0018177
0 0.860156 0.628125 0.160938 0.557813 0.00172043
1 0.846094 0.458691 0.19375 0.51543 0.0017004
0 0.752344 0.734375 0.115625 0.315625 0.00136662
0 0.846094 0.458691 0.19375 0.51543 0.00132465
0 0.86875 0.84375 0.08125 0.090625 0.00109005
0 0.8625 0.875 0.0875 0.08125 0.00102425
0 0.197656 0.534473 0.252344 0.776367 0.740723
1 0.810938 0.562891 0.257812 0.705469 0.696777
0 0.508984 0.536621 0.266406 0.779883 0.604004
1 0.199805 0.529297 0.258203 0.769531 0.216675
1 0.508984 0.536621 0.266406 0.779883 0.146362
0 0.811133 0.557813 0.255859 0.69375 0.145874
1 0.808594 0.560547 0.260938 0.719531 0.791992
0 0.196045 0.533594 0.266504 0.810938 0.616211
1 0.504297 0.545703 0.269531 0.839844 0.420654
1 0.199609 0.545313 0.263281 0.821875 0.212036
0 0.507031 0.562109 0.264844 0.853906 0.192505
0 0.808594 0.560547 0.260938 0.719531 0.0241394
1 0.807813 0.551562 0.25625 0.7375 0.805664
1 0.501562 0.528906 0.25 0.817187 0.676758
1 0.202148 0.533594 0.251953 0.795313 0.505859
0 0.201367 0.520703 0.250391 0.836719 0.430176
0 0.507031 0.538281 0.238281 0.776563 0.102112
0 0.809375 0.560547 0.253125 0.714844 0.065979
0 0.85 0.889063 0.05625 0.0546875 0.00118351
1 0.806445 0.566016 0.255859 0.711719 0.760742
0 0.200977 0.528125 0.250391 0.810938 0.759277
1 0.495313 0.526172 0.259375 0.842969 0.462891
0 0.5 0.543359 0.247656 0.789844 0.413086
1 0.200195 0.536719 0.253516 0.789062 0.215332
0 0.807813 0.559375 0.25625 0.701563 0.0292053
1 0.804492 0.436328 0.247266 0.457812 0.0026722
1 0.854688 0.700391 0.15 0.414844 0.00175476
1 0.806445 0.566016 0.255859 0.711719 0.76123
0 0.200977 0.528906 0.250391 0.810938 0.759277
1 0.495313 0.526172 0.259375 0.842969 0.462891
0 0.5 0.542969 0.247656 0.789062 0.414062
1 0.200195 0.536719 0.253516 0.789062 0.215332
0 0.807813 0.559375 0.25625 0.701563 0.028595
1 0.804492 0.435156 0.247266 0.45625 0.00270462
1 0.853906 0.700391 0.151562 0.414844 0.00174141
