1 0.579297 0.473437 0.244531 0.389062 0.87207
0 0.297656 0.5 0.273438 0.369531 0.669922
1 0.297314 0.502344 0.276465 0.36875 0.385742
0 0.580469 0.473535 0.24375 0.391992 0.145386
0 0.660937 0.472266 0.0890625 0.394531 0.0024147
1 0.580859 0.394531 0.213281 0.235156 0.00177479
0 0.486328 0.780078 0.877344 0.439844 0.0017004
0 0.299023 0.436816 0.263672 0.245117 0.00156116
0 0.6375 0.489453 0.135937 0.355469 0.00149536
1 0.660937 0.472266 0.0890625 0.394531 0.00144958
1 0.676172 0.533984 0.0601562 0.249219 0.00130939
0 0.676172 0.533984 0.0601562 0.249219 0.00122547
1 0.6375 0.489453 0.135937 0.355469 0.00116539
0 0.377246 0.468066 0.112695 0.404492 0.00110722
1 0.575 0.475684 0.251563 0.392383 0.928223
1 0.300342 0.506934 0.282129 0.37207 0.611328
0 0.296875 0.508594 0.282813 0.371094 0.516602
0 0.576953 0.483594 0.250781 0.379687 0.0162811
1 0.792188 0.452344 0.415625 0.892187 0.0053215
1 0.765625 0.376367 0.46875 0.752734 0.0039444
0 0.297656 0.402734 0.275 0.176563 0.00369263
1 0.509375 0.653418 0.771875 0.693164 0.00237846
0 0.603906 0.303906 0.110937 0.0507812 0.0020504
1 0.7 0.613574 0.596875 0.772852 0.00171375
0 0.00258789 0.90625 0.00517578 0.1875 0.00138855
0 0.596094 0.303906 0.136719 0.028125 0.00100803
1 0.578906 0.478906 0.240625 0.384375 0.848145
0 0.301514 0.50459 0.28291 0.370508 0.757812
1 0.297656 0.501172 0.276563 0.370313 0.300781
0 0.578906 0.475098 0.2375 0.39043 0.0718384
1 0.50625 0.239258 0.928125 0.478516 0.0304413
1 0.503125 0.178906 0.921875 0.325781 0.005867
0 0.303711 0.375 0.262891 0.114844 0.00577545
0 0.50625 0.239258 0.928125 0.478516 0.00349617
1 0.609375 0.345117 0.78125 0.690234 0.00332451
0 0.503125 0.178906 0.921875 0.325781 0.00255013
0 0.896875 0.0651367 0.20625 0.126563 0.00217438
0 0.298828 0.423438 0.276563 0.225781 0.00186062
0 0.634375 0.569531 0.135937 0.201562 0.00144958
1 0.651953 0.525781 0.103906 0.282813 0.00143242
0 0.651563 0.395312 0.0945313 0.25625 0.00137806
0 0.651953 0.525781 0.103906 0.282813 0.0012598
0 0.535156 0.554688 0.157813 0.198437 0.0012598
0 0.572656 0.394922 0.251563 0.203125 0.00119686
0 0.502344 0.491016 0.104687 0.355469 0.00112057
0 0.299219 0.498047 0.277344 0.376563 0.789062
1 0.583203 0.473437 0.247656 0.389062 0.710449
1 0.300195 0.499219 0.275391 0.378125 0.197388
0 0.582031 0.46875 0.242188 0.385938 0.141968
0 0.29707 0.603906 0.262891 0.15625 0.00232315
0 0.302734 0.414453 0.264844 0.217969 0.00168133
0 0.298047 0.560547 0.26875 0.242969 0.00112057
0 0.29668 0.501562 0.280078 0.38125 0.849121
1 0.578516 0.477344 0.249219 0.396094 0.679199
0 0.580469 0.475391 0.253125 0.395312 0.260498
1 0.298047 0.500391 0.279687 0.378125 0.160278
0 0.441406 0.535156 0.034375 0.148438 0.00431442
0 0.28125 0.316406 0.0265625 0.0585938 0.00337601
0 0.298242 0.321289 0.149609 0.0347656 0.00288963
0 0.310937 0.3125 0.0746094 0.0414063 0.00232315
0 0.842383 0.501465 0.315234 0.798633 0.00217438
0 0.753516 0.391797 0.492969 0.667188 0.00187492
0 0.280078 0.324219 0.09375 0.0359375 0.00171375
0 0.659473 0.357617 0.681055 0.686328 0.00161648
0 0.440234 0.500781 0.0304688 0.176563 0.00153065
0 0.280078 0.316016 0.0242187 0.0890625 0.00152493
0 0.832812 0.370508 0.334375 0.696484 0.00125504
1 0.582031 0.475 0.25 0.397656 0.853027
0 0.294922 0.501953 0.285156 0.377344 0.546875
1 0.3 0.5 0.286719 0.378125 0.519531
0 0.581641 0.475391 0.255469 0.395312 0.005867
0 0.28457 0.562109 0.269922 0.2625 0.00139904
1 0.580469 0.475391 0.245312 0.394531 0.839844
0 0.29707 0.503223 0.276953 0.366992 0.775879
1 0.298047 0.501953 0.276563 0.370313 0.320068
0 0.583594 0.475781 0.253125 0.392188 0.0394287
0 0.31582 0.322656 0.0949219 0.0390625 0.00137234
1 0.580469 0.471094 0.251563 0.390625 0.832031
1 0.295508 0.498828 0.274609 0.374219 0.644043
0 0.291748 0.500098 0.281348 0.374805 0.347656
0 0.578906 0.471094 0.257812 0.401563 0.00815582
1 0.580469 0.475781 0.251563 0.39375 0.864746
1 0.295703 0.499219 0.279687 0.378906 0.84668
0 0.296289 0.500684 0.279297 0.375195 0.0401611
0 0.581641 0.475781 0.250781 0.395312 0.00455475
1 0.391797 0.48291 0.35625 0.388867 0.00217438
1 0.575781 0.473828 0.25 0.386719 0.850098
1 0.293701 0.497656 0.277441 0.371094 0.844727
0 0.293945 0.497754 0.281641 0.370117 0.0451965
1 0.503125 0.474316 0.1875 0.379492 0.00126934
1 0.575781 0.473828 0.25 0.386719 0.850098
1 0.29375 0.497656 0.277344 0.371094 0.844727
0 0.293945 0.497754 0.281641 0.370117 0.0448608
1 0.503125 0.474316 0.1875 0.379492 0.00127411
