0 0.239453 0.811719 0.242969 0.284375 0.634277
1 0.238867 0.806055 0.246875 0.287891 0.584961
0 0.517969 0.515625 0.25625 0.267188 0.544922
1 0.794531 0.538281 0.2375 0.239063 0.533203
1 0.213623 0.508203 0.287598 0.292188 0.510742
0 0.213672 0.512891 0.288281 0.291406 0.50293
1 0.516406 0.514844 0.260938 0.2625 0.491211
1 0.495703 0.226611 0.277344 0.276465 0.474609
0 0.794531 0.537109 0.239063 0.241406 0.44751
0 0.804688 0.26582 0.292188 0.270703 0.428223
1 0.80293 0.262305 0.291016 0.266016 0.364746
0 0.492578 0.22832 0.277344 0.269531 0.363037
1 0.803906 0.817969 0.267188 0.271875 0.342529
1 0.535547 0.82207 0.232031 0.258984 0.248047
0 0.780469 0.810156 0.215625 0.251563 0.210083
1 0.766406 0.810938 0.189063 0.253125 0.203735
0 0.544531 0.823242 0.225 0.262891 0.177856
1 0.213281 0.196533 0.252344 0.328027 0.136108
0 0.213281 0.196533 0.252344 0.328027 0.0730591
0 0.727734 0.80918 0.113281 0.231641 0.0287628
0 0.759766 0.26543 0.196094 0.261328 0.0281067
1 0.759375 0.266211 0.196875 0.275391 0.0221558
0 0.573828 0.767969 0.141406 0.148438 0.0193481
1 0.727734 0.80918 0.113281 0.231641 0.0176392
0 0.839844 0.536719 0.139062 0.220313 0.0165253
1 0.572656 0.767578 0.136719 0.136719 0.0127258
0 0.577344 0.515625 0.119531 0.259375 0.0119171
0 0.720703 0.269141 0.130469 0.260938 0.0114212
1 0.567578 0.491406 0.140625 0.30625 0.0106506
0 0.863281 0.225781 0.154687 0.346094 0.0103302
1 0.836719 0.532031 0.145313 0.240625 0.00971222
1 0.863281 0.225781 0.154687 0.346094 0.00933838
1 0.594141 0.779688 0.120312 0.167187 0.00874329
0 0.833594 0.501562 0.139062 0.164062 0.00821686
0 0.196289 0.214062 0.202734 0.274219 0.00769424
0 0.594141 0.779688 0.120312 0.167187 0.00743103
0 0.821875 0.516406 0.167187 0.271875 0.00720596
1 0.720703 0.269141 0.130469 0.260938 0.0069046
1 0.456641 0.801562 0.1 0.179688 0.00624084
1 0.708984 0.824219 0.216406 0.296875 0.00598145
1 0.588672 0.519531 0.121094 0.229687 0.005867
0 0.456641 0.801562 0.1 0.179688 0.00582123
1 0.833594 0.501562 0.139062 0.164062 0.00551224
1 0.196289 0.214062 0.202734 0.274219 0.00518036
0 0.764844 0.0838135 0.0796875 0.120264 0.00486755
0 0.371094 0.10625 0.0570313 0.0447266 0.00486755
1 0.890625 0.267188 0.103125 0.25625 0.00482941
0 0.283594 0.804883 0.153125 0.305859 0.00462723
0 0.596875 0.508594 0.103125 0.21875 0.00426483
0 0.673828 0.960156 0.0632813 0.0796875 0.00391388
1 0.353711 0.841797 0.634766 0.316406 0.00385475
0 0.728125 0.532031 0.1 0.2125 0.00376511
1 0.604688 0.81543 0.326562 0.259766 0.0036068
0 0.58125 0.761719 0.110937 0.129688 0.00337601
0 0.804688 0.826563 0.265625 0.296875 0.00335121
0 0.546875 0.497656 0.182812 0.301562 0.00329781
0 0.722266 0.782812 0.101562 0.16875 0.00329781
1 0.614453 0.777344 0.0835937 0.154687 0.00327301
0 0.890625 0.267188 0.103125 0.25625 0.00327301
0 0.85625 0.495313 0.104687 0.13125 0.00317192
0 0.419922 0.221484 0.135156 0.274219 0.00298119
1 0.449121 0.231201 0.183008 0.275098 0.00296974
1 0.283594 0.804883 0.153125 0.305859 0.00284576
1 0.525781 0.19375 0.234375 0.348828 0.00283432
0 0.259375 0.205078 0.135937 0.300781 0.00282288
0 0.623438 0.0772217 0.108594 0.108447 0.00269318
1 0.722266 0.782812 0.101562 0.16875 0.00261116
1 0.85625 0.495313 0.104687 0.13125 0.00260162
1 0.2625 0.213281 0.144922 0.269922 0.00253105
1 0.764844 0.0838135 0.0796875 0.120264 0.00253105
1 0.857813 0.540625 0.115625 0.2125 0.00233269
1 0.673828 0.960156 0.0632813 0.0796875 0.00232315
1 0.803125 0.314893 0.270312 0.366309 0.00232315
0 0.378516 0.577344 0.0554687 0.0796875 0.00223351
1 0.728125 0.532031 0.1 0.2125 0.00216484
1 0.800781 0.75 0.251563 0.359375 0.00212479
1 0.606641 0.834766 0.524219 0.330469 0.00211525
1 0.419922 0.221484 0.135156 0.274219 0.00206757
0 0.865625 0.53125 0.096875 0.207813 0.00206757
0 0.614453 0.777344 0.0835937 0.154687 0.0020504
0 0.604688 0.81543 0.326562 0.259766 0.00198746
1 0.278516 0.487891 0.1625 0.311719 0.00185299
1 0.457422 0.838086 0.492969 0.323828 0.0018177
0 0.542969 0.191846 0.164062 0.351465 0.0018177
0 0.449121 0.231201 0.183008 0.275098 0.00179577
1 0.532129 0.822656 0.732617 0.354688 0.00176144
0 0.934375 0.0972656 0.13125 0.194531 0.00174141
0 0.353711 0.841797 0.634766 0.316406 0.00173378
0 0.750391 0.0867188 0.0976562 0.126563 0.00172043
1 0.248486 0.183496 0.381934 0.366992 0.0017004
0 0.356641 0.121777 0.0890625 0.0734375 0.00168705
0 0.553906 0.760547 0.165625 0.125781 0.00167465
0 0.714844 0.813281 0.0882813 0.140625 0.00163555
1 0.623438 0.0772217 0.108594 0.108447 0.00159168
1 0.252393 0.177783 0.155371 0.351465 0.00158501
0 0.525781 0.19375 0.234375 0.348828 0.00157928
0 0.471484 0.514063 0.15 0.267188 0.00154877
0 0.854688 0.234961 0.232812 0.326953 0.00151253
0 0.248486 0.183496 0.381934 0.366992 0.00150681
1 0.867969 0.25957 0.135937 0.273047 0.00150108
0 0.723437 0.516406 0.078125 0.189063 0.00149536
0 0.49375 0.828906 0.176563 0.278125 0.00148964
0 0.9375 0.105444 0.125 0.134424 0.00146103
0 0.865625 0.358008 0.134375 0.0816406 0.00145531
1 0.886719 0.209717 0.0890625 0.135254 0.00145531
0 0.867969 0.25957 0.135937 0.273047 0.00145531
1 0.750391 0.0867188 0.0976562 0.126563 0.0014267
0 0.305469 0.817969 0.108594 0.28125 0.00141621
0 0.53125 0.179639 0.3875 0.350879 0.00139427
1 0.53125 0.179639 0.3875 0.350879 0.00137806
0 0.632812 0.0894531 0.0984375 0.121484 0.00137806
1 0.86875 0.523438 0.084375 0.196875 0.00137234
1 0.5625 0.203467 0.146875 0.316504 0.00136662
0 0.660156 0.0875 0.0414063 0.0589844 0.00136662
0 0.696875 0.972656 0.090625 0.0546875 0.00134563
0 0.702344 0.259766 0.0804688 0.182031 0.00134087
1 0.316406 0.81875 0.09375 0.253125 0.00133514
0 0.151074 0.224414 0.117383 0.220703 0.00133038
0 0.765625 0.967969 0.0390625 0.0640625 0.00132465
1 0.871094 0.786719 0.126563 0.167187 0.00131989
0 0.321094 0.81543 0.084375 0.269141 0.00131989
1 0.877344 0.771875 0.1125 0.128125 0.00131512
0 0.920703 0.685938 0.158594 0.482812 0.00131512
1 0.49375 0.828906 0.176563 0.278125 0.0012846
0 0.363086 0.112012 0.0792969 0.0943359 0.0012846
1 0.356641 0.121777 0.0890625 0.0734375 0.00127411
0 0.616309 0.188281 0.533008 0.376563 0.00127411
0 0.882812 0.208545 0.0875 0.137598 0.00126457
0 0.346484 0.182031 0.502344 0.364062 0.0012598
0 0.604688 0.762891 0.09375 0.127344 0.0012598
1 0.629687 0.065918 0.179688 0.131836 0.00125504
1 0.616309 0.188281 0.533008 0.376563 0.00124931
0 0.629687 0.065918 0.179688 0.131836 0.00124931
1 0.222461 0.59834 0.269922 0.45332 0.00123978
1 0.697656 0.991406 0.090625 0.0171875 0.00121593
1 0.934375 0.0972656 0.13125 0.194531 0.00120163
1 0.854688 0.234961 0.232812 0.326953 0.00120163
0 0.636328 0.0537598 0.146094 0.10752 0.00119686
0 0.278516 0.487891 0.1625 0.311719 0.00118351
0 0.697656 0.991406 0.090625 0.0171875 0.00117874
1 0.636328 0.0537598 0.146094 0.10752 0.00117397
0 0.967188 0.492871 0.065625 0.362695 0.0011692
1 0.554688 0.166895 0.129688 0.132617 0.00115108
0 0.641016 0.147949 0.394531 0.289258 0.00114727
0 0.942969 0.119043 0.114063 0.238086 0.00113773
1 0.569141 0.807617 0.152344 0.284766 0.00113392
0 0.569141 0.807617 0.152344 0.284766 0.00113392
0 0.462402 0.510254 0.348633 0.276367 0.00112915
1 0.632812 0.0894531 0.0984375 0.121484 0.0011158
1 0.596875 0.0501953 0.157031 0.100391 0.0011158
1 0.901563 0.235889 0.1 0.182129 0.0011158
1 0.541016 0.181445 0.166406 0.362891 0.00111198
0 0.741406 0.0710449 0.160938 0.128613 0.0011034
0 0.594922 0.0765381 0.0523437 0.101611 0.00109005
1 0.714844 0.813281 0.0882813 0.140625 0.00108147
0 0.969531 0.435156 0.0609375 0.367188 0.00108147
1 0.878906 0.193359 0.0921875 0.110156 0.00107765
1 0.346484 0.182031 0.502344 0.364062 0.00107288
0 0.902344 0.75 0.195312 0.471875 0.00107288
1 0.673828 0.961719 0.0695312 0.0765625 0.00106049
1 0.569531 0.097168 0.223438 0.194336 0.00106049
1 0.613281 0.522656 0.078125 0.167187 0.00106049
1 0.746875 0.0494629 0.142188 0.0989258 0.00105286
0 0.406934 0.222607 0.10332 0.230566 0.00104809
0 0.877344 0.771875 0.1125 0.128125 0.00104046
1 0.921484 0.705859 0.157031 0.494531 0.00104046
1 0.364648 0.388672 0.0847656 0.09375 0.00104046
0 0.871094 0.786719 0.126563 0.167187 0.00104046
1 0.741406 0.0710449 0.160938 0.128613 0.00103664
1 0.471484 0.514063 0.15 0.267188 0.00103188
1 0.603125 0.494531 0.090625 0.195312 0.00103188
0 0.742969 0.160254 0.20625 0.29082 0.00102806
0 0.362891 0.385938 0.569531 0.514063 0.00102043
0 0.572656 0.228516 0.124219 0.25625 0.00100803
0 0.722656 0.985156 0.0835937 0.0296875 0.00100803
1 0.406934 0.222607 0.10332 0.230566 0.00100422
1 0.499219 0.230859 0.297656 0.279687 0.847168
1 0.243799 0.8125 0.26084 0.279687 0.800781
1 0.517187 0.516016 0.260938 0.267188 0.776855
1 0.798242 0.540625 0.247266 0.236719 0.760742
1 0.807031 0.267139 0.29375 0.277441 0.754883
1 0.223828 0.518359 0.305469 0.286719 0.688477
1 0.828906 0.828125 0.320312 0.282813 0.656738
1 0.212695 0.229736 0.260547 0.255371 0.568848
1 0.534375 0.807813 0.253125 0.226562 0.53125
1 0.535937 0.773438 0.25 0.159375 0.495117
0 0.546484 0.767578 0.235938 0.146094 0.291748
0 0.807031 0.267139 0.29375 0.277441 0.191284
0 0.517578 0.520312 0.2625 0.265625 0.118408
0 0.314453 0.98125 0.226562 0.0375 0.0658569
0 0.209961 0.229639 0.270703 0.259473 0.06427
0 0.499219 0.230859 0.297656 0.279687 0.0635986
0 0.521484 0.452344 0.257031 0.132812 0.0632324
0 0.6875 0.962891 0.35625 0.0742188 0.0566406
0 0.776758 0.971875 0.280859 0.05625 0.0566406
0 0.8 0.540625 0.25625 0.239844 0.0482178
0 0.842969 0.973437 0.195312 0.053125 0.0428772
0 0.636328 0.963281 0.142188 0.0734375 0.0405273
0 0.355273 0.982031 0.448828 0.0359375 0.0390625
0 0.820508 0.825781 0.299609 0.285937 0.0372009
0 0.534375 0.807813 0.253125 0.226562 0.0327148
0 0.753516 0.969531 0.399219 0.0609375 0.0278015
0 0.223242 0.517187 0.306641 0.291406 0.0266113
0 0.339844 0.386719 0.158594 0.0898438 0.0236053
0 0.784375 0.971875 0.390625 0.05625 0.0220337
0 0.243799 0.8125 0.26084 0.279687 0.0215302
0 0.670313 0.972266 0.329688 0.0554687 0.0207214
0 0.849023 0.971875 0.301953 0.05625 0.0191193
0 0.789062 0.489062 0.257812 0.1375 0.0175171
0 0.928125 0.977734 0.14375 0.0445312 0.0170441
0 0.735156 0.975781 0.514063 0.0484375 0.016098
1 0.776758 0.971875 0.280859 0.05625 0.0156021
1 0.477441 0.825781 0.39043 0.275 0.0150757
0 0.801758 0.75625 0.293359 0.1375 0.0140076
1 0.6875 0.962891 0.35625 0.0742188 0.0140076
0 0.730859 0.79043 0.117969 0.144141 0.0126266
0 0.574219 0.774219 0.175 0.142188 0.0121918
0 0.619922 0.966406 0.207813 0.0671875 0.0115967
1 0.314453 0.98125 0.226562 0.0375 0.011116
1 0.753516 0.969531 0.399219 0.0609375 0.0109024
1 0.842969 0.973437 0.195312 0.053125 0.0106125
0 0.378027 0.579687 0.0658203 0.0828125 0.0102081
0 0.287891 0.980078 0.407031 0.0398437 0.0100098
0 0.00997314 0.122852 0.0199463 0.245703 0.00993347
0 0.226172 0.437891 0.310156 0.127344 0.00974274
1 0.648047 0.964063 0.119531 0.071875 0.00912476
0 0.671875 0.685547 0.148438 0.115625 0.00905609
0 0.0281738 0.709375 0.0563477 0.071875 0.00806427
0 0.664844 0.983594 0.426562 0.0328125 0.00763702
1 0.355273 0.982031 0.448828 0.0359375 0.00740433
1 0.784375 0.971875 0.390625 0.05625 0.00714874
0 0.839063 0.5125 0.15625 0.185937 0.00658798
0 0.804883 0.205273 0.340234 0.152734 0.00641251
0 0.274805 0.98125 0.549609 0.0375 0.00631332
0 0.611719 0.976562 0.398438 0.046875 0.00631332
1 0.705078 0.965625 0.422656 0.06875 0.00605011
0 0.925391 0.98125 0.149219 0.0375 0.00600433
1 0.735156 0.975781 0.514063 0.0484375 0.00591278
0 0.769531 0.969531 0.0453125 0.0609375 0.00588989
0 0.877344 0.334375 0.140625 0.128906 0.005867
1 0.521484 0.452344 0.257031 0.132812 0.005867
0 0.814258 0.738281 0.343359 0.1125 0.00547028
0 0.403516 0.986719 0.438281 0.0265625 0.00544739
0 0.851367 0.974219 0.297266 0.0515625 0.0050621
0 0.763672 0.780469 0.183594 0.16875 0.00502014
0 0.929688 0.108301 0.140625 0.139648 0.00494385
0 0.469141 0.679688 0.0445312 0.0796875 0.00482941
1 0.849023 0.971875 0.301953 0.05625 0.00479126
1 0.341797 0.390625 0.14375 0.102344 0.00475693
0 0.429297 0.702344 0.244531 0.075 0.00471878
0 0.821875 0.971094 0.176563 0.0578125 0.00443268
0 0.475781 0.679688 0.0609375 0.0703125 0.00434875
0 0.663281 0.0904053 0.0578125 0.0594238 0.0042305
1 0.866797 0.562891 0.266406 0.574219 0.00397491
1 0.933594 0.597656 0.132812 0.626562 0.00378036
0 0.446094 0.4875 0.107813 0.173438 0.00376511
0 0.395996 0.983594 0.320508 0.0328125 0.00370789
0 0.385547 0.700391 0.196875 0.0757812 0.00367928
0 0.739062 0.966406 0.3125 0.0671875 0.00367928
1 0.574219 0.774219 0.175 0.142188 0.00362206
0 0.616406 0.976172 0.35625 0.0476562 0.00358009
0 0.717578 0.802344 0.096875 0.139062 0.00345612
0 0.532031 0.986719 0.39375 0.0265625 0.00337601
0 0.179883 0.973047 0.336719 0.0539063 0.00337601
0 0.890625 0.975 0.21875 0.05 0.00335121
0 0.938672 0.423828 0.122656 0.142969 0.00325966
1 0.670313 0.972266 0.329688 0.0554687 0.00324821
1 0.955469 0.553809 0.0890625 0.618945 0.00318527
1 0.801758 0.75625 0.293359 0.1375 0.00314713
1 0.416309 0.821875 0.62832 0.290625 0.00305176
0 0.208594 0.989062 0.417188 0.021875 0.00304031
0 0.77793 0.971875 0.0691406 0.05625 0.00292397
0 0.00244141 0.903906 0.00488281 0.192188 0.00273705
0 0.882031 0.981641 0.235938 0.0367187 0.0026722
0 0.75 0.79707 0.154687 0.143359 0.00264168
1 0.928125 0.977734 0.14375 0.0445312 0.00263214
0 0.746875 0.285498 0.1875 0.222754 0.00257111
0 0.705078 0.965625 0.422656 0.06875 0.00257111
0 0.576563 0.907812 0.16875 0.071875 0.00255013
0 0.401172 0.632422 0.214844 0.157031 0.00252151
0 0.835938 0.603906 0.153125 0.09375 0.00251198
0 0.0352051 0.715625 0.0576172 0.084375 0.00251198
1 0.83125 0.774219 0.3375 0.432813 0.00246239
0 0.315039 0.975 0.207422 0.05 0.00235939
0 0.00709228 0.0916016 0.0141846 0.183203 0.00234222
1 0.789062 0.489062 0.257812 0.1375 0.00228691
1 0.619922 0.966406 0.207813 0.0671875 0.00226974
0 0.280859 0.292578 0.065625 0.0851562 0.00226974
1 0.201318 0.446875 0.395801 0.635156 0.00224304
0 0.80293 0.603906 0.222266 0.09375 0.00221634
0 0.216992 0.586328 0.292578 0.133594 0.00218201
0 0.368555 0.38916 0.202734 0.10293 0.00216484
0 0.696094 0.121387 0.25625 0.0865234 0.00214958
1 0.739062 0.966406 0.3125 0.0671875 0.00214958
0 0.399219 0.705078 0.059375 0.075 0.00213242
1 0.187305 0.45625 0.374609 0.83125 0.00209999
1 0.839063 0.5125 0.15625 0.185937 0.00200272
1 0.851367 0.974219 0.297266 0.0515625 0.00194168
0 0.932813 0.132617 0.134375 0.139844 0.00193405
1 0.671875 0.685547 0.148438 0.115625 0.00189686
0 0.298779 0.388379 0.247754 0.0779297 0.00186729
1 0.61709 0.95625 0.67832 0.0875 0.00186729
1 0.00997314 0.122852 0.0199463 0.245703 0.00185299
1 0.234766 0.437109 0.285156 0.125781 0.00182438
1 0.287891 0.980078 0.407031 0.0398437 0.00179577
0 0.405469 0.632031 0.0484375 0.0640625 0.00179577
0 0.385547 0.686328 0.191406 0.0851562 0.00176811
1 0.879687 0.835742 0.240625 0.328516 0.00174141
1 0.661719 0.982813 0.467187 0.034375 0.0017271
1 0.891406 0.723437 0.217187 0.545313 0.00168705
0 0.366797 0.592188 0.159375 0.09375 0.0016613
0 0.661328 0.0969727 0.0492188 0.0541016 0.00163555
0 0.673437 0.955469 0.0578125 0.0890625 0.00162315
1 0.877344 0.334375 0.140625 0.128906 0.00160408
0 0.0925781 0.723828 0.185156 0.107031 0.0015974
0 0.230029 0.74375 0.278223 0.15 0.00157356
0 0.832031 0.761719 0.214062 0.134375 0.00153637
0 0.783594 0.283789 0.24375 0.226172 0.00152493
0 0.461719 0.796875 0.123438 0.173438 0.00152493
1 0.742188 0.954687 0.34375 0.090625 0.00150108
1 0.622656 0.958594 0.1625 0.0765625 0.00148964
1 0.602734 0.967578 0.738281 0.0648438 0.00148392
0 0.735937 0.510938 0.117188 0.173438 0.00146103
1 0.962109 0.462891 0.0757812 0.564844 0.00144958
0 0.514453 0.564062 0.241406 0.167187 0.00138855
1 0.403516 0.986719 0.438281 0.0265625 0.00136662
0 0.112695 0.193555 0.0609375 0.105078 0.00135612
1 0.947266 0.651172 0.105469 0.607031 0.00132465
1 0.925391 0.98125 0.149219 0.0375 0.00132465
0 0.763281 0.970312 0.0375 0.059375 0.00131512
0 0.438672 0.697656 0.314063 0.0828125 0.00131512
1 0.903906 0.65 0.192188 0.7 0.00129414
0 0.935938 0.984766 0.128125 0.0304688 0.0012846
0 0.403125 0.690625 0.0640625 0.0578125 0.00127411
1 0.566016 0.818555 0.395312 0.275391 0.00124454
0 0.289062 0.451172 0.167187 0.114063 0.00122547
1 0.274805 0.98125 0.549609 0.0375 0.0012207
0 0.271875 0.303906 0.0671875 0.0765625 0.00121593
1 0.429297 0.702344 0.244531 0.075 0.00121117
1 0.964063 0.649609 0.071875 0.607031 0.00120163
0 0.717188 0.972656 0.0625 0.0546875 0.00120163
1 0.821875 0.971094 0.176563 0.0578125 0.00117397
0 0.00458984 0.792969 0.00917969 0.339063 0.00117397
0 0.336328 0.985156 0.0851562 0.0296875 0.00116062
0 0.477441 0.825781 0.39043 0.275 0.00116062
0 0.528906 0.982031 0.332812 0.0359375 0.00115585
0 0.364648 0.116211 0.219922 0.0648438 0.0011425
0 0.0103027 0.175195 0.0206055 0.350391 0.0011425
0 0.823438 0.985156 0.353125 0.0296875 0.00113773
0 0.373437 0.108203 0.0578125 0.0472656 0.00112438
0 0.829492 0.493359 0.184766 0.139844 0.00111198
1 0.166016 0.578809 0.332031 0.636133 0.00110722
0 0.311719 0.392578 0.174219 0.105469 0.00109863
1 0.611719 0.976562 0.398438 0.046875 0.00106525
1 0.368555 0.38916 0.202734 0.10293 0.00106049
0 0.602734 0.967578 0.738281 0.0648438 0.00104809
1 0.804883 0.205273 0.340234 0.152734 0.00104427
0 0.321875 0.982813 0.071875 0.034375 0.00102806
0 0.384375 0.614453 0.184375 0.142188 0.00102043
0 0.716406 0.46875 0.0671875 0.0851562 0.00101662
1 0.911719 0.436719 0.176563 0.645312 0.00101662
0 0.235986 0.439063 0.385059 0.148438 0.00101662
0 0.939062 0.644531 0.121875 0.1125 0.00100803
1 0.243555 0.805469 0.257031 0.271875 0.823242
1 0.800195 0.539062 0.240234 0.239063 0.822266
1 0.226611 0.503906 0.295215 0.277344 0.803711
1 0.521094 0.514844 0.251563 0.270312 0.780762
1 0.810156 0.266797 0.296875 0.273438 0.728516
1 0.8125 0.805469 0.279687 0.246875 0.704102
1 0.547656 0.809375 0.235938 0.228125 0.703125
1 0.503223 0.225391 0.288867 0.272656 0.682617
1 0.221094 0.226123 0.253516 0.264941 0.413086
0 0.669531 0.959375 0.0726563 0.0765625 0.111267
0 0.744531 0.777344 0.15625 0.18125 0.108215
0 0.552344 0.747656 0.240625 0.101562 0.0900879
0 0.653906 0.960156 0.104687 0.0765625 0.0761108
0 0.791406 0.742578 0.235938 0.116406 0.0658569
0 0.523438 0.450391 0.257812 0.124219 0.0639648
0 0.166602 0.207227 0.153516 0.192969 0.0609741
0 0.219727 0.422656 0.317578 0.107031 0.0328369
0 0.245508 0.727344 0.250391 0.109375 0.03125
0 0.8 0.728125 0.26875 0.0953125 0.0310211
0 0.647656 0.957422 0.132031 0.0851562 0.0307922
0 0.358203 0.379297 0.116406 0.0921875 0.0289764
1 0.742578 0.776367 0.149219 0.178516 0.0287628
1 0.552344 0.747656 0.240625 0.101562 0.0250854
1 0.669531 0.959375 0.0726563 0.0765625 0.0248871
1 0.653906 0.960156 0.104687 0.0765625 0.0247955
0 0.547656 0.809375 0.235938 0.228125 0.0240479
0 0.522656 0.514453 0.253125 0.261719 0.0239563
0 0.467578 0.473437 0.153125 0.165625 0.0235138
0 0.458594 0.509375 0.139062 0.235938 0.0229797
0 0.729297 0.26875 0.136719 0.257812 0.0227966
0 0.800781 0.480859 0.240625 0.117969 0.0222015
0 0.78125 0.964063 0.107813 0.071875 0.0213623
0 0.489062 0.5875 0.192969 0.125 0.0207977
1 0.791406 0.742578 0.235938 0.116406 0.0205688
0 0.814844 0.268945 0.296875 0.274609 0.0202484
1 0.523438 0.450391 0.257812 0.124219 0.0188293
1 0.489062 0.5875 0.192969 0.125 0.0184784
0 0.941406 0.442578 0.117188 0.23125 0.0184021
0 0.505371 0.229639 0.293945 0.271191 0.0182953
0 0.375781 0.582812 0.0789063 0.075 0.0181274
1 0.358203 0.379297 0.116406 0.0921875 0.0171814
1 0.800781 0.480859 0.240625 0.117969 0.016922
1 0.219727 0.422656 0.317578 0.107031 0.0162201
1 0.166602 0.207227 0.153516 0.192969 0.0162201
1 0.56875 0.529688 0.151562 0.229687 0.0157166
0 0.548828 0.776367 0.239844 0.159766 0.014061
1 0.458594 0.509375 0.139062 0.235938 0.0136337
0 0.4875 0.0437012 0.201562 0.0860352 0.0130234
0 0.669531 0.958594 0.0992187 0.0828125 0.0129242
0 0.344141 0.0706055 0.159375 0.140625 0.012825
0 0.636328 0.0646973 0.138281 0.12334 0.0127258
0 0.410937 0.716406 0.0851562 0.117188 0.0120544
0 0.0518066 0.311914 0.103613 0.185547 0.0120544
0 0.800195 0.539062 0.240234 0.239063 0.0118256
0 0.474219 0.571875 0.165625 0.151562 0.0112457
1 0.591406 0.513281 0.115625 0.25625 0.0109863
1 0.244336 0.737891 0.254297 0.133594 0.0108185
0 0.750781 0.499219 0.135937 0.157813 0.0107346
0 0.356055 0.0385742 0.211328 0.0744141 0.0100937
1 0.839844 0.530469 0.151562 0.233594 0.00997162
0 0.366211 0.0515625 0.160547 0.102344 0.00981903
1 0.636328 0.0646973 0.138281 0.12334 0.00971222
0 0.739062 0.527344 0.128125 0.21875 0.00930023
0 0.56875 0.529688 0.151562 0.229687 0.00919342
0 0.620313 0.961719 0.189063 0.075 0.0091629
0 0.365234 0.392188 0.10625 0.132812 0.0091629
0 0.369141 0.590234 0.102344 0.0882813 0.00912476
0 0.701563 0.960156 0.134375 0.0765625 0.00905609
1 0.8 0.728125 0.26875 0.0953125 0.00878143
1 0.0518066 0.311914 0.103613 0.185547 0.0086441
0 0.8125 0.805469 0.279687 0.246875 0.00861359
0 0.0461426 0.859375 0.0922852 0.103125 0.00841522
0 0.735156 0.960938 0.096875 0.075 0.008255
0 0.226611 0.503906 0.295215 0.277344 0.00818634
1 0.274219 0.177295 0.378125 0.310254 0.00815582
0 0.0740234 0.0745605 0.148047 0.146191 0.00806427
1 0.474219 0.571875 0.165625 0.151562 0.00793457
1 0.16604 0.590625 0.184326 0.123438 0.0078125
0 0.0488281 0.2875 0.0976562 0.138672 0.00751877
0 0.524609 0.586719 0.217187 0.123438 0.00717545
0 0.789062 0.194922 0.25625 0.128125 0.00701141
1 0.287305 0.501562 0.164453 0.264844 0.0069046
1 0.729297 0.26875 0.136719 0.257812 0.00671768
1 0.344141 0.0706055 0.159375 0.140625 0.00666809
1 0.875 0.7875 0.146875 0.215625 0.00653839
1 0.55625 0.766797 0.226562 0.144531 0.0064888
1 0.941406 0.442578 0.117188 0.23125 0.00643921
1 0.271484 0.246484 0.153125 0.207813 0.00629044
0 0.647656 0.0508789 0.171875 0.100586 0.00616837
0 0.942578 0.42959 0.114844 0.15332 0.00614548
0 0.591406 0.513281 0.115625 0.25625 0.00614548
0 0.839844 0.530469 0.151562 0.233594 0.00600433
1 0.287695 0.227539 0.123828 0.24375 0.00600433
1 0.564844 0.228857 0.164062 0.262598 0.00600433
0 0.294141 0.226611 0.1125 0.237402 0.00593567
0 0.348242 0.729688 0.0691406 0.14375 0.005867
1 0.467578 0.473437 0.153125 0.165625 0.00577545
1 0.474609 0.0468262 0.217969 0.0918945 0.00575256
1 0.647656 0.957422 0.132031 0.0851562 0.00572968
0 0.377246 0.614844 0.10957 0.120312 0.00542831
1 0.739062 0.527344 0.128125 0.21875 0.00542831
1 0.410937 0.716406 0.0851562 0.117188 0.00538635
0 0.254883 0.437891 0.366797 0.136719 0.00534439
0 0.416797 0.0464966 0.222656 0.0915771 0.00516129
1 0.365234 0.392188 0.10625 0.132812 0.0050621
1 0.524609 0.586719 0.217187 0.123438 0.0050621
1 0.78125 0.964063 0.107813 0.071875 0.00502014
0 0.59375 0.0686035 0.109375 0.110059 0.00498199
0 0.421875 0.23125 0.150781 0.240234 0.00498199
1 0.0488281 0.2875 0.0976562 0.138672 0.00481033
1 0.372656 0.170312 0.571875 0.308594 0.00477219
1 0.375781 0.582812 0.0789063 0.075 0.00471878
0 0.170117 0.589844 0.170703 0.125 0.00468063
0 0.165039 0.0660034 0.182031 0.0843994 0.0045929
0 0.324023 0.985156 0.222266 0.0296875 0.00445175
1 0.282813 0.539844 0.175781 0.209375 0.00429916
0 0.287305 0.501562 0.164453 0.264844 0.00429916
0 0.341406 0.0859131 0.126563 0.149268 0.00429916
0 0.430469 0.530859 0.0828125 0.253906 0.0042305
0 0.396875 0.042627 0.303906 0.081543 0.00416565
1 0.361719 0.586719 0.115625 0.0828125 0.00416565
0 0.360156 0.621875 0.122656 0.173438 0.00415039
0 0.810742 0.9625 0.159766 0.075 0.00413513
0 0.655859 0.0765625 0.153906 0.148633 0.00413513
0 0.512891 0.0562012 0.175781 0.106152 0.00402451
1 0.366211 0.0515625 0.160547 0.102344 0.00400543
0 0.696875 0.0783447 0.103125 0.152686 0.0039444
0 0.271484 0.246484 0.153125 0.207813 0.00388527
0 0.875 0.7875 0.146875 0.215625 0.00385475
1 0.577344 0.884375 0.176563 0.134375 0.00382423
0 0.195898 0.0623047 0.155078 0.0746094 0.00378036
0 0.0102783 0.105859 0.0205566 0.211719 0.0037365
1 0.0740234 0.0745605 0.148047 0.146191 0.00367928
0 0.400781 0.71875 0.10625 0.142188 0.0036068
1 0.655859 0.0765625 0.153906 0.148633 0.00359344
0 0.346484 0.127148 0.125 0.100781 0.00359344
1 0.346484 0.127148 0.125 0.100781 0.00352478
1 0.870313 0.286328 0.16875 0.221094 0.00351143
0 0.352344 0.676562 0.103125 0.142969 0.00351143
1 0.341406 0.0859131 0.126563 0.149268 0.00349617
0 0.508691 0.153906 0.282617 0.117188 0.00342941
0 0.9625 0.778125 0.075 0.2625 0.00337601
0 0.967969 0.795508 0.0640625 0.143359 0.00336266
0 0.38916 0.680469 0.118555 0.166406 0.00332451
1 0.00970459 0.735937 0.0194092 0.478125 0.00332451
0 0.361328 0.0848633 0.1125 0.145898 0.00329781
1 0.59375 0.0686035 0.109375 0.110059 0.00327301
0 0.625781 0.0929932 0.11875 0.156982 0.00327301
0 0.262891 0.0526367 0.159375 0.0773437 0.00319672
0 0.0479004 0.824219 0.0958008 0.167187 0.00314713
1 0.165039 0.0660034 0.182031 0.0843994 0.00314713
1 0.625781 0.0929932 0.11875 0.156982 0.00312424
1 0.348242 0.729688 0.0691406 0.14375 0.00309944
0 0.0301636 0.750781 0.0537354 0.18125 0.00309944
0 0.794531 0.07854 0.2 0.118701 0.0030632
0 0.764844 0.723437 0.16875 0.090625 0.00305176
0 0.456152 0.984375 0.17832 0.03125 0.00300407
0 0.298438 0.0375977 0.309375 0.0677734 0.00300407
1 0.356055 0.0385742 0.211328 0.0744141 0.00298119
0 0.21582 0.235596 0.248047 0.247559 0.00294685
0 0.409473 0.734766 0.0919922 0.127344 0.00288963
0 0.964063 0.764844 0.071875 0.134375 0.00282288
0 0.689844 0.048877 0.15 0.0950195 0.00279045
1 0.400781 0.71875 0.10625 0.142188 0.00277901
1 0.864844 0.821875 0.13125 0.2875 0.00277901
1 0.696875 0.0783447 0.103125 0.152686 0.00269318
1 0.305664 0.212842 0.0847656 0.204785 0.00269318
1 0.154883 0.231055 0.139062 0.249609 0.00265312
0 0.632812 0.11543 0.121094 0.212109 0.00265312
0 0.403516 0.641406 0.0648438 0.08125 0.00261116
1 0.254883 0.437891 0.366797 0.136719 0.00259018
1 0.421875 0.23125 0.150781 0.240234 0.00257111
1 0.575781 0.776563 0.33125 0.16875 0.00256157
0 0.473828 0.795117 0.10625 0.187891 0.0024929
1 0.377246 0.614844 0.10957 0.120312 0.0024929
1 0.348828 0.17168 0.117188 0.176172 0.0024929
0 0.935938 0.617578 0.128125 0.183594 0.00246239
1 0.727734 0.983203 0.463281 0.0335938 0.00243378
1 0.0524414 0.66875 0.104883 0.154687 0.00240517
1 0.632812 0.11543 0.121094 0.212109 0.00237846
0 0.305664 0.212842 0.0847656 0.204785 0.00237846
0 0.352734 0.757422 0.05625 0.178906 0.00237846
0 0.061377 0.7 0.122559 0.145313 0.00237846
1 0.360156 0.621875 0.122656 0.173438 0.00235939
1 0.647656 0.0508789 0.171875 0.100586 0.00235939
0 0.244873 0.753125 0.248535 0.171875 0.00234222
0 0.760547 0.179883 0.222656 0.105078 0.00232315
0 0.0833496 0.954687 0.166699 0.0890625 0.00232315
0 0.462891 0.0477539 0.298438 0.0912109 0.00231361
0 0.243555 0.805469 0.257031 0.271875 0.00230598
0 0.897656 0.961719 0.204688 0.075 0.00230598
0 0.953125 0.41875 0.09375 0.130469 0.00230598
1 0.750781 0.499219 0.135937 0.157813 0.00223351
1 0.620313 0.961719 0.189063 0.075 0.00219917
0 0.564844 0.228857 0.164062 0.262598 0.00218201
1 0.508691 0.153906 0.282617 0.117188 0.00218201
0 0.348828 0.17168 0.117188 0.176172 0.00216484
1 0.914844 0.985937 0.170312 0.028125 0.00214958
0 0.760547 0.0792969 0.158594 0.134766 0.00214958
1 0.512891 0.0562012 0.175781 0.106152 0.00213242
0 0.514453 0.420312 0.257031 0.0828125 0.0020752
1 0.701563 0.960156 0.134375 0.0765625 0.00206757
0 0.773047 0.492969 0.183594 0.145313 0.00206757
0 0.776563 0.795508 0.173438 0.224609 0.00206757
1 0.735156 0.960938 0.096875 0.075 0.00206757
1 0.361328 0.0848633 0.1125 0.145898 0.0020504
0 0.154883 0.231055 0.139062 0.249609 0.00204277
0 0.233789 0.0583008 0.185547 0.0679687 0.00204277
1 0.885938 0.986328 0.21875 0.0273438 0.00203514
0 0.954687 0.605859 0.090625 0.203906 0.00203514
0 0.725 0.960156 0.123438 0.0796875 0.00203514
1 0.38916 0.680469 0.118555 0.166406 0.00202751
1 0.352344 0.676562 0.103125 0.142969 0.00200272
1 0.262451 0.271875 0.175098 0.1625 0.00198746
0 0.282813 0.539844 0.175781 0.209375 0.0019722
1 0.314063 0.186377 0.0863281 0.192871 0.0019722
0 0.577344 0.884375 0.176563 0.134375 0.0019722
1 0.416797 0.0464966 0.222656 0.0915771 0.0019722
0 0.0629883 0.321875 0.125977 0.224219 0.00195694
1 0.776563 0.795508 0.173438 0.224609 0.00195694
1 0.195898 0.0623047 0.155078 0.0746094 0.00194168
1 0.842188 0.767969 0.2125 0.145313 0.00193405
1 0.0470703 0.611328 0.0941406 0.164844 0.00193405
1 0.400879 0.125098 0.632617 0.224805 0.00192642
1 0.636621 0.117188 0.686133 0.197656 0.00192642
1 0.409473 0.734766 0.0919922 0.127344 0.00192642
1 0.0461426 0.859375 0.0922852 0.103125 0.00192642
1 0.0569336 0.702344 0.111914 0.138281 0.00191212
0 0.371484 0.463281 0.0828125 0.3 0.00186729
1 0.845312 0.986719 0.239063 0.0265625 0.00186062
1 0.829492 0.84082 0.287891 0.274609 0.00183105
1 0.765625 0.985937 0.335938 0.028125 0.00181007
0 0.0314941 0.708203 0.0574219 0.163281 0.00179577
1 0.0629883 0.321875 0.125977 0.224219 0.00179577
1 0.575 0.908594 0.18125 0.0859375 0.00177479
1 0.172461 0.808594 0.126953 0.264062 0.00175476
1 0.430469 0.530859 0.0828125 0.253906 0.00175476
1 0.804883 0.9875 0.243359 0.025 0.00175476
0 0.330664 0.203516 0.0714844 0.23125 0.00173378
1 0.3375 0.151074 0.129688 0.165039 0.0017004
1 0.0109497 0.205078 0.0218994 0.410156 0.00168133
0 0.902344 0.0763428 0.195312 0.147314 0.00167465
0 0.00664063 0.736719 0.0132813 0.3125 0.00167465
1 0.669531 0.958594 0.0992187 0.0828125 0.00166798
0 0.852344 0.961719 0.25 0.0765625 0.00165462
0 0.0411133 0.795313 0.0798828 0.223438 0.00165462
0 0.477734 0.989062 0.216406 0.021875 0.00165462
1 0.942578 0.42959 0.114844 0.15332 0.0016489
0 0.172461 0.808594 0.126953 0.264062 0.0016489
1 0.552734 0.557813 0.191406 0.178125 0.00163555
1 0.663965 0.15918 0.650195 0.293359 0.00162315
0 0.335156 0.989062 0.239063 0.021875 0.00162315
1 0.951563 0.455469 0.096875 0.140625 0.0015974
0 0.89375 0.804492 0.109375 0.197266 0.00159168
0 0.738281 0.0781494 0.135937 0.147998 0.00158501
1 0.262891 0.0526367 0.159375 0.0773437 0.00158501
0 0.959375 0.764844 0.08125 0.1875 0.00157928
0 0.417188 0.701563 0.0859375 0.126563 0.00156116
0 0.842188 0.767969 0.2125 0.145313 0.00154877
1 0.66875 0.0816406 0.101562 0.163281 0.00152493
1 0.127832 0.0682129 0.249805 0.100293 0.0015192
0 0.127832 0.0682129 0.249805 0.100293 0.00151253
1 0.807813 0.073584 0.204688 0.105957 0.00151253
0 0.928516 0.641406 0.142969 0.128125 0.00150108
0 0.824219 0.0682617 0.215625 0.102148 0.00150108
0 0.936719 0.960938 0.126563 0.065625 0.00150108
0 0.914844 0.985937 0.170312 0.028125 0.00149536
0 0.746875 0.818945 0.15625 0.124609 0.00148392
1 0.589453 0.228467 0.120312 0.258691 0.00146103
0 0.563281 0.0477051 0.242188 0.0905273 0.00145531
0 0.308008 0.722656 0.141016 0.1125 0.00143814
1 0.902344 0.0763428 0.195312 0.147314 0.0014267
0 0.0453613 0.898438 0.090332 0.185937 0.0014267
1 0.529688 0.175049 0.255469 0.157715 0.00142097
0 0.964063 0.83418 0.071875 0.162891 0.00142097
0 0.644531 0.14668 0.096875 0.280859 0.00141621
1 0.936719 0.985156 0.126563 0.0296875 0.00141048
0 0.774219 0.916406 0.139062 0.1375 0.00140476
0 0.351562 0.782812 0.0453125 0.242188 0.00139427
0 0.00908203 0.0755859 0.0181641 0.151172 0.00136662
1 0.330664 0.203516 0.0714844 0.23125 0.00135136
0 0.3625 0.118848 0.09375 0.0820312 0.00133038
0 0.0378906 0.267969 0.0736328 0.117969 0.00132465
1 0.653125 0.985937 0.604688 0.028125 0.00131512
0 0.252783 0.0505859 0.282715 0.0671875 0.00131512
1 0.0523926 0.745313 0.10459 0.129688 0.00131512
0 0.864844 0.821875 0.13125 0.2875 0.00130463
1 0.35293 0.9875 0.375391 0.025 0.00129986
1 0.352734 0.757422 0.05625 0.178906 0.00129414
0 0.825391 0.212695 0.349219 0.158594 0.00129414
0 0.930469 0.488184 0.101562 0.317383 0.00128937
1 0.644531 0.14668 0.096875 0.280859 0.00127888
0 0.180811 0.782812 0.142285 0.2 0.00127411
0 0.870313 0.286328 0.16875 0.221094 0.00126457
1 0.892187 0.270312 0.13125 0.267969 0.0012598
0 0.866406 0.528906 0.10625 0.245312 0.0012598
0 0.0561401 0.8 0.0994385 0.225 0.00125504
0 0.966406 0.825 0.0671875 0.096875 0.00124454
0 0.605469 0.966406 0.229687 0.0671875 0.00123978
0 0.262451 0.271875 0.175098 0.1625 0.00123501
1 0.521875 0.516406 0.25625 0.2625 0.777344
1 0.498437 0.224268 0.285937 0.266309 0.774414
1 0.223242 0.504687 0.295703 0.289844 0.771973
1 0.799219 0.53125 0.240625 0.239063 0.76416
1 0.241016 0.807617 0.253125 0.284766 0.751465
1 0.807813 0.806445 0.271875 0.262109 0.70752
1 0.790625 0.261523 0.271875 0.269922 0.649414
1 0.538281 0.767187 0.24375 0.15 0.510742
1 0.219531 0.222217 0.257812 0.24541 0.485352
1 0.848242 0.263281 0.212891 0.272656 0.434082
1 0.542969 0.820312 0.240625 0.254687 0.263672
1 0.73125 0.772656 0.123438 0.179688 0.173828
1 0.579687 0.760547 0.159375 0.133594 0.161865
1 0.53125 0.585156 0.217187 0.120312 0.108948
1 0.216016 0.548437 0.290625 0.210938 0.104309
1 0.198633 0.586719 0.245703 0.123438 0.0960083
1 0.876562 0.339453 0.15 0.110156 0.0778198
1 0.842969 0.483984 0.139062 0.128906 0.0750122
1 0.457812 0.464063 0.13125 0.154687 0.072876
1 0.517969 0.448438 0.253125 0.128125 0.072876
1 0.155957 0.182617 0.131055 0.148828 0.0600891
1 0.580469 0.892187 0.1625 0.103125 0.0562439
1 0.483203 0.453125 0.177344 0.139062 0.0455322
1 0.197656 0.180859 0.222656 0.155859 0.044342
1 0.467187 0.784375 0.114063 0.176563 0.0432129
1 0.592969 0.4875 0.090625 0.157813 0.0422363
0 0.517969 0.508594 0.257031 0.259375 0.0418396
0 0.243311 0.80957 0.254785 0.287109 0.041626
0 0.219336 0.22207 0.256641 0.246875 0.0410767
1 0.748047 0.49375 0.133594 0.15 0.0403748
1 0.218555 0.449219 0.290625 0.185937 0.0376892
1 0.427246 0.213721 0.13457 0.225684 0.035553
0 0.8 0.524219 0.246875 0.233594 0.0310822
0 0.50459 0.218945 0.283008 0.261328 0.0308533
1 0.722656 0.267578 0.120312 0.253906 0.0305634
1 0.634375 0.068457 0.1125 0.0980469 0.0301056
1 0.446094 0.482031 0.103125 0.1875 0.0283356
0 0.218408 0.516797 0.291309 0.269531 0.0253754
1 0.245898 0.748438 0.265234 0.1625 0.0241394
1 0.675 0.954687 0.065625 0.084375 0.0217743
1 0.875 0.314063 0.15 0.164062 0.0199432
0 0.579687 0.760547 0.159375 0.133594 0.016098
1 0.591406 0.521094 0.0984375 0.219531 0.0157776
1 0.488672 0.582812 0.158594 0.120312 0.0145569
0 0.538281 0.767187 0.24375 0.15 0.0138474
0 0.865625 0.265186 0.18125 0.268066 0.0135345
1 0.654688 0.0738281 0.0734375 0.0898438 0.0134811
1 0.160547 0.585938 0.167187 0.123438 0.0125732
1 0.802344 0.575391 0.234375 0.142969 0.0118713
0 0.807813 0.806445 0.271875 0.262109 0.0112
1 0.566016 0.525781 0.1375 0.234375 0.0110703
1 0.801758 0.483594 0.246484 0.132812 0.0110703
0 0.509375 0.584766 0.185937 0.120312 0.0109024
1 0.480469 0.5375 0.165625 0.115625 0.0106506
1 0.273047 0.281836 0.1375 0.127734 0.0103302
1 0.513281 0.155371 0.253125 0.130664 0.00985718
1 0.769922 0.196924 0.213281 0.136621 0.00955963
1 0.559375 0.564844 0.15625 0.160938 0.0088501
1 0.550781 0.157129 0.182812 0.13418 0.0086441
0 0.517969 0.448438 0.253125 0.128125 0.008255
1 0.738281 0.197607 0.146875 0.139941 0.00821686
1 0.269531 0.251514 0.140625 0.189941 0.00784302
1 0.839844 0.753906 0.210938 0.1375 0.0078125
1 0.499219 0.769922 0.167187 0.149219 0.00775528
0 0.767969 0.973437 0.04375 0.053125 0.00748825
1 0.882812 0.233252 0.140625 0.120215 0.00714874
0 0.732031 0.772656 0.123438 0.173438 0.0069313
0 0.155957 0.182617 0.131055 0.148828 0.00653839
1 0.441406 0.275391 0.160156 0.15625 0.00614548
1 0.825195 0.728906 0.246484 0.096875 0.00595856
1 0.592188 0.186377 0.0898438 0.145996 0.00572968
0 0.457812 0.464063 0.13125 0.154687 0.00572968
1 0.575 0.460156 0.123438 0.14375 0.00538635
1 0.752344 0.529688 0.1375 0.215625 0.0053215
1 0.675 0.0628418 0.3 0.104395 0.00527954
0 0.660547 0.0913086 0.0578125 0.05625 0.00500107
0 0.873438 0.338672 0.146875 0.114844 0.00498199
0 0.218555 0.449219 0.290625 0.185937 0.00496292
0 0.450391 0.4875 0.125 0.2 0.0049057
1 0.430078 0.248437 0.141406 0.205078 0.00466537
1 0.688281 0.958594 0.0960938 0.0828125 0.00462723
1 0.278711 0.210742 0.116797 0.170703 0.00445175
1 0.235547 0.582031 0.249609 0.125 0.00436401
0 0.675 0.954687 0.065625 0.084375 0.00434875
1 0.271094 0.210205 0.139844 0.215527 0.00429916
1 0.825195 0.59375 0.177734 0.107813 0.00413513
0 0.80625 0.255518 0.285937 0.263184 0.00411606
1 0.447266 0.508203 0.0851562 0.179688 0.00408554
1 0.188477 0.442969 0.234766 0.1625 0.00402451
0 0.580469 0.892187 0.1625 0.103125 0.00400543
0 0.167578 0.586719 0.179688 0.121875 0.00379562
1 0.755859 0.770703 0.167969 0.182031 0.00362206
0 0.542969 0.820312 0.240625 0.254687 0.00359344
1 0.872656 0.763281 0.134375 0.128125 0.00342941
1 0.970312 0.827344 0.059375 0.134375 0.00340271
0 0.0439453 0.789844 0.0376953 0.05625 0.00340271
1 0.758984 0.851562 0.167969 0.170312 0.00335121
1 0.892187 0.219727 0.121875 0.119141 0.00322342
0 0.380859 0.583594 0.0585938 0.0640625 0.00298119
0 0.467187 0.784375 0.114063 0.176563 0.00294685
0 0.483203 0.453125 0.177344 0.139062 0.00283432
1 0.653906 0.0917969 0.0796875 0.0691406 0.00282288
0 0.474609 0.678516 0.053125 0.0664062 0.00275803
0 0.753906 0.489062 0.142188 0.142188 0.00269318
0 0.385156 0.375781 0.0609375 0.0671875 0.00256157
0 0.197656 0.180859 0.222656 0.155859 0.00251198
0 0.383691 0.594141 0.0576172 0.05 0.00250244
0 0.403125 0.64375 0.05625 0.04375 0.0024929
0 0.763281 0.969531 0.0546875 0.0609375 0.0024147
0 0.719141 0.262891 0.122656 0.247656 0.0024147
0 0.598437 0.0524414 0.059375 0.0513672 0.00236893
1 0.9875 0.306445 0.025 0.210547 0.00233269
1 0.285156 0.433691 0.161719 0.132617 0.00230598
0 0.654688 0.0738281 0.0734375 0.0898438 0.00228691
1 0.792969 0.870313 0.223438 0.15625 0.00228691
0 0.399609 0.698438 0.0578125 0.053125 0.00220871
0 0.382812 0.601172 0.0546875 0.0328125 0.00214958
0 0.0516602 0.789844 0.0384766 0.0421875 0.00214958
1 0.217578 0.429688 0.292969 0.129688 0.00208282
0 0.401172 0.640625 0.0570313 0.0601562 0.00206757
1 0.748438 0.808594 0.146875 0.203125 0.00201035
0 0.722656 0.0967773 0.0632813 0.0585938 0.0019722
0 0.774219 0.976562 0.0671875 0.0421875 0.00196457
1 0.0440918 0.265234 0.0655273 0.113281 0.00194168
1 0.591406 0.233936 0.090625 0.173535 0.00192642
1 0.385938 0.378027 0.0617188 0.0689453 0.00191879
1 0.364844 0.0656738 0.119531 0.130371 0.00191212
0 0.0593262 0.785156 0.0413086 0.040625 0.00186729
1 0.197461 0.755469 0.160547 0.171875 0.00185299
1 0.986719 0.351562 0.0265625 0.203125 0.00185299
0 0.245898 0.748438 0.265234 0.1625 0.00185299
1 0.537109 0.149121 0.114844 0.111914 0.00183868
1 0.846875 0.578516 0.13125 0.1375 0.00183868
1 0.823242 0.890625 0.197266 0.125 0.00183105
1 0.570312 0.18457 0.134375 0.108594 0.00179577
0 0.389453 0.590625 0.040625 0.05 0.00178909
1 0.735937 0.315234 0.139062 0.157031 0.00178242
1 0.298438 0.446875 0.136719 0.115625 0.00176144
0 0.630469 0.0657715 0.121094 0.103027 0.00175476
0 0.296875 0.0324219 0.0445312 0.0582031 0.00175476
1 0.599219 0.207813 0.08125 0.142188 0.00174809
1 0.973437 0.817969 0.053125 0.185937 0.0017271
1 0.492969 0.14668 0.203125 0.107813 0.00168705
0 0.807031 0.975781 0.13125 0.0484375 0.00167465
1 0.723047 0.0686523 0.396094 0.107031 0.00167465
0 0.596875 0.0540039 0.05625 0.0373047 0.00166798
0 0.703125 0.810156 0.0601562 0.125 0.00166798
0 0.702344 0.813281 0.0578125 0.185937 0.0016489
0 0.0695312 0.860937 0.0296875 0.059375 0.00164223
0 0.00332031 0.109766 0.00664063 0.219531 0.00163555
0 0.212695 0.584375 0.255859 0.124219 0.00162888
0 0.0274414 0.707031 0.0530273 0.0578125 0.0015974
0 0.688281 0.958594 0.0960938 0.0828125 0.00158501
0 0.427246 0.213721 0.13457 0.225684 0.00157356
0 0.385254 0.595312 0.0482422 0.034375 0.00156116
0 0.825195 0.728906 0.246484 0.096875 0.00156116
0 0.772656 0.96875 0.0421875 0.0515625 0.00155449
0 0.384375 0.609375 0.0890625 0.0421875 0.00148964
1 0.0773437 0.323047 0.0710938 0.124219 0.00146675
0 0.96875 0.828906 0.0625 0.14375 0.00144958
1 0.795508 0.195752 0.149609 0.136621 0.00143814
1 0.766797 0.0763672 0.261719 0.102539 0.0014267
1 0.982031 0.789844 0.0359375 0.232812 0.00141621
0 0.811719 0.932813 0.065625 0.0578125 0.00138283
0 0.349609 0.0393677 0.128906 0.0493896 0.00137806
0 0.370313 0.109766 0.0671875 0.0398437 0.00136185
0 0.0769775 0.778125 0.0608887 0.028125 0.00133514
0 0.402344 0.692578 0.059375 0.0304688 0.00133514
0 0.81875 0.9375 0.071875 0.04375 0.00132465
1 0.723437 0.968359 0.340625 0.0632813 0.00130939
1 0.0535645 0.296484 0.0682617 0.167969 0.00130463
1 0.00285645 0.124414 0.00571289 0.248828 0.00128937
0 0.0393555 0.242773 0.0637695 0.0515625 0.00127411
0 0.775 0.10957 0.0671875 0.0570313 0.00126457
1 0.985156 0.421484 0.0296875 0.250781 0.00125504
0 0.86875 0.310547 0.178125 0.175 0.00123978
0 0.662109 0.100977 0.0679687 0.0332031 0.00123024
1 0.853125 0.538281 0.128125 0.160938 0.00122547
0 0.125195 0.213867 0.0628906 0.0753906 0.0012207
0 0.587891 0.0611816 0.046875 0.0545898 0.00121593
0 0.804492 0.162305 0.131641 0.0609375 0.0011692
0 0.7625 0.96875 0.04375 0.0546875 0.00115108
0 0.703125 0.0320801 0.0640625 0.0485352 0.00113392
0 0.673437 0.95 0.0585938 0.0625 0.00112438
1 0.256445 0.189795 0.16875 0.183691 0.00112057
0 0.252539 0.0793945 0.0738281 0.0546875 0.0011158
0 0.0210205 0.755859 0.0348145 0.0460938 0.0011034
0 0.825 0.940625 0.065625 0.034375 0.00109863
0 0.402344 0.628516 0.0617188 0.0492188 0.00109863
0 0.495703 0.982031 0.0539063 0.0359375 0.00108147
0 0.716406 0.104883 0.0585938 0.0519531 0.00108147
1 0.753906 0.946094 0.3125 0.107813 0.00106907
0 0.384277 0.3875 0.0548828 0.0523437 0.00106525
0 0.182812 0.760547 0.133203 0.169531 0.00106525
0 0.361914 0.607813 0.0839844 0.040625 0.00104809
1 0.623438 0.0987305 0.105469 0.0560547 0.00104809
1 0.985937 0.564062 0.028125 0.264062 0.00104427
0 0.46875 0.131445 0.0765625 0.059375 0.00103188
1 0.983594 0.484277 0.0328125 0.286133 0.00102425
0 0.113477 0.203711 0.0472656 0.0972656 0.00101185
0 0.828125 0.945312 0.05625 0.040625 0.00100803
1 0.956641 0.839063 0.0867188 0.176563 0.00100422
1 0.239844 0.808008 0.255469 0.280859 0.871582
1 0.217969 0.509375 0.314844 0.286719 0.85791
1 0.83125 0.826758 0.323438 0.293359 0.796387
1 0.795313 0.534375 0.240625 0.24375 0.786621
1 0.535156 0.821094 0.263281 0.25625 0.768555
1 0.517578 0.517969 0.261719 0.257812 0.754883
1 0.496973 0.227148 0.301367 0.267578 0.747559
1 0.813281 0.266211 0.31875 0.276953 0.725098
1 0.215625 0.229687 0.259375 0.25 0.678223
0 0.494434 0.227344 0.295508 0.273438 0.245117
0 0.806445 0.265967 0.302734 0.272754 0.225464
0 0.795117 0.536719 0.244141 0.242188 0.196167
0 0.517969 0.51875 0.264062 0.2625 0.181885
0 0.211133 0.218359 0.261328 0.262891 0.172729
0 0.534375 0.817969 0.265625 0.251563 0.117554
0 0.240039 0.806445 0.255078 0.277734 0.0888062
0 0.21958 0.510547 0.318652 0.285156 0.0757446
0 0.833008 0.8375 0.333984 0.3125 0.0622253
0 0.664062 0.0995117 0.059375 0.0669922 0.032959
0 0.0428711 0.795313 0.0390625 0.0703125 0.00841522
1 0.959375 0.513281 0.08125 0.360938 0.00834656
1 0.734766 0.820312 0.141406 0.235938 0.00725937
1 0.192383 0.0534668 0.132812 0.106934 0.00518036
0 0.49375 0.978906 0.0546875 0.0421875 0.0051384
0 0.360156 0.114063 0.0890625 0.0667969 0.0050621
0 0.48125 0.983594 0.0828125 0.0328125 0.00494385
0 0.959375 0.513281 0.08125 0.360938 0.00460815
0 0.642187 0.940625 0.123438 0.115625 0.00453949
0 0.654688 0.107813 0.0703125 0.0449219 0.00367928
1 0.447656 0.525 0.125 0.275 0.00362206
1 0.698828 0.119824 0.135156 0.104883 0.00331116
1 0.054541 0.828906 0.0893555 0.125 0.00322342
0 0.772656 0.976562 0.0734375 0.046875 0.00314713
0 0.760938 0.96875 0.0609375 0.059375 0.0030632
0 0.467187 0.976562 0.129688 0.04375 0.00304031
0 0.50625 0.985937 0.0296875 0.028125 0.00266266
0 0.16084 0.967188 0.125586 0.059375 0.00252151
0 0.361133 0.579687 0.101953 0.0796875 0.00242424
0 0.0521484 0.792969 0.0585938 0.0625 0.00228691
0 0.4625 0.982422 0.153125 0.0351562 0.00225258
1 0.666406 0.948438 0.0742188 0.096875 0.00222588
0 0.667188 0.102319 0.08125 0.0719238 0.00206757
0 0.495313 0.983594 0.0546875 0.0296875 0.00204277
1 0.056543 0.727344 0.109961 0.15 0.00203514
1 0.079126 0.0759766 0.139404 0.139258 0.00194168
1 0.634375 0.940625 0.139062 0.11875 0.00181007
0 0.377734 0.580469 0.0703125 0.071875 0.00179577
1 0.0635254 0.314453 0.120605 0.207031 0.00171375
0 0.666406 0.948438 0.0742188 0.096875 0.00165462
0 0.525 0.984375 0.14375 0.03125 0.00165462
0 0.0770508 0.786719 0.111133 0.05625 0.00157356
0 1 0.351562 0 0.221094 0.00150108
0 0.790625 0.930469 0.123438 0.059375 0.0014782
0 0.0185059 0.759766 0.0266602 0.0539063 0.00146675
0 0.183789 0.984375 0.14375 0.03125 0.00144386
1 0.0751709 0.7125 0.144971 0.167187 0.00141621
0 0.505469 0.975781 0.0359375 0.04375 0.00141048
1 0.341602 0.0708008 0.181641 0.141602 0.00141048
0 0.0762695 0.770312 0.152539 0.03125 0.00139904
1 0.651172 0.948438 0.1 0.1 0.00138855
0 0.342187 0.11582 0.152344 0.0625 0.00136662
0 0.0363281 0.798437 0.0492188 0.0796875 0.00134563
0 0.672656 0.169531 0.0828125 0.0660156 0.00127411
1 0.998828 0.905078 0.00234375 0.189844 0.0012207
0 1 0.714063 0 0.220313 0.00121117
0 0.133008 0.954687 0.194922 0.0875 0.00118828
0 0.734766 0.820312 0.141406 0.235938 0.00117874
0 0.14209 0.969141 0.183789 0.0617188 0.00116062
1 0.470703 0.0503418 0.185937 0.090332 0.00116062
1 0.717188 0.267773 0.125 0.264453 0.00115108
0 0.801562 0.942187 0.1 0.040625 0.00113392
1 0.997656 0.717578 0.0046875 0.328906 0.00111198
1 0.997656 0.291797 0.0046875 0.335156 0.00110722
0 0.503125 0.989062 0.123438 0.021875 0.00104427
1 0.107715 0.723047 0.205664 0.228906 0.00103188
0 0.55 0.989062 0.1625 0.021875 0.00103188
0 0.695703 0.138452 0.13125 0.141455 0.00101662
1 0.414062 0.233936 0.1375 0.261816 0.00100422
1 0.254883 0.807031 0.283203 0.2875 0.897949
1 0.501562 0.226953 0.297656 0.273438 0.874023
1 0.228516 0.507031 0.299219 0.295312 0.872559
1 0.524219 0.512402 0.265625 0.275195 0.84668
1 0.814062 0.265186 0.310937 0.281348 0.829102
1 0.80293 0.534766 0.256641 0.24375 0.813965
1 0.546875 0.820312 0.254687 0.259375 0.762207
1 0.222656 0.229883 0.263281 0.253906 0.699219
1 0.811719 0.819531 0.279687 0.28125 0.662598
0 0.811719 0.266064 0.309375 0.280371 0.0184021
0 0.805469 0.534766 0.259375 0.242188 0.0149536
0 0.249023 0.807813 0.273047 0.282813 0.00974274
0 0.524219 0.515625 0.265625 0.275 0.00796509
0 0.221924 0.225586 0.270215 0.2625 0.0064621
0 0.505371 0.225781 0.295508 0.278125 0.00629044
0 0.381641 0.578125 0.0625 0.0789063 0.00492477
0 0.807813 0.816992 0.26875 0.275391 0.00319672
0 0.546875 0.820312 0.254687 0.259375 0.00304031
0 0.225977 0.511719 0.306641 0.292188 0.00245285
1 0.738281 0.84043 0.140625 0.197266 0.00183868
0 0.738281 0.84043 0.140625 0.197266 0.00125504
1 0.701953 0.954297 0.260156 0.0914062 0.00102425
1 0.241797 0.811133 0.258203 0.277734 0.884277
1 0.221875 0.51084 0.305469 0.283008 0.87793
1 0.520312 0.517969 0.252344 0.267188 0.845703
1 0.216748 0.226123 0.26416 0.249316 0.844727
1 0.797656 0.536719 0.248437 0.232812 0.838867
1 0.810938 0.264844 0.296875 0.273438 0.835938
1 0.500684 0.22793 0.293945 0.268359 0.835938
1 0.815625 0.821094 0.282813 0.278125 0.82666
1 0.539062 0.820312 0.257812 0.25 0.765625
1 0.367383 0.636719 0.128516 0.182812 0.0430298
1 0.0463867 0.297656 0.078125 0.215625 0.0328979
1 0.938281 0.111914 0.123438 0.160156 0.021698
1 0.632812 0.0673828 0.115625 0.100781 0.0204926
1 0.73125 0.782812 0.120312 0.1875 0.018692
1 0.0667969 0.707031 0.115625 0.248437 0.0186157
1 0.0563477 0.302148 0.102148 0.187891 0.016922
1 0.366602 0.597266 0.111328 0.1 0.0157166
1 0.0697266 0.715625 0.125391 0.1625 0.0156021
1 0.650391 0.959375 0.198437 0.078125 0.0139542
0 0.218555 0.231055 0.258984 0.252344 0.0136337
0 0.378125 0.58125 0.0695312 0.0835937 0.0134277
0 0.810938 0.267383 0.301562 0.273047 0.0133286
1 0.6625 0.084082 0.0640625 0.0763672 0.0132751
0 0.798437 0.536328 0.246875 0.234375 0.0116425
1 0.375 0.671094 0.142969 0.209375 0.0114212
0 0.520312 0.517969 0.252344 0.267188 0.0105286
1 0.0447388 0.476562 0.0806396 0.15 0.0103302
1 0.940234 0.457812 0.119531 0.271094 0.00971222
1 0.0433594 0.462598 0.0753906 0.237305 0.00806427
1 0.0367187 0.4875 0.0734375 0.353906 0.00803375
1 0.59375 0.785937 0.14375 0.185937 0.00746155
0 0.502441 0.229102 0.29043 0.264453 0.0069046
1 0.634375 0.954687 0.151562 0.084375 0.00666809
0 0.242969 0.8125 0.25625 0.279687 0.00643921
1 0.0367432 0.425391 0.0734863 0.370313 0.00629044
1 0.360938 0.400098 0.116406 0.12168 0.00629044
1 0.357422 0.368359 0.127344 0.105469 0.00624084
1 0.0430786 0.26875 0.0779053 0.114063 0.00600433
1 0.946094 0.589063 0.104687 0.359375 0.00593567
1 0.651563 0.0914062 0.078125 0.0953125 0.00577545
1 0.580469 0.804688 0.175 0.228125 0.00577545
1 0.0596191 0.782812 0.101465 0.34375 0.00494385
1 0.0507812 0.85625 0.0884766 0.078125 0.00486755
1 0.677344 0.959375 0.140625 0.075 0.00486755
0 0.663281 0.094043 0.05625 0.0615234 0.00462723
1 0.0436646 0.503906 0.0716553 0.277344 0.00460815
1 0.075 0.0876953 0.126172 0.120898 0.00431442
1 0.0544922 0.846094 0.090625 0.292188 0.00429916
1 0.454297 0.515625 0.128906 0.25 0.0042305
1 0.062793 0.655078 0.110352 0.346094 0.00392914
0 0.539844 0.820117 0.25625 0.250391 0.00363541
0 0.813281 0.820508 0.282813 0.277734 0.00340271
0 0.0434082 0.802344 0.0446289 0.0765625 0.00323486
1 0.466406 0.825195 0.120312 0.171484 0.00309944
1 0.0345703 0.283789 0.0691406 0.309766 0.00307465
1 0.0666016 0.105859 0.113867 0.114844 0.00286674
1 0.729297 0.275977 0.141406 0.235547 0.00282288
1 0.0471802 0.378223 0.0812256 0.307617 0.00282288
0 0.0468262 0.792969 0.0555664 0.0578125 0.00275803
1 0.924219 0.955469 0.151562 0.084375 0.00275803
1 0.356055 0.0488281 0.586328 0.0976562 0.00266266
0 0.367383 0.636719 0.128516 0.182812 0.00265312
1 0.933594 0.639063 0.132812 0.154687 0.00257111
1 0.200342 0.0497559 0.13916 0.0922852 0.00250244
0 0.940234 0.457812 0.119531 0.271094 0.00247192
1 0.0585938 0.334766 0.105078 0.126563 0.00237846
1 0.0447266 0.452344 0.0820312 0.101562 0.00234222
1 0.858594 0.0670898 0.278125 0.13418 0.00233269
0 0.221875 0.51084 0.305469 0.283008 0.00230598
1 0.937891 0.407813 0.124219 0.214062 0.00228691
1 0.476562 0.821875 0.1375 0.217187 0.00219917
1 0.408594 0.690625 0.0984375 0.154687 0.00214958
0 0.938281 0.111914 0.123438 0.160156 0.00211525
1 0.763672 0.0525391 0.424219 0.105078 0.00210762
1 0.746875 0.0722656 0.13125 0.142773 0.0020752
1 0.152246 0.0549805 0.275195 0.109961 0.00205803
1 0.116406 0.880469 0.199219 0.232812 0.0020504
1 0.341406 0.0767334 0.120312 0.143408 0.00198746
1 0.0244629 0.566406 0.0489258 0.385938 0.00198746
1 0.347266 0.0767578 0.645312 0.153516 0.00195694
1 0.945312 0.395312 0.103125 0.332812 0.00195694
1 0.940625 0.641016 0.1125 0.577344 0.00191879
1 0.935156 0.605469 0.129688 0.201562 0.00190449
1 0.385156 0.7 0.134375 0.153125 0.00182438
1 0.0478027 0.83125 0.0754883 0.125 0.00181007
1 0.0684082 0.675781 0.123926 0.103125 0.00179577
1 0.921875 0.853906 0.15 0.28125 0.00178242
1 0.171484 0.081543 0.312109 0.120117 0.00177479
1 0.0515503 0.875 0.0920166 0.10625 0.00168705
1 0.613672 0.0524414 0.719531 0.104883 0.00165462
1 0.950781 0.601172 0.0984375 0.230469 0.00165462
1 0.475781 0.804883 0.134375 0.127734 0.00163555
1 0.898438 0.0829102 0.19375 0.16582 0.00160408
1 0.751953 0.776563 0.147656 0.164062 0.00156689
1 0.666797 0.659375 0.125781 0.157813 0.00156116
1 0.312109 0.105664 0.519531 0.184766 0.00150108
1 0.670313 0.104395 0.06875 0.0966797 0.00145531
1 0.936719 0.678125 0.126563 0.19375 0.00144958
1 0.0311523 0.710156 0.0623047 0.403125 0.00141048
1 0.873438 0.805469 0.1375 0.248437 0.00141048
1 0.664844 0.136816 0.06875 0.151367 0.00136185
1 0.453906 0.0428711 0.5125 0.0857422 0.00126934
1 0.664453 0.875 0.283594 0.235938 0.00126457
1 0.378125 0.58125 0.0695312 0.0835937 0.00126457
1 0.13457 0.959375 0.204688 0.075 0.00126457
1 0.890625 0.785742 0.115625 0.200391 0.00122547
1 0.19043 0.046582 0.342578 0.0931641 0.0012064
1 0.35918 0.613281 0.114453 0.264062 0.00120163
1 0.0486206 0.553516 0.0832275 0.328906 0.00119209
1 0.0278564 0.798633 0.0557129 0.390234 0.00117874
1 0.795313 0.0696289 0.375 0.139258 0.00117397
0 0.632812 0.0673828 0.115625 0.100781 0.00117397
1 0.935938 0.12041 0.1125 0.229102 0.00113392
1 0.372266 0.383496 0.1 0.12207 0.00109482
1 0.948047 0.503809 0.103906 0.281445 0.00109005
1 0.370313 0.584375 0.09375 0.0851562 0.00108147
1 0.354688 0.340234 0.123438 0.142969 0.00103188
1 0.0569336 0.73125 0.102148 0.151562 0.00101185
1 0.361719 0.427344 0.0984375 0.159375 0.00101185
1 0.223242 0.502734 0.305078 0.289844 0.845703
1 0.242236 0.80332 0.258496 0.280859 0.825195
1 0.807031 0.263281 0.301562 0.275781 0.82373
1 0.500684 0.225977 0.298633 0.272656 0.803711
1 0.521094 0.511719 0.2625 0.267188 0.79834
1 0.799219 0.532031 0.242188 0.240625 0.782715
1 0.218945 0.23125 0.265625 0.264062 0.587891
1 0.538281 0.817969 0.265625 0.253125 0.264404
1 0.801758 0.814844 0.262109 0.273438 0.237915
1 0.487109 0.819531 0.379687 0.2625 0.11676
1 0.400781 0.825781 0.579687 0.267188 0.0282745
0 0.500684 0.225977 0.298633 0.272656 0.0243378
0 0.798437 0.530859 0.251563 0.242188 0.0170441
0 0.218945 0.23125 0.265625 0.264062 0.0120544
0 0.517578 0.511719 0.258594 0.267188 0.0119629
0 0.807031 0.263281 0.301562 0.275781 0.00971222
0 0.240039 0.803906 0.254297 0.279687 0.00812531
0 0.223242 0.502734 0.305078 0.289844 0.00502014
1 0.597656 0.817187 0.539062 0.26875 0.00266266
0 0.804883 0.810156 0.268359 0.259375 0.00216484
0 0.542969 0.810938 0.255469 0.234375 0.00209999
1 0.832617 0.820312 0.322266 0.357812 0.00196457
1 0.181836 0.259375 0.363672 0.371875 0.00116062
1 0.218359 0.511328 0.305078 0.29375 0.876465
1 0.243359 0.811133 0.258594 0.283984 0.875
1 0.519141 0.514063 0.248437 0.26875 0.865234
1 0.797656 0.536328 0.242188 0.238281 0.834473
1 0.807031 0.263477 0.296875 0.275391 0.830078
1 0.539453 0.82168 0.255469 0.253516 0.777344
1 0.498047 0.22793 0.284375 0.277734 0.773926
1 0.809375 0.816992 0.271875 0.272266 0.754395
1 0.217578 0.228516 0.252734 0.253125 0.461914
0 0.499609 0.227344 0.286719 0.275 0.162109
0 0.217578 0.228516 0.252734 0.253125 0.0830078
0 0.539453 0.818945 0.254687 0.246484 0.0354004
0 0.804688 0.266748 0.290625 0.279004 0.0319824
0 0.798437 0.532812 0.245312 0.242188 0.0257111
0 0.519531 0.513672 0.251563 0.267969 0.0115051
0 0.810938 0.819531 0.271875 0.273438 0.0102463
0 0.221826 0.509473 0.300879 0.295117 0.0086441
0 0.240967 0.807617 0.257129 0.275391 0.00679779
0 0.376953 0.580469 0.0632813 0.075 0.0026207
1 0.540625 0.76875 0.25 0.159375 0.0020504
1 0.946875 0.576953 0.090625 0.335938 0.00201988
1 0.180664 0.775 0.137109 0.125 0.00119686
0 0.661719 0.0931641 0.0546875 0.0537109 0.00119686
1 0.366797 0.623047 0.129688 0.163281 0.0011692
1 0.714844 0.790625 0.0890625 0.160938 0.00116062
1 0.940234 0.4375 0.119531 0.28125 0.00115108
1 0.515234 0.515234 0.253906 0.266406 0.875977
1 0.496484 0.228711 0.289062 0.275391 0.854492
1 0.217773 0.508496 0.307813 0.293945 0.854004
1 0.243555 0.809375 0.260156 0.284375 0.852539
1 0.80332 0.265625 0.293359 0.279687 0.838379
1 0.798633 0.533984 0.243359 0.239063 0.815918
1 0.539453 0.822656 0.254687 0.25625 0.724121
1 0.215625 0.221826 0.259375 0.265723 0.713867
1 0.811133 0.820312 0.277734 0.278125 0.561035
1 0.55 0.76875 0.2375 0.160938 0.00453949
1 0.386719 0.817187 0.560938 0.290625 0.00294685
0 0.796094 0.533594 0.245312 0.239063 0.00218201
0 0.496875 0.227148 0.289844 0.278125 0.00134563
1 0.578906 0.782617 0.167187 0.181641 0.00123024
0 0.80332 0.265625 0.293359 0.279687 0.0012207
1 0.574609 0.824219 0.171094 0.25625 0.00113773
1 0.514844 0.515234 0.254687 0.266406 0.876465
1 0.496484 0.228711 0.289062 0.275391 0.854492
1 0.217773 0.508496 0.307813 0.293945 0.854004
1 0.243555 0.809375 0.260547 0.284375 0.852051
1 0.80332 0.265625 0.293359 0.279687 0.838379
1 0.798633 0.533984 0.243359 0.239063 0.815918
1 0.539453 0.822656 0.254687 0.25625 0.725098
1 0.215625 0.22207 0.259375 0.265625 0.713867
1 0.811133 0.820312 0.277734 0.278125 0.564941
1 0.55 0.76875 0.2375 0.160938 0.00457382
1 0.386719 0.817187 0.560938 0.290625 0.0029583
0 0.796094 0.533594 0.245312 0.239063 0.00216484
0 0.496875 0.227148 0.289844 0.278125 0.00133038
1 0.578906 0.782617 0.167187 0.181641 0.00123501
0 0.80332 0.265625 0.293359 0.279687 0.0012064
1 0.574219 0.824219 0.171875 0.25625 0.00113773
