0 0.494922 0.50625 0.642969 0.84375 0.847656
1 0.491406 0.50625 0.640625 0.840625 0.0413208
0 0.344922 0.508984 0.257031 0.847656 0.00349617
0 0.767578 0.496484 0.464844 0.844531 0.00247192
0 0.659277 0.807031 0.681445 0.385938 0.00179577
0 0.857617 0.498437 0.284766 0.845312 0.00174141
0 0.19043 0.779297 0.380859 0.441406 0.00104809
1 0.520215 0.509375 0.587695 0.846875 0.747559
0 0.520215 0.509375 0.587695 0.846875 0.230225
1 0.51084 0.703125 0.57207 0.485938 0.00198746
0 0.00421143 0.902734 0.00842285 0.194531 0.00121593
0 0.0964844 0.500391 0.192969 0.935156 0.00108147
1 0.519141 0.498437 0.592969 0.809375 0.766113
0 0.518359 0.503906 0.594531 0.85 0.336426
1 0.629687 0.307422 0.740625 0.614844 0.00247192
0 0.357812 0.699609 0.251563 0.477344 0.00210762
0 0.630859 0.691797 0.347656 0.503906 0.00176811
0 0.43125 0.710938 0.375781 0.4625 0.00172043
0 0.539453 0.708594 0.536719 0.471875 0.00146675
0 0.626172 0.294336 0.747656 0.575391 0.00133038
1 0.351172 0.324219 0.702344 0.648438 0.00124454
0 0.00965576 0.565625 0.0193115 0.8 0.00104809
1 0.52041 0.511328 0.588867 0.852344 0.494141
0 0.523047 0.509375 0.591406 0.857813 0.338135
0 0.523438 0.507031 0.590625 0.851562 0.818359
1 0.526563 0.505859 0.595312 0.849219 0.218628
0 0.903906 0.505469 0.179688 0.857813 0.00284576
0 0.876562 0.734375 0.240625 0.51875 0.00104809
0 0.523438 0.510156 0.596875 0.8625 0.751953
1 0.523828 0.492969 0.599219 0.817187 0.218628
1 0.517578 0.692969 0.591406 0.501562 0.00160408
1 0.519434 0.516406 0.604883 0.854688 0.737793
0 0.521094 0.511719 0.601562 0.864062 0.244385
0 0.352734 0.558594 0.271094 0.732813 0.00194168
1 0.352734 0.558594 0.271094 0.732813 0.00159168
0 0.528906 0.519531 0.609375 0.859375 0.733398
1 0.528125 0.511328 0.609375 0.842969 0.253906
0 0.35293 0.553516 0.272266 0.767969 0.00107288
1 0.525781 0.515234 0.598437 0.853906 0.520508
0 0.523535 0.513672 0.593555 0.853906 0.473633
0 0.524219 0.515234 0.604688 0.835156 0.514648
1 0.523047 0.513672 0.600781 0.850781 0.368408
0 0.524219 0.515234 0.604688 0.835156 0.515625
1 0.523047 0.513672 0.600781 0.850781 0.367432
