0 0.237695 0.529785 0.401172 0.474805 0.824219
0 0.735937 0.258984 0.392188 0.421094 0.736328
0 0.729297 0.71875 0.466406 0.5 0.736328
1 0.734375 0.257031 0.390625 0.422656 0.0261536
1 0.234766 0.530859 0.403125 0.464844 0.0216217
0 0.669531 0.264453 0.26875 0.413281 0.0161591
1 0.727344 0.716016 0.467187 0.492969 0.0105286
0 0.1625 0.533984 0.266406 0.461719 0.00294685
0 0.529688 0.436816 0.89375 0.676367 0.00226021
0 0.489844 0.807227 0.954687 0.385547 0.00201035
0 0.114063 0.536328 0.161719 0.447656 0.00161076
0 0.363672 0.811914 0.727344 0.376172 0.0012846
1 0.728125 0.722656 0.465625 0.492188 0.890625
1 0.738281 0.256055 0.396875 0.419922 0.88916
1 0.230078 0.533691 0.411719 0.46543 0.869141
0 0.232812 0.534766 0.417188 0.463281 0.0347595
0 0.54375 0.489062 0.19375 0.164062 0.0134277
0 0.735547 0.258594 0.389844 0.416406 0.0123367
0 0.729688 0.720703 0.46875 0.489844 0.00891876
0 0.0039917 0.907812 0.0079834 0.184375 0.00136662
1 0.54375 0.489062 0.19375 0.164062 0.00108624
1 0.335156 0.538281 0.219531 0.441406 0.00107765
0 0.730469 0.720312 0.470313 0.479688 0.872559
0 0.739453 0.268555 0.391406 0.428516 0.851562
0 0.236328 0.536816 0.414844 0.462305 0.768555
1 0.238672 0.536328 0.417969 0.450781 0.140381
1 0.739844 0.264453 0.398438 0.429688 0.0520325
1 0.732422 0.720312 0.475781 0.496875 0.0161591
1 0.283984 0.391406 0.553906 0.782812 0.00492477
0 0.241797 0.440527 0.4 0.279883 0.00415039
0 0.538281 0.495703 0.2 0.175781 0.0037365
0 0.744141 0.163184 0.374219 0.236133 0.00307465
0 0.299805 0.30918 0.556641 0.618359 0.00252151
1 0.396484 0.375977 0.792969 0.751953 0.00233269
0 0.396484 0.375977 0.792969 0.751953 0.00121593
0 0.342969 0.209961 0.678906 0.419922 0.00117397
0 0.448438 0.232227 0.896875 0.464453 0.00111198
1 0.342969 0.209961 0.678906 0.419922 0.00103188
0 0.735937 0.256641 0.3875 0.41875 0.963379
0 0.73125 0.716406 0.473437 0.485938 0.946289
0 0.233594 0.531934 0.399219 0.462695 0.935059
1 0.235938 0.531152 0.4 0.45957 0.0175781
1 0.739062 0.254492 0.39375 0.412891 0.0149002
1 0.728125 0.71875 0.464063 0.482812 0.0116425
0 0.188086 0.630859 0.300391 0.265625 0.00353813
0 0.250391 0.40791 0.359375 0.226367 0.00305176
0 0.996484 0.639063 0.00703125 0.378125 0.00215721
0 0.650684 0.244531 0.593945 0.41875 0.00154305
0 0.986719 0.754297 0.0265625 0.385156 0.00134563
0 0.737109 0.25625 0.399219 0.430469 0.953125
0 0.236523 0.529297 0.417578 0.465625 0.944824
0 0.732422 0.723828 0.477344 0.492969 0.913086
1 0.732422 0.723828 0.477344 0.492969 0.00304031
1 0.238672 0.530078 0.414844 0.469531 0.00198746
0 0.998438 0.683594 0.003125 0.392188 0.00189686
0 0.757031 0.988281 0.282813 0.0234375 0.00163555
0 0.700391 0.974219 0.505469 0.0515625 0.00137234
0 0.767969 0.975781 0.389062 0.0484375 0.00134087
0 0.674219 0.95625 0.484375 0.0875 0.0012207
0 0.751172 0.979688 0.494531 0.040625 0.00119209
0 0.776563 0.962891 0.24375 0.0742188 0.00102806
0 0.739062 0.258984 0.396875 0.426562 0.928711
0 0.735156 0.723437 0.479688 0.49375 0.909668
0 0.235938 0.534766 0.414062 0.46875 0.901855
1 0.239453 0.532129 0.415625 0.460742 0.0281067
1 0.734375 0.721094 0.48125 0.498437 0.0156021
1 0.738281 0.257812 0.396875 0.429688 0.00187492
0 0.728125 0.719922 0.475 0.489844 0.923828
0 0.737109 0.258789 0.399219 0.427734 0.918945
0 0.241602 0.53125 0.419922 0.461719 0.904297
1 0.238477 0.535156 0.412109 0.4625 0.00452042
0 0.541016 0.532031 0.185156 0.25625 0.00359344
0 0.738672 0.258984 0.399219 0.427344 0.921387
0 0.732422 0.721875 0.478906 0.503125 0.911621
0 0.235938 0.533496 0.41875 0.470508 0.897461
0 0.841992 0.621094 0.253516 0.30625 0.00200272
1 0.73125 0.717969 0.471875 0.5 0.00178242
0 0.869531 0.601562 0.196875 0.282813 0.0017271
1 0.235938 0.533496 0.41875 0.470508 0.00113773
0 0.7375 0.259766 0.384375 0.425781 0.928223
0 0.235156 0.530859 0.400781 0.457031 0.903809
0 0.732031 0.721484 0.470313 0.494531 0.890137
1 0.729297 0.721875 0.472656 0.496875 0.00844574
1 0.236719 0.533203 0.403125 0.46875 0.00239754
0 0.736328 0.257812 0.397656 0.425781 0.968262
0 0.232422 0.534375 0.413281 0.465625 0.942871
0 0.730859 0.723437 0.477344 0.496875 0.939453
1 0.730469 0.720312 0.479688 0.495313 0.0050621
0 0.736328 0.257812 0.397656 0.425781 0.96875
0 0.232422 0.534473 0.413281 0.46543 0.942871
0 0.73125 0.723437 0.478125 0.496875 0.939453
1 0.730859 0.720312 0.478906 0.495313 0.00502014
