0 0.499219 0.576953 0.785937 0.621094 0.934082
0 0.456641 0.830859 0.913281 0.338281 0.0125732
1 0.499219 0.578516 0.804688 0.630469 0.00971222
1 0.467969 0.844141 0.935938 0.311719 0.00362206
0 0.309766 0.578125 0.414062 0.615625 0.00301552
0 0.4625 0.786719 0.925 0.426562 0.00213242
0 0.876562 0.554297 0.246875 0.816406 0.00201035
0 0.617969 0.575781 0.570312 0.609375 0.0016489
0 0.226172 0.575 0.241406 0.59375 0.00148964
0 0.451562 0.898828 0.892187 0.202344 0.00148964
0 0.477734 0.451562 0.875781 0.901563 0.00137234
0 0.818359 0.532031 0.363281 0.764063 0.00135612
0 0.503125 0.593359 0.779688 0.635156 0.748535
1 0.500684 0.593066 0.792383 0.645117 0.325195
0 0.272461 0.582031 0.342578 0.609375 0.00352478
1 0.507031 0.417969 0.81875 0.326562 0.00237846
1 0.271289 0.585938 0.338672 0.6125 0.0017271
0 0.507031 0.417969 0.81875 0.326562 0.00156116
0 0.381152 0.590234 0.556445 0.632031 0.00130939
0 0.00449219 0.908203 0.00898437 0.183594 0.00102425
0 0.4875 0.58291 0.8125 0.637305 0.834961
1 0.485938 0.589746 0.825 0.643945 0.0675659
0 0.630078 0.588672 0.542969 0.639844 0.00355148
0 0.730859 0.307227 0.538281 0.614453 0.00300407
0 0.459375 0.954687 0.903125 0.090625 0.00230598
0 0.453125 0.975391 0.882812 0.0492188 0.00224304
0 0.466406 0.333984 0.910937 0.667969 0.00157928
0 0.708594 0.579687 0.3875 0.632812 0.00157356
1 0.730859 0.307227 0.538281 0.614453 0.00153637
0 0.275195 0.675391 0.312109 0.464844 0.0012207
0 0.494141 0.576563 0.799219 0.640625 0.923828
1 0.497656 0.576172 0.8 0.638281 0.0225372
0 0.636719 0.580469 0.526563 0.632812 0.00530243
0 0.986328 0.612402 0.0273438 0.668945 0.0011034
0 0.50166 0.591016 0.77168 0.638281 0.887695
0 0.638281 0.586328 0.534375 0.633594 0.0027256
0 0.732031 0.588379 0.3375 0.643555 0.00164223
0 0.874219 0.715234 0.24375 0.558594 0.00129414
0 0.502344 0.5875 0.821875 0.657812 0.912598
0 0.510938 0.579297 0.807813 0.653906 0.87793
0 0.371875 0.587891 0.534375 0.647656 0.0049057
0 0.507031 0.33125 0.835938 0.21875 0.00332451
0 0.286523 0.582422 0.356641 0.658594 0.00196457
0 0.503125 0.578125 0.804688 0.659375 0.902344
0 0.784375 0.551562 0.245312 0.6375 0.0024929
0 0.507129 0.578809 0.788867 0.645508 0.907227
1 0.505566 0.578125 0.79043 0.648438 0.00319672
0 0.509375 0.584277 0.803125 0.642383 0.925781
1 0.510938 0.584375 0.80625 0.634375 0.00349617
0 0.289062 0.578906 0.371875 0.629687 0.00327301
0 0.789062 0.509375 0.221875 0.498437 0.00246239
0 0.751172 0.547754 0.294531 0.568555 0.00161076
0 0.509375 0.584277 0.803125 0.642383 0.925781
1 0.510938 0.584375 0.80625 0.634375 0.00349617
0 0.289062 0.578906 0.371875 0.629687 0.00327301
0 0.789062 0.509473 0.221875 0.498242 0.00245285
0 0.751562 0.547559 0.29375 0.567383 0.00161648
