0 0.49375 0.525781 0.775 0.8125 0.86084
0 0.288672 0.507031 0.371094 0.775 0.150757
1 0.482031 0.523438 0.789062 0.817187 0.058136
0 0.23418 0.494629 0.258984 0.760742 0.00706482
0 0.614941 0.519531 0.485742 0.773438 0.00568771
0 0.486328 0.789453 0.930469 0.421094 0.0041008
0 0.192188 0.524219 0.173438 0.673437 0.00227928
0 0.477344 0.648438 0.760938 0.546875 0.00202751
0 0.474609 0.842773 0.888281 0.314453 0.00176144
0 0.527734 0.23042 0.782031 0.343066 0.00168133
1 0.486328 0.789453 0.930469 0.421094 0.00134087
0 0.42334 0.754297 0.743945 0.369531 0.00101662
1 0.494922 0.523438 0.744531 0.803125 0.918945
0 0.480859 0.527441 0.747656 0.799805 0.00671768
1 0.700781 0.511621 0.304688 0.79082 0.00129414
1 0.632031 0.518359 0.45625 0.799219 0.0012064
0 0.00432129 0.905469 0.00864258 0.189063 0.00105286
1 0.277539 0.514746 0.349609 0.717383 0.00101662
1 0.475098 0.518359 0.788867 0.794531 0.550781
0 0.476465 0.507031 0.781445 0.79375 0.540039
0 0.507031 0.229248 0.771875 0.248535 0.00340271
1 0.639453 0.313281 0.721094 0.626562 0.00302696
0 0.408203 0.349609 0.625781 0.463281 0.00224304
0 0.613281 0.290625 0.773438 0.575 0.00209999
0 0.277539 0.671094 0.308203 0.482812 0.00194168
0 0.488281 0.981641 0.879687 0.0367187 0.00177479
0 0.35 0.667188 0.477344 0.496875 0.0015192
0 0.455078 0.299805 0.702344 0.366016 0.00136662
0 0.303125 0.313672 0.6 0.627344 0.00117397
0 0.928125 0.49375 0.1375 0.85 0.00112057
1 0.507031 0.229248 0.771875 0.248535 0.00109482
0 0.360352 0.366406 0.673047 0.732813 0.00102425
0 0.483496 0.525098 0.75957 0.799805 0.910156
1 0.480859 0.520312 0.758594 0.8125 0.0209198
0 0.490527 0.361523 0.758008 0.503516 0.00123501
0 0.486035 0.519531 0.743555 0.814062 0.93457
1 0.485547 0.516797 0.738281 0.817969 0.00496292
0 0.91875 0.504297 0.146875 0.828906 0.00184631
0 0.490234 0.935156 0.369531 0.114063 0.00157928
0 0.444531 0.932813 0.358594 0.129688 0.00146103
0 0.524609 0.934375 0.399219 0.0875 0.00127888
0 0.490625 0.514844 0.773438 0.80625 0.913086
1 0.490625 0.514844 0.773438 0.80625 0.0155411
0 0.46416 0.703125 0.731055 0.428125 0.00103188
0 0.4875 0.511719 0.775 0.820312 0.904785
0 0.488672 0.382031 0.763281 0.546875 0.00695801
0 0.340234 0.517578 0.476562 0.796094 0.00419998
0 0.485156 0.521094 0.773438 0.809375 0.910645
0 0.492578 0.516797 0.758594 0.813281 0.918457
1 0.490723 0.513672 0.756055 0.810156 0.00636292
0 0.490625 0.519531 0.778125 0.807813 0.960938
0 0.490527 0.519531 0.77832 0.807813 0.961426
