1 0.490527 0.464746 0.370508 0.520508 0.811035
0 0.493652 0.457129 0.375195 0.548242 0.266602
0 0.476172 0.807422 0.922656 0.385156 0.00527954
1 0.433984 0.471484 0.251563 0.517187 0.0029583
1 0.476172 0.807422 0.922656 0.385156 0.00233269
0 0.392188 0.822266 0.784375 0.355469 0.00229645
0 0.433984 0.471484 0.251563 0.517187 0.00186729
1 0.392188 0.822266 0.784375 0.355469 0.00129986
0 0.5625 0.479004 0.246875 0.485742 0.00109005
1 0.496191 0.473535 0.38418 0.518555 0.844238
0 0.00419922 0.909766 0.00839844 0.180469 0.00117874
0 0.673047 0.99375 0.472656 0.0125 0.00102043
1 0.503906 0.46875 0.390625 0.519531 0.842285
0 0.502344 0.468359 0.375781 0.516406 0.00356483
1 0.494531 0.384277 0.376563 0.361133 0.00288963
1 0.440625 0.366406 0.271875 0.432031 0.0017271
1 0.505469 0.316406 0.342969 0.225 0.00107288
1 0.403906 0.361914 0.198437 0.405859 0.00102425
1 0.612109 0.426953 0.669531 0.624219 0.00101662
1 0.49209 0.465234 0.37207 0.522656 0.788574
0 0.494141 0.467871 0.377344 0.531445 0.0307312
1 0.494434 0.470313 0.383008 0.539062 0.857422
0 0.495703 0.47041 0.376563 0.537305 0.0997925
1 0.491406 0.349219 0.367969 0.28125 0.00271416
1 0.509375 0.471484 0.40625 0.521875 0.637695
0 0.509375 0.471484 0.40625 0.521875 0.06427
1 0.648438 0.474609 0.703125 0.530469 0.0249939
0 0.642969 0.535254 0.714063 0.676367 0.0135345
1 0.644141 0.548437 0.711719 0.701563 0.00452042
1 0.478809 0.358594 0.350195 0.310937 0.00163555
1 0.499609 0.466504 0.392969 0.518555 0.872559
0 0.498828 0.464746 0.392188 0.52207 0.0852661
1 0.497266 0.464941 0.3875 0.524805 0.881836
0 0.49541 0.469531 0.39043 0.523438 0.0309601
1 0.492969 0.466797 0.379687 0.525781 0.888184
0 0.495703 0.463672 0.376563 0.522656 0.0324707
1 0.345313 0.389453 0.0726563 0.150781 0.00219917
1 0.358984 0.362109 0.1 0.160156 0.00146675
1 0.490625 0.467285 0.379687 0.52168 0.882324
0 0.490625 0.467578 0.382031 0.522656 0.0103683
1 0.490625 0.467285 0.379687 0.52168 0.882324
0 0.490625 0.467578 0.382031 0.522656 0.0102921
