1 0.501562 0.448438 0.871875 0.853125 0.67041
0 0.510938 0.459375 0.8875 0.851562 0.363037
1 0.491406 0.803516 0.957812 0.392969 0.0231934
0 0.491406 0.803516 0.957812 0.392969 0.0229797
0 0.50625 0.567871 0.859375 0.606445 0.00534439
1 0.460938 0.609766 0.778125 0.530469 0.0049057
0 0.112109 0.542285 0.132812 0.460742 0.00462723
0 0.1625 0.520312 0.242969 0.507812 0.00445175
1 0.464453 0.310156 0.772656 0.575 0.00275803
0 0.719141 0.474902 0.510156 0.75332 0.00251198
1 0.719141 0.474902 0.510156 0.75332 0.00235939
0 0.464453 0.310156 0.772656 0.575 0.00224304
1 0.611719 0.471777 0.710938 0.781445 0.00221634
0 0.3 0.448438 0.520312 0.815625 0.0020752
1 0.3 0.448438 0.520312 0.815625 0.00168705
1 0.112109 0.542285 0.132812 0.460742 0.00165462
0 0.202344 0.444531 0.316797 0.739062 0.00165462
0 0.0682617 0.119336 0.127539 0.238672 0.00164223
0 0.486719 0.858203 0.910937 0.283594 0.00162315
1 0.870703 0.45166 0.258594 0.774805 0.00152493
0 0.9 0.473437 0.16875 0.760938 0.00144958
0 0.800195 0.487891 0.355859 0.730469 0.00131512
0 0.600879 0.481152 0.726367 0.725195 0.00126457
1 0.1625 0.520312 0.242969 0.507812 0.0012207
0 0.870703 0.45166 0.258594 0.774805 0.00121593
1 0.800195 0.487891 0.355859 0.730469 0.00115108
0 0.214795 0.70625 0.210254 0.259375 0.00109482
1 0.486719 0.858203 0.910937 0.283594 0.00109005
1 0.9 0.473437 0.16875 0.760938 0.00108147
0 0.0641113 0.698438 0.125293 0.18125 0.00105286
1 0.903906 0.508203 0.192188 0.624219 0.00100803
0 0.0895508 0.113672 0.175195 0.223438 0.00100803
1 0.478516 0.448047 0.855469 0.822656 0.909668
0 0.501562 0.446094 0.93125 0.834375 0.0113297
0 0.20957 0.795313 0.273828 0.0859375 0.00254059
1 0.0646484 0.442578 0.129297 0.811719 0.00190449
0 0.914062 0.826758 0.159375 0.215234 0.00161648
1 0.111328 0.439453 0.130078 0.797656 0.00158501
0 0.00250244 0.899609 0.00500488 0.200781 0.0015192
0 0.0829102 0.7125 0.163281 0.140625 0.00126934
0 0.957812 0.977344 0.084375 0.0453125 0.00124454
0 0.0854248 0.664844 0.169385 0.235938 0.00124454
0 0.751953 0.992188 0.425781 0.015625 0.00109005
1 0.5125 0.448438 0.935938 0.853125 0.941895
0 0.065918 0.665625 0.131836 0.25 0.00763702
0 0.0563477 0.635938 0.112695 0.31875 0.00382423
1 0.492188 0.979688 0.91875 0.040625 0.00234222
0 0.5125 0.448438 0.935938 0.853125 0.00234222
0 0.492188 0.979688 0.91875 0.040625 0.00212479
0 0.126953 0.104517 0.246094 0.198779 0.00177479
1 0.126953 0.104517 0.246094 0.198779 0.00174141
1 0.154785 0.142773 0.302539 0.273438 0.00172043
1 0.065918 0.665625 0.131836 0.25 0.00152493
1 0.305469 0.176172 0.597656 0.329297 0.00148392
1 0.162305 0.230859 0.308984 0.461719 0.00127411
1 0.300781 0.247852 0.576563 0.495703 0.0011692
1 0.513281 0.45625 0.892187 0.8375 0.694336
0 0.511719 0.45625 0.892187 0.853125 0.048584
1 0.511719 0.25957 0.885938 0.469922 0.0409241
1 0.510156 0.158398 0.885938 0.265234 0.00857544
0 0.511719 0.25957 0.885938 0.469922 0.00664139
0 0.505078 0.139258 0.896094 0.233203 0.00342941
1 0.513281 0.650781 0.864062 0.442187 0.00286674
0 0.513281 0.650781 0.864062 0.442187 0.00209045
1 0.517578 0.758203 0.867969 0.230469 0.00137234
0 0.517578 0.758203 0.867969 0.230469 0.00108147
1 0.50625 0.449219 0.914062 0.860937 0.891113
0 0.50625 0.449219 0.914062 0.860937 0.057373
0 0.849805 0.752344 0.297266 0.371875 0.00168133
0 0.838086 0.969531 0.323828 0.0609375 0.00138283
0 0.998438 0.894531 0.003125 0.210938 0.00137806
1 0.511719 0.454297 0.920313 0.855469 0.919434
0 0.489844 0.452344 0.865625 0.845312 0.00878143
1 0.499219 0.450391 0.904688 0.853906 0.914062
1 0.502344 0.0668945 0.929688 0.100977 0.00551224
1 0.232422 0.453516 0.371094 0.839844 0.00356483
1 0.502344 0.143164 0.923437 0.239453 0.00273705
1 0.496875 0.241016 0.9125 0.432031 0.00256157
0 0.502344 0.0668945 0.929688 0.100977 0.00123978
0 0.883398 0.829687 0.233203 0.221875 0.00107288
1 0.514844 0.460938 0.917188 0.846875 0.922852
0 0.514844 0.457812 0.923437 0.857813 0.0349426
1 0.5 0.449219 0.90625 0.848437 0.910156
0 0.503906 0.457031 0.884375 0.85625 0.0213623
1 0.50625 0.453125 0.9125 0.848437 0.902832
0 0.508594 0.450781 0.923437 0.845312 0.00540543
1 0.50625 0.453125 0.9125 0.848437 0.902344
0 0.508594 0.450781 0.923437 0.845312 0.00548935
