0 0.547656 0.518359 0.257812 0.616406 0.775391
0 0.149902 0.506152 0.226758 0.42832 0.688477
0 0.419922 0.302686 0.19375 0.269629 0.489258
1 0.151172 0.505469 0.232031 0.429688 0.442627
1 0.419922 0.301758 0.191406 0.263672 0.0762939
1 0.549609 0.508203 0.258594 0.630469 0.0256653
0 0.139844 0.413184 0.211719 0.245508 0.00434875
0 0.495703 0.815625 0.877344 0.36875 0.00429916
1 0.139844 0.413184 0.211719 0.245508 0.00340271
0 0.685156 0.0696777 0.571875 0.139355 0.00214958
0 0.67627 0.0727051 0.647461 0.14541 0.00171375
0 0.728125 0.0605957 0.43125 0.121191 0.00165462
0 0.382812 0.294482 0.11875 0.293848 0.00152493
1 0.455469 0.831641 0.804688 0.336719 0.0014782
0 0.332422 0.828711 0.603906 0.342578 0.00131512
0 0.587891 0.0624023 0.692969 0.124805 0.0012598
0 0.528906 0.198437 0.879687 0.396875 0.00121593
0 0.554688 0.0688477 0.873438 0.137695 0.00115585
0 0.0776367 0.110937 0.155273 0.221875 0.00106049
0 0.564844 0.161914 0.8125 0.323828 0.00102043
0 0.0787109 0.115234 0.157422 0.230469 0.00101185
1 0.146094 0.509375 0.229297 0.43125 0.76416
1 0.546875 0.578809 0.260938 0.514258 0.749023
0 0.412109 0.306445 0.189063 0.258984 0.412109
1 0.416406 0.305859 0.190625 0.260938 0.359375
0 0.150391 0.510938 0.228906 0.427344 0.137939
0 0.544531 0.583203 0.253125 0.514844 0.0856934
0 0.420215 0.273828 0.17832 0.203125 0.00818634
1 0.227344 0.348437 0.440625 0.691406 0.00336266
1 0.163281 0.360156 0.301562 0.709375 0.00219154
0 0.565625 0.802344 0.1 0.0484375 0.00157356
1 0.442578 0.361328 0.207031 0.336719 0.00153637
0 0.563281 0.800781 0.134375 0.034375 0.00148964
1 0.741016 0.473437 0.517969 0.942187 0.00146675
0 0.00412598 0.908203 0.00825195 0.183594 0.00126457
0 0.546094 0.803125 0.0765625 0.053125 0.00125504
1 0.273828 0.307617 0.546094 0.297266 0.00119686
0 0.549219 0.574902 0.26875 0.508008 0.687012
1 0.150977 0.499902 0.236328 0.425195 0.59082
1 0.417285 0.301172 0.199805 0.260156 0.42627
0 0.417285 0.301172 0.199805 0.260156 0.329346
0 0.15332 0.505859 0.239844 0.419531 0.260498
1 0.549219 0.574902 0.26875 0.508008 0.210083
0 0.0833008 0.09375 0.163477 0.1875 0.0950317
1 0.0833008 0.09375 0.163477 0.1875 0.02211
0 0.623438 0.547266 0.104687 0.35 0.0118713
0 0.657129 0.403125 0.685742 0.771875 0.00952148
0 0.419141 0.265234 0.191406 0.176563 0.00812531
0 0.392969 0.311719 0.150781 0.244531 0.00763702
1 0.644922 0.41875 0.710156 0.809375 0.00516129
0 0.549219 0.464063 0.248437 0.28125 0.0029583
1 0.622656 0.568359 0.10625 0.358594 0.00200272
0 0.622656 0.489062 0.102344 0.325 0.0015974
0 0.503125 0.578125 0.179688 0.489062 0.00141621
1 0.299609 0.25957 0.550781 0.515234 0.00130463
1 0.549219 0.464063 0.248437 0.28125 0.0012846
1 0.270312 0.343164 0.496875 0.686328 0.00125504
0 0.650781 0.529688 0.053125 0.407031 0.00125504
0 0.15625 0.49834 0.232812 0.42832 0.663574
0 0.546875 0.570703 0.25625 0.502344 0.624512
0 0.420312 0.299658 0.201562 0.266309 0.539062
1 0.417969 0.298438 0.198437 0.26875 0.347656
1 0.15459 0.499316 0.235352 0.413867 0.33374
1 0.550781 0.56875 0.2625 0.501562 0.23584
0 0.550391 0.432813 0.247656 0.232031 0.0131226
0 0.158594 0.589063 0.221875 0.234375 0.00400543
0 0.159082 0.626953 0.219336 0.157031 0.00324821
0 0.417285 0.245361 0.195117 0.14834 0.00263214
1 0.156055 0.386621 0.240234 0.198633 0.00218201
1 0.417285 0.245361 0.195117 0.14834 0.00136662
1 0.550391 0.432813 0.247656 0.232031 0.00135612
1 0.158594 0.589063 0.221875 0.234375 0.00110722
0 0.158398 0.499609 0.237109 0.425 0.851562
0 0.547656 0.570996 0.264062 0.500195 0.840332
0 0.419922 0.306836 0.197656 0.264453 0.680664
1 0.157227 0.502734 0.234766 0.426562 0.0461121
1 0.419922 0.306836 0.197656 0.264453 0.0445251
1 0.549219 0.569141 0.271875 0.500781 0.0346069
0 0.541406 0.803125 0.146875 0.0515625 0.00466537
0 0.525 0.319141 0.189063 0.0265625 0.00198746
0 0.439063 0.371875 0.23125 0.170312 0.0011425
0 0.152344 0.501562 0.25 0.433594 0.831543
0 0.548828 0.573438 0.264844 0.509375 0.767578
0 0.420703 0.303857 0.203125 0.273535 0.549805
1 0.547266 0.574316 0.266406 0.512305 0.253906
1 0.421094 0.305078 0.204688 0.276563 0.217285
1 0.152734 0.500684 0.25 0.420508 0.179565
0 0.545313 0.803125 0.142969 0.0484375 0.00760651
0 0.150977 0.505469 0.232422 0.426562 0.769531
0 0.548047 0.575781 0.260938 0.507812 0.765625
0 0.420312 0.302734 0.197656 0.25625 0.623535
1 0.41875 0.302295 0.201562 0.255566 0.282227
1 0.150977 0.505469 0.232422 0.428125 0.190674
1 0.548047 0.587109 0.261719 0.525781 0.11499
0 0.556641 0.804688 0.173438 0.046875 0.00324821
0 0.153711 0.499609 0.234375 0.424219 0.818848
0 0.546094 0.578906 0.266406 0.520312 0.690918
0 0.416797 0.300977 0.197656 0.266016 0.525391
1 0.420312 0.300195 0.2 0.263672 0.248047
1 0.548047 0.582812 0.259375 0.528125 0.20813
1 0.15498 0.499121 0.230664 0.436133 0.0266571
0 0.157617 0.583594 0.225391 0.253125 0.00163555
0 0.541406 0.804688 0.153125 0.05 0.00134563
0 0.546094 0.575098 0.266406 0.507617 0.759766
0 0.155859 0.504297 0.239063 0.429688 0.651367
0 0.421484 0.304102 0.201562 0.262109 0.645996
1 0.153613 0.502734 0.238086 0.425 0.442627
1 0.421875 0.302783 0.200781 0.264746 0.19812
1 0.548437 0.573438 0.264062 0.50625 0.174683
0 0.153809 0.501953 0.24043 0.422656 0.727051
0 0.545313 0.578906 0.264062 0.510938 0.53125
0 0.420703 0.304102 0.200781 0.261328 0.521484
1 0.547656 0.574316 0.260938 0.50293 0.406494
1 0.421094 0.302783 0.200781 0.262402 0.287842
1 0.153027 0.503125 0.241992 0.422656 0.223389
0 0.153809 0.501953 0.24043 0.422656 0.726562
0 0.545313 0.579297 0.264062 0.511719 0.530273
0 0.420703 0.304248 0.200781 0.261035 0.519531
1 0.547656 0.574316 0.260938 0.50293 0.408203
1 0.420703 0.302783 0.200781 0.262402 0.289307
1 0.153027 0.503125 0.241992 0.422656 0.223999
