0 0.471875 0.537109 0.88125 0.663281 0.806641
1 0.46875 0.541309 0.85625 0.661133 0.348633
0 0.244141 0.539844 0.43125 0.615625 0.309082
0 0.369531 0.090625 0.426562 0.153516 0.0805054
0 0.594141 0.0555664 0.169531 0.104687 0.0518494
1 0.369531 0.090625 0.426562 0.153516 0.0129242
0 0.460547 0.80625 0.921094 0.3875 0.0115051
1 0.594141 0.0555664 0.169531 0.104687 0.0108566
0 0.482812 0.0837891 0.926562 0.167578 0.0105667
0 0.147949 0.078125 0.286133 0.153906 0.00881195
0 0.180029 0.549609 0.303223 0.575781 0.00878143
1 0.244922 0.542969 0.428125 0.614062 0.00653839
1 0.460547 0.80625 0.921094 0.3875 0.00641251
0 0.4125 0.0858398 0.771875 0.17168 0.00595856
0 0.35293 0.0812012 0.705859 0.162402 0.00530243
0 0.203516 0.0483521 0.2375 0.0894287 0.00450516
0 0.123926 0.567578 0.188867 0.508594 0.00374985
0 0.616309 0.553906 0.583008 0.607813 0.00299263
1 0.482812 0.0837891 0.926562 0.167578 0.00279045
0 0.469531 0.751367 0.932813 0.497266 0.00258064
1 0.361914 0.0858887 0.645703 0.171777 0.00232315
0 0.300586 0.0914307 0.453516 0.166748 0.00212479
0 0.0982422 0.0816406 0.189844 0.163281 0.00210762
0 0.435059 0.0941162 0.242383 0.131689 0.0018034
1 0.469531 0.751367 0.932813 0.497266 0.00175476
1 0.162598 0.0834229 0.30918 0.150732 0.00156689
0 0.788281 0.0253418 0.28125 0.0506836 0.00156116
0 0.374023 0.0584473 0.602734 0.116895 0.0014267
0 0.469531 0.383203 0.901563 0.347656 0.00130939
1 0.203516 0.0483521 0.2375 0.0894287 0.00126457
0 0.48125 0.332812 0.865625 0.251563 0.00111198
0 0.767187 0.0380371 0.26875 0.0760742 0.00106049
1 0.466797 0.561328 0.882031 0.664844 0.89502
1 0.501562 0.100293 0.759375 0.141602 0.157349
0 0.465625 0.555469 0.882812 0.653125 0.0361633
0 0.871094 0.106616 0.257812 0.0637207 0.0280151
0 0.510547 0.099707 0.632031 0.144336 0.019165
1 0.871094 0.106616 0.257812 0.0637207 0.00671768
0 0.940625 0.0626465 0.11875 0.123535 0.00426483
0 0.87832 0.101978 0.243359 0.0616699 0.0029583
0 0.478906 0.101855 0.889063 0.138086 0.00269318
0 0.844531 0.110156 0.310937 0.0771484 0.00243378
0 0.583594 0.0446777 0.215625 0.0862305 0.00211525
0 0.4375 0.0957275 0.378125 0.142139 0.00174809
0 0.00229492 0.907812 0.00458984 0.184375 0.00144386
1 0.200049 0.560254 0.34834 0.64043 0.00123978
0 0.960547 0.976562 0.0789063 0.046875 0.00116539
0 0.932813 0.0633301 0.134375 0.12666 0.0011425
0 0.200049 0.560254 0.34834 0.64043 0.00100422
0 0.466406 0.549219 0.88125 0.667188 0.839844
1 0.465625 0.545313 0.88125 0.65 0.151733
0 0.496094 0.0951172 0.939062 0.153125 0.0484924
1 0.486719 0.096582 0.926562 0.145703 0.0433655
0 0.4625 0.451953 0.873438 0.464844 0.0100098
0 0.239844 0.0487305 0.417969 0.0974609 0.00878143
0 0.569141 0.0555176 0.2375 0.107324 0.00867462
0 0.857617 0.110449 0.284766 0.0763672 0.00674438
1 0.223242 0.0493164 0.419141 0.0986328 0.00582123
0 0.379785 0.0932617 0.282617 0.136914 0.00510025
0 0.475781 0.322656 0.890625 0.223438 0.00429916
1 0.313672 0.0913086 0.622656 0.15625 0.00383949
0 0.770703 0.0425293 0.458594 0.0768555 0.00215721
0 0.603516 0.542578 0.602344 0.642969 0.0020752
0 0.0102173 0.621094 0.0204346 0.646875 0.00188255
1 0.857617 0.110449 0.284766 0.0763672 0.0017271
0 0.896094 0.0562012 0.207813 0.111035 0.00156689
1 0.569141 0.0555176 0.2375 0.107324 0.00131512
1 0.475781 0.322656 0.890625 0.223438 0.00113392
0 0.920313 0.0616699 0.159375 0.12002 0.00107288
0 0.457031 0.978516 0.860937 0.0429688 0.00107288
0 0.71875 0.551562 0.376563 0.625 0.00106049
0 0.313672 0.0913086 0.622656 0.15625 0.00105286
0 0.054602 0.623047 0.0657959 0.588281 0.00100803
0 0.45625 0.547266 0.86875 0.663281 0.922363
0 0.480469 0.0976807 0.960938 0.148389 0.109924
1 0.494531 0.097168 0.967188 0.147266 0.0158997
1 0.464844 0.545313 0.870313 0.664062 0.00923157
0 0.389941 0.0988525 0.29043 0.142529 0.00202751
0 0.635059 0.549902 0.531445 0.643945 0.00177479
0 0.467578 0.330078 0.886719 0.24375 0.0014782
0 0.447266 0.657031 0.822656 0.434375 0.00131512
0 0.989453 0.643066 0.0210938 0.560742 0.00123024
0 0.465234 0.550781 0.878906 0.651563 0.921875
0 0.603809 0.550879 0.601758 0.65293 0.00572968
0 0.482812 0.0949219 0.951563 0.157813 0.00141048
0 0.717578 0.546484 0.375781 0.639844 0.00138283
0 0.238867 0.554297 0.419141 0.649219 0.00110722
0 0.476562 0.551465 0.890625 0.673633 0.908691
0 0.476172 0.0858398 0.867969 0.162109 0.0041008
1 0.477344 0.54834 0.889063 0.67207 0.00335121
1 0.476172 0.0858398 0.867969 0.162109 0.00222588
0 0.464453 0.544531 0.872656 0.66875 0.88623
0 0.290625 0.549609 0.525781 0.657031 0.101746
0 0.503906 0.069043 0.957812 0.138086 0.0529175
1 0.503906 0.069043 0.957812 0.138086 0.0216217
0 0.393848 0.093457 0.304492 0.138477 0.00763702
0 0.710547 0.779492 0.578906 0.441016 0.0068512
0 0.517187 0.0427734 0.965625 0.0855469 0.00602722
0 0.469922 0.0919678 0.899219 0.152393 0.00530243
0 0.689844 0.898438 0.620313 0.203125 0.00494385
0 0.474609 0.303711 0.888281 0.195703 0.00279999
0 0.305664 0.0540039 0.597266 0.108008 0.00242424
0 0.70625 0.841406 0.5875 0.317187 0.00226974
1 0.517187 0.0427734 0.965625 0.0855469 0.00215721
0 0.733984 0.722852 0.532031 0.554297 0.00214958
0 0.709375 0.324414 0.407813 0.253516 0.00197983
0 0.676953 0.281055 0.513281 0.295703 0.00191212
0 0.753125 0.313477 0.332812 0.295703 0.00148392
0 0.654688 0.308398 0.521875 0.205078 0.00146675
1 0.469922 0.0919678 0.899219 0.152393 0.00136662
0 0.469531 0.549609 0.885938 0.678906 0.916504
0 0.465625 0.694531 0.867188 0.379687 0.00199509
0 0.464063 0.553027 0.860937 0.67207 0.936035
0 0.422656 0.930469 0.773438 0.139062 0.00132465
0 0.4875 0.0912109 0.89375 0.167969 0.00109863
0 0.471875 0.551953 0.88125 0.664844 0.955078
0 0.215674 0.55 0.377246 0.657812 0.0041008
0 0.82207 0.442969 0.177734 0.4875 0.00130939
0 0.471484 0.551953 0.882031 0.664844 0.955078
0 0.215674 0.55 0.377246 0.657812 0.00407028
0 0.82207 0.442578 0.177734 0.486719 0.00131989
