0 0.435547 0.520996 0.772656 0.593945 0.841309
1 0.442969 0.514063 0.767187 0.623438 0.0809326
0 0.480469 0.803711 0.904688 0.392578 0.0160217
1 0.480469 0.803711 0.904688 0.392578 0.00486755
0 0.226611 0.537109 0.340527 0.553906 0.00431442
0 0.488281 0.779688 0.914062 0.440625 0.00317192
0 0.424609 0.830859 0.794531 0.338281 0.00188255
0 0.296875 0.535156 0.478125 0.571875 0.00168705
0 0.181836 0.541016 0.242578 0.503906 0.00155449
0 0.473437 0.407813 0.821875 0.815625 0.00144386
1 0.488281 0.779688 0.914062 0.440625 0.00136662
0 0.140405 0.539844 0.162939 0.478125 0.00104046
0 0.442578 0.132227 0.842969 0.264453 0.00100803
1 0.446875 0.522559 0.767187 0.595508 0.709961
0 0.445996 0.525781 0.768945 0.592188 0.388672
1 0.457129 0.374609 0.79043 0.298438 0.00104809
0 0.0026123 0.903516 0.00522461 0.192969 0.00103664
0 0.438965 0.529688 0.787695 0.609375 0.863281
1 0.436328 0.527734 0.792969 0.608594 0.0509033
0 0.49375 0.298242 0.928125 0.596484 0.0026722
0 0.570703 0.524219 0.535156 0.589063 0.00153637
0 0.43916 0.523047 0.770117 0.588281 0.931152
1 0.43916 0.523047 0.770117 0.588281 0.00656509
0 0.571875 0.53125 0.517187 0.551562 0.00307465
0 0.436816 0.351172 0.763867 0.257812 0.0014782
0 0.0564453 0.416797 0.112891 0.730469 0.00119686
0 0.437598 0.527734 0.785742 0.603906 0.912109
0 0.65625 0.533203 0.371875 0.569531 0.00641251
0 0.566406 0.524609 0.551562 0.588281 0.00557709
0 0.444531 0.528125 0.817187 0.604688 0.932129
0 0.4375 0.525391 0.78125 0.602344 0.84375
0 0.330859 0.525391 0.546094 0.619531 0.138916
0 0.629687 0.333203 0.473437 0.232031 0.00252151
0 0.685547 0.325 0.403906 0.278125 0.00223351
0 0.503906 0.0536621 0.960938 0.107324 0.00203514
0 0.634766 0.298242 0.577344 0.268359 0.00168705
0 0.886719 0.670703 0.2125 0.611719 0.00167465
0 0.832031 0.696094 0.320312 0.578125 0.0016613
0 0.928125 0.640723 0.14375 0.668555 0.00161076
0 0.907812 0.625098 0.159375 0.64043 0.00127411
0 0.698438 0.848828 0.576563 0.302344 0.00125504
0 0.9 0.457812 0.16875 0.58125 0.00105667
0 0.578223 0.308984 0.62168 0.220313 0.00100422
0 0.438672 0.529297 0.775781 0.613281 0.927734
0 0.735156 0.501953 0.217187 0.569531 0.0011425
0 0.444922 0.528125 0.758594 0.607813 0.952148
0 0.582715 0.657031 0.49082 0.34375 0.00192642
0 0.622656 0.617188 0.428125 0.426562 0.00188255
0 0.569922 0.565723 0.522656 0.523242 0.00182438
0 0.701953 0.629687 0.274219 0.410937 0.0016489
0 0.772656 0.546875 0.139062 0.539062 0.00124454
0 0.445312 0.528125 0.770312 0.60625 0.978027
0 0.744141 0.500391 0.183594 0.514063 0.0018034
0 0.714844 0.328906 0.33125 0.329688 0.00179577
0 0.857813 0.466309 0.128125 0.673633 0.00168133
0 0.616797 0.566016 0.446094 0.536719 0.00158501
0 0.771094 0.511719 0.142188 0.53125 0.00150108
0 0.484375 0.891406 0.915625 0.217187 0.00148964
0 0.839844 0.661328 0.285937 0.661719 0.00142097
0 0.267578 0.521191 0.423438 0.591992 0.00135612
0 0.7 0.603516 0.278125 0.475781 0.00130463
0 0.849219 0.543359 0.09375 0.686719 0.00127411
0 0.9 0.574219 0.146875 0.809375 0.00126457
0 0.607813 0.644531 0.467187 0.360938 0.00126457
0 0.685938 0.347266 0.346875 0.246875 0.00123501
0 0.848633 0.603223 0.171484 0.731055 0.00121593
0 0.486035 0.598437 0.70293 0.453125 0.0011425
0 0.733203 0.396777 0.221094 0.329883 0.00111198
0 0.778906 0.388574 0.176563 0.429102 0.00103664
0 0.445703 0.528125 0.771094 0.60625 0.978027
0 0.714844 0.328516 0.33125 0.329688 0.0018034
0 0.744531 0.500391 0.182812 0.514063 0.00179577
0 0.857813 0.466016 0.128125 0.672656 0.00168705
0 0.616797 0.566406 0.446094 0.535937 0.00158501
0 0.771094 0.511328 0.142188 0.530469 0.00150108
0 0.484375 0.891406 0.915625 0.217187 0.00149536
0 0.839258 0.661328 0.287109 0.661719 0.00143242
0 0.267578 0.521191 0.423438 0.591992 0.00136185
0 0.7 0.603906 0.278125 0.475 0.00130463
0 0.849219 0.543359 0.09375 0.686719 0.00127888
0 0.9 0.573828 0.146875 0.810156 0.00126457
0 0.607813 0.644922 0.467187 0.360156 0.00126457
0 0.686328 0.347266 0.346094 0.246875 0.00123501
0 0.847656 0.603027 0.171875 0.729883 0.00122547
0 0.485938 0.599121 0.703125 0.451758 0.0011425
0 0.733203 0.396484 0.221094 0.329688 0.00111198
0 0.778906 0.388281 0.176563 0.428125 0.00104046
