0 0.480078 0.526172 0.903906 0.582031 0.84668
1 0.4875 0.517578 0.873438 0.605469 0.0797729
0 0.46875 0.792383 0.9375 0.415234 0.0401611
0 0.386621 0.523047 0.676758 0.541406 0.0346985
1 0.4625 0.773242 0.925 0.453516 0.0248871
0 0.475781 0.417578 0.904688 0.835156 0.0068512
1 0.448438 0.799219 0.896875 0.401563 0.00553513
0 0.478125 0.221094 0.914062 0.442187 0.00498199
0 0.239063 0.522266 0.385938 0.530469 0.00498199
0 0.48125 0.327539 0.896875 0.655078 0.00418091
1 0.475781 0.417578 0.904688 0.835156 0.00380898
1 0.48125 0.327539 0.896875 0.655078 0.00313568
0 0.4625 0.113281 0.910937 0.226562 0.00259018
1 0.478125 0.221094 0.914062 0.442187 0.00146675
0 0.649609 0.534375 0.519531 0.535937 0.00137806
0 0.175 0.521191 0.257812 0.516992 0.00125504
0 0.441797 0.835938 0.883594 0.328125 0.0011692
1 0.478125 0.535156 0.871875 0.6 0.912109
0 0.483594 0.533203 0.86875 0.596094 0.0114212
1 0.210498 0.539062 0.32666 0.567187 0.00195694
0 0.00244141 0.909375 0.00488281 0.18125 0.00134563
0 0.48125 0.536328 0.884375 0.592969 0.819824
1 0.474219 0.525391 0.892187 0.578906 0.230225
0 0.479688 0.298047 0.903125 0.575781 0.00908661
0 0.481641 0.197461 0.908594 0.360547 0.00821686
1 0.479688 0.298047 0.903125 0.575781 0.00706482
0 0.625879 0.534277 0.582617 0.568945 0.00575256
1 0.481641 0.197461 0.908594 0.360547 0.00424957
0 0.482812 0.123047 0.909375 0.246094 0.00184631
0 0.730859 0.53916 0.378906 0.549805 0.00144386
0 0.471094 0.929297 0.892187 0.141406 0.00101662
0 0.476562 0.530078 0.85625 0.575781 0.884277
1 0.476953 0.528906 0.853906 0.58125 0.0466309
0 0.597656 0.540625 0.621875 0.54375 0.00757599
0 0.269531 0.370117 0.435937 0.260547 0.00128937
0 0.989062 0.669141 0.021875 0.552344 0.00125504
0 0.319141 0.409766 0.542188 0.344531 0.0011425
0 0.478906 0.342578 0.876562 0.221094 0.00103188
0 0.483594 0.530859 0.889063 0.589844 0.912598
1 0.483594 0.530859 0.889063 0.589844 0.0124283
0 0.726172 0.544141 0.388281 0.549219 0.00908661
0 0.639844 0.542188 0.560938 0.55625 0.00754929
0 0.484766 0.527734 0.892969 0.585156 0.914062
1 0.485938 0.525781 0.875 0.595312 0.00912476
0 0.485156 0.531641 0.876562 0.588281 0.879395
0 0.277734 0.526953 0.460156 0.586719 0.0145035
0 0.49375 0.928125 0.928125 0.14375 0.00857544
0 0.482031 0.322656 0.892187 0.1875 0.00682449
0 0.504687 0.053125 0.953125 0.10625 0.00336266
1 0.479688 0.527246 0.876562 0.600195 0.00244331
1 0.482031 0.322656 0.892187 0.1875 0.00189686
1 0.49375 0.928125 0.928125 0.14375 0.00173378
0 0.650879 0.34707 0.55293 0.232422 0.00143814
0 0.489062 0.538965 0.870313 0.598633 0.860352
1 0.483594 0.531641 0.879687 0.588281 0.0041008
0 0.483984 0.535254 0.861719 0.59043 0.918945
1 0.490234 0.532422 0.857031 0.586719 0.00277901
0 0.484375 0.535937 0.884375 0.584375 0.924316
0 0.246289 0.532812 0.394141 0.578125 0.00269318
1 0.482812 0.533203 0.879687 0.589844 0.00145531
0 0.484375 0.535937 0.884375 0.584375 0.924805
0 0.246484 0.533203 0.394531 0.578906 0.00269318
1 0.482812 0.533203 0.879687 0.589844 0.00141048
