0 0.485938 0.55625 0.910937 0.646875 0.900391
1 0.486719 0.562891 0.9125 0.638281 0.0466309
0 0.484375 0.809766 0.921875 0.380469 0.0292053
1 0.484375 0.809766 0.921875 0.380469 0.0164032
0 0.400684 0.588281 0.733008 0.559375 0.0103302
0 0.489062 0.738281 0.914062 0.523438 0.0086441
0 0.486719 0.456641 0.904688 0.913281 0.00641251
1 0.489062 0.738281 0.914062 0.523438 0.00584412
1 0.486719 0.456641 0.904688 0.913281 0.00337601
0 0.462109 0.848828 0.891406 0.302344 0.00299263
0 0.478516 0.143848 0.896094 0.287695 0.00292397
0 0.169922 0.586719 0.271875 0.5375 0.0027256
0 0.21875 0.603809 0.371094 0.533008 0.00221634
0 0.118262 0.609375 0.166602 0.435937 0.00195694
0 0.623535 0.595215 0.649805 0.56582 0.00194168
0 0.453125 0.18125 0.842188 0.3625 0.00194168
1 0.462109 0.848828 0.891406 0.302344 0.0014782
0 0.942969 0.610937 0.114063 0.560938 0.0011425
0 0.143945 0.628906 0.225391 0.423438 0.00105667
1 0.490625 0.595215 0.921875 0.631445 0.876465
0 0.494531 0.60166 0.901563 0.65293 0.0445251
1 0.88125 0.623438 0.134375 0.509375 0.00148964
0 0.002771 0.904688 0.00554199 0.190625 0.00131512
0 0.494531 0.562109 0.932813 0.575781 0.857422
1 0.483594 0.574609 0.945312 0.611719 0.244385
0 0.49375 0.355664 0.942187 0.711328 0.0112457
1 0.49375 0.355664 0.942187 0.711328 0.00336266
0 0.678516 0.587598 0.538281 0.601367 0.00276756
0 0.776758 0.624219 0.346484 0.532812 0.00194168
0 0.820117 0.661328 0.253516 0.446094 0.00179577
0 0.492188 0.578027 0.903125 0.59707 0.892578
1 0.488672 0.582422 0.908594 0.608594 0.044342
0 0.502344 0.386328 0.934375 0.225781 0.00496292
0 0.650879 0.591309 0.58418 0.526758 0.00233269
0 0.9875 0.707812 0.025 0.46875 0.00126934
0 0.494531 0.453906 0.901563 0.355469 0.00108147
0 0.49375 0.581641 0.934375 0.608594 0.906738
1 0.488281 0.578516 0.907812 0.621094 0.0409241
0 0.719141 0.592871 0.464844 0.581445 0.00395966
0 0.782031 0.607813 0.335938 0.55 0.00321007
0 0.505859 0.575879 0.944531 0.613867 0.908691
1 0.496484 0.585938 0.922656 0.626562 0.0219421
0 0.475 0.181641 0.85625 0.363281 0.00113392
0 0.489453 0.58125 0.917969 0.61875 0.895996
0 0.277734 0.567578 0.494531 0.619531 0.00746155
0 0.494531 0.361719 0.926562 0.182812 0.00519943
0 0.510156 0.0576172 0.964063 0.115234 0.00388527
1 0.489062 0.575391 0.91875 0.636719 0.00283432
0 0.49375 0.421484 0.925 0.292969 0.00243378
1 0.510156 0.0576172 0.964063 0.115234 0.00101662
0 0.492188 0.583203 0.928125 0.621094 0.888672
1 0.491406 0.588379 0.926562 0.61543 0.00194931
0 0.491406 0.584766 0.91875 0.616406 0.928223
1 0.489453 0.583203 0.908594 0.613281 0.00254059
0 0.696094 0.889844 0.578125 0.220313 0.00107288
0 0.497656 0.580859 0.932813 0.607031 0.942871
1 0.491406 0.589063 0.920313 0.614062 0.00436401
0 0.24375 0.58125 0.41875 0.609375 0.00171375
0 0.497656 0.580859 0.932813 0.607031 0.942871
1 0.491406 0.58916 0.920313 0.613867 0.00426483
0 0.24375 0.58125 0.41875 0.609375 0.0017004
