0 0.490234 0.462109 0.669531 0.738281 0.882324
0 0.289844 0.45166 0.2625 0.70918 0.0469971
1 0.491504 0.46709 0.66543 0.712695 0.0218201
0 0.389453 0.458594 0.463281 0.742188 0.00452042
0 0.472266 0.815625 0.892969 0.36875 0.00234985
0 0.754687 0.481348 0.490625 0.79668 0.00143242
1 0.472266 0.815625 0.892969 0.36875 0.0011425
1 0.496484 0.478223 0.644531 0.741992 0.586914
0 0.476465 0.474609 0.606445 0.730469 0.544922
0 0.344727 0.475391 0.371484 0.699219 0.00251198
1 0.344727 0.475391 0.371484 0.699219 0.00156689
0 0.00441895 0.909375 0.00883789 0.18125 0.00112915
0 0.287451 0.469141 0.246973 0.671094 0.00103664
1 0.475391 0.619922 0.614844 0.446094 0.00103188
0 0.500391 0.468359 0.686719 0.717969 0.733398
1 0.515723 0.468848 0.707617 0.718555 0.293457
0 0.948438 0.0917969 0.103125 0.179688 0.00329781
0 0.546973 0.276563 0.77168 0.374219 0.00236893
0 0.0516602 0.892187 0.10332 0.2125 0.0020504
0 0.596094 0.650391 0.328125 0.402344 0.00188255
0 0.0395508 0.858594 0.0791016 0.282813 0.00149536
0 0.536035 0.613281 0.45293 0.471875 0.00142097
0 0.560059 0.296484 0.792383 0.539062 0.00121593
0 0.00976562 0.535254 0.0195312 0.79043 0.0012064
0 0.0850098 0.0617676 0.17002 0.123535 0.00112438
0 0.522656 0.471875 0.7 0.71875 0.912598
1 0.525 0.468359 0.709375 0.710156 0.0220337
0 0.39375 0.358984 0.442187 0.507031 0.00140476
0 0.452734 0.419141 0.555469 0.625 0.00137234
0 0.517578 0.238623 0.736719 0.271191 0.0011692
0 0.502344 0.468848 0.651563 0.70918 0.898926
1 0.498047 0.467285 0.660156 0.713867 0.00429916
0 0.902344 0.481152 0.182812 0.74082 0.00201988
0 0.496973 0.464941 0.666992 0.74668 0.884766
1 0.496973 0.464941 0.666992 0.74668 0.00222588
0 0.498828 0.465234 0.667969 0.728906 0.901367
0 0.935547 0.513672 0.128906 0.860156 0.00352478
0 0.913281 0.499219 0.160938 0.807813 0.00183868
0 0.684375 0.915625 0.63125 0.16875 0.0016489
0 0.853125 0.946875 0.290625 0.104687 0.00144386
0 0.506641 0.473828 0.671094 0.724219 0.88623
1 0.506641 0.473828 0.671094 0.724219 0.00293541
0 0.509375 0.467187 0.65625 0.735937 0.924316
1 0.505371 0.468359 0.642383 0.735156 0.00236893
0 0.503906 0.470703 0.660937 0.728906 0.939941
1 0.502246 0.468652 0.656445 0.743945 0.00253105
0 0.503906 0.470703 0.660937 0.728906 0.939941
1 0.502246 0.468359 0.656445 0.744531 0.00252151
