0 0.492969 0.495313 0.864062 0.732813 0.907227
1 0.542969 0.5 0.759375 0.73125 0.0178528
0 0.0803711 0.613281 0.13418 0.385938 0.0069313
0 0.465625 0.81875 0.901563 0.3625 0.00527954
0 0.609473 0.521875 0.62793 0.632812 0.0045929
0 0.803516 0.501562 0.392969 0.807813 0.00270462
1 0.465625 0.81875 0.901563 0.3625 0.00234222
0 0.446094 0.537891 0.542969 0.633594 0.00225258
0 0.9 0.541406 0.2 0.801562 0.00199509
0 0.0999023 0.464453 0.163867 0.713281 0.00177479
0 0.306641 0.536035 0.257812 0.613867 0.00126934
0 0.0723145 0.632812 0.144629 0.43125 0.00113773
1 0.803516 0.501562 0.392969 0.807813 0.0011034
0 0.940625 0.596094 0.11875 0.807813 0.00101662
1 0.554688 0.501953 0.759375 0.742969 0.848633
0 0.557422 0.5 0.760156 0.75 0.0382385
0 0.075 0.632031 0.125391 0.364062 0.0362244
1 0.075 0.632031 0.125391 0.364062 0.00631332
0 0.0632324 0.636719 0.126465 0.38125 0.00524139
0 0.0625 0.580078 0.0945313 0.522656 0.00314713
1 0.0632324 0.636719 0.126465 0.38125 0.00259018
0 0.00285645 0.919141 0.00571289 0.161719 0.00136662
0 0.548437 0.498047 0.757812 0.750781 0.79834
1 0.550684 0.498828 0.754883 0.744531 0.23938
0 0.0591797 0.61875 0.105078 0.340625 0.00237846
0 0.0628906 0.0802979 0.125781 0.159326 0.00196457
0 0.0742188 0.553906 0.113867 0.689062 0.00135612
0 0.0106689 0.530859 0.0213379 0.760156 0.00129414
0 0.551562 0.382031 0.75 0.496875 0.00129414
0 0.0104004 0.644922 0.0208008 0.636719 0.00113392
0 0.0574707 0.578516 0.0823242 0.527344 0.00106049
0 0.552734 0.498828 0.744531 0.735156 0.920898
1 0.557129 0.5 0.73418 0.75 0.0202484
0 0.98125 0.558984 0.0375 0.752344 0.00115585
0 0.55625 0.494531 0.748438 0.754687 0.915039
1 0.560938 0.498437 0.740625 0.745313 0.00408554
0 0.017334 0.75625 0.0310547 0.189063 0.00266266
0 0.0177246 0.740625 0.024707 0.20625 0.00245285
0 0.0316406 0.736719 0.0239258 0.20625 0.00214005
0 0.0362793 0.738281 0.0329102 0.139062 0.0017004
0 0.00856934 0.744531 0.0171387 0.2 0.0012846
0 0.550781 0.500391 0.760938 0.749219 0.897461
1 0.555859 0.496777 0.769531 0.74707 0.00316048
0 0.557031 0.496484 0.75 0.750781 0.880371
0 0.333984 0.503906 0.307031 0.7375 0.00800323
0 0.100806 0.540625 0.171045 0.814062 0.00664139
0 0.471484 0.655469 0.0515625 0.0773437 0.00598145
1 0.557031 0.496484 0.75 0.750781 0.00403976
0 0.0748047 0.574902 0.125 0.767383 0.00235939
0 0.432031 0.499902 0.501562 0.74707 0.00161648
0 0.560059 0.504004 0.750195 0.743555 0.869141
1 0.560156 0.498437 0.746875 0.75625 0.00311089
0 0.560938 0.498437 0.7375 0.74375 0.922363
1 0.553125 0.494922 0.751562 0.753906 0.0069313
0 0.558203 0.499219 0.767969 0.751562 0.930664
1 0.558594 0.498047 0.767187 0.744531 0.00579834
0 0.558203 0.499121 0.767969 0.751758 0.930664
1 0.558594 0.498047 0.767187 0.744531 0.00570679
