1 0.503125 0.481641 0.859375 0.942969 0.594727
0 0.503125 0.481641 0.859375 0.942969 0.472656
1 0.500781 0.633984 0.840625 0.655469 0.0362244
0 0.500781 0.633984 0.840625 0.655469 0.0350647
0 0.313477 0.628125 0.473828 0.646875 0.0173035
1 0.317578 0.642871 0.480469 0.608008 0.00993347
0 0.230273 0.666406 0.309766 0.528125 0.00296974
0 0.859961 0.129004 0.280078 0.258008 0.00274658
0 0.119922 0.149219 0.239844 0.298438 0.0017271
0 0.0882813 0.159375 0.176563 0.31875 0.00146675
0 0.391309 0.661328 0.636133 0.592969 0.00135136
1 0.859961 0.129004 0.280078 0.258008 0.00133514
1 0.230273 0.666406 0.309766 0.528125 0.00130939
0 0.0828613 0.145898 0.165723 0.291797 0.0012598
0 0.847656 0.410156 0.304688 0.779688 0.00109863
0 0.863477 0.137793 0.273047 0.275586 0.00109005
0 0.172266 0.694531 0.194531 0.44375 0.00108624
1 0.534375 0.484766 0.85625 0.941406 0.904785
0 0.514063 0.482812 0.860937 0.946875 0.00192642
1 0.432129 0.703125 0.704492 0.525 0.00138855
0 0.600781 0.992188 0.420312 0.015625 0.00137234
1 0.225781 0.476172 0.329688 0.932031 0.00135612
1 0.299805 0.672656 0.442578 0.592188 0.00119209
0 0.00424805 0.907422 0.00849609 0.185156 0.00103188
1 0.966406 0.458984 0.0671875 0.792969 0.00100803
1 0.525391 0.486719 0.899219 0.945312 0.938477
0 0.524219 0.498437 0.898438 0.945312 0.0117798
1 0.145313 0.501562 0.222266 0.93125 0.00201988
1 0.196484 0.696875 0.247656 0.498437 0.00122547
0 0.111426 0.172852 0.211523 0.345703 0.00116062
0 0.0592773 0.177734 0.118555 0.272656 0.0011425
0 0.145313 0.501562 0.222266 0.93125 0.00104809
0 0.204248 0.737891 0.258691 0.424219 0.00102043
1 0.525781 0.498828 0.829687 0.950781 0.897461
0 0.54375 0.503516 0.789062 0.964844 0.00462723
1 0.550879 0.228711 0.749805 0.448828 0.00126934
1 0.506641 0.490625 0.850781 0.95625 0.883789
0 0.563379 0.489062 0.762305 0.946875 0.0370483
0 0.525391 0.977344 0.466406 0.0453125 0.00227928
0 0.554688 0.958594 0.20625 0.040625 0.00201035
0 0.580859 0.96875 0.35 0.0625 0.00198746
0 0.578906 0.95625 0.200781 0.053125 0.00191212
1 0.527246 0.311133 0.776758 0.622266 0.0017004
0 0.343359 0.951953 0.429688 0.0960938 0.0015974
0 0.529297 0.986719 0.278906 0.0265625 0.00146675
1 0.287891 0.740625 0.417969 0.44375 0.00145531
1 0.977344 0.4875 0.0453125 0.895312 0.00117874
1 0.648438 0.488672 0.614062 0.941406 0.00116062
0 0.615625 0.948438 0.23125 0.0875 0.00116062
0 0.453906 0.969531 0.492969 0.0609375 0.0011425
0 0.139258 0.8625 0.266016 0.273438 0.00100422
1 0.519531 0.489844 0.867188 0.95 0.918457
0 0.521094 0.493359 0.871875 0.953906 0.00479126
1 0.508594 0.484375 0.857813 0.940625 0.89209
1 0.274805 0.497656 0.358984 0.942187 0.0019722
1 0.722656 0.492969 0.473437 0.932813 0.00145531
1 0.973437 0.598437 0.053125 0.710938 0.00109863
1 0.503125 0.0445312 0.88125 0.0890625 0.00108147
1 0.511035 0.380469 0.74668 0.745313 0.00102043
1 0.524219 0.495313 0.853125 0.945312 0.910645
0 0.529688 0.492188 0.86875 0.942187 0.0256653
1 0.518359 0.0572266 0.835156 0.113672 0.00101185
1 0.517578 0.489844 0.855469 0.934375 0.909668
0 0.520312 0.491797 0.85 0.936719 0.0259552
1 0.514844 0.4875 0.876562 0.923437 0.893555
0 0.512109 0.487109 0.863281 0.919531 0.00664139
1 0.232422 0.492969 0.438281 0.960938 0.0018034
1 0.159277 0.49375 0.318555 0.965625 0.0015974
1 0.514844 0.487891 0.876562 0.922656 0.893555
0 0.512109 0.487109 0.863281 0.919531 0.0068512
1 0.232422 0.492969 0.439063 0.960938 0.00179577
1 0.15957 0.49375 0.319141 0.965625 0.00159168
