0 0.476562 0.534375 0.828125 0.801562 0.935059
0 0.490625 0.812305 0.903125 0.375391 0.0085144
1 0.467969 0.509375 0.86875 0.815625 0.00743103
0 0.216846 0.531934 0.321777 0.795508 0.00452042
0 0.591406 0.511035 0.614062 0.768555 0.00353813
0 0.814648 0.498437 0.370703 0.823438 0.00273705
0 0.156641 0.554297 0.197266 0.635156 0.00226021
1 0.490625 0.812305 0.903125 0.375391 0.00162315
0 0.142578 0.148438 0.271875 0.252344 0.00136185
0 0.464844 0.782812 0.803125 0.325 0.00133038
0 0.46875 0.372852 0.828125 0.745703 0.00105667
1 0.814648 0.498437 0.370703 0.823438 0.00102043
0 0.480469 0.526563 0.832812 0.7875 0.940918
1 0.477344 0.525 0.826563 0.78125 0.0104904
0 0.228955 0.550781 0.343652 0.667188 0.00402451
0 0.432031 0.186523 0.31875 0.0675781 0.00201035
0 0.412109 0.176758 0.1875 0.0652344 0.00174809
0 0.482812 0.658984 0.826563 0.516406 0.00122547
0 0.484375 0.534375 0.83125 0.775 0.898926
1 0.478125 0.535156 0.821875 0.775 0.0194244
0 0.63125 0.532812 0.53125 0.771875 0.00666809
0 0.485156 0.413672 0.832812 0.532812 0.00403976
0 0.482422 0.0839844 0.872656 0.167969 0.00135136
0 0.482031 0.98125 0.85 0.0375 0.00124931
0 0.937891 0.0910156 0.124219 0.178125 0.00118351
0 0.482812 0.146777 0.860937 0.270508 0.00108147
0 0.479297 0.532422 0.819531 0.744531 0.953613
1 0.479297 0.532422 0.819531 0.744531 0.00477219
0 0.470313 0.297461 0.821875 0.269141 0.00138855
0 0.644531 0.530078 0.5125 0.732031 0.00124454
0 0.31582 0.358936 0.490234 0.388379 0.00112057
0 0.475 0.389941 0.8125 0.462305 0.00101662
0 0.471875 0.539844 0.81875 0.767187 0.924805
0 0.597754 0.53916 0.606055 0.762305 0.00382423
1 0.485938 0.540625 0.809375 0.7625 0.00222588
0 0.751562 0.540234 0.298438 0.766406 0.0017004
0 0.957812 0.529688 0.084375 0.809375 0.00104427
0 0.483984 0.533203 0.832031 0.786719 0.922363
0 0.483203 0.53125 0.830469 0.779688 0.88916
0 0.292773 0.527344 0.468359 0.785937 0.00582123
0 0.854102 0.959375 0.291797 0.078125 0.00176144
0 0.0641113 0.860742 0.124902 0.278516 0.00125504
0 0.477344 0.0554687 0.895312 0.110937 0.00103664
0 0.485547 0.536621 0.822656 0.767383 0.876465
0 0.256836 0.530469 0.386328 0.754687 0.0011034
0 0.483203 0.534277 0.811719 0.76582 0.90918
1 0.482812 0.537598 0.823438 0.766992 0.00292397
0 0.486328 0.532422 0.832031 0.760156 0.924805
1 0.486719 0.530566 0.826563 0.774805 0.00624084
0 0.243164 0.525391 0.360547 0.733594 0.00109482
0 0.486328 0.532422 0.832031 0.760156 0.924805
1 0.486719 0.530566 0.826563 0.774805 0.00626373
0 0.243164 0.525684 0.360547 0.733008 0.0011034
