0 0.495313 0.601953 0.815625 0.752344 0.927734
0 0.204248 0.191016 0.352441 0.260156 0.143921
0 0.400391 0.625391 0.617969 0.669531 0.00553513
1 0.492969 0.593652 0.823438 0.781445 0.00521851
0 0.790234 0.539844 0.419531 0.8 0.00346947
0 0.150098 0.194531 0.244727 0.262109 0.00240517
0 0.376953 0.836133 0.535937 0.296484 0.00194931
1 0.204248 0.191016 0.352441 0.260156 0.00176811
0 0.848828 0.509375 0.302344 0.846875 0.00169373
0 0.195703 0.623828 0.214844 0.558594 0.00148392
0 0.880273 0.255078 0.239453 0.510156 0.00146675
0 0.839063 0.228125 0.265625 0.425 0.00139427
0 0.609766 0.595215 0.592969 0.675195 0.00135136
0 0.8875 0.348242 0.225 0.659766 0.00135136
0 0.16543 0.626172 0.147266 0.500781 0.00130463
0 0.871094 0.44375 0.239063 0.875 0.00105667
0 0.896875 0.486719 0.20625 0.873438 0.00102806
0 0.498437 0.611621 0.8 0.729883 0.930176
1 0.498437 0.611621 0.8 0.729883 0.0152512
0 0.193555 0.197461 0.378516 0.254297 0.00763702
0 0.264258 0.620313 0.341797 0.579687 0.00471878
0 0.078125 0.489844 0.15625 0.885938 0.00275803
1 0.193555 0.197461 0.378516 0.254297 0.00250244
0 0.0427734 0.500781 0.0855469 0.889063 0.00126457
1 0.078125 0.489844 0.15625 0.885938 0.00116539
0 0.438281 0.148535 0.08125 0.153711 0.00102425
0 0.488672 0.614453 0.822656 0.722656 0.896973
1 0.488672 0.614453 0.822656 0.722656 0.0143356
0 0.215674 0.193311 0.34209 0.255566 0.0068512
0 0.499219 0.486035 0.839063 0.456055 0.00524139
0 0.618359 0.611719 0.574219 0.717188 0.00302696
0 0.508984 0.326953 0.882031 0.653906 0.00266266
0 0.9375 0.0905273 0.125 0.177539 0.00196457
0 0.510938 0.207617 0.879687 0.398828 0.00152493
0 0.682031 0.409473 0.464063 0.34043 0.00146103
0 0.0105347 0.482422 0.0210693 0.714844 0.00137234
0 0.215967 0.252734 0.336816 0.38125 0.00124931
0 0.650781 0.289062 0.570312 0.578125 0.0011692
0 0.0731445 0.353125 0.133789 0.595312 0.00110722
0 0.265674 0.733594 0.315527 0.489062 0.00108624
0 0.493359 0.61416 0.797656 0.706055 0.949219
1 0.494629 0.606348 0.787305 0.712305 0.00526047
0 0.492969 0.38125 0.81875 0.251563 0.00392914
0 0.641016 0.6 0.535156 0.701563 0.00219917
0 0.326562 0.561621 0.45625 0.595508 0.00171375
0 0.357422 0.424609 0.525781 0.323438 0.00167465
0 0.213281 0.235547 0.342969 0.34375 0.00157928
0 0.451172 0.340625 0.736719 0.46875 0.00141048
0 0.987891 0.662109 0.0242187 0.610156 0.00112438
0 0.261719 0.335742 0.517187 0.542578 0.00104046
0 0.293701 0.490234 0.390723 0.408594 0.00102043
0 0.485938 0.617969 0.79375 0.714063 0.929688
0 0.581152 0.982813 0.431445 0.034375 0.00290108
1 0.504004 0.617578 0.78418 0.721094 0.00228691
0 0.514063 0.982813 0.478125 0.034375 0.00213242
0 0.600098 0.605469 0.610742 0.701563 0.00204277
1 0.424609 0.29668 0.224219 0.0753906 0.00139904
0 0.641406 0.977344 0.435937 0.0453125 0.00136185
0 0.237939 0.323828 0.367871 0.5375 0.00129986
0 0.548437 0.9875 0.33125 0.025 0.00126457
0 0.163184 0.332227 0.324414 0.544922 0.00118828
0 0.5 0.611719 0.81875 0.735937 0.927246
0 0.228711 0.191797 0.336328 0.264453 0.00124931
0 0.504687 0.606934 0.815625 0.72207 0.92627
0 0.358008 0.606641 0.526172 0.714844 0.0135345
0 0.277686 0.615625 0.366504 0.7125 0.00296974
0 0.502344 0.361914 0.817187 0.242578 0.00164223
0 0.0778809 0.522656 0.155762 0.879687 0.00164223
0 0.261328 0.192236 0.455469 0.251465 0.00150681
0 0.483594 0.0502441 0.926562 0.100488 0.00136662
0 0.857813 0.959375 0.284375 0.078125 0.00109863
0 0.514746 0.6125 0.792383 0.723437 0.888672
1 0.515723 0.613281 0.79043 0.723437 0.00118351
0 0.309961 0.594531 0.423828 0.695312 0.00116062
0 0.504297 0.61084 0.800781 0.723633 0.920898
1 0.506934 0.613281 0.798633 0.739062 0.00331116
0 0.236914 0.223633 0.314453 0.314453 0.00154305
0 0.346094 0.597754 0.491406 0.691992 0.00105667
0 0.503125 0.616797 0.817187 0.722656 0.931641
0 0.288086 0.615625 0.380078 0.70625 0.0118713
1 0.502344 0.615625 0.801562 0.725 0.0046463
0 0.503125 0.616797 0.81875 0.722656 0.931641
0 0.288086 0.615625 0.380078 0.70625 0.0119629
1 0.502344 0.615723 0.801562 0.724805 0.0046463
