0 0.51875 0.521094 0.810938 0.829687 0.897461
1 0.491406 0.507812 0.878125 0.83125 0.0174408
0 0.635059 0.517187 0.595508 0.7875 0.00321007
0 0.953906 0.505859 0.0921875 0.819531 0.00194931
0 0.821875 0.167285 0.35625 0.33457 0.00177479
0 0.472266 0.814062 0.902344 0.371875 0.00172043
0 0.29082 0.520703 0.322266 0.767969 0.00158501
0 0.127148 0.119824 0.254297 0.239648 0.0014782
0 0.887109 0.485156 0.225781 0.842188 0.00138283
0 0.883984 0.176367 0.232031 0.352734 0.00137806
0 0.0921875 0.112695 0.184375 0.225391 0.00118351
0 0.350391 0.20625 0.0554687 0.185937 0.00112057
0 0.0826172 0.120312 0.165234 0.240625 0.00104427
0 0.457031 0.878906 0.885938 0.242188 0.00103664
0 0.502734 0.19043 0.778906 0.187109 0.00101662
0 0.913672 0.498437 0.172656 0.814062 0.00100422
1 0.528125 0.520312 0.820312 0.815625 0.769531
0 0.529297 0.525 0.807031 0.80625 0.556641
0 0.301758 0.556152 0.352734 0.625195 0.00148964
1 0.525 0.662109 0.803125 0.522656 0.00141048
1 0.772656 0.519141 0.314063 0.777344 0.00135612
0 0.00419922 0.909375 0.00839844 0.18125 0.00103188
0 0.525781 0.523438 0.801562 0.798437 0.836426
1 0.524316 0.522656 0.799805 0.795313 0.161377
0 0.514844 0.265625 0.803125 0.33125 0.00312424
0 0.469531 0.980859 0.865625 0.0382813 0.00198746
0 0.0810547 0.10918 0.162109 0.218359 0.00195694
0 0.525781 0.336719 0.778125 0.446875 0.00176811
1 0.0810547 0.10918 0.162109 0.218359 0.00122547
0 0.518359 0.521875 0.780469 0.792188 0.898438
1 0.527344 0.518359 0.8 0.807031 0.0593262
0 0.982813 0.588672 0.034375 0.677344 0.00112057
0 0.496777 0.403223 0.731445 0.57168 0.00101662
0 0.529688 0.523047 0.804688 0.819531 0.907227
1 0.531152 0.517187 0.798633 0.81875 0.00492477
0 0.104028 0.851367 0.195459 0.297266 0.00194931
0 0.481934 0.946094 0.43457 0.1 0.00104046
0 0.542969 0.518359 0.823438 0.811719 0.921875
1 0.533594 0.514063 0.814062 0.825 0.00402451
0 0.347852 0.149609 0.0558594 0.0789063 0.0036068
0 0.533984 0.514063 0.797656 0.821875 0.89209
1 0.533984 0.521094 0.803906 0.828125 0.00948334
0 0.341797 0.523828 0.421094 0.800781 0.00598145
0 0.345703 0.151562 0.053125 0.0785156 0.0053215
0 0.106934 0.855469 0.208008 0.289062 0.00526047
0 0.290625 0.549219 0.3125 0.745313 0.00235939
1 0.106934 0.855469 0.208008 0.289062 0.0015974
0 0.53291 0.517578 0.788867 0.814844 0.873047
1 0.53291 0.517578 0.788867 0.814844 0.0210114
0 0.535156 0.516406 0.779688 0.81875 0.733887
1 0.538281 0.514453 0.778125 0.819531 0.320801
0 0.533594 0.522656 0.804688 0.801562 0.88623
1 0.532812 0.514844 0.803125 0.804688 0.0613098
0 0.533594 0.522656 0.804688 0.801562 0.887207
1 0.533203 0.514844 0.802344 0.804688 0.0604248
