0 0.434766 0.628125 0.498437 0.571875 0.458008
0 0.543848 0.491797 0.766992 0.850781 0.454346
0 0.44834 0.514063 0.550195 0.83125 0.44751
0 0.533984 0.620703 0.722656 0.588281 0.259033
1 0.540625 0.496094 0.7625 0.829687 0.178101
1 0.434766 0.626562 0.492188 0.56875 0.165649
1 0.44834 0.514063 0.550195 0.83125 0.137939
1 0.533984 0.620703 0.722656 0.588281 0.0639648
0 0.732031 0.495313 0.31875 0.825 0.0363464
0 0.903906 0.510156 0.192188 0.84375 0.00191212
0 0.787305 0.175684 0.422266 0.351367 0.0016489
0 0.479688 0.810156 0.909375 0.379687 0.00135612
1 0.732031 0.495313 0.31875 0.825 0.00118828
1 0.538965 0.494922 0.729883 0.830469 0.921875
1 0.530859 0.266602 0.703906 0.366016 0.008255
0 0.538965 0.494922 0.729883 0.830469 0.00457382
0 0.503125 0.268408 0.657812 0.370215 0.00206757
0 0.00266113 0.917578 0.00532227 0.164844 0.00204277
1 0.658203 0.491797 0.486719 0.832031 0.00184631
1 0.455469 0.660937 0.554688 0.509375 0.00149536
1 0.53916 0.494531 0.74668 0.832812 0.884277
1 0.547266 0.643848 0.744531 0.54043 0.00674438
0 0.542188 0.495703 0.73125 0.833594 0.00492477
1 0.31543 0.702734 0.247266 0.414844 0.00259018
0 0.31543 0.702734 0.247266 0.414844 0.00218201
0 0.483594 0.982813 0.839063 0.034375 0.00185299
1 0.364062 0.655469 0.345313 0.517187 0.0011692
1 0.531152 0.489844 0.706445 0.834375 0.841309
0 0.530371 0.488281 0.708008 0.829687 0.0572815
0 0.530078 0.30332 0.702344 0.455078 0.0015974
1 0.530078 0.30332 0.702344 0.455078 0.00129414
0 0.976953 0.508594 0.0460938 0.845312 0.00127411
1 0.532812 0.498437 0.707812 0.853125 0.895508
0 0.533594 0.496094 0.709375 0.851562 0.0527039
1 0.517969 0.673828 0.671875 0.475781 0.00746155
1 0.409375 0.685156 0.451562 0.446875 0.00324821
0 0.925781 0.728516 0.148438 0.542969 0.0019722
0 0.919531 0.9 0.160938 0.196875 0.00171375
1 0.538184 0.489453 0.729883 0.836719 0.908203
0 0.5375 0.489453 0.728125 0.835156 0.00841522
1 0.531641 0.496875 0.711719 0.84375 0.89209
0 0.530859 0.496875 0.708594 0.848437 0.0177155
0 0.91875 0.895312 0.1625 0.20625 0.00641251
1 0.334766 0.51875 0.315625 0.8 0.00143242
0 0.942578 0.508203 0.114844 0.847656 0.00104046
1 0.919531 0.883008 0.160938 0.227734 0.00101662
1 0.544922 0.493359 0.711719 0.835156 0.916504
0 0.544922 0.493359 0.711719 0.835156 0.00397491
0 0.920313 0.896094 0.159375 0.207813 0.00154305
1 0.533984 0.489062 0.716406 0.828125 0.917969
0 0.533984 0.489062 0.716406 0.828125 0.00424957
1 0.539453 0.488281 0.707031 0.821875 0.89502
0 0.920313 0.872656 0.159375 0.25 0.00138855
0 0.538281 0.4875 0.714063 0.820312 0.00119686
1 0.539453 0.488281 0.707031 0.821875 0.89502
0 0.920313 0.872656 0.159375 0.25 0.00137806
0 0.538281 0.4875 0.714063 0.820312 0.00119209
