0 0.505469 0.5 0.829687 0.871875 0.891113
1 0.505469 0.5 0.829687 0.871875 0.0402527
0 0.504297 0.619434 0.750781 0.66582 0.00598145
0 0.202734 0.381641 0.153516 0.271875 0.00261116
0 0.897656 0.546875 0.204688 0.8375 0.00188923
0 0.390234 0.65625 0.514063 0.590625 0.00174809
0 0.634277 0.530078 0.593945 0.791406 0.00164223
0 0.201367 0.350391 0.151953 0.458594 0.00134563
0 0.793164 0.170801 0.413672 0.341602 0.00130463
0 0.467969 0.816406 0.857813 0.321875 0.00125504
0 0.220117 0.322266 0.170312 0.389844 0.00112915
0 0.229248 0.555859 0.205566 0.772656 0.00104427
0 0.521484 0.519531 0.810156 0.914062 0.628906
1 0.521484 0.519531 0.810156 0.914062 0.604004
1 0.498047 0.714063 0.741406 0.5125 0.0102921
0 0.361133 0.5125 0.472266 0.901563 0.00706482
0 0.953125 0.413965 0.09375 0.133008 0.00551224
1 0.361133 0.5125 0.472266 0.901563 0.00473785
0 0.498047 0.714063 0.741406 0.5125 0.00332451
0 0.533984 0.236719 0.722656 0.360938 0.0020504
1 0.533984 0.236719 0.722656 0.360938 0.00162315
0 0.00288086 0.913281 0.00576172 0.173438 0.00131989
0 0.524609 0.512109 0.799219 0.900781 0.73877
1 0.524609 0.512109 0.799219 0.900781 0.286133
0 0.530859 0.270312 0.810156 0.421875 0.00734711
0 0.47959 0.677344 0.70957 0.565625 0.0030632
0 0.311523 0.703125 0.352734 0.515625 0.00298119
0 0.526172 0.206641 0.841406 0.317187 0.00201988
0 0.0724609 0.0772461 0.144922 0.154492 0.00173378
0 0.258594 0.740234 0.260156 0.435156 0.0017271
0 0.426953 0.293164 0.592188 0.465234 0.0014782
0 0.955859 0.465625 0.0882813 0.285937 0.00103664
0 0.521875 0.521094 0.784375 0.90625 0.901367
1 0.515234 0.523438 0.783594 0.896875 0.0407715
0 0.531641 0.282813 0.786719 0.453125 0.00743103
0 0.510156 0.710938 0.767187 0.495313 0.00486755
0 0.398438 0.708203 0.529688 0.505469 0.00469971
0 0.375684 0.289844 0.470508 0.45625 0.00183868
0 0.522266 0.191211 0.805469 0.277344 0.00166798
0 0.978906 0.560156 0.0421875 0.779688 0.00134563
0 0.538965 0.509375 0.78457 0.89375 0.941406
1 0.555371 0.507031 0.761133 0.8875 0.00316048
0 0.715234 0.510938 0.446094 0.878125 0.00126934
0 0.567187 0.971094 0.44375 0.0578125 0.00100803
0 0.528906 0.516016 0.807813 0.902344 0.92627
1 0.539453 0.499609 0.814844 0.903906 0.00638962
0 0.519531 0.74375 0.773438 0.432813 0.00126457
0 0.396094 0.757031 0.532812 0.404687 0.00108147
0 0.533203 0.519141 0.803906 0.896094 0.880371
0 0.336328 0.521875 0.419531 0.890625 0.011734
1 0.530859 0.517969 0.811719 0.895312 0.00351143
0 0.927734 0.901563 0.144531 0.196875 0.00336266
0 0.283643 0.555859 0.303027 0.824219 0.00231361
0 0.3 0.680859 0.330469 0.571094 0.00185299
0 0.526563 0.383203 0.792188 0.659375 0.00115108
0 0.948438 0.467969 0.103125 0.751562 0.0011158
0 0.73125 0.517969 0.4125 0.882812 0.00107288
0 0.383984 0.674219 0.499219 0.585938 0.00102806
0 0.953906 0.466309 0.0921875 0.714258 0.00102425
0 0.538281 0.515625 0.798437 0.895312 0.87793
1 0.535156 0.515625 0.810938 0.879687 0.00450516
0 0.292627 0.728125 0.306934 0.46875 0.00105667
0 0.536719 0.518359 0.784375 0.900781 0.916504
1 0.535937 0.515234 0.784375 0.903906 0.0229797
0 0.533203 0.520703 0.808594 0.899219 0.932617
1 0.533203 0.515625 0.813281 0.89375 0.00516129
0 0.533203 0.520703 0.808594 0.899219 0.932617
1 0.533203 0.515625 0.813281 0.89375 0.0051384
