0 0.495703 0.514063 0.871094 0.840625 0.59375
1 0.49375 0.484766 0.876562 0.889844 0.572754
0 0.868945 0.128711 0.262109 0.257422 0.00857544
1 0.493359 0.616504 0.841406 0.64043 0.00547028
0 0.266406 0.571094 0.421094 0.7 0.00526047
0 0.499219 0.799609 0.892187 0.400781 0.00496292
0 0.430078 0.586035 0.732031 0.68418 0.00460815
1 0.499219 0.799609 0.892187 0.400781 0.003088
1 0.868945 0.128711 0.262109 0.257422 0.00277901
1 0.263867 0.600391 0.410547 0.646094 0.00258064
0 0.867969 0.139258 0.264062 0.278516 0.00246239
0 0.128906 0.14873 0.257812 0.297461 0.00217438
0 0.101465 0.164844 0.20293 0.329688 0.0016489
0 0.963672 0.472656 0.0726563 0.842188 0.00143814
0 0.136035 0.645703 0.163086 0.513281 0.00135612
0 0.819922 0.830078 0.360156 0.339844 0.00129414
0 0.087793 0.16377 0.175586 0.327539 0.0012846
0 0.65 0.4875 0.54375 0.823438 0.00119686
0 0.935938 0.451172 0.128125 0.872656 0.00119686
1 0.128906 0.14873 0.257812 0.297461 0.00108147
1 0.862695 0.155566 0.274609 0.311133 0.00102425
1 0.4875 0.473437 0.860937 0.903125 0.916504
0 0.482812 0.475781 0.857813 0.898438 0.00136185
1 0.499219 0.477344 0.870313 0.907812 0.955078
0 0.499219 0.477344 0.870313 0.907812 0.00383949
1 0.150098 0.485938 0.172461 0.882812 0.00202751
0 0.471484 0.98125 0.858594 0.0375 0.00138283
1 0.471484 0.98125 0.858594 0.0375 0.00122547
0 0.0619141 0.199561 0.123828 0.275879 0.00103188
0 0.201367 0.719531 0.260547 0.425 0.00100803
1 0.226758 0.711328 0.291797 0.444531 0.00100803
1 0.492969 0.49375 0.842188 0.89375 0.894043
0 0.497266 0.476953 0.849219 0.885156 0.00933838
1 0.491016 0.489844 0.855469 0.8875 0.921875
0 0.508203 0.480469 0.821094 0.903125 0.00619125
0 0.976562 0.467187 0.046875 0.873438 0.00123501
0 0.377734 0.947656 0.444531 0.104687 0.00121117
1 0.471484 0.726562 0.794531 0.423438 0.00105667
0 0.33457 0.945312 0.347266 0.103125 0.00102425
1 0.499219 0.482812 0.854688 0.91875 0.921875
0 0.499219 0.482812 0.854688 0.91875 0.0246582
1 0.494141 0.478906 0.846094 0.901563 0.909668
1 0.272656 0.4875 0.421875 0.896875 0.00945282
1 0.966797 0.510938 0.0664062 0.860937 0.00276756
0 0.966797 0.510938 0.0664062 0.860937 0.00235939
1 0.950391 0.501562 0.0992187 0.9 0.00226974
0 0.947266 0.503906 0.105469 0.898438 0.00192642
1 0.670703 0.475781 0.496094 0.901563 0.00157928
0 0.957031 0.588281 0.0859375 0.770312 0.00148964
1 0.486719 0.047998 0.903125 0.0950195 0.00133514
0 0.218555 0.303516 0.11875 0.0742188 0.00125504
1 0.0612305 0.509375 0.117773 0.9 0.00123501
0 0.492188 0.473437 0.846875 0.903125 0.0011692
1 0.884375 0.490625 0.1 0.89375 0.00113392
1 0.512891 0.480469 0.821094 0.885938 0.914062
0 0.507812 0.48125 0.829687 0.9125 0.0222931
1 0.0649902 0.499219 0.12998 0.9375 0.00150108
1 0.138892 0.499219 0.182764 0.920313 0.00146675
1 0.480469 0.0675293 0.910937 0.127051 0.00105667
1 0.502344 0.476953 0.835938 0.905469 0.90625
0 0.502344 0.480859 0.835938 0.905469 0.00317192
1 0.498437 0.483203 0.845312 0.889844 0.89502
1 0.122266 0.500781 0.244531 0.954687 0.008255
1 0.0720703 0.50625 0.144141 0.935938 0.0049057
1 0.170508 0.494531 0.25 0.926562 0.00268364
1 0.0469727 0.517969 0.0939453 0.914062 0.00178242
1 0.498437 0.483203 0.845312 0.889844 0.89502
1 0.122754 0.500781 0.245508 0.954687 0.008255
1 0.0723633 0.50625 0.144727 0.935938 0.0049057
1 0.170703 0.494531 0.250391 0.926562 0.0026722
1 0.0470703 0.517969 0.0941406 0.914062 0.00176811
