1 0.519141 0.532812 0.607031 0.876562 0.830566
0 0.514844 0.539453 0.620313 0.886719 0.265137
1 0.512891 0.673047 0.611719 0.619531 0.0109863
0 0.512891 0.673047 0.611719 0.619531 0.00183868
0 0.785156 0.530469 0.429688 0.878125 0.00183868
0 0.909375 0.542578 0.18125 0.839844 0.00168133
0 0.764844 0.558203 0.146875 0.810156 0.00138855
1 0.529297 0.523828 0.602344 0.864844 0.879395
0 0.530078 0.539844 0.608594 0.884375 0.00287819
0 0.00319824 0.914844 0.00639648 0.170312 0.00226974
1 0.275781 0.521875 0.245312 0.921875 0.00129986
1 0.366797 0.528516 0.303125 0.883594 0.00107288
1 0.528125 0.533594 0.596875 0.896875 0.950195
0 0.0482422 0.473437 0.0964844 0.30625 0.00363541
0 0.51875 0.539844 0.610937 0.8875 0.00265312
1 0.612891 0.294141 0.774219 0.588281 0.00171375
0 0.0340332 0.594531 0.0624023 0.290625 0.00156116
0 0.970312 0.404785 0.059375 0.326367 0.00152493
1 0.380469 0.762891 0.345313 0.446094 0.00142097
0 0.0379883 0.517578 0.0759766 0.341406 0.00127411
0 0.9625 0.458984 0.075 0.31875 0.00126934
0 0.0517578 0.423047 0.103516 0.29375 0.00126457
1 0.277734 0.729297 0.138281 0.332031 0.00118828
0 0.917188 0.880859 0.1625 0.238281 0.00116062
1 0.970312 0.404785 0.059375 0.326367 0.0011158
1 0.278516 0.710156 0.134375 0.476562 0.00103188
0 0.00905762 0.689844 0.0181152 0.36875 0.00102043
1 0.525 0.525781 0.589063 0.871875 0.89502
0 0.520996 0.538281 0.620508 0.901563 0.00388527
0 0.196875 0.492969 0.0496094 0.0515625 0.00126457
1 0.953125 0.517969 0.09375 0.926562 0.0011425
0 0.957031 0.511719 0.0859375 0.907812 0.00104809
1 0.536621 0.534375 0.626758 0.885938 0.886719
0 0.538379 0.533594 0.607617 0.884375 0.0249939
0 0.914062 0.726953 0.171875 0.544531 0.00638962
1 0.480859 0.757422 0.552344 0.460156 0.00400543
1 0.917578 0.710547 0.164844 0.566406 0.00302696
0 0.929688 0.665234 0.140625 0.646094 0.00124454
0 0.902344 0.9 0.175 0.196875 0.0012064
1 0.399219 0.769141 0.38125 0.436719 0.0011425
1 0.5375 0.532812 0.621875 0.884375 0.895508
0 0.5375 0.539062 0.6375 0.889063 0.00847626
0 0.201758 0.492188 0.0570313 0.053125 0.00181007
1 0.508984 0.758203 0.602344 0.458594 0.00108147
1 0.533594 0.533984 0.609375 0.878906 0.880371
0 0.90625 0.896875 0.184375 0.203125 0.00591278
0 0.19917 0.493359 0.0711914 0.0507812 0.0055542
1 0.95 0.55 0.09375 0.842188 0.00492477
1 0.908594 0.551562 0.125 0.85 0.00283432
0 0.946875 0.561719 0.103125 0.810938 0.00250244
1 0.938281 0.621875 0.117188 0.709375 0.00195694
1 0.963281 0.561719 0.0734375 0.795313 0.00157928
0 0.963281 0.561719 0.0734375 0.795313 0.00142097
1 0.343945 0.611621 0.270703 0.73457 0.00136185
0 0.908594 0.551562 0.125 0.85 0.00126457
0 0.193945 0.496875 0.1125 0.0484375 0.00124454
1 0.228467 0.555859 0.204004 0.847656 0.00116062
1 0.535156 0.530078 0.601562 0.875781 0.896484
0 0.908203 0.902734 0.183594 0.194531 0.00436401
0 0.534375 0.533594 0.61875 0.895312 0.00264168
1 0.944141 0.510938 0.111719 0.9 0.00102043
1 0.532812 0.533984 0.601562 0.880469 0.894043
0 0.534375 0.532812 0.615625 0.885938 0.00209999
1 0.526172 0.538281 0.624219 0.884375 0.890137
0 0.90625 0.875781 0.178125 0.245312 0.00157356
0 0.533691 0.538672 0.613867 0.872656 0.00125504
1 0.526172 0.538281 0.624219 0.884375 0.890137
0 0.90625 0.875781 0.178125 0.245312 0.00156116
0 0.533691 0.538672 0.613867 0.872656 0.00127411
