0 0.515527 0.513379 0.779883 0.791992 0.715332
1 0.516406 0.489062 0.814062 0.846875 0.339844
0 0.324414 0.5 0.391797 0.825 0.0913696
0 0.760938 0.489844 0.29375 0.829687 0.00837708
1 0.459375 0.565723 0.659375 0.65918 0.00734711
1 0.336719 0.514941 0.415625 0.751367 0.00244331
0 0.641797 0.486719 0.533594 0.859375 0.00230598
0 0.470313 0.838281 0.940625 0.323438 0.00209999
0 0.521484 0.622754 0.742969 0.579492 0.00209999
1 0.479297 0.83125 0.938281 0.3375 0.00166798
0 0.338672 0.615234 0.411719 0.564844 0.00165462
0 0.281299 0.515723 0.306934 0.737305 0.00121593
1 0.760938 0.489844 0.29375 0.829687 0.00118351
0 0.812305 0.136719 0.241016 0.273438 0.00111198
0 0.93125 0.470703 0.1375 0.817969 0.00100422
1 0.517578 0.491406 0.792969 0.870313 0.910645
0 0.514844 0.484375 0.785937 0.86875 0.00930023
1 0.716406 0.482812 0.389062 0.859375 0.00291252
0 0.0146484 0.731641 0.0292969 0.432031 0.00143242
0 0.00441895 0.907422 0.00883789 0.185156 0.00104046
1 0.521875 0.471094 0.8 0.885938 0.950195
0 0.523047 0.467578 0.800781 0.864844 0.00598145
0 0.254492 0.665625 0.243359 0.459375 0.00340271
0 0.947656 0.0859375 0.104687 0.167578 0.00257111
0 0.492188 0.982422 0.851562 0.0351562 0.00251198
0 0.0841797 0.062207 0.168359 0.124414 0.00162888
1 0.492188 0.982422 0.851562 0.0351562 0.00156689
0 0.23042 0.654297 0.20166 0.397656 0.00150108
0 0.802344 0.0591797 0.245312 0.114844 0.00149536
0 0.326367 0.670313 0.372266 0.476562 0.00138283
0 0.283252 0.701563 0.276465 0.415625 0.00129986
1 0.254492 0.665625 0.243359 0.459375 0.00119209
1 0.5125 0.48125 0.770312 0.890625 0.850586
0 0.5125 0.48125 0.770312 0.890625 0.044281
1 0.516016 0.485156 0.766406 0.876562 0.879883
0 0.527441 0.479688 0.741992 0.8875 0.0471497
1 0.978906 0.439063 0.0421875 0.817187 0.00134563
0 0.978906 0.439063 0.0421875 0.817187 0.00122547
1 0.520996 0.470313 0.786133 0.890625 0.914551
0 0.523438 0.473437 0.790625 0.884375 0.0088501
1 0.517969 0.477344 0.773438 0.89375 0.916016
1 0.951172 0.505859 0.0976562 0.877344 0.00561905
1 0.965625 0.523438 0.06875 0.840625 0.00559998
1 0.297607 0.482031 0.340723 0.873438 0.00441742
0 0.8625 0.948438 0.273438 0.103125 0.00248146
0 0.965625 0.523438 0.06875 0.840625 0.00162315
1 0.878125 0.494141 0.096875 0.883594 0.00146103
1 0.268945 0.564941 0.275391 0.70293 0.00119686
1 0.694531 0.480859 0.442187 0.882031 0.00117874
0 0.951172 0.505859 0.0976562 0.877344 0.00109863
0 0.516797 0.475781 0.782031 0.885938 0.00100803
1 0.518848 0.480859 0.785742 0.875781 0.905762
0 0.519922 0.471875 0.782031 0.878125 0.035553
1 0.939453 0.488281 0.121094 0.882812 0.00152493
1 0.51875 0.466406 0.773438 0.873438 0.916016
0 0.517285 0.467969 0.773242 0.870313 0.00714874
1 0.517285 0.467969 0.785742 0.853125 0.880371
0 0.517285 0.467969 0.785742 0.853125 0.00737381
1 0.517285 0.467969 0.785742 0.853125 0.878906
0 0.517285 0.467969 0.785742 0.853125 0.00766754
