0 0.493359 0.511719 0.669531 0.746875 0.731934
1 0.494922 0.540723 0.663281 0.693555 0.257568
0 0.356641 0.58916 0.382031 0.57793 0.00234985
0 0.296826 0.617188 0.256348 0.509375 0.00233269
0 0.445312 0.892187 0.86875 0.215625 0.00178242
1 0.404297 0.600391 0.476562 0.567969 0.00176811
0 0.765234 0.523047 0.469531 0.772656 0.00131512
1 0.445312 0.892187 0.86875 0.215625 0.00114727
1 0.475 0.514453 0.723437 0.757031 0.898926
1 0.858594 0.45 0.257812 0.878125 0.00209999
1 0.776563 0.441406 0.434375 0.817187 0.00192642
0 0.483691 0.529297 0.707617 0.744531 0.0018034
1 0.282031 0.522266 0.564062 0.817969 0.0016613
0 0.00283203 0.91875 0.00566406 0.1625 0.00148964
1 0.860937 0.458984 0.179688 0.875781 0.00116539
1 0.507812 0.514063 0.646875 0.75625 0.92627
0 0.508984 0.5125 0.644531 0.75 0.00598145
0 0.0643555 0.0800781 0.128711 0.15957 0.00245285
1 0.47666 0.982031 0.79043 0.0359375 0.00219917
0 0.47666 0.982031 0.79043 0.0359375 0.00165462
0 0.109546 0.420312 0.173486 0.140625 0.0015974
1 0.303125 0.671484 0.275781 0.428906 0.00156116
1 0.473437 0.360742 0.73125 0.721484 0.00139427
1 0.915625 0.467969 0.165625 0.832812 0.00123978
0 0.96875 0.692187 0.0625 0.296875 0.00105667
1 0.102734 0.637109 0.179297 0.550781 0.00101662
1 0.442969 0.66875 0.55 0.446875 0.00100803
1 0.505859 0.515723 0.644531 0.768555 0.894531
0 0.506152 0.514453 0.648633 0.758594 0.0120544
1 0.505371 0.512402 0.675195 0.754883 0.941895
0 0.504297 0.513379 0.655469 0.756055 0.0069046
1 0.48125 0.704687 0.645312 0.375 0.00370789
1 0.499609 0.515234 0.674219 0.764844 0.89502
0 0.510938 0.515234 0.679688 0.778906 0.0078125
1 0.504004 0.512109 0.670117 0.761719 0.896973
1 0.333594 0.516406 0.327344 0.767187 0.00340271
0 0.50625 0.510938 0.6625 0.757812 0.00230598
0 0.935938 0.909375 0.128125 0.178125 0.00108147
1 0.507715 0.511816 0.661133 0.754492 0.899414
0 0.512891 0.513184 0.655469 0.761133 0.0146179
1 0.505078 0.509473 0.664844 0.75293 0.917969
0 0.501465 0.508203 0.66582 0.744531 0.00179577
1 0.504297 0.516504 0.672656 0.757617 0.90918
0 0.505859 0.512109 0.669531 0.749219 0.00110722
1 0.504297 0.516504 0.672656 0.757617 0.90918
0 0.505859 0.512109 0.669531 0.749219 0.00112057
