0 0.497656 0.535937 0.745313 0.853125 0.673828
1 0.483984 0.517187 0.733594 0.8375 0.507812
0 0.234766 0.517187 0.223047 0.715625 0.00217438
0 0.492871 0.630078 0.708008 0.621094 0.00151253
0 0.676562 0.517578 0.359375 0.792969 0.00127411
0 0.778906 0.492188 0.442187 0.825 0.00106049
1 0.481641 0.512891 0.724219 0.855469 0.878906
0 0.512109 0.990625 0.291406 0.01875 0.00337601
1 0.932813 0.466406 0.13125 0.835938 0.00276756
0 0.510059 0.977344 0.28457 0.0453125 0.00246239
0 0.932813 0.466406 0.13125 0.835938 0.00188255
0 0.521777 0.99375 0.383008 0.0125 0.00143814
0 0.0144531 0.751953 0.0289063 0.449219 0.00133514
0 0.00339355 0.911719 0.00678711 0.176563 0.00121593
1 0.485156 0.512109 0.748438 0.838281 0.941406
0 0.952734 0.0938477 0.0945313 0.183398 0.00508118
0 0.0853027 0.0710938 0.170605 0.142188 0.00299263
1 0.93125 0.501953 0.128125 0.849219 0.00247192
0 0.93125 0.501953 0.128125 0.849219 0.00209045
0 0.817187 0.0606445 0.232812 0.116992 0.0016613
1 0.936719 0.532812 0.125 0.634375 0.00156116
0 0.950781 0.0710938 0.0984375 0.142188 0.00148392
0 0.936719 0.532812 0.125 0.634375 0.00147247
0 0.491797 0.505078 0.732031 0.849219 0.00117874
1 0.487109 0.5125 0.721094 0.865625 0.906738
0 0.4875 0.511328 0.725 0.866406 0.00168705
1 0.49541 0.516016 0.731055 0.855469 0.927734
0 0.501953 0.514844 0.705469 0.857813 0.0173035
1 0.480469 0.717578 0.704687 0.452344 0.0016613
0 0.917969 0.512891 0.129688 0.821094 0.00148964
1 0.489844 0.501562 0.75 0.859375 0.91748
0 0.495703 0.508594 0.746094 0.864062 0.00170708
1 0.496094 0.515625 0.73125 0.859375 0.867188
1 0.271436 0.524609 0.290723 0.838281 0.00460815
1 0.638281 0.509766 0.451562 0.853906 0.00328636
0 0.867188 0.934375 0.2625 0.128125 0.00186729
1 0.944531 0.522266 0.110937 0.874219 0.00157928
1 0.914062 0.531641 0.115625 0.861719 0.00153065
1 0.108301 0.524609 0.175586 0.863281 0.0011692
1 0.961719 0.529688 0.0765625 0.84375 0.00105667
1 0.494531 0.502344 0.735937 0.8375 0.896973
0 0.494922 0.50625 0.732031 0.8625 0.00243378
1 0.907812 0.514453 0.159375 0.872656 0.00112438
1 0.495703 0.516016 0.739844 0.866406 0.928223
0 0.494141 0.50625 0.724219 0.865625 0.00213242
1 0.251758 0.499219 0.482422 0.895312 0.00151253
1 0.494141 0.510938 0.730469 0.842188 0.904297
1 0.260938 0.50625 0.521875 0.8625 0.00156116
0 0.493359 0.509375 0.728906 0.851562 0.00155449
1 0.494141 0.510938 0.730469 0.84375 0.903809
0 0.493066 0.508984 0.729492 0.852344 0.00158501
1 0.261133 0.506641 0.522266 0.863281 0.0015192
