0 0.546191 0.597656 0.754492 0.735937 0.899902
1 0.540625 0.600391 0.740625 0.736719 0.00874329
0 0.208008 0.19082 0.394922 0.282031 0.00841522
0 0.804688 0.575781 0.390625 0.765625 0.00448608
0 0.621191 0.597656 0.576367 0.642187 0.00331116
0 0.336523 0.602734 0.331641 0.694531 0.00321007
0 0.846484 0.507031 0.307031 0.835938 0.00133038
0 0.721875 0.564844 0.417188 0.721875 0.00132465
1 0.804688 0.575781 0.390625 0.765625 0.00129414
0 0.538281 0.591797 0.717188 0.727344 0.796387
1 0.541016 0.614844 0.727344 0.692187 0.338867
0 0.206641 0.214062 0.413281 0.258594 0.00195694
1 0.206641 0.214062 0.413281 0.258594 0.00137234
0 0.352734 0.625098 0.360156 0.604492 0.00127888
0 0.084668 0.515625 0.169336 0.86875 0.00106907
0 0.014502 0.7125 0.0290039 0.389062 0.00102043
0 0.539844 0.607129 0.7375 0.720117 0.70166
1 0.538965 0.604004 0.73457 0.716992 0.383057
0 0.9375 0.087207 0.125 0.170508 0.0020504
0 0.344922 0.719531 0.314844 0.484375 0.00171375
0 0.799219 0.0610352 0.21875 0.118164 0.00103664
0 0.540234 0.597266 0.738281 0.692969 0.938965
1 0.534766 0.598828 0.733594 0.688281 0.0100555
0 0.529297 0.46709 0.761719 0.44082 0.00176144
0 0.532422 0.370508 0.775781 0.268359 0.00106525
0 0.54375 0.591406 0.734375 0.71875 0.897949
1 0.548828 0.585938 0.724219 0.695312 0.00154877
0 0.539844 0.959375 0.357031 0.04375 0.00140476
0 0.557422 0.95625 0.264844 0.0625 0.00116062
0 0.544531 0.597266 0.745313 0.724219 0.911133
1 0.547266 0.589063 0.757031 0.73125 0.00127411
0 0.548047 0.59541 0.746094 0.712305 0.930176
0 0.542578 0.398047 0.744531 0.324219 0.00164223
0 0.0651367 0.863867 0.124219 0.272266 0.00161076
0 0.345752 0.594141 0.34834 0.707031 0.00146103
0 0.543066 0.341016 0.75293 0.236719 0.00102425
0 0.547754 0.594629 0.743555 0.716992 0.884277
1 0.545703 0.596875 0.741406 0.720312 0.0020504
0 0.547656 0.594434 0.732813 0.700195 0.905762
1 0.547656 0.594434 0.732813 0.700195 0.0068512
0 0.547559 0.598437 0.743945 0.709375 0.918945
1 0.547559 0.595312 0.742383 0.710938 0.0116425
0 0.547266 0.598437 0.744531 0.709375 0.918945
1 0.547559 0.595312 0.742383 0.710938 0.0116882
