0 0.536816 0.520996 0.77793 0.723633 0.90918
1 0.547559 0.520215 0.76582 0.745508 0.00629044
0 0.467578 0.865234 0.935156 0.269531 0.00457382
0 0.844531 0.551172 0.310937 0.819531 0.00252151
0 0.513281 0.341211 0.834375 0.682422 0.00219154
0 0.388379 0.599316 0.42168 0.57793 0.00183868
0 0.265039 0.260498 0.318359 0.37041 0.00159168
1 0.452344 0.885938 0.904688 0.228125 0.00151253
0 0.626953 0.548437 0.602344 0.64375 0.0012846
0 0.46875 0.795508 0.90625 0.408984 0.00117397
0 0.51875 0.285742 0.860937 0.571484 0.00116062
0 0.634766 0.307617 0.483594 0.484766 0.00100422
1 0.55 0.535547 0.751562 0.747656 0.793945
0 0.55166 0.532031 0.756055 0.767187 0.194336
0 0.00411377 0.909766 0.00822754 0.180469 0.00110722
0 0.550684 0.517578 0.74082 0.722656 0.86084
1 0.550391 0.522559 0.739844 0.733008 0.0229797
0 0.0480469 0.0844727 0.0955078 0.168945 0.00356483
0 0.0794922 0.494531 0.137305 0.832812 0.003088
0 0.0098877 0.519141 0.0197754 0.833594 0.00283432
0 0.562109 0.382324 0.708594 0.444727 0.00279999
0 0.0572266 0.444629 0.0972656 0.781055 0.00221634
0 0.17041 0.282813 0.138867 0.264062 0.00175476
0 0.521777 0.978906 0.792383 0.0421875 0.00165462
0 0.318359 0.280664 0.405469 0.404297 0.00139904
0 0.283936 0.234766 0.33916 0.316406 0.0012846
0 0.00964355 0.696094 0.0192871 0.567187 0.00123501
0 0.331445 0.139648 0.255078 0.130469 0.0012064
0 0.544922 0.928906 0.788281 0.142188 0.0011425
0 0.0475586 0.43125 0.0802734 0.583594 0.00106907
1 0.17041 0.282813 0.138867 0.264062 0.00104046
0 0.452441 0.352344 0.663867 0.554688 0.00101662
0 0.544531 0.528906 0.74375 0.723437 0.920898
0 0.352344 0.292969 0.4875 0.439063 0.0105286
1 0.544629 0.530859 0.754492 0.735156 0.00901794
0 0.290283 0.28125 0.360059 0.414062 0.00844574
0 0.399609 0.351367 0.575781 0.556641 0.00362206
0 0.478223 0.301953 0.74043 0.451562 0.00199509
0 0.534277 0.261328 0.762695 0.225 0.00195694
0 0.507031 0.652344 0.645312 0.5 0.00126934
0 0.506641 0.27168 0.816406 0.316016 0.00100803
0 0.55 0.521094 0.751562 0.740625 0.915527
1 0.554004 0.52041 0.738867 0.74043 0.00139904
0 0.54541 0.528906 0.75918 0.742188 0.910645
1 0.550684 0.521973 0.764258 0.766992 0.00219917
0 0.535156 0.970703 0.798437 0.0585938 0.00114727
0 0.551953 0.526172 0.752344 0.760156 0.922852
0 0.108594 0.507031 0.211719 0.848437 0.01017
0 0.339258 0.575098 0.347266 0.687305 0.00682449
0 0.0825195 0.479785 0.163477 0.77793 0.00316048
0 0.162402 0.510938 0.288867 0.8375 0.00201988
0 0.245752 0.516797 0.207715 0.810156 0.00137234
0 0.300586 0.612598 0.269141 0.60918 0.00118351
0 0.555371 0.538672 0.745508 0.757031 0.896484
0 0.550781 0.530078 0.754687 0.761719 0.921387
1 0.558984 0.526172 0.738281 0.742969 0.00270462
0 0.555078 0.529004 0.750781 0.74668 0.938477
1 0.557715 0.528027 0.74707 0.74707 0.00418091
0 0.360547 0.535059 0.391406 0.745508 0.00232315
0 0.555078 0.52959 0.750781 0.74707 0.938477
1 0.557129 0.528125 0.74668 0.746875 0.00411606
0 0.360596 0.535059 0.391309 0.745508 0.00230598
