0 0.462891 0.592871 0.763281 0.75957 0.931641
1 0.45625 0.567969 0.778125 0.804688 0.0112915
0 0.212891 0.598828 0.264453 0.752344 0.00379562
0 0.560254 0.591016 0.593555 0.685156 0.00379562
0 0.320117 0.604688 0.478516 0.728125 0.00223351
0 0.19043 0.623438 0.219922 0.632812 0.0020752
0 0.805664 0.538281 0.388672 0.790625 0.00178242
0 0.160547 0.651953 0.158594 0.524219 0.00162315
0 0.472656 0.145703 0.839063 0.291406 0.00141048
0 0.468359 0.591406 0.771094 0.729688 0.609375
1 0.465234 0.583203 0.777344 0.722656 0.556641
1 0.367578 0.754687 0.560156 0.46875 0.00191879
0 0.255469 0.606934 0.35625 0.664258 0.00178909
0 0.436035 0.312891 0.520117 0.115625 0.00138855
1 0.4875 0.394531 0.825 0.388281 0.00137806
1 0.478125 0.349219 0.80625 0.24375 0.00136662
1 0.296875 0.720312 0.423438 0.539062 0.00118351
0 0.561328 0.992188 0.391406 0.015625 0.00112438
0 0.367578 0.754687 0.560156 0.46875 0.00108147
1 0.467578 0.598437 0.788281 0.746875 0.625977
0 0.4625 0.6 0.775 0.75 0.595703
0 0.274658 0.739844 0.345996 0.496875 0.00322342
0 0.940625 0.0861328 0.11875 0.168555 0.00273705
0 0.803125 0.0603027 0.223438 0.117285 0.00174809
0 0.678125 0.673828 0.35625 0.549219 0.00128937
0 0.30625 0.701172 0.448438 0.560156 0.00123501
0 0.941406 0.65 0.117188 0.620313 0.00117397
0 0.929688 0.572559 0.132812 0.767383 0.00106525
0 0.391504 0.725781 0.612305 0.526563 0.00103664
0 0.467187 0.592871 0.76875 0.723633 0.895996
1 0.467187 0.592871 0.76875 0.723633 0.0471497
0 0.460156 0.415723 0.751562 0.370117 0.00256157
0 0.471484 0.358008 0.788281 0.269141 0.00174809
0 0.330078 0.425781 0.477344 0.373437 0.00162315
0 0.347656 0.371875 0.522656 0.296094 0.00104427
0 0.464941 0.594629 0.773242 0.762305 0.917969
1 0.476465 0.596094 0.773633 0.74375 0.00428009
0 0.933203 0.568066 0.133594 0.781055 0.00132465
0 0.47959 0.603125 0.79082 0.76875 0.902344
1 0.479297 0.598437 0.789844 0.7625 0.0017004
0 0.477344 0.595215 0.789062 0.75332 0.914062
0 0.311719 0.598828 0.446094 0.736719 0.00342941
1 0.47959 0.605469 0.787695 0.754687 0.00137234
0 0.481934 0.602344 0.773633 0.74375 0.887207
1 0.481934 0.602344 0.773633 0.74375 0.0050621
0 0.479688 0.600684 0.76875 0.748633 0.915039
1 0.478027 0.593359 0.762695 0.760156 0.00475693
0 0.477246 0.598828 0.786133 0.752344 0.936035
1 0.478027 0.602734 0.77832 0.763281 0.0345459
0 0.476953 0.598828 0.786719 0.752344 0.935547
1 0.478027 0.602734 0.77832 0.763281 0.0346069
