0 0.49375 0.482422 0.8625 0.832031 0.922852
1 0.494922 0.467969 0.869531 0.829687 0.0212097
0 0.480859 0.841016 0.900781 0.317969 0.00434875
0 0.634375 0.492188 0.595312 0.784375 0.00222588
0 0.875391 0.516797 0.249219 0.846094 0.00189686
0 0.176953 0.399219 0.150781 0.451562 0.00174141
0 0.917188 0.483203 0.165625 0.846094 0.00169373
0 0.502344 0.290039 0.851562 0.558203 0.00161648
1 0.459375 0.868359 0.867188 0.263281 0.00150108
0 0.19707 0.378516 0.205078 0.473437 0.00118351
0 0.760547 0.791797 0.478906 0.416406 0.00111198
0 0.523438 0.485938 0.825 0.8125 0.912109
1 0.523047 0.496875 0.833594 0.815625 0.03125
0 0.285107 0.498437 0.368066 0.8 0.00809479
0 0.364062 0.497266 0.529688 0.792969 0.00388527
1 0.289062 0.500781 0.374219 0.796875 0.00356483
0 0.508203 0.666016 0.821094 0.471094 0.00176144
0 0.526563 0.233789 0.825 0.316016 0.00142097
0 0.96875 0.497656 0.0625 0.717188 0.00117874
0 0.002771 0.917969 0.00554199 0.164062 0.00108147
0 0.365625 0.666406 0.475781 0.467187 0.00104427
0 0.517187 0.456152 0.815625 0.77832 0.865723
1 0.517187 0.478906 0.84375 0.8125 0.0237274
0 0.516797 0.291602 0.808594 0.437891 0.0217743
0 0.0579102 0.0992187 0.11582 0.198437 0.0042305
0 0.171191 0.499219 0.150977 0.242188 0.00327301
0 0.274414 0.704297 0.292578 0.403906 0.00161076
0 0.48125 0.978906 0.86875 0.0421875 0.00148392
0 0.0588867 0.0708496 0.117773 0.141699 0.00131512
0 0.484766 0.955469 0.894531 0.0890625 0.00112057
0 0.639844 0.478125 0.578125 0.789062 0.00110722
0 0.326953 0.635059 0.44375 0.533008 0.00105667
0 0.513281 0.48125 0.798437 0.8125 0.937012
1 0.516309 0.487891 0.798633 0.792969 0.0133286
0 0.515234 0.352344 0.811719 0.566406 0.00524139
0 0.40625 0.673828 0.536719 0.449219 0.00233269
0 0.511035 0.669922 0.76543 0.453906 0.00212479
0 0.375098 0.292969 0.529492 0.446875 0.00160408
0 0.515234 0.490234 0.813281 0.852344 0.919434
0 0.957812 0.490625 0.084375 0.878125 0.00370789
1 0.517969 0.489062 0.817187 0.84375 0.00237846
0 0.638672 0.482031 0.582031 0.823438 0.00197983
0 0.963281 0.429688 0.0734375 0.834375 0.00167465
0 0.890625 0.520312 0.214062 0.846875 0.00113392
0 0.511328 0.4875 0.830469 0.826563 0.92334
0 0.484375 0.971094 0.846875 0.0578125 0.00132465
0 0.516406 0.484375 0.835938 0.828125 0.881348
1 0.517969 0.485156 0.83125 0.826563 0.0117798
0 0.303906 0.492969 0.404687 0.817187 0.00653839
0 0.942969 0.519531 0.114063 0.870313 0.00200272
0 0.266797 0.544922 0.317969 0.719531 0.00129414
0 0.529688 0.486719 0.809375 0.817187 0.88623
1 0.526953 0.487891 0.819531 0.817969 0.00416565
0 0.521875 0.48125 0.8125 0.815625 0.916016
1 0.522266 0.482031 0.805469 0.823438 0.0313721
0 0.516016 0.485938 0.830469 0.81875 0.93457
1 0.516016 0.485938 0.830469 0.81875 0.0120087
0 0.314063 0.491309 0.410937 0.792383 0.00150108
0 0.516016 0.485938 0.830469 0.81875 0.93457
1 0.516016 0.485938 0.830469 0.81875 0.0119629
0 0.314453 0.491309 0.410937 0.792383 0.00150108
