0 0.528516 0.588379 0.395312 0.607617 0.556641
1 0.528516 0.588379 0.395312 0.607617 0.416748
1 0.267188 0.526563 0.2875 0.5625 0.0365601
0 0.353125 0.150195 0.0757812 0.0835937 0.0179138
0 0.267188 0.526563 0.2875 0.5625 0.0127716
1 0.414062 0.550391 0.582031 0.616406 0.00857544
0 0.414062 0.550391 0.582031 0.616406 0.00796509
1 0.353125 0.150195 0.0757812 0.0835937 0.0069313
1 0.357031 0.162695 0.0882813 0.0988281 0.00653839
0 0.357031 0.162695 0.0882813 0.0988281 0.00568771
0 0.210205 0.53125 0.170996 0.451562 0.00519943
0 0.286328 0.7 0.0914062 0.142969 0.00322342
1 0.210205 0.53125 0.170996 0.451562 0.00318527
1 0.485156 0.601172 0.298438 0.550781 0.00307465
0 0.180664 0.570312 0.108203 0.339063 0.0029583
0 0.353125 0.133203 0.078125 0.0589844 0.00264168
0 0.285156 0.596875 0.0953125 0.342187 0.00255013
0 0.331055 0.134473 0.0441406 0.0529297 0.00244331
1 0.289453 0.682422 0.0859375 0.174219 0.00221634
0 0.346094 0.135352 0.0679687 0.0722656 0.00202751
1 0.284375 0.530859 0.114844 0.525781 0.00174809
0 0.35332 0.348242 0.114453 0.176172 0.0017271
1 0.285156 0.596875 0.0953125 0.342187 0.00158501
0 0.485156 0.601172 0.298438 0.550781 0.00153637
1 0.285156 0.653906 0.0933594 0.232812 0.00139904
1 0.180664 0.570312 0.108203 0.339063 0.00129414
0 0.284375 0.530859 0.114844 0.525781 0.00122547
1 0.372266 0.183154 0.110156 0.144629 0.0011158
0 0.285156 0.653906 0.0933594 0.232812 0.00108624
1 0.428516 0.596094 0.599219 0.595312 0.791016
1 0.519141 0.601562 0.417969 0.590625 0.60498
0 0.367188 0.142773 0.116406 0.0769531 0.0177765
0 0.223633 0.789844 0.177734 0.123438 0.0142822
1 0.775977 0.452344 0.448047 0.904688 0.0100555
1 0.837695 0.457031 0.324609 0.904688 0.00701141
0 0.332031 0.136719 0.0445312 0.0652344 0.00664139
0 0.367578 0.387598 0.0882813 0.256055 0.00468063
0 0.773828 0.462109 0.439844 0.924219 0.00372124
0 0.371094 0.156836 0.114063 0.103906 0.00342941
1 0.367188 0.142773 0.116406 0.0769531 0.00323486
0 0.336328 0.139844 0.0585938 0.0816406 0.00288963
1 0.857031 0.553516 0.276563 0.783594 0.00220871
1 0.223633 0.789844 0.177734 0.123438 0.00218201
0 0.837695 0.457031 0.324609 0.904688 0.00211525
0 0.374219 0.190625 0.140625 0.159375 0.0020504
0 0.172754 0.434766 0.102539 0.226562 0.00184631
0 0.341406 0.364453 0.1375 0.234375 0.00174809
1 0.371094 0.156836 0.114063 0.103906 0.00170708
1 0.264258 0.54541 0.280859 0.60918 0.00162888
0 0.329297 0.188672 0.213281 0.165234 0.0015974
0 0.316992 0.282617 0.0714844 0.0761719 0.00144386
1 0.177734 0.558594 0.132031 0.579687 0.00138283
0 0.00394287 0.90625 0.00788574 0.1875 0.00137234
0 0.150195 0.406641 0.0589844 0.103906 0.00129414
1 0.201367 0.551562 0.159375 0.607813 0.00121593
0 0.368359 0.366016 0.0882813 0.176563 0.00118828
1 0.367969 0.390234 0.0890625 0.242969 0.00114727
1 0.669922 0.621875 0.136719 0.54375 0.00101185
1 0.540625 0.601953 0.3875 0.586719 0.810547
1 0.425098 0.564453 0.60918 0.677344 0.59082
0 0.549219 0.605371 0.366406 0.586133 0.0162201
1 0.370508 0.192627 0.138672 0.146777 0.0106125
0 0.372656 0.186523 0.15 0.148047 0.0104065
0 0.359766 0.342969 0.113281 0.2 0.0042305
0 0.41875 0.577734 0.60625 0.647656 0.00335121
1 0.359766 0.342969 0.113281 0.2 0.00322342
0 0.366797 0.165039 0.123438 0.109375 0.00300407
1 0.366797 0.165039 0.123438 0.109375 0.00234222
1 0.497656 0.2 0.942187 0.364062 0.00137806
0 0.375391 0.341797 0.0859375 0.185156 0.00134087
1 0.0740234 0.647559 0.124219 0.66582 0.00126457
1 0.424316 0.571484 0.610742 0.644531 0.633301
1 0.536328 0.600781 0.402344 0.58125 0.455078
0 0.424316 0.571484 0.610742 0.644531 0.0147324
0 0.536328 0.600781 0.402344 0.58125 0.00787354
1 0.336133 0.554297 0.431641 0.614844 0.00460815
0 0.334766 0.138477 0.05 0.0554687 0.00144386
1 0.275977 0.382812 0.307422 0.26875 0.00131512
1 0.278857 0.535156 0.31416 0.58125 0.00131512
1 0.423438 0.589844 0.60625 0.629687 0.834961
1 0.528125 0.591504 0.407813 0.610742 0.263672
0 0.425098 0.591016 0.60293 0.616406 0.0894775
0 0.528125 0.591504 0.407813 0.610742 0.0200653
1 0.270703 0.536816 0.307031 0.576367 0.00978088
1 0.270703 0.397754 0.303906 0.291992 0.00857544
0 0.433203 0.336719 0.128906 0.0429688 0.00582123
0 0.433594 0.326172 0.0609375 0.0445312 0.00388527
0 0.470703 0.355078 0.16875 0.0851562 0.00336266
0 0.270703 0.397754 0.303906 0.291992 0.00274658
0 0.335156 0.143262 0.053125 0.0755859 0.00269318
1 0.470703 0.355078 0.16875 0.0851562 0.0026722
0 0.270703 0.536816 0.307031 0.576367 0.00219917
1 0.470703 0.342578 0.266406 0.0757812 0.00209999
0 0.459375 0.334375 0.120312 0.0835937 0.00198746
1 0.459375 0.334375 0.120312 0.0835937 0.00198746
1 0.452734 0.333594 0.153125 0.0703125 0.00156116
0 0.871094 0.498047 0.248437 0.850781 0.00123024
0 0.416797 0.339844 0.139062 0.0472656 0.00116539
1 0.462598 0.331641 0.224805 0.0648438 0.00102043
1 0.42666 0.588672 0.613867 0.614844 0.800781
0 0.333984 0.141211 0.0484375 0.0738281 0.00424957
0 0.432813 0.601953 0.599219 0.599219 0.00387001
1 0.546191 0.602734 0.374805 0.597656 0.00292397
0 0.359375 0.147754 0.101562 0.0849609 0.0016613
1 0.533203 0.599219 0.401563 0.595312 0.795898
1 0.4375 0.569922 0.5875 0.657031 0.682617
1 0.279102 0.5625 0.313672 0.653125 0.496094
0 0.342383 0.14668 0.0722656 0.0777344 0.0268555
0 0.357422 0.147949 0.110937 0.0763672 0.0145035
0 0.530566 0.580859 0.40293 0.628906 0.00898743
1 0.375684 0.212891 0.126758 0.207422 0.00653839
0 0.279102 0.5625 0.313672 0.653125 0.00636292
0 0.4375 0.569922 0.5875 0.657031 0.00626373
1 0.365039 0.15332 0.120703 0.0835937 0.00329781
1 0.223877 0.55625 0.214746 0.585938 0.00194931
1 0.342383 0.14668 0.0722656 0.0777344 0.00194168
1 0.394141 0.214844 0.110156 0.194922 0.0017004
1 0.355664 0.141016 0.102734 0.0714844 0.00126457
1 0.43125 0.582031 0.624219 0.628125 0.803223
1 0.514453 0.59375 0.448438 0.6 0.766113
0 0.43125 0.582031 0.624219 0.628125 0.00432968
0 0.521875 0.601465 0.4375 0.604883 0.0017004
1 0.425781 0.57041 0.622656 0.64043 0.837402
1 0.507715 0.597266 0.45332 0.596094 0.545898
0 0.433594 0.567578 0.61875 0.642969 0.0197906
0 0.507715 0.597266 0.45332 0.596094 0.00600433
1 0.354297 0.152539 0.0929687 0.0738281 0.00395966
1 0.374902 0.201221 0.133008 0.163965 0.00103188
1 0.528906 0.596875 0.403906 0.58125 0.860352
1 0.430078 0.593359 0.600781 0.594531 0.833496
1 0.319336 0.558594 0.393359 0.635938 0.0100555
1 0.278516 0.464844 0.313281 0.446875 0.00300407
0 0.526563 0.601953 0.40625 0.585156 0.00250244
0 0.430078 0.593359 0.600781 0.594531 0.00161076
1 0.528906 0.596875 0.403906 0.58125 0.860352
1 0.430078 0.593359 0.600781 0.594531 0.833984
1 0.319531 0.558594 0.39375 0.635938 0.01017
1 0.278516 0.464941 0.313281 0.44668 0.00305176
0 0.526563 0.602344 0.40625 0.585938 0.00250244
0 0.430078 0.593359 0.600781 0.594531 0.00160408
