1 0.496875 0.499219 0.684375 0.839063 0.705078
0 0.50166 0.504687 0.688867 0.859375 0.401611
1 0.403906 0.491016 0.471094 0.858594 0.332031
0 0.403906 0.491016 0.471094 0.858594 0.0198364
1 0.589941 0.566797 0.538867 0.675781 0.00477219
0 0.589941 0.566797 0.538867 0.675781 0.00428009
0 0.251367 0.614062 0.201953 0.534375 0.00337601
0 0.729297 0.581348 0.274219 0.648242 0.00284576
0 0.227393 0.641406 0.149902 0.48125 0.00260162
1 0.729297 0.581348 0.274219 0.648242 0.00223351
0 0.280273 0.550781 0.259766 0.682813 0.00152493
0 0.445312 0.833984 0.878125 0.332031 0.0014782
0 0.763672 0.528027 0.472656 0.793945 0.0014267
0 0.664062 0.563672 0.378125 0.722656 0.00127411
0 0.332812 0.6125 0.365625 0.575 0.00124454
1 0.664062 0.563672 0.378125 0.722656 0.00112057
0 0.492871 0.619922 0.679883 0.605469 0.00106525
0 0.426562 0.884766 0.853125 0.230469 0.00106525
1 0.763672 0.528027 0.472656 0.793945 0.00103664
1 0.513281 0.49375 0.690625 0.876562 0.941895
1 0.283789 0.480078 0.567578 0.908594 0.0175781
1 0.308984 0.48125 0.470313 0.896875 0.00784302
1 0.195703 0.478906 0.391406 0.917188 0.00682449
0 0.518359 0.495313 0.694531 0.875 0.00521851
1 0.7125 0.420312 0.571875 0.840625 0.00356483
0 0.195703 0.478906 0.391406 0.917188 0.00346947
0 0.283789 0.480078 0.567578 0.908594 0.00344276
1 0.93125 0.482812 0.1375 0.884375 0.00286674
1 0.903906 0.476562 0.173438 0.934375 0.00205803
0 0.308984 0.48125 0.470313 0.896875 0.00165462
1 0.807031 0.465625 0.373437 0.93125 0.00157356
0 0.93125 0.482812 0.1375 0.884375 0.00146675
1 0.935938 0.589844 0.125 0.729688 0.00123978
0 0.00449219 0.90625 0.00898437 0.1875 0.00101185
1 0.514844 0.484766 0.704687 0.877344 0.94873
0 0.278516 0.691016 0.244531 0.438281 0.00484848
1 0.278516 0.691016 0.244531 0.438281 0.00484848
1 0.921094 0.492969 0.153125 0.885938 0.00338936
1 0.355811 0.711719 0.384473 0.428125 0.00210762
1 0.472266 0.981641 0.802344 0.0367187 0.00169373
0 0.472266 0.981641 0.802344 0.0367187 0.00141048
1 0.938281 0.559766 0.123438 0.778906 0.00139904
0 0.355811 0.711719 0.384473 0.428125 0.00101185
1 0.522656 0.489062 0.682813 0.890625 0.90332
0 0.502734 0.492188 0.680469 0.89375 0.00353813
0 0.34043 0.657812 0.378516 0.509375 0.00309944
1 0.332227 0.637402 0.362109 0.561133 0.00170708
1 0.502344 0.237451 0.604688 0.385254 0.00168133
0 0.492969 0.853125 0.3125 0.140625 0.00150108
1 0.508984 0.485938 0.697656 0.89375 0.88623
0 0.507422 0.492969 0.682031 0.88125 0.0283813
0 0.36875 0.728125 0.432813 0.404687 0.00709534
1 0.36875 0.728125 0.432813 0.404687 0.00341606
0 0.930469 0.489844 0.139062 0.889063 0.00213242
1 0.930469 0.489844 0.139062 0.889063 0.0020752
1 0.447266 0.296484 0.517969 0.5 0.0019722
0 0.482812 0.721094 0.665625 0.420312 0.00186062
1 0.482812 0.721094 0.665625 0.420312 0.00144386
1 0.745703 0.274414 0.502344 0.528516 0.00129414
1 0.369727 0.258984 0.349609 0.424219 0.00102425
1 0.5125 0.483594 0.675 0.885938 0.909668
0 0.5125 0.483594 0.675 0.885938 0.00302696
1 0.471484 0.138184 0.728906 0.239258 0.00131512
1 0.507129 0.485938 0.65918 0.9 0.853516
1 0.939453 0.505469 0.121094 0.857813 0.00455475
1 0.360938 0.464844 0.339844 0.840625 0.00358009
1 0.909375 0.511328 0.140625 0.842969 0.00279999
1 0.635156 0.501562 0.457812 0.867188 0.00252151
1 0.128711 0.503125 0.251172 0.8625 0.00250244
1 0.441016 0.417578 0.482031 0.746094 0.00224304
1 0.517578 0.495313 0.663281 0.89375 0.907715
1 0.896875 0.501562 0.203125 0.903125 0.00130463
0 0.514453 0.485547 0.688281 0.913281 0.00116062
1 0.512891 0.490234 0.655469 0.892969 0.924805
0 0.512891 0.490234 0.655469 0.892969 0.00118828
1 0.504297 0.492188 0.691406 0.878125 0.907715
1 0.202539 0.484375 0.405078 0.901563 0.00121117
1 0.504297 0.492188 0.691406 0.878125 0.907715
1 0.202734 0.484375 0.405469 0.901563 0.00121593
