0 0.447656 0.477344 0.798437 0.885938 0.86084
0 0.102344 0.190186 0.198828 0.32666 0.187744
1 0.457031 0.478906 0.809375 0.885938 0.0953369
1 0.102344 0.190186 0.198828 0.32666 0.0131226
0 0.114941 0.147754 0.225586 0.258008 0.0105286
0 0.0716309 0.203076 0.135449 0.35791 0.00775528
0 0.457422 0.81875 0.877344 0.3625 0.00723267
0 0.179102 0.457031 0.284375 0.585156 0.0069313
0 0.181299 0.399902 0.28584 0.40957 0.00605011
0 0.160938 0.465234 0.251172 0.464844 0.00403976
0 0.194336 0.472266 0.317578 0.783594 0.00363541
0 0.675 0.824219 0.65 0.351562 0.0030632
1 0.0716309 0.203076 0.135449 0.35791 0.00194168
0 0.581934 0.4875 0.59707 0.859375 0.00183868
1 0.476172 0.814648 0.882031 0.370703 0.00175476
1 0.4125 0.854883 0.8125 0.290234 0.00166798
0 0.270508 0.563672 0.463672 0.714844 0.00156116
0 0.830469 0.496875 0.339063 0.840625 0.00153065
0 0.440625 0.871094 0.815625 0.257812 0.00146675
0 0.120312 0.473437 0.1625 0.41875 0.00131512
1 0.114941 0.147754 0.225586 0.258008 0.00131512
0 0.460938 0.482031 0.840625 0.895312 0.768555
1 0.461328 0.491406 0.839844 0.895312 0.381104
1 0.458691 0.181445 0.766992 0.314063 0.00335121
0 0.205859 0.505469 0.341406 0.846875 0.0030632
0 0.458691 0.181445 0.766992 0.314063 0.00223351
1 0.205859 0.505469 0.341406 0.846875 0.00208282
0 0.102344 0.178516 0.204688 0.3 0.0020504
1 0.102344 0.178516 0.204688 0.3 0.00202751
0 0.457031 0.627734 0.835938 0.614844 0.00171375
0 0.00405273 0.0553711 0.00810547 0.110742 0.00118828
0 0.00427246 0.905469 0.00854492 0.189063 0.00105667
0 0.448438 0.475781 0.835938 0.9 0.816895
1 0.44375 0.473047 0.84375 0.905469 0.176147
0 0.117969 0.156152 0.231641 0.256445 0.0199432
0 0.450781 0.296094 0.832812 0.55625 0.00695801
0 0.137891 0.199805 0.271875 0.341016 0.00327301
1 0.118945 0.186133 0.235156 0.310547 0.00279045
0 0.233789 0.646875 0.372266 0.551562 0.00189686
0 0.450391 0.978125 0.846094 0.04375 0.00183868
0 0.0359131 0.619141 0.0718262 0.322656 0.0017271
0 0.228711 0.204736 0.444922 0.353027 0.00164223
0 0.224951 0.691406 0.30791 0.473437 0.00144958
0 0.459473 0.205273 0.745117 0.366797 0.00135136
0 0.346875 0.638281 0.610937 0.579687 0.00109005
0 0.448438 0.484375 0.834375 0.885938 0.893066
1 0.446875 0.505469 0.81875 0.854688 0.0432129
0 0.355078 0.640527 0.614844 0.55957 0.00123978
0 0.455078 0.264648 0.833594 0.489453 0.00109005
0 0.445312 0.475 0.84375 0.90625 0.919434
0 0.127734 0.900781 0.250781 0.198437 0.0843506
1 0.437891 0.479688 0.833594 0.896875 0.0276337
0 0.582422 0.479688 0.599219 0.89375 0.00763702
0 0.117773 0.173828 0.235547 0.2875 0.00510025
0 0.882031 0.757031 0.229687 0.48125 0.00219917
1 0.116602 0.906641 0.230469 0.186719 0.00168705
1 0.135352 0.159473 0.270703 0.25918 0.00162888
0 0.469922 0.486719 0.822656 0.909375 0.893066
1 0.469922 0.486719 0.822656 0.909375 0.0452576
0 0.453906 0.480469 0.84375 0.914062 0.779297
1 0.454688 0.483594 0.84375 0.910937 0.37207
0 0.129492 0.133887 0.230078 0.218164 0.00760651
0 0.104199 0.150781 0.200195 0.249219 0.00282288
0 0.458594 0.320703 0.835938 0.605469 0.00237846
0 0.241016 0.485938 0.402344 0.9 0.0019722
1 0.261914 0.488281 0.443359 0.914062 0.00193405
1 0.123535 0.202783 0.243945 0.355371 0.00154877
0 0.123535 0.202783 0.243945 0.355371 0.0014267
1 0.129688 0.149512 0.254687 0.252539 0.00102425
0 0.464844 0.480469 0.829687 0.901563 0.88623
1 0.461719 0.478906 0.835938 0.88125 0.00385475
0 0.457812 0.476562 0.828125 0.903125 0.880371
1 0.457812 0.477344 0.83125 0.904688 0.0408325
0 0.458203 0.478906 0.838281 0.895312 0.913086
1 0.458203 0.482031 0.844531 0.898438 0.0125275
0 0.458203 0.478906 0.838281 0.895312 0.913086
1 0.458203 0.482422 0.844531 0.899219 0.0124283
