0 0.498437 0.598828 0.75625 0.714844 0.937988
1 0.499219 0.588379 0.764063 0.74043 0.00963593
0 0.283398 0.597656 0.345703 0.7 0.00407028
0 0.409375 0.137695 0.453125 0.275391 0.00290108
0 0.481641 0.819141 0.842969 0.361719 0.00269318
0 0.608496 0.610547 0.55332 0.655469 0.00204277
0 0.214258 0.634766 0.197266 0.578906 0.00194168
0 0.385547 0.140332 0.375781 0.265039 0.00170708
0 0.917188 0.592578 0.165625 0.764844 0.00125504
0 0.502344 0.146875 0.834375 0.29375 0.00119686
0 0.471875 0.869336 0.8 0.261328 0.00118828
0 0.8875 0.578223 0.225 0.729492 0.00109863
1 0.457031 0.863672 0.821875 0.272656 0.00105667
1 0.499609 0.609277 0.749219 0.725195 0.625977
0 0.498535 0.602246 0.762305 0.743945 0.592773
1 0.502734 0.489844 0.744531 0.496094 0.00139904
0 0.502734 0.489844 0.744531 0.496094 0.00117874
1 0.323047 0.601172 0.417969 0.688281 0.00102806
0 0.49834 0.598047 0.75332 0.732031 0.807617
1 0.49834 0.598047 0.75332 0.732031 0.13269
0 0.430469 0.488281 0.629687 0.473437 0.00138283
0 0.272217 0.696875 0.300098 0.515625 0.00112915
0 0.475781 0.414844 0.721875 0.329688 0.00107288
0 0.49834 0.601562 0.75332 0.710938 0.920898
1 0.49834 0.601562 0.75332 0.710938 0.0248871
0 0.439746 0.376953 0.637695 0.271094 0.00189686
0 0.356836 0.362109 0.459766 0.235156 0.00137806
0 0.626953 0.605859 0.514844 0.714844 0.00104427
0 0.503809 0.599609 0.751758 0.735156 0.92334
1 0.499609 0.597754 0.744531 0.735742 0.0118713
0 0.757812 0.611719 0.273438 0.714063 0.00151253
0 0.589844 0.960938 0.36875 0.0375 0.00149536
0 0.879883 0.76875 0.233984 0.45625 0.0014782
0 0.64375 0.598437 0.503125 0.73125 0.00141621
0 0.610547 0.969531 0.438281 0.0609375 0.00137806
0 0.50791 0.597754 0.768555 0.73418 0.920898
1 0.510156 0.596875 0.789062 0.721875 0.00182438
0 0.505078 0.592969 0.763281 0.745313 0.854492
0 0.3 0.591504 0.371094 0.716992 0.00348282
0 0.501172 0.592969 0.757031 0.732813 0.879395
1 0.504297 0.590625 0.755469 0.715625 0.00434875
0 0.505859 0.592969 0.749219 0.707812 0.890137
1 0.509473 0.590723 0.749805 0.731055 0.0164642
0 0.504785 0.595703 0.75918 0.721094 0.910156
1 0.505371 0.596777 0.761133 0.72832 0.0321655
0 0.373437 0.588672 0.509375 0.694531 0.00114727
0 0.504687 0.595703 0.759375 0.721094 0.910156
1 0.505371 0.596777 0.761133 0.72832 0.0320435
0 0.373828 0.589063 0.510156 0.695312 0.00115108
