0 0.49375 0.5 0.7875 0.778125 0.773926
1 0.492969 0.48125 0.803125 0.809375 0.487305
0 0.618359 0.502246 0.561719 0.761133 0.00605011
0 0.314453 0.493359 0.438281 0.780469 0.00538635
0 0.45625 0.80625 0.9125 0.3875 0.00353813
0 0.198486 0.565625 0.218652 0.528125 0.00342941
1 0.474609 0.808203 0.949219 0.383594 0.00186062
0 0.215625 0.502734 0.248828 0.686719 0.00166798
0 0.953125 0.503516 0.09375 0.800781 0.00133038
0 0.470313 0.869727 0.9125 0.260547 0.00103664
1 0.491406 0.490234 0.823438 0.811719 0.910645
1 0.933203 0.377344 0.133594 0.754687 0.00221634
1 0.257031 0.489941 0.324219 0.779492 0.00192642
0 0.4875 0.498437 0.809375 0.809375 0.00191212
1 0.917969 0.374414 0.135937 0.660547 0.0018177
1 0.79375 0.485938 0.20625 0.792188 0.00161648
1 0.897656 0.428125 0.08125 0.8 0.00138855
0 0.00415039 0.914062 0.00830078 0.171875 0.00118351
0 0.933203 0.377344 0.133594 0.754687 0.00106907
1 0.482812 0.482129 0.815625 0.791992 0.955566
0 0.4875 0.481152 0.81875 0.793945 0.00403976
0 0.460156 0.980469 0.860937 0.0390625 0.00216484
0 0.241357 0.664453 0.271973 0.427344 0.00141048
1 0.49375 0.235352 0.8375 0.334766 0.00123978
1 0.460156 0.980469 0.860937 0.0390625 0.00114727
1 0.496094 0.488281 0.792188 0.801562 0.872559
0 0.492578 0.489062 0.799219 0.8 0.0281067
1 0.186523 0.498047 0.215234 0.907031 0.00168705
0 0.186523 0.498047 0.215234 0.907031 0.00133514
1 0.48291 0.4875 0.79043 0.828125 0.930664
0 0.506348 0.492188 0.77168 0.815625 0.0588989
0 0.276367 0.811914 0.551953 0.376172 0.00136662
0 0.957812 0.457031 0.084375 0.857813 0.00106907
0 0.875 0.740234 0.24375 0.508594 0.00103188
1 0.501562 0.49375 0.815625 0.81875 0.92041
0 0.501562 0.49375 0.815625 0.81875 0.0088501
1 0.488672 0.187842 0.819531 0.287598 0.00419998
1 0.497266 0.494141 0.802344 0.811719 0.90625
1 0.280811 0.495703 0.371191 0.811719 0.0132217
1 0.671875 0.498047 0.4625 0.813281 0.00311089
1 0.496875 0.174805 0.859375 0.216016 0.00140476
1 0.961719 0.536035 0.0765625 0.763867 0.00124454
0 0.961719 0.536035 0.0765625 0.763867 0.00118828
0 0.498437 0.499609 0.803125 0.825781 0.00118351
1 0.231641 0.501562 0.276563 0.767187 0.00112057
1 0.500391 0.492969 0.786719 0.80625 0.891602
0 0.504687 0.491016 0.789062 0.796094 0.0397949
1 0.497656 0.489844 0.782812 0.804688 0.925293
0 0.509473 0.490625 0.77793 0.80625 0.00165462
1 0.496191 0.491016 0.799805 0.791406 0.908203
0 0.496094 0.492188 0.801562 0.804688 0.00143242
1 0.496191 0.491016 0.799805 0.791406 0.908203
0 0.496094 0.492188 0.801562 0.804688 0.00143814
