0 0.436719 0.453906 0.807813 0.807813 0.84375
0 0.197705 0.435547 0.37959 0.739844 0.203735
0 0.269922 0.446484 0.514063 0.778906 0.0883179
1 0.436719 0.453906 0.807813 0.807813 0.0838623
0 0.146289 0.416797 0.272656 0.705469 0.0502319
0 0.446875 0.820312 0.864062 0.359375 0.0186157
1 0.446875 0.820312 0.864062 0.359375 0.0115509
0 0.455078 0.786719 0.836719 0.426562 0.00566483
0 0.111743 0.422656 0.19917 0.664062 0.00418091
1 0.455078 0.786719 0.836719 0.426562 0.00321007
0 0.0823975 0.403125 0.149268 0.667188 0.00318527
0 0.453516 0.14248 0.774219 0.204883 0.00148964
0 0.467187 0.112109 0.835938 0.224219 0.00141621
1 0.197705 0.435547 0.37959 0.739844 0.00138283
1 0.446875 0.477344 0.842188 0.814062 0.651367
0 0.440625 0.486328 0.826563 0.821094 0.473633
1 0.448438 0.34375 0.832812 0.559375 0.00164223
0 0.299609 0.480566 0.571094 0.795117 0.00153637
0 0.00408936 0.907031 0.00817871 0.185937 0.00115108
1 0.460156 0.466016 0.875 0.792969 0.733887
0 0.45 0.441406 0.865625 0.770312 0.362061
0 0.453125 0.320898 0.860937 0.523047 0.00418091
0 0.457812 0.248486 0.865625 0.356934 0.00286674
0 0.0102783 0.522266 0.0205566 0.799219 0.00192642
1 0.453125 0.320898 0.860937 0.523047 0.00138855
0 0.481641 0.177197 0.908594 0.233887 0.00135136
0 0.469922 0.486816 0.869531 0.73418 0.798828
1 0.476953 0.469434 0.872656 0.776758 0.062561
0 0.490625 0.186279 0.932813 0.261035 0.00579834
0 0.378027 0.32207 0.69707 0.515234 0.00387001
0 0.477344 0.631641 0.85 0.442969 0.00329781
0 0.460156 0.257422 0.864062 0.400781 0.00286674
0 0.397656 0.411719 0.740625 0.694531 0.00276756
0 0.289844 0.394434 0.526563 0.650195 0.00197983
0 0.272266 0.304883 0.4875 0.477734 0.00165462
0 0.343164 0.249805 0.618359 0.387109 0.00139904
0 0.447656 0.46875 0.860937 0.829687 0.868164
1 0.446875 0.464063 0.860937 0.81875 0.0189362
0 0.921875 0.4875 0.14375 0.840625 0.00240517
0 0.695703 0.258594 0.608594 0.517187 0.00131512
0 0.453125 0.465234 0.857813 0.835156 0.888672
1 0.460156 0.460156 0.871875 0.8125 0.0170441
0 0.443359 0.489062 0.844531 0.8625 0.897461
1 0.440625 0.492969 0.845312 0.840625 0.0191956
0 0.288672 0.500781 0.546094 0.860937 0.00294685
0 0.455469 0.484766 0.853125 0.822656 0.870605
1 0.455469 0.484766 0.853125 0.822656 0.00333786
0 0.452344 0.476953 0.842188 0.836719 0.924316
1 0.456641 0.479688 0.842969 0.846875 0.00595856
0 0.451562 0.48125 0.85 0.834375 0.949219
1 0.452734 0.488281 0.857031 0.820312 0.00270462
0 0.213477 0.428125 0.373047 0.728125 0.00116539
0 0.451562 0.482031 0.85 0.834375 0.949219
1 0.452344 0.488281 0.857813 0.820312 0.00269318
0 0.213477 0.428125 0.373047 0.728125 0.0011692
