0 0.473828 0.535156 0.810156 0.878125 0.683594
1 0.470313 0.508594 0.809375 0.873438 0.460938
0 0.257422 0.535937 0.404687 0.821875 0.0993042
0 0.479297 0.634277 0.788281 0.623633 0.0779419
1 0.479297 0.634277 0.788281 0.623633 0.0147858
0 0.612891 0.505469 0.533594 0.854688 0.00457382
0 0.155762 0.501953 0.20332 0.819531 0.0024147
0 0.514063 0.807031 0.890625 0.385938 0.00211525
1 0.257422 0.535937 0.404687 0.821875 0.00150681
0 0.725781 0.508594 0.315625 0.814062 0.00138855
1 0.612891 0.505469 0.533594 0.854688 0.00130939
0 0.117578 0.157227 0.235156 0.314453 0.00122547
1 0.486719 0.843164 0.84375 0.313672 0.00101185
0 0.667578 0.405078 0.427344 0.664062 0.00101185
1 0.464063 0.501172 0.834375 0.907031 0.942871
1 0.938672 0.492188 0.122656 0.90625 0.00378036
0 0.466797 0.502344 0.825781 0.895312 0.00340271
1 0.928906 0.35918 0.140625 0.716797 0.00287819
1 0.19707 0.483594 0.287891 0.882812 0.00286674
1 0.139355 0.485156 0.173242 0.889063 0.00199509
1 0.702734 0.500781 0.353906 0.875 0.00175476
1 0.959375 0.488281 0.08125 0.835938 0.00154877
0 0.938672 0.492188 0.122656 0.90625 0.00137806
0 0.514941 0.99375 0.49668 0.0125 0.00137234
0 0.928906 0.35918 0.140625 0.716797 0.00129414
1 0.960938 0.360547 0.078125 0.659375 0.00112057
0 0.00429688 0.904688 0.00859375 0.190625 0.00108147
1 0.467969 0.4875 0.820312 0.896875 0.948242
0 0.471094 0.486719 0.823438 0.9 0.00418091
0 0.150488 0.494531 0.177148 0.860937 0.00374985
0 0.196484 0.7 0.263281 0.470313 0.00242424
1 0.150488 0.494531 0.177148 0.860937 0.00201035
0 0.252344 0.717188 0.35 0.4625 0.00131512
1 0.23208 0.719141 0.300684 0.452344 0.00100803
1 0.475 0.504297 0.815625 0.897656 0.904297
0 0.475 0.497656 0.817187 0.914062 0.00248146
0 0.0311523 0.495703 0.0623047 0.902344 0.00102425
1 0.466406 0.503125 0.820312 0.904688 0.905762
0 0.481934 0.501562 0.798633 0.923437 0.00784302
1 0.590234 0.500781 0.594531 0.88125 0.00153065
1 0.466406 0.730859 0.785937 0.435156 0.00132465
1 0.478125 0.485156 0.814062 0.920313 0.909668
0 0.478125 0.485156 0.814062 0.920313 0.0332642
1 0.475 0.497266 0.828125 0.927344 0.895508
1 0.66875 0.498437 0.434375 0.90625 0.00328636
1 0.302148 0.493359 0.494922 0.911719 0.00305176
1 0.960156 0.540234 0.0796875 0.816406 0.00145531
1 0.225586 0.502344 0.344922 0.901563 0.00134087
1 0.941406 0.530859 0.117188 0.850781 0.00113392
1 0.480078 0.509766 0.824219 0.933594 0.916504
0 0.477344 0.495313 0.832812 0.925 0.00274658
1 0.478125 0.487891 0.809375 0.917969 0.92334
1 0.476562 0.495313 0.840625 0.889063 0.904785
1 0.476562 0.495313 0.840625 0.889063 0.904785
