0 0.375 0.53291 0.513281 0.476367 0.759766
0 0.375684 0.437891 0.558008 0.667969 0.712402
0 0.467187 0.416504 0.790625 0.71543 0.343262
1 0.386328 0.474219 0.477344 0.590625 0.200195
1 0.4875 0.413672 0.84375 0.716406 0.0782471
1 0.412891 0.553906 0.432031 0.503125 0.0658569
0 0.491406 0.783984 0.939062 0.432031 0.0227966
0 0.334375 0.595703 0.307031 0.592969 0.0150757
0 0.374219 0.607031 0.435937 0.648438 0.0146179
0 0.723437 0.4625 0.348437 0.735937 0.014061
1 0.374219 0.607031 0.435937 0.648438 0.0106964
0 0.395996 0.598828 0.648633 0.616406 0.00959778
0 0.485156 0.646191 0.864062 0.616992 0.00945282
0 0.603906 0.478125 0.592188 0.773438 0.00945282
1 0.491406 0.783984 0.939062 0.432031 0.00828552
0 0.466406 0.839258 0.91875 0.321484 0.00526047
1 0.389062 0.509375 0.621875 0.53125 0.00431442
1 0.466406 0.839258 0.91875 0.321484 0.0039444
1 0.334375 0.595703 0.307031 0.592969 0.00342941
1 0.485156 0.646191 0.864062 0.616992 0.00328636
0 0.150781 0.457715 0.198047 0.64707 0.00322342
1 0.347656 0.519141 0.388281 0.507031 0.0030632
0 0.50791 0.522754 0.77793 0.798242 0.00233269
0 0.801562 0.539453 0.396875 0.817969 0.00173378
0 0.901563 0.668066 0.196875 0.60293 0.00171375
0 0.873828 0.567578 0.252344 0.782031 0.00168133
0 0.13125 0.532129 0.159375 0.781055 0.00158501
0 0.860937 0.705859 0.275 0.547656 0.00136662
0 0.414844 0.793164 0.779688 0.413672 0.00124454
0 0.486719 0.238672 0.865625 0.477344 0.00119686
0 0.847656 0.499609 0.304688 0.875781 0.0011425
0 0.407422 0.700391 0.716406 0.489844 0.00100422
1 0.464844 0.488672 0.867188 0.800781 0.944824
1 0.338477 0.457812 0.600391 0.725 0.0883179
0 0.470313 0.483496 0.8625 0.792383 0.00978088
0 0.625 0.0454102 0.05625 0.0556641 0.00177479
1 0.742969 0.484375 0.303125 0.75 0.00125504
1 0.163379 0.515625 0.229492 0.853125 0.00123501
0 0.00266113 0.902344 0.00532227 0.195312 0.00110722
1 0.489062 0.44375 0.885938 0.7125 0.698242
1 0.348633 0.434375 0.608984 0.703125 0.680176
1 0.404687 0.54209 0.45625 0.458008 0.0130234
0 0.469531 0.975781 0.884375 0.0484375 0.00345612
1 0.469531 0.975781 0.884375 0.0484375 0.00218201
0 0.703906 0.05625 0.26875 0.106641 0.00127411
0 0.355859 0.96875 0.710156 0.0625 0.00100803
1 0.475781 0.503906 0.853125 0.851562 0.822754
0 0.475781 0.503906 0.853125 0.851562 0.0445251
1 0.480078 0.507812 0.863281 0.865625 0.893066
0 0.489062 0.517187 0.878125 0.865625 0.0159607
1 0.487109 0.701563 0.832031 0.478125 0.00154877
1 0.612109 0.669531 0.557031 0.545313 0.00109005
1 0.481641 0.517969 0.855469 0.854688 0.928223
0 0.482812 0.525 0.8625 0.853125 0.00429916
0 0.623828 0.0475586 0.0664062 0.0621094 0.00118828
1 0.475 0.516406 0.851562 0.851562 0.878906
0 0.617188 0.047937 0.0742188 0.063501 0.00867462
1 0.297656 0.513281 0.488281 0.834375 0.00275803
1 0.676562 0.519922 0.453125 0.835156 0.00251198
1 0.225439 0.517578 0.352246 0.852344 0.00203514
1 0.617188 0.047937 0.0742188 0.063501 0.00135612
0 0.936719 0.538672 0.126563 0.857031 0.00106525
1 0.479688 0.510938 0.8625 0.839063 0.888184
0 0.48125 0.516406 0.860937 0.85625 0.00345612
1 0.489844 0.500391 0.835938 0.830469 0.909668
0 0.490234 0.508594 0.827344 0.8625 0.00405502
1 0.482812 0.514063 0.834375 0.84375 0.89209
1 0.482812 0.514063 0.834375 0.84375 0.891602
