0 0.452344 0.591797 0.760938 0.738281 0.932129
1 0.442578 0.568359 0.772656 0.810156 0.0156708
0 0.224219 0.586719 0.320312 0.773438 0.0069313
0 0.18457 0.586719 0.233203 0.739062 0.00242424
0 0.472266 0.829102 0.822656 0.341797 0.00199509
0 0.380859 0.141992 0.197656 0.218359 0.00175476
0 0.339453 0.146289 0.2875 0.227734 0.00174809
0 0.322852 0.141113 0.439453 0.245117 0.00136185
0 0.366797 0.13457 0.261719 0.189844 0.00105286
0 0.454785 0.592578 0.75918 0.741406 0.624512
1 0.452344 0.587891 0.765625 0.735156 0.566895
0 0.427344 0.989062 0.450781 0.021875 0.0045929
0 0.490723 0.965625 0.387305 0.06875 0.00365067
0 0.468359 0.994922 0.491406 0.0101562 0.00281143
1 0.482031 0.322266 0.825 0.202344 0.00225258
0 0.491016 0.294922 0.536719 0.121875 0.00204277
0 0.482031 0.322266 0.825 0.202344 0.00182438
1 0.276758 0.717578 0.396484 0.467969 0.00148392
0 0.262061 0.598828 0.393066 0.694531 0.00147247
0 0.433594 0.968359 0.370313 0.0632813 0.00117874
0 0.470215 0.957031 0.35957 0.0515625 0.0011425
0 0.276758 0.717578 0.396484 0.467969 0.0011158
0 0.00422363 0.90625 0.00844727 0.1875 0.00110722
0 0.58916 0.992188 0.49668 0.015625 0.00105286
1 0.440527 0.714063 0.72832 0.471875 0.00101662
1 0.455371 0.593359 0.773633 0.746094 0.773438
0 0.451953 0.595312 0.760156 0.745313 0.308105
0 0.242529 0.739453 0.305566 0.441406 0.00284576
0 0.463672 0.494141 0.794531 0.536719 0.00116539
0 0.353125 0.6875 0.548437 0.539062 0.00106525
0 0.459473 0.590234 0.763867 0.730469 0.868164
1 0.452441 0.588672 0.762305 0.713281 0.083313
0 0.467969 0.345703 0.782812 0.248437 0.00656509
0 0.358203 0.381641 0.560938 0.320312 0.00215721
0 0.317578 0.472754 0.478125 0.506055 0.00108147
0 0.463965 0.589844 0.74707 0.760938 0.894531
1 0.473828 0.594531 0.736719 0.740625 0.00536346
0 0.586035 0.594141 0.532617 0.736719 0.0024147
0 0.702734 0.598047 0.291406 0.735156 0.00236893
0 0.549219 0.974219 0.515625 0.0515625 0.00113392
0 0.915625 0.607715 0.153125 0.714258 0.00112057
0 0.87832 0.740625 0.237109 0.5 0.00103188
0 0.363672 0.964063 0.452344 0.071875 0.00102806
0 0.463672 0.587402 0.788281 0.739258 0.901367
1 0.463672 0.587402 0.788281 0.739258 0.00510025
0 0.458203 0.582812 0.786719 0.746875 0.886719
0 0.311523 0.582812 0.485547 0.739062 0.00413513
1 0.458691 0.587598 0.773242 0.749805 0.00307465
0 0.628125 0.591016 0.45 0.733594 0.0012207
0 0.234766 0.584766 0.325781 0.727344 0.00121593
0 0.455469 0.586816 0.7625 0.748242 0.862305
1 0.465527 0.591309 0.773633 0.748633 0.00908661
0 0.466797 0.587402 0.747656 0.737695 0.89502
1 0.465723 0.587891 0.749805 0.749219 0.0371094
0 0.467187 0.591406 0.778125 0.742188 0.890137
1 0.462891 0.588672 0.772656 0.742969 0.0414734
0 0.467187 0.591406 0.778125 0.742188 0.889648
1 0.462891 0.588965 0.772656 0.742383 0.0417786
