0 0.534766 0.601562 0.889844 0.792188 0.851074
0 0.803125 0.578223 0.375 0.687305 0.275146
0 0.388672 0.613672 0.614844 0.771094 0.125977
1 0.538281 0.610059 0.885938 0.773633 0.0797729
1 0.803125 0.578223 0.375 0.687305 0.0288696
0 0.195117 0.598047 0.224219 0.760156 0.0193024
0 0.161328 0.603125 0.157031 0.76875 0.0153046
0 0.636816 0.594531 0.676367 0.725 0.00828552
0 0.480859 0.170801 0.100781 0.141992 0.00547028
0 0.478906 0.155469 0.0875 0.119531 0.0046463
1 0.480859 0.170801 0.100781 0.141992 0.00426483
0 0.385938 0.714844 0.534375 0.564062 0.00421524
0 0.730469 0.61416 0.3 0.70918 0.00379562
0 0.527344 0.710156 0.834375 0.573438 0.00342941
1 0.478906 0.155469 0.0875 0.119531 0.00228691
1 0.489062 0.195654 0.1125 0.174316 0.00201988
1 0.730469 0.61416 0.3 0.70918 0.00192642
0 0.891406 0.545996 0.217187 0.587695 0.00187492
0 0.46875 0.142871 0.06875 0.0982422 0.0018177
0 0.489062 0.195654 0.1125 0.174316 0.0017271
0 0.593359 0.270898 0.486719 0.100781 0.0017004
0 0.396484 0.800977 0.549219 0.398047 0.00154305
0 0.470313 0.783594 0.717188 0.432813 0.0014782
0 0.462109 0.666016 0.658594 0.633594 0.00130939
0 0.567187 0.192188 0.292188 0.188281 0.00123978
0 0.599316 0.190576 0.693555 0.243848 0.00122547
0 0.685938 0.746094 0.184375 0.357812 0.00116062
1 0.567187 0.192188 0.292188 0.188281 0.00111198
1 0.599316 0.190576 0.693555 0.243848 0.00104809
1 0.527344 0.710156 0.834375 0.573438 0.00104046
1 0.529297 0.619238 0.900781 0.761523 0.820801
0 0.533203 0.615234 0.907031 0.769531 0.115356
1 0.388281 0.619043 0.617188 0.761914 0.0064888
0 0.608984 0.257031 0.524219 0.0609375 0.00475693
1 0.522656 0.266797 0.88125 0.1 0.00407028
1 0.525 0.2875 0.859375 0.139844 0.00346947
0 0.484375 0.163477 0.117188 0.133203 0.00342941
0 0.388281 0.619043 0.617188 0.761914 0.00335121
1 0.608984 0.257031 0.524219 0.0609375 0.00235939
0 0.257764 0.603906 0.35791 0.753125 0.00191212
0 0.454688 0.124414 0.0515625 0.0679687 0.00175476
0 0.522656 0.266797 0.88125 0.1 0.00146103
1 0.257764 0.603906 0.35791 0.753125 0.00133514
0 0.525 0.2875 0.859375 0.139844 0.00133514
1 0.732813 0.5625 0.517187 0.70625 0.00131512
1 0.528906 0.35625 0.86875 0.263281 0.00102806
1 0.532812 0.597656 0.926562 0.790625 0.813965
0 0.539062 0.599316 0.91875 0.776367 0.38208
0 0.527344 0.482129 0.892187 0.526367 0.0301056
1 0.527344 0.482129 0.892187 0.526367 0.0249939
0 0.248486 0.771875 0.302246 0.45625 0.00229645
0 0.618359 0.266016 0.550781 0.0742188 0.00211525
0 0.523438 0.348047 0.865625 0.266406 0.00161076
1 0.753516 0.599609 0.491406 0.769531 0.00124454
0 0.330859 0.761719 0.471875 0.476562 0.00112057
1 0.492188 0.175439 0.1375 0.15459 0.00109482
0 0.492188 0.175439 0.1375 0.15459 0.00104809
0 0.523438 0.607422 0.8875 0.785156 0.638672
1 0.539062 0.608984 0.9 0.771094 0.454346
0 0.406641 0.493652 0.636719 0.542383 0.00217438
0 0.528516 0.315625 0.872656 0.210938 0.00170708
0 0.317969 0.500781 0.446875 0.551562 0.0015974
0 0.539062 0.609473 0.921875 0.770117 0.873535
1 0.536719 0.605859 0.925 0.777344 0.438721
1 0.536719 0.607813 0.901563 0.784375 0.856445
0 0.537891 0.607422 0.924219 0.785156 0.256104
1 0.391797 0.963281 0.535156 0.0734375 0.0011158
0 0.461719 0.136133 0.0671875 0.0835937 0.0011034
0 0.448438 0.126465 0.0476562 0.0736328 0.00103664
1 0.538281 0.613965 0.914062 0.77207 0.883789
0 0.535937 0.604297 0.9125 0.791406 0.349609
1 0.80625 0.603906 0.3875 0.778125 0.0227203
0 0.328125 0.607813 0.496875 0.771875 0.00304031
1 0.538281 0.301953 0.915625 0.183594 0.00291252
0 0.80625 0.603906 0.3875 0.778125 0.00253105
0 0.463672 0.1375 0.0773437 0.0867188 0.00248146
1 0.31543 0.608203 0.470703 0.769531 0.00234985
1 0.533203 0.250732 0.914844 0.200879 0.00222588
0 0.538281 0.301953 0.915625 0.183594 0.00219917
0 0.533203 0.250732 0.914844 0.200879 0.00185299
0 0.532812 0.494434 0.90625 0.55332 0.00182438
1 0.532812 0.494434 0.90625 0.55332 0.00170708
1 0.542969 0.61123 0.9125 0.777539 0.788574
0 0.539844 0.602344 0.920313 0.795313 0.489258
1 0.534766 0.602441 0.889844 0.78418 0.901855
0 0.535156 0.601953 0.898438 0.780469 0.0244293
1 0.538672 0.606641 0.922656 0.780469 0.915039
0 0.538672 0.606641 0.922656 0.780469 0.00173378
1 0.538672 0.606641 0.922656 0.780469 0.915039
0 0.538672 0.606641 0.922656 0.780469 0.00174809
