0 0.578906 0.624219 0.773438 0.751562 0.921875
0 0.448438 0.62041 0.515625 0.737305 0.0150146
1 0.575 0.605078 0.776563 0.789844 0.00701141
0 0.692187 0.647656 0.5875 0.704687 0.00403976
0 0.299219 0.616016 0.221094 0.660156 0.00345612
0 0.525391 0.792969 0.617969 0.414062 0.00275803
0 0.272266 0.647754 0.157031 0.581055 0.00155449
0 0.153223 0.621875 0.0544922 0.284375 0.00132465
0 0.548047 0.869141 0.671094 0.261719 0.00126457
0 0.090918 0.551562 0.168164 0.784375 0.00100803
0 0.579004 0.630469 0.779492 0.735937 0.812988
1 0.578223 0.639063 0.779492 0.721875 0.112976
0 0.640625 0.3125 0.351562 0.0675781 0.00356483
0 0.085791 0.604297 0.171582 0.666406 0.00335121
0 0.366211 0.626465 0.345703 0.695508 0.00286674
1 0.085791 0.604297 0.171582 0.666406 0.00279999
0 0.672656 0.331055 0.395312 0.122266 0.00156116
1 0.640625 0.3125 0.351562 0.0675781 0.00135612
0 0.630078 0.311719 0.419531 0.0835937 0.0012598
0 0.00427246 0.910156 0.00854492 0.179688 0.00107288
1 0.366211 0.626465 0.345703 0.695508 0.00105667
0 0.575 0.623047 0.815625 0.732031 0.882812
1 0.575781 0.622656 0.809375 0.735937 0.0187683
0 0.695312 0.633203 0.585938 0.717969 0.00337601
0 0.573828 0.493359 0.805469 0.458594 0.00242424
0 0.407031 0.514453 0.449219 0.49375 0.00223351
0 0.671094 0.222998 0.175 0.18291 0.00175476
0 0.371875 0.740625 0.339844 0.517187 0.00160408
0 0.514844 0.187158 0.23125 0.124902 0.00144386
0 0.910156 0.0626953 0.179688 0.11875 0.00134087
0 0.560547 0.0665527 0.782031 0.133105 0.00116539
0 0.0105713 0.670703 0.0211426 0.607031 0.00112915
0 0.51084 0.723437 0.65332 0.551562 0.00109482
0 0.585938 0.631641 0.776563 0.717969 0.919434
1 0.585938 0.631641 0.776563 0.717969 0.016098
0 0.7 0.624219 0.570312 0.642187 0.00135612
0 0.387109 0.517578 0.374219 0.494531 0.00125504
0 0.558203 0.390527 0.705469 0.258008 0.00105667
0 0.595312 0.634277 0.78125 0.718945 0.904785
1 0.595312 0.634277 0.78125 0.718945 0.00228691
0 0.997656 0.746094 0.0046875 0.314063 0.00121117
0 0.583594 0.636621 0.785937 0.726758 0.916504
1 0.591406 0.626953 0.798437 0.739844 0.00106049
0 0.584375 0.626953 0.796875 0.732031 0.882812
0 0.0893555 0.604297 0.178711 0.713281 0.0109024
0 0.390625 0.618066 0.395312 0.707617 0.00418091
1 0.0893555 0.604297 0.178711 0.713281 0.00390053
0 0.570312 0.0591797 0.859375 0.118359 0.00243378
0 0.0663574 0.849414 0.127441 0.301172 0.0015974
0 0.0668457 0.896875 0.125488 0.196875 0.00153637
0 0.5875 0.333398 0.807813 0.288672 0.00106525
0 0.591797 0.630371 0.783594 0.736133 0.888184
1 0.591797 0.630371 0.783594 0.736133 0.00544739
0 0.0898438 0.580469 0.179688 0.770312 0.00100422
0 0.587109 0.627344 0.785156 0.717188 0.920898
1 0.586035 0.632129 0.781055 0.735742 0.00548935
0 0.586621 0.636719 0.795508 0.726562 0.92627
1 0.586621 0.639355 0.793945 0.721289 0.00277901
0 0.586621 0.636719 0.795508 0.726562 0.92627
1 0.586621 0.639355 0.793945 0.721289 0.00279045
