0 0.456641 0.452344 0.597656 0.757812 0.825684
1 0.453809 0.443848 0.600195 0.79043 0.00963593
0 0.295117 0.436328 0.262109 0.733594 0.00156689
0 0.378223 0.206641 0.63418 0.413281 0.0011158
0 0.393359 0.0947266 0.7375 0.189453 0.00105667
0 0.400781 0.816992 0.7625 0.366016 0.00100803
0 0.465234 0.452344 0.58125 0.764063 0.939453
1 0.455859 0.466016 0.559375 0.764844 0.0121918
0 0.845117 0.460938 0.294141 0.835938 0.00231361
0 0.34668 0.455371 0.359766 0.729883 0.0020752
0 0.719531 0.45166 0.560938 0.787305 0.00193405
0 0.459473 0.589063 0.570117 0.5125 0.00183105
0 0.0918945 0.486719 0.183789 0.864062 0.00175476
0 0.282764 0.467187 0.22666 0.7125 0.00133514
0 0.0039917 0.908203 0.0079834 0.183594 0.0012846
1 0.0918945 0.486719 0.183789 0.864062 0.00118828
0 0.464453 0.24043 0.586719 0.336328 0.00102806
0 0.463672 0.446875 0.586719 0.75625 0.898926
1 0.453906 0.447266 0.615625 0.752344 0.046814
0 0.458984 0.334961 0.591406 0.516016 0.00448608
0 0.603906 0.627344 0.3125 0.43125 0.00186729
0 0.743359 0.446875 0.513281 0.76875 0.00183105
0 0.85 0.449609 0.3 0.775781 0.00130463
0 0.465625 0.448438 0.591406 0.753125 0.90918
1 0.465625 0.448438 0.591406 0.753125 0.0165253
0 0.465625 0.446875 0.579687 0.75 0.916992
0 0.86875 0.457031 0.2625 0.792188 0.0199432
0 0.276563 0.819141 0.55 0.361719 0.00205803
0 0.858594 0.728906 0.282813 0.542188 0.00192642
1 0.468848 0.454297 0.581055 0.752344 0.00169373
0 0.470313 0.445215 0.592188 0.77832 0.890625
1 0.466309 0.446875 0.600195 0.776563 0.00302696
0 0.463672 0.449121 0.600781 0.75957 0.888184
1 0.465625 0.449902 0.602344 0.74707 0.00582123
0 0.467578 0.453125 0.599219 0.76875 0.880371
1 0.467578 0.456934 0.589063 0.748633 0.0153046
0 0.471875 0.647656 0.582812 0.395312 0.0016613
0 0.464063 0.452246 0.582812 0.764258 0.907227
1 0.470703 0.457031 0.577344 0.764063 0.00494385
0 0.468359 0.452246 0.591406 0.750195 0.920898
1 0.468359 0.453516 0.588281 0.763281 0.0024147
0 0.468652 0.452246 0.59082 0.750195 0.920898
1 0.46875 0.453516 0.588281 0.763281 0.0024147
