0 0.519141 0.506641 0.744531 0.855469 0.73877
1 0.506641 0.488672 0.744531 0.860156 0.541992
0 0.454688 0.812891 0.909375 0.374219 0.0068512
1 0.454688 0.812891 0.909375 0.374219 0.00379562
0 0.641406 0.49375 0.521875 0.826563 0.00245285
0 0.286914 0.50166 0.237109 0.799805 0.00182438
0 0.951563 0.485156 0.096875 0.865625 0.00135136
0 0.521094 0.621875 0.74375 0.598437 0.00100803
1 0.537402 0.484375 0.723633 0.8875 0.916504
0 0.529004 0.485938 0.723242 0.885938 0.00307465
1 0.69375 0.48125 0.420312 0.890625 0.00160408
0 0.00411377 0.907422 0.00822754 0.185156 0.00121593
1 0.796875 0.482031 0.203125 0.89375 0.00102425
1 0.544922 0.484766 0.746094 0.833594 0.94873
0 0.336523 0.675781 0.287891 0.473437 0.00234222
1 0.326172 0.329492 0.652344 0.658984 0.00181007
1 0.67627 0.284766 0.647461 0.5375 0.00148964
0 0.396484 0.671094 0.4 0.495313 0.00132465
0 0.4625 0.979688 0.853125 0.040625 0.00102425
1 0.336523 0.675781 0.287891 0.473437 0.00102043
1 0.534766 0.492188 0.717969 0.878125 0.880859
0 0.533203 0.485156 0.710156 0.8875 0.0254669
1 0.536035 0.283594 0.716992 0.459375 0.00106525
1 0.541016 0.494531 0.724219 0.857813 0.924316
0 0.547656 0.49375 0.69375 0.867188 0.0488586
1 0.351562 0.355859 0.38125 0.545313 0.00277901
1 0.343945 0.497266 0.365234 0.830469 0.00127888
1 0.536328 0.12793 0.736719 0.144141 0.00123024
1 0.532031 0.0521973 0.8 0.104395 0.00108147
1 0.544922 0.483203 0.744531 0.877344 0.905273
0 0.546484 0.487891 0.746094 0.875781 0.00317192
1 0.544922 0.491406 0.738281 0.870313 0.87207
1 0.314893 0.496094 0.290527 0.853125 0.00544739
1 0.964844 0.544922 0.0703125 0.794531 0.00182438
1 0.371484 0.497656 0.410156 0.864062 0.00157356
1 0.948047 0.517969 0.103906 0.854688 0.00148392
0 0.964844 0.544922 0.0703125 0.794531 0.00138283
1 0.655078 0.484375 0.502344 0.875 0.00121593
1 0.538672 0.485938 0.732031 0.870313 0.920898
0 0.539844 0.489844 0.732813 0.870313 0.0154877
1 0.539844 0.482422 0.728125 0.871094 0.919434
0 0.541504 0.485156 0.723242 0.873438 0.00107288
1 0.542969 0.488281 0.74375 0.851562 0.91748
1 0.543066 0.488281 0.743555 0.851562 0.91748
