0 0.501953 0.581152 0.846094 0.798633 0.959961
0 0.341211 0.578125 0.486328 0.803125 0.0135345
1 0.500781 0.563281 0.851562 0.80625 0.00985718
0 0.953125 0.55625 0.09375 0.820312 0.00250244
0 0.628223 0.566504 0.606055 0.785742 0.00191212
0 0.915625 0.585938 0.16875 0.795313 0.00190449
0 0.200977 0.577344 0.211719 0.714063 0.00178242
0 0.500781 0.577344 0.807813 0.795313 0.907227
1 0.501562 0.581348 0.810938 0.78418 0.0310211
0 0.505469 0.456934 0.823438 0.543945 0.0259552
0 0.28418 0.574609 0.375391 0.778906 0.00763702
0 0.59375 0.978906 0.367188 0.0421875 0.00333786
0 0.272217 0.414453 0.350879 0.432031 0.00215721
0 0.370703 0.577344 0.547656 0.779688 0.00161648
0 0.625 0.975781 0.340625 0.0484375 0.00150108
0 0.613672 0.988672 0.411719 0.0226563 0.00143814
0 0.522266 0.977344 0.421094 0.0453125 0.00143242
0 0.969531 0.495313 0.0609375 0.614062 0.00130939
0 0.505566 0.376953 0.798242 0.385156 0.00127888
0 0.00427246 0.907031 0.00854492 0.185937 0.00109863
0 0.507031 0.578809 0.823438 0.781445 0.870605
1 0.505078 0.571094 0.832031 0.767187 0.0621033
0 0.505078 0.394141 0.841406 0.400781 0.00331116
0 0.276563 0.7375 0.3 0.451562 0.00228691
0 0.0106689 0.43584 0.0213379 0.68457 0.00141621
0 0.0866211 0.249414 0.162305 0.498828 0.0011692
0 0.0900391 0.170117 0.169922 0.340234 0.0011158
0 0.303174 0.698438 0.368652 0.528125 0.00100803
0 0.508594 0.578516 0.803125 0.774219 0.944336
1 0.514844 0.575781 0.810938 0.795313 0.0069046
0 0.508203 0.421484 0.827344 0.482031 0.00428009
0 0.317578 0.402734 0.434375 0.423438 0.00237846
0 0.507422 0.301172 0.832031 0.240625 0.0017271
0 0.982422 0.610156 0.0351562 0.7 0.0016613
0 0.40625 0.327539 0.617188 0.308984 0.00148392
0 0.628906 0.575391 0.59375 0.789844 0.0014782
0 0.323828 0.3125 0.446094 0.307813 0.00138855
0 0.293311 0.349805 0.386816 0.294922 0.00113773
0 0.311719 0.567969 0.421875 0.735937 0.0011158
0 0.512109 0.573438 0.816406 0.809375 0.914062
0 0.677734 0.960938 0.241406 0.040625 0.00337601
0 0.385156 0.9625 0.455469 0.075 0.00225258
0 0.722656 0.9625 0.334375 0.075 0.00212479
1 0.517969 0.571484 0.804688 0.805469 0.00209999
0 0.432031 0.96875 0.435156 0.0625 0.00193405
0 0.661719 0.965625 0.33125 0.06875 0.00183868
0 0.744141 0.575 0.374219 0.79375 0.00156689
0 0.592969 0.969531 0.342187 0.0609375 0.00147247
0 0.541406 0.970312 0.282813 0.059375 0.00136185
0 0.648047 0.576172 0.563281 0.794531 0.00133514
0 0.472266 0.957812 0.186719 0.040625 0.0012846
0 0.430859 0.957812 0.203125 0.0375 0.00104427
0 0.507812 0.572266 0.83125 0.799219 0.942383
0 0.516406 0.0728516 0.873438 0.145703 0.00133514
0 0.631641 0.574609 0.594531 0.794531 0.00112438
0 0.398438 0.562891 0.604688 0.764844 0.00102425
0 0.513672 0.566504 0.822656 0.793555 0.919434
0 0.364648 0.576953 0.536328 0.783594 0.0158997
0 0.514844 0.0513672 0.885938 0.102734 0.0100555
0 0.509375 0.273828 0.832812 0.199219 0.00577545
0 0.280469 0.573828 0.371875 0.778906 0.0026207
0 0.509375 0.0797852 0.859375 0.15957 0.00157356
0 0.0729492 0.521484 0.145898 0.874219 0.00149536
0 0.508594 0.439941 0.823438 0.523242 0.00141048
0 0.377734 0.0495117 0.641406 0.0990234 0.00109005
0 0.514844 0.574219 0.823438 0.798437 0.897461
0 0.30918 0.573047 0.416016 0.785156 0.00171375
0 0.522656 0.575684 0.80625 0.792383 0.91748
1 0.519922 0.565234 0.807031 0.803906 0.00191212
0 0.304297 0.567285 0.4 0.760742 0.00121593
0 0.514844 0.577344 0.828125 0.789062 0.944824
0 0.281641 0.573047 0.363281 0.769531 0.00803375
1 0.514844 0.573438 0.823438 0.79375 0.00321007
0 0.514844 0.577344 0.828125 0.789062 0.945312
0 0.281641 0.57334 0.363281 0.770508 0.00806427
1 0.514844 0.573438 0.823438 0.79375 0.00314713
