1 0.50625 0.446094 0.75 0.754687 0.857422
0 0.503516 0.447559 0.752344 0.773633 0.37207
1 0.392285 0.503223 0.520117 0.637305 0.00502014
0 0.245898 0.526465 0.236719 0.556445 0.00457382
1 0.482812 0.802734 0.9625 0.394531 0.00367928
0 0.482812 0.802734 0.9625 0.394531 0.00348282
0 0.897656 0.435059 0.204688 0.75332 0.00181007
0 0.229346 0.568359 0.202246 0.441406 0.00162888
0 0.927344 0.459277 0.145313 0.717383 0.00136662
0 0.269727 0.480469 0.283984 0.664062 0.00126457
1 0.504785 0.449219 0.768555 0.748438 0.922363
1 0.689844 0.439453 0.395312 0.744531 0.0042305
1 0.933594 0.383398 0.132812 0.766797 0.00181007
0 0.504785 0.449219 0.768555 0.748438 0.00165462
0 0.00400391 0.909375 0.00800781 0.18125 0.00131512
1 0.779688 0.439746 0.225 0.742383 0.00104046
1 0.910937 0.388281 0.13125 0.761719 0.00102806
1 0.5 0.444531 0.759375 0.75625 0.953125
0 0.495996 0.44375 0.767383 0.765625 0.00390053
1 0.472266 0.922656 0.889844 0.154687 0.0028553
1 0.507812 0.444434 0.759375 0.756445 0.927246
0 0.506641 0.450781 0.755469 0.773438 0.00214958
1 0.502734 0.44834 0.742969 0.754883 0.939453
0 0.514453 0.450098 0.736719 0.757617 0.00717545
1 0.469922 0.649219 0.666406 0.36875 0.00323486
1 0.511621 0.449902 0.770508 0.781445 0.928223
1 0.502344 0.80293 0.801562 0.384766 0.00152493
0 0.510547 0.448438 0.769531 0.773438 0.00139427
1 0.512598 0.447266 0.756055 0.771094 0.908691
1 0.323633 0.453027 0.388672 0.75332 0.00948334
1 0.658594 0.447559 0.476562 0.761133 0.00188255
1 0.510059 0.449316 0.758008 0.773242 0.921875
0 0.508594 0.453809 0.754687 0.761133 0.00312424
1 0.507129 0.443359 0.748242 0.769531 0.92334
0 0.510156 0.445703 0.748438 0.777344 0.00118351
1 0.510547 0.447266 0.760156 0.763281 0.902344
1 0.51084 0.447266 0.75957 0.763281 0.902344
