0 0.50625 0.478125 0.75 0.814062 0.614258
1 0.497754 0.458594 0.749805 0.820312 0.461914
0 0.479688 0.827344 0.959375 0.345313 0.0123367
1 0.479688 0.827344 0.959375 0.345313 0.00402451
0 0.247998 0.473437 0.227441 0.728125 0.003088
0 0.212695 0.533594 0.153125 0.578125 0.00271416
0 0.703125 0.469922 0.345313 0.797656 0.00235939
0 0.476562 0.786719 0.91875 0.426562 0.00162315
0 0.866602 0.454688 0.266797 0.803125 0.00133038
0 0.800781 0.457031 0.157813 0.809375 0.00116062
0 0.780078 0.451562 0.439844 0.81875 0.00115108
0 0.498437 0.596484 0.729688 0.564844 0.00102043
1 0.499219 0.475 0.734375 0.80625 0.895508
0 0.499219 0.475 0.734375 0.80625 0.00737381
0 0.00404053 0.908594 0.00808105 0.182812 0.0012846
1 0.505566 0.465625 0.74043 0.815625 0.940918
0 0.496191 0.466797 0.749805 0.819531 0.0108185
1 0.638184 0.291797 0.723633 0.560938 0.00188255
0 0.452344 0.981641 0.8875 0.0367187 0.00162888
0 0.223633 0.484375 0.171484 0.765625 0.00136662
0 0.925 0.448438 0.140625 0.69375 0.00113773
1 0.452344 0.981641 0.8875 0.0367187 0.0011158
0 0.296094 0.638281 0.289844 0.467187 0.00104427
1 0.500391 0.467187 0.721094 0.81875 0.903809
0 0.501562 0.467187 0.734375 0.829687 0.0112915
1 0.504297 0.469531 0.717969 0.81875 0.943848
0 0.509375 0.46875 0.7125 0.81875 0.0198669
0 0.252734 0.800781 0.502344 0.398438 0.00139904
1 0.502734 0.4625 0.742969 0.821875 0.913574
0 0.505859 0.466406 0.735156 0.81875 0.0159607
1 0.50625 0.46875 0.728125 0.83125 0.900391
1 0.649219 0.464844 0.440625 0.820312 0.00270462
1 0.279883 0.484473 0.274609 0.77168 0.00195694
0 0.50625 0.46875 0.728125 0.83125 0.00112057
1 0.944531 0.50625 0.110937 0.835938 0.00109482
1 0.963281 0.523438 0.0734375 0.803125 0.00104046
1 0.507422 0.466797 0.735156 0.825781 0.901367
0 0.50791 0.471094 0.737305 0.8125 0.0164642
1 0.513281 0.461328 0.721875 0.827344 0.919434
0 0.510547 0.461328 0.725781 0.827344 0.00220871
1 0.508496 0.470313 0.733008 0.8125 0.914062
0 0.507812 0.466406 0.740625 0.814062 0.00255013
1 0.508203 0.470313 0.733594 0.8125 0.914062
0 0.507812 0.466406 0.740625 0.814062 0.00257111
