1 0.629687 0.585547 0.592188 0.755469 0.404541
0 0.629687 0.585547 0.592188 0.755469 0.334473
0 0.0758789 0.430078 0.0806641 0.134375 0.0534058
0 0.725 0.814844 0.115625 0.228125 0.042572
0 0.683594 0.835156 0.201562 0.265625 0.0331421
1 0.725 0.814844 0.115625 0.228125 0.0236969
1 0.0758789 0.430078 0.0806641 0.134375 0.0222015
1 0.683594 0.835156 0.201562 0.265625 0.0164032
0 0.123633 0.0789307 0.0962891 0.142529 0.0158386
0 0.625 0.837305 0.321875 0.262891 0.0148392
1 0.123633 0.0789307 0.0962891 0.142529 0.0118713
0 0.714844 0.832031 0.153125 0.259375 0.00919342
0 0.0876953 0.1 0.175391 0.2 0.00796509
1 0.594531 0.839844 0.379687 0.2625 0.00602722
0 0.121509 0.316016 0.0937012 0.116016 0.00559998
1 0.714844 0.832031 0.153125 0.259375 0.00403976
1 0.0860352 0.102344 0.17207 0.204688 0.00383949
1 0.116504 0.316602 0.102539 0.114453 0.00351143
0 0.804492 0.185156 0.269141 0.328125 0.00340271
0 0.511035 0.547266 0.351367 0.666406 0.00273705
0 0.274219 0.608984 0.100391 0.175781 0.00243378
0 0.509375 0.871094 0.125 0.178125 0.00240517
0 0.558594 0.826563 0.44375 0.29375 0.00233269
0 0.683984 0.526563 0.446094 0.5875 0.00228691
1 0.274219 0.608984 0.100391 0.175781 0.0020504
0 0.0454224 0.0861572 0.086499 0.161279 0.00200272
0 0.131274 0.632812 0.193701 0.5625 0.00194168
0 0.306641 0.458594 0.0679687 0.120312 0.00192642
0 0.0791992 0.423438 0.0599609 0.125781 0.00183868
0 0.165723 0.412891 0.0841797 0.107031 0.00168705
0 0.896094 0.197266 0.0921875 0.299609 0.0016613
0 0.166113 0.720703 0.116211 0.188281 0.00160408
1 0.896094 0.197266 0.0921875 0.299609 0.00154305
0 0.0870605 0.173242 0.174121 0.346484 0.00152493
1 0.804492 0.185156 0.269141 0.328125 0.00139904
0 0.0680664 0.0977539 0.129883 0.195508 0.00138855
1 0.165723 0.412891 0.0841797 0.107031 0.00124454
0 0.107031 0.602246 0.14375 0.493945 0.00121593
0 0.0781494 0.475391 0.0909668 0.245312 0.00118828
1 0.0454224 0.0861572 0.086499 0.161279 0.00118351
0 0.0945313 0.0812012 0.189063 0.162402 0.00117874
0 0.479688 0.845312 0.171875 0.2 0.00115585
0 0.316016 0.462109 0.046875 0.122656 0.00112438
0 0.0574707 0.433203 0.069043 0.141406 0.0011158
1 0.166113 0.720703 0.116211 0.188281 0.0011158
1 0.509375 0.871094 0.125 0.178125 0.00110722
0 0.474219 0.125195 0.316406 0.244922 0.00109863
1 0.511035 0.547266 0.351367 0.666406 0.00109863
0 0.969141 0.0865723 0.0617188 0.173145 0.00109482
0 0.0707153 0.449219 0.0919678 0.192969 0.00105667
0 0.453125 0.789062 0.224219 0.364062 0.00104046
1 0.683984 0.526563 0.446094 0.5875 0.00103664
0 0.533203 0.119238 0.260156 0.238477 0.00102425
0 0.628027 0.564453 0.601758 0.682031 0.748535
0 0.728906 0.161914 0.129688 0.183203 0.0658569
1 0.615625 0.547266 0.5625 0.652344 0.0375366
0 0.873438 0.147168 0.13125 0.205664 0.0257568
0 0.717188 0.811133 0.128125 0.224609 0.0139542
0 0.771875 0.669141 0.265625 0.527344 0.0124283
1 0.771875 0.669141 0.265625 0.527344 0.00837708
1 0.728906 0.161914 0.129688 0.183203 0.00725937
0 0.624219 0.415625 0.540625 0.382031 0.00471878
0 0.633594 0.35293 0.529688 0.255859 0.00388527
0 0.164648 0.688281 0.123828 0.176563 0.00342941
0 0.616797 0.838867 0.355469 0.262891 0.00323486
1 0.616797 0.838867 0.355469 0.262891 0.00276756
1 0.873438 0.147168 0.13125 0.205664 0.00273705
0 0.813281 0.613184 0.176563 0.611133 0.00259018
0 0.625098 0.684766 0.598242 0.582031 0.00178242
1 0.717188 0.811133 0.128125 0.224609 0.00174141
0 0.966406 0.249805 0.0671875 0.220703 0.00173378
0 0.578125 0.817187 0.421875 0.309375 0.00163555
0 0.0777344 0.441016 0.0773437 0.175781 0.00150681
1 0.813281 0.613184 0.176563 0.611133 0.00144386
0 0.503125 0.688672 0.355469 0.572656 0.00135612
0 0.86875 0.200391 0.153125 0.297656 0.00129414
0 0.671484 0.835742 0.285156 0.266016 0.00117874
1 0.671484 0.835742 0.285156 0.266016 0.00108147
0 0.604785 0.511719 0.557617 0.567187 0.663574
1 0.610156 0.516016 0.582812 0.572656 0.286865
0 0.689453 0.825781 0.196094 0.235938 0.0211639
0 0.717969 0.811719 0.134375 0.215625 0.0177765
0 0.945312 0.603125 0.10625 0.167969 0.0162811
1 0.717969 0.811719 0.134375 0.215625 0.0138474
0 0.65625 0.832812 0.267188 0.271875 0.00834656
0 0.234766 0.808008 0.138672 0.187109 0.00666809
1 0.689453 0.825781 0.196094 0.235938 0.00376511
0 0.589453 0.813867 0.421094 0.303516 0.0036068
1 0.945312 0.603125 0.10625 0.167969 0.00332451
0 0.725781 0.814062 0.254687 0.220313 0.00301552
0 0.160938 0.690234 0.134766 0.172656 0.00261116
0 0.920313 0.858594 0.15625 0.185937 0.00229645
0 0.847656 0.607813 0.120312 0.365625 0.00200272
0 0.729297 0.551953 0.346094 0.647656 0.0018034
0 0.794531 0.178369 0.298438 0.255762 0.00178242
1 0.65625 0.832812 0.267188 0.271875 0.00161076
0 0.753516 0.992969 0.292969 0.0140625 0.00150681
0 0.776367 0.579687 0.253516 0.65625 0.0014782
1 0.234766 0.808008 0.138672 0.187109 0.00146675
0 0.891406 0.997656 0.217187 0.0046875 0.00143242
0 0.788281 0.625 0.242188 0.471875 0.00143242
0 0.842969 0.996094 0.314063 0.0078125 0.00142097
0 0.555859 0.770312 0.475781 0.4 0.00116062
0 0.732031 0.652344 0.167187 0.2375 0.0011034
0 0.457129 0.757031 0.238867 0.421875 0.00102425
0 0.613281 0.497656 0.567187 0.544531 0.899414
0 0.614453 0.597656 0.564844 0.50625 0.111023
1 0.613281 0.518066 0.565625 0.513867 0.0574951
0 0.539453 0.575 0.424219 0.395312 0.0191956
0 0.0746094 0.423438 0.0841797 0.138281 0.0132217
0 0.874219 0.136499 0.132812 0.193018 0.0116882
0 0.446191 0.575 0.24043 0.3875 0.0112915
0 0.0756836 0.455371 0.0869141 0.201758 0.00963593
1 0.874219 0.136499 0.132812 0.193018 0.00428009
0 0.728125 0.154395 0.129688 0.181055 0.00408554
0 0.442871 0.496094 0.225195 0.441406 0.00378036
0 0.715625 0.802344 0.129688 0.20625 0.00344276
0 0.53125 0.330469 0.295312 0.178125 0.00291252
1 0.0756836 0.455371 0.0869141 0.201758 0.00261116
0 0.502734 0.482715 0.342969 0.506445 0.00256157
0 0.948438 0.596094 0.096875 0.257812 0.00223351
1 0.0746094 0.423438 0.0841797 0.138281 0.00219154
0 0.569531 0.440527 0.453125 0.423633 0.0020752
0 0.138452 0.313086 0.159424 0.123828 0.00203514
1 0.446191 0.575 0.24043 0.3875 0.00140476
1 0.715625 0.802344 0.129688 0.20625 0.00139904
0 0.271484 0.605078 0.105469 0.182812 0.00113392
1 0.728125 0.154395 0.129688 0.181055 0.00112438
0 0.0771484 0.403125 0.0888672 0.0929687 0.00105667
0 0.613281 0.594531 0.557813 0.739062 0.884277
1 0.616309 0.503906 0.567383 0.551562 0.0437012
0 0.73125 0.147095 0.1375 0.177686 0.00367928
1 0.61709 0.698047 0.57207 0.547656 0.00235939
0 0.591797 0.691016 0.503906 0.561719 0.00211525
0 0.544141 0.98125 0.452344 0.0375 0.00186729
0 0.542969 0.989453 0.400781 0.0210938 0.00118351
0 0.809375 0.566016 0.192188 0.583594 0.00109863
0 0.592969 0.967969 0.446875 0.0640625 0.00104046
0 0.616309 0.525879 0.57207 0.601367 0.848633
0 0.721094 0.806445 0.126563 0.202734 0.0847778
1 0.721094 0.806445 0.126563 0.202734 0.062561
1 0.621973 0.605469 0.591992 0.760938 0.0450134
0 0.689062 0.818945 0.203125 0.218359 0.00370789
0 0.953516 0.554688 0.0929687 0.380469 0.00321007
0 0.949219 0.454688 0.101562 0.648438 0.00260162
1 0.697656 0.820117 0.18125 0.219141 0.00185299
0 0.933594 0.282031 0.132812 0.441406 0.00178242
0 0.935938 0.379004 0.128125 0.573242 0.00138855
0 0.616797 0.510547 0.575781 0.571094 0.891602
1 0.618359 0.594141 0.577344 0.739844 0.0254669
0 0.719531 0.806445 0.121875 0.205859 0.0175171
1 0.0761963 0.421094 0.0804199 0.13125 0.00579834
1 0.0763916 0.445996 0.0905762 0.17832 0.00429916
1 0.719531 0.806445 0.121875 0.205859 0.00266266
0 0.0761963 0.421094 0.0804199 0.13125 0.00265312
0 0.0763916 0.445996 0.0905762 0.17832 0.00261116
1 0.0904053 0.081543 0.166455 0.163086 0.00252151
1 0.196289 0.5375 0.323828 0.876562 0.00250244
0 0.514844 0.12207 0.903125 0.244141 0.00246239
1 0.507422 0.0957031 0.922656 0.191406 0.00186729
0 0.945312 0.575781 0.109375 0.38125 0.00175476
1 0.149121 0.578125 0.22793 0.804688 0.00162888
1 0.0978272 0.588672 0.129736 0.797656 0.00154877
0 0.0904053 0.081543 0.166455 0.163086 0.00143242
0 0.944531 0.444531 0.110937 0.453906 0.00133514
0 0.947266 0.513965 0.105469 0.38457 0.00132465
0 0.307031 0.457812 0.0796875 0.104687 0.00126457
0 0.240234 0.782617 0.128906 0.181641 0.00119686
0 0.940625 0.303955 0.11875 0.349902 0.00115585
1 0.345703 0.521094 0.639063 0.910937 0.00100803
0 0.619531 0.551562 0.58125 0.65625 0.722656
1 0.617285 0.569531 0.570117 0.696875 0.213989
0 0.737109 0.816406 0.142969 0.221875 0.00766754
0 0.236377 0.790625 0.127246 0.185937 0.00235939
0 0.519141 0.6125 0.366406 0.728125 0.00191212
1 0.737109 0.816406 0.142969 0.221875 0.00185299
0 0.46709 0.632422 0.26582 0.669531 0.0015974
0 0.481641 0.718359 0.282031 0.513281 0.00123501
0 0.615234 0.79043 0.574219 0.362891 0.00102425
0 0.614844 0.543848 0.567187 0.637305 0.86084
1 0.615234 0.599609 0.566406 0.757031 0.0185394
0 0.263477 0.062207 0.170312 0.121094 0.0042305
0 0.725781 0.810938 0.13125 0.214062 0.00230598
0 0.0785156 0.453516 0.0861328 0.2 0.00189686
0 0.608594 0.982422 0.115625 0.0351562 0.00134563
0 0.558594 0.982422 0.115625 0.0351562 0.0012207
0 0.631641 0.982422 0.115625 0.0351562 0.00121593
0 0.583984 0.982031 0.114844 0.0359375 0.00121593
1 0.0785156 0.453516 0.0861328 0.2 0.00119686
0 0.532031 0.983203 0.115625 0.0335938 0.00112438
0 0.6125 0.568652 0.571875 0.681445 0.908203
1 0.612891 0.598437 0.571094 0.746875 0.0161591
0 0.614844 0.730078 0.560938 0.483594 0.00151253
0 0.6125 0.568652 0.571875 0.681445 0.907715
1 0.6125 0.598437 0.570312 0.746875 0.0162811
0 0.614844 0.730078 0.560938 0.483594 0.00150108
