0 0.480469 0.210498 0.4 0.32041 0.601074
0 0.532422 0.604688 0.553906 0.44375 0.59082
1 0.536328 0.601562 0.560156 0.448438 0.203735
1 0.480469 0.210498 0.4 0.32041 0.157715
0 0.401563 0.228467 0.253125 0.360254 0.00591278
1 0.500879 0.379687 0.456055 0.664062 0.00400543
0 0.612891 0.6 0.391406 0.445312 0.00283432
0 0.500879 0.379687 0.456055 0.664062 0.00261116
0 0.163184 0.300781 0.326367 0.601562 0.0018034
0 0.520312 0.489062 0.517187 0.879687 0.00137806
0 0.51875 0.898438 0.535937 0.203125 0.00137234
0 0.139258 0.242188 0.278516 0.484375 0.00131512
1 0.612891 0.6 0.391406 0.445312 0.00126457
0 0.832031 0.310156 0.326562 0.434375 0.0012064
1 0.401563 0.228467 0.253125 0.360254 0.00118828
0 0.475098 0.208252 0.399805 0.321777 0.831055
0 0.532129 0.602734 0.549805 0.449219 0.813965
1 0.476953 0.20625 0.405469 0.326562 0.072876
1 0.532812 0.602344 0.5625 0.45 0.0339661
0 0.539844 0.526563 0.548437 0.301562 0.0325317
0 0.678125 0.611328 0.273438 0.430469 0.016922
1 0.678125 0.611328 0.273438 0.430469 0.00441742
0 0.442187 0.607031 0.384375 0.44375 0.00195694
1 0.538672 0.528516 0.553906 0.305469 0.00178909
0 0.526465 0.609766 0.564258 0.444531 0.899414
0 0.480859 0.214258 0.413281 0.319141 0.885742
1 0.527344 0.610156 0.542188 0.459375 0.058136
1 0.478125 0.213672 0.404687 0.317187 0.0235138
0 0.73125 0.435254 0.521875 0.710742 0.00867462
0 0.802344 0.201953 0.367188 0.20625 0.0051384
0 0.817969 0.239404 0.335938 0.275879 0.00494385
0 0.784375 0.290625 0.4 0.389062 0.0024929
0 0.928125 0.167163 0.11875 0.185986 0.00148964
0 0.726562 0.206641 0.507812 0.221875 0.0012846
0 0.399219 0.213623 0.257812 0.318066 0.00115585
0 0.528027 0.601562 0.55332 0.440625 0.918945
0 0.472266 0.208203 0.396875 0.316406 0.917969
1 0.52959 0.639063 0.562695 0.382812 0.0996704
1 0.475098 0.205078 0.401367 0.311328 0.0330811
0 0.814062 0.294141 0.33125 0.384375 0.0272675
1 0.814062 0.294141 0.33125 0.384375 0.0078125
0 0.524219 0.663672 0.578125 0.325781 0.00374985
1 0.213281 0.787305 0.410156 0.425391 0.00138283
0 0.53125 0.608594 0.567187 0.448438 0.924316
0 0.475879 0.210547 0.407617 0.324219 0.908203
1 0.471875 0.208203 0.401563 0.323438 0.00766754
1 0.53125 0.608594 0.567187 0.448438 0.0020504
0 0.148047 0.992578 0.296094 0.0148437 0.00116539
0 0.291016 0.993359 0.447656 0.0132813 0.00110722
0 0.87168 0.706641 0.237891 0.524219 0.00104046
0 0.996094 0.827344 0.0078125 0.345313 0.00101662
0 0.534375 0.599316 0.571875 0.45293 0.914551
0 0.475 0.20708 0.402344 0.327246 0.80127
1 0.526172 0.603125 0.585156 0.453125 0.0303345
1 0.475781 0.20625 0.410937 0.325781 0.0225372
0 0.719531 0.00784912 0.54375 0.0156982 0.00214958
0 0.789258 0.0074585 0.421484 0.014917 0.00202751
0 0.548437 0.00760498 0.53125 0.01521 0.00183868
0 0.444434 0.00755615 0.53457 0.0151123 0.0015974
0 0.153809 0.00853272 0.307617 0.0170654 0.00154877
0 0.346484 0.00778809 0.532031 0.0155762 0.00132465
0 0.534766 0.604688 0.549219 0.45 0.910645
0 0.477734 0.204297 0.396094 0.320312 0.872559
1 0.477344 0.205273 0.4 0.314453 0.0432129
1 0.538672 0.601172 0.558594 0.453906 0.00709534
0 0.830469 0.266602 0.314063 0.372266 0.00216484
0 0.0891602 0.403125 0.174414 0.614062 0.00126934
0 0.0948242 0.550391 0.185352 0.899219 0.00104046
0 0.531641 0.602344 0.558594 0.448438 0.857422
0 0.477441 0.207764 0.40293 0.324316 0.840332
1 0.474609 0.207422 0.408594 0.326172 0.0181274
1 0.53291 0.603516 0.56543 0.449219 0.00518036
0 0.692187 0.0649414 0.25625 0.121289 0.00144958
0 0.537109 0.602734 0.560156 0.447656 0.891113
0 0.476465 0.211523 0.393945 0.326562 0.852051
1 0.477344 0.2104 0.4 0.318262 0.0234222
1 0.537109 0.602734 0.560156 0.447656 0.00526047
1 0.177539 0.750391 0.343359 0.499219 0.00115108
0 0.628125 0.987891 0.110937 0.0242187 0.00101185
0 0.535547 0.603906 0.564844 0.44375 0.915527
0 0.47666 0.208643 0.398242 0.328809 0.892578
1 0.476562 0.208594 0.4 0.320703 0.0243835
1 0.535547 0.603906 0.564844 0.44375 0.0049057
0 0.806445 0.273877 0.352734 0.377246 0.00168705
0 0.535547 0.603906 0.564844 0.44375 0.915527
0 0.47666 0.208594 0.398242 0.328906 0.892578
1 0.476562 0.208594 0.4 0.320703 0.0243378
1 0.535547 0.603906 0.564844 0.44375 0.00498199
0 0.80625 0.273877 0.351562 0.377246 0.0017271
