0 0.381934 0.370703 0.448633 0.616406 0.588867
0 0.208936 0.0679199 0.13291 0.13252 0.153564
1 0.378906 0.364062 0.460938 0.632812 0.0725098
0 0.0834961 0.149219 0.103516 0.191016 0.064209
0 0.107031 0.877344 0.201953 0.196875 0.0433655
1 0.208936 0.0679199 0.13291 0.13252 0.0289764
0 0.394434 0.851562 0.36582 0.289062 0.0209198
1 0.0834961 0.149219 0.103516 0.191016 0.0192719
0 0.332227 0.867188 0.447266 0.2625 0.00751877
0 0.093457 0.128809 0.134961 0.256055 0.00609589
0 0.0679199 0.142383 0.13584 0.240625 0.00568771
1 0.108301 0.878125 0.197461 0.19375 0.00445175
0 0.176758 0.0739258 0.205078 0.147852 0.00378036
1 0.394434 0.851562 0.36582 0.289062 0.0029583
1 0.176758 0.0739258 0.205078 0.147852 0.00269318
1 0.093457 0.128809 0.134961 0.256055 0.00224304
1 0.332227 0.867188 0.447266 0.2625 0.00214005
1 0.0679199 0.142383 0.13584 0.240625 0.00204277
0 0.674219 0.268359 0.173438 0.536719 0.00193405
0 0.0924072 0.0355957 0.0937012 0.0703125 0.00168133
0 0.134375 0.0373047 0.26875 0.0746094 0.00161076
0 0.972656 0.121973 0.0546875 0.199805 0.00159168
0 0.477734 0.0385864 0.1375 0.0759521 0.00146103
0 0.955469 0.708594 0.0890625 0.532812 0.00145531
0 0.978125 0.115234 0.04375 0.230469 0.00143242
0 0.964063 0.128809 0.071875 0.257617 0.00138855
0 0.818945 0.275977 0.180859 0.551953 0.00138283
0 0.662891 0.0614746 0.0484375 0.118652 0.00134563
0 0.320508 0.814258 0.563672 0.355859 0.00122547
0 0.198633 0.0958984 0.158984 0.191797 0.00110722
0 0.374219 0.461816 0.429688 0.41543 0.00109482
1 0.0861328 0.964063 0.172266 0.071875 0.00108147
0 0.0830078 0.0811035 0.166016 0.162207 0.00108147
1 0.198633 0.0958984 0.158984 0.191797 0.00104809
0 0.815625 0.316406 0.248437 0.632812 0.00100803
0 0.384766 0.384766 0.434375 0.567187 0.836426
0 0.0740234 0.156934 0.132031 0.217383 0.402588
0 0.208203 0.0601074 0.153906 0.120215 0.103394
0 0.946875 0.585938 0.103125 0.254687 0.0558167
0 0.914062 0.851562 0.1375 0.275 0.0549927
0 0.138062 0.884375 0.127393 0.175 0.0531921
1 0.914062 0.851562 0.1375 0.275 0.0267639
1 0.0712891 0.15791 0.142578 0.212695 0.025177
1 0.946875 0.585938 0.103125 0.254687 0.0249939
0 0.0910156 0.0294189 0.0962891 0.0588379 0.0240479
0 0.959375 0.619141 0.0765625 0.324219 0.0164642
1 0.084375 0.152515 0.106055 0.199268 0.0153656
0 0.38584 0.470703 0.42832 0.398438 0.0119629
1 0.208203 0.0601074 0.153906 0.120215 0.00993347
0 0.923437 0.857813 0.1 0.265625 0.00847626
0 0.934375 0.855859 0.08125 0.288281 0.00787354
0 0.971484 0.345313 0.0570313 0.252344 0.0068512
0 0.921875 0.592188 0.151562 0.254687 0.00674438
1 0.138062 0.884375 0.127393 0.175 0.00624084
1 0.39375 0.386719 0.428906 0.579687 0.00621796
0 0.413184 0.305859 0.389258 0.417969 0.00492477
1 0.921875 0.592188 0.151562 0.254687 0.00372124
1 0.0908203 0.0280273 0.104883 0.0560547 0.00365067
0 0.442969 0.455371 0.309375 0.43457 0.00363541
0 0.9125 0.85625 0.090625 0.2875 0.00341606
0 0.417188 0.82832 0.325 0.327734 0.00312424
0 0.0953125 0.0171387 0.160547 0.0336914 0.00288963
0 0.903125 0.624219 0.1875 0.33125 0.0028553
0 0.046106 0.871875 0.0749756 0.184375 0.00282288
0 0.934375 0.658594 0.084375 0.401563 0.00273705
1 0.903125 0.624219 0.1875 0.33125 0.0027256
0 0.0717285 0.187695 0.143457 0.282031 0.00266266
0 0.291211 0.0800781 0.314453 0.160156 0.00263214
0 0.488281 0.946094 0.0828125 0.0953125 0.00252151
0 0.0892578 0.548437 0.178516 0.875 0.00234985
0 0.0692383 0.137207 0.138477 0.258008 0.00231361
1 0.417188 0.82832 0.325 0.327734 0.00221634
0 0.630078 0.434473 0.0734375 0.156055 0.00218201
1 0.959375 0.619141 0.0765625 0.324219 0.00193405
1 0.953906 0.596875 0.0921875 0.273438 0.00190449
0 0.612891 0.828906 0.0734375 0.09375 0.00144958
0 0.983984 0.119238 0.0320312 0.187695 0.00144386
0 0.345703 0.0855957 0.200781 0.171191 0.00141621
0 0.227344 0.541016 0.454688 0.899219 0.00141621
0 0.527344 0.534375 0.754687 0.926562 0.00139904
0 0.342383 0.832031 0.473047 0.314063 0.00139427
1 0.342383 0.832031 0.473047 0.314063 0.00138283
0 0.953906 0.596875 0.0921875 0.273438 0.00123501
0 0.116895 0.0266113 0.208398 0.0532227 0.00117874
0 0.511719 0.036792 0.0828125 0.073584 0.0011692
0 0.0841309 0.0265869 0.168262 0.0531738 0.00112438
0 0.466016 0.379297 0.283594 0.539844 0.00112438
0 0.572656 0.0390625 0.065625 0.078125 0.00112057
0 0.372266 0.851367 0.594531 0.262891 0.0011158
1 0.291211 0.0800781 0.314453 0.160156 0.00104809
0 0.0936523 0.016626 0.10918 0.033252 0.00102425
0 0.0776855 0.453125 0.155371 0.846875 0.00102043
1 0.923437 0.857813 0.1 0.265625 0.00101185
0 0.386328 0.379297 0.442969 0.571094 0.932129
0 0.0794678 0.155664 0.11958 0.205859 0.484375
0 0.0901367 0.331836 0.157227 0.189453 0.125488
0 0.208789 0.0697266 0.146875 0.134961 0.121277
0 0.903125 0.857813 0.165625 0.275 0.0743408
1 0.0803711 0.159375 0.121484 0.197656 0.0700684
1 0.208789 0.0697266 0.146875 0.134961 0.0408325
0 0.944531 0.591797 0.110937 0.260156 0.0258636
1 0.391016 0.375781 0.440625 0.582812 0.0236053
0 0.1375 0.878125 0.132031 0.171875 0.0225372
0 0.0970703 0.0333008 0.120312 0.0666016 0.0176392
0 0.185352 0.100488 0.232422 0.150195 0.0168457
0 0.923437 0.589063 0.15 0.248437 0.0132217
0 0.0774902 0.159961 0.15498 0.203125 0.00894928
1 0.903125 0.857813 0.165625 0.275 0.00888062
1 0.944531 0.591797 0.110937 0.260156 0.008255
0 0.103613 0.86875 0.19668 0.178125 0.00488663
0 0.117212 0.0356201 0.16167 0.0712402 0.00477219
0 0.0944336 0.15127 0.188867 0.214258 0.00457382
0 0.117163 0.106543 0.164111 0.186914 0.00453949
1 0.1375 0.878125 0.132031 0.171875 0.00446701
0 0.236914 0.0754883 0.20625 0.141797 0.00344276
0 0.386719 0.857422 0.407031 0.285156 0.00291252
0 0.206592 0.0679199 0.185254 0.13584 0.00286674
1 0.920313 0.590625 0.153125 0.248437 0.00276756
1 0.0901367 0.331836 0.157227 0.189453 0.00271416
0 0.608594 0.832031 0.084375 0.117188 0.00264168
0 0.155762 0.0341309 0.24082 0.0682617 0.00248146
0 0.95 0.358594 0.0984375 0.302344 0.00204277
0 0.285107 0.0663574 0.349316 0.123535 0.00200272
0 0.341211 0.0561035 0.198828 0.108105 0.00191212
0 0.958594 0.595312 0.0828125 0.259375 0.00186729
0 0.00849609 0.232373 0.0169922 0.122754 0.00177479
0 0.189063 0.0554687 0.241406 0.110937 0.0017004
0 0.084082 0.298438 0.141992 0.192188 0.0016613
0 0.211133 0.0515137 0.138672 0.100879 0.00165462
0 0.301172 0.996094 0.248437 0.0078125 0.00158501
0 0.00845947 0.260742 0.0169189 0.111719 0.00149536
0 0 0.192578 0 0.132812 0.00143814
0 0.000317383 0.879687 0.000634766 0.14375 0.0014267
0 0.257812 0.0671875 0.236719 0.134375 0.00142097
0 0.9625 0.345508 0.075 0.294922 0.00137806
0 0.181445 0.993359 0.285547 0.0132813 0.00133514
0 0.000256348 0.91875 0.000512695 0.129688 0.00131512
0 0 0.217773 0 0.131641 0.00127888
0 0.00865479 0.208008 0.0173096 0.139453 0.00127411
0 0.000219727 0.0287109 0.000439453 0.0574219 0.00126457
0 0 0.0412109 0 0.0824219 0.00123501
0 0 0.0814209 0 0.128174 0.00122547
0 0 0.0600586 0 0.120117 0.00118828
0 0.110352 0.358984 0.198047 0.258594 0.00116062
0 0 0.167383 0 0.133203 0.0011158
0 0 0.244141 0 0.128125 0.0011158
0 0.91875 0.819531 0.1625 0.273438 0.00109863
1 0.0774902 0.159961 0.15498 0.203125 0.00108624
0 0.316016 0.0487793 0.270312 0.0963867 0.00106525
0 0 0.106226 0 0.128174 0.00105667
1 0.185352 0.100488 0.232422 0.150195 0.00103664
0 0.145215 0.0214355 0.29043 0.0428711 0.00102043
1 0.958594 0.595312 0.0828125 0.259375 0.00100803
0 0.378027 0.389941 0.436133 0.538867 0.913574
0 0.377246 0.464844 0.420508 0.395312 0.740234
0 0.0820557 0.151953 0.106592 0.197656 0.33374
0 0.945312 0.585156 0.103125 0.246875 0.108215
1 0.945312 0.585156 0.103125 0.246875 0.0524292
1 0.0820557 0.151953 0.106592 0.197656 0.0510864
0 0.0485229 0.90625 0.0842041 0.1125 0.0428772
0 0.213281 0.0708984 0.144531 0.141016 0.0179138
1 0.381641 0.390625 0.442969 0.542188 0.0146179
0 0.966406 0.354102 0.0671875 0.339453 0.0136337
0 0.047937 0.871875 0.0838135 0.184375 0.0113754
0 0.921875 0.85332 0.103125 0.287109 0.00978088
0 0.0685547 0.161523 0.0988281 0.221484 0.00837708
1 0.213281 0.0708984 0.144531 0.141016 0.00701141
0 0.374609 0.525 0.413281 0.267188 0.00466537
0 0.071875 0.825 0.126563 0.0921875 0.00460815
0 0.0475586 0.820312 0.0886719 0.084375 0.00453949
0 0.159766 0.128711 0.260156 0.214062 0.00452042
0 0.957812 0.605469 0.084375 0.2875 0.00443268
0 0.0592773 0.16084 0.118555 0.212305 0.00390053
1 0.377246 0.464844 0.420508 0.395312 0.00388527
1 0.0485229 0.90625 0.0842041 0.1125 0.00279045
1 0.921875 0.85332 0.103125 0.287109 0.00253105
0 0.278516 0.672266 0.524219 0.257031 0.0024147
1 0.966406 0.354102 0.0671875 0.339453 0.00230598
0 0.0857422 0.130884 0.0970703 0.149951 0.00219917
0 0.320117 0.858984 0.551953 0.282031 0.00171375
0 0.182812 0.0856445 0.214844 0.152344 0.00168133
0 0.319922 0.891406 0.519531 0.214062 0.0016613
0 0.20625 0.878906 0.26875 0.167187 0.00162315
0 0.217627 0.0869141 0.171777 0.167187 0.00158501
0 0.0437988 0.925 0.084668 0.078125 0.00150108
0 0.971875 0.325342 0.05625 0.338379 0.00149536
0 0.976953 0.130078 0.0460938 0.235547 0.00140476
0 0.965625 0.592578 0.06875 0.277344 0.00137234
0 0.364062 0.378027 0.484375 0.576758 0.888184
1 0.95 0.600781 0.096875 0.266406 0.0486755
0 0.0812744 0.155957 0.115967 0.213086 0.0389099
0 0.921875 0.709766 0.140625 0.574219 0.0381165
0 0.944531 0.438965 0.110937 0.558008 0.028595
1 0.944531 0.438965 0.110937 0.558008 0.0285492
1 0.921875 0.709766 0.140625 0.574219 0.0247955
0 0.104492 0.874219 0.19375 0.19375 0.024704
0 0.965625 0.342187 0.06875 0.325 0.0234222
0 0.942578 0.573828 0.114844 0.419531 0.0220337
1 0.942578 0.573828 0.114844 0.419531 0.0217743
0 0.202783 0.0667969 0.147559 0.132227 0.0213623
1 0.889844 0.691406 0.20625 0.617188 0.0161591
0 0.889844 0.691406 0.20625 0.617188 0.0124283
0 0.95 0.600781 0.096875 0.266406 0.0123367
1 0.95625 0.480469 0.0875 0.764063 0.00712204
1 0.932813 0.491016 0.128125 0.575781 0.0069046
0 0.369336 0.451953 0.461328 0.422656 0.0068779
1 0.922266 0.503125 0.155469 0.814062 0.00593567
0 0.932813 0.491016 0.128125 0.575781 0.00575256
1 0.965625 0.335938 0.06875 0.361719 0.00518036
0 0.95625 0.480469 0.0875 0.764063 0.00453949
0 0.922266 0.503125 0.155469 0.814062 0.00402451
1 0.0812744 0.155957 0.115967 0.213086 0.00356483
1 0.935156 0.686328 0.129688 0.627344 0.00341606
1 0.378125 0.391406 0.460938 0.545313 0.00337601
0 0.774219 0.991016 0.451562 0.0179687 0.00322342
0 0.917188 0.781055 0.134375 0.422266 0.00282288
0 0.935156 0.686328 0.129688 0.627344 0.00237846
0 0.966406 0.358984 0.0671875 0.688281 0.00234222
1 0.966406 0.358984 0.0671875 0.688281 0.00213242
0 0.336719 0.798437 0.496875 0.392188 0.00211525
1 0.7875 0.991016 0.425 0.0179687 0.00186729
0 0.189258 0.984766 0.378516 0.0304688 0.0018034
0 0.831445 0.694531 0.327734 0.610937 0.00174141
1 0.336719 0.798437 0.496875 0.392188 0.0017271
1 0.951563 0.485156 0.096875 0.5375 0.00167465
1 0.831445 0.694531 0.327734 0.610937 0.00165462
0 0.818164 0.988281 0.363672 0.0234375 0.00157928
1 0.818164 0.988281 0.363672 0.0234375 0.00149536
1 0.104492 0.874219 0.19375 0.19375 0.00144386
0 0.739844 0.687891 0.473437 0.624219 0.00139904
0 0.691406 0.993359 0.45625 0.0132813 0.00139904
0 0.951563 0.485156 0.096875 0.5375 0.00136185
0 0.995313 0.332617 0.009375 0.408203 0.00134087
0 0.874219 0.996094 0.251563 0.0078125 0.00127888
0 0.50625 0.734766 0.514063 0.521094 0.00127411
0 0.0744141 0.142578 0.148828 0.244531 0.00121117
1 0.202783 0.0667969 0.147559 0.132227 0.00121117
0 0.825 0.992578 0.35 0.0148437 0.00119686
0 0.423047 0.744531 0.340625 0.501562 0.00118828
0 0.84082 0.55 0.302734 0.84375 0.00117397
0 0.544434 0.698438 0.69707 0.596875 0.00115585
1 0.739844 0.687891 0.473437 0.624219 0.00111198
0 0.0895508 0.0313721 0.124414 0.0627441 0.00104046
1 0.544434 0.698438 0.69707 0.596875 0.00101185
0 0.385938 0.374805 0.448438 0.582422 0.881836
0 0.0438599 0.910937 0.0788818 0.109375 0.275879
0 0.0832275 0.154102 0.116357 0.210156 0.173828
0 0.20957 0.0644531 0.146094 0.125781 0.117554
1 0.947656 0.594531 0.0953125 0.2625 0.0803833
0 0.952344 0.600781 0.0953125 0.292188 0.0335999
1 0.0832275 0.154102 0.116357 0.210156 0.0280151
0 0.95 0.705469 0.1 0.525 0.0279083
1 0.954687 0.639063 0.090625 0.485938 0.0255127
0 0.0928955 0.395996 0.166553 0.35332 0.0243378
0 0.966406 0.341406 0.0671875 0.307813 0.0239563
0 0.0991211 0.9 0.193945 0.134375 0.02034
0 0.0899414 0.0293213 0.119922 0.0586426 0.0189056
0 0.0808594 0.910937 0.155469 0.115625 0.0167847
0 0.0436646 0.879687 0.0843506 0.178125 0.00993347
1 0.952734 0.606641 0.0945313 0.33125 0.00867462
0 0.136719 0.875781 0.123438 0.190625 0.00803375
1 0.207373 0.0646973 0.142285 0.125684 0.00784302
0 0.926562 0.846094 0.128125 0.3 0.00743103
1 0.966406 0.341406 0.0671875 0.307813 0.00728989
1 0.9375 0.595312 0.125 0.66875 0.00723267
1 0.945703 0.708203 0.108594 0.583594 0.00664139
1 0.0438599 0.910937 0.0788818 0.109375 0.00664139
1 0.383594 0.374609 0.454688 0.580469 0.00656509
0 0.9375 0.595312 0.125 0.66875 0.00577545
0 0.0583008 0.81875 0.111719 0.08125 0.00518036
0 0.128223 0.00673828 0.256445 0.0134766 0.0045929
0 0.930469 0.764453 0.128125 0.464844 0.00383949
0 0.960547 0.354688 0.0789063 0.464844 0.00380898
0 0.957031 0.573438 0.0859375 0.590625 0.00352478
1 0.957031 0.573438 0.0859375 0.590625 0.00348282
0 0.974219 0.331641 0.0515625 0.283594 0.00332451
0 0.978516 0.123608 0.0429688 0.196924 0.00316048
0 0.0926025 0.873438 0.179248 0.19375 0.00214958
0 0.0208496 0.394531 0.0416992 0.401563 0.00202751
0 0.959766 0.507031 0.0804688 0.734375 0.00198746
1 0.960547 0.354688 0.0789063 0.464844 0.00186729
0 0.23667 0.070752 0.204785 0.132715 0.0018034
0 0.965234 0.324609 0.0695312 0.514844 0.00162315
0 0.182422 0.00625 0.364844 0.0125 0.0015192
1 0.926562 0.846094 0.128125 0.3 0.00144958
0 0.749609 0.0081543 0.500781 0.0163086 0.00143814
0 0.615625 0.826758 0.0765625 0.112109 0.00137806
1 0.930469 0.764453 0.128125 0.464844 0.00134087
1 0.959766 0.507031 0.0804688 0.734375 0.00122547
0 0.475781 0.0413208 0.157813 0.080249 0.00119686
0 0.797266 0.00888672 0.405469 0.0177734 0.00102425
0 0.0464355 0.928125 0.0790039 0.06875 0.00101662
0 0.391016 0.385938 0.441406 0.546875 0.882812
0 0.119043 0.878125 0.173242 0.190625 0.222656
0 0.0824219 0.149609 0.115234 0.189453 0.187134
0 0.208398 0.0633789 0.137109 0.120312 0.117188
0 0.142969 0.885938 0.119531 0.175 0.0827026
0 0.0892822 0.381348 0.162061 0.338867 0.0639648
0 0.280469 0.878125 0.117188 0.16875 0.0470886
0 0.946094 0.574609 0.107813 0.2625 0.0464783
1 0.95 0.585938 0.1 0.25625 0.0273743
1 0.0836182 0.155566 0.110107 0.203711 0.0266571
0 0.0618652 0.857813 0.103809 0.159375 0.0198669
0 0.0467773 0.875 0.0753906 0.195312 0.0189819
0 0.932031 0.566016 0.135937 0.328906 0.0112457
1 0.96875 0.356641 0.0625 0.289062 0.00751877
0 0.0681152 0.821094 0.116699 0.0859375 0.00723267
0 0.96875 0.356641 0.0625 0.289062 0.00638962
0 0.0483276 0.904688 0.0763916 0.121875 0.00609589
0 0.249219 0.878125 0.173047 0.184375 0.00553513
0 0.962109 0.339453 0.0757812 0.424219 0.00551224
1 0.143164 0.8875 0.117969 0.18125 0.00530243
1 0.208398 0.0633789 0.137109 0.120312 0.0051384
1 0.280469 0.878125 0.117188 0.16875 0.00438309
1 0.112402 0.876562 0.187695 0.190625 0.0041008
0 0.921875 0.49209 0.15625 0.629883 0.00403976
1 0.391797 0.383594 0.441406 0.540625 0.00387001
0 0.93125 0.720312 0.11875 0.557813 0.00365067
1 0.932031 0.566016 0.135937 0.328906 0.00230598
0 0.952344 0.449219 0.0953125 0.569531 0.00221634
0 0.0916992 0.0281738 0.108594 0.0563477 0.00211525
0 0.45459 0.824805 0.250195 0.347266 0.00209999
0 0.0730957 0.876562 0.11377 0.19375 0.00208282
0 0.579297 0.042334 0.0695312 0.0764648 0.0020752
0 0.0172852 0.432031 0.0345703 0.490625 0.00199509
0 0.907812 0.702734 0.159375 0.591406 0.0018034
1 0.962109 0.339453 0.0757812 0.424219 0.00166798
0 0.872656 0.542188 0.25 0.770312 0.00163555
0 0.383594 0.769531 0.117188 0.107813 0.00162315
1 0.0467773 0.875 0.0753906 0.195312 0.00157356
0 0.382031 0.896094 0.0992187 0.142188 0.0015192
0 0.91875 0.800781 0.134375 0.385938 0.00138855
1 0.921875 0.49209 0.15625 0.629883 0.00137806
0 0.135718 0.854688 0.130518 0.15 0.00133514
0 0.585938 0.0423828 0.0976562 0.0785156 0.00130463
0 0.439844 0.0316406 0.0609375 0.0632813 0.0012207
0 0.119141 0.43125 0.205078 0.470313 0.00117397
0 0.509766 0.0387695 0.0882813 0.0746094 0.0011692
0 0.308984 0.0196777 0.120312 0.0393555 0.00115585
0 0.373633 0.774219 0.120703 0.0859375 0.0011158
0 0.106055 0.0662109 0.144141 0.132422 0.00104809
0 0.910937 0.360742 0.15625 0.503516 0.00104427
1 0.0890625 0.391016 0.164453 0.346094 0.00103664
0 0.383594 0.387109 0.45 0.560156 0.875977
0 0.951172 0.584766 0.0976562 0.246094 0.588867
0 0.0850586 0.164453 0.117773 0.219531 0.0568542
0 0.926562 0.861328 0.1125 0.277344 0.0402527
0 0.967969 0.338672 0.0625 0.286719 0.035553
0 0.280859 0.89375 0.128906 0.196875 0.0250854
1 0.95 0.590625 0.1 0.240625 0.0210419
0 0.0854492 0.873438 0.157813 0.196875 0.00717545
0 0.20918 0.0634766 0.140234 0.126953 0.00605011
1 0.383594 0.387109 0.45 0.560156 0.0053215
0 0.0572754 0.873438 0.103223 0.190625 0.00441742
0 0.140625 0.8875 0.125 0.178125 0.0039444
0 0.9375 0.586719 0.121875 0.271875 0.00319672
1 0.0850586 0.164453 0.117773 0.219531 0.00282288
1 0.923437 0.854688 0.121875 0.2875 0.00281143
1 0.967969 0.338672 0.0625 0.286719 0.00182438
1 0.9375 0.586719 0.121875 0.271875 0.00139904
0 0.385938 0.383594 0.458594 0.557813 0.873047
0 0.951563 0.573828 0.096875 0.263281 0.199951
1 0.951563 0.573828 0.096875 0.263281 0.0440063
0 0.0855713 0.151392 0.103467 0.199561 0.0368958
0 0.209766 0.0614258 0.140234 0.119336 0.0185394
0 0.968359 0.305469 0.0632813 0.328125 0.0173798
0 0.924219 0.84082 0.110937 0.293359 0.011116
1 0.0855713 0.151392 0.103467 0.199561 0.0104904
1 0.968359 0.305469 0.0632813 0.328125 0.00905609
1 0.924219 0.84082 0.110937 0.293359 0.00772476
0 0.280273 0.873438 0.120703 0.198437 0.00340271
0 0.0935547 0.0291992 0.115234 0.0563477 0.00317192
0 0.0688477 0.871875 0.125586 0.19375 0.00279999
0 0.142676 0.88125 0.124805 0.1875 0.00157356
0 0.281641 0.9875 0.121484 0.025 0.00117397
0 0.932813 0.587891 0.13125 0.258594 0.0011425
1 0.385938 0.383594 0.458594 0.557813 0.00110722
0 0.156543 0.983594 0.117383 0.0328125 0.00103188
0 0.387891 0.387891 0.453906 0.546875 0.90625
0 0.95 0.586328 0.1 0.244531 0.20752
0 0.0795898 0.160352 0.112695 0.199609 0.0966797
1 0.947656 0.588281 0.103125 0.240625 0.0472412
0 0.920313 0.85332 0.1125 0.277734 0.00993347
0 0.0884766 0.391016 0.165039 0.410937 0.00760651
1 0.0808838 0.155859 0.109717 0.203906 0.00666809
1 0.920313 0.85332 0.1125 0.277734 0.00582123
1 0.388281 0.393359 0.451562 0.545313 0.00559998
0 0.965234 0.337305 0.0695312 0.270703 0.00475693
0 0.206836 0.0607422 0.135547 0.121484 0.00402451
0 0.0854736 0.446875 0.168115 0.65625 0.00323486
0 0.932813 0.590234 0.128125 0.263281 0.00221634
0 0.0887695 0.0298828 0.117773 0.0597656 0.00187492
0 0.0856445 0.380078 0.153711 0.288281 0.00135612
1 0.968359 0.335742 0.0632813 0.273828 0.00117874
0 0.387891 0.387891 0.453906 0.546875 0.90625
0 0.95 0.586328 0.1 0.244531 0.20813
0 0.0795898 0.160327 0.112695 0.199658 0.0970459
1 0.947656 0.588281 0.103125 0.240625 0.0470886
0 0.920313 0.85332 0.1125 0.277734 0.0101318
0 0.0884766 0.391016 0.165039 0.410156 0.00775528
1 0.0807617 0.155859 0.10957 0.203906 0.00671768
1 0.920313 0.85332 0.1125 0.277734 0.00588989
1 0.387891 0.393359 0.451562 0.545313 0.00566483
0 0.965234 0.337305 0.0695312 0.270703 0.00479126
0 0.206689 0.0607422 0.13584 0.121484 0.00403976
0 0.0855469 0.446875 0.168164 0.654688 0.00328636
0 0.932813 0.590234 0.128125 0.263281 0.00223351
0 0.0887695 0.029834 0.117773 0.059668 0.00188255
0 0.0856445 0.380078 0.153711 0.288281 0.00136185
1 0.968359 0.335742 0.0632813 0.273828 0.00118828
