0 0.446875 0.453516 0.759375 0.547656 0.490234
1 0.459277 0.440234 0.77207 0.569531 0.269043
0 0.821094 0.178711 0.1375 0.0945313 0.241455
0 0.817383 0.154492 0.143359 0.138281 0.0680542
1 0.823633 0.174902 0.133984 0.103711 0.0319824
0 0.954687 0.144434 0.084375 0.0681641 0.0162811
1 0.817383 0.154492 0.143359 0.138281 0.0103302
0 0.8375 0.173242 0.10625 0.108203 0.00831604
1 0.954687 0.144434 0.084375 0.0681641 0.00806427
0 0.79043 0.149121 0.206641 0.146289 0.00588989
0 0.596484 0.457031 0.464844 0.5375 0.0055542
0 0.851562 0.175 0.08125 0.102344 0.00411606
1 0.79043 0.149121 0.206641 0.146289 0.00402451
0 0.854688 0.182227 0.0625 0.114453 0.00363541
0 0.81543 0.13916 0.181641 0.139648 0.00299263
0 0.865625 0.190625 0.04375 0.129688 0.00282288
0 0.855469 0.155664 0.273438 0.120312 0.00197983
0 0.0700684 0.270752 0.130957 0.336621 0.00192642
0 0.955469 0.149512 0.0890625 0.100195 0.00187492
1 0.81543 0.13916 0.181641 0.139648 0.00171375
1 0.730469 0.211523 0.109375 0.21875 0.00168705
0 0.0748535 0.0506348 0.0829102 0.0995117 0.0016613
0 0.939062 0.0550781 0.121875 0.110156 0.00161076
0 0.951563 0.186523 0.096875 0.182422 0.00160408
1 0.855469 0.155664 0.273438 0.120312 0.00159168
0 0.953125 0.070459 0.09375 0.13584 0.00157356
1 0.596484 0.457031 0.464844 0.5375 0.00154877
0 0.841992 0.244189 0.278516 0.32334 0.00138855
0 0.967188 0.157397 0.065625 0.168408 0.00126934
1 0.0748535 0.0506348 0.0829102 0.0995117 0.00120163
0 0.966016 0.0869141 0.0679687 0.173828 0.00117874
1 0.946875 0.175 0.0953125 0.125391 0.00115108
0 0.226562 0.776172 0.453125 0.447656 0.00115108
0 0.845312 0.0889648 0.304688 0.114648 0.00113392
0 0.771484 0.140625 0.267969 0.146094 0.00111198
0 0.730469 0.211523 0.109375 0.21875 0.00109005
0 0.925781 0.0382813 0.148438 0.0765625 0.00106907
0 0.945312 0.143945 0.065625 0.0492188 0.00106525
0 0.152148 0.779883 0.304297 0.433984 0.00106049
1 0.955469 0.149512 0.0890625 0.100195 0.00106049
0 0.0298584 0.0428711 0.0597168 0.0857422 0.00104046
0 0.957812 0.0460938 0.084375 0.0921875 0.00103664
1 0.0700684 0.270752 0.130957 0.336621 0.00100803
0 0.476172 0.460059 0.794531 0.533008 0.759766
1 0.463281 0.461621 0.767187 0.533008 0.10614
0 0.684375 0.488281 0.29375 0.479688 0.0145569
0 0.822656 0.176953 0.134375 0.102344 0.00891876
0 0.358594 0.453125 0.561719 0.514063 0.00519943
1 0.684375 0.488281 0.29375 0.479688 0.00443268
0 0.958594 0.146875 0.08125 0.0757812 0.00332451
0 0.951953 0.141504 0.0960938 0.0623047 0.003088
0 0.710156 0.531934 0.246875 0.398633 0.00266266
1 0.822656 0.176953 0.134375 0.102344 0.00253105
1 0.710156 0.531934 0.246875 0.398633 0.00154877
0 0.613672 0.465625 0.425781 0.517187 0.00154305
0 0.96875 0.147949 0.0578125 0.0787109 0.00136662
0 0.454688 0.457129 0.76875 0.537305 0.888184
0 0.567187 0.456934 0.526563 0.526758 0.0722656
1 0.454785 0.45166 0.760742 0.526367 0.037262
0 0.886719 0.897656 0.090625 0.196875 0.00867462
0 0.786133 0.820508 0.0871094 0.340234 0.00598145
0 0.78418 0.832812 0.159766 0.334375 0.00473785
1 0.886719 0.897656 0.090625 0.196875 0.00429916
0 0.649219 0.461328 0.354688 0.53125 0.00428009
0 0.949219 0.150879 0.0921875 0.0833984 0.0037365
1 0.786133 0.820508 0.0871094 0.340234 0.00329781
0 0.721094 0.816406 0.109375 0.260938 0.00309944
0 0.891406 0.8625 0.0921875 0.264062 0.00273705
0 0.875 0.798242 0.159375 0.369141 0.00256157
0 0.422266 0.666016 0.502344 0.110937 0.00203514
0 0.826758 0.814062 0.180859 0.360938 0.00201035
0 0.89375 0.826563 0.10625 0.33125 0.00201035
0 0.810156 0.901563 0.0875 0.190625 0.0019722
0 0.865625 0.781445 0.1 0.390234 0.00181007
1 0.78418 0.832812 0.159766 0.334375 0.00174809
0 0.885938 0.930078 0.09375 0.139844 0.00169373
0 0.607031 0.783008 0.139062 0.124609 0.00151253
1 0.86875 0.804883 0.103125 0.390234 0.00150108
0 0.780469 0.792969 0.084375 0.2625 0.00146675
0 0.430859 0.674219 0.383594 0.109375 0.00133514
0 0.921875 0.782031 0.0703125 0.325 0.00130939
1 0.891406 0.8625 0.0921875 0.264062 0.00129986
0 0.229297 0.691797 0.457031 0.616406 0.00127411
1 0.875 0.798242 0.159375 0.369141 0.00124454
0 0.613281 0.935938 0.16875 0.128125 0.00115585
0 0.000244141 0.935938 0.000488281 0.114063 0.00112438
0 0.000415039 0.957031 0.000830078 0.0859375 0.00112438
0 0.88125 0.972656 0.10625 0.0546875 0.0011158
0 0.449219 0.324219 0.751562 0.28125 0.00111198
0 0.000366211 0.714453 0.000732422 0.101562 0.00108147
1 0.721094 0.816406 0.109375 0.260938 0.00108147
0 0.000488281 0.646484 0.000976562 0.0859375 0.00106525
0 0.928906 0.823242 0.0765625 0.287891 0.00106049
0 0.225 0.898828 0.4375 0.202344 0.00105667
0 0.000341797 0.69375 0.000683594 0.121875 0.00105667
0 0.454297 0.467578 0.791406 0.5125 0.874512
0 0.817187 0.174609 0.140625 0.0929687 0.145142
1 0.453125 0.414453 0.7875 0.449219 0.0379028
0 0.486035 0.130566 0.22793 0.134961 0.0182648
0 0.95 0.151367 0.0875 0.078125 0.0167847
0 0.391016 0.666406 0.257031 0.124219 0.00891876
1 0.817187 0.174609 0.140625 0.0929687 0.00695801
0 0.318359 0.431641 0.492969 0.475 0.00682449
0 0.465625 0.554688 0.725 0.339844 0.00643921
0 0.247852 0.448828 0.355078 0.463281 0.00322342
0 0.137012 0.960938 0.274023 0.06875 0.00309944
1 0.486035 0.130566 0.22793 0.134961 0.00270462
0 0.412109 0.614844 0.694531 0.229687 0.0024929
0 0.442187 0.665234 0.332812 0.124219 0.00235939
0 0.328516 0.636719 0.510156 0.183594 0.00201988
0 0.958203 0.15293 0.0835937 0.0640625 0.0017271
1 0.391016 0.666406 0.257031 0.124219 0.00163555
0 0.799219 0.162305 0.2 0.114844 0.00150681
0 0.964844 0.200391 0.0671875 0.216797 0.00146103
0 0.183008 0.964063 0.366016 0.06875 0.00142097
0 0.996094 0.172949 0.0078125 0.333789 0.0012598
0 0.331445 0.662891 0.351172 0.117188 0.00123501
0 0.992578 0.253564 0.0148437 0.311621 0.00121117
0 0.397266 0.664844 0.691406 0.134375 0.00116539
0 0.23457 0.953906 0.441797 0.0921875 0.00106525
0 0.446973 0.462109 0.75293 0.553125 0.918945
0 0.440527 0.5625 0.73457 0.351562 0.0464783
0 0.241406 0.889063 0.416406 0.221875 0.00426483
0 0.948438 0.146191 0.1 0.0810547 0.00358009
1 0.446973 0.462109 0.75293 0.553125 0.00212479
0 0.908203 0.996875 0.183594 0.00625 0.00183105
0 0.854688 0.996875 0.290625 0.00625 0.0017271
0 0.937891 0.151172 0.124219 0.0632813 0.00158501
0 0.142383 0.967188 0.284766 0.065625 0.00157356
0 0.810156 0.761719 0.285937 0.476562 0.00130463
0 0.798437 0.15166 0.190625 0.162305 0.0012846
0 0.194971 0.9125 0.381152 0.175 0.00115108
0 0.772656 0.15 0.257812 0.171875 0.00112438
0 0.710938 0.996484 0.3875 0.00703125 0.00104427
0 0.453027 0.455859 0.764258 0.552344 0.902832
0 0.822656 0.173633 0.139062 0.103906 0.100525
0 0.951563 0.148145 0.090625 0.0783203 0.0420837
1 0.457031 0.45625 0.767187 0.55625 0.0118713
0 0.233203 0.774609 0.107031 0.0914062 0.00844574
1 0.82168 0.174609 0.141016 0.104687 0.005867
0 0.818945 0.166992 0.165234 0.127344 0.00266266
0 0.851562 0.170605 0.0875 0.0966797 0.00256157
0 0.895312 0.059668 0.20625 0.116016 0.00226974
0 0.127148 0.953125 0.254297 0.0875 0.0016613
0 0.96875 0.151172 0.059375 0.0761719 0.00157356
1 0.951563 0.148145 0.090625 0.0783203 0.00148964
0 0.769531 0.102539 0.159375 0.0623047 0.00117397
0 0.453223 0.457422 0.756055 0.548437 0.884277
0 0.825781 0.177002 0.140625 0.0967773 0.0739746
1 0.452734 0.453125 0.757031 0.546875 0.0492249
0 0.800781 0.171191 0.214062 0.103711 0.00948334
1 0.821875 0.176758 0.1375 0.0964844 0.00453949
0 0.846094 0.171875 0.09375 0.0933594 0.00390053
0 0.951563 0.15 0.0953125 0.0726563 0.00292397
0 0.9125 0.489746 0.140625 0.25332 0.00279999
0 0.23125 0.774219 0.109375 0.08125 0.00196457
0 0.163672 0.957422 0.313281 0.0851562 0.0016613
0 0.909375 0.417578 0.15 0.278125 0.0015974
0 0.9 0.369922 0.171875 0.288281 0.00150681
1 0.807031 0.170996 0.204688 0.10332 0.00114727
0 0.0757812 0.289453 0.140234 0.216406 0.0011425
0 0.823242 0.189844 0.156641 0.0722656 0.00112057
1 0.182617 0.957031 0.341016 0.0859375 0.00102425
0 0.443848 0.460938 0.762305 0.534375 0.859863
0 0.820312 0.177002 0.140625 0.0959961 0.0178528
1 0.446875 0.46084 0.760938 0.539258 0.0088501
0 0.954687 0.143945 0.090625 0.0847656 0.00257111
0 0.419922 0.671094 0.277344 0.13125 0.00236893
0 0.624219 0.463379 0.410937 0.524805 0.00108147
0 0.475781 0.135449 0.2 0.139648 0.00100803
0 0.452344 0.457422 0.757812 0.542188 0.909668
1 0.45 0.456934 0.75625 0.539258 0.0120544
0 0.824219 0.174707 0.1375 0.0990234 0.00419998
0 0.95 0.144629 0.0921875 0.0806641 0.0029583
0 0.664062 0.458496 0.33125 0.54082 0.00152493
0 0.452246 0.460156 0.761133 0.544531 0.92627
1 0.448438 0.466309 0.7625 0.537695 0.00399017
0 0.817969 0.173242 0.145313 0.101953 0.00391388
0 0.650781 0.467969 0.354688 0.517187 0.00202751
0 0.452246 0.459766 0.761133 0.544531 0.92627
1 0.448535 0.466309 0.762305 0.537695 0.00402451
0 0.817969 0.173242 0.145313 0.101953 0.00397491
0 0.650781 0.467969 0.353125 0.517187 0.00201988
