0 0.394141 0.507031 0.201562 0.220313 0.643555
0 0.489844 0.754687 0.117969 0.123438 0.349609
1 0.489844 0.754687 0.117969 0.123438 0.078064
1 0.394141 0.507031 0.201562 0.220313 0.0486755
0 0.529297 0.758594 0.0453125 0.132812 0.00695801
0 0.519922 0.754687 0.0585938 0.132812 0.00298119
0 0.5125 0.752344 0.0828125 0.132812 0.00216484
0 0.498828 0.844727 0.160938 0.310547 0.0020752
0 0.341797 0.742188 0.438281 0.19375 0.00161076
0 0.557813 0.841992 0.276563 0.316016 0.00153637
0 0.467187 0.50625 0.0453125 0.161719 0.00150108
0 0.557813 0.337109 0.542188 0.649219 0.0014782
0 0.463281 0.758203 0.0570313 0.124219 0.00142097
0 0.326172 0.358984 0.371875 0.524219 0.00131512
0 0.394531 0.764844 0.344531 0.171875 0.00129414
0 0.490625 0.697656 0.142188 0.232812 0.0011692
0 0.386719 0.318555 0.500781 0.605078 0.00100422
0 0.392188 0.507812 0.202344 0.21875 0.884766
0 0.490234 0.751562 0.13125 0.128125 0.799316
1 0.495313 0.752344 0.121875 0.125 0.0783691
1 0.39375 0.508203 0.204688 0.216406 0.0231476
0 0.514063 0.737891 0.0835937 0.107031 0.0141754
0 0.471875 0.402734 0.86875 0.797656 0.00800323
0 0.491797 0.768359 0.127344 0.0867188 0.00698471
0 0.514063 0.730469 0.08125 0.0734375 0.00669098
0 0.591504 0.454688 0.676367 0.878125 0.00614548
0 0.508594 0.760156 0.090625 0.107813 0.00453949
0 0.524609 0.73125 0.0578125 0.0734375 0.00279999
0 0.522656 0.757031 0.0625 0.126563 0.0024147
0 0.491016 0.7125 0.127344 0.196875 0.00195694
0 0.398828 0.569141 0.161719 0.0867188 0.00162315
0 0.500781 0.774219 0.0859375 0.0859375 0.00144958
0 0.496875 0.818945 0.208594 0.268359 0.00113392
0 0.436719 0.510938 0.298438 0.223438 0.00106049
0 0.387402 0.510156 0.204883 0.2125 0.791992
0 0.660156 0.312891 0.639063 0.625781 0.540039
0 0.491406 0.754297 0.121094 0.124219 0.451416
1 0.491406 0.754297 0.121094 0.124219 0.140381
0 0.7125 0.396484 0.532812 0.792969 0.0453491
0 0.457812 0.261328 0.8375 0.500781 0.0421753
1 0.387402 0.510156 0.204883 0.2125 0.0170441
1 0.660156 0.312891 0.639063 0.625781 0.00720596
0 0.506641 0.746484 0.164062 0.146094 0.00498199
0 0.499219 0.124023 0.935938 0.248047 0.00302696
0 0.308398 0.756641 0.539453 0.157031 0.00279045
0 0.240234 0.660937 0.480469 0.592188 0.00176811
0 0.554004 0.294141 0.787305 0.583594 0.00173378
0 0.385938 0.217187 0.751562 0.423438 0.00159168
0 0.516797 0.703125 0.253125 0.235938 0.00146675
0 0.333203 0.732813 0.529688 0.185937 0.00128937
0 0.498437 0.101855 0.921875 0.203711 0.0012846
0 0.996484 0.0392578 0.00703125 0.0785156 0.00116062
0 0.995703 0.935938 0.00859375 0.128125 0.00109863
0 0.494141 0.841406 0.185156 0.295312 0.00106525
0 0.264453 0.568359 0.528906 0.447656 0.00103664
0 0.996094 0.89375 0.0078125 0.153125 0.00101662
0 0.394141 0.50625 0.204688 0.2125 0.834961
0 0.490625 0.75625 0.125 0.125 0.686035
0 0.466406 0.751562 0.08125 0.103125 0.0535889
1 0.489062 0.752734 0.125781 0.122656 0.0346069
1 0.392188 0.507422 0.198437 0.213281 0.0287018
0 0.475781 0.762891 0.0929687 0.0992187 0.00441742
0 0.4625 0.7375 0.0648438 0.078125 0.00408554
0 0.51875 0.739062 0.0765625 0.0765625 0.00234222
0 0.509375 0.746875 0.167187 0.139062 0.00133514
0 0.485156 0.773828 0.1125 0.0882813 0.00116062
0 0.492969 0.82793 0.14375 0.284766 0.00102425
0 0.394434 0.508984 0.198633 0.2125 0.814453
0 0.489844 0.754687 0.13125 0.13125 0.779785
1 0.394434 0.508984 0.198633 0.2125 0.0285492
1 0.492969 0.753906 0.134375 0.13125 0.0245667
0 0.516797 0.748438 0.0742188 0.117188 0.00636292
0 0.453125 0.748438 0.0453125 0.103125 0.0030632
0 0.460938 0.75625 0.059375 0.129688 0.00294685
0 0.534766 0.747266 0.0289063 0.124219 0.00260162
0 0.505078 0.728125 0.103125 0.0765625 0.00114727
0 0.491406 0.792969 0.117188 0.0609375 0.00109482
0 0.504687 0.742969 0.1 0.107813 0.00105667
0 0.396973 0.511719 0.206055 0.21875 0.900391
0 0.492578 0.754687 0.133594 0.129688 0.837402
1 0.492578 0.754687 0.133594 0.129688 0.0301056
0 0.49375 0.778906 0.0875 0.084375 0.0108566
0 0.498437 0.740625 0.1125 0.103125 0.00978088
0 0.522656 0.738672 0.065625 0.102344 0.00867462
0 0.508203 0.780469 0.0617188 0.084375 0.00591278
1 0.398047 0.514063 0.207031 0.215625 0.00540543
0 0.463281 0.746484 0.053125 0.0976562 0.0042305
0 0.535156 0.746094 0.0390625 0.104687 0.00400543
0 0.457812 0.752734 0.0382813 0.114844 0.00374985
0 0.489062 0.792383 0.0890625 0.0652344 0.00367928
0 0.442578 0.749609 0.0203125 0.102344 0.00362206
0 0.513672 0.730859 0.0882813 0.0882813 0.00349617
0 0.153613 0.00737305 0.307227 0.0147461 0.00279999
0 0.691797 0.00771484 0.542969 0.0154297 0.00273705
0 0.268945 0.0076416 0.537891 0.0152832 0.00236893
0 0.760547 0.00766602 0.478906 0.015332 0.00221634
0 0.532812 0.736719 0.0484375 0.09375 0.00219154
0 0.59209 0.00775146 0.543945 0.0155029 0.00211525
0 0.475 0.753516 0.0828125 0.113281 0.00208282
0 0.219141 0.0076416 0.438281 0.0152832 0.00204277
0 0.367383 0.00769043 0.543359 0.0153809 0.00183868
0 0.492578 0.00770264 0.54375 0.0154053 0.00177479
0 0.812109 0.0072998 0.375781 0.0145996 0.0016613
0 0.515234 0.760156 0.075 0.117188 0.0015974
0 0.509375 0.792383 0.053125 0.0621094 0.00143242
0 0.536719 0.754297 0.028125 0.119531 0.0012846
0 0.476562 0.770312 0.0765625 0.09375 0.00109863
0 0.466016 0.738281 0.065625 0.0890625 0.00106907
0 0.0898438 0.0110107 0.179688 0.0220215 0.00105667
0 0.118164 0.00852051 0.236328 0.017041 0.00100803
0 0.39541 0.510938 0.204492 0.21875 0.771973
0 0.494922 0.755469 0.122656 0.129688 0.476562
1 0.393848 0.510938 0.204492 0.217187 0.0253754
0 0.467969 0.763281 0.0671875 0.128125 0.0100098
1 0.489453 0.753516 0.133594 0.136719 0.00891876
0 0.449609 0.763281 0.0382813 0.125 0.00564194
0 0.452734 0.746094 0.04375 0.096875 0.00264168
0 0.476562 0.754687 0.090625 0.114063 0.0011158
0 0.378516 0.75 0.371875 0.154687 0.00101662
0 0.492969 0.754687 0.123438 0.134375 0.907227
0 0.390625 0.510938 0.200781 0.215625 0.819824
1 0.492969 0.754687 0.123438 0.134375 0.00941467
1 0.390625 0.510938 0.200781 0.215625 0.00466537
0 0.347656 0.750781 0.444531 0.170312 0.00192642
0 0.491016 0.776758 0.0945313 0.0871094 0.00116062
0 0.395312 0.510938 0.198437 0.21875 0.84375
0 0.492969 0.755469 0.123438 0.13125 0.741699
1 0.492188 0.755469 0.126563 0.13125 0.0137939
1 0.393652 0.515234 0.193945 0.217969 0.00837708
0 0.466016 0.751172 0.0671875 0.105469 0.00656509
0 0.451562 0.751172 0.046875 0.103906 0.00390053
0 0.393359 0.510938 0.2 0.216406 0.823242
0 0.488281 0.753906 0.128125 0.135937 0.684082
1 0.392188 0.513281 0.196875 0.21875 0.0133286
1 0.488281 0.753906 0.128125 0.135937 0.0124283
0 0.393359 0.510938 0.2 0.217187 0.823242
0 0.488281 0.753516 0.128125 0.136719 0.684082
1 0.392188 0.513281 0.196875 0.21875 0.0134277
1 0.488281 0.753516 0.128125 0.136719 0.0125275
