0 0.904297 0.39375 0.191406 0.488281 0.366699
0 0.516406 0.517969 0.967188 0.910937 0.267334
1 0.516406 0.517969 0.967188 0.910937 0.11554
0 0.66875 0.637598 0.459375 0.668555 0.044342
1 0.904297 0.39375 0.191406 0.488281 0.037323
0 0.599609 0.571484 0.600781 0.696094 0.0211182
0 0.549219 0.541797 0.554688 0.907031 0.0164642
0 0.875781 0.80918 0.248437 0.372266 0.0162201
0 0.223438 0.559766 0.420312 0.667969 0.0133743
1 0.66875 0.637598 0.459375 0.668555 0.0117798
0 0.430078 0.584375 0.839844 0.753125 0.0100937
0 0.566309 0.220313 0.393945 0.3125 0.00679779
0 0.941016 0.420312 0.117969 0.548437 0.00595856
1 0.549219 0.541797 0.554688 0.907031 0.00542831
0 0.939062 0.49375 0.121875 0.734375 0.00471878
0 0.172461 0.521777 0.340234 0.576758 0.00432968
0 0.577344 0.617969 0.401563 0.710938 0.00432968
1 0.599609 0.571484 0.600781 0.696094 0.00399017
0 0.542578 0.428516 0.450781 0.721094 0.00388527
1 0.577344 0.617969 0.401563 0.710938 0.00383949
0 0.457812 0.516406 0.611719 0.932813 0.00282288
1 0.875781 0.80918 0.248437 0.372266 0.00281143
1 0.223438 0.559766 0.420312 0.667969 0.00239754
1 0.449121 0.505469 0.695508 0.884375 0.00234222
0 0.558984 0.492969 0.700781 0.775 0.00216484
0 0.941797 0.528125 0.116406 0.182812 0.00162315
0 0.948047 0.487402 0.103906 0.298633 0.00154877
0 0.351953 0.516797 0.672656 0.589844 0.00146103
0 0.505566 0.777344 0.501367 0.44375 0.00140476
0 0.416309 0.771875 0.32207 0.421875 0.00126934
0 0.843555 0.402441 0.312891 0.520117 0.00123978
1 0.939062 0.49375 0.121875 0.734375 0.00115585
0 0.741406 0.953516 0.153125 0.0929687 0.00108147
0 0.0648438 0.8625 0.129688 0.253125 0.00103664
0 0.565625 0.215039 0.39375 0.291016 0.759766
0 0.903906 0.386035 0.192188 0.476367 0.699219
0 0.676562 0.437109 0.404687 0.249219 0.594727
1 0.503125 0.730859 0.514063 0.538281 0.344238
0 0.903906 0.311914 0.189063 0.324609 0.286865
0 0.944141 0.385156 0.111719 0.469531 0.284668
0 0.238281 0.413184 0.429688 0.36582 0.179565
0 0.237891 0.517969 0.433594 0.579687 0.149048
1 0.675 0.440625 0.409375 0.239063 0.140137
1 0.244531 0.6125 0.453125 0.775 0.0667114
1 0.903906 0.386035 0.192188 0.476367 0.0615234
1 0.565625 0.215039 0.39375 0.291016 0.0611877
1 0.559375 0.6625 0.364062 0.425 0.049408
1 0.239844 0.460938 0.439844 0.466406 0.0315552
1 0.567969 0.600781 0.375 0.3 0.0278015
1 0.944141 0.385156 0.111719 0.469531 0.0269623
0 0.941406 0.505469 0.114063 0.232812 0.0254669
0 0.550391 0.603906 0.338281 0.31875 0.0253296
1 0.903906 0.311914 0.189063 0.324609 0.0174408
1 0.417188 0.612793 0.807813 0.774414 0.011467
0 0.559375 0.6625 0.364062 0.425 0.01017
0 0.240234 0.35332 0.420312 0.256641 0.00908661
0 0.609375 0.410156 0.315625 0.28125 0.00831604
0 0.726953 0.951172 0.244531 0.0976562 0.00674438
0 0.548047 0.725 0.410156 0.55 0.00577545
1 0.421191 0.757422 0.64668 0.485156 0.00570679
0 0.471875 0.521875 0.192188 0.151562 0.00542831
0 0.266797 0.613379 0.478125 0.773242 0.00482941
1 0.455859 0.782812 0.510156 0.421875 0.00407028
0 0.491797 0.538281 0.216406 0.173438 0.00349617
1 0.239648 0.384375 0.424609 0.313281 0.00311089
1 0.609375 0.410156 0.315625 0.28125 0.00248146
1 0.941406 0.505469 0.114063 0.232812 0.00237846
1 0.632812 0.764844 0.271875 0.45625 0.00235939
1 0.687891 0.632812 0.624219 0.715625 0.00234985
0 0.571094 0.297852 0.389062 0.468359 0.00234985
1 0.676562 0.560059 0.432813 0.483008 0.00217438
0 0.688672 0.21543 0.147656 0.230859 0.00206757
0 0.344727 0.653906 0.194922 0.173438 0.00201988
1 0.528125 0.855469 0.480469 0.28125 0.00200272
1 0.346094 0.93125 0.582812 0.13125 0.0017004
1 0.881055 0.79668 0.234766 0.347266 0.00164223
0 0.685156 0.641406 0.498437 0.679688 0.00159168
0 0.915625 0.277686 0.165625 0.263379 0.00153637
0 0.942187 0.447656 0.115625 0.353906 0.00150108
0 0.676562 0.560059 0.432813 0.483008 0.0014267
1 0.650781 0.621484 0.510938 0.582031 0.00136662
1 0.571094 0.297852 0.389062 0.468359 0.0012598
0 0.417188 0.612793 0.807813 0.774414 0.00123978
0 0.932031 0.235938 0.135937 0.178516 0.00102425
0 0.389844 0.528125 0.779688 0.9125 0.776855
0 0.901563 0.326953 0.189063 0.353906 0.210815
0 0.565625 0.244336 0.403125 0.348047 0.119202
0 0.666016 0.446094 0.436719 0.248437 0.103394
0 0.877344 0.814258 0.2375 0.368359 0.0977173
1 0.396094 0.529688 0.770312 0.896875 0.0727539
0 0.938672 0.50625 0.122656 0.223438 0.0643921
0 0.408984 0.596973 0.578125 0.762305 0.0384521
0 0.907812 0.400684 0.175 0.445508 0.035614
0 0.241406 0.58916 0.46875 0.712305 0.0175781
0 0.237305 0.428125 0.461328 0.392969 0.0145035
0 0.920313 0.456641 0.15 0.332812 0.0122375
0 0.502344 0.777344 0.482812 0.442187 0.0113297
0 0.578223 0.320703 0.424805 0.503906 0.00831604
0 0.895312 0.375391 0.209375 0.458594 0.00701141
1 0.938672 0.50625 0.122656 0.223438 0.00695801
0 0.53125 0.709375 0.4875 0.559375 0.00600433
0 0.338281 0.127051 0.666406 0.254102 0.00508118
1 0.904688 0.391504 0.18125 0.466992 0.00455475
0 0.904688 0.264014 0.190625 0.231348 0.00355148
0 0.25625 0.142871 0.498437 0.277148 0.00346947
0 0.719531 0.951563 0.221875 0.096875 0.00316048
1 0.877344 0.814258 0.2375 0.368359 0.00312424
1 0.408984 0.596973 0.578125 0.762305 0.003088
0 0.554688 0.636328 0.429688 0.439844 0.00302696
0 0.436328 0.77793 0.350781 0.425391 0.00214005
1 0.5625 0.223047 0.403125 0.3125 0.00205803
0 0.247266 0.369922 0.488281 0.277344 0.00197983
0 0.825781 0.462402 0.173438 0.279883 0.00193405
0 0.588379 0.421875 0.476367 0.360156 0.00191212
0 0.598047 0.725391 0.355469 0.527344 0.00183105
0 0.885938 0.441309 0.178125 0.31582 0.00178909
1 0.904688 0.310156 0.190625 0.317187 0.00166798
0 0.939062 0.539844 0.11875 0.165625 0.00158501
0 0.525781 0.17207 0.498437 0.218359 0.00139904
0 0.992188 0.15 0.015625 0.0734375 0.00134087
0 0.611719 0.79082 0.325 0.408984 0.00128937
0 0.990234 0.154102 0.0195312 0.105859 0.0012064
0 0.995313 0.134277 0.009375 0.0771484 0.00118828
0 0.996094 0.108813 0.0078125 0.119482 0.00110722
1 0.91875 0.434766 0.15625 0.371094 0.00110722
0 0.550684 0.521094 0.450195 0.465625 0.00108147
0 0.890234 0.293164 0.219531 0.288672 0.00107765
1 0.567969 0.307422 0.40625 0.474219 0.00106049
1 0.705078 0.449902 0.361719 0.254883 0.00105667
0 0.383984 0.336914 0.767969 0.385547 0.00104809
0 0.725781 0.966406 0.257812 0.0671875 0.00104046
0 0.560938 0.218359 0.39375 0.304297 0.457031
0 0.225977 0.463672 0.426172 0.455469 0.435791
0 0.678906 0.43584 0.407813 0.242383 0.417725
1 0.513184 0.723437 0.498633 0.534375 0.309814
0 0.904688 0.383105 0.1875 0.455664 0.236572
0 0.492969 0.546094 0.210938 0.196875 0.119019
1 0.223242 0.471191 0.422266 0.473242 0.117188
1 0.492188 0.543359 0.214844 0.19375 0.0856934
1 0.515625 0.555859 0.276563 0.216406 0.062561
1 0.679688 0.432715 0.409375 0.243945 0.0606384
0 0.6 0.431641 0.254687 0.228906 0.0563354
1 0.554688 0.223096 0.382812 0.311621 0.0513611
1 0.513672 0.659766 0.316406 0.425781 0.0462952
1 0.904688 0.383105 0.1875 0.455664 0.0379639
0 0.9375 0.472754 0.125 0.299805 0.0308533
0 0.922656 0.413672 0.15 0.416406 0.0302734
0 0.503906 0.527344 0.25 0.151562 0.0215302
0 0.573047 0.274609 0.328906 0.408594 0.0202179
0 0.515625 0.555859 0.276563 0.216406 0.0179901
1 0.472559 0.771484 0.44082 0.428906 0.0167847
0 0.900781 0.323047 0.189063 0.245312 0.013588
1 0.225781 0.6 0.432813 0.73125 0.0134277
1 0.563965 0.557031 0.412695 0.215625 0.0124817
1 0.6 0.431641 0.254687 0.228906 0.011116
0 0.603125 0.399219 0.270312 0.154687 0.0110703
0 0.5125 0.71875 0.504687 0.532812 0.008255
0 0.563965 0.557031 0.412695 0.215625 0.008255
1 0.15 0.8 0.278906 0.35625 0.00714874
0 0.513672 0.659766 0.316406 0.425781 0.00701141
0 0.467969 0.525 0.170312 0.146875 0.0069046
0 0.266992 0.400098 0.369141 0.326367 0.00591278
0 0.225781 0.6 0.432813 0.73125 0.00575256
1 0.573047 0.274609 0.328906 0.408594 0.00575256
0 0.917188 0.198437 0.165625 0.0835937 0.00564194
1 0.922656 0.413672 0.15 0.416406 0.00471878
1 0.379687 0.772656 0.253906 0.420312 0.00462723
1 0.503906 0.527344 0.25 0.151562 0.00453949
0 0.9375 0.522656 0.1125 0.202344 0.00436401
0 0.564453 0.421875 0.186719 0.198437 0.00413513
0 0.480078 0.185547 0.239844 0.179688 0.00397491
0 0.939062 0.4 0.115625 0.352344 0.00362206
0 0.140039 0.792188 0.2625 0.373437 0.0036068
0 0.916406 0.353906 0.15625 0.285937 0.00337601
0 0.90625 0.264844 0.184375 0.232812 0.00318527
1 0.940625 0.484375 0.115625 0.271875 0.00307465
1 0.564453 0.421875 0.186719 0.198437 0.00281143
0 0.781445 0.433594 0.212109 0.223438 0.002388
0 0.903125 0.315039 0.19375 0.331641 0.00234985
0 0.168457 0.441797 0.300977 0.413281 0.00224304
0 0.564062 0.463184 0.484375 0.237695 0.00201988
0 0.900781 0.291016 0.19375 0.166406 0.00201988
1 0.517969 0.884766 0.515625 0.230469 0.00154305
0 0.479785 0.247266 0.223242 0.228125 0.00154305
1 0.564062 0.463184 0.484375 0.237695 0.00153637
1 0.289893 0.761719 0.33584 0.423438 0.00148964
1 0.519531 0.809961 0.490625 0.380078 0.00133038
1 0.467969 0.525 0.170312 0.146875 0.00130463
1 0.266992 0.400098 0.369141 0.326367 0.00129414
1 0.603125 0.399219 0.270312 0.154687 0.00115108
0 0.3625 0.651563 0.220313 0.171875 0.00112438
1 0.421094 0.594629 0.815625 0.787305 0.883301
1 0.413281 0.702344 0.729688 0.578125 0.758301
0 0.904688 0.387109 0.190625 0.486719 0.210815
1 0.907422 0.382812 0.185156 0.489062 0.0399475
0 0.561719 0.236279 0.407813 0.342285 0.0140076
1 0.561719 0.236279 0.407813 0.342285 0.00600433
0 0.925 0.408203 0.15 0.435937 0.00391388
0 0.885742 0.784375 0.228516 0.35 0.00353813
1 0.236328 0.473437 0.449219 0.485938 0.00248146
0 0.900781 0.995313 0.198437 0.009375 0.00219917
0 0.128809 0.785742 0.247852 0.384766 0.00186062
0 0.903125 0.298828 0.1875 0.273438 0.00175476
0 0.676172 0.436621 0.424219 0.248633 0.00162315
0 0.583203 0.994531 0.300781 0.0109375 0.00151253
0 0.15498 0.748438 0.291602 0.457812 0.00130463
0 0.426172 0.609375 0.807031 0.78125 0.00124454
0 0.523438 0.994141 0.345313 0.0117188 0.0011158
1 0.15498 0.748438 0.291602 0.457812 0.00103188
0 0.564746 0.208008 0.400195 0.289453 0.730469
1 0.389062 0.610547 0.778125 0.778906 0.656738
0 0.907812 0.391797 0.184375 0.491406 0.486328
0 0.90625 0.316748 0.1875 0.333691 0.368408
1 0.441797 0.715234 0.671094 0.550781 0.193115
0 0.741016 0.439844 0.296094 0.246875 0.181885
0 0.679297 0.437109 0.419531 0.246875 0.173584
0 0.926172 0.431152 0.147656 0.387695 0.0820923
0 0.364648 0.605078 0.729297 0.789844 0.0368958
0 0.23125 0.533203 0.446875 0.616406 0.0327148
1 0.907812 0.391797 0.184375 0.491406 0.0304413
0 0.400098 0.70625 0.781055 0.5875 0.0229797
1 0.23125 0.533203 0.446875 0.616406 0.0216217
0 0.585547 0.421191 0.389844 0.22793 0.0202942
0 0.230469 0.412109 0.44375 0.375781 0.0199432
1 0.90625 0.316748 0.1875 0.333691 0.0162811
1 0.721094 0.437598 0.340625 0.254492 0.012825
1 0.559766 0.212891 0.385156 0.297656 0.0120544
0 0.573438 0.288281 0.384375 0.411719 0.0107803
1 0.230469 0.412109 0.44375 0.375781 0.00544739
0 0.778125 0.438672 0.20625 0.233594 0.00434875
1 0.927344 0.448047 0.145313 0.353125 0.00370789
0 0.842188 0.453223 0.20625 0.310742 0.0028553
1 0.495313 0.819531 0.567187 0.35625 0.00234222
0 0.135352 0.00732422 0.270703 0.0146484 0.00219917
0 0.935938 0.498437 0.128125 0.246875 0.00219917
1 0.585547 0.421191 0.389844 0.22793 0.00209999
0 0.601562 0.406641 0.265625 0.192188 0.00203514
0 0.498437 0.521875 0.223438 0.15625 0.00174141
0 0.8125 0.00734863 0.375 0.0146973 0.00152493
0 0.762305 0.00765381 0.475391 0.0153076 0.00115108
1 0.644141 0.43125 0.378906 0.240625 0.00109863
0 0.60625 0.328174 0.320312 0.324121 0.00106525
0 0.19375 0.00755615 0.3875 0.0151123 0.00100803
1 0.4875 0.525 0.9375 0.934375 0.835938
0 0.904688 0.391406 0.190625 0.478125 0.305664
0 0.564453 0.204102 0.392969 0.264844 0.234375
0 0.876172 0.754687 0.247656 0.265625 0.102112
0 0.494531 0.526172 0.96875 0.896094 0.0813599
0 0.676953 0.436719 0.405469 0.245312 0.048584
1 0.330078 0.598828 0.624219 0.752344 0.0336609
1 0.676562 0.433594 0.4125 0.239844 0.0332031
1 0.414844 0.658203 0.801562 0.683594 0.028656
1 0.670703 0.646484 0.433594 0.669531 0.0269165
1 0.904688 0.391406 0.190625 0.478125 0.0233307
0 0.940625 0.471875 0.11875 0.303125 0.0140076
0 0.755859 0.448535 0.236719 0.254492 0.0136337
1 0.564941 0.217187 0.39668 0.291406 0.0126724
0 0.879102 0.806445 0.241797 0.380859 0.00971222
0 0.904688 0.264648 0.190625 0.220703 0.00963593
1 0.216016 0.566406 0.396094 0.673437 0.00871277
0 0.0770508 0.825195 0.149805 0.296484 0.00740433
0 0.330078 0.598828 0.624219 0.752344 0.00728989
0 0.605469 0.421777 0.335938 0.229883 0.00709534
0 0.216016 0.566406 0.396094 0.673437 0.00636292
0 0.563184 0.269873 0.404883 0.396191 0.00559998
0 0.670703 0.646484 0.433594 0.669531 0.00524139
1 0.876172 0.754687 0.247656 0.265625 0.00498199
1 0.755859 0.448535 0.236719 0.254492 0.00302696
0 0.212109 0.437109 0.377344 0.414844 0.00279045
1 0.605469 0.421777 0.335938 0.229883 0.00259018
0 0.611719 0.395703 0.278125 0.159375 0.00232315
1 0.212109 0.437109 0.377344 0.414844 0.00213242
0 0.202393 0.374414 0.335059 0.285547 0.0019722
1 0.575781 0.312891 0.375 0.430469 0.00175476
1 0.692578 0.573535 0.394531 0.518555 0.00171375
1 0.522656 0.700781 0.623438 0.598437 0.0016613
1 0.0950928 0.826563 0.185205 0.29375 0.00139904
0 0.911719 0.336719 0.176563 0.365625 0.00138855
0 0.692578 0.573535 0.394531 0.518555 0.00134563
0 0.586719 0.144434 0.2625 0.149414 0.00129414
0 0.830469 0.460938 0.320312 0.33125 0.00123501
1 0.202393 0.374414 0.335059 0.285547 0.0012207
0 0.485156 0.515625 0.1875 0.139062 0.0012207
1 0.940625 0.471875 0.11875 0.303125 0.00119209
0 0.107227 0.813281 0.207422 0.325 0.00103664
0 0.567285 0.215576 0.398242 0.293848 0.75293
1 0.503516 0.722656 0.549219 0.546875 0.606934
0 0.903906 0.391016 0.192188 0.471875 0.287842
1 0.420996 0.706641 0.75957 0.586719 0.213379
0 0.679688 0.437891 0.407813 0.250781 0.0997925
1 0.425781 0.621875 0.842188 0.75625 0.0708008
0 0.9375 0.48125 0.125 0.288281 0.0634766
0 0.236328 0.441016 0.438281 0.419531 0.0582275
0 0.503906 0.723437 0.551562 0.55 0.0564575
1 0.234961 0.60625 0.442578 0.753125 0.0378113
1 0.236328 0.441016 0.438281 0.419531 0.0282135
1 0.907812 0.39375 0.184375 0.473437 0.0248413
0 0.75625 0.446484 0.257812 0.264062 0.0240479
1 0.719531 0.441797 0.334375 0.257031 0.0212097
0 0.234961 0.60625 0.442578 0.753125 0.0200195
1 0.567285 0.215576 0.398242 0.293848 0.0150757
0 0.420996 0.706641 0.75957 0.586719 0.0109863
0 0.911328 0.451465 0.177344 0.35332 0.0091629
1 0.565527 0.685547 0.42832 0.485156 0.0091629
0 0.425781 0.621875 0.842188 0.75625 0.00763702
1 0.394922 0.775 0.276563 0.4375 0.0068512
1 0.184375 0.549609 0.347656 0.632031 0.00674438
0 0.574609 0.648438 0.372656 0.420312 0.0064888
0 0.49375 0.524609 0.223438 0.160156 0.005867
0 0.619531 0.420312 0.275 0.214062 0.00542831
0 0.666406 0.556641 0.446875 0.489844 0.00259018
0 0.184375 0.549609 0.347656 0.632031 0.00224304
1 0.666406 0.556641 0.446875 0.489844 0.00224304
1 0.656641 0.433203 0.319531 0.244531 0.00214958
1 0.348242 0.766406 0.395703 0.442187 0.0018034
0 0.394922 0.775 0.276563 0.4375 0.00152493
1 0.940625 0.499902 0.11875 0.251758 0.00137234
1 0.619531 0.420312 0.275 0.214062 0.00129986
0 0.567578 0.216602 0.396875 0.291016 0.588867
1 0.439844 0.613184 0.86875 0.773633 0.36377
0 0.909375 0.386035 0.178125 0.474805 0.203735
1 0.422559 0.690625 0.754883 0.61875 0.160278
1 0.505078 0.722656 0.557031 0.554688 0.127197
1 0.686328 0.618652 0.449219 0.617383 0.109131
0 0.675 0.441406 0.415625 0.259375 0.104492
0 0.686328 0.618652 0.449219 0.617383 0.0961914
1 0.568652 0.220361 0.395508 0.294434 0.0681763
1 0.233594 0.455371 0.438281 0.443945 0.064209
0 0.692969 0.528027 0.46875 0.43457 0.0562439
1 0.675 0.441406 0.415625 0.259375 0.0516663
1 0.692969 0.528027 0.46875 0.43457 0.0452576
1 0.229102 0.550781 0.433984 0.632812 0.041626
0 0.233594 0.455371 0.438281 0.443945 0.0350647
0 0.614062 0.436328 0.267188 0.242188 0.0244751
0 0.589844 0.314648 0.335156 0.400391 0.0208435
1 0.907812 0.3875 0.184375 0.474219 0.0139008
1 0.677344 0.651563 0.645312 0.684375 0.012825
1 0.614062 0.436328 0.267188 0.242188 0.0118256
0 0.732031 0.466504 0.460938 0.301367 0.0108185
1 0.589844 0.314648 0.335156 0.400391 0.00847626
0 0.229102 0.550781 0.433984 0.632812 0.00661469
0 0.514941 0.722656 0.523242 0.546875 0.00534439
0 0.677344 0.651563 0.645312 0.684375 0.00475693
1 0.732031 0.466504 0.460938 0.301367 0.00471878
0 0.940625 0.449609 0.11875 0.326562 0.00408554
0 0.605469 0.403223 0.320312 0.243555 0.0028553
0 0.453516 0.612109 0.891406 0.775781 0.00279045
0 0.759766 0.428027 0.261719 0.220508 0.00263214
1 0.605469 0.403223 0.320312 0.243555 0.0020752
0 0.169531 0.445215 0.307813 0.439258 0.0016613
0 0.636328 0.397266 0.319531 0.167969 0.00157928
0 0.273633 0.403516 0.337109 0.341406 0.00144386
0 0.911719 0.278516 0.175 0.260938 0.00140476
0 0.633594 0.213867 0.270312 0.28125 0.00127411
1 0.169531 0.445215 0.307813 0.439258 0.00104046
1 0.419141 0.718359 0.717969 0.563281 0.515625
0 0.56709 0.226367 0.395508 0.312109 0.493164
1 0.507715 0.726562 0.526758 0.53125 0.327637
0 0.90625 0.387891 0.1875 0.475781 0.227417
0 0.674219 0.444922 0.415625 0.255469 0.135498
1 0.229883 0.613379 0.433984 0.763867 0.12085
1 0.674219 0.444922 0.415625 0.255469 0.0999756
1 0.566504 0.232471 0.395117 0.322559 0.0735474
0 0.75 0.457031 0.271875 0.275 0.0549011
1 0.405078 0.615625 0.810156 0.76875 0.0534058
1 0.232422 0.478125 0.436719 0.496094 0.0523376
0 0.230469 0.470215 0.432813 0.479883 0.0496826
0 0.578906 0.292578 0.346875 0.428125 0.0478821
0 0.940625 0.480469 0.115625 0.285937 0.0344849
1 0.675781 0.532422 0.417188 0.442969 0.0280151
1 0.578906 0.292578 0.346875 0.428125 0.0261078
0 0.771094 0.443652 0.229687 0.220508 0.024704
0 0.607813 0.443848 0.267188 0.254492 0.0245209
1 0.607813 0.443848 0.267188 0.254492 0.0220337
1 0.75 0.457031 0.271875 0.275 0.0182953
0 0.229883 0.613379 0.433984 0.763867 0.0136871
0 0.675781 0.532422 0.417188 0.442969 0.0134277
1 0.90625 0.387891 0.1875 0.475781 0.0112457
0 0.859375 0.473437 0.15 0.299219 0.0103683
0 0.925 0.453809 0.146875 0.34082 0.00967407
0 0.608594 0.397266 0.288281 0.1625 0.00812531
0 0.400684 0.714063 0.761133 0.559375 0.00616837
0 0.910156 0.299219 0.179688 0.272656 0.00551224
1 0.30625 0.68125 0.609375 0.626562 0.00534439
0 0.80625 0.473828 0.217187 0.299219 0.0045929
0 0.500391 0.522266 0.238281 0.151562 0.00426483
0 0.641406 0.21543 0.248437 0.284766 0.00372124
1 0.671875 0.629687 0.43125 0.625 0.00349617
0 0.90625 0.257031 0.1875 0.214062 0.00342941
0 0.932031 0.356055 0.135937 0.360547 0.00337601
1 0.542188 0.685547 0.310937 0.491406 0.00281143
0 0.541406 0.7125 0.471875 0.534375 0.00254059
1 0.940625 0.480469 0.115625 0.285937 0.00232315
0 0.355859 0.370313 0.201562 0.241406 0.00214958
0 0.262451 0.405469 0.372754 0.350781 0.00213242
0 0.678125 0.613965 0.45625 0.59707 0.00194931
1 0.859375 0.473437 0.15 0.299219 0.00169373
1 0.620703 0.580859 0.317969 0.538281 0.00162888
0 0.471973 0.749609 0.604492 0.491406 0.00131512
1 0.925 0.453809 0.146875 0.34082 0.00124931
0 0.737109 0.487109 0.335156 0.335938 0.00124454
1 0.571875 0.658594 0.391406 0.414062 0.00124454
0 0.537402 0.139746 0.331445 0.14043 0.00117397
1 0.80625 0.473828 0.217187 0.299219 0.00116062
1 0.262451 0.405469 0.372754 0.350781 0.00113773
1 0.420312 0.71875 0.715625 0.5625 0.514648
0 0.56709 0.226367 0.395508 0.312109 0.495117
1 0.508203 0.726562 0.527344 0.53125 0.337158
0 0.90625 0.387891 0.1875 0.475781 0.226807
0 0.674219 0.444629 0.415625 0.256055 0.137939
1 0.229883 0.613379 0.433984 0.763867 0.122314
1 0.674219 0.444629 0.415625 0.256055 0.100342
1 0.566504 0.232617 0.395117 0.322266 0.0730591
0 0.75 0.457129 0.271875 0.274805 0.0563354
1 0.232422 0.477734 0.436719 0.496094 0.0526123
0 0.230469 0.469629 0.432813 0.479492 0.0507202
1 0.405078 0.616113 0.810156 0.767773 0.0491333
0 0.578906 0.292969 0.346875 0.428125 0.0483093
0 0.940625 0.480566 0.115625 0.285742 0.0344849
1 0.675391 0.530078 0.416406 0.439063 0.0276947
1 0.578906 0.292969 0.346875 0.428125 0.026062
0 0.607813 0.443848 0.267188 0.254492 0.0247955
0 0.771094 0.443652 0.229687 0.220508 0.024231
1 0.607813 0.443848 0.267188 0.254492 0.0220337
1 0.75 0.457129 0.271875 0.274805 0.0185394
0 0.229883 0.613379 0.433984 0.763867 0.0143356
0 0.675391 0.530078 0.416406 0.439063 0.0135345
1 0.90625 0.387891 0.1875 0.475781 0.0112
0 0.859375 0.47334 0.15 0.298633 0.0104065
0 0.924219 0.454785 0.148438 0.34043 0.00963593
0 0.608594 0.397266 0.2875 0.1625 0.00803375
0 0.401172 0.714063 0.760156 0.559375 0.00631332
0 0.910156 0.299219 0.179688 0.272656 0.0055542
1 0.303125 0.683203 0.603125 0.621094 0.00544739
0 0.805469 0.474219 0.217187 0.299219 0.00466537
0 0.500391 0.522266 0.238281 0.151562 0.00436401
0 0.641406 0.21543 0.248437 0.284766 0.0037365
0 0.90625 0.257031 0.1875 0.214062 0.00342941
0 0.93125 0.355859 0.1375 0.359375 0.00340271
1 0.671875 0.628516 0.429688 0.622656 0.00336266
1 0.540625 0.683984 0.30625 0.488281 0.00286674
0 0.544434 0.7125 0.46582 0.532812 0.0026207
1 0.940625 0.480566 0.115625 0.285742 0.00232315
0 0.355859 0.370313 0.201562 0.241406 0.00217438
0 0.262842 0.405469 0.371973 0.350781 0.00213242
0 0.678906 0.612402 0.454688 0.593945 0.00193405
1 0.859375 0.47334 0.15 0.298633 0.00169373
1 0.619922 0.579004 0.316406 0.53418 0.00162315
0 0.474316 0.750781 0.599805 0.489062 0.00139904
1 0.571875 0.656641 0.390625 0.411719 0.00126934
0 0.737891 0.486816 0.333594 0.335742 0.00124454
1 0.924219 0.454785 0.148438 0.34043 0.00124454
0 0.537109 0.139746 0.33125 0.14043 0.0011692
1 0.805469 0.474219 0.217187 0.299219 0.0011692
1 0.262842 0.405469 0.371973 0.350781 0.00112915
