1 0.501465 0.467187 0.745508 0.703125 0.725586
0 0.497656 0.478906 0.751562 0.709375 0.266602
0 0.514453 0.898438 0.899219 0.203125 0.00261116
0 0.646094 0.485156 0.465625 0.629687 0.00146675
0 0.124414 0.204297 0.248828 0.408594 0.00123501
1 0.514453 0.898438 0.899219 0.203125 0.00117874
0 0.788477 0.819531 0.423047 0.357812 0.0011692
1 0.51875 0.474219 0.78125 0.704687 0.616699
0 0.499219 0.47666 0.751562 0.69668 0.204346
1 0.757812 0.494629 0.265625 0.624805 0.00346947
0 0.757812 0.494629 0.265625 0.624805 0.00288963
1 0.792188 0.520215 0.19375 0.67832 0.00186062
1 0.542188 0.685547 0.721875 0.278906 0.00164223
0 0.792188 0.520215 0.19375 0.67832 0.00162888
1 0.321484 0.524219 0.642969 0.951563 0.00139427
1 0.512891 0.379687 0.727344 0.511719 0.00113392
0 0.479688 0.666797 0.704687 0.314844 0.00113392
1 0.722266 0.544629 0.336719 0.635742 0.00100803
0 0.497266 0.466016 0.747656 0.708594 0.889648
1 0.500684 0.46875 0.754883 0.70625 0.0520325
0 0.805469 0.674121 0.38125 0.64707 0.00128937
0 0.498047 0.575391 0.753906 0.511719 0.0012207
0 0.5 0.477441 0.757812 0.698242 0.763672
1 0.497754 0.480469 0.757617 0.710938 0.305664
0 0.503223 0.473047 0.74043 0.705469 0.838379
1 0.502441 0.471875 0.738867 0.704687 0.155029
0 0.866797 0.996094 0.266406 0.0078125 0.00230598
0 0.826563 0.995703 0.346875 0.00859375 0.00226974
0 0.352148 0.995703 0.401953 0.00859375 0.00198746
0 0.889844 0.996484 0.220313 0.00703125 0.00178909
0 0.188281 0.995703 0.376563 0.00859375 0.00162315
0 0.620703 0.995703 0.419531 0.00859375 0.00135612
0 0.121094 0.995703 0.242188 0.00859375 0.00121117
0 0.771875 0.996094 0.414062 0.0078125 0.00112438
0 0.442187 0.995703 0.432813 0.00859375 0.0011034
0 0.276563 0.996094 0.403125 0.0078125 0.00105286
0 0.503027 0.471484 0.756445 0.697656 0.890137
1 0.501465 0.469922 0.750195 0.696094 0.0476074
0 0.693359 0.00789795 0.542969 0.0157959 0.00374985
0 0.761523 0.00776367 0.476953 0.0155273 0.00300407
0 0.813477 0.00731201 0.373047 0.014624 0.00250244
0 0.593359 0.00788574 0.541406 0.0157715 0.00224304
0 0.151367 0.00726318 0.302734 0.0145264 0.0020504
0 0.230469 0.00769043 0.460938 0.0153809 0.00168705
0 0.394531 0.00783691 0.539062 0.0156738 0.00162888
0 0.494922 0.00786133 0.538281 0.0157227 0.00153637
0 0.294141 0.00767822 0.536719 0.0153564 0.00153637
0 0.507031 0.474316 0.740625 0.698242 0.914551
1 0.504297 0.471973 0.739844 0.69668 0.0318604
0 0.0794922 0.445703 0.155078 0.48125 0.00167465
0 0.502734 0.473828 0.747656 0.697656 0.800781
1 0.502344 0.467187 0.75 0.695312 0.0849609
0 0.505469 0.474609 0.746875 0.700781 0.88623
1 0.505469 0.469141 0.742188 0.702344 0.0709229
0 0.501172 0.472266 0.746094 0.702344 0.869629
1 0.501172 0.472266 0.746094 0.702344 0.122498
0 0.123828 0.562109 0.247656 0.875781 0.00112915
0 0.501172 0.472266 0.746094 0.702344 0.870605
1 0.501172 0.472266 0.746094 0.702344 0.12146
0 0.123828 0.5625 0.247656 0.875 0.00112915
