1 0.458691 0.610156 0.448242 0.6 0.689941
0 0.458691 0.610156 0.448242 0.6 0.177856
0 0.216748 0.735156 0.133691 0.182812 0.0151901
0 0.357422 0.375391 0.674219 0.750781 0.00993347
1 0.357422 0.375391 0.674219 0.750781 0.00760651
1 0.216748 0.735156 0.133691 0.182812 0.00494385
0 0.315039 0.286914 0.590234 0.573828 0.00488663
1 0.717969 0.453125 0.551562 0.8875 0.00421524
0 0.7625 0.441406 0.473437 0.854688 0.00329781
0 0.130176 0.422559 0.260352 0.795508 0.00256157
0 0.241357 0.814258 0.177441 0.352734 0.00251198
0 0.175391 0.341797 0.350781 0.683594 0.00239754
0 0.232227 0.761719 0.160547 0.245312 0.00222588
1 0.777344 0.38125 0.445312 0.749219 0.00221634
0 0.642871 0.462109 0.625195 0.910156 0.00171375
0 0.79043 0.314453 0.419141 0.627344 0.0016613
0 0.284033 0.817578 0.256152 0.364844 0.0014782
0 0.418652 0.234766 0.79082 0.469531 0.00144386
1 0.374219 0.241016 0.694531 0.482031 0.00143242
0 0.209961 0.702344 0.116406 0.142188 0.00135612
0 0.814844 0.245703 0.370313 0.491406 0.00126457
0 0.233984 0.807617 0.133594 0.319141 0.00124454
0 0.0961914 0.817187 0.191211 0.365625 0.00121117
0 0.814844 0.171484 0.36875 0.342969 0.00107288
0 0.137695 0.245117 0.275391 0.490234 0.00101662
1 0.458203 0.607031 0.446094 0.590625 0.514648
0 0.452441 0.608984 0.438867 0.583594 0.44751
0 0.218164 0.753125 0.146875 0.228125 0.344238
0 0.217969 0.816992 0.132812 0.366016 0.10968
1 0.218164 0.753125 0.146875 0.228125 0.0428772
0 0.603906 0.901563 0.1125 0.19375 0.0130692
1 0.569922 0.491797 0.680469 0.844531 0.00731659
1 0.217969 0.816992 0.132812 0.366016 0.00602722
1 0.555469 0.66875 0.271875 0.459375 0.00526047
0 0.555469 0.66875 0.271875 0.459375 0.00367928
0 0.520312 0.722656 0.338281 0.353125 0.00336266
1 0.74375 0.432031 0.282813 0.467187 0.0027256
1 0.452344 0.534375 0.420312 0.438281 0.00235939
0 0.927344 0.9125 0.142188 0.171875 0.00220871
1 0.520312 0.722656 0.338281 0.353125 0.00206757
0 0.9625 0.485156 0.075 0.160938 0.00191879
0 0.479785 0.770312 0.39043 0.2625 0.00187492
0 0.569922 0.491797 0.680469 0.844531 0.00181007
0 0.173828 0.698047 0.0578125 0.132031 0.00175476
0 0.622656 0.911719 0.154687 0.176563 0.00171375
0 0.170898 0.718359 0.0554687 0.150781 0.00167465
1 0.757031 0.393652 0.328125 0.743945 0.00161076
0 0.280859 0.766016 0.288281 0.269531 0.00157356
1 0.603906 0.901563 0.1125 0.19375 0.00156116
0 0.633594 0.890625 0.059375 0.209375 0.00147247
0 0.461035 0.492188 0.385742 0.364062 0.0014267
0 0.74375 0.432031 0.282813 0.467187 0.00134563
0 0.825 0.692578 0.1375 0.249219 0.00133038
0 0.260986 0.8 0.210059 0.326562 0.00131512
0 0.457031 0.609277 0.454688 0.59082 0.646973
1 0.455469 0.6125 0.454688 0.590625 0.395996
0 0.222998 0.735156 0.152441 0.190625 0.0669556
0 0.346094 0.208984 0.623438 0.402344 0.0268555
0 0.229492 0.781445 0.15625 0.287109 0.0183411
0 0.926562 0.914062 0.1375 0.1625 0.0120544
0 0.828906 0.733203 0.13125 0.169531 0.0104904
0 0.1375 0.441797 0.137109 0.209375 0.005867
0 0.599609 0.934375 0.110156 0.125 0.00572968
1 0.346094 0.208984 0.623438 0.402344 0.00424957
0 0.948438 0.485938 0.101562 0.157813 0.00327301
0 0 0.768359 0 0.141406 0.00302696
0 0.320508 0.934375 0.231641 0.125 0.00268364
0 0 0.804492 0 0.137891 0.00255013
0 0 0.670313 0 0.141406 0.00247192
0 0 0.829492 0 0.137891 0.00230598
0 0 0.731641 0 0.150781 0.00226021
0 0 0.855469 0 0.139062 0.00219154
0 0.369336 0.148828 0.730078 0.282031 0.00219154
0 0 0.643359 0 0.142969 0.00219154
0 0.751562 0.336328 0.267188 0.467969 0.00214958
0 0 0.531641 0 0.14375 0.00209999
0 0.713281 0.114453 0.14375 0.221484 0.00208282
0 0 0.88125 0 0.140625 0.0020752
1 0.222998 0.735156 0.152441 0.190625 0.00198746
0 0.444922 0.464453 0.441406 0.295312 0.00194168
0 0.432129 0.409375 0.476367 0.201562 0.00192642
0 0 0.503906 0 0.142188 0.00183105
0 0.942187 0.75 0.1125 0.1625 0.00173378
0 0 0.907812 0 0.14375 0.0017271
0 0.260156 0.805469 0.209375 0.332812 0.00167465
0 0.296094 0.949219 0.272656 0.0984375 0.00166798
0 0.386035 0.0907227 0.657617 0.174023 0.0016613
0 0 0.557031 0 0.14375 0.00162315
0 0.93125 0.991406 0.1375 0.0171875 0.00162315
0 0 0.478906 0 0.146875 0.00157928
0 0 0.617188 0 0.146094 0.00156689
1 0.828906 0.733203 0.13125 0.169531 0.00152493
0 0.244922 0.232227 0.4875 0.446484 0.00149536
0 0.33042 0.79043 0.389941 0.306641 0.00147247
0 0 0.329883 0 0.146484 0.00137806
0 0.13772 0.996094 0.173779 0.0078125 0.00136662
0 0.770312 0.292773 0.328125 0.538672 0.00135136
0 0 0.067334 0 0.134668 0.00135136
1 0.1375 0.441797 0.137109 0.209375 0.00135136
0 0.791406 0.218164 0.126563 0.187109 0.00131512
0 0 0.803125 0 0.210938 0.00130463
0 0.874219 0.666016 0.204688 0.338281 0.00126457
0 0 0.690625 0 0.2125 0.00124931
1 0.751562 0.336328 0.267188 0.467969 0.00123501
0 0 0.445703 0 0.161719 0.00122547
0 0 0.0542969 0 0.108594 0.00118351
0 0.438281 0.197705 0.554688 0.374121 0.00117397
0 0 0.204688 0 0.142188 0.00115108
0 0 0.0888672 0 0.136328 0.00115108
1 0.926562 0.914062 0.1375 0.1625 0.00109863
0 0 0.155273 0 0.154687 0.00108624
1 0.770312 0.292773 0.328125 0.538672 0.00107765
0 0.0561523 0.429004 0.112305 0.245117 0.00106907
0 0.932813 0.932813 0.129688 0.134375 0.00106525
0 0 0.84043 0 0.209766 0.00105286
0 0.295508 0.844922 0.276172 0.310156 0.00104427
0 0.864062 0.595312 0.176563 0.185937 0.00103188
0 0 0.728125 0 0.2125 0.00103188
0 0.935547 0.985156 0.128906 0.0296875 0.00101185
0 0.173242 0.996875 0.205469 0.00625 0.00100803
0 0.110059 0.390625 0.202539 0.329688 0.00100803
1 0.457031 0.610937 0.436719 0.575 0.790527
0 0.458984 0.611328 0.433594 0.578906 0.13269
0 0.921875 0.929688 0.15 0.134375 0.0100098
0 0.218799 0.768359 0.150684 0.274219 0.00516129
0 0.0569336 0.415625 0.104687 0.202344 0.00191212
0 0.445215 0.825195 0.300195 0.149609 0.00161076
1 0.218799 0.768359 0.150684 0.274219 0.00139904
0 0.21543 0.734375 0.135937 0.203125 0.00138855
0 0.820312 0.749219 0.142188 0.132812 0.00116539
1 0.455469 0.610547 0.455469 0.602344 0.847168
0 0.45791 0.607129 0.451367 0.607617 0.212769
0 0.902344 0.996875 0.195312 0.00625 0.0183411
0 0.922656 0.927344 0.154687 0.145313 0.0133743
0 0.131543 0.995313 0.263086 0.009375 0.0119629
0 0.214062 0.732031 0.136328 0.190625 0.00629044
0 0.171094 0.705469 0.0511719 0.13125 0.00540543
0 0.187402 0.997656 0.374805 0.0046875 0.00400543
0 0.996094 0.710547 0.0078125 0.525781 0.00379562
0 0.825586 0.997266 0.348828 0.00546875 0.00367928
0 0.998047 0.861719 0.00390625 0.276563 0.00293541
0 0.996484 0.785156 0.00703125 0.429688 0.0024929
0 0.903906 0.943359 0.192188 0.113281 0.00243378
0 0.996484 0.561035 0.00703125 0.518555 0.00194168
0 0.111719 0.997656 0.223438 0.0046875 0.00188255
0 0.95 0.920313 0.1 0.159375 0.0016613
0 0.970703 0.883594 0.0585938 0.232812 0.00147247
0 0.209961 0.7 0.134375 0.125 0.00141048
0 0.8 0.996875 0.332812 0.00625 0.00132465
0 0.996484 0.385254 0.00703125 0.52793 0.00132465
0 1 0.720703 0 0.219531 0.00127411
0 1 0.670313 0 0.21875 0.00122547
0 0.412402 0.00775146 0.476758 0.0155029 0.00119686
0 1 0.795508 0 0.218359 0.00115585
0 1 0.383203 0 0.217969 0.00108147
0 0.178857 0.710547 0.0540039 0.130469 0.00104046
1 0.459766 0.606641 0.465625 0.594531 0.869629
0 0.460156 0.612402 0.4625 0.589258 0.0285492
0 0.927344 0.935938 0.145313 0.125 0.0158386
0 0.149414 0.00725098 0.298828 0.014502 0.0105667
0 0.392578 0.00762939 0.533594 0.0152588 0.00600433
0 0.220898 0.760547 0.148828 0.250781 0.00568771
0 0.204102 0.00732422 0.408203 0.0146484 0.00559998
0 0.291992 0.00761719 0.537891 0.0152344 0.00492477
0 0.493359 0.00767822 0.535156 0.0153564 0.0046463
0 0.59375 0.00767822 0.534375 0.0153564 0.00402451
0 0.917188 0.948828 0.165625 0.102344 0.00365067
0 0.116797 0.00836182 0.233594 0.0167236 0.00284576
0 0.205273 0.734766 0.112891 0.200781 0.00222588
0 0.691016 0.00743408 0.530469 0.0148682 0.00192642
0 0.101172 0.885938 0.191406 0.226562 0.00186729
0 0.0953125 0.0106812 0.190625 0.0213623 0.0016489
0 0.30293 0.280078 0.605859 0.560156 0.00162315
1 0.134082 0.00721436 0.268164 0.0144287 0.00154877
0 0.764453 0.00736084 0.471094 0.0147217 0.00141048
0 0.174609 0.7 0.0464844 0.120312 0.00138855
0 0.170801 0.708594 0.0361328 0.160938 0.00115585
0 0.80332 0.259375 0.0777344 0.0996094 0.00101662
1 0.455371 0.610937 0.448633 0.596875 0.710449
0 0.456934 0.607813 0.44082 0.6 0.248657
0 0.223779 0.77793 0.160254 0.287891 0.051178
0 0.929688 0.935938 0.140625 0.128125 0.0366211
0 0.104199 0.843945 0.199805 0.312109 0.0256653
0 0.175 0.724219 0.05 0.1875 0.0132217
0 0.91875 0.423438 0.1625 0.467969 0.00737381
0 0.0924805 0.775 0.181445 0.44375 0.00542831
0 0.928125 0.90625 0.14375 0.1875 0.00538635
0 0.0862305 0.664453 0.168555 0.639844 0.0050621
0 0.835742 0.744141 0.125391 0.149219 0.00494385
0 0.216992 0.752734 0.132031 0.242969 0.00362206
0 0.879687 0.535156 0.23125 0.773438 0.00302696
0 0.903906 0.492578 0.192188 0.392188 0.00301552
0 0.921094 0.854688 0.157813 0.290625 0.00293541
0 0.863867 0.430078 0.256641 0.555469 0.00254059
0 0.753125 0.422559 0.2125 0.24707 0.00213242
0 0.798633 0.259375 0.0808594 0.0898438 0.00161648
0 0.764844 0.426562 0.276563 0.396875 0.00151253
0 0.896094 0.551953 0.207813 0.624219 0.00139427
0 0.188232 0.815625 0.288379 0.36875 0.00118828
1 0.220508 0.781445 0.15 0.296484 0.00109482
1 0.91875 0.423438 0.1625 0.467969 0.00104046
1 0.458594 0.602734 0.461719 0.602344 0.85498
0 0.929688 0.934375 0.140625 0.13125 0.131592
0 0.457422 0.601562 0.461719 0.601562 0.0351562
0 0.830469 0.742188 0.14375 0.14375 0.00803375
0 0.316406 0.9375 0.251563 0.125 0.00728989
0 0.231982 0.763672 0.168848 0.260156 0.0051384
1 0.929688 0.934375 0.140625 0.13125 0.00156116
0 0.489941 0.0624023 0.28418 0.117383 0.00154305
0 0.928125 0.974219 0.14375 0.0515625 0.00153065
0 0.728906 0.107422 0.1625 0.214844 0.00148964
0 0.91875 0.983594 0.153125 0.0328125 0.00141048
0 0.421094 0.00493164 0.265625 0.00986328 0.00125504
1 0.708984 0.450879 0.328906 0.354492 0.0012064
0 0.406152 0.065918 0.539258 0.131836 0.00112915
0 0.219336 0.736719 0.143359 0.20625 0.0011158
1 0.457129 0.605371 0.456055 0.59082 0.852539
0 0.458984 0.607813 0.460156 0.6 0.122314
0 0.928516 0.916406 0.142969 0.167187 0.00775528
0 0.508691 0.0615234 0.301367 0.110156 0.00740433
0 0.174414 0.702344 0.0546875 0.1125 0.00682449
0 0.217383 0.728906 0.135156 0.192188 0.00666809
0 0.834375 0.729688 0.132812 0.170312 0.00405502
0 0.0978516 0.00598145 0.195703 0.0119629 0.00359344
0 0.402734 0.00758057 0.3 0.0151611 0.00283432
0 0.442871 0.0634766 0.212695 0.114063 0.00188923
1 0.217383 0.728906 0.135156 0.192188 0.00148392
0 0.485156 0.00786133 0.367188 0.0157227 0.0014782
0 0.335938 0.00759277 0.375 0.0151855 0.00137806
0 0.351953 0.00175781 0.208594 0.00351562 0.00132465
1 0.810742 0.552344 0.366016 0.885938 0.00124454
0 0.312305 0.0634277 0.165234 0.116504 0.00121593
0 0.389062 0.00148926 0.208594 0.00297852 0.0011692
0 0.133203 0.00733643 0.266406 0.0146729 0.0011692
0 0.106641 0.834375 0.198437 0.328125 0.00115585
0 0.619531 0.00771484 0.365625 0.0154297 0.00109005
0 0.163867 0.0455078 0.178125 0.0822266 0.00106525
0 0.196289 0.721875 0.0964844 0.176563 0.00104046
0 0.427441 0.00141602 0.206055 0.00283203 0.00102425
0 0.557813 0.00830078 0.36875 0.0166016 0.00101662
1 0.454297 0.609473 0.450781 0.58418 0.873535
0 0.926562 0.928906 0.146875 0.142188 0.0510864
0 0.832031 0.741406 0.123438 0.148438 0.0390625
0 0.454688 0.610156 0.448438 0.585938 0.0368347
0 0.238232 0.812305 0.179785 0.353516 0.0227966
0 0.100098 0.8375 0.193555 0.31875 0.00656509
0 0.292139 0.818945 0.267285 0.358984 0.00575256
0 0.511035 0.0608398 0.293555 0.114648 0.00538635
0 0.423047 0.00567627 0.316406 0.0113525 0.00388527
0 0.716797 0.0911133 0.138281 0.182227 0.00327301
0 0.363672 0.00593262 0.357031 0.0118652 0.00314713
1 0.25 0.81875 0.207813 0.359375 0.00270462
1 0.829687 0.740234 0.128125 0.149219 0.00265312
0 0.536719 0.00667725 0.367188 0.0133545 0.00250244
0 0.17207 0.703125 0.0492188 0.120312 0.00248146
0 0.236719 0.816992 0.38125 0.359766 0.00211525
0 0.376465 0.067627 0.675195 0.135254 0.00198746
1 0.926562 0.928906 0.146875 0.142188 0.00192642
0 0.0941406 0.778906 0.188281 0.439063 0.00170708
1 0.231445 0.796875 0.164453 0.31875 0.0015192
0 0.102441 0.883398 0.183398 0.233203 0.00146103
0 0.110547 0.00531006 0.221094 0.0106201 0.00138855
0 0.415234 0.0917969 0.596094 0.183594 0.00135136
0 0.33125 0.795313 0.371094 0.31875 0.00129986
0 0.607422 0.00666504 0.360156 0.0133301 0.00127411
1 0.292139 0.818945 0.267285 0.358984 0.00124454
1 0.387109 0.00598145 0.348437 0.0119629 0.0012064
0 0.396973 0.0492188 0.701367 0.0984375 0.00109863
0 0.288721 0.00628662 0.372559 0.0125732 0.00101662
1 0.454297 0.609473 0.450781 0.58418 0.873535
0 0.926562 0.928906 0.146875 0.142188 0.0518494
0 0.832031 0.741406 0.123438 0.148438 0.0401001
0 0.454785 0.610156 0.448242 0.585938 0.0372009
0 0.238232 0.812305 0.179785 0.353516 0.0229797
0 0.1 0.8375 0.193359 0.31875 0.00669098
0 0.292188 0.818945 0.267188 0.358984 0.00577545
0 0.51084 0.0608398 0.293945 0.114648 0.00548935
0 0.422559 0.00566406 0.31582 0.0113281 0.00387001
0 0.717188 0.0911133 0.139062 0.182227 0.00335121
0 0.363672 0.00593262 0.357031 0.0118652 0.00312424
1 0.250049 0.81875 0.207715 0.359375 0.00270462
1 0.829687 0.739844 0.128125 0.148438 0.00269318
0 0.17207 0.703125 0.0492188 0.119531 0.00251198
0 0.536816 0.00666504 0.366992 0.0133301 0.00247192
0 0.236914 0.817969 0.380859 0.359375 0.00210762
0 0.376465 0.0676758 0.675195 0.135352 0.00197983
1 0.926562 0.928906 0.146875 0.142188 0.00196457
0 0.0941406 0.778906 0.188281 0.439063 0.00174141
1 0.231445 0.796875 0.164453 0.31875 0.00152493
0 0.102368 0.883398 0.183154 0.233203 0.00150681
0 0.110352 0.00529785 0.220703 0.0105957 0.00138283
0 0.415625 0.0918945 0.59375 0.183789 0.00135612
0 0.331055 0.795313 0.370703 0.31875 0.00130463
0 0.607422 0.00666504 0.360156 0.0133301 0.00127411
1 0.292188 0.818945 0.267188 0.358984 0.00124931
1 0.387109 0.00598145 0.347656 0.0119629 0.00120163
0 0.396973 0.0492188 0.701367 0.0984375 0.00108624
0 0.288672 0.00628662 0.371875 0.0125732 0.00101185
