1 0.501562 0.527734 0.314063 0.449219 0.716309
0 0.50166 0.525684 0.31543 0.45332 0.187134
1 0.181836 0.406152 0.363672 0.79082 0.00473785
0 0.187891 0.405078 0.375781 0.810156 0.00305176
1 0.758984 0.388281 0.482031 0.776563 0.00240517
0 0.758984 0.388281 0.482031 0.776563 0.00210762
1 0.348437 0.396094 0.696875 0.792188 0.00134087
0 0.348437 0.396094 0.696875 0.792188 0.00125504
1 0.506641 0.524121 0.31875 0.458008 0.884277
0 0.506641 0.524121 0.31875 0.458008 0.0280151
1 0.693359 0.547656 0.603906 0.835938 0.00993347
0 0.607031 0.249609 0.173438 0.162891 0.00760651
1 0.369141 0.329688 0.7 0.647656 0.00399017
1 0.175098 0.5125 0.350195 0.975 0.00335121
1 0.178516 0.791406 0.345313 0.407813 0.00277901
1 0.779492 0.53125 0.437891 0.921875 0.00274658
1 0.377344 0.233984 0.7125 0.464844 0.00237846
1 0.733984 0.445703 0.519531 0.891406 0.00220871
1 0.671484 0.577734 0.619531 0.555469 0.00194931
1 0.418359 0.415625 0.725781 0.8125 0.0017271
1 0.349219 0.631641 0.69375 0.708594 0.00147247
1 0.169336 0.628223 0.338672 0.695117 0.00145531
1 0.823633 0.567187 0.346484 0.798437 0.00133038
1 0.497266 0.296094 0.782031 0.58125 0.00132465
1 0.672266 0.698047 0.611719 0.550781 0.00118828
1 0.607031 0.249609 0.173438 0.162891 0.00112057
1 0.577246 0.607422 0.404883 0.358594 0.0011158
1 0.29375 0.514063 0.583594 0.971875 0.00108147
1 0.506934 0.532031 0.320508 0.45 0.82666
1 0.646094 0.566797 0.690625 0.839844 0.217285
1 0.312891 0.227344 0.513281 0.433594 0.0163422
0 0.506934 0.534473 0.318945 0.451367 0.0137405
0 0.307813 0.185889 0.567187 0.358691 0.00775528
1 0.564844 0.214062 0.792188 0.408594 0.00772476
1 0.316016 0.164258 0.544531 0.316016 0.00666809
1 0.267188 0.320117 0.514063 0.616016 0.00593567
1 0.64375 0.293359 0.659375 0.569531 0.00369263
1 0.505566 0.386719 0.338867 0.178906 0.00355148
0 0.370508 0.15166 0.584766 0.285742 0.00259018
0 0.601172 0.269727 0.175781 0.154687 0.00199509
1 0.7375 0.464063 0.50625 0.928125 0.00179577
0 0 0.242188 0 0.150781 0.00146103
1 0.18125 0.461719 0.3625 0.842188 0.00133038
0 0 0.116211 0 0.15 0.00127411
1 0.391797 0.178564 0.457031 0.33584 0.00124931
0 0 0.268945 0 0.151172 0.0011158
0 0 0.656641 0 0.164062 0.00110722
1 0.600391 0.27793 0.182031 0.164844 0.00110722
0 0.267188 0.320117 0.514063 0.616016 0.00107765
0 0.564844 0.214062 0.792188 0.408594 0.00102043
0 0 0.329883 0 0.159766 0.00100422
1 0.501562 0.528125 0.321094 0.45625 0.810547
0 0.500781 0.527734 0.310937 0.453906 0.0200195
1 0.499902 0.615625 0.301758 0.275 0.0068779
0 0.499121 0.670313 0.273633 0.160938 0.00346947
1 0.451953 0.605078 0.230469 0.646094 0.00252151
1 0.358008 0.419141 0.676172 0.799219 0.00161648
1 0.723047 0.492188 0.544531 0.825 0.00140476
0 0.499902 0.615625 0.301758 0.275 0.00130463
1 0.499121 0.670313 0.273633 0.160938 0.00115108
1 0.494922 0.619922 0.327344 0.675781 0.00108624
1 0.50625 0.519531 0.326562 0.459375 0.890625
0 0.505469 0.518359 0.324219 0.460156 0.0200958
1 0.6625 0.396973 0.675 0.78418 0.0139542
1 0.361133 0.253125 0.722266 0.50625 0.00273705
1 0.597266 0.387598 0.486719 0.710742 0.00271416
0 0.00834961 0.788867 0.0166992 0.409766 0.00103664
1 0.504687 0.513379 0.328125 0.457617 0.931152
1 0.336328 0.384961 0.672656 0.769922 0.0155411
1 0.749609 0.394922 0.496094 0.789844 0.00775528
0 0.504687 0.519531 0.335156 0.460938 0.00362206
0 0.736719 0.00782471 0.526563 0.0156494 0.00203514
0 0.641797 0.00773926 0.538281 0.0154785 0.00147247
0 0.254687 0.00770264 0.509375 0.0154053 0.00144958
0 0.786523 0.00773926 0.426953 0.0154785 0.00143242
0 0.150977 0.00709228 0.301953 0.0141846 0.00137234
0 0.517969 0.00775146 0.535937 0.0155029 0.0011425
1 0.344727 0.792773 0.689453 0.414453 0.00113392
0 0.392578 0.00761719 0.532812 0.0152344 0.00111198
1 0.503906 0.517969 0.31875 0.45 0.870605
0 0.503906 0.517969 0.31875 0.45 0.0368347
1 0.666797 0.371094 0.663281 0.742188 0.0302124
1 0.359375 0.37207 0.717188 0.744141 0.00847626
0 0.163574 0.624121 0.327148 0.751758 0.00612259
1 0.163574 0.624121 0.327148 0.751758 0.00261116
0 0.0634277 0.680859 0.126855 0.633594 0.00162315
1 0.662891 0.639453 0.638281 0.677344 0.00146675
0 0.065918 0.814844 0.131836 0.370313 0.00109005
1 0.503027 0.512891 0.326758 0.459375 0.852539
0 0.501562 0.517969 0.325 0.467187 0.00164223
1 0.507031 0.511621 0.324219 0.45957 0.844238
0 0.504785 0.520312 0.32168 0.455469 0.0430298
1 0.658105 0.375 0.683789 0.745313 0.00183105
1 0.50625 0.521484 0.317187 0.455469 0.896484
1 0.682031 0.378125 0.607813 0.75625 0.00127888
1 0.50625 0.521484 0.317187 0.455469 0.896484
1 0.682813 0.37832 0.60625 0.756641 0.00128937
