0 0.322266 0.529688 0.526563 0.590625 0.777344
0 0.858203 0.202344 0.283594 0.404687 0.238647
0 0.732813 0.617188 0.38125 0.471875 0.0680542
1 0.858203 0.202344 0.283594 0.404687 0.0675659
1 0.322266 0.529688 0.526563 0.590625 0.0639648
1 0.732813 0.617188 0.38125 0.471875 0.0183411
0 0.771875 0.0988281 0.0984375 0.197656 0.00790405
0 0.570312 0.224805 0.301562 0.449609 0.00503922
0 0.84043 0.106641 0.244141 0.213281 0.00432968
1 0.771875 0.0988281 0.0984375 0.197656 0.00429916
0 0.517969 0.907031 0.915625 0.185937 0.00402451
0 0.0462402 0.0698242 0.0922852 0.126367 0.00299263
0 0.938281 0.919531 0.123438 0.160938 0.00253105
0 0.946875 0.927344 0.10625 0.145313 0.00237846
0 0.350977 0.907031 0.592578 0.185937 0.00235939
0 0.80293 0.104687 0.169141 0.209375 0.00231361
0 0.844922 0.275 0.310156 0.55 0.00221634
1 0.570312 0.224805 0.301562 0.449609 0.00176811
0 0.504297 0.230664 0.426562 0.461328 0.00172043
0 0.721875 0.410156 0.515625 0.820312 0.00158501
1 0.946875 0.927344 0.10625 0.145313 0.00153065
1 0.844922 0.275 0.310156 0.55 0.00152493
1 0.0462402 0.0698242 0.0922852 0.126367 0.00145531
0 0.544531 0.95 0.896875 0.1 0.00142097
0 0.86875 0.91875 0.2625 0.1625 0.00138855
1 0.721875 0.410156 0.515625 0.820312 0.00137806
0 0.600879 0.934375 0.720117 0.13125 0.00134563
0 0.627344 0.139355 0.185937 0.278711 0.00131989
0 0.123535 0.189063 0.24707 0.378125 0.0012598
0 0.409277 0.283789 0.725195 0.567578 0.00125504
0 0.666406 0.233203 0.351562 0.466406 0.00123978
0 0.299805 0.0736328 0.469141 0.147266 0.0011692
0 0.958594 0.910156 0.0828125 0.179688 0.00116062
0 0.973828 0.742188 0.0523437 0.432813 0.00113392
0 0.758984 0.312695 0.482031 0.625391 0.00112915
0 0.608594 0.95625 0.670313 0.0875 0.00106525
1 0.758984 0.312695 0.482031 0.625391 0.00104046
0 0.300781 0.269922 0.557813 0.539844 0.00102806
0 0.165625 0.219336 0.33125 0.438672 0.00102806
0 0.437109 0.179004 0.567969 0.358008 0.00100803
0 0.317578 0.528516 0.513281 0.591406 0.87793
0 0.765625 0.628906 0.31875 0.434375 0.162598
1 0.773828 0.625 0.310156 0.446875 0.153076
0 0.714453 0.727344 0.421094 0.264062 0.00989532
0 0.466504 0.547266 0.249805 0.569531 0.00725937
1 0.753906 0.26875 0.492188 0.532031 0.00695801
1 0.317578 0.528516 0.513281 0.591406 0.00658798
0 0.369141 0.683594 0.427344 0.292188 0.0053215
0 0.714063 0.666406 0.41875 0.384375 0.00484848
0 0.920313 0.925 0.159375 0.15 0.00403976
1 0.866406 0.208252 0.264062 0.394434 0.00383949
1 0.714453 0.727344 0.421094 0.264062 0.00369263
0 0.405469 0.575781 0.36875 0.5125 0.00288963
0 0.866406 0.208252 0.264062 0.394434 0.00271416
0 0.765625 0.101758 0.0921875 0.203516 0.00269318
0 0.753906 0.26875 0.492188 0.532031 0.00253105
0 0.720312 0.395703 0.0953125 0.0859375 0.00225258
0 0.0586426 0.0709961 0.117285 0.141992 0.00203514
0 0.805469 0.660547 0.248437 0.383594 0.00200272
1 0.714063 0.666406 0.41875 0.384375 0.00189686
1 0.765234 0.39375 0.460156 0.757031 0.00188255
0 0.843945 0.845312 0.174609 0.18125 0.00178242
0 0.617188 0.103687 0.204688 0.191846 0.00175476
1 0.805469 0.660547 0.248437 0.383594 0.00168133
1 0.461328 0.557813 0.261719 0.55625 0.00142097
0 0.317187 0.43125 0.489062 0.398438 0.00139427
0 0.622656 0.303711 0.114063 0.224609 0.00135612
0 0.701563 0.402441 0.08125 0.0919922 0.00121593
0 0.446973 0.645312 0.29043 0.390625 0.00120163
0 0.582031 0.749219 0.1875 0.210938 0.00110722
1 0.369141 0.683594 0.427344 0.292188 0.00109005
0 0.623535 0.630469 0.598242 0.44375 0.00109005
0 0.309375 0.662891 0.4875 0.328906 0.00106525
0 0.765234 0.39375 0.460156 0.757031 0.00105286
0 0.317578 0.536719 0.533594 0.601562 0.915039
0 0.732031 0.646094 0.392188 0.448438 0.19873
1 0.308594 0.530469 0.553125 0.596875 0.0312042
1 0.749219 0.639844 0.359375 0.445312 0.0258636
0 0.917188 0.940625 0.159375 0.110937 0.0245209
0 0.597656 0.960938 0.2125 0.075 0.0239563
0 0.0680176 0.0722656 0.136035 0.144531 0.0119171
0 0.394922 0.0624023 0.223438 0.118945 0.0107803
0 0.600391 0.0998047 0.250781 0.191016 0.0107346
0 0.839063 0.859375 0.178125 0.171875 0.0106506
0 0.946875 0.779492 0.10625 0.175391 0.0100937
0 0.747266 0.47041 0.375781 0.729492 0.00963593
1 0.394922 0.0624023 0.223438 0.118945 0.00878143
0 0.316016 0.942969 0.192188 0.109375 0.0085144
1 0.749609 0.270508 0.499219 0.526172 0.00766754
0 0.840625 0.165625 0.309375 0.319531 0.00766754
0 0.30293 0.374902 0.543359 0.279883 0.00737381
1 0.758594 0.401465 0.459375 0.787695 0.00653839
0 0.7375 0.255859 0.525 0.492969 0.00641251
0 0.758594 0.401465 0.459375 0.787695 0.00511932
0 0.840625 0.0904541 0.310937 0.172607 0.00498199
1 0.747266 0.47041 0.375781 0.729492 0.00471878
1 0.839063 0.859375 0.178125 0.171875 0.00432968
1 0.600391 0.0998047 0.250781 0.191016 0.00431442
0 0.381641 0.0478516 0.285937 0.0925781 0.00403976
0 0.761719 0.864258 0.345313 0.180859 0.00388527
0 0.719141 0.271875 0.361719 0.521875 0.00385475
0 0.926562 0.99375 0.146875 0.0125 0.00300407
0 0.675391 0.247656 0.0976562 0.125 0.00282288
0 0.617188 0.995313 0.245312 0.009375 0.00282288
1 0.597656 0.960938 0.2125 0.075 0.00245285
0 0.186328 0.125684 0.360156 0.191602 0.00236893
0 0.645312 0.997656 0.284375 0.0046875 0.00211525
0 0.360156 0.944531 0.4875 0.110937 0.00209045
0 0.80918 0.862695 0.241016 0.183984 0.0020504
0 0.866406 0.997656 0.173438 0.0046875 0.00196457
0 0.696094 0.961719 0.479688 0.0765625 0.00189686
0 0.609766 0.988672 0.246094 0.0226563 0.00187492
0 0.452344 0.0978516 0.555469 0.190234 0.00183105
0 0.935156 0.978125 0.129688 0.04375 0.00183105
1 0.917188 0.940625 0.159375 0.110937 0.00176811
0 0.000280762 0.125391 0.000561523 0.105469 0.00171375
0 0.292969 0.333594 0.545313 0.225 0.00163555
1 0.0680176 0.0722656 0.136035 0.144531 0.00162315
1 0.381641 0.0478516 0.285937 0.0925781 0.00160408
0 0.901563 0.998047 0.196875 0.00390625 0.00150681
0 0.312305 0.0648438 0.406641 0.125586 0.00147247
0 0.174707 0.80625 0.20293 0.373437 0.00143814
0 0 0.102344 0 0.0962891 0.00139904
0 0.272656 0.133594 0.534375 0.221875 0.00137234
1 0.312305 0.0648438 0.406641 0.125586 0.00133514
0 0.702344 0.910156 0.45 0.110937 0.00129986
0 0 0.0785156 0 0.121875 0.00129414
0 0 0.144629 0 0.122461 0.00127411
1 0.316016 0.942969 0.192188 0.109375 0.00123024
1 0.262891 0.114453 0.517187 0.205469 0.00118828
0 0.629687 0.639453 0.634375 0.460156 0.00118828
1 0.840625 0.0904541 0.310937 0.172607 0.00116062
0 0.697656 0.400879 0.173438 0.0919922 0.00115585
1 0.452344 0.0978516 0.555469 0.190234 0.00112915
0 0 0.047168 0 0.0943359 0.00112915
0 0.653906 0.266016 0.203125 0.438281 0.00110722
0 0.000109863 0.174023 0.000219727 0.107031 0.00109005
0 0 0.0619141 0 0.123828 0.00108624
1 0.840625 0.165625 0.309375 0.319531 0.00107288
0 0.823047 0.216016 0.353906 0.413281 0.00107288
1 0.675391 0.247656 0.0976562 0.125 0.00104046
0 0.772656 0.900781 0.284375 0.0953125 0.00104046
1 0.946875 0.779492 0.10625 0.175391 0.00103188
0 0.679297 0.7 0.488281 0.334375 0.00102043
0 0.323828 0.536816 0.524219 0.591992 0.906738
0 0.723437 0.642187 0.396875 0.429688 0.684082
0 0.721484 0.707812 0.394531 0.3 0.156616
1 0.73125 0.646875 0.384375 0.428125 0.105042
0 0.758984 0.608984 0.325781 0.358594 0.0761108
1 0.324414 0.532129 0.509766 0.58418 0.0298767
1 0.758984 0.608984 0.325781 0.358594 0.0125275
0 0.660156 0.777344 0.276563 0.15 0.0118713
0 0.587109 0.963281 0.25 0.071875 0.00653839
0 0.769531 0.552344 0.304688 0.240625 0.00641251
0 0.278711 0.960938 0.291797 0.075 0.00538635
0 0.585547 0.966406 0.346094 0.0671875 0.00457382
0 0.719531 0.400684 0.0960938 0.0892578 0.00402451
0 0.0521362 0.0661621 0.0988525 0.129785 0.0039444
1 0.721484 0.707812 0.394531 0.3 0.00353813
0 0.776563 0.890625 0.328125 0.104687 0.0030632
0 0.228711 0.475781 0.325391 0.476562 0.00273705
0 0.88125 0.434473 0.23125 0.162305 0.00257111
0 0.844531 0.206592 0.304688 0.38916 0.00233269
1 0.769531 0.552344 0.304688 0.240625 0.00174141
0 0.935938 0.925781 0.125 0.148438 0.0015974
0 0.288281 0.748438 0.327344 0.153125 0.00155449
0 0.316016 0.942187 0.172656 0.1125 0.00128937
0 0.708594 0.408984 0.078125 0.0804688 0.00122547
1 0.776563 0.890625 0.328125 0.104687 0.00120163
1 0.676172 0.781055 0.308594 0.144141 0.00118351
0 0.848242 0.147168 0.294141 0.288086 0.00106907
0 0.316602 0.535156 0.537891 0.595312 0.898926
0 0.102246 0.786719 0.196289 0.425 0.0304413
0 0.682031 0.605371 0.489062 0.508008 0.0291443
0 0.860937 0.199951 0.276563 0.389941 0.00963593
0 0.700391 0.710547 0.438281 0.294531 0.00878143
0 0.764063 0.0996094 0.1125 0.199219 0.00682449
0 0.376953 0.0583984 0.282031 0.109375 0.00664139
0 0.675391 0.996094 0.296094 0.0078125 0.00609589
1 0.318359 0.541016 0.529688 0.594531 0.0050621
0 0.895312 0.996484 0.209375 0.00703125 0.00239754
0 0.6 0.0857178 0.248437 0.168408 0.00223351
0 0.643359 0.974219 0.394531 0.0515625 0.00192642
0 0.89375 0.243701 0.2125 0.294629 0.00148964
0 0.924219 0.926562 0.151562 0.146875 0.0014782
0 0.997266 0.394141 0.00546875 0.532812 0.00143242
0 0.158203 0.996484 0.309766 0.00703125 0.00139904
0 0.869531 0.0858398 0.16875 0.168164 0.00131512
0 0.5375 0.994922 0.38125 0.0101562 0.00125504
0 0.669922 0.967188 0.317969 0.065625 0.00123024
0 0.642187 0.0758789 0.167187 0.148633 0.00116062
0 0.673437 0.961719 0.265625 0.0765625 0.00112915
0 1 0.258594 0 0.215625 0.00107765
0 0.984375 0.911719 0.03125 0.176563 0.00105286
0 0.717188 0.400781 0.0921875 0.0898438 0.00103188
0 0.325586 0.530859 0.542578 0.600781 0.902344
0 0.70625 0.630859 0.448438 0.453906 0.152344
0 0.612891 0.0750977 0.232031 0.149609 0.0319824
0 0.389941 0.0606934 0.213867 0.118066 0.0159607
1 0.321875 0.528516 0.535937 0.603906 0.0142822
0 0.132227 0.00734863 0.264453 0.0146973 0.00751877
0 0.720312 0.401465 0.109375 0.0923828 0.00725937
0 0.917188 0.953125 0.165625 0.09375 0.00582123
1 0.70625 0.630859 0.448438 0.453906 0.00579834
0 0.613672 0.0560547 0.230469 0.104297 0.00481033
1 0.612891 0.0750977 0.232031 0.149609 0.00424957
0 0.771875 0.00787354 0.45625 0.0157471 0.00402451
0 0.612891 0.957031 0.242969 0.0859375 0.00337601
0 0.619922 0.00755615 0.532031 0.0151123 0.0026722
0 0.717188 0.00766602 0.540625 0.015332 0.00255013
0 0.355469 0.0496094 0.221094 0.0982422 0.0020504
0 0.113965 0.00878906 0.22793 0.0175781 0.00195694
0 0.208203 0.00845947 0.416406 0.0169189 0.00186062
0 0.492969 0.00751953 0.540625 0.0150391 0.00173378
0 0.682813 0.245312 0.090625 0.124219 0.0016613
0 0.0680664 0.0137451 0.136133 0.0274902 0.00161076
0 0.851953 0.00964355 0.296094 0.0192871 0.00154877
0 0.739062 0.233008 0.521875 0.466016 0.00150681
0 0.698438 0.717578 0.453125 0.278906 0.00149536
0 0.614453 0.102637 0.246094 0.195508 0.00148964
0 0.639844 0.0922852 0.16875 0.18457 0.00139427
0 0.296875 0.953516 0.228125 0.0929687 0.00124931
0 0.928906 0.934375 0.142188 0.128125 0.00106525
0 0.392188 0.0071167 0.528125 0.0142334 0.00104046
0 0.639746 0.582422 0.592383 0.566406 0.00101662
1 0.132227 0.00734863 0.264453 0.0146973 0.00101662
0 0.32168 0.532715 0.516016 0.608008 0.897461
0 0.726172 0.638281 0.405469 0.442187 0.334473
0 0.861133 0.186914 0.277734 0.370703 0.21936
0 0.763281 0.616406 0.326562 0.373437 0.0897827
1 0.861133 0.186914 0.277734 0.370703 0.0327148
0 0.864844 0.135449 0.26875 0.264648 0.0253754
1 0.735937 0.636719 0.38125 0.448438 0.00881195
0 0.733594 0.51709 0.404687 0.651758 0.0085144
1 0.864844 0.135449 0.26875 0.264648 0.0069046
0 0.929297 0.923437 0.141406 0.15 0.006073
0 0.725391 0.258203 0.549219 0.516406 0.005867
0 0.728125 0.37207 0.54375 0.735547 0.0053215
1 0.326562 0.533594 0.516406 0.589063 0.00503922
1 0.728125 0.37207 0.54375 0.735547 0.00446701
0 0.6125 0.960938 0.228125 0.078125 0.00415039
0 0.0533325 0.065332 0.0943115 0.129492 0.0041008
1 0.725391 0.258203 0.549219 0.516406 0.00402451
0 0.943359 0.754687 0.113281 0.296875 0.00390053
0 0.871484 0.272607 0.257031 0.25791 0.00336266
1 0.733594 0.51709 0.404687 0.651758 0.00321007
0 0.911719 0.881055 0.176563 0.237891 0.00261116
0 0.607031 0.0701172 0.236719 0.133789 0.00218201
0 0.831641 0.273047 0.336719 0.534375 0.00199509
1 0.710938 0.404297 0.134375 0.0960938 0.00189686
0 0.181445 0.0918945 0.217187 0.130859 0.00168705
0 0.501562 0.269531 0.9125 0.539062 0.00167465
0 0.785156 0.10022 0.142188 0.193311 0.00151253
0 0.767187 0.103711 0.103125 0.204297 0.00131512
0 0.777344 0.199219 0.445312 0.398438 0.00130463
0 0.105176 0.85 0.200977 0.3 0.00119686
0 0.911719 0.254102 0.170312 0.259766 0.00112438
1 0.483594 0.211133 0.882812 0.421484 0.00112438
0 0.667578 0.138477 0.377344 0.276953 0.00107765
0 0.94375 0.486719 0.1125 0.261719 0.00106907
0 0.327148 0.529688 0.526953 0.598437 0.823242
0 0.701172 0.622656 0.447656 0.475 0.384033
1 0.701172 0.622656 0.447656 0.475 0.0454407
0 0.610156 0.0665039 0.229687 0.122852 0.0417786
1 0.327734 0.531152 0.528906 0.606445 0.0401611
0 0.605469 0.958594 0.217187 0.0828125 0.0214539
0 0.926562 0.926562 0.146875 0.14375 0.0194244
0 0.775 0.63125 0.303125 0.45625 0.0186157
1 0.775 0.63125 0.303125 0.45625 0.00471878
0 0.60625 0.963281 0.185937 0.0734375 0.00345612
1 0.610156 0.0665039 0.229687 0.122852 0.0024147
0 0.627734 0.972656 0.182031 0.0546875 0.00215721
0 0.388672 0.0640625 0.246094 0.123828 0.00166798
0 0.84707 0.858594 0.155859 0.16875 0.00142097
0 0.590234 0.0570801 0.183594 0.107324 0.00137234
0 0.651563 0.986719 0.185937 0.0265625 0.00135612
0 0.685156 0.255469 0.111719 0.147656 0.00130463
0 0.653516 0.9625 0.274219 0.075 0.00109005
0 0.322656 0.535937 0.525 0.596875 0.898438
0 0.722656 0.63125 0.404687 0.445312 0.194336
0 0.942187 0.923828 0.115625 0.152344 0.0191956
1 0.731641 0.631641 0.380469 0.439844 0.0170441
0 0.734766 0.454688 0.408594 0.81875 0.0120544
1 0.719141 0.550391 0.405469 0.600781 0.0103683
1 0.32207 0.534766 0.529297 0.597656 0.00787354
1 0.734766 0.454688 0.408594 0.81875 0.00701141
0 0.0746094 0.0637695 0.144141 0.127539 0.00429916
0 0.601172 0.0573242 0.247656 0.100195 0.00314713
0 0.848437 0.198242 0.303125 0.390234 0.00257111
0 0.607813 0.963281 0.225 0.0734375 0.00226974
0 0.722266 0.976562 0.103906 0.046875 0.00185299
0 0.652344 0.460938 0.553125 0.790625 0.00179577
0 0.714844 0.394141 0.115625 0.0664062 0.0016489
0 0.7875 0.198486 0.425 0.395215 0.00159168
0 0.648438 0.974219 0.267188 0.0515625 0.00155449
0 0.599609 0.0838867 0.26875 0.155664 0.00146675
0 0.704297 0.973437 0.158594 0.053125 0.00132465
0 0.953125 0.742188 0.09375 0.251563 0.00124931
0 0.798242 0.630469 0.256641 0.435937 0.0011692
1 0.848437 0.198242 0.303125 0.390234 0.0011158
0 0.319141 0.535937 0.530469 0.584375 0.914551
0 0.717969 0.633984 0.409375 0.444531 0.233765
1 0.726562 0.631641 0.390625 0.447656 0.0353394
1 0.31875 0.53584 0.53125 0.601758 0.0121002
0 0.625781 0.961719 0.26875 0.0765625 0.00703812
0 0.926562 0.925 0.146875 0.148438 0.00602722
0 0.648438 0.971094 0.321875 0.0578125 0.00230598
0 0.610937 0.0616211 0.232812 0.114648 0.00209999
0 0.714063 0.495313 0.423438 0.728125 0.00102425
0 0.319141 0.536035 0.530469 0.58418 0.914551
0 0.717578 0.633984 0.408594 0.444531 0.233032
1 0.726562 0.631641 0.390625 0.447656 0.0352783
1 0.31875 0.53584 0.53125 0.601758 0.012146
0 0.625781 0.961719 0.26875 0.0765625 0.00712204
0 0.926562 0.925 0.146875 0.148438 0.00600433
0 0.648438 0.971094 0.321875 0.0578125 0.00232315
0 0.610937 0.0616211 0.232812 0.114453 0.00209999
0 0.714063 0.495703 0.423438 0.727344 0.00103188
