0 0.559766 0.703906 0.664844 0.571875 0.405518
0 0.678125 0.211719 0.567187 0.420312 0.294189
0 0.1625 0.0884766 0.252734 0.176953 0.236572
1 0.557422 0.699609 0.650781 0.564844 0.213989
1 0.678906 0.211523 0.567187 0.415234 0.133179
0 0.245117 0.447266 0.486328 0.539844 0.0710449
0 0.90625 0.0546875 0.140625 0.108594 0.0322266
1 0.159961 0.0881836 0.251563 0.176367 0.0317993
0 0.213477 0.0898438 0.369141 0.179688 0.0313721
0 0.289844 0.3875 0.504687 0.422656 0.023468
1 0.245117 0.447266 0.486328 0.539844 0.0200195
0 0.160156 0.448535 0.320312 0.551367 0.0154266
1 0.289844 0.3875 0.504687 0.422656 0.00963593
0 0.338672 0.0980469 0.150781 0.196094 0.00521851
0 0.778906 0.213672 0.3625 0.407031 0.00481033
1 0.213477 0.0898438 0.369141 0.179688 0.00477219
0 0.688672 0.704687 0.413281 0.542188 0.00450516
1 0.90625 0.0546875 0.140625 0.108594 0.00407028
0 0.53125 0.317578 0.9 0.611719 0.00380898
0 0.386719 0.712891 0.292188 0.499219 0.00358009
0 0.124414 0.522266 0.248828 0.379687 0.00355148
0 0.2875 0.498047 0.504687 0.672656 0.00325966
0 0.905469 0.0510254 0.189063 0.096582 0.00322342
1 0.53125 0.317578 0.9 0.611719 0.00264168
0 0.269336 0.100391 0.292578 0.200781 0.00250244
1 0.174902 0.441016 0.349805 0.553906 0.00245285
0 0.930078 0.544922 0.139844 0.269531 0.00223351
1 0.2875 0.498047 0.504687 0.672656 0.00199509
0 0.565625 0.457812 0.790625 0.889063 0.00174141
0 0.879102 0.898047 0.241797 0.203906 0.00164223
1 0.565625 0.457812 0.790625 0.889063 0.00160408
0 0.364844 0.550781 0.540625 0.792188 0.00148392
0 0.895703 0.545703 0.208594 0.271094 0.00134563
0 0.165234 0.850781 0.330469 0.298438 0.00131989
0 0.118359 0.0824463 0.14375 0.164404 0.00131512
1 0.688672 0.704687 0.413281 0.542188 0.00129414
0 0.205078 0.0885742 0.180859 0.167383 0.00125504
0 0.975 0.542188 0.05 0.285937 0.00123978
1 0.778906 0.213672 0.3625 0.407031 0.00123024
1 0.33457 0.102637 0.158984 0.205273 0.0012064
0 0.913281 0.845312 0.173438 0.309375 0.00109005
0 0.31875 0.0833984 0.192969 0.166797 0.00106907
0 0.0636719 0.0444336 0.127344 0.0888672 0.00106907
0 0.853125 0.220117 0.21875 0.394141 0.00104809
0 0.964063 0.511035 0.071875 0.34668 0.00104046
0 0.980469 0.567969 0.0390625 0.257812 0.00103188
0 0.923437 0.50166 0.153125 0.362305 0.00102425
1 0.386719 0.712891 0.292188 0.499219 0.00100422
0 0.879492 0.0447754 0.222266 0.0895508 0.00100422
0 0.557031 0.700391 0.640625 0.555469 0.835449
0 0.676953 0.216455 0.577344 0.399902 0.812988
0 0.175732 0.0877197 0.277441 0.171436 0.504883
0 0.287695 0.441016 0.575391 0.535937 0.105042
1 0.671484 0.21875 0.569531 0.401563 0.0742188
1 0.175732 0.0877197 0.277441 0.171436 0.062439
1 0.557813 0.700781 0.63125 0.554688 0.0489502
0 0.767969 0.699219 0.25625 0.54375 0.0308533
0 0.290234 0.337891 0.505469 0.435937 0.0200958
0 0.422266 0.302734 0.791406 0.582031 0.0175171
0 0.835938 0.239844 0.2625 0.367188 0.0160217
0 0.178223 0.440625 0.356445 0.5375 0.0147324
1 0.287695 0.441016 0.575391 0.535937 0.0120087
1 0.765625 0.70625 0.260938 0.53125 0.00952148
0 0.126953 0.521484 0.253906 0.371875 0.00641251
0 0.474609 0.711328 0.470313 0.513281 0.00609589
0 0.889063 0.045813 0.209375 0.0886475 0.00605011
0 0.396777 0.713281 0.325195 0.5 0.00365067
0 0.13252 0.0826172 0.174023 0.162305 0.00312424
1 0.422266 0.302734 0.791406 0.582031 0.00298119
0 0.714453 0.695312 0.352344 0.542188 0.00260162
0 0.471875 0.236719 0.884375 0.445312 0.00225258
1 0.878125 0.856055 0.24375 0.284766 0.00220871
0 0.875586 0.874219 0.248828 0.251563 0.00214958
1 0.290234 0.337891 0.505469 0.435937 0.00174809
0 0.428516 0.390723 0.4375 0.532617 0.00170708
0 0.112988 0.446484 0.225977 0.511719 0.00170708
1 0.178223 0.440625 0.356445 0.5375 0.0016489
1 0.126953 0.521484 0.253906 0.371875 0.00159168
0 0.181836 0.0863281 0.179297 0.16875 0.00135136
1 0.886719 0.042041 0.2125 0.084082 0.00127888
0 0.875195 0.0356445 0.249609 0.0712891 0.00125504
0 0.874805 0.810938 0.244141 0.375 0.00122547
0 0.553516 0.480469 0.711719 0.896875 0.00116062
1 0.835938 0.239844 0.2625 0.367188 0.00114727
1 0.897656 0.0513672 0.171875 0.0982422 0.00108147
0 0.6 0.487109 0.244531 0.133594 0.00104046
0 0.691797 0.226172 0.549219 0.400781 0.769531
0 0.564844 0.701563 0.660937 0.559375 0.669922
0 0.171191 0.0891846 0.275586 0.17085 0.418701
1 0.554688 0.704687 0.6625 0.5625 0.398926
0 0.271094 0.376563 0.542188 0.647656 0.102112
0 0.878125 0.0505371 0.203125 0.0969727 0.0526123
1 0.656348 0.226758 0.606055 0.398047 0.0332031
0 0.328516 0.295117 0.657031 0.564453 0.0319824
1 0.171191 0.0891846 0.275586 0.17085 0.0200195
0 0.149512 0.493652 0.291992 0.433008 0.0172424
0 0.430078 0.265625 0.849219 0.502344 0.0137405
1 0.271094 0.376563 0.542188 0.647656 0.0104065
0 0.284375 0.279883 0.505469 0.508984 0.0103302
0 0.921875 0.851562 0.153125 0.29375 0.00985718
1 0.878125 0.0505371 0.203125 0.0969727 0.00812531
0 0.296094 0.096875 0.573438 0.187109 0.00651169
1 0.915625 0.849805 0.1625 0.297266 0.006073
0 0.879492 0.857813 0.231641 0.279687 0.00536346
0 0.199805 0.442969 0.396484 0.536719 0.00530243
0 0.693359 0.698438 0.407031 0.5625 0.0042305
1 0.328516 0.295117 0.657031 0.564453 0.0041008
1 0.879492 0.857813 0.231641 0.279687 0.00397491
0 0.903125 0.0608398 0.178125 0.114453 0.00282288
1 0.430078 0.265625 0.849219 0.502344 0.0026207
0 0.478223 0.74375 0.482617 0.465625 0.00258064
0 0.78457 0.239063 0.374609 0.367969 0.00258064
1 0.284375 0.279883 0.505469 0.508984 0.00255013
0 0.418066 0.053125 0.22793 0.102344 0.0019722
0 0.685547 0.550781 0.424219 0.254687 0.00181007
0 0.917969 0.0480469 0.164062 0.0960938 0.00178242
0 0.161719 0.222266 0.238281 0.0871094 0.00170708
0 0.40166 0.721094 0.338867 0.507812 0.00162315
0 0.356055 0.310937 0.362109 0.445312 0.00144386
0 0.407031 0.519531 0.207031 0.104687 0.00118351
0 0.90625 0.098999 0.1875 0.192236 0.00117874
0 0.411719 0.152734 0.804688 0.288281 0.00114727
0 0.478516 0.078125 0.899219 0.147461 0.00113392
0 0.965625 0.836719 0.06875 0.279687 0.00113392
0 0.715625 0.0532715 0.195312 0.103613 0.0011034
0 0 0.602344 0 0.148438 0.00101662
1 0.296094 0.096875 0.573438 0.187109 0.00100803
0 0.694922 0.225781 0.519531 0.379687 0.865723
0 0.549902 0.702344 0.683008 0.554688 0.845215
0 0.148145 0.513184 0.28457 0.38457 0.276611
0 0.170117 0.0926758 0.244922 0.163086 0.182983
0 0.275781 0.39375 0.511719 0.221875 0.121033
1 0.559277 0.725 0.65332 0.504687 0.0928345
1 0.666016 0.225586 0.582031 0.381641 0.0710449
0 0.158301 0.224023 0.19082 0.0832031 0.0643921
0 0.262695 0.501172 0.513672 0.400781 0.0496826
1 0.146094 0.518066 0.280469 0.37168 0.0381165
0 0.460938 0.578906 0.123438 0.0875 0.0228882
1 0.269922 0.428906 0.538281 0.288281 0.0189056
0 0.892187 0.05 0.171875 0.0886719 0.0170441
0 0.356445 0.709375 0.240234 0.442187 0.0125732
1 0.305469 0.398438 0.446094 0.228906 0.012291
0 0.469531 0.587891 0.10625 0.0671875 0.0104065
1 0.262695 0.501172 0.513672 0.400781 0.00997162
0 0.299219 0.42666 0.439844 0.282617 0.0078125
1 0.16416 0.0916992 0.252539 0.16543 0.00769424
0 0.407422 0.553125 0.234375 0.139062 0.00737381
0 0.117383 0.559375 0.222266 0.28125 0.00605011
0 0.455566 0.547656 0.326367 0.145313 0.00471878
0 0.127246 0.619531 0.254492 0.160938 0.00402451
0 0.614453 0.478125 0.267969 0.120312 0.00356483
1 0.363086 0.727344 0.254297 0.467187 0.00265312
0 0.423047 0.729688 0.361719 0.485938 0.00233269
1 0.158301 0.224023 0.19082 0.0832031 0.00226974
0 0.646094 0.0733398 0.309375 0.0935547 0.00189686
0 0.497656 0.50625 0.398438 0.10625 0.00178909
0 0.664844 0.328906 0.267188 0.164844 0.00174141
1 0.117383 0.559375 0.222266 0.28125 0.00129414
1 0.35293 0.657031 0.231641 0.359375 0.0012846
1 0.460938 0.578906 0.123438 0.0875 0.0012207
0 0.401563 0.582422 0.244531 0.0789063 0.00112438
0 0.350781 0.630469 0.225781 0.328125 0.00112057
0 0.384766 0.635156 0.285156 0.360938 0.00106907
0 0.389453 0.557422 0.271094 0.201562 0.00105286
0 0.564746 0.700391 0.656445 0.561719 0.87207
0 0.144141 0.456641 0.28125 0.497656 0.687012
0 0.166895 0.086377 0.278711 0.172754 0.494141
0 0.212109 0.432813 0.416406 0.535156 0.376709
1 0.562598 0.707031 0.656055 0.557813 0.0727539
0 0.890625 0.0486206 0.19375 0.0902588 0.0419312
0 0.650391 0.222461 0.610156 0.411328 0.0139542
0 0.512891 0.225391 0.808594 0.422656 0.0126724
1 0.144141 0.456641 0.28125 0.497656 0.012146
1 0.212109 0.432813 0.416406 0.535156 0.00712204
1 0.168457 0.0876953 0.281836 0.175391 0.00666809
0 0.133594 0.518359 0.260156 0.365625 0.00591278
0 0.471875 0.974219 0.442969 0.0515625 0.00279045
0 0.442187 0.980078 0.453906 0.0398437 0.00265312
0 0.46709 0.991016 0.425195 0.0179687 0.00255013
0 0.491309 0.985156 0.423633 0.0296875 0.00189686
0 0.497754 0.96875 0.441992 0.0625 0.00181007
0 0.285547 0.388672 0.571094 0.464063 0.00171375
0 0.883594 0.994922 0.232812 0.0101562 0.00170708
0 0.160254 0.995313 0.288867 0.009375 0.0016613
0 0.845312 0.0248779 0.29375 0.0497559 0.00154305
0 0.0046875 0.675781 0.009375 0.409375 0.0014782
1 0.878125 0.0444824 0.215625 0.0889648 0.00141621
0 0.0924805 0.55625 0.179883 0.289062 0.00129986
0 0.84043 0.237109 0.262891 0.367969 0.00119686
0 0.235596 0.996094 0.362402 0.0078125 0.00118351
0 0.869141 0.0372559 0.261719 0.0745117 0.00108624
1 0.512891 0.225391 0.808594 0.422656 0.00107288
0 0.566797 0.708203 0.666406 0.571094 0.80127
0 0.610937 0.219922 0.73125 0.419531 0.297363
1 0.564746 0.707031 0.667383 0.559375 0.258301
0 0.282227 0.437402 0.564453 0.543945 0.121887
1 0.282227 0.437402 0.564453 0.543945 0.0396423
0 0.171973 0.089624 0.275977 0.173486 0.0324707
1 0.610937 0.219922 0.73125 0.419531 0.0171814
0 0.147656 0.501172 0.29375 0.409375 0.0145569
0 0.490625 0.298047 0.88125 0.567187 0.0138474
0 0.886719 0.0491089 0.1875 0.0957275 0.0137939
0 0.169043 0.436621 0.33418 0.550195 0.0116882
0 0.463281 0.405469 0.926562 0.635156 0.0106125
0 0.192773 0.220117 0.225391 0.0929687 0.00760651
1 0.409766 0.427441 0.819531 0.588867 0.00527954
1 0.197705 0.0900147 0.328027 0.177002 0.00462723
0 0.139355 0.564844 0.277539 0.284375 0.00448608
1 0.490625 0.298047 0.88125 0.567187 0.00263214
0 0.230078 0.090918 0.400781 0.179102 0.00211525
1 0.169043 0.436621 0.33418 0.550195 0.00161076
0 0.813281 0.00648193 0.373437 0.0129639 0.00124931
0 0.563184 0.704687 0.661133 0.571875 0.864746
0 0.694531 0.21875 0.545313 0.400781 0.640625
0 0.147656 0.442285 0.289844 0.531055 0.47168
0 0.248047 0.44375 0.484375 0.539062 0.245117
0 0.275586 0.379004 0.512891 0.407617 0.0551147
0 0.157422 0.0875 0.261719 0.175 0.0517578
0 0.11709 0.48125 0.233008 0.444531 0.0484924
1 0.571094 0.702344 0.670313 0.559375 0.0345459
0 0.129199 0.860156 0.248242 0.279687 0.0237732
0 0.257031 0.334375 0.471875 0.307031 0.021286
0 0.890625 0.051123 0.1875 0.100098 0.0176392
1 0.147656 0.442285 0.289844 0.531055 0.0159607
1 0.280273 0.443359 0.543359 0.535156 0.0142822
0 0.494531 0.260352 0.942187 0.474609 0.0137405
0 0.429297 0.302148 0.811719 0.381641 0.0134277
1 0.684375 0.215234 0.55625 0.397656 0.00985718
0 0.283594 0.542188 0.533594 0.74375 0.00815582
0 0.939453 0.528906 0.121094 0.292188 0.00679779
0 0.191602 0.860352 0.359766 0.279297 0.00391388
0 0.884375 0.0380859 0.19375 0.0761719 0.00388527
0 0.0920898 0.85625 0.177148 0.2875 0.00369263
1 0.890625 0.051123 0.1875 0.100098 0.00307465
0 0.0852539 0.450391 0.168359 0.522656 0.00279999
1 0.157422 0.0875 0.261719 0.175 0.00270462
0 0.196484 0.0884766 0.191797 0.171484 0.00263214
1 0.129199 0.860156 0.248242 0.279687 0.00252151
0 0.19043 0.3125 0.349609 0.269531 0.00201988
0 0.85625 0.0484375 0.265625 0.096875 0.00191879
0 0.103711 0.564844 0.207031 0.264062 0.00186062
0 0.639453 0.474219 0.280469 0.120312 0.00167465
0 0.82793 0.228076 0.272266 0.348535 0.00162888
1 0.235742 0.325781 0.446484 0.291406 0.00160408
0 0.920313 0.521191 0.15625 0.32793 0.00149536
1 0.11709 0.48125 0.233008 0.444531 0.0014267
0 0.707422 0.592969 0.378906 0.351562 0.00139427
1 0.885547 0.792969 0.228906 0.414062 0.00138283
0 0.885547 0.792969 0.228906 0.414062 0.00126457
0 0.0669922 0.848242 0.127344 0.303516 0.00103188
0 0.505078 0.351953 0.892969 0.646875 0.00100422
0 0.565234 0.703125 0.663281 0.565625 0.818359
0 0.141406 0.453516 0.280078 0.508594 0.398926
0 0.186133 0.0875 0.266016 0.175 0.199341
1 0.562109 0.703516 0.660156 0.555469 0.0574951
0 0.546094 0.225 0.8375 0.407031 0.0413208
0 0.889063 0.0501465 0.196875 0.0959961 0.0232391
1 0.144922 0.442578 0.2875 0.532031 0.0193024
0 0.186719 0.216748 0.213281 0.0852539 0.00978088
0 0.286719 0.419141 0.573438 0.497656 0.00731659
1 0.191016 0.0876953 0.270312 0.175391 0.00416565
1 0.546094 0.225 0.8375 0.407031 0.00324821
0 0.229687 0.215283 0.289844 0.0842773 0.00296974
1 0.286719 0.419141 0.573438 0.497656 0.00226974
0 0.484375 0.287891 0.885938 0.511719 0.00214005
0 0.129492 0.567969 0.258984 0.292188 0.00209999
0 0.626172 0.482812 0.335156 0.13125 0.00190449
0 0.329688 0.351562 0.632812 0.391406 0.00157928
0 0.131055 0.860156 0.258984 0.275 0.0012846
1 0.889063 0.0501465 0.196875 0.0959961 0.00115585
1 0.13584 0.514453 0.268945 0.388281 0.00112438
0 0.564844 0.700391 0.65625 0.569531 0.885742
0 0.678906 0.222656 0.579687 0.40625 0.634277
0 0.283984 0.437109 0.560156 0.525781 0.313965
0 0.158594 0.435547 0.312109 0.530469 0.312256
1 0.283984 0.437109 0.560156 0.525781 0.150757
0 0.1875 0.0739258 0.261328 0.136914 0.0663452
1 0.564062 0.698438 0.657812 0.567187 0.0618896
1 0.158594 0.435547 0.312109 0.530469 0.0600891
1 0.681641 0.217578 0.569531 0.40625 0.0495911
0 0.889063 0.0510254 0.18125 0.0952148 0.0184021
0 0.213672 0.0913818 0.310547 0.178174 0.0120087
0 0.141797 0.503809 0.280469 0.395508 0.00963593
0 0.447266 0.344922 0.891406 0.386719 0.00701141
0 0.123242 0.576563 0.244141 0.248437 0.00521851
0 0.278906 0.0948242 0.45 0.186133 0.00462723
1 0.447266 0.344922 0.891406 0.386719 0.00448608
0 0.0733398 0.582031 0.143555 0.23125 0.00434875
1 0.213672 0.0913818 0.310547 0.178174 0.00328636
0 0.34375 0.105273 0.596875 0.208984 0.00279045
0 0.121582 0.864062 0.238086 0.271875 0.00263214
0 0.473437 0.0431519 0.153125 0.0836182 0.00231361
1 0.278906 0.0948242 0.45 0.186133 0.00217438
0 0.773828 0.235596 0.389844 0.381152 0.00198746
0 0.465234 0.269531 0.900781 0.474219 0.00188255
1 0.34375 0.105273 0.596875 0.208984 0.00168705
0 0.389844 0.734375 0.307031 0.489062 0.00133514
0 0.0823242 0.885938 0.158789 0.228125 0.00108147
0 0.246484 0.355469 0.485938 0.359375 0.00107288
0 0.409766 0.139648 0.772656 0.278125 0.00105667
0 0.560254 0.703516 0.662305 0.563281 0.808105
0 0.674219 0.223828 0.585938 0.401563 0.769531
0 0.274219 0.440234 0.542969 0.535156 0.503906
0 0.149414 0.440234 0.297656 0.527344 0.187134
1 0.559766 0.7 0.661719 0.55625 0.167236
1 0.274219 0.440234 0.542969 0.535156 0.160034
0 0.186719 0.0878906 0.280469 0.175391 0.11438
1 0.677734 0.220313 0.582031 0.40625 0.0718384
1 0.149414 0.440234 0.297656 0.527344 0.0203705
0 0.885938 0.0522461 0.185937 0.104492 0.0195007
0 0.132617 0.515625 0.264844 0.378125 0.00527954
0 0.748438 0.235889 0.432813 0.383691 0.00216484
1 0.885938 0.0522461 0.185937 0.104492 0.0019722
0 0.243359 0.10293 0.41875 0.205859 0.00186062
1 0.185156 0.0886719 0.2875 0.177344 0.00148392
0 0.322656 0.128711 0.585938 0.257422 0.00139904
0 0.139453 0.84707 0.277734 0.302734 0.00116062
0 0.560254 0.703125 0.662305 0.5625 0.807617
0 0.674219 0.223828 0.585938 0.401563 0.771973
0 0.274414 0.440234 0.542578 0.535156 0.504883
0 0.149609 0.440234 0.297656 0.527344 0.187134
1 0.559766 0.699609 0.661719 0.557031 0.169189
1 0.274414 0.440234 0.542578 0.535156 0.160767
0 0.186523 0.0878906 0.280078 0.175391 0.114746
1 0.677734 0.220313 0.582031 0.40625 0.0720825
1 0.149609 0.440234 0.297656 0.527344 0.0204926
0 0.885938 0.0522461 0.185937 0.104492 0.0197144
0 0.132812 0.515625 0.264844 0.378125 0.00527954
0 0.748438 0.235889 0.432813 0.383691 0.00216484
1 0.885938 0.0522461 0.185937 0.104492 0.00198746
0 0.242969 0.102832 0.417969 0.205664 0.00187492
1 0.184961 0.0886719 0.287109 0.177344 0.00149536
0 0.322656 0.128711 0.585938 0.257422 0.00140476
0 0.139551 0.84707 0.27793 0.302734 0.00114727
