1 0.471094 0.513672 0.573438 0.783594 0.922852
0 0.478125 0.513184 0.615625 0.783008 0.0214539
1 0.35332 0.491504 0.339453 0.72793 0.00148964
1 0.479297 0.503516 0.599219 0.763281 0.856934
1 0.656641 0.610547 0.264844 0.553906 0.00352478
1 0.490234 0.757812 0.572656 0.26875 0.00231361
1 0.634375 0.500684 0.321875 0.78457 0.00151253
1 0.695703 0.478906 0.496094 0.826563 0.00126457
1 0.473047 0.506152 0.591406 0.761133 0.842285
0 0.15918 0.167969 0.308984 0.321484 0.0120544
0 0.473047 0.506152 0.591406 0.761133 0.00985718
0 0.209766 0.147852 0.410156 0.281641 0.00293541
0 0.116016 0.200586 0.222656 0.387891 0.00198746
1 0.447266 0.271289 0.561719 0.280859 0.00191879
0 0.447266 0.271289 0.561719 0.280859 0.00156689
0 0.996094 0.037793 0.0078125 0.0755859 0.00144386
0 0.801758 0.237109 0.390234 0.447656 0.00134563
1 0.720703 0.505859 0.132031 0.669531 0.00130463
0 0.996094 0.080957 0.0078125 0.153125 0.00129414
0 0.996094 0.11853 0.0078125 0.152393 0.00121593
0 0.996484 0.0535156 0.00703125 0.107031 0.00120163
0 0.996094 0.156055 0.0078125 0.151953 0.00113773
0 0.996094 0.193555 0.0078125 0.151172 0.0011158
0 0.996094 0.231055 0.0078125 0.150391 0.00109005
0 0.996094 0.268555 0.0078125 0.150391 0.00106525
0 0.996094 0.305859 0.0078125 0.15 0.00102425
0 0.769141 0.173828 0.453906 0.3375 0.00102043
1 0.475781 0.510254 0.594531 0.757617 0.92627
1 0.480371 0.498047 0.601758 0.757031 0.942383
1 0.481348 0.51084 0.60293 0.773633 0.908203
0 0.480859 0.513965 0.611719 0.776758 0.00274658
0 0.135742 0.00731201 0.271484 0.014624 0.00271416
0 0.811719 0.00733643 0.376563 0.0146729 0.00201988
0 0.760352 0.00770264 0.479297 0.0154053 0.00201035
0 0.692969 0.00775146 0.542188 0.0155029 0.00174141
0 0.206055 0.00755615 0.412109 0.0151123 0.00122547
0 0.256055 0.00758057 0.512109 0.0151611 0.00115585
0 0.594141 0.00776367 0.541406 0.0155273 0.00111198
0 0.0894531 0.010791 0.178906 0.021582 0.00101185
1 0.47666 0.504297 0.599805 0.753906 0.914062
0 0.477246 0.509277 0.598633 0.762695 0.00416565
1 0.479785 0.513281 0.598242 0.764063 0.87207
1 0.488281 0.680078 0.59375 0.439844 0.00263214
1 0.478125 0.396973 0.615625 0.541992 0.00186729
1 0.597656 0.53125 0.382812 0.734375 0.00138855
1 0.479785 0.512598 0.601367 0.77168 0.892578
0 0.483203 0.511035 0.592969 0.768555 0.00251198
1 0.478027 0.514063 0.606445 0.76875 0.901855
1 0.553906 0.455859 0.44375 0.644531 0.00123501
1 0.478027 0.514063 0.606445 0.76875 0.901367
1 0.553906 0.45625 0.44375 0.645312 0.00123024
