0 0.257617 0.388184 0.154297 0.236133 0.42627
0 0.246484 0.179248 0.128906 0.144629 0.167725
1 0.258594 0.387402 0.144531 0.236133 0.0836182
1 0.246484 0.179248 0.128906 0.144629 0.0653687
0 0.682813 0.394141 0.139844 0.261719 0.0484009
0 0.155859 0.746094 0.123828 0.415625 0.0381165
0 0.199219 0.739453 0.210156 0.396094 0.0323486
1 0.482812 0.501562 0.673437 0.907812 0.0292053
1 0.682813 0.394141 0.139844 0.261719 0.0280609
0 0.461328 0.496875 0.579687 0.903125 0.0249939
0 0.372461 0.131421 0.101953 0.129346 0.02211
0 0.675781 0.362695 0.154687 0.362109 0.0188293
0 0.685156 0.444531 0.128125 0.160156 0.0155411
0 0.233789 0.726953 0.230859 0.388281 0.0150757
1 0.675781 0.362695 0.154687 0.362109 0.012825
0 0.696875 0.419531 0.104687 0.249219 0.0115051
1 0.420703 0.515625 0.482812 0.940625 0.0109482
0 0.250391 0.158594 0.135937 0.195312 0.00937653
1 0.158984 0.725781 0.117969 0.370313 0.00834656
1 0.221143 0.726953 0.258496 0.396094 0.00790405
1 0.250391 0.158594 0.135937 0.195312 0.00626373
1 0.372461 0.131421 0.101953 0.129346 0.00588989
0 0.569531 0.320703 0.142188 0.241406 0.00559998
0 0.871875 0.636719 0.046875 0.0921875 0.00557709
0 0.277734 0.385156 0.104687 0.215625 0.00538635
1 0.696875 0.419531 0.104687 0.249219 0.00503922
0 0.566406 0.289258 0.164062 0.460547 0.00502014
0 0.611328 0.442187 0.253906 0.690625 0.00486755
1 0.685156 0.444531 0.128125 0.160156 0.00479126
0 0.698438 0.333594 0.16875 0.410156 0.00471878
0 0.369336 0.157324 0.116797 0.184961 0.0046463
0 0.269141 0.727344 0.152344 0.390625 0.00429916
0 0.810156 0.519531 0.109375 0.182812 0.00426483
0 0.265039 0.170312 0.0996094 0.125781 0.00380898
0 0.619922 0.513672 0.282813 0.894531 0.00378036
0 0.589063 0.316748 0.208594 0.330566 0.00345612
1 0.566406 0.289258 0.164062 0.460547 0.00345612
1 0.810156 0.519531 0.109375 0.182812 0.00342941
0 0.567969 0.362109 0.1375 0.159375 0.00337601
1 0.369336 0.157324 0.116797 0.184961 0.00335121
1 0.265039 0.170312 0.0996094 0.125781 0.00327301
1 0.783789 0.492188 0.432422 0.9 0.00316048
1 0.252734 0.30625 0.138281 0.403125 0.00313568
1 0.619922 0.513672 0.282813 0.894531 0.00309944
0 0.252734 0.30625 0.138281 0.403125 0.00282288
0 0.507031 0.428516 0.297656 0.742969 0.00277901
0 0.862695 0.919531 0.255859 0.160938 0.0027256
1 0.698438 0.333594 0.16875 0.410156 0.00252151
0 0.279687 0.840625 0.120312 0.167187 0.00251198
0 0.427246 0.732422 0.17832 0.328906 0.00250244
0 0.683984 0.511719 0.177344 0.85625 0.0024929
0 0.73125 0.433203 0.235938 0.65 0.00242424
0 0.818359 0.489062 0.363281 0.873438 0.00240517
0 0.270508 0.803125 0.132422 0.2375 0.00236893
0 0.255078 0.436719 0.146094 0.1375 0.00225258
1 0.277734 0.385156 0.104687 0.215625 0.00211525
1 0.73125 0.433203 0.235938 0.65 0.00211525
0 0.289844 0.820312 0.104687 0.201562 0.00210762
1 0.611328 0.442187 0.253906 0.690625 0.00210762
0 0.438281 0.685547 0.144531 0.217969 0.00209999
0 0.789062 0.292773 0.35625 0.503516 0.00205803
1 0.269141 0.727344 0.152344 0.390625 0.00201988
0 0.303711 0.393652 0.241797 0.267383 0.00201035
0 0.577734 0.125293 0.152344 0.106445 0.00199509
1 0.165234 0.683984 0.10625 0.275781 0.00197983
0 0.165234 0.683984 0.10625 0.275781 0.0019722
1 0.569531 0.320703 0.142188 0.241406 0.00192642
0 0.165234 0.150391 0.310156 0.249219 0.00186062
0 0.325781 0.157202 0.20625 0.186377 0.00184631
1 0.853125 0.480469 0.29375 0.867188 0.00175476
1 0.789062 0.292773 0.35625 0.503516 0.0017271
0 0.16543 0.207422 0.323828 0.328125 0.00172043
1 0.862695 0.919531 0.255859 0.160938 0.00167465
0 0.857813 0.923047 0.165625 0.153906 0.00163555
0 0.434766 0.715625 0.157813 0.1625 0.00163555
0 0.330078 0.410156 0.296094 0.590625 0.00161648
1 0.507031 0.428516 0.297656 0.742969 0.00157356
0 0.161133 0.413379 0.312891 0.37168 0.00147247
0 0.208008 0.183594 0.0453125 0.127344 0.00144386
0 0.27207 0.74375 0.210547 0.395312 0.00143242
1 0.683984 0.511719 0.177344 0.85625 0.00143242
0 0.300781 0.817969 0.0914062 0.260938 0.0014267
1 0.438379 0.683984 0.14043 0.227344 0.00137806
1 0.325781 0.157202 0.20625 0.186377 0.00130463
1 0.270508 0.803125 0.132422 0.2375 0.00123978
1 0.757422 0.512109 0.288281 0.880469 0.00123978
0 0.350195 0.861133 0.203516 0.252734 0.00118351
1 0.25083 0.579687 0.181152 0.7875 0.00118351
1 0.298438 0.64375 0.0929687 0.2875 0.00117397
0 0.975 0.79082 0.05 0.174609 0.00115108
0 0.755078 0.521484 0.278906 0.888281 0.00114727
0 0.797656 0.492578 0.0921875 0.144531 0.0011425
0 0.530078 0.319141 0.251563 0.517969 0.00107765
0 0.794531 0.919922 0.342187 0.160156 0.00106525
1 0.589063 0.316748 0.208594 0.330566 0.00106525
0 0.587109 0.0147461 0.724219 0.0294922 0.00104809
0 0.548437 0.268701 0.220313 0.393848 0.00104809
1 0.567969 0.362109 0.1375 0.159375 0.00103188
0 0.262891 0.392188 0.146875 0.253125 0.551758
0 0.675 0.405859 0.14375 0.233594 0.475586
0 0.570703 0.318164 0.153906 0.241797 0.449463
0 0.563281 0.147656 0.214844 0.146875 0.435791
0 0.372266 0.137598 0.121094 0.14082 0.420654
0 0.688672 0.443848 0.113281 0.306055 0.209473
0 0.560938 0.176514 0.229687 0.206348 0.204956
0 0.249219 0.174805 0.128906 0.15625 0.196777
1 0.677734 0.40625 0.138281 0.227344 0.184204
1 0.555469 0.171973 0.221875 0.195117 0.138428
1 0.348437 0.14541 0.178125 0.137695 0.118408
1 0.564062 0.321875 0.167187 0.251563 0.101929
0 0.646875 0.388672 0.201562 0.275781 0.10144
0 0.348437 0.14541 0.178125 0.137695 0.0933228
1 0.262695 0.385547 0.14375 0.232812 0.0903931
0 0.219336 0.727344 0.254687 0.421875 0.0838623
1 0.370117 0.137109 0.131641 0.130859 0.0794678
0 0.676172 0.425391 0.1 0.264844 0.0685425
1 0.219336 0.727344 0.254687 0.421875 0.0658569
0 0.688672 0.496191 0.103125 0.412305 0.0628052
0 0.695312 0.403906 0.248437 0.245312 0.0569763
0 0.672266 0.437402 0.128906 0.183008 0.0526123
1 0.695312 0.403906 0.248437 0.245312 0.0507202
0 0.847656 0.924219 0.203125 0.151562 0.0422363
1 0.249219 0.174805 0.128906 0.15625 0.041626
0 0.58125 0.371094 0.135937 0.352344 0.0394897
0 0.234375 0.181055 0.0828125 0.165234 0.0323486
1 0.773828 0.40459 0.355469 0.242383 0.0282135
0 0.15957 0.647656 0.110937 0.217187 0.0271759
1 0.646875 0.388672 0.201562 0.275781 0.0258636
0 0.163477 0.713281 0.103516 0.357812 0.0256653
0 0.367188 0.909375 0.174219 0.178125 0.0227203
0 0.773828 0.40459 0.355469 0.242383 0.0217743
0 0.248437 0.461816 0.111719 0.387305 0.0196381
1 0.688672 0.443848 0.113281 0.306055 0.0167847
1 0.308984 0.160962 0.252344 0.179639 0.016098
0 0.602344 0.338672 0.247656 0.252344 0.0107803
1 0.571094 0.336328 0.139062 0.203125 0.0102463
0 0.308984 0.160962 0.252344 0.179639 0.00937653
0 0.566406 0.35332 0.132812 0.178516 0.00831604
1 0.869531 0.927344 0.248437 0.145313 0.00793457
1 0.692187 0.205664 0.528125 0.295703 0.00720596
0 0.510938 0.15293 0.120312 0.138672 0.0068512
0 0.426562 0.683984 0.195312 0.227344 0.00674438
0 0.59375 0.529688 0.0859375 0.165625 0.00624084
1 0.688672 0.496191 0.103125 0.412305 0.00614548
1 0.234375 0.181055 0.0828125 0.165234 0.00609589
1 0.561719 0.141211 0.203125 0.131641 0.00591278
1 0.258594 0.430371 0.153516 0.323633 0.00579834
1 0.469531 0.535547 0.620313 0.899219 0.00579834
1 0.590234 0.541406 0.819531 0.917188 0.00536346
0 0.162598 0.616406 0.111523 0.170312 0.00526047
1 0.676172 0.425391 0.1 0.264844 0.00519943
0 0.572656 0.546094 0.130469 0.197656 0.00486755
1 0.363086 0.901563 0.183203 0.19375 0.00466537
1 0.669531 0.433203 0.1375 0.184375 0.00457382
0 0.469531 0.535547 0.620313 0.899219 0.00431442
1 0.602344 0.338672 0.247656 0.252344 0.00429916
0 0.302344 0.483203 0.46875 0.655469 0.0041008
0 0.692187 0.391797 0.107813 0.204688 0.00400543
0 0.583984 0.553125 0.0921875 0.210938 0.0039444
1 0.302344 0.483203 0.46875 0.655469 0.00378036
0 0.336328 0.567187 0.564062 0.81875 0.0037365
1 0.58125 0.371094 0.135937 0.352344 0.00366402
0 0.522266 0.178174 0.090625 0.0866211 0.00344276
0 0.596875 0.127539 0.14375 0.0851562 0.00338936
0 0.46875 0.444531 0.0585938 0.103125 0.00318527
0 0.250195 0.736328 0.189844 0.396094 0.00313568
0 0.351562 0.365039 0.573438 0.509766 0.00309944
0 0.259375 0.306641 0.128906 0.0828125 0.00302696
1 0.779492 0.250781 0.437891 0.482812 0.00300407
1 0.426562 0.683984 0.195312 0.227344 0.00299263
0 0.590234 0.541406 0.819531 0.917188 0.00287819
1 0.336328 0.567187 0.564062 0.81875 0.00276756
0 0.702344 0.197461 0.534375 0.258594 0.00270462
1 0.278125 0.170312 0.186719 0.154687 0.00264168
1 0.15957 0.647656 0.110937 0.217187 0.00255013
0 0.804688 0.488281 0.125 0.166406 0.00255013
0 0.423828 0.680859 0.123438 0.222656 0.00254059
1 0.351562 0.365039 0.573438 0.509766 0.00234985
0 0.555859 0.105298 0.182031 0.069873 0.00225258
0 0.180127 0.733594 0.163965 0.423438 0.00224304
1 0.163477 0.713281 0.103516 0.357812 0.00208282
1 0.778125 0.429297 0.4375 0.278125 0.00206757
0 0.575781 0.127539 0.165625 0.100781 0.00201988
1 0.590625 0.541406 0.101562 0.1875 0.00195694
1 0.610937 0.320898 0.320312 0.266797 0.00186062
1 0.250195 0.736328 0.189844 0.396094 0.00179577
0 0.610937 0.320898 0.320312 0.266797 0.00178909
1 0.695312 0.299414 0.604688 0.582422 0.00170708
1 0.582031 0.304102 0.132812 0.215234 0.00167465
0 0.872266 0.919141 0.255469 0.161719 0.0016613
1 0.549609 0.160352 0.208594 0.122266 0.0016489
0 0.536719 0.538672 0.0640625 0.182812 0.00148392
1 0.76875 0.18042 0.45625 0.353223 0.00144386
0 0.257812 0.289453 0.125 0.0429688 0.00143242
0 0.253906 0.300781 0.0929687 0.0648438 0.00142097
1 0.418359 0.38584 0.582031 0.62207 0.00141621
1 0.236279 0.173438 0.18291 0.239844 0.00139904
0 0.588281 0.380859 0.0625 0.096875 0.00138855
0 0.460254 0.897656 0.40293 0.204688 0.00136662
0 0.278125 0.170312 0.186719 0.154687 0.00136662
0 0.459375 0.0649414 0.188281 0.129883 0.00133514
0 0.778125 0.429297 0.4375 0.278125 0.00132465
0 0.0898682 0.532812 0.176514 0.934375 0.00129414
0 0.578906 0.392871 0.08125 0.0955078 0.00126457
1 0.572656 0.546094 0.130469 0.197656 0.00126457
1 0.162598 0.616406 0.111523 0.170312 0.00123024
0 0.515625 0.696875 0.38125 0.295312 0.00122547
0 0.582031 0.250391 0.135937 0.113281 0.00122547
0 0.528906 0.178906 0.06875 0.0765625 0.00121593
0 0.871875 0.628906 0.0546875 0.0921875 0.0011158
1 0.248437 0.461816 0.111719 0.387305 0.00108147
1 0.515625 0.696875 0.38125 0.295312 0.00106525
0 0.456641 0.0573242 0.365625 0.113086 0.00106525
0 0.386328 0.120605 0.0898438 0.102148 0.00106525
0 0.224219 0.614453 0.231641 0.708594 0.00104046
0 0.786133 0.198486 0.421484 0.386621 0.00102425
0 0.257812 0.383496 0.15 0.223633 0.637695
0 0.848633 0.925781 0.227734 0.148438 0.542969
0 0.376563 0.132324 0.124219 0.133398 0.494141
0 0.680469 0.414941 0.13125 0.235742 0.362061
0 0.572656 0.331641 0.151562 0.207031 0.32251
0 0.549219 0.125684 0.232812 0.0958984 0.290283
0 0.257031 0.184326 0.146094 0.165723 0.230957
0 0.425781 0.676562 0.18125 0.220313 0.202393
0 0.579687 0.670703 0.160938 0.227344 0.187134
1 0.376563 0.132324 0.124219 0.133398 0.14856
0 0.538281 0.141211 0.246875 0.130859 0.126343
0 0.796875 0.230469 0.396875 0.445312 0.11615
1 0.257812 0.377344 0.149219 0.221875 0.105408
0 0.78418 0.490625 0.0941406 0.173438 0.104126
1 0.566016 0.34375 0.142969 0.19375 0.0703125
0 0.661719 0.389844 0.1375 0.200781 0.0657349
1 0.549219 0.125684 0.232812 0.0958984 0.0646362
1 0.85293 0.926562 0.222266 0.14375 0.064209
1 0.78418 0.490625 0.0941406 0.173438 0.0583496
1 0.682031 0.411816 0.129688 0.24043 0.0541992
1 0.253906 0.188477 0.145313 0.164844 0.0423889
0 0.341016 0.889844 0.239844 0.215625 0.0422363
0 0.460156 0.394531 0.078125 0.203125 0.0368958
0 0.235352 0.807813 0.0828125 0.253125 0.0351562
0 0.79082 0.15918 0.418359 0.307813 0.0344238
1 0.425781 0.676562 0.18125 0.220313 0.0309601
0 0.261719 0.740234 0.164844 0.391406 0.0274811
0 0.375879 0.392969 0.107617 0.208594 0.0234222
1 0.579687 0.670703 0.160938 0.227344 0.0207977
1 0.571875 0.31875 0.167187 0.235938 0.0197144
0 0.696875 0.679688 0.0890625 0.2375 0.0197144
1 0.236523 0.809375 0.0824219 0.267188 0.0194244
0 0.430078 0.0571289 0.216406 0.113086 0.016983
0 0.25957 0.78418 0.123047 0.300391 0.0159607
0 0.363281 0.872656 0.183594 0.240625 0.0149536
0 0.432031 0.623047 0.136719 0.103906 0.0136871
1 0.538281 0.141211 0.246875 0.130859 0.0134277
1 0.460156 0.394531 0.078125 0.203125 0.0133743
1 0.25957 0.78418 0.123047 0.300391 0.0126266
0 0.528125 0.676562 0.129688 0.220313 0.0119171
1 0.376172 0.388184 0.107031 0.204883 0.0115051
0 0.458594 0.454688 0.0859375 0.078125 0.0102463
1 0.661719 0.389844 0.1375 0.200781 0.0085144
0 0.539844 0.167773 0.226562 0.186328 0.00787354
0 0.344531 0.922656 0.228125 0.151562 0.0077858
0 0.23125 0.739844 0.214062 0.40625 0.00751877
0 0.429688 0.513281 0.13125 0.128125 0.00751877
0 0.781055 0.671875 0.112891 0.259375 0.00593567
1 0.696875 0.679688 0.0890625 0.2375 0.00561905
0 0.573828 0.268359 0.153906 0.141016 0.00542831
0 0.160352 0.1375 0.319922 0.257031 0.00502014
0 0.466406 0.44375 0.075 0.101562 0.00479126
1 0.347461 0.907812 0.220703 0.18125 0.00475693
1 0.432031 0.623047 0.136719 0.103906 0.0046463
0 0.31875 0.380078 0.229687 0.228906 0.00453949
0 0.467969 0.84668 0.09375 0.150391 0.00416565
0 0.378516 0.0451172 0.329688 0.0902344 0.00416565
0 0.0969727 0.151562 0.191211 0.286719 0.00400543
1 0.796875 0.230469 0.396875 0.445312 0.00359344
0 0.601172 0.889063 0.297656 0.21875 0.00341606
0 0.260156 0.158105 0.160156 0.216602 0.00325966
0 0.846875 0.299219 0.298438 0.4625 0.00325966
1 0.458594 0.454688 0.0859375 0.078125 0.00319672
0 0.591406 0.927344 0.307813 0.140625 0.0029583
0 0.226172 0.0552734 0.278516 0.10625 0.00291252
0 0.8625 0.649219 0.08125 0.134375 0.00290108
0 0.315625 0.797656 0.210156 0.301562 0.00287819
0 0.842969 0.817187 0.15625 0.125 0.00284576
0 0.773633 0.116211 0.452734 0.226953 0.00279999
0 0.760938 0.65625 0.1625 0.235938 0.00264168
0 0.723047 0.549219 0.0398437 0.0796875 0.00263214
0 0.312109 0.147681 0.207813 0.174951 0.00263214
0 0.273242 0.0528809 0.213672 0.102051 0.0026207
0 0.68125 0.447266 0.120312 0.178906 0.00261116
0 0.504687 0.151758 0.121875 0.145703 0.00254059
0 0.748438 0.514063 0.05 0.104687 0.00252151
0 0.122852 0.202734 0.235156 0.372656 0.00246239
0 0 0.0681641 0 0.136328 0.00244331
0 0 0.167187 0 0.139062 0.00243378
1 0.782031 0.680469 0.117188 0.290625 0.00243378
0 0 0.142163 0 0.139111 0.00242424
0 0 0.192139 0 0.13916 0.00242424
0 0 0.11709 0 0.139648 0.00239754
0 0 0.217187 0 0.139453 0.00237846
0 0 0.0920898 0 0.139258 0.00237846
1 0.528125 0.676562 0.129688 0.220313 0.00234222
0 0 0.0560547 0 0.112109 0.00230598
0 0.639844 0.167383 0.701563 0.236328 0.00229645
0 0 0.292578 0 0.139062 0.00229645
0 0 0.242139 0 0.13916 0.00227928
0 0 0.267188 0 0.139062 0.00227928
1 0.42334 0.0598145 0.21582 0.111426 0.00226974
0 0 0.0379395 0 0.0758789 0.00219917
0 0 0.317773 0 0.139453 0.00217438
1 0.261719 0.740234 0.164844 0.391406 0.00213242
0 0.586719 0.504687 0.0921875 0.10625 0.00211525
1 0.678906 0.444531 0.123438 0.185937 0.00195694
0 0 0.342578 0 0.139844 0.00194168
0 0.710156 0.434766 0.179688 0.215625 0.00194168
0 0.767969 0.689453 0.114063 0.310156 0.00189686
0 0.580078 0.249219 0.146094 0.104687 0.00186062
0 0.992969 0.780469 0.0140625 0.101562 0.00184631
0 0.564844 0.308008 0.20625 0.230859 0.00183868
0 0 0.367578 0 0.139844 0.00183868
0 0.472656 0.8125 0.101562 0.214062 0.00183868
1 0.429688 0.513281 0.13125 0.128125 0.00182438
0 0.970312 0.775781 0.059375 0.0953125 0.00181007
1 0.79082 0.15918 0.418359 0.307813 0.00174141
0 0.615625 0.666797 0.2 0.236719 0.00174141
0 0 0.392578 0 0.139844 0.0017004
0 0.187842 0.744141 0.191504 0.427344 0.00167465
0 0 0.417578 0 0.139844 0.0016489
0 0.994531 0.803125 0.0109375 0.1 0.00163555
1 0.282031 0.385938 0.202344 0.221875 0.00163555
0 0.158594 0.621094 0.11875 0.170312 0.00162315
0 0 0.442578 0 0.140625 0.00155449
0 0.994141 0.884375 0.0117188 0.090625 0.00152493
1 0.539844 0.167773 0.226562 0.186328 0.00151253
1 0.466406 0.44375 0.075 0.101562 0.00150681
0 0.108008 0.0861572 0.210547 0.164795 0.00148964
1 0.31875 0.380078 0.229687 0.228906 0.00148964
0 0.994922 0.820312 0.0101562 0.139062 0.0014782
0 0.508594 0.0464355 0.3375 0.0926758 0.00146675
0 0.995313 0.898438 0.009375 0.117188 0.00145531
0 0.707812 0.147559 0.5625 0.282227 0.00145531
0 0.536719 0.66875 0.296875 0.223438 0.00144958
0 0 0.479688 0 0.140625 0.0014267
0 0.796094 0.474219 0.117188 0.227344 0.00141048
0 0.971875 0.746484 0.05625 0.119531 0.00141048
0 0.946875 0.80625 0.10625 0.228125 0.00140476
0 0 0.891406 0 0.126563 0.00138855
0 0.994141 0.732422 0.0117188 0.141406 0.00137806
0 0 0.505078 0 0.140625 0.00137234
0 0.582715 0.0439941 0.41582 0.0879883 0.00136662
0 0 0.203516 0 0.210938 0.00133038
0 0 0.104492 0 0.208984 0.00132465
0 0.434277 0.467187 0.131445 0.084375 0.00132465
0 0 0.166016 0 0.210938 0.00131512
0 0 0.241016 0 0.210938 0.00131512
0 0.84668 0.937109 0.269141 0.125781 0.00129986
0 0.841992 0.903125 0.191016 0.1 0.00127888
0 0.7375 0.527734 0.0296875 0.128125 0.00127411
0 0.4375 0.244531 0.046875 0.0953125 0.00125504
0 0 0.554688 0 0.140625 0.00125504
0 0.951563 0.878125 0.09375 0.23125 0.00125504
0 0.385547 0.667188 0.261719 0.228125 0.00125504
0 0.374023 0.10022 0.281641 0.181592 0.00124931
0 0 0.828906 0 0.140625 0.00124931
0 0 0.316016 0 0.210938 0.00123501
0 0.869336 0.910547 0.261328 0.178906 0.00123024
0 0 0.278516 0 0.210938 0.00123024
0 0.896875 0.617969 0.2 0.34375 0.00123024
0 0.994531 0.857813 0.0109375 0.134375 0.0012207
0 0 0.0857422 0 0.171484 0.00121593
0 0 0.666406 0 0.140625 0.00121593
0 0.081665 0.39209 0.150732 0.29707 0.00121117
0 0 0.580078 0 0.141406 0.0012064
0 0.739844 0.488281 0.0320312 0.0859375 0.0012064
0 0 0.629687 0 0.142188 0.00119686
0 0.994531 0.709375 0.0109375 0.148438 0.00119209
0 0 0.803906 0 0.14375 0.00117874
0 0.717969 0.557031 0.0375 0.0609375 0.00117397
0 0 0.691797 0 0.139844 0.00116539
0 0 0.865625 0 0.135937 0.00116062
0 0.992969 0.921094 0.0140625 0.154687 0.00116062
0 0.935156 0.644141 0.129688 0.252344 0.00116062
0 0.632812 0.817187 0.264062 0.359375 0.00114727
0 0 0.353516 0 0.210938 0.00113392
0 0.382031 0.724609 0.235156 0.297656 0.00113392
0 0.726562 0.546484 0.05 0.0953125 0.00112438
0 0.727734 0.655469 0.194531 0.239063 0.0011158
0 0.43125 0.13252 0.635156 0.147461 0.00110722
1 0.310547 0.163281 0.241406 0.174219 0.00110722
0 0.467578 0.455078 0.0554687 0.0976562 0.00109863
0 0.0884521 0.241797 0.167236 0.410156 0.00109005
0 0 0.716797 0 0.141406 0.00109005
0 0.752734 0.532812 0.0617188 0.126563 0.00109005
0 0 0.741797 0 0.141406 0.00109005
0 0.99375 0.759375 0.0125 0.135937 0.00108147
1 0.22417 0.739844 0.234473 0.420312 0.00106525
0 0.246289 0.059082 0.206641 0.0994141 0.00106049
0 0.723047 0.520312 0.0390625 0.126563 0.00105667
0 0.805469 0.999219 0.217187 0.0015625 0.00105667
0 0.995703 0.68125 0.00859375 0.148438 0.00104046
0 0.972656 0.905469 0.0546875 0.0875 0.00104046
0 3.66211e-05 0.917969 7.32422e-05 0.132812 0.00104046
0 0.971875 0.921875 0.05625 0.13125 0.00104046
0 0.640234 0.0499878 0.353906 0.0992432 0.00103188
0 0.576563 0.327344 0.159375 0.219531 0.59082
0 0.680469 0.401172 0.140625 0.236719 0.543945
0 0.558984 0.147363 0.221094 0.148633 0.451416
1 0.258203 0.38125 0.145313 0.242188 0.449463
0 0.258203 0.38125 0.145313 0.242188 0.363037
0 0.555469 0.125 0.219531 0.0964844 0.230957
1 0.574219 0.317578 0.153125 0.242969 0.21936
0 0.373047 0.131152 0.110156 0.138477 0.218628
1 0.553906 0.144043 0.209375 0.142773 0.152344
0 0.248047 0.168262 0.132812 0.130273 0.150513
1 0.685156 0.403027 0.13125 0.233008 0.105591
1 0.372656 0.132617 0.123438 0.134766 0.0828247
0 0.508203 0.161523 0.121094 0.117578 0.0594177
0 0.275781 0.765625 0.15 0.328125 0.0552063
1 0.248047 0.168262 0.132812 0.130273 0.0383301
1 0.550781 0.123853 0.219531 0.109717 0.0319214
0 0.972656 0.781055 0.0546875 0.0753906 0.0136337
1 0.275781 0.765625 0.15 0.328125 0.0135345
0 0.473828 0.455078 0.059375 0.0789063 0.0132217
0 0.212891 0.174512 0.071875 0.107227 0.0130692
0 0.227783 0.732813 0.24834 0.414062 0.0108185
0 0.873438 0.63125 0.0625 0.08125 0.00959778
0 0.430078 0.719922 0.167969 0.139844 0.00695801
1 0.508203 0.161523 0.121094 0.117578 0.00634003
0 0.567578 0.356836 0.135156 0.170703 0.00605011
0 0.563281 0.189404 0.18125 0.243066 0.00530243
1 0.227783 0.732813 0.24834 0.414062 0.00526047
0 0.574219 0.289844 0.146875 0.188281 0.00477219
1 0.563281 0.189404 0.18125 0.243066 0.00462723
0 0.973437 0.759375 0.053125 0.129688 0.00436401
0 0.694141 0.392188 0.110156 0.277344 0.00428009
1 0.463672 0.394922 0.0773437 0.210156 0.00400543
0 0.156641 0.648438 0.121875 0.229687 0.0039444
0 0.553906 0.11521 0.182812 0.0848145 0.00345612
0 0.860742 0.926562 0.231641 0.14375 0.00345612
0 0.354883 0.115063 0.0910156 0.101514 0.00344276
0 0.183203 0.742188 0.163281 0.434375 0.00291252
0 0.524609 0.147485 0.153906 0.146045 0.00273705
0 0.808594 0.483984 0.1125 0.165625 0.00256157
1 0.808594 0.483984 0.1125 0.165625 0.00242424
0 0.253125 0.425 0.153906 0.145313 0.00219917
0 0.535156 0.567187 0.071875 0.239063 0.00213242
0 0.463672 0.394922 0.0773437 0.210156 0.0019722
0 0.167871 0.602344 0.102148 0.134375 0.00182438
0 0.672266 0.839063 0.0703125 0.0875 0.0018034
0 0.221875 0.184814 0.0796875 0.0874023 0.00162315
1 0.183203 0.742188 0.163281 0.434375 0.00156116
0 0.387891 0.130298 0.0898438 0.127686 0.00153637
0 0.264062 0.78125 0.130469 0.2625 0.00142097
1 0.0921875 0.392285 0.168359 0.356055 0.00133514
1 0.430078 0.719922 0.167969 0.139844 0.00131989
1 0.524609 0.147485 0.153906 0.146045 0.00126457
0 0.0921875 0.392285 0.168359 0.356055 0.00119686
0 0.425781 0.617969 0.104687 0.0953125 0.00119686
1 0.156641 0.648438 0.121875 0.229687 0.00119209
1 0.567578 0.356836 0.135156 0.170703 0.00109863
0 0.73125 0.561719 0.0484375 0.0617188 0.00100422
0 0.259375 0.380078 0.145313 0.227344 0.377441
1 0.257812 0.380469 0.149219 0.226562 0.352295
0 0.679297 0.403906 0.138281 0.215625 0.276611
0 0.84707 0.923437 0.208984 0.153125 0.101929
0 0.572266 0.311328 0.148438 0.246094 0.0524292
0 0.370703 0.130371 0.125781 0.133008 0.0397949
0 0.664453 0.370117 0.166406 0.291797 0.0294189
0 0.260156 0.697656 0.161719 0.476562 0.0194244
0 0.238867 0.674219 0.213281 0.570312 0.0168457
0 0.875781 0.630469 0.05625 0.0890625 0.0153656
0 0.740625 0.352148 0.278125 0.341797 0.0141144
0 0.242578 0.168945 0.122656 0.131641 0.0115967
1 0.678516 0.392578 0.142188 0.238281 0.0105667
1 0.370703 0.130371 0.125781 0.133008 0.00831604
0 0.566406 0.293945 0.198437 0.311328 0.00677109
1 0.238867 0.674219 0.213281 0.570312 0.00674438
0 0.55 0.144238 0.220313 0.147852 0.00534439
0 0.703125 0.323779 0.425 0.38291 0.0050621
0 0.472266 0.453516 0.0539063 0.0851562 0.00503922
1 0.250586 0.170898 0.133594 0.134375 0.00498199
1 0.260156 0.697656 0.161719 0.476562 0.00492477
1 0.572266 0.311328 0.148438 0.246094 0.00468063
0 0.8625 0.639453 0.071875 0.0898438 0.00402451
0 0.776563 0.285547 0.409375 0.480469 0.0039444
0 0.212549 0.717969 0.256152 0.4625 0.00387001
0 0.271875 0.732031 0.139062 0.379687 0.00362206
1 0.566406 0.293945 0.198437 0.311328 0.00282288
0 0.530859 0.710156 0.0367187 0.198437 0.00270462
0 0.973047 0.786133 0.0539063 0.0839844 0.00261116
1 0.855469 0.920313 0.229687 0.159375 0.00257111
1 0.664453 0.370117 0.166406 0.291797 0.00256157
0 0.457031 0.853125 0.05 0.115625 0.00234985
1 0.305078 0.174219 0.248437 0.200391 0.00231361
1 0.230664 0.168359 0.0992187 0.130859 0.0020752
0 0.659375 0.741406 0.334375 0.517187 0.00189686
1 0.740625 0.352148 0.278125 0.341797 0.00185299
0 0.884375 0.745313 0.05625 0.1 0.00183105
0 0.801562 0.53125 0.053125 0.0875 0.00179577
0 0.288086 0.173633 0.213672 0.181641 0.00173378
0 0.975 0.960156 0.05 0.0796875 0.0017271
0 0.229297 0.164258 0.090625 0.122656 0.00169373
0 0.303906 0.157813 0.264844 0.171875 0.00166798
0 0.854688 0.651563 0.05625 0.105469 0.0016489
0 0.73125 0.566406 0.0390625 0.0703125 0.00162315
1 0.212549 0.717969 0.256152 0.4625 0.00159168
1 0.294531 0.245508 0.228125 0.348047 0.00139904
1 0.776563 0.285547 0.409375 0.480469 0.00131989
0 0.837891 0.453516 0.324219 0.752344 0.00129986
0 0.173438 0.748828 0.288281 0.474219 0.00129986
1 0.703125 0.323779 0.425 0.38291 0.00129414
0 0.528125 0.721094 0.0304688 0.154687 0.00128937
0 0.850781 0.501172 0.03125 0.0984375 0.00127888
0 0.369922 0.100781 0.115625 0.0724609 0.00127411
0 0.475098 0.275586 0.373242 0.377734 0.00112057
0 0.238281 0.608203 0.247656 0.760156 0.00105286
0 0.260547 0.378223 0.160156 0.235742 0.511719
0 0.682031 0.403223 0.140625 0.235742 0.301514
0 0.580078 0.320898 0.164844 0.246484 0.213379
0 0.557031 0.124121 0.214062 0.104883 0.206909
0 0.557422 0.147754 0.219531 0.14707 0.206909
0 0.373242 0.121484 0.126953 0.119531 0.187134
1 0.259766 0.381641 0.15625 0.247656 0.0938721
0 0.514844 0.169922 0.132031 0.103906 0.083313
0 0.858008 0.923437 0.233984 0.153125 0.0514526
1 0.682031 0.403223 0.140625 0.235742 0.0411377
0 0.508203 0.150586 0.119531 0.140625 0.0391846
0 0.65 0.389062 0.211719 0.251563 0.0299835
1 0.373242 0.121484 0.126953 0.119531 0.0165253
0 0.246484 0.174805 0.140625 0.143359 0.0156708
0 0.370313 0.364453 0.0890625 0.117188 0.0134277
1 0.570703 0.31875 0.149219 0.24375 0.0133286
0 0.371875 0.105176 0.1125 0.0859375 0.0128708
1 0.557422 0.147754 0.219531 0.14707 0.0127716
0 0.773438 0.157227 0.34375 0.312891 0.0113297
1 0.557031 0.124121 0.214062 0.104883 0.00937653
0 0.134473 0.0071167 0.268945 0.0142334 0.00844574
0 0.793359 0.218359 0.413281 0.433594 0.00841522
0 0.675391 0.431152 0.135156 0.18457 0.00653839
1 0.858008 0.923437 0.233984 0.153125 0.00619125
0 0.230078 0.00750732 0.460156 0.0150146 0.00502014
0 0.244531 0.141211 0.134375 0.078125 0.00436401
0 0.692969 0.00754395 0.535937 0.0150879 0.00416565
0 0.292969 0.00749512 0.536719 0.0149902 0.00403976
0 0.393848 0.00723877 0.531055 0.0144775 0.00349617
1 0.514844 0.169922 0.132031 0.103906 0.00342941
0 0.374805 0.341797 0.0753906 0.0695312 0.00322342
0 0.493359 0.00758057 0.538281 0.0151611 0.00317192
0 0.761719 0.00754395 0.476562 0.0150879 0.00309944
0 0.562891 0.111426 0.185156 0.0832031 0.00293541
0 0.594141 0.00731201 0.533594 0.014624 0.00286674
0 0.813281 0.00715332 0.373437 0.0143066 0.00246239
1 0.508203 0.150586 0.119531 0.140625 0.00237846
0 0.116797 0.00834961 0.233594 0.0166992 0.00232315
1 0.246484 0.174805 0.140625 0.143359 0.00206757
0 0.523828 0.180469 0.0796875 0.0804688 0.00200272
0 0.352734 0.136914 0.188281 0.141016 0.00189686
0 0.0881836 0.0106934 0.176367 0.0213867 0.00167465
0 0.374609 0.385938 0.0984375 0.160156 0.00157928
0 0.567969 0.0443237 0.19375 0.0859619 0.00156689
1 0.134473 0.0071167 0.268945 0.0142334 0.00143814
0 0.432031 0.718359 0.170312 0.153906 0.00141621
0 0.252148 0.149414 0.166016 0.229297 0.00132465
1 0.352734 0.136914 0.188281 0.141016 0.00127411
0 0.875 0.632812 0.053125 0.0859375 0.00126457
0 0.673437 0.835156 0.0679687 0.104687 0.00117874
0 0.260156 0.0595703 0.16875 0.114844 0.0011425
0 0.364453 0.0633301 0.142188 0.0399414 0.00108624
0 0.679688 0.404004 0.146875 0.238867 0.408203
0 0.572656 0.316406 0.147656 0.232031 0.407227
0 0.257422 0.382129 0.153906 0.223242 0.392334
1 0.258203 0.3875 0.147656 0.240625 0.29834
0 0.273047 0.733203 0.145313 0.371094 0.2323
0 0.554688 0.14873 0.203125 0.145117 0.228149
0 0.157617 0.732813 0.117578 0.41875 0.197388
0 0.858008 0.927344 0.205859 0.145313 0.157104
1 0.575 0.317187 0.160156 0.238281 0.135498
1 0.278125 0.716406 0.15625 0.428125 0.116943
1 0.157617 0.732813 0.117578 0.41875 0.0953369
0 0.269727 0.717578 0.169922 0.467969 0.0822754
1 0.679688 0.404004 0.146875 0.238867 0.0505981
0 0.132593 0.722266 0.164893 0.486719 0.0427246
0 0.579687 0.703906 0.164062 0.31875 0.0396423
0 0.373828 0.128418 0.116406 0.135742 0.0289764
1 0.379785 0.392578 0.0951172 0.19375 0.0238647
0 0.239453 0.172656 0.111719 0.142188 0.0211182
0 0.376953 0.90625 0.166406 0.1875 0.0205688
0 0.0642578 0.650781 0.125 0.607813 0.0188293
1 0.132593 0.722266 0.164893 0.486719 0.0180969
0 0.808008 0.227539 0.383984 0.455078 0.0167236
0 0.553906 0.255664 0.20625 0.364453 0.0162811
1 0.271875 0.770312 0.145313 0.301562 0.0137939
0 0.723047 0.396484 0.228906 0.257031 0.0132217
1 0.246875 0.171289 0.127344 0.136719 0.0124817
1 0.553906 0.255664 0.20625 0.364453 0.0117798
0 0.576563 0.749219 0.210938 0.417188 0.0114212
1 0.553125 0.157324 0.2125 0.165039 0.0113297
1 0.860937 0.927344 0.234375 0.145313 0.0110321
0 0.745313 0.707812 0.164062 0.367188 0.0108185
1 0.579687 0.705078 0.1625 0.307031 0.00831604
1 0.37666 0.129517 0.118555 0.134717 0.008255
0 0.591016 0.33125 0.188281 0.297656 0.00790405
1 0.161621 0.680469 0.11582 0.298438 0.00769424
0 0.567187 0.305273 0.170312 0.298828 0.0064621
0 0.626562 0.726172 0.260938 0.388281 0.00602722
0 0.499219 0.717188 0.330469 0.353125 0.00577545
0 0.857813 0.933594 0.239063 0.132812 0.00575256
0 0.0781006 0.704297 0.150439 0.535156 0.0055542
0 0.970312 0.779688 0.059375 0.104687 0.00526047
1 0.144824 0.722656 0.0939453 0.34375 0.00510025
0 0.469922 0.447656 0.065625 0.101562 0.00503922
1 0.414844 0.392969 0.178125 0.328906 0.00498199
1 0.252734 0.727734 0.186719 0.497656 0.00496292
1 0.807813 0.238672 0.384375 0.477344 0.00486755
1 0.715625 0.241992 0.482812 0.450391 0.00450516
1 0.0642578 0.650781 0.125 0.607813 0.00445175
0 0.379785 0.392578 0.0951172 0.19375 0.00443268
0 0.719531 0.864062 0.0796875 0.090625 0.00434875
0 0.626172 0.386328 0.191406 0.284375 0.00431442
0 0.268359 0.780469 0.132812 0.264062 0.00419998
0 0.715625 0.241992 0.482812 0.450391 0.00418091
1 0.745313 0.707812 0.164062 0.367188 0.00402451
0 0.433691 0.685156 0.199805 0.298438 0.00397491
0 0.873438 0.626562 0.059375 0.0984375 0.00395966
1 0.554297 0.766406 0.229687 0.439063 0.00391388
1 0.723047 0.396484 0.228906 0.257031 0.00374985
0 0.087207 0.599219 0.171484 0.801562 0.00352478
0 0.775 0.695312 0.214062 0.396875 0.00341606
0 0.161621 0.680469 0.11582 0.298438 0.00325966
1 0.591016 0.33125 0.188281 0.297656 0.003088
0 0.66875 0.754687 0.404687 0.45 0.00283432
0 0.866211 0.294873 0.267578 0.37666 0.0027256
0 0.414844 0.392969 0.178125 0.328906 0.00268364
0 0.551953 0.766406 0.514844 0.460938 0.00263214
1 0.626562 0.726172 0.260938 0.388281 0.00261116
1 0.429004 0.355078 0.185742 0.485156 0.00245285
0 0.896875 0.584277 0.20625 0.45957 0.00245285
1 0.087207 0.599219 0.171484 0.801562 0.00232315
1 0.499219 0.717188 0.330469 0.353125 0.00226974
0 0.750391 0.659766 0.158594 0.261719 0.00222588
1 0.750391 0.659766 0.158594 0.261719 0.00219917
1 0.775 0.695312 0.214062 0.396875 0.00205803
1 0.253906 0.783594 0.102734 0.285937 0.00198746
0 0.242188 0.783594 0.0796875 0.273438 0.00196457
0 0.214062 0.183936 0.0570313 0.154785 0.00189686
0 0.798242 0.163867 0.397266 0.327734 0.00178909
1 0.370898 0.425 0.0808594 0.265625 0.00177479
1 0.803516 0.166406 0.392969 0.332812 0.00170708
1 0.465234 0.385156 0.0796875 0.233594 0.0017004
0 0.875781 0.475391 0.248437 0.671094 0.00166798
0 0.198877 0.724609 0.163965 0.402344 0.00164223
0 0.972266 0.788281 0.0554687 0.165625 0.00162888
1 0.88125 0.556934 0.2375 0.517383 0.00161076
0 0.416016 0.374609 0.1875 0.475781 0.00156689
1 0.302539 0.346875 0.235547 0.652344 0.00151253
1 0.66875 0.754687 0.404687 0.45 0.00150108
1 0.433691 0.685156 0.199805 0.298438 0.00150108
0 0.455469 0.859375 0.0570313 0.146875 0.00144386
0 0.570703 0.160742 0.171875 0.1 0.00139427
0 0.921094 0.688672 0.157813 0.453906 0.00137806
0 0.760156 0.307422 0.33125 0.432813 0.00134563
0 0.630078 0.543359 0.213281 0.544531 0.00134563
1 0.43584 0.358594 0.323633 0.563281 0.00129986
0 0.099707 0.485059 0.197461 0.637695 0.0012846
0 0.406641 0.710547 0.230469 0.366406 0.0012846
1 0.551953 0.766406 0.514844 0.460938 0.00126457
0 0.371289 0.873633 0.191016 0.252734 0.00116062
1 0.198877 0.724609 0.163965 0.402344 0.00115108
1 0.626172 0.386328 0.191406 0.284375 0.00112438
0 0.371094 0.0955322 0.114063 0.0745605 0.00112438
0 0.875977 0.508496 0.248047 0.337695 0.00112057
1 0.0781006 0.704297 0.150439 0.535156 0.00107765
0 0.339063 0.684766 0.0304688 0.133594 0.00107765
0 0.569922 0.150781 0.271094 0.184766 0.00104809
1 0.535937 0.546875 0.065625 0.190625 0.00100803
0 0.680078 0.407715 0.141406 0.23457 0.773438
0 0.255469 0.386328 0.157813 0.244531 0.411133
0 0.56875 0.316992 0.151562 0.244922 0.373047
0 0.860937 0.926172 0.23125 0.147656 0.208862
1 0.253906 0.384375 0.15625 0.246875 0.126587
0 0.552734 0.147437 0.216406 0.148486 0.123779
0 0.373828 0.135181 0.120312 0.144482 0.100891
1 0.680078 0.407715 0.141406 0.23457 0.0268555
0 0.360938 0.895312 0.2 0.209375 0.0267639
0 0.567969 0.28833 0.180469 0.342871 0.0165253
0 0.241797 0.173047 0.120312 0.14375 0.0153046
1 0.573438 0.321484 0.165625 0.247656 0.014389
0 0.65625 0.38291 0.157031 0.29668 0.0115509
1 0.567969 0.28833 0.180469 0.342871 0.00712204
1 0.373437 0.133789 0.121094 0.142969 0.00638962
1 0.870508 0.511328 0.255859 0.872656 0.00431442
1 0.858594 0.925781 0.229687 0.148438 0.00397491
1 0.552734 0.147656 0.216406 0.15 0.00390053
0 0.86875 0.491406 0.257812 0.8625 0.00230598
0 0.220752 0.726562 0.252246 0.459375 0.0020504
1 0.65625 0.38291 0.157031 0.29668 0.00194931
0 0.512891 0.149219 0.139062 0.146484 0.0014782
0 0.0976562 0.942578 0.195312 0.114844 0.00133514
0 0.810156 0.259961 0.378125 0.512891 0.00125504
0 0.369922 0.0958984 0.110937 0.06875 0.00124454
0 0.679688 0.401172 0.142188 0.233594 0.393311
1 0.258203 0.382031 0.160156 0.242969 0.351318
0 0.257031 0.381641 0.158594 0.240625 0.294922
0 0.570312 0.320703 0.142188 0.229687 0.280518
1 0.679688 0.400391 0.14375 0.246875 0.0594177
0 0.242188 0.169727 0.122656 0.137891 0.0474243
1 0.570312 0.320703 0.142188 0.229687 0.0379028
0 0.85625 0.924219 0.21875 0.151562 0.0351562
0 0.552344 0.147241 0.210938 0.149268 0.0285492
0 0.372656 0.134985 0.119531 0.137451 0.0127258
0 0.764844 0.391797 0.310937 0.270312 0.00857544
1 0.248437 0.171387 0.135156 0.14082 0.00837708
0 0.251758 0.714844 0.194141 0.448438 0.0068779
0 0.222607 0.689453 0.260254 0.569531 0.00551224
0 0.608594 0.355078 0.222656 0.338281 0.0046463
1 0.764844 0.391797 0.310937 0.270312 0.00460815
1 0.222607 0.689453 0.260254 0.569531 0.00421524
1 0.374219 0.135742 0.121875 0.142188 0.00395966
1 0.251758 0.714844 0.194141 0.448438 0.00317192
1 0.55625 0.146875 0.215625 0.15 0.00302696
1 0.608594 0.355078 0.222656 0.338281 0.00269318
0 0.971094 0.781445 0.05625 0.0777344 0.00260162
0 0.466406 0.448438 0.0578125 0.090625 0.00248146
0 0.86875 0.63125 0.059375 0.0882813 0.00210762
0 0.112695 0.00556641 0.225391 0.0111328 0.00198746
1 0.807031 0.479297 0.385938 0.755469 0.00196457
1 0.145703 0.6875 0.0988281 0.3875 0.00188255
0 0.207813 0.00650635 0.289844 0.0130127 0.0018177
1 0.85625 0.924219 0.21875 0.151562 0.00171375
0 0.807031 0.479297 0.385938 0.755469 0.00168705
1 0.864844 0.510547 0.267188 0.882031 0.00168133
0 0.220898 0.00102539 0.188672 0.00205078 0.00162315
0 0.971875 0.763281 0.05625 0.117188 0.00161076
0 0.271484 0.000976562 0.186719 0.00195312 0.00148392
0 0.864844 0.510547 0.267188 0.882031 0.00143814
0 0.632812 0.384766 0.184375 0.317969 0.00141048
0 0.555859 0.322656 0.188281 0.279687 0.00139427
0 0.184033 0.00100098 0.186621 0.00200195 0.00137806
0 0.329688 0.00688477 0.299219 0.0137695 0.00137806
0 0.426465 0.667969 0.192383 0.2625 0.00135136
0 0.514844 0.00689697 0.316406 0.0137939 0.00127888
0 0.200391 0.741406 0.216797 0.454688 0.00126934
0 0.309375 0.000927734 0.185937 0.00185547 0.0012064
0 0.405859 0.00683594 0.292969 0.0136719 0.00118351
0 0.783789 0.379687 0.432422 0.5375 0.00115585
0 0.83125 0.919531 0.3 0.160938 0.00107288
0 0.213086 0.168652 0.059375 0.104102 0.00104809
1 0.783789 0.379687 0.432422 0.5375 0.00103188
1 0.228516 0.602734 0.236719 0.794531 0.00102806
0 0.682813 0.354102 0.248437 0.343359 0.00102425
0 0.208252 0.571094 0.263184 0.829687 0.00101185
1 0.254492 0.382422 0.151172 0.2375 0.570801
0 0.678125 0.405469 0.139062 0.229687 0.415771
0 0.566797 0.341602 0.144531 0.189453 0.294922
0 0.552734 0.146265 0.217969 0.148877 0.118408
1 0.678125 0.405859 0.142188 0.241406 0.111267
0 0.251904 0.383203 0.156348 0.239844 0.105591
1 0.569531 0.329688 0.15 0.2125 0.0932007
0 0.85625 0.924219 0.228125 0.15 0.0836182
1 0.552734 0.146265 0.217969 0.148877 0.0427246
1 0.371875 0.132324 0.121094 0.136914 0.0323486
0 0.370703 0.131665 0.121875 0.133936 0.0319824
0 0.358398 0.903906 0.201953 0.192188 0.0133286
0 0.236523 0.169531 0.1125 0.137891 0.0127258
0 0.222461 0.746875 0.252734 0.44375 0.0106506
1 0.220703 0.750781 0.255859 0.471875 0.00891876
1 0.564062 0.275781 0.1875 0.342969 0.00821686
1 0.85625 0.924219 0.228125 0.15 0.00812531
1 0.779688 0.400781 0.351562 0.258594 0.00703812
1 0.240039 0.171289 0.119531 0.141797 0.00584412
0 0.564062 0.275781 0.1875 0.342969 0.00579834
0 0.0696289 0.584375 0.139258 0.828125 0.00568771
0 0.548437 0.188477 0.221875 0.238672 0.00519943
0 0.510547 0.147949 0.129688 0.147852 0.00482941
0 0.779688 0.400781 0.351562 0.258594 0.00481033
1 0.82793 0.461035 0.344141 0.77793 0.00421524
1 0.548437 0.19668 0.220313 0.25625 0.00411606
1 0.510547 0.147949 0.129688 0.147852 0.00239754
0 0.261279 0.747266 0.184473 0.432031 0.00232315
0 0.215967 0.00507812 0.286816 0.0101562 0.00220871
0 0.318311 0.00548096 0.304004 0.0109619 0.00196457
1 0.0730469 0.560938 0.146094 0.878125 0.00185299
0 0.82793 0.461035 0.344141 0.77793 0.00170708
0 0.392285 0.00535889 0.288867 0.0107178 0.00161076
0 0.545313 0.754687 0.245312 0.454688 0.00145531
0 0.523438 0.00537109 0.310937 0.0107422 0.00138855
1 0.157617 0.694531 0.203516 0.592188 0.0012598
1 0.608594 0.33418 0.226562 0.308203 0.00119686
0 0.6 0.0568848 0.24375 0.10459 0.00115585
0 0.157617 0.694531 0.203516 0.592188 0.00115108
0 0.844531 0.234375 0.151562 0.216016 0.0011425
1 0.358398 0.903906 0.201953 0.192188 0.00111198
1 0.261279 0.747266 0.184473 0.432031 0.00105667
0 0.146875 0.00500488 0.29375 0.0100098 0.00105667
1 0.254492 0.382422 0.151172 0.2375 0.570801
0 0.678125 0.405469 0.139062 0.229687 0.415771
0 0.566797 0.341602 0.144531 0.189453 0.295898
0 0.552734 0.146265 0.217969 0.148877 0.118774
1 0.677734 0.405859 0.142969 0.241406 0.112793
0 0.251904 0.383203 0.156348 0.239844 0.105591
1 0.569531 0.329883 0.15 0.212109 0.0941772
0 0.85625 0.924219 0.228125 0.15 0.0853882
1 0.552734 0.146265 0.217969 0.148877 0.0432129
1 0.371484 0.132324 0.121094 0.136914 0.0328369
0 0.370703 0.131616 0.121875 0.133643 0.0323486
0 0.358594 0.903906 0.201562 0.192188 0.0134811
0 0.236523 0.169531 0.1125 0.137891 0.012825
0 0.222461 0.747266 0.252734 0.444531 0.0106125
1 0.220703 0.750781 0.255859 0.471875 0.00888062
1 0.564062 0.275977 0.1875 0.342578 0.008255
1 0.85625 0.924219 0.228125 0.15 0.00818634
1 0.779688 0.400781 0.35 0.258594 0.00720596
1 0.240234 0.171289 0.119531 0.141797 0.00593567
0 0.0696289 0.584375 0.139258 0.828125 0.00577545
0 0.564062 0.275977 0.1875 0.342578 0.00577545
0 0.548437 0.188477 0.221875 0.238672 0.00526047
0 0.510156 0.147949 0.128906 0.147852 0.00494385
0 0.779688 0.400781 0.35 0.258594 0.00486755
1 0.82793 0.461621 0.344141 0.77832 0.00426483
1 0.548437 0.196533 0.220313 0.256152 0.00418091
1 0.510156 0.147949 0.128906 0.147852 0.00246239
0 0.261328 0.747656 0.184375 0.432813 0.00233269
0 0.21582 0.00507812 0.286328 0.0101562 0.00220871
0 0.318018 0.00548096 0.303809 0.0109619 0.00195694
1 0.072998 0.561328 0.145996 0.877344 0.00187492
0 0.82793 0.461621 0.344141 0.77832 0.00171375
0 0.392285 0.00537109 0.288867 0.0107422 0.00161076
0 0.545703 0.754687 0.244531 0.454688 0.00148964
0 0.523438 0.00537109 0.310937 0.0107422 0.00138283
1 0.157617 0.694531 0.203516 0.592188 0.00125504
1 0.608203 0.33418 0.225781 0.308203 0.00119686
0 0.6 0.0568359 0.24375 0.104687 0.0011692
0 0.844531 0.234375 0.151562 0.216016 0.00116539
0 0.157617 0.694531 0.203516 0.592188 0.00115108
1 0.358594 0.903906 0.201562 0.192188 0.00110722
1 0.261328 0.747656 0.184375 0.432813 0.00106525
0 0.14668 0.00500488 0.293359 0.0100098 0.00105667
