0 0.46416 0.652344 0.27168 0.254687 0.565918
0 0.770703 0.326953 0.367969 0.303906 0.561035
0 0.753906 0.655859 0.310937 0.349219 0.561035
0 0.382422 0.396484 0.302344 0.273438 0.464844
0 0.898438 0.903906 0.203125 0.192188 0.374756
0 0.220752 0.589844 0.257715 0.2375 0.317383
0 0.133594 0.402344 0.213281 0.192969 0.304932
1 0.46416 0.652344 0.27168 0.254687 0.205566
1 0.775781 0.329248 0.370313 0.309473 0.178711
1 0.176758 0.963672 0.329688 0.0726563 0.119995
0 0.202344 0.966406 0.266797 0.0671875 0.112793
1 0.753516 0.658594 0.314844 0.35625 0.0796509
1 0.381934 0.392578 0.301758 0.269531 0.0794678
1 0.0704102 0.825 0.14082 0.296875 0.0727539
1 0.219531 0.591406 0.253125 0.242188 0.0661011
1 0.134277 0.408203 0.213867 0.199219 0.0617676
0 0.0747559 0.82793 0.149512 0.309766 0.0607605
1 0.898438 0.903906 0.203125 0.192188 0.0598755
0 0.592188 0.46084 0.140625 0.183008 0.0566406
0 0.176758 0.963672 0.329688 0.0726563 0.0484924
0 0.250586 0.966406 0.173047 0.0671875 0.0384521
0 0.0694336 0.7625 0.138867 0.165625 0.0334778
1 0.202344 0.966406 0.266797 0.0671875 0.02211
1 0.592188 0.46084 0.140625 0.183008 0.0205688
1 0.250586 0.966406 0.173047 0.0671875 0.0179138
0 0.347656 0.273828 0.507031 0.542969 0.0151901
0 0.233398 0.963281 0.203516 0.0734375 0.012825
1 0.0694336 0.7625 0.138867 0.165625 0.0100098
1 0.233398 0.963281 0.203516 0.0734375 0.00955963
0 0.320312 0.394629 0.173438 0.262305 0.00844574
0 0.276172 0.964844 0.128125 0.0703125 0.00800323
1 0.347656 0.273828 0.507031 0.542969 0.00793457
0 0.376953 0.198437 0.453906 0.396875 0.00784302
0 0.880664 0.136426 0.238672 0.272852 0.00754929
1 0.276172 0.964844 0.128125 0.0703125 0.00591278
1 0.460156 0.761719 0.26875 0.470313 0.0055542
0 0.81582 0.139258 0.368359 0.278516 0.00524139
0 0.167578 0.175781 0.335156 0.348437 0.00494385
0 0.203906 0.965625 0.398438 0.06875 0.00426483
1 0.412891 0.227734 0.378906 0.452344 0.00407028
0 0.433496 0.245703 0.311133 0.469531 0.00363541
1 0.877539 0.136035 0.244922 0.27207 0.00359344
1 0.511328 0.666406 0.371094 0.285937 0.00321007
0 0.239893 0.15957 0.320215 0.295703 0.00291252
0 0.119922 0.160938 0.239844 0.321875 0.00277901
0 0.113477 0.826367 0.226953 0.303516 0.0026722
0 0.289844 0.396875 0.169531 0.236719 0.00256157
0 0.486816 0.1875 0.766992 0.375 0.00228691
0 0.511328 0.666406 0.371094 0.285937 0.00223351
0 0.113672 0.417578 0.165234 0.180469 0.00223351
1 0.81582 0.139258 0.368359 0.278516 0.00222588
1 0.113477 0.826367 0.226953 0.303516 0.00217438
0 0.477344 0.410937 0.107813 0.191406 0.00213242
0 0.402441 0.339453 0.337305 0.376563 0.0020504
1 0.915625 0.135937 0.16875 0.271875 0.00197983
0 0.308203 0.217969 0.419531 0.420312 0.00191212
0 0.901563 0.344531 0.196875 0.336719 0.00183105
1 0.320312 0.394629 0.173438 0.262305 0.00181007
0 0.553906 0.140991 0.0890625 0.149268 0.00176144
0 0.363281 0.946094 0.123438 0.107813 0.00167465
1 0.229297 0.967969 0.407031 0.0640625 0.0015974
1 0.285937 0.966406 0.1625 0.0671875 0.0015974
1 0.167578 0.175781 0.335156 0.348437 0.00150108
1 0.363281 0.946094 0.123438 0.107813 0.00150108
1 0.480469 0.41875 0.101562 0.215625 0.00148392
0 0.13125 0.256641 0.2625 0.494531 0.0014782
0 0.460156 0.761719 0.26875 0.470313 0.0014782
0 0.195117 0.586328 0.175391 0.208594 0.00147247
0 0.952344 0.383594 0.0953125 0.226562 0.00135612
0 0.9625 0.139746 0.075 0.279492 0.00131989
1 0.176563 0.914062 0.342969 0.171875 0.00130939
0 0.672266 0.650781 0.410156 0.253125 0.00127411
0 0.974219 0.364258 0.0515625 0.312109 0.0012207
1 0.402441 0.339453 0.337305 0.376563 0.00118828
0 0.128931 0.374219 0.193701 0.136719 0.00117397
0 0.820312 0.64375 0.359375 0.321875 0.00113392
0 0.285937 0.966406 0.1625 0.0671875 0.00112915
1 0.553906 0.15 0.0890625 0.150781 0.0011158
0 0.291406 0.14707 0.334375 0.293359 0.0011158
1 0.203906 0.965625 0.398438 0.06875 0.00109863
0 0.783984 0.0833008 0.432031 0.166602 0.00109005
1 0.13125 0.256641 0.2625 0.494531 0.00105286
0 0.314063 0.154004 0.528906 0.308008 0.00104809
0 0.761719 0.375 0.45 0.351562 0.00103188
1 0.901563 0.344531 0.196875 0.336719 0.00100422
0 0.749219 0.329639 0.309375 0.311816 0.88623
0 0.767187 0.635938 0.329688 0.321875 0.792969
0 0.382129 0.396191 0.301367 0.282617 0.76709
0 0.136328 0.414453 0.2125 0.205469 0.733398
0 0.467187 0.650781 0.260156 0.253125 0.662598
0 0.223633 0.592969 0.264062 0.240625 0.654785
0 0.602734 0.458691 0.164062 0.173242 0.620605
0 0.896875 0.905469 0.20625 0.189063 0.492188
1 0.202539 0.960156 0.330078 0.0796875 0.361084
0 0.202539 0.960156 0.330078 0.0796875 0.242188
1 0.896875 0.905469 0.20625 0.189063 0.228149
1 0.462402 0.653125 0.268945 0.2625 0.223389
1 0.786133 0.640234 0.371484 0.325781 0.134277
1 0.226367 0.596094 0.258984 0.265625 0.103394
0 0.228711 0.964063 0.248047 0.071875 0.0917358
1 0.388379 0.394922 0.310742 0.275781 0.0739746
1 0.136328 0.414453 0.2125 0.205469 0.0552063
1 0.602734 0.458691 0.164062 0.173242 0.0507202
1 0.746094 0.329883 0.314063 0.312109 0.0475159
0 0.555859 0.134937 0.0890625 0.151221 0.0413208
1 0.228711 0.964063 0.248047 0.071875 0.0362244
0 0.492188 0.255469 0.157813 0.157031 0.0240479
0 0.174023 0.964844 0.255078 0.0703125 0.0227966
0 0.8375 0.367188 0.320312 0.28125 0.0107346
1 0.160254 0.807617 0.320508 0.272266 0.00963593
0 0.372461 0.285156 0.526953 0.485156 0.00937653
0 0.411328 0.245898 0.16875 0.146484 0.0086441
0 0.218359 0.964844 0.346875 0.0703125 0.00831604
1 0.553906 0.137012 0.090625 0.150977 0.00763702
1 0.174023 0.964844 0.255078 0.0703125 0.00619125
1 0.218359 0.964844 0.346875 0.0703125 0.005867
1 0.372461 0.285156 0.526953 0.485156 0.00547028
0 0.0757812 0.764063 0.134375 0.182812 0.00542831
0 0.464844 0.421094 0.127344 0.220313 0.00540543
1 0.492188 0.255469 0.157813 0.157031 0.00508118
0 0.580469 0.458984 0.10625 0.175781 0.00413513
0 0.879687 0.387402 0.240625 0.251758 0.00413513
1 0.205078 0.927344 0.35 0.145313 0.00362206
0 0.516016 0.650781 0.15 0.232812 0.00359344
1 0.8375 0.367188 0.320312 0.28125 0.00349617
0 0.44834 0.227344 0.736133 0.341406 0.00345612
0 0.411035 0.662891 0.179492 0.200781 0.00332451
0 0.323486 0.197266 0.352246 0.25 0.00312424
0 0.392969 0.210742 0.525 0.323828 0.00296974
0 0.364844 0.344189 0.427344 0.378809 0.00283432
0 0.131738 0.965234 0.192773 0.0695312 0.00274658
1 0.508984 0.206445 0.822656 0.412109 0.00266266
0 0.448828 0.248633 0.238281 0.150391 0.00254059
0 0.362305 0.217187 0.0644531 0.0835937 0.00242424
0 0.340186 0.236523 0.393066 0.337891 0.00242424
0 0.194971 0.960938 0.203027 0.071875 0.00240517
0 0.508594 0.719531 0.155469 0.396875 0.00236893
0 0.251758 0.965234 0.175781 0.0695312 0.00209045
1 0.392969 0.210742 0.525 0.323828 0.00191212
0 0.508594 0.185596 0.882812 0.368652 0.00178909
0 0.160254 0.807617 0.320508 0.272266 0.00175476
1 0.411328 0.245898 0.16875 0.146484 0.0017004
1 0.0757812 0.764063 0.134375 0.182812 0.00163555
1 0.364844 0.344189 0.427344 0.378809 0.00153637
0 0.268359 0.971484 0.140234 0.0570313 0.00150681
0 0.307031 0.149023 0.257812 0.15625 0.00150108
1 0.879687 0.387402 0.240625 0.251758 0.00149536
0 0.214795 0.964063 0.150098 0.065625 0.00141621
1 0.323486 0.197266 0.352246 0.25 0.00141048
0 0.366016 0.921875 0.142188 0.153125 0.00123024
1 0.131738 0.965234 0.192773 0.0695312 0.00121593
1 0.8 0.339844 0.398438 0.332812 0.00117397
1 0.340186 0.236523 0.393066 0.337891 0.0011692
1 0.251758 0.965234 0.175781 0.0695312 0.0011692
0 0.252734 0.965625 0.123438 0.06875 0.0011425
0 0.884375 0.410059 0.1625 0.192383 0.00110722
0 0.478906 0.133887 0.892187 0.266602 0.00109005
1 0.266406 0.973828 0.484375 0.0523437 0.00109005
0 0.205078 0.927344 0.35 0.145313 0.00107765
1 0.478906 0.133887 0.892187 0.266602 0.00105667
0 0.371484 0.217187 0.0734375 0.06875 0.00104809
0 0.774609 0.656641 0.347656 0.339844 0.730469
0 0.369922 0.408984 0.321094 0.258594 0.65918
0 0.133984 0.410547 0.228906 0.207031 0.633301
0 0.464453 0.664062 0.275781 0.2625 0.619629
0 0.226953 0.621094 0.264062 0.290625 0.613281
0 0.766016 0.337891 0.382031 0.324219 0.585938
0 0.890625 0.905469 0.21875 0.1875 0.38501
0 0.598437 0.463281 0.167187 0.178125 0.290283
1 0.460156 0.677344 0.26875 0.298438 0.246582
0 0.212842 0.965625 0.306348 0.06875 0.24585
1 0.780469 0.346094 0.426562 0.335938 0.231567
1 0.797656 0.654688 0.398438 0.334375 0.191284
1 0.200195 0.963281 0.365234 0.0734375 0.162354
1 0.231445 0.621094 0.261328 0.292188 0.139893
1 0.890625 0.904688 0.215625 0.190625 0.117371
0 0.235498 0.966406 0.319629 0.0671875 0.0758667
1 0.598437 0.463281 0.167187 0.178125 0.0552063
1 0.133984 0.410547 0.228906 0.207031 0.0462036
1 0.235498 0.966406 0.319629 0.0671875 0.0417786
1 0.225439 0.964844 0.267871 0.0703125 0.0372009
1 0.35918 0.935938 0.161328 0.121875 0.0289764
0 0.35918 0.935938 0.161328 0.121875 0.0253754
1 0.748047 0.330469 0.322656 0.310937 0.0249939
0 0.11604 0.411035 0.171045 0.193555 0.0248871
1 0.370703 0.422656 0.320312 0.223438 0.0200958
0 0.210498 0.964063 0.386816 0.071875 0.0183411
0 0.485938 0.259766 0.148438 0.160156 0.0181274
0 0.915625 0.623828 0.16875 0.258594 0.0129242
0 0.632422 0.453906 0.176563 0.2 0.00837708
0 0.534766 0.138086 0.132812 0.160938 0.008255
1 0.813281 0.378125 0.365625 0.273438 0.00769424
1 0.239648 0.948438 0.409766 0.103125 0.00682449
0 0.813281 0.378125 0.365625 0.273438 0.00658798
0 0.358252 0.367578 0.387402 0.339844 0.005867
0 0.569531 0.938281 0.220313 0.11875 0.00582123
1 0.626562 0.9375 0.396875 0.121875 0.00548935
1 0.485938 0.259766 0.148438 0.160156 0.00548935
0 0.829492 0.647266 0.334766 0.308594 0.00538635
0 0.921094 0.871875 0.157813 0.117188 0.0050621
0 0.176953 0.970312 0.303125 0.059375 0.00453949
1 0.570703 0.9375 0.225781 0.11875 0.00453949
0 0.353516 0.30957 0.422656 0.274609 0.00441742
0 0.883594 0.64375 0.228125 0.296875 0.00331116
1 0.442969 0.85 0.154687 0.2125 0.00329781
1 0.915625 0.623828 0.16875 0.258594 0.00328636
0 0.409375 0.264062 0.317969 0.176563 0.00300407
1 0.11604 0.411035 0.171045 0.193555 0.00300407
0 0.494922 0.44375 0.423438 0.207813 0.00284576
0 0.300391 0.312305 0.177344 0.109766 0.00284576
0 9.76563e-05 0.0762695 0.000195313 0.102148 0.00246239
0 0.355859 0.226562 0.454688 0.230078 0.00245285
1 0.534766 0.138086 0.132812 0.160938 0.00243378
0 0.626562 0.9375 0.396875 0.121875 0.00242424
1 0.225195 0.958203 0.450391 0.0835937 0.00209045
0 0.910156 0.889063 0.179688 0.153125 0.00195694
0 4.88281e-05 0.040918 9.76563e-05 0.0818359 0.00192642
0 0.748828 0.542969 0.247656 0.121875 0.0018034
0 0.000158691 0.105444 0.000317383 0.135986 0.00176811
0 0.00861816 0.384473 0.0172363 0.0763672 0.00175476
0 0 0.0520996 0 0.104199 0.00175476
0 0.14043 0.426953 0.220703 0.140625 0.0017004
0 0.442969 0.85 0.154687 0.2125 0.00167465
0 0.000109863 0.141187 0.000219727 0.133643 0.0016489
0 0.000488281 0.611719 0.000976562 0.117188 0.00163555
1 0.314844 0.935938 0.28125 0.11875 0.00163555
0 0.00810547 0.101758 0.0162109 0.0574219 0.00161648
0 0.00012207 0.88125 0.000244141 0.135937 0.0015974
0 0.000256348 0.831055 0.000512695 0.134766 0.00158501
0 0.82207 0.132812 0.352734 0.262109 0.00156116
0 0.000244141 0.694531 0.000488281 0.129688 0.00154877
0 0.00861816 0.403125 0.0172363 0.0710938 0.00153637
0 0.000268555 0.805469 0.000537109 0.13125 0.00150108
0 0.000170898 0.855469 0.000341797 0.1375 0.00150108
0 0.000415039 0.754687 0.000830078 0.14375 0.00149536
0 0.000390625 0.639844 0.00078125 0.096875 0.00146103
0 0.000195313 0.563281 0.000390625 0.10625 0.00144958
0 0.00842285 0.370313 0.0168457 0.0703125 0.00142097
0 0.139062 0.352734 0.222266 0.078125 0.00141621
0 0.335352 0.0421753 0.251953 0.0820557 0.00139427
0 0.2 0.225195 0.396875 0.435547 0.00139427
0 0.00032959 0.5875 0.00065918 0.1125 0.00138855
0 0.344141 0.295508 0.41875 0.504297 0.00136662
0 0.988281 0.820312 0.0234375 0.096875 0.00133038
0 0.000341797 0.659375 0.000683594 0.0796875 0.00131512
1 0.632422 0.453906 0.176563 0.2 0.0012846
0 0.992969 0.824219 0.0140625 0.135937 0.00123978
0 0.00769043 0.625391 0.0153809 0.102344 0.00123501
0 0.072168 0.764453 0.144336 0.178906 0.0012064
0 0.000402832 0.78125 0.000805664 0.146875 0.00120163
1 0.546484 0.810156 0.467969 0.0734375 0.00120163
0 0.000549316 0.721094 0.00109863 0.140625 0.00119686
0 0.966797 0.0226563 0.0664062 0.0453125 0.00119686
0 0.33457 0.191992 0.497266 0.310547 0.00117874
0 0.000280762 0.366602 0.000561523 0.0980469 0.00114727
0 0.546484 0.810156 0.467969 0.0734375 0.00113392
0 0.190625 0.581641 0.246875 0.216406 0.00113392
0 0.000268555 0.194092 0.000537109 0.125098 0.00112438
0 0.00012207 0.166992 0.000244141 0.129297 0.00110722
0 0.00827637 0.109863 0.0165527 0.0828125 0.00109863
0 0.991406 0.815625 0.0171875 0.05 0.00108147
0 0.480469 0.0505859 0.31875 0.1 0.00106525
0 0 0.904688 0 0.13125 0.00106525
0 0.000170898 0.530469 0.000341797 0.128125 0.00105286
1 0.176953 0.970312 0.303125 0.059375 0.00105286
0 0.0143799 0.364844 0.0287598 0.0882813 0.00105286
0 0.493066 0.0660156 0.260742 0.128516 0.00104809
0 0.0076416 0.658984 0.0152832 0.059375 0.00104809
1 0.646094 0.907812 0.423438 0.184375 0.00103664
0 0.131738 0.0499146 0.220508 0.0974365 0.00102425
0 0.000415039 0.0224121 0.000830078 0.0448242 0.00100803
0 0.789844 0.650391 0.403125 0.339844 0.844727
0 0.380859 0.397656 0.294531 0.270312 0.827148
0 0.133594 0.408496 0.209766 0.193945 0.72168
0 0.897656 0.90625 0.204688 0.1875 0.695312
0 0.219922 0.589844 0.242188 0.228125 0.692871
0 0.746875 0.325781 0.314063 0.301562 0.687012
0 0.466016 0.646094 0.258594 0.240625 0.683594
0 0.599219 0.4625 0.157031 0.170312 0.251709
1 0.464063 0.644531 0.260156 0.232812 0.242188
0 0.1875 0.967188 0.350781 0.065625 0.218018
1 0.787695 0.330859 0.393359 0.314844 0.199951
1 0.222461 0.589063 0.247266 0.223438 0.196777
1 0.732031 0.327148 0.284375 0.305078 0.121277
0 0.213086 0.965625 0.263672 0.06875 0.0997925
1 0.185205 0.960938 0.315527 0.078125 0.0761108
0 0.93125 0.611328 0.135937 0.233594 0.0648804
1 0.789844 0.650391 0.403125 0.339844 0.0633545
1 0.897656 0.90625 0.204688 0.1875 0.0585632
1 0.133496 0.409375 0.211914 0.198437 0.0429688
0 0.857617 0.375879 0.256641 0.251367 0.0321045
1 0.599219 0.4625 0.157031 0.170312 0.0271759
1 0.381934 0.40166 0.289258 0.270117 0.0264587
0 0.4 0.230078 0.140625 0.103906 0.0219421
0 0.135352 0.429004 0.221094 0.131055 0.0207214
1 0.0773682 0.742969 0.138623 0.1375 0.0157166
1 0.182129 0.966406 0.364258 0.0671875 0.0154266
1 0.213086 0.965625 0.263672 0.06875 0.0107346
0 0.49375 0.252539 0.154687 0.151953 0.00912476
0 0.0773682 0.742969 0.138623 0.1375 0.00891876
0 0.371094 0.229297 0.0679687 0.065625 0.00834656
0 0.29375 0.10752 0.192969 0.0837891 0.00806427
0 0.394629 0.453906 0.25918 0.15625 0.00757599
0 0.98125 0.469922 0.0375 0.221875 0.00723267
0 0.979688 0.450684 0.040625 0.270508 0.00712204
0 0.795508 0.357812 0.374609 0.285156 0.00679779
1 0.857617 0.375879 0.256641 0.251367 0.00653839
0 0.560938 0.135254 0.0796875 0.15918 0.0064621
0 0.435937 0.41875 0.182812 0.216406 0.00634003
0 0.410547 0.430469 0.241406 0.204688 0.00547028
1 0.93125 0.611328 0.135937 0.233594 0.00524139
0 0.74375 0.402246 0.295312 0.148633 0.00496292
0 0.219922 0.973437 0.245312 0.053125 0.0049057
0 0.151172 0.426562 0.193359 0.174219 0.00448608
0 0.960938 0.308984 0.078125 0.0714844 0.00378036
1 0.49375 0.252539 0.154687 0.151953 0.00355148
1 0.226953 0.952734 0.385156 0.0945313 0.00327301
0 0.608203 0.426562 0.136719 0.228906 0.00300407
1 0.560938 0.135254 0.0796875 0.15918 0.00290108
0 0.595312 0.507812 0.158594 0.08125 0.0024929
0 0.208398 0.965625 0.126563 0.06875 0.00246239
0 0.20332 0.974219 0.358984 0.0515625 0.00229645
0 0.195752 0.546875 0.202246 0.14375 0.00223351
0 0.682813 0.326367 0.207813 0.306641 0.00220871
1 0.4 0.230078 0.140625 0.103906 0.00189686
1 0.429688 0.659766 0.202344 0.188281 0.00182438
0 0.360156 0.235156 0.0515625 0.0765625 0.0017004
0 0.95625 0.846875 0.0875 0.078125 0.00149536
0 0.923437 0.88125 0.15 0.139062 0.00146675
1 0.98125 0.469922 0.0375 0.221875 0.00136662
0 0.0943604 0.733984 0.100342 0.117969 0.00135612
1 0.435937 0.41875 0.182812 0.216406 0.00134087
0 0.963672 0.375 0.0726563 0.211719 0.00133514
0 0.251221 0.977344 0.281934 0.0453125 0.00131989
0 0.0106445 0.389941 0.0212891 0.257617 0.00131512
0 0.901563 0.613281 0.19375 0.244531 0.00131512
0 0.9625 0.596484 0.075 0.208594 0.0012846
0 0.129688 0.349414 0.179688 0.0753906 0.0012598
0 0.972266 0.317773 0.0554687 0.0855469 0.00124454
0 0.353906 0.659375 0.0625 0.145313 0.00123978
0 0.429688 0.659766 0.202344 0.188281 0.00123501
1 0.394629 0.453906 0.25918 0.15625 0.0012064
0 0.45459 0.207227 0.261133 0.238281 0.00118351
1 0.298438 0.10791 0.215625 0.0896484 0.00112438
0 0.974219 0.384473 0.0515625 0.238867 0.00109005
1 0.979688 0.450684 0.040625 0.270508 0.00106525
0 0.464844 0.396191 0.128125 0.166992 0.00106049
0 0.374805 0.218555 0.0769531 0.084375 0.00104809
1 0.207764 0.755469 0.204004 0.128125 0.00101662
1 0.190234 0.909375 0.304688 0.171875 0.00100803
0 0.307031 0.301562 0.15 0.090625 0.00100803
0 0.777344 0.642187 0.357812 0.315625 0.839844
0 0.382715 0.395215 0.295508 0.27832 0.808594
0 0.749219 0.328711 0.30625 0.314453 0.798828
0 0.464063 0.645312 0.267188 0.239063 0.782715
0 0.135547 0.401465 0.210156 0.181445 0.65918
0 0.899219 0.905469 0.201562 0.184375 0.657715
0 0.226367 0.586719 0.251953 0.233594 0.626953
0 0.187158 0.960547 0.318652 0.0789063 0.379395
0 0.591406 0.456152 0.154687 0.179883 0.178345
1 0.186914 0.960938 0.320703 0.078125 0.12793
1 0.221045 0.589063 0.243066 0.241406 0.0462952
0 0.875781 0.378809 0.242188 0.251758 0.037323
1 0.788281 0.331689 0.390625 0.327246 0.0354004
1 0.136914 0.401953 0.210547 0.182812 0.0340271
1 0.463672 0.64375 0.264062 0.2375 0.0325317
1 0.777344 0.642187 0.357812 0.315625 0.0165863
0 0.921875 0.59375 0.15625 0.207813 0.0130234
1 0.900391 0.904688 0.199219 0.184375 0.012291
1 0.381641 0.396973 0.298438 0.281055 0.0118256
0 0.873438 0.995313 0.253125 0.009375 0.00712204
0 0.989062 0.465625 0.015625 0.222656 0.00653839
0 0.19668 0.963281 0.393359 0.0734375 0.00619125
1 0.898438 0.384766 0.203125 0.241406 0.00405502
0 0.979688 0.447656 0.040625 0.189844 0.00388527
0 0.833008 0.996484 0.308984 0.00703125 0.0037365
1 0.861133 0.359766 0.274609 0.290625 0.00362206
0 0.975781 0.426465 0.0484375 0.27207 0.00256157
0 0.362891 0.232227 0.05625 0.0652344 0.00224304
1 0.591406 0.456152 0.154687 0.179883 0.00215721
0 0.197461 0.568359 0.188672 0.202344 0.00208282
0 0.989062 0.366992 0.015625 0.205859 0.00165462
0 0.187842 0.8875 0.329004 0.225 0.00158501
0 0.989844 0.423438 0.0171875 0.201562 0.00146675
1 0.0763672 0.735156 0.146484 0.13125 0.00139904
0 0.0763672 0.735156 0.146484 0.13125 0.00134087
0 0.992969 0.920313 0.0140625 0.159375 0.00131989
1 0.19668 0.963281 0.393359 0.0734375 0.00121117
0 0.58125 0.447656 0.123438 0.155469 0.0012064
0 0.998828 0.907812 0.00234375 0.184375 0.00109863
0 0.98125 0.445312 0.0375 0.129688 0.00106525
0 0.00772705 0.403906 0.0154541 0.204688 0.00100803
0 0.75 0.327734 0.30625 0.311719 0.84375
0 0.783594 0.643359 0.371875 0.336719 0.833008
0 0.896094 0.902344 0.207813 0.19375 0.731934
0 0.384375 0.408984 0.309375 0.25625 0.729492
0 0.226514 0.585938 0.260254 0.235938 0.708008
0 0.467969 0.65 0.271094 0.253125 0.677246
0 0.140137 0.406152 0.225195 0.193945 0.57666
1 0.208594 0.959375 0.323828 0.08125 0.212769
1 0.466504 0.644531 0.270117 0.25 0.202393
0 0.201172 0.962891 0.311719 0.0742188 0.199341
1 0.380469 0.396777 0.305469 0.283008 0.0891113
1 0.225195 0.584766 0.256641 0.241406 0.0792236
0 0.590625 0.461719 0.153125 0.176563 0.076416
1 0.140137 0.406152 0.225195 0.193945 0.0611877
1 0.896094 0.901563 0.207813 0.184375 0.0600891
1 0.787305 0.642969 0.381641 0.334375 0.0460205
1 0.763281 0.330469 0.3375 0.322656 0.0321655
0 0.919922 0.384473 0.160156 0.248242 0.0245667
0 0.206982 0.961719 0.234473 0.075 0.0149002
0 0.101953 0.736328 0.0964844 0.125781 0.0139008
0 0.942187 0.594531 0.115625 0.191406 0.0133286
0 0.328906 0.114551 0.214844 0.0984375 0.01297
0 0.880078 0.367578 0.239844 0.278906 0.00643921
0 0.942969 0.38125 0.114063 0.246875 0.00638962
0 0.152539 0.00750732 0.305078 0.0150146 0.005867
0 0.717188 0.00780029 0.534375 0.0156006 0.00536346
0 0.823438 0.353906 0.353125 0.305469 0.0049057
0 0.786523 0.00782471 0.426953 0.0156494 0.0045929
1 0.202393 0.913281 0.342871 0.173438 0.00439835
1 0.206982 0.961719 0.234473 0.075 0.00432968
0 0.0818603 0.741406 0.116748 0.135937 0.00432968
0 0.316016 0.00744629 0.528125 0.0148926 0.00385475
0 0.896875 0.945312 0.20625 0.109375 0.00348282
0 0.980469 0.450879 0.0390625 0.187305 0.00335121
0 0.202393 0.913281 0.342871 0.173438 0.00327301
1 0.590625 0.461719 0.153125 0.176563 0.00324821
1 0.238477 0.960156 0.397266 0.0796875 0.00312424
0 0.517871 0.00771484 0.531445 0.0154297 0.00304031
0 0.617578 0.0079834 0.538281 0.0159668 0.00302696
0 0.243359 0.0078125 0.486719 0.015625 0.0029583
0 0.913281 0.622656 0.173438 0.254687 0.00263214
0 0.418652 0.00769043 0.526758 0.0153809 0.00239754
0 0.238477 0.960156 0.397266 0.0796875 0.00233269
1 0.101953 0.736328 0.0964844 0.125781 0.00211525
1 0.939062 0.384277 0.121875 0.242383 0.0020752
0 0.635156 0.807031 0.295312 0.075 0.00198746
0 0.879687 0.454688 0.190625 0.110937 0.0017004
0 0.305469 0.107324 0.209375 0.0935547 0.0016613
0 0.990625 0.44375 0.01875 0.203125 0.00162888
0 0.991406 0.440527 0.0171875 0.164258 0.00155449
0 0.877344 0.952344 0.201562 0.0953125 0.00139904
0 0.169043 0.429688 0.154492 0.117188 0.00138855
0 0.589063 0.49375 0.15 0.110937 0.0012846
1 0.0818603 0.741406 0.116748 0.135937 0.00121593
0 0.983594 0.460938 0.0296875 0.213281 0.0012064
0 0.0652344 0.0123291 0.130469 0.0246582 0.00119686
0 0.333203 0.478906 0.174219 0.122656 0.00109863
0 0.305664 0.0972656 0.241016 0.0660156 0.00104046
0 0.971875 0.89375 0.05625 0.121875 0.00100803
0 0.76875 0.637109 0.3375 0.310156 0.82959
0 0.465527 0.648828 0.264258 0.246094 0.826172
0 0.764844 0.332031 0.342187 0.309375 0.8125
0 0.385156 0.405566 0.291406 0.257617 0.790527
0 0.220117 0.5875 0.244141 0.228125 0.651367
0 0.897266 0.903906 0.205469 0.192188 0.562988
0 0.1375 0.404687 0.214062 0.192188 0.548828
0 0.199609 0.966016 0.266016 0.0679687 0.260498
1 0.19375 0.9625 0.280469 0.075 0.218628
0 0.936719 0.595312 0.126563 0.196875 0.130981
0 0.5875 0.460156 0.132812 0.172656 0.113953
1 0.101562 0.743359 0.096875 0.133594 0.0698242
1 0.788281 0.339063 0.395312 0.325781 0.0572815
1 0.897266 0.903906 0.205469 0.192188 0.0492249
0 0.180127 0.958594 0.299902 0.0828125 0.0433655
1 0.219922 0.587109 0.244141 0.225 0.0402527
1 0.383496 0.396875 0.29707 0.273438 0.0387573
1 0.464453 0.646875 0.263281 0.242188 0.0327759
1 0.1375 0.404687 0.214062 0.192188 0.0322266
1 0.106934 0.76875 0.10957 0.182812 0.0179901
0 0.0920898 0.764844 0.159961 0.190625 0.0171814
0 0.865039 0.136133 0.269922 0.272266 0.0163422
1 0.744531 0.634375 0.290625 0.304688 0.016098
0 0.457031 0.258008 0.227344 0.176953 0.0149536
0 0.45 0.329102 0.238281 0.318359 0.0115051
0 0.102539 0.7625 0.0970703 0.171875 0.0105667
1 0.0920898 0.764844 0.159961 0.190625 0.00905609
0 0.991016 0.464453 0.0179687 0.25 0.00905609
0 0.934375 0.374023 0.13125 0.214453 0.00790405
0 0.42959 0.237109 0.19082 0.126172 0.0068779
1 0.213623 0.964063 0.354785 0.071875 0.0068512
0 0.984375 0.45625 0.03125 0.2375 0.0064621
0 0.2625 0.180469 0.267188 0.243359 0.00510025
0 0.213623 0.964063 0.354785 0.071875 0.00471878
1 0.740625 0.329102 0.29375 0.303516 0.00453949
0 0.314453 0.135547 0.235938 0.130078 0.00429916
1 0.0757568 0.744531 0.117627 0.15 0.00407028
0 0.309424 0.210938 0.341309 0.33125 0.00400543
1 0.936719 0.595312 0.126563 0.196875 0.00390053
0 0.901563 0.382422 0.196875 0.224219 0.00388527
0 0.370508 0.296875 0.399609 0.457812 0.00365067
1 0.45 0.329102 0.238281 0.318359 0.00341606
0 0.316602 0.176367 0.215234 0.171094 0.00337601
0 0.364062 0.230078 0.0554687 0.0640625 0.00302696
1 0.457031 0.258008 0.227344 0.176953 0.00283432
0 0.370898 0.224805 0.0707031 0.0699219 0.00274658
0 0.0555664 0.557813 0.102148 0.19375 0.00244331
0 0.306641 0.116577 0.203125 0.0953613 0.00228691
0 0.199023 0.170312 0.388672 0.296875 0.00219154
0 0.281055 0.173145 0.226953 0.187305 0.00211525
0 0.891406 0.108984 0.217187 0.217969 0.00196457
0 0.494141 0.108398 0.210938 0.201172 0.00194168
1 0.120117 0.764453 0.203516 0.210156 0.00188923
0 0.408594 0.226953 0.145313 0.101562 0.00185299
0 0.348633 0.183984 0.416797 0.257031 0.00183868
1 0.25918 0.181689 0.256641 0.238184 0.00181007
0 0.482812 0.249561 0.153125 0.154004 0.00181007
1 0.5875 0.460156 0.132812 0.172656 0.00179577
0 0.101196 0.734375 0.0944824 0.121875 0.00168705
1 0.246045 0.964063 0.186816 0.071875 0.0015974
0 0.990625 0.442285 0.01875 0.179492 0.00148964
0 0.0650391 0.777344 0.119922 0.215625 0.00141621
0 0.513281 0.127051 0.178125 0.160352 0.00139904
1 0.867773 0.140918 0.264453 0.281836 0.00138855
1 0.0430664 0.767578 0.0771484 0.200781 0.00137806
0 0.120117 0.764453 0.203516 0.210156 0.00137806
1 0.370508 0.296875 0.399609 0.457812 0.00131989
0 0.304102 0.399219 0.152734 0.228125 0.00125504
1 0.309424 0.210938 0.341309 0.33125 0.00124454
0 0.985937 0.453906 0.028125 0.183594 0.00115585
0 0.917969 0.169629 0.164062 0.268555 0.00111198
0 0.480859 0.0697266 0.241406 0.132812 0.00101662
0 0.761719 0.6375 0.329688 0.3125 0.852051
0 0.772656 0.33125 0.351562 0.328125 0.802734
0 0.38125 0.397656 0.305469 0.275 0.748535
0 0.465234 0.646875 0.271875 0.248437 0.65332
0 0.221289 0.591016 0.257422 0.24375 0.648926
0 0.13916 0.413379 0.222461 0.212305 0.583984
0 0.894531 0.903906 0.210938 0.192188 0.520508
0 0.199658 0.964063 0.305371 0.071875 0.250977
0 0.926562 0.603906 0.146875 0.220313 0.123352
1 0.461719 0.647656 0.269531 0.24375 0.0951538
1 0.200781 0.959375 0.294531 0.08125 0.0708008
1 0.227295 0.592188 0.249316 0.251563 0.0483093
1 0.89375 0.904688 0.2125 0.190625 0.0304413
0 0.602344 0.459375 0.173438 0.179688 0.0288696
1 0.136426 0.413281 0.220898 0.210156 0.0284424
1 0.379687 0.397656 0.302344 0.278906 0.0269623
1 0.74375 0.326904 0.309375 0.32041 0.019455
1 0.760156 0.638672 0.329688 0.310156 0.0104904
0 0.864844 0.367188 0.25625 0.276563 0.00963593
0 0.810156 0.358008 0.36875 0.295703 0.00621796
0 0.452246 0.423828 0.168945 0.23125 0.00313568
0 0.939844 0.387109 0.120312 0.24375 0.00244331
1 0.926562 0.603906 0.146875 0.220313 0.00225258
0 0.361719 0.226953 0.0617188 0.0726563 0.00132465
0 0.233252 0.961328 0.232715 0.0773437 0.00106049
1 0.196484 0.963281 0.313281 0.0734375 0.00102806
0 0.75625 0.636719 0.309375 0.314063 0.833496
0 0.380859 0.398047 0.296094 0.280469 0.783203
0 0.463672 0.649219 0.264062 0.248437 0.770508
0 0.759766 0.335352 0.319531 0.321484 0.74707
0 0.224561 0.588281 0.240723 0.232812 0.704102
0 0.900391 0.905078 0.199219 0.189844 0.684082
0 0.138477 0.408691 0.213672 0.201367 0.650391
0 0.19375 0.966406 0.296094 0.0671875 0.44751
1 0.778906 0.338232 0.357812 0.32666 0.133179
1 0.137305 0.410254 0.208984 0.201367 0.0948486
1 0.194531 0.9625 0.291406 0.075 0.0922241
1 0.463672 0.649219 0.25625 0.249219 0.0673218
1 0.221875 0.589063 0.231641 0.238281 0.0597534
1 0.380859 0.398047 0.296094 0.280469 0.0551147
0 0.596875 0.456641 0.151562 0.180469 0.0490417
1 0.102637 0.741016 0.0910156 0.132031 0.042572
1 0.903906 0.903125 0.192188 0.19375 0.0396423
0 0.936719 0.605469 0.123438 0.23125 0.0351562
0 0.363672 0.228516 0.0539063 0.0695312 0.0259552
0 0.496875 0.0494141 0.220313 0.0921875 0.0167847
1 0.760156 0.6375 0.317187 0.314063 0.0152512
0 0.102637 0.741016 0.0910156 0.132031 0.0142288
0 0.403125 0.223047 0.139062 0.0953125 0.0135345
1 0.08125 0.748047 0.133594 0.144531 0.00912476
0 0.315234 0.114844 0.199219 0.09375 0.00847626
0 0.685156 0.067041 0.196875 0.127246 0.00837708
0 0.385547 0.219141 0.103906 0.0875 0.0078125
0 0.90625 0.597266 0.178125 0.215625 0.0064888
0 0.292578 0.982422 0.138281 0.0351562 0.00575256
0 0.811133 0.353516 0.371484 0.298438 0.00566483
1 0.596875 0.456641 0.151562 0.180469 0.00538635
0 0.985937 0.416406 0.028125 0.250781 0.00530243
1 0.363867 0.220313 0.0535156 0.0804688 0.0049057
0 0.989844 0.4375 0.0203125 0.234375 0.00468063
1 0.403125 0.223047 0.139062 0.0953125 0.00403976
0 0.246484 0.971875 0.198437 0.05625 0.003088
0 0.269531 0.975 0.153906 0.05 0.00300407
0 0.342187 0.657812 0.0351562 0.217187 0.00296974
0 0.876562 0.629687 0.2375 0.289062 0.00287819
0 0.572656 0.450391 0.0890625 0.161719 0.00271416
1 0.042334 0.753906 0.0786133 0.159375 0.00263214
0 0.178955 0.967969 0.291309 0.0640625 0.00259018
0 0.740625 0.0669922 0.2375 0.124805 0.00259018
0 0.449316 0.415234 0.168555 0.221094 0.00253105
0 0.357617 0.235547 0.0511719 0.071875 0.00251198
0 0.08125 0.748047 0.133594 0.144531 0.00244331
0 0.85332 0.37959 0.290234 0.256445 0.00243378
0 0.197852 0.96875 0.134766 0.0625 0.00232315
0 0.541406 0.0468262 0.20625 0.0852539 0.00208282
0 0.188672 0.977344 0.145313 0.0453125 0.0020752
0 0.470313 0.410156 0.125 0.207031 0.00178242
1 0.985937 0.416406 0.028125 0.250781 0.0017271
0 0.204297 0.960938 0.244531 0.071875 0.0016613
0 0.928125 0.378125 0.134375 0.228125 0.00162315
0 0.508594 0.12207 0.184375 0.158594 0.00154877
1 0.936719 0.605469 0.123438 0.23125 0.00150108
0 0.632812 0.0552734 0.239063 0.102539 0.0014782
0 0.985156 0.44541 0.0296875 0.179492 0.00145531
1 0.508594 0.12207 0.184375 0.158594 0.0014267
0 0.0340332 0.725781 0.0680664 0.0921875 0.00138283
1 0.557031 0.134961 0.0890625 0.1375 0.00133514
1 0.385547 0.219141 0.103906 0.0875 0.00131512
0 0.209766 0.975391 0.151562 0.0492188 0.00129986
0 0.299219 0.995703 0.157813 0.00859375 0.00129414
1 0.292578 0.982422 0.138281 0.0351562 0.00129414
0 0.592969 0.28125 0.028125 0.217187 0.00125504
0 0.408984 0.244873 0.146094 0.14541 0.00124931
0 0.186328 0.870313 0.304688 0.259375 0.00123501
0 0.546875 0.131055 0.115625 0.1375 0.00107765
0 0.708203 0.0806885 0.211719 0.159326 0.00102425
0 0.159082 0.977344 0.161523 0.0453125 0.00102425
0 0.7875 0.638281 0.38125 0.3125 0.861816
0 0.219141 0.589844 0.244531 0.234375 0.72168
0 0.380566 0.39834 0.29668 0.275195 0.708984
0 0.896094 0.904688 0.207813 0.190625 0.696777
0 0.464063 0.65 0.259375 0.249219 0.693359
0 0.137109 0.411328 0.214453 0.200781 0.673828
0 0.794531 0.338232 0.395312 0.32666 0.496094
0 0.193408 0.9625 0.296777 0.075 0.375732
1 0.787305 0.336719 0.387891 0.326562 0.365723
1 0.462109 0.648828 0.264062 0.249219 0.146851
1 0.380566 0.39834 0.29668 0.275195 0.133911
0 0.582812 0.458594 0.138281 0.18125 0.118774
1 0.135156 0.413184 0.2125 0.200195 0.0941772
1 0.218799 0.589063 0.241309 0.235938 0.0908813
1 0.183643 0.960938 0.29834 0.078125 0.0828247
1 0.895312 0.904688 0.209375 0.190625 0.0422363
1 0.7875 0.638281 0.38125 0.3125 0.033844
0 0.9375 0.6125 0.121875 0.245312 0.0125732
0 0.339453 0.117188 0.252344 0.0988281 0.0120544
0 0.265625 0.970312 0.151562 0.059375 0.00679779
1 0.0888672 0.738281 0.119922 0.134375 0.00614548
1 0.582812 0.459375 0.1375 0.182812 0.00559998
0 0.920313 0.598437 0.15 0.209375 0.0055542
0 0.230078 0.965625 0.228516 0.06875 0.00340271
0 0.725781 0.331445 0.254687 0.323828 0.00275803
0 0.363281 0.228516 0.0578125 0.0648438 0.00240517
0 0.189014 0.967969 0.294629 0.0640625 0.00229645
0 0.0888672 0.738281 0.119922 0.134375 0.00226974
0 0.184961 0.892969 0.307813 0.214062 0.00213242
0 0.443652 0.248779 0.220508 0.160254 0.00153065
0 0.989844 0.438184 0.0203125 0.229883 0.00151253
1 0.184961 0.892969 0.307813 0.214062 0.00135612
1 0.9375 0.6125 0.121875 0.245312 0.00131989
0 0.414062 0.306641 0.285937 0.376563 0.00130463
0 0.575 0.43584 0.104687 0.13457 0.00123024
1 0.227539 0.964844 0.234766 0.0703125 0.00116062
1 0.339453 0.117188 0.252344 0.0988281 0.00115108
0 0.460938 0.420703 0.139062 0.217187 0.00110722
0 0.372656 0.272852 0.353125 0.427734 0.00105667
1 0.265625 0.970312 0.151562 0.059375 0.00104427
0 0.319922 0.106543 0.264844 0.0875 0.00102043
0 0.7875 0.638281 0.38125 0.3125 0.861328
0 0.219141 0.589844 0.244531 0.234375 0.72168
0 0.380469 0.39834 0.296094 0.275195 0.708008
0 0.896094 0.904688 0.207813 0.190625 0.696777
0 0.464063 0.65 0.259375 0.25 0.691895
0 0.137305 0.411328 0.214453 0.200781 0.673828
0 0.794531 0.337891 0.395312 0.326562 0.494141
0 0.193408 0.9625 0.296777 0.075 0.375732
1 0.787305 0.336719 0.387891 0.326562 0.366699
1 0.462109 0.648828 0.264062 0.249219 0.148315
1 0.380469 0.39834 0.296094 0.275195 0.13501
0 0.582812 0.458594 0.138281 0.18125 0.118774
1 0.134961 0.413184 0.2125 0.200195 0.0944824
1 0.218799 0.589063 0.241309 0.235938 0.0912476
1 0.183643 0.960938 0.29834 0.078125 0.0825195
1 0.895312 0.904688 0.209375 0.190625 0.0422363
1 0.7875 0.638281 0.38125 0.3125 0.0344849
0 0.9375 0.6125 0.121875 0.245312 0.0125275
0 0.339453 0.117212 0.252344 0.0987793 0.0120087
0 0.265625 0.970312 0.151562 0.059375 0.00674438
1 0.0888672 0.738281 0.119922 0.134375 0.00609589
1 0.582812 0.459375 0.1375 0.182812 0.00564194
0 0.920313 0.598437 0.15 0.209375 0.00553513
0 0.230078 0.965625 0.228516 0.06875 0.00337601
0 0.725781 0.331445 0.254687 0.323828 0.00271416
0 0.363281 0.228516 0.0578125 0.0648438 0.0024147
0 0.189014 0.967969 0.294629 0.0640625 0.00226974
0 0.0888672 0.738281 0.119922 0.134375 0.00225258
0 0.185156 0.892969 0.307813 0.214062 0.00214958
0 0.443652 0.248779 0.220508 0.160254 0.00152493
0 0.989844 0.438184 0.0203125 0.229883 0.00152493
1 0.185156 0.892969 0.307813 0.214062 0.00136185
1 0.9375 0.6125 0.121875 0.245312 0.00131989
0 0.413965 0.306689 0.286133 0.377246 0.00130463
0 0.575 0.435937 0.104687 0.135156 0.00123978
1 0.227539 0.964844 0.234766 0.0703125 0.00116062
1 0.339453 0.117212 0.252344 0.0987793 0.00114727
0 0.460938 0.420703 0.139062 0.217187 0.0011034
0 0.372656 0.272852 0.353125 0.427734 0.00105286
1 0.265625 0.970312 0.151562 0.059375 0.00104046
0 0.319922 0.106543 0.264844 0.0875 0.00102425
