1 0.504687 0.513965 0.439063 0.742383 0.856934
0 0.503516 0.508203 0.439844 0.750781 0.0225067
1 0.449121 0.644531 0.329883 0.4 0.00397491
1 0.451172 0.475 0.339844 0.740625 0.00327301
0 0.451465 0.684375 0.323633 0.334375 0.00121593
0 0.499219 0.504785 0.440625 0.70293 0.63623
1 0.499219 0.502344 0.447656 0.723437 0.317383
1 0.526563 0.684766 0.374219 0.317969 0.00787354
0 0.498828 0.415234 0.405469 0.527344 0.00229645
1 0.582031 0.635547 0.273438 0.419531 0.00143242
0 0.478516 0.317578 0.353125 0.325781 0.00133514
1 0.604688 0.580078 0.239063 0.539844 0.00122547
1 0.566797 0.546484 0.314844 0.597656 0.00122547
1 0.499609 0.496484 0.449219 0.702344 0.765625
0 0.501465 0.527734 0.448633 0.755469 0.216064
0 0.494141 0.258203 0.452344 0.213281 0.0256653
0 0.175 0.260156 0.35 0.497656 0.00582123
0 0.178711 0.175781 0.357422 0.339844 0.00471878
0 0.137109 0.497754 0.264062 0.798242 0.00324821
0 0.421875 0.13125 0.821875 0.2625 0.0027256
0 0.143066 0.205469 0.279492 0.39375 0.00236893
0 0.504004 0.359375 0.438867 0.413281 0.00225258
0 0.222656 0.150781 0.435156 0.288281 0.0020504
1 0.516309 0.570996 0.395508 0.542383 0.00168705
0 0.755078 0.17793 0.482031 0.344922 0.00168133
0 0.320312 0.143945 0.596875 0.276953 0.0016489
0 0.13457 0.360156 0.258984 0.582812 0.00157928
0 0.108594 0.501953 0.202734 0.725781 0.00153637
0 0.649316 0.249609 0.67168 0.483594 0.00144958
0 0.996094 0.0373535 0.0078125 0.074707 0.00136662
0 0.996094 0.080835 0.0078125 0.152002 0.00121593
0 0.996094 0.118457 0.0078125 0.151758 0.00119686
0 0.996094 0.155957 0.0078125 0.151367 0.0011692
0 0.996094 0.193555 0.0078125 0.151172 0.0011425
0 0.996484 0.052832 0.00703125 0.105664 0.00112438
0 0.996094 0.231055 0.0078125 0.151172 0.00108624
0 0.996094 0.268359 0.0078125 0.150781 0.00105286
1 0.498828 0.541016 0.442969 0.782031 0.849121
0 0.500391 0.529688 0.442969 0.7625 0.00793457
1 0.504004 0.490527 0.44668 0.689258 0.918945
0 0.502734 0.497266 0.450781 0.702344 0.00572968
1 0.503516 0.483203 0.450781 0.711719 0.824219
0 0.505469 0.503809 0.453125 0.72207 0.0250397
0 0.135645 0.00726318 0.271289 0.0145264 0.00273705
0 0.50625 0.323438 0.44375 0.350781 0.00160408
0 0.748828 0.00769043 0.502344 0.0153809 0.0015974
0 0.8125 0.00726318 0.375 0.0145264 0.00150108
0 0.205469 0.00749512 0.410937 0.0149902 0.00145531
0 0.668359 0.00772705 0.539844 0.0154541 0.00130463
0 0.255469 0.00755615 0.510938 0.0151123 0.00128937
0 0.0869141 0.0108765 0.173828 0.0217529 0.00107288
1 0.50625 0.323438 0.44375 0.350781 0.00104046
1 0.501562 0.492188 0.445312 0.679688 0.906738
0 0.502344 0.491797 0.442187 0.678906 0.0157166
1 0.501172 0.509766 0.444531 0.714844 0.826172
0 0.500391 0.526563 0.449219 0.746875 0.00682449
1 0.501953 0.511719 0.449219 0.726562 0.876953
0 0.501953 0.511719 0.449219 0.726562 0.00269318
1 0.497754 0.509766 0.448242 0.702344 0.882324
0 0.501172 0.508984 0.446094 0.703906 0.00169373
1 0.497754 0.509766 0.448242 0.702344 0.882324
0 0.500879 0.508984 0.44668 0.703906 0.00172043
