1 0.698828 0.396777 0.511719 0.493945 0.587891
0 0.698828 0.396777 0.511719 0.493945 0.422607
0 0.50625 0.680469 0.424219 0.290625 0.0255585
0 0.425098 0.678906 0.25293 0.292188 0.0194244
0 0.605371 0.678125 0.623633 0.29375 0.0151291
0 0.25957 0.31875 0.488672 0.6375 0.00484848
0 0.4875 0.810156 0.896875 0.379687 0.0041008
0 0.49375 0.872656 0.9125 0.254687 0.00403976
1 0.25957 0.31875 0.488672 0.6375 0.00186729
1 0.49375 0.872656 0.9125 0.254687 0.00160408
0 0.178711 0.292578 0.357422 0.585156 0.00157356
0 0.415527 0.328516 0.756445 0.657031 0.0012598
1 0.4875 0.810156 0.896875 0.379687 0.00123501
0 0.546191 0.703906 0.529492 0.25 0.0011692
0 0.928125 0.152246 0.14375 0.304492 0.00105667
0 0.697656 0.405566 0.514063 0.491992 0.830566
0 0.629785 0.676172 0.657617 0.300781 0.199341
1 0.699219 0.402246 0.520312 0.487695 0.16748
0 0.527344 0.676562 0.45625 0.3 0.098938
1 0.629785 0.676172 0.657617 0.300781 0.0678101
1 0.527344 0.676562 0.45625 0.3 0.0276947
0 0.82168 0.404785 0.269141 0.49043 0.0271759
1 0.821875 0.412109 0.2625 0.479688 0.00477219
0 0.69375 0.408887 0.521875 0.499414 0.824219
1 0.696094 0.410645 0.514063 0.500586 0.126099
0 0.551953 0.677734 0.527344 0.300781 0.0647583
0 0.464941 0.68125 0.351367 0.29375 0.0325317
0 0.682031 0.269531 0.554688 0.233594 0.00643921
0 0.601562 0.646875 0.654688 0.367188 0.00521851
0 0.579785 0.569141 0.643555 0.519531 0.00374985
1 0.543652 0.680078 0.51582 0.297656 0.00276756
1 0.464941 0.68125 0.351367 0.29375 0.00181007
1 0.687891 0.269141 0.535156 0.232031 0.00168705
0 0 0.864844 0 0.148438 0.00134563
0 0 0.901563 0 0.146875 0.00130463
0 0 0.728516 0 0.155469 0.00120163
0 0 0.765625 0 0.154687 0.00116062
0 0 0.81582 0 0.152734 0.00115108
0 0 0.690625 0 0.154687 0.00109482
0 0.678906 0.241797 0.503125 0.170312 0.00109005
0 0 0.926562 0 0.140625 0.00105667
0 0 0.653125 0 0.154687 0.00104809
0 0.639063 0.290186 0.407813 0.261816 0.00104046
0 0.695703 0.407715 0.507031 0.501758 0.733887
1 0.69375 0.401465 0.501562 0.500195 0.315674
0 0.567871 0.683203 0.548633 0.288281 0.0367126
1 0.567871 0.683203 0.548633 0.288281 0.0179901
0 0.492188 0.686719 0.389062 0.28125 0.0036068
1 0.492188 0.686719 0.389062 0.28125 0.00261116
1 0.615234 0.406152 0.338281 0.50332 0.00124454
0 0.609375 0.397559 0.335938 0.479883 0.00109005
0 0.692969 0.398047 0.515625 0.510156 0.827148
1 0.693359 0.398828 0.510156 0.491406 0.119019
0 0.534375 0.675 0.525 0.310937 0.0155411
1 0.534375 0.675 0.525 0.310937 0.00526047
0 0.573828 0.675781 0.803906 0.3125 0.00279999
0 0.144824 0.995313 0.289648 0.009375 0.0024929
0 0.178711 0.996094 0.357422 0.0078125 0.00170708
0 0.294531 0.996094 0.428125 0.0078125 0.00150108
1 0.573828 0.675781 0.803906 0.3125 0.00119209
0 0.367188 0.995703 0.434375 0.00859375 0.00110722
0 0.696094 0.402344 0.51875 0.503906 0.720215
1 0.698438 0.402441 0.525 0.504492 0.373779
0 0.487891 0.680469 0.392969 0.301562 0.130493
0 0.606641 0.679688 0.639844 0.304688 0.105225
1 0.487891 0.680469 0.392969 0.301562 0.0225372
1 0.606641 0.679688 0.639844 0.304688 0.0206451
0 0.246484 0.420703 0.492969 0.841406 0.0078125
0 0.813281 0.00732422 0.373437 0.0146484 0.00387001
0 0.762109 0.00771484 0.475781 0.0154297 0.00314713
0 0.692969 0.00776367 0.539062 0.0155273 0.00251198
0 0.15127 0.00725098 0.302539 0.014502 0.0016613
0 0.594141 0.00775146 0.538281 0.0155029 0.00153637
0 0.7 0.780078 0.6 0.439844 0.00137806
0 0.49375 0.00770264 0.535937 0.0154053 0.00130939
0 0.230078 0.0074585 0.460156 0.014917 0.00121593
0 0.34375 0.00760498 0.534375 0.01521 0.00119686
0 0.315234 0.323633 0.630469 0.647266 0.00117874
0 0.698438 0.400098 0.51875 0.501367 0.855957
1 0.697656 0.404785 0.517187 0.512305 0.124878
0 0.592969 0.682031 0.601562 0.292188 0.0878906
1 0.622266 0.684375 0.677344 0.289062 0.0131226
0 0.702344 0.812305 0.578125 0.375391 0.0012064
0 0.695312 0.400391 0.51875 0.505469 0.680176
1 0.694141 0.401563 0.514844 0.503125 0.215332
0 0.464941 0.689062 0.349805 0.284375 0.0928345
0 0.597656 0.689062 0.634375 0.2875 0.0455933
1 0.464941 0.689062 0.349805 0.284375 0.0282135
1 0.597656 0.689062 0.634375 0.2875 0.0235138
0 0.695703 0.399219 0.514844 0.502344 0.890625
1 0.698047 0.403613 0.516406 0.503711 0.067688
0 0.564453 0.683594 0.549219 0.290625 0.025177
0 0.453027 0.681641 0.31582 0.296094 0.0227203
1 0.564453 0.683594 0.549219 0.290625 0.00763702
1 0.453027 0.681641 0.31582 0.296094 0.00634003
0 0.896875 0.101538 0.2 0.199268 0.00372124
0 0.694531 0.401465 0.51875 0.501758 0.662598
1 0.694531 0.401563 0.514063 0.503125 0.230957
0 0.608594 0.683594 0.639063 0.2875 0.0397034
1 0.608594 0.683594 0.639063 0.2875 0.0158997
0 0.465527 0.685156 0.343945 0.285937 0.0105667
1 0.465527 0.685156 0.343945 0.285937 0.0049057
0 0.922656 0.103418 0.151562 0.206836 0.00196457
0 0.694531 0.401465 0.51875 0.501758 0.661133
1 0.694531 0.401563 0.514063 0.503125 0.233765
0 0.608594 0.683594 0.639063 0.2875 0.0401611
1 0.608594 0.683594 0.639063 0.2875 0.0160217
0 0.465527 0.685156 0.343945 0.285937 0.0105667
1 0.465527 0.685156 0.343945 0.285937 0.0049057
0 0.922656 0.103418 0.151562 0.206836 0.00195694
