1 0.470703 0.491797 0.674219 0.855469 0.688477
0 0.470703 0.491797 0.674219 0.855469 0.248657
0 0.77832 0.183691 0.443359 0.367383 0.00175476
0 0.342187 0.494531 0.377344 0.854688 0.00149536
1 0.342187 0.494531 0.377344 0.854688 0.00121117
0 0.814062 0.246094 0.371875 0.492188 0.00116062
0 0.800195 0.132617 0.399609 0.265234 0.00106049
0 0.609375 0.489844 0.439063 0.840625 0.00103188
1 0.491406 0.517578 0.6625 0.930469 0.582031
0 0.491406 0.517578 0.6625 0.930469 0.345947
0 0.842969 0.0233887 0.314063 0.0467773 0.00446701
0 0.700781 0.561621 0.271875 0.70957 0.0024929
1 0.845703 0.0237793 0.308594 0.0475586 0.00224304
1 0.696484 0.630078 0.269531 0.574219 0.00212479
1 0.707812 0.508984 0.259375 0.807031 0.00159168
0 0.784961 0.511328 0.430078 0.977344 0.00133038
0 0.680469 0.648047 0.2875 0.560156 0.00130463
1 0.784961 0.511328 0.430078 0.977344 0.00129414
0 0.767969 0.0226074 0.389062 0.0452148 0.00112438
0 0.482031 0.485938 0.678125 0.8625 0.885254
1 0.482031 0.485938 0.678125 0.8625 0.0246124
0 0.817187 0.0199951 0.2625 0.0399902 0.00291252
0 0.45625 0.147363 0.676562 0.199805 0.00286674
0 0.156836 0.136133 0.3 0.255859 0.00198746
0 0.776563 0.0188965 0.245312 0.037793 0.00194931
0 0.862695 0.0209961 0.274609 0.0419922 0.00164223
1 0.441406 0.144897 0.642187 0.195361 0.00138855
0 0.492969 0.187891 0.632812 0.26875 0.00124931
0 0.121484 0.151465 0.236328 0.281836 0.00104046
0 0.486719 0.526563 0.670313 0.885938 0.60498
1 0.480469 0.49375 0.679688 0.86875 0.533203
1 0.394922 0.116797 0.382812 0.121875 0.00751877
0 0.394922 0.116797 0.382812 0.121875 0.00714874
0 0.291992 0.358984 0.269141 0.402344 0.00167465
0 0.452441 0.112988 0.376367 0.122461 0.00141048
1 0.426562 0.942969 0.853125 0.114063 0.00138855
1 0.291992 0.358984 0.269141 0.402344 0.00107765
0 0.492188 0.489844 0.671875 0.892187 0.809082
1 0.494922 0.487109 0.667969 0.872656 0.166138
0 0.773438 0.0206543 0.453125 0.0413086 0.0142288
1 0.773438 0.0206543 0.453125 0.0413086 0.005867
0 0.769141 0.0165527 0.461719 0.0331055 0.00468063
0 0.814844 0.0192627 0.370313 0.0385254 0.00234222
0 0.708594 0.0209473 0.485938 0.0418945 0.00182438
0 0.895312 0.995703 0.209375 0.00859375 0.00127411
1 0.769141 0.0165527 0.461719 0.0331055 0.00124931
0 0.832812 0.0208008 0.334375 0.0416016 0.00104809
0 0.795313 0.995313 0.409375 0.009375 0.00100422
0 0.48584 0.475391 0.689258 0.878906 0.881348
1 0.491406 0.475781 0.673437 0.898438 0.0448608
0 0.764063 0.0224121 0.446875 0.0448242 0.0132217
0 0.735937 0.0141602 0.528125 0.0283203 0.00926971
0 0.490234 0.303906 0.675781 0.529688 0.00496292
1 0.764063 0.0224121 0.446875 0.0448242 0.00475693
0 0.788477 0.0149414 0.423047 0.0298828 0.00337601
0 0.219531 0.00777588 0.439063 0.0155518 0.0026722
0 0.152441 0.00695801 0.304883 0.013916 0.00255013
1 0.735937 0.0141602 0.528125 0.0283203 0.00253105
0 0.269922 0.00782471 0.539844 0.0156494 0.00239754
0 0.471777 0.111621 0.40332 0.131445 0.00169373
0 0.370703 0.00784912 0.54375 0.0156982 0.00139904
0 0.669531 0.0119385 0.557813 0.023877 0.00123501
0 0.89375 0.291406 0.2125 0.582812 0.00108147
0 0.716016 0.179492 0.194531 0.254687 0.00104046
0 0.492188 0.488281 0.667188 0.885938 0.806152
1 0.491309 0.48125 0.673633 0.8875 0.222656
0 0.0892578 0.494434 0.175391 0.675195 0.00488663
0 0.49209 0.298242 0.662695 0.505078 0.00457382
1 0.49209 0.298242 0.662695 0.505078 0.00242424
0 0.923437 0.580078 0.153125 0.424219 0.00221634
0 0.925781 0.505859 0.148438 0.346094 0.00217438
0 0.553906 0.103027 0.253906 0.116602 0.00213242
0 0.908594 0.638281 0.182812 0.520312 0.0018034
0 0.921875 0.435156 0.15625 0.355469 0.0017271
0 0.42666 0.116211 0.368555 0.120312 0.00168705
0 0.254883 0.539844 0.506641 0.920313 0.0012064
0 0.492969 0.10625 0.332812 0.119531 0.00115585
0 0.913281 0.378125 0.173438 0.34375 0.0011034
1 0.0892578 0.494434 0.175391 0.675195 0.00105286
0 0.608984 0.304688 0.438281 0.507812 0.00104046
0 0.474316 0.483594 0.707617 0.889063 0.704102
1 0.486816 0.482812 0.679492 0.884375 0.327637
0 0.857031 0.0202637 0.282813 0.0405273 0.00356483
0 0.78125 0.0192383 0.307813 0.0384766 0.0024929
1 0.489453 0.285937 0.680469 0.475 0.00197983
0 0.489453 0.285937 0.680469 0.475 0.00182438
0 0.831055 0.020166 0.212891 0.040332 0.00126457
0 0.670313 0.482031 0.325 0.865625 0.0012207
0 0.829883 0.0188965 0.296484 0.037793 0.00106525
0 0.488184 0.486328 0.68457 0.892969 0.78418
1 0.490234 0.489062 0.678906 0.90625 0.222656
0 0.895312 0.515234 0.203125 0.952344 0.00176811
0 0.799609 0.0174805 0.400781 0.0349609 0.00130939
0 0.491309 0.484375 0.679883 0.878125 0.555664
1 0.488281 0.482812 0.679688 0.871875 0.389648
0 0.803906 0.0184814 0.392188 0.0369629 0.00195694
1 0.803906 0.0184814 0.392188 0.0369629 0.00147247
0 0.101562 0.525781 0.200781 0.93125 0.00116539
0 0.491309 0.484375 0.679883 0.878125 0.560059
1 0.488281 0.483203 0.679688 0.871094 0.386719
0 0.803516 0.0184814 0.392969 0.0369629 0.00192642
1 0.803516 0.0184814 0.392969 0.0369629 0.00145531
0 0.101562 0.526563 0.200781 0.93125 0.00116062
