1 0.507422 0.467578 0.714844 0.857031 0.0828247
0 0.507422 0.467578 0.714844 0.857031 0.078064
0 0.0819824 0.709375 0.163965 0.58125 0.0605164
0 0.770312 0.069043 0.176563 0.129102 0.0287628
1 0.0819824 0.709375 0.163965 0.58125 0.0258636
0 0.745703 0.0683594 0.242969 0.136719 0.0175171
1 0.745703 0.0683594 0.242969 0.136719 0.00831604
0 0.671094 0.483984 0.453125 0.785156 0.0051384
0 0.875781 0.855273 0.248437 0.289453 0.00477219
0 0.253906 0.138477 0.415625 0.276953 0.00468063
0 0.170117 0.134473 0.259766 0.268945 0.00346947
0 0.0977539 0.0913086 0.0986328 0.182617 0.00335121
0 0.0813477 0.800781 0.162695 0.398438 0.00290108
1 0.615527 0.491016 0.56582 0.800781 0.00257111
0 0.355273 0.0977539 0.391016 0.195508 0.00248146
1 0.0977539 0.0913086 0.0986328 0.182617 0.0024147
1 0.253906 0.138477 0.415625 0.276953 0.00226021
1 0.770312 0.069043 0.176563 0.129102 0.00225258
0 0.380078 0.526172 0.502344 0.721094 0.00203514
0 0.111328 0.0931641 0.139844 0.186328 0.00162315
1 0.701563 0.492188 0.39375 0.759375 0.0014782
0 0.875586 0.773828 0.248828 0.436719 0.00146675
0 0.910156 0.32793 0.179688 0.655859 0.00141621
1 0.0813477 0.800781 0.162695 0.398438 0.00139904
0 0.335742 0.127539 0.439453 0.255078 0.00139904
0 0.804688 0.0839844 0.359375 0.167969 0.00134563
0 0.567187 0.501172 0.421875 0.803906 0.00130939
0 0.309424 0.556641 0.360059 0.617969 0.00126934
1 0.882812 0.851562 0.234375 0.295312 0.00120163
0 0.767969 0.116016 0.279687 0.232031 0.00112057
0 0.0344482 0.0489258 0.0688965 0.0978516 0.00108624
1 0.355273 0.0977539 0.391016 0.195508 0.00106907
0 0.5375 0.508594 0.8375 0.742188 0.381104
1 0.507031 0.50459 0.751562 0.793945 0.142944
0 0.0816406 0.703906 0.163281 0.564062 0.0257568
1 0.0816406 0.703906 0.163281 0.564062 0.0150757
0 0.759375 0.0688965 0.234375 0.13623 0.0078125
1 0.882031 0.846875 0.23125 0.290625 0.00482941
0 0.882031 0.846875 0.23125 0.290625 0.00298119
1 0.770312 0.613281 0.270312 0.501562 0.00277901
0 0.770312 0.613281 0.270312 0.501562 0.00213242
1 0.759375 0.0688965 0.234375 0.13623 0.00187492
0 0.477344 0.704687 0.7 0.360938 0.00176811
0 0.114355 0.0916992 0.129883 0.183398 0.00167465
0 0.0695312 0.623438 0.139062 0.715625 0.00156689
0 0.546875 0.735937 0.859375 0.303125 0.00153637
1 0.0695312 0.623438 0.139062 0.715625 0.00145531
0 0.376172 0.695312 0.477344 0.376563 0.00123978
1 0.546875 0.735937 0.859375 0.303125 0.0012207
0 0.446973 0.457812 0.65293 0.489062 0.0011034
0 0.500781 0.479785 0.760938 0.79668 0.90918
0 0.754297 0.0744141 0.253906 0.145898 0.0633545
0 0.0873779 0.708203 0.171729 0.566406 0.0247955
1 0.752344 0.0707031 0.239063 0.138867 0.0217743
1 0.502734 0.484277 0.760156 0.787695 0.0168457
0 0.865625 0.8875 0.259375 0.225 0.00348282
1 0.0873779 0.708203 0.171729 0.566406 0.00251198
0 0 0.0581055 0 0.116211 0.00167465
0 4.88281e-05 0.780469 9.76563e-05 0.125 0.0012598
0 0.560059 0.0771484 0.642383 0.154297 0.00113392
0 0 0.046582 0 0.0931641 0.00112438
0 0 0.804492 0 0.131641 0.00104809
0 0.000512695 0.399609 0.00102539 0.0742188 0.00101185
0 0.504297 0.510547 0.752344 0.766406 0.777832
1 0.502734 0.508203 0.767969 0.771094 0.173584
0 0.757031 0.0676758 0.225 0.127539 0.170532
0 0.0803467 0.688672 0.145557 0.502344 0.0236969
1 0.757031 0.0676758 0.225 0.127539 0.0236969
1 0.0849609 0.701953 0.155859 0.522656 0.00712204
0 0.241748 0.154492 0.24541 0.103906 0.00257111
0 0.0708984 0.5625 0.138086 0.279687 0.00209999
0 0.0864746 0.739453 0.172949 0.521094 0.00178242
0 0.0875 0.860547 0.158984 0.278906 0.00171375
0 0.254492 0.228125 0.221094 0.0992187 0.00124454
0 0.531152 0.758594 0.712695 0.260938 0.00121117
0 0.518359 0.510547 0.769531 0.717969 0.877441
0 0.0854492 0.698047 0.169141 0.597656 0.309082
1 0.0854492 0.698047 0.169141 0.597656 0.129639
1 0.527344 0.499316 0.746875 0.766992 0.053894
0 0.742188 0.0713867 0.267188 0.142773 0.0340271
1 0.74375 0.0696777 0.254687 0.139355 0.00276756
0 0.839648 0.994922 0.320703 0.0101562 0.00182438
0 0.910547 0.996484 0.178906 0.00703125 0.00167465
0 0.996875 0.147168 0.00625 0.294336 0.00164223
0 0.324951 0.994922 0.337598 0.0101562 0.00154305
0 0.324219 0.541016 0.414062 0.639844 0.00149536
0 1 0.0764648 0 0.15293 0.00138855
0 0.689062 0.994922 0.38125 0.0101562 0.00124454
0 0.389453 0.995313 0.371094 0.009375 0.00122547
0 0.87793 0.754687 0.241016 0.489062 0.00117874
0 0.878711 0.995703 0.242578 0.00859375 0.0011692
0 0.523828 0.491797 0.778906 0.772656 0.890137
0 0.0882813 0.704297 0.175781 0.585156 0.106689
0 0.753906 0.0708984 0.245312 0.136914 0.0866089
1 0.0882813 0.704297 0.175781 0.585156 0.0146713
1 0.522656 0.495703 0.782812 0.755469 0.011734
1 0.753906 0.0708984 0.245312 0.136914 0.00723267
0 0.149805 0.00706787 0.299609 0.0141357 0.00336266
0 0.254297 0.00767822 0.508594 0.0153564 0.00298119
0 0.845312 0.836914 0.309375 0.326172 0.00202751
0 0.343359 0.00751953 0.528906 0.0150391 0.00167465
0 0.203711 0.00740967 0.407422 0.0148193 0.00154877
0 0.570703 0.00788574 0.530469 0.0157715 0.00129414
0 0.944531 0.462891 0.110937 0.650781 0.00118828
0 0.466504 0.00738525 0.523242 0.0147705 0.00113392
0 0.518848 0.499219 0.75293 0.757812 0.866211
0 0.084375 0.700781 0.168555 0.585938 0.428223
0 0.742969 0.071875 0.24375 0.136133 0.0894775
1 0.517187 0.499609 0.7625 0.757031 0.0598755
1 0.084375 0.700781 0.168555 0.585938 0.0236053
0 0.0837891 0.814062 0.161914 0.360938 0.0139542
0 0.853125 0.854297 0.29375 0.291406 0.0108566
0 0.870508 0.809375 0.258984 0.38125 0.0108185
0 0.114844 0.0953125 0.126953 0.185937 0.0104904
1 0.742969 0.071875 0.24375 0.136133 0.0100937
0 0.9375 0.386328 0.125 0.436719 0.00516129
0 0.128418 0.0781494 0.154102 0.149951 0.00201988
0 0.0828369 0.867188 0.156592 0.257812 0.00200272
0 0.89375 0.749219 0.209375 0.501562 0.0019722
0 0.652344 0.375 0.495313 0.521094 0.00189686
1 0.870508 0.809375 0.258984 0.38125 0.00156116
0 0.759375 0.090625 0.34375 0.18125 0.00132465
0 0.923437 0.816406 0.151562 0.342187 0.00129414
0 0.663281 0.311133 0.457812 0.398047 0.0012846
0 0.511621 0.0688477 0.720508 0.137695 0.00125504
0 0.920313 0.324414 0.159375 0.423828 0.00109482
1 0.853125 0.854297 0.29375 0.291406 0.00104809
0 0.514844 0.498535 0.765625 0.762305 0.802734
1 0.513184 0.499609 0.781445 0.772656 0.0943604
0 0.746875 0.0708496 0.25 0.13916 0.0653687
0 0.0864258 0.679688 0.172852 0.625 0.0561218
1 0.0864258 0.679688 0.172852 0.625 0.00861359
1 0.746875 0.0708496 0.25 0.13916 0.00751877
0 0.767187 0.503223 0.279687 0.751367 0.0012207
0 0.533496 0.496973 0.761133 0.762305 0.873047
0 0.0881836 0.7 0.172266 0.590625 0.188965
0 0.749219 0.0712891 0.232812 0.135352 0.156616
1 0.519434 0.49375 0.768945 0.76875 0.045105
1 0.0895508 0.696875 0.175195 0.5875 0.0118256
1 0.749219 0.0712891 0.232812 0.135352 0.00743103
0 0.119336 0.0952148 0.139453 0.189258 0.00293541
0 0.157031 0.0624023 0.204688 0.120117 0.00174141
0 0.721094 0.0586426 0.1875 0.115918 0.00109005
0 0.0865234 0.824219 0.165625 0.342187 0.00105667
0 0.522266 0.500098 0.769531 0.75918 0.879395
0 0.0851562 0.705469 0.170312 0.56875 0.466797
1 0.522559 0.499219 0.768945 0.7625 0.116943
1 0.0870117 0.710938 0.172656 0.560938 0.0268555
0 0.749219 0.070166 0.235938 0.140332 0.00993347
1 0.0794434 0.653809 0.158887 0.692383 0.00252151
1 0.749219 0.070166 0.235938 0.140332 0.00201988
0 0.105078 0.0958008 0.124609 0.191602 0.00178242
0 0.0811523 0.633594 0.162305 0.726562 0.00156116
0 0.666797 0.0722168 0.441406 0.144434 0.00123501
0 0.522266 0.5 0.769531 0.759375 0.879883
0 0.0851562 0.705469 0.170312 0.56875 0.466797
1 0.522559 0.499219 0.768945 0.7625 0.115967
1 0.0870117 0.710547 0.172852 0.560156 0.0269623
0 0.749219 0.0701172 0.235938 0.140234 0.0100098
1 0.0794434 0.654297 0.158887 0.691406 0.00253105
1 0.749219 0.0701172 0.235938 0.140234 0.00203514
0 0.10498 0.0958008 0.124609 0.191602 0.00181007
0 0.0812012 0.633691 0.162402 0.726367 0.00156689
0 0.667969 0.0722168 0.439063 0.144434 0.00124454
