1 0.577344 0.473437 0.251563 0.396875 0.758301
0 0.295117 0.503223 0.278516 0.37168 0.536133
1 0.294922 0.503906 0.275781 0.371094 0.472656
0 0.576563 0.474219 0.259375 0.392188 0.143433
0 0.301172 0.345703 0.238281 0.0695312 0.00119209
0 0.610937 0.348828 0.13125 0.139062 0.00107288
0 0.298633 0.505078 0.281641 0.366406 0.891602
1 0.58125 0.475879 0.253125 0.39043 0.567871
0 0.579687 0.477734 0.251563 0.3875 0.370117
1 0.298633 0.502734 0.277734 0.370313 0.0594177
0 0.248828 0.572656 0.159766 0.225 0.00208282
0 0.555078 0.565625 0.176563 0.210938 0.00129986
0 0.578906 0.58125 0.175 0.18125 0.00102425
0 0.297266 0.50166 0.275781 0.368555 0.838867
1 0.583594 0.476953 0.253125 0.382031 0.596191
0 0.578906 0.476953 0.245312 0.388281 0.562988
1 0.297852 0.499219 0.277734 0.371094 0.137085
0 0.372656 0.194727 0.69375 0.384766 0.00926971
0 0.691406 0.201611 0.617188 0.393652 0.00871277
0 0.576172 0.410156 0.241406 0.260156 0.00416565
0 0.293311 0.40625 0.286816 0.19375 0.00369263
0 0.191211 0.22793 0.382422 0.434766 0.00365067
0 0.500684 0.193799 0.776758 0.381152 0.00279045
0 0.78125 0.236523 0.428125 0.450391 0.00261116
0 0.139551 0.226367 0.270898 0.429297 0.00223351
1 0.576172 0.410156 0.241406 0.260156 0.00158501
0 0.829492 0.439453 0.328516 0.510156 0.00145531
1 0.7 0.225 0.6 0.438281 0.00139427
0 0.996484 0.0941162 0.00703125 0.158252 0.00125504
0 0.996094 0.119238 0.0078125 0.158008 0.0012207
0 0.996094 0.193945 0.0078125 0.155859 0.00116539
0 0.996094 0.156348 0.0078125 0.156055 0.00116062
0 0.996094 0.23125 0.0078125 0.154687 0.00113392
0 0.996094 0.26875 0.0078125 0.154687 0.00110722
0 0.448438 0.131641 0.8625 0.263281 0.00107765
0 0.996484 0.0682617 0.00703125 0.136523 0.00107288
0 0.996875 0.0401855 0.00625 0.0803711 0.00106907
0 0 0.0382813 0 0.0765625 0.00104809
0 0.826563 0.329297 0.3375 0.591406 0.00104427
0 0.576563 0.320312 0.21875 0.078125 0.00103664
0 0.996094 0.30625 0.0078125 0.154687 0.00100803
1 0.576563 0.476953 0.245312 0.385156 0.762207
0 0.295703 0.496973 0.276563 0.373242 0.60498
1 0.292383 0.500391 0.279297 0.375 0.492188
0 0.576563 0.476953 0.245312 0.385156 0.0657349
0 0.293164 0.595312 0.256641 0.175 0.00600433
1 0.589063 0.591016 0.232812 0.161719 0.00170708
0 0.589063 0.591016 0.232812 0.161719 0.00145531
1 0.582031 0.472266 0.254687 0.388281 0.870605
1 0.296094 0.498437 0.276563 0.373437 0.845703
0 0.298779 0.497266 0.279004 0.376563 0.106506
0 0.577344 0.469922 0.246875 0.386719 0.0115967
0 0.596094 0.294141 0.20625 0.0289063 0.00107288
1 0.581641 0.473047 0.258594 0.400781 0.890137
1 0.299023 0.50166 0.290234 0.379492 0.836914
0 0.299805 0.502344 0.288672 0.38125 0.113586
0 0.579687 0.474609 0.250781 0.399219 0.00327301
0 0.692187 0.0078125 0.54375 0.015625 0.00291252
0 0.135937 0.00734863 0.271875 0.0146973 0.00279045
0 0.760156 0.00777588 0.479688 0.0155518 0.00257111
0 0.8125 0.00734863 0.375 0.0146973 0.00256157
0 0.26875 0.00770264 0.5375 0.0154053 0.00235939
0 0.592578 0.0078125 0.542969 0.015625 0.00234985
0 0.392578 0.00777588 0.541406 0.0155518 0.0019722
0 0.492969 0.00772705 0.540625 0.0154541 0.0019722
0 0.21875 0.00765381 0.4375 0.0153076 0.00187492
0 0.0862305 0.0111328 0.172461 0.0222656 0.00100803
1 0.580469 0.475781 0.246875 0.392188 0.796387
1 0.295898 0.49834 0.269922 0.373633 0.511719
0 0.295898 0.49834 0.269922 0.373633 0.44165
0 0.579297 0.475781 0.24375 0.392188 0.132935
1 0.582812 0.473047 0.251563 0.397656 0.791992
0 0.292529 0.499609 0.279004 0.382031 0.535156
1 0.293408 0.498828 0.282715 0.375781 0.310791
0 0.582812 0.475 0.248437 0.394531 0.0381165
1 0.582812 0.476562 0.253125 0.392969 0.845215
1 0.296289 0.5 0.276172 0.38125 0.614258
0 0.295703 0.5 0.276563 0.383594 0.374756
0 0.583984 0.476953 0.248437 0.392969 0.0469055
1 0.577344 0.476562 0.251563 0.3875 0.893555
1 0.293408 0.497559 0.275684 0.373633 0.867188
0 0.292578 0.497559 0.278125 0.375195 0.0153656
1 0.800977 0.525781 0.398047 0.610937 0.00110722
1 0.577344 0.47666 0.251563 0.387305 0.893066
1 0.293408 0.497559 0.275684 0.373633 0.867676
0 0.292578 0.497559 0.278125 0.375195 0.0152512
1 0.801172 0.525879 0.397656 0.612305 0.00112438
