0 0.345703 0.546973 0.327344 0.351367 0.820312
0 0.715625 0.554688 0.348437 0.351562 0.777344
0 0.839844 0.317969 0.159375 0.114063 0.036499
1 0.715625 0.554688 0.348437 0.351562 0.0311432
1 0.345898 0.550391 0.326953 0.347656 0.0225372
1 0.839844 0.317969 0.159375 0.114063 0.0110703
0 0.25293 0.385938 0.505078 0.698438 0.00462723
0 0.360547 0.367578 0.532031 0.707812 0.00202751
0 0.483594 0.842188 0.851562 0.315625 0.00186729
0 0.713281 0.415625 0.404687 0.51875 0.00178242
0 0.270703 0.494141 0.480469 0.480469 0.00157928
0 0.831445 0.321094 0.190234 0.157813 0.00138855
0 0.657812 0.400781 0.464063 0.642187 0.00126934
0 0.795313 0.329102 0.251563 0.168359 0.00123501
1 0.25293 0.385938 0.505078 0.698438 0.00121117
0 0.485156 0.358594 0.585938 0.679688 0.00113392
0 0.870313 0.292969 0.239063 0.410937 0.00107288
0 0.720703 0.550684 0.342969 0.361133 0.949707
0 0.348047 0.55 0.332031 0.350781 0.896484
1 0.348047 0.55 0.332031 0.350781 0.0647583
1 0.716406 0.548437 0.339063 0.352344 0.0118256
0 0.490625 0.383496 0.8625 0.74707 0.0068512
0 0.835938 0.315234 0.178125 0.119531 0.00359344
1 0.490625 0.383496 0.8625 0.74707 0.00104809
0 0.714844 0.554688 0.342187 0.358594 0.920898
0 0.347852 0.555078 0.348047 0.351562 0.911133
0 0.499609 0.239453 0.844531 0.455469 0.197388
1 0.716797 0.553516 0.338281 0.355469 0.01017
1 0.346143 0.554688 0.343652 0.346875 0.00457382
1 0.499609 0.239453 0.844531 0.455469 0.00299263
0 0.498437 0.164648 0.909375 0.309766 0.00271416
0 0.448438 0.861719 0.735937 0.276563 0.00201035
0 0.996094 0.0804932 0.0078125 0.149561 0.00166798
0 0.996094 0.0375977 0.0078125 0.0751953 0.00161648
0 0.995703 0.105664 0.00859375 0.148047 0.00161076
0 0.995703 0.168848 0.00859375 0.139648 0.00156116
0 0.995703 0.142993 0.00859375 0.144873 0.00154877
0 0.995703 0.193945 0.00859375 0.137891 0.00143242
0 0.996094 0.0596191 0.0078125 0.119238 0.00133038
0 0.995703 0.219092 0.00859375 0.136816 0.00119209
0 0.645703 0.22832 0.624219 0.437109 0.0011425
0 0.995313 0.243945 0.009375 0.135547 0.00109863
0 0.994531 0.030249 0.0109375 0.060498 0.00108147
0 0.995313 0.269531 0.009375 0.133203 0.00105667
0 0.717188 0.555469 0.340625 0.360938 0.909668
0 0.340625 0.55 0.324219 0.34375 0.879395
0 0.837305 0.315625 0.169141 0.117188 0.149048
1 0.837305 0.315625 0.169141 0.117188 0.0552063
1 0.346484 0.552344 0.327344 0.346875 0.0508118
1 0.717188 0.555469 0.340625 0.360938 0.0412292
0 0.70625 0.653516 0.307813 0.150781 0.00436401
0 0.154199 0.336328 0.169727 0.0664062 0.00270462
0 0.348633 0.65 0.310547 0.146875 0.00191212
0 0.792188 0.337109 0.0859375 0.0773437 0.00109863
0 0.717188 0.549902 0.345313 0.370508 0.683594
0 0.344092 0.544531 0.343848 0.375781 0.506836
0 0.329297 0.447656 0.372656 0.565625 0.0230713
1 0.720703 0.550098 0.341406 0.368555 0.00187492
1 0.344092 0.544531 0.343848 0.375781 0.0016613
0 0.347656 0.548828 0.339063 0.360156 0.862305
0 0.718359 0.553027 0.349219 0.368945 0.830078
1 0.718359 0.552734 0.352344 0.375781 0.111633
1 0.348486 0.548828 0.349902 0.364844 0.0275879
0 0.691797 0.00778809 0.544531 0.0155762 0.00333786
0 0.136133 0.00727539 0.272266 0.0145508 0.00317192
0 0.760156 0.00773926 0.479688 0.0154785 0.00288963
0 0.592188 0.00778809 0.54375 0.0155762 0.00279999
0 0.94375 0.451465 0.1125 0.62832 0.00276756
0 0.268945 0.00762939 0.537891 0.0152588 0.00233269
0 0.492285 0.00773926 0.543555 0.0154785 0.00230598
0 0.811719 0.00738525 0.376563 0.0147705 0.00229645
0 0.367578 0.00769043 0.542969 0.0153809 0.00216484
0 0.218945 0.00760498 0.437891 0.01521 0.00211525
0 0.0874023 0.0106445 0.174805 0.0212891 0.00118351
0 0.117773 0.00848389 0.235547 0.0169678 0.00110722
0 0.717188 0.550879 0.340625 0.356055 0.842285
0 0.347266 0.549609 0.328125 0.35625 0.835449
1 0.343359 0.549316 0.326562 0.35293 0.0812378
1 0.715625 0.550879 0.34375 0.35918 0.0384521
0 0.842383 0.314844 0.168359 0.120312 0.00937653
1 0.842383 0.314844 0.168359 0.120312 0.00763702
0 0.913281 0.422656 0.173438 0.610937 0.00572968
1 0.913281 0.422656 0.173438 0.610937 0.00130463
0 0.714844 0.55 0.34375 0.3625 0.856445
0 0.345898 0.548535 0.337891 0.360742 0.802734
1 0.345898 0.548535 0.337891 0.360742 0.0267639
1 0.717188 0.549219 0.342187 0.364844 0.0158386
0 0.717188 0.554297 0.335938 0.365625 0.884766
0 0.349219 0.553516 0.335938 0.363281 0.875977
1 0.346484 0.553027 0.335156 0.361133 0.0394897
1 0.717188 0.551562 0.335938 0.36875 0.0331421
0 0.714844 0.550781 0.3375 0.361719 0.847168
0 0.346289 0.549316 0.333984 0.357617 0.842285
1 0.715625 0.551562 0.3375 0.359375 0.0840454
1 0.345508 0.549219 0.333984 0.360156 0.0684204
0 0.714844 0.550781 0.3375 0.361719 0.84668
0 0.346094 0.549316 0.334375 0.357617 0.842773
1 0.715625 0.551562 0.3375 0.359375 0.0847778
1 0.345508 0.549219 0.333984 0.360156 0.067688
