1 0.802344 0.5125 0.259375 0.401563 0.924316
1 0.195898 0.531934 0.248437 0.362695 0.909668
1 0.517969 0.525 0.253125 0.375 0.822754
0 0.517969 0.523047 0.253125 0.375781 0.179565
0 0.193799 0.532715 0.247559 0.364258 0.10614
0 0.801562 0.512891 0.259375 0.4 0.097229
0 0.184766 0.449609 0.255469 0.196094 0.00191212
0 0.80332 0.337109 0.227734 0.0585938 0.00148964
1 0.798242 0.514063 0.262891 0.396875 0.854492
1 0.521094 0.528516 0.253125 0.364844 0.786133
1 0.194971 0.537109 0.25459 0.35625 0.763672
0 0.194727 0.531641 0.248828 0.35625 0.162598
0 0.516797 0.533203 0.241406 0.364844 0.144409
0 0.800781 0.517578 0.2625 0.396875 0.0461121
1 0.696094 0.877344 0.525 0.240625 0.00349617
1 0.734375 0.173633 0.35 0.341406 0.0029583
1 0.260156 0.200049 0.411719 0.393652 0.00239754
0 0.20708 0.459766 0.238184 0.214844 0.00226974
1 0.370313 0.186914 0.625781 0.373828 0.00221634
0 0.734375 0.173633 0.35 0.341406 0.00195694
1 0.231055 0.166211 0.341016 0.332422 0.00153637
0 0.260156 0.200049 0.411719 0.393652 0.00146675
0 0.568359 0.22832 0.234375 0.228516 0.0014267
0 0.674609 0.123047 0.227344 0.221484 0.00114727
0 0.197852 0.122852 0.258203 0.230078 0.00107765
0 0.231055 0.166211 0.341016 0.332422 0.00103188
0 0.370313 0.186914 0.625781 0.373828 0.00102806
1 0.799219 0.515234 0.264062 0.396094 0.814453
1 0.521094 0.52959 0.240625 0.362695 0.699219
1 0.198242 0.536328 0.260547 0.357031 0.616699
0 0.198242 0.536328 0.260547 0.357031 0.469727
0 0.30625 0.877344 0.229687 0.223438 0.467773
0 0.364258 0.117969 0.367578 0.225781 0.374756
0 0.185156 0.117969 0.245312 0.224219 0.328613
0 0.298828 0.261328 0.246094 0.223828 0.297363
0 0.555469 0.875781 0.239063 0.226562 0.294189
0 0.676562 0.11748 0.232812 0.223633 0.2854
0 0.885938 0.12041 0.221875 0.232617 0.265137
0 0.413965 0.11875 0.256445 0.227344 0.242188
0 0.521094 0.52959 0.240625 0.362695 0.233765
0 0.554688 0.248096 0.225 0.214746 0.173828
0 0.79375 0.878125 0.235938 0.226562 0.158203
0 0.0904297 0.870508 0.178516 0.227734 0.0806274
0 0.305469 0.127539 0.469531 0.240234 0.0437622
0 0.801562 0.516406 0.265625 0.4 0.0409241
0 0.0888672 0.246484 0.177734 0.226172 0.0254211
1 0.30625 0.873438 0.225 0.223438 0.0209656
0 0.91875 0.953125 0.15 0.0890625 0.0179901
0 0.426562 0.954687 0.165625 0.0875 0.0158386
1 0.553906 0.870313 0.234375 0.223438 0.012291
0 0.0681641 0.0508789 0.136328 0.101758 0.0115051
0 0.551953 0.0459961 0.149219 0.0908203 0.0106125
0 0.935938 0.392578 0.121875 0.225781 0.00841522
0 0.665625 0.953906 0.179688 0.0875 0.00740433
1 0.364258 0.117969 0.367578 0.225781 0.00714874
0 0.932031 0.358398 0.125 0.157422 0.00714874
1 0.185156 0.117969 0.245312 0.224219 0.0069046
0 0.25957 0.197461 0.319141 0.338672 0.00674438
0 0.178857 0.953906 0.174316 0.0875 0.00664139
0 0.786133 0.194727 0.305859 0.229297 0.00629044
0 0.649609 0.876562 0.503906 0.235938 0.00598145
1 0.796094 0.870117 0.23125 0.228516 0.00564194
1 0.676562 0.11748 0.232812 0.223633 0.00534439
1 0.885938 0.12041 0.221875 0.232617 0.00521851
0 0.2 0.446484 0.251563 0.185937 0.00519943
1 0.554688 0.248096 0.225 0.214746 0.00518036
0 0.745313 0.148438 0.489062 0.281641 0.00479126
0 0.915625 0.96875 0.1625 0.0625 0.00385475
0 0.555859 0.0462891 0.210156 0.0925781 0.00382423
0 0.478516 0.169336 0.421875 0.273047 0.00379562
0 0.753906 0.15791 0.335938 0.298242 0.0037365
0 0.430078 0.959375 0.167969 0.08125 0.00359344
1 0.298828 0.261328 0.246094 0.223828 0.00355148
0 0.423438 0.974219 0.178125 0.0515625 0.00309944
0 0.333936 0.171094 0.356348 0.314063 0.00302696
0 0.799219 0.407422 0.253125 0.200781 0.00287819
0 0.645312 0.169922 0.2125 0.301562 0.00265312
0 0.142188 0.129102 0.209375 0.233203 0.00250244
1 0.935938 0.392578 0.121875 0.225781 0.00237846
1 0.799219 0.407422 0.253125 0.200781 0.00225258
1 0.0909912 0.869531 0.174658 0.23125 0.00221634
0 0.724219 0.86875 0.382812 0.25625 0.00205803
0 0.664453 0.976562 0.185156 0.046875 0.00194168
0 0.181299 0.96875 0.178809 0.0625 0.00192642
0 0.502344 0.106055 0.707812 0.210547 0.00187492
1 0.426562 0.954687 0.165625 0.0875 0.0017004
0 0.172461 0.982813 0.198828 0.034375 0.00162888
0 0.927344 0.730078 0.139062 0.217969 0.00161076
1 0.0681641 0.0508789 0.136328 0.101758 0.00161076
0 0.896094 0.994531 0.207813 0.0109375 0.00159168
1 0.198047 0.446094 0.257031 0.185937 0.00157928
1 0.413965 0.11875 0.256445 0.227344 0.00152493
0 0.80918 0.166016 0.287891 0.284766 0.00150108
1 0.91875 0.953125 0.15 0.0890625 0.00142097
0 0.846094 0.767187 0.114063 0.160938 0.00142097
0 0.657422 0.911719 0.546094 0.176563 0.00138855
1 0.542578 0.0462769 0.175 0.0920166 0.00137806
0 0.858984 0.108398 0.282031 0.216797 0.00137806
0 0.915625 0.762891 0.159375 0.278906 0.00135612
1 0.932031 0.358398 0.125 0.157422 0.00124454
0 0 0.0563477 0 0.112695 0.00121593
0 0.996094 0.0455078 0.0078125 0.0910156 0.00117874
0 0.408203 0.996484 0.24375 0.00703125 0.00113392
0 0.625781 0.521875 0.0453125 0.117188 0.00112915
0 0.647656 0.500781 0.0414063 0.153125 0.00112438
0 0 0.0435547 0 0.0871094 0.00110722
0 0.375 0.0918945 0.655469 0.183789 0.0011034
0 0.321875 0.0466675 0.207813 0.0918213 0.00104809
1 0.0888672 0.246484 0.177734 0.226172 0.00104427
0 0.799219 0.218799 0.248437 0.181934 0.00102425
1 0.796875 0.508203 0.25625 0.403906 0.882324
1 0.522656 0.530078 0.246875 0.364844 0.852051
1 0.197266 0.531934 0.248437 0.361133 0.830566
0 0.19375 0.532031 0.260156 0.353125 0.0283813
0 0.522656 0.530078 0.246875 0.364844 0.00624084
0 0.797656 0.506934 0.253125 0.404883 0.00482941
0 0.197217 0.616406 0.249316 0.182031 0.00419998
1 0.803125 0.6 0.234375 0.2125 0.00323486
1 0.525781 0.596875 0.232031 0.21875 0.00223351
1 0.197217 0.616406 0.249316 0.182031 0.00164223
1 0.802344 0.63125 0.234375 0.146875 0.00143242
1 0.8 0.512891 0.260938 0.392969 0.933594
1 0.195898 0.532422 0.260547 0.352344 0.925293
1 0.524219 0.525391 0.239063 0.3625 0.896973
0 0.521875 0.523535 0.240625 0.368555 0.00534439
0 0.195508 0.532129 0.25625 0.354492 0.00252151
0 0.799219 0.510938 0.259375 0.390625 0.00124454
1 0.523438 0.524219 0.246875 0.376563 0.912598
1 0.806445 0.511816 0.265234 0.40293 0.908203
1 0.20332 0.534766 0.265234 0.3625 0.89502
0 0.880078 0.12168 0.239844 0.232422 0.0417786
0 0.202295 0.530469 0.266504 0.367188 0.0132217
0 0.523438 0.523828 0.251563 0.378906 0.00588989
0 0.173145 0.119336 0.295508 0.225 0.00527954
0 0.806055 0.51084 0.266016 0.39707 0.00518036
0 0.679688 0.119727 0.273438 0.222656 0.00332451
0 0.922656 0.743359 0.154687 0.257031 0.00268364
1 0.914062 0.720312 0.171875 0.2875 0.00199509
1 0.927734 0.744922 0.144531 0.247656 0.00194168
0 0.376953 0.097876 0.400781 0.180029 0.00183105
0 0.197607 0.0970703 0.291504 0.177734 0.00179577
0 0.146777 0.00654297 0.293555 0.0130859 0.00158501
0 0.286328 0.00653076 0.505469 0.0130615 0.00130463
0 0.642578 0.00749512 0.533594 0.0149902 0.00125504
1 0.888281 0.118262 0.223438 0.22207 0.00118828
0 0.539453 0.00684814 0.516406 0.0136963 0.0011158
0 0.749609 0.00678711 0.500781 0.0135742 0.00110722
0 0.200781 0.00712891 0.401563 0.0142578 0.00103188
1 0.801562 0.511328 0.25625 0.403906 0.854004
1 0.520312 0.525 0.240625 0.370313 0.816406
1 0.199658 0.535937 0.253027 0.360938 0.794922
0 0.2 0.534277 0.248437 0.361133 0.128906
0 0.800195 0.511035 0.255859 0.406055 0.100708
0 0.519141 0.525 0.240625 0.371875 0.0965576
0 0.0888916 0.864648 0.169092 0.270703 0.00457382
0 0.185156 0.850977 0.357812 0.298047 0.00168705
1 0.797656 0.510547 0.260938 0.405469 0.847656
1 0.519922 0.522266 0.244531 0.375781 0.844727
1 0.197607 0.535937 0.255566 0.360156 0.80127
0 0.198633 0.533984 0.253516 0.364844 0.0448608
0 0.521094 0.521875 0.242188 0.38125 0.0162201
0 0.797656 0.510547 0.260938 0.405469 0.00311089
0 0.919922 0.752734 0.160156 0.253906 0.00305176
0 0.421484 0.767187 0.236719 0.21875 0.00286674
0 0.9 0.125293 0.2 0.250586 0.00255013
0 0.310742 0.8875 0.239453 0.225 0.00191879
0 0.189258 0.130176 0.251953 0.247461 0.00162888
0 0.860937 0.11875 0.275 0.2375 0.00101185
1 0.8 0.509473 0.260938 0.410742 0.879883
1 0.521875 0.526172 0.240625 0.374219 0.872559
1 0.198828 0.536035 0.255469 0.366992 0.864258
0 0.199414 0.534277 0.257422 0.370508 0.0397034
0 0.521484 0.524609 0.240625 0.382031 0.0263519
0 0.8 0.509766 0.257812 0.407031 0.00871277
1 0.800195 0.510547 0.255859 0.402344 0.910645
1 0.198437 0.534277 0.257812 0.364258 0.90625
1 0.517969 0.529688 0.239063 0.366406 0.890137
0 0.199023 0.534766 0.255859 0.360938 0.0102921
0 0.798437 0.511816 0.25625 0.404492 0.00194931
0 0.51875 0.528906 0.240625 0.371094 0.00141621
1 0.0854492 0.419922 0.170898 0.741406 0.00126934
0 0.0868164 0.861914 0.173633 0.276172 0.00115108
1 0.800195 0.510547 0.255859 0.402344 0.910645
1 0.198437 0.534277 0.257812 0.364258 0.90625
1 0.517969 0.529688 0.239063 0.366406 0.890137
0 0.198779 0.534766 0.255566 0.360938 0.0102463
0 0.798437 0.511816 0.25625 0.404492 0.00194168
0 0.51875 0.528906 0.240625 0.371094 0.00141621
1 0.085498 0.420312 0.170996 0.740625 0.00128937
0 0.0868652 0.862109 0.17373 0.275781 0.0011692
