0 0.527344 0.412891 0.807813 0.752344 0.574707
1 0.528906 0.422754 0.815625 0.773242 0.123596
0 0.317187 0.0848633 0.101953 0.124805 0.012146
1 0.317187 0.0848633 0.101953 0.124805 0.00577545
0 0.50625 0.914844 0.929688 0.170312 0.00548935
0 0.908984 0.101562 0.182031 0.203125 0.00536346
0 0.7375 0.0499023 0.192188 0.0935547 0.00516129
0 0.113672 0.146582 0.227344 0.293164 0.00382423
0 0.106641 0.746875 0.207031 0.298438 0.00359344
0 0.1125 0.211133 0.225 0.422266 0.00273705
0 0.897266 0.159668 0.205469 0.31582 0.00245285
0 0.644922 0.409375 0.588281 0.71875 0.00244331
1 0.908984 0.101562 0.182031 0.203125 0.00231361
1 0.526563 0.915625 0.878125 0.16875 0.0020504
0 0.867383 0.0982422 0.265234 0.196484 0.00198746
1 0.897266 0.159668 0.205469 0.31582 0.00190449
0 0.901563 0.841602 0.196875 0.316797 0.00170708
0 0.571191 0.91875 0.604492 0.1625 0.00166798
0 0.767969 0.0464722 0.26875 0.0851807 0.00161076
0 0.752344 0.514844 0.378125 0.63125 0.00156116
0 0.702344 0.388672 0.473437 0.624219 0.00146675
0 0.328711 0.0786133 0.132422 0.157227 0.00140476
0 0.222656 0.896875 0.445312 0.20625 0.00139427
0 0.921484 0.258008 0.157031 0.515234 0.00137234
0 0.698438 0.0362061 0.29375 0.0724121 0.00135612
0 0.589844 0.69375 0.61875 0.34375 0.00120163
0 0.476562 0.94375 0.9125 0.1125 0.00117874
0 0.964063 0.126367 0.071875 0.252734 0.0011692
0 0.148242 0.0410034 0.178516 0.0771729 0.00116062
1 0.7375 0.0499023 0.192188 0.0935547 0.00116062
0 0.6875 0.0295166 0.376563 0.0590332 0.00112438
0 0.789062 0.205859 0.421875 0.408594 0.00112438
0 0.692187 0.0439941 0.307813 0.0879883 0.00112057
0 0.977344 0.422266 0.0453125 0.585938 0.00109005
1 0.792773 0.283984 0.414453 0.567969 0.00106907
0 0.179346 0.039209 0.115527 0.0766602 0.00106525
0 0.913672 0.0814941 0.172656 0.162988 0.00105667
0 0.953906 0.207031 0.0921875 0.414062 0.00104427
0 0.0616211 0.955078 0.123242 0.0898438 0.00102425
0 0.541406 0.453027 0.8375 0.798633 0.806641
1 0.514844 0.467285 0.823438 0.781055 0.0657349
0 0.816992 0.484766 0.250391 0.671094 0.00488663
0 0.312109 0.0855225 0.096875 0.156299 0.00445175
0 0.382129 0.923437 0.176367 0.153125 0.0041008
1 0.816992 0.484766 0.250391 0.671094 0.00293541
1 0.123438 0.758203 0.228906 0.302344 0.00275803
1 0.259326 0.882617 0.336035 0.228516 0.00239754
0 0.38916 0.710156 0.581055 0.303125 0.00231361
0 0.738281 0.928906 0.375 0.142188 0.00219917
1 0.483594 0.880469 0.785937 0.232812 0.00217438
0 0.841406 0.551953 0.198437 0.685156 0.00216484
0 0.123438 0.758203 0.228906 0.302344 0.00204277
0 0.259326 0.882617 0.336035 0.228516 0.00203514
0 0.483594 0.880469 0.785937 0.232812 0.00176144
0 0.574902 0.735156 0.681445 0.251563 0.00164223
0 0.63125 0.733594 0.401563 0.254687 0.00144958
0 0.308984 0.0673828 0.110937 0.13125 0.00126934
1 0.738281 0.928906 0.375 0.142188 0.00126457
1 0.38916 0.710156 0.581055 0.303125 0.00124931
0 0.471875 0.286719 0.65625 0.461719 0.00118828
0 0.858594 0.49375 0.160938 0.703125 0.00112915
1 0.310352 0.0797852 0.0988281 0.145508 0.00108147
1 0.841406 0.551953 0.198437 0.685156 0.00105286
0 0.522656 0.460547 0.804688 0.816406 0.927246
1 0.530469 0.458594 0.829687 0.817187 0.0254211
0 0.680078 0.960156 0.336719 0.0796875 0.00542831
0 0.368555 0.925 0.390234 0.145313 0.00226974
0 0.686719 0.941406 0.307813 0.1125 0.00222588
0 0.715625 0.955078 0.425 0.0898438 0.00174809
0 0 0.855469 0 0.129688 0.0017271
0 0.504687 0.925 0.110156 0.140625 0.00157356
0 0.639844 0.979688 0.239063 0.040625 0.00127888
0 0 0.883594 0 0.140625 0.00118828
0 0.617188 0.99375 0.223438 0.0125 0.0011158
1 0.680078 0.960156 0.336719 0.0796875 0.00110722
0 3.66211e-05 0.614062 7.32422e-05 0.1 0.00104809
0 0.000134277 0.65625 0.000268555 0.13125 0.00101662
0 0.529297 0.423047 0.800781 0.689844 0.813477
1 0.528125 0.417188 0.803125 0.625781 0.184448
0 0.523438 0.688672 0.790625 0.352344 0.106689
1 0.523438 0.688672 0.790625 0.352344 0.0152512
0 0.313672 0.077832 0.117969 0.10957 0.00743103
0 0.701172 0.965625 0.371094 0.06875 0.00329781
0 0.685156 0.96875 0.396875 0.0625 0.00277901
0 0.311914 0.360938 0.347266 0.580469 0.00257111
0 0.528516 0.595312 0.789844 0.542188 0.00250244
0 0.468359 0.642187 0.682031 0.4375 0.00104427
0 0.532422 0.458594 0.816406 0.8125 0.925781
0 0.817773 0.996875 0.364453 0.00625 0.0068512
1 0.535156 0.473437 0.817187 0.821875 0.00609589
0 0.360938 0.996484 0.364062 0.00703125 0.00582123
0 0.12168 0.654688 0.23125 0.509375 0.00524139
0 0.527344 0.692187 0.775 0.359375 0.0036068
0 0.186523 0.996094 0.373047 0.0078125 0.00359344
0 0.528516 0.598047 0.808594 0.541406 0.00322342
0 0.703906 0.99375 0.334375 0.0125 0.00246239
0 0.130859 0.994922 0.261719 0.0101562 0.00239754
0 0.881641 0.996484 0.236719 0.00703125 0.00234222
0 0.111133 0.709375 0.222266 0.38125 0.00226974
0 0.301562 0.996875 0.4 0.00625 0.00221634
0 0.702344 0.9625 0.357812 0.075 0.00181007
0 0.589844 0.996875 0.376563 0.00625 0.00178909
0 0.910156 0.998047 0.179688 0.00390625 0.00167465
0 0.984766 0.919531 0.0304688 0.160938 0.0015192
0 0.657422 0.995313 0.327344 0.009375 0.00124454
0 0.992578 0.889063 0.0148437 0.221875 0.0012064
0 0.591016 0.950781 0.630469 0.0984375 0.00107288
0 0.535156 0.457031 0.820312 0.814062 0.870605
1 0.537109 0.458594 0.821094 0.81875 0.0722656
0 0.503125 0.945312 0.108594 0.103125 0.0141754
0 0.707031 0.9375 0.284375 0.125 0.00809479
0 0.892969 0.0812988 0.214062 0.162598 0.00475693
0 0.953906 0.403516 0.0921875 0.567969 0.00387001
0 0.683594 0.950391 0.24375 0.0992187 0.00383949
0 0.152734 0.00830078 0.305469 0.0166016 0.00374985
0 0.569531 0.00803223 0.542188 0.0160645 0.00317192
0 0.0826172 0.945312 0.165234 0.10625 0.00279999
0 0.946094 0.303516 0.107813 0.365625 0.00265312
0 0.242969 0.00817871 0.485938 0.0163574 0.0026207
0 0.667969 0.00831299 0.545313 0.016626 0.00251198
0 0.489453 0.951563 0.135937 0.096875 0.0024929
0 0.471777 0.00772705 0.523633 0.0154541 0.00183868
0 0.957031 0.342773 0.0859375 0.473828 0.00148392
0 0.383984 0.941797 0.378906 0.116406 0.00133038
1 0.953906 0.403516 0.0921875 0.567969 0.00132465
0 0.102734 0.950781 0.205469 0.0984375 0.00131512
0 0.359375 0.0074585 0.51875 0.014917 0.0012846
0 0.447656 0.942969 0.572656 0.114063 0.0012207
0 0.967188 0.419531 0.065625 0.625 0.0012064
0 0.751953 0.00817871 0.496094 0.0163574 0.00112057
1 0.507812 0.946875 0.1 0.103125 0.00111198
0 0.590234 0.946094 0.660156 0.107813 0.00106049
0 0.743359 0.168188 0.235156 0.194873 0.00103188
0 0.539062 0.463281 0.809375 0.820312 0.907227
1 0.538281 0.469141 0.803125 0.799219 0.0696411
0 0.114063 0.694531 0.213281 0.435937 0.0174408
0 0.913281 0.0797119 0.173438 0.151123 0.0162811
0 0.112598 0.744922 0.214648 0.297656 0.00857544
0 0.0944336 0.683203 0.174414 0.572656 0.00706482
0 0.400391 0.925781 0.322656 0.148438 0.00452042
1 0.913281 0.0797119 0.173438 0.151123 0.00419998
0 0.734766 0.295117 0.392969 0.439453 0.00372124
0 0.941797 0.281641 0.116406 0.277344 0.00187492
0 0.0762695 0.666406 0.134961 0.667188 0.00175476
1 0.400391 0.925781 0.322656 0.148438 0.00160408
0 0.697656 0.929688 0.251563 0.140625 0.0014267
0 0.727734 0.045813 0.189844 0.0831787 0.00139427
0 0.69375 0.380469 0.495313 0.629687 0.00138283
1 0.114063 0.694531 0.213281 0.435937 0.00124454
1 0.0944336 0.683203 0.174414 0.572656 0.00123024
0 0.943359 0.340039 0.113281 0.412891 0.00115585
0 0.897656 0.0843262 0.204688 0.168652 0.00113392
0 0.0821289 0.578516 0.151367 0.755469 0.00113392
0 0.532812 0.464063 0.810938 0.807813 0.844727
1 0.532812 0.464063 0.810938 0.807813 0.0797729
0 0.400391 0.925 0.203906 0.15 0.0257568
0 0.702344 0.930469 0.276563 0.13125 0.0117798
0 0.897656 0.0826416 0.204688 0.164014 0.00466537
0 0.510156 0.940625 0.107813 0.115625 0.00439835
0 0.695312 0.949219 0.251563 0.101562 0.00399017
0 0.903516 0.885742 0.192969 0.228516 0.00273705
0 0.9 0.835352 0.2 0.329297 0.00166798
1 0.697656 0.921094 0.28125 0.151562 0.00156689
0 0.534375 0.446094 0.809375 0.795313 0.900391
1 0.535547 0.458984 0.805469 0.825781 0.0177155
0 0.901563 0.0756836 0.196875 0.149609 0.0134277
0 0.699609 0.93125 0.260156 0.1375 0.0104523
1 0.901563 0.0756836 0.196875 0.149609 0.00261116
0 0.114551 0.669922 0.212305 0.455469 0.00247192
0 0.11377 0.749609 0.21543 0.292969 0.00195694
0 0.417285 0.921094 0.216992 0.157813 0.0016489
0 0.704297 0.9625 0.269531 0.075 0.00123024
0 0.900781 0.772266 0.19375 0.455469 0.00115585
0 0.533203 0.466406 0.814844 0.801562 0.911621
1 0.532812 0.470313 0.815625 0.801562 0.0445251
0 0.700781 0.921875 0.279687 0.15 0.0187683
1 0.700781 0.921875 0.279687 0.15 0.00815582
0 0.102173 0.921875 0.194482 0.154687 0.0055542
0 0.580469 0.932813 0.620313 0.128125 0.00132465
0 0.396973 0.921875 0.201367 0.154687 0.00101185
0 0.707031 0.951172 0.296875 0.0976562 0.00100422
0 0.532812 0.466406 0.814062 0.801562 0.911621
1 0.532812 0.470313 0.815625 0.801562 0.0437622
0 0.700781 0.921875 0.279687 0.15 0.018692
1 0.700781 0.921875 0.279687 0.15 0.00818634
0 0.102148 0.921875 0.194531 0.154687 0.00564194
0 0.580859 0.932813 0.619531 0.128125 0.00131512
0 0.396875 0.921875 0.200781 0.154687 0.00102806
0 0.707031 0.951172 0.296875 0.0976562 0.00101185
