0 0.483691 0.574609 0.570117 0.660156 0.700195
1 0.489062 0.574609 0.5625 0.657031 0.240723
0 0.162305 0.330859 0.324609 0.661719 0.00227928
0 0.582812 0.164453 0.164844 0.157031 0.0017004
0 0.802734 0.466406 0.394531 0.895312 0.0015974
0 0.824219 0.308398 0.351562 0.616797 0.00138855
0 0.588281 0.56875 0.3875 0.642187 0.00105286
0 0.71875 0.452344 0.5625 0.873438 0.00100422
0 0.489453 0.563184 0.572656 0.636133 0.84668
1 0.486816 0.568066 0.579492 0.645117 0.0276337
1 0.494141 0.745313 0.580469 0.290625 0.00291252
0 0.460156 0.48916 0.507812 0.487305 0.00260162
0 0.494141 0.745313 0.580469 0.290625 0.00244331
0 0.351562 0.492969 0.703125 0.985937 0.00203514
0 0.630469 0.579687 0.298438 0.634375 0.0015974
0 0.716797 0.507031 0.566406 0.985937 0.00153637
0 0.481641 0.566406 0.572656 0.653125 0.898438
1 0.477344 0.571875 0.598437 0.65625 0.0267639
0 0.470215 0.376953 0.592383 0.276563 0.00221634
0 0.860742 0.539844 0.262891 0.904688 0.00157928
0 0.460156 0.253125 0.621875 0.459375 0.00140476
0 0.417188 0.459375 0.43125 0.420312 0.00126934
0 0.481934 0.433203 0.57207 0.378125 0.00105667
0 0.363477 0.547266 0.318359 0.602344 0.00101185
0 0.485547 0.576172 0.574219 0.633594 0.818848
1 0.489062 0.583203 0.571875 0.628906 0.237183
0 0.488281 0.563281 0.56875 0.651563 0.865234
1 0.486328 0.571777 0.572656 0.651758 0.0560303
0 0.486621 0.571875 0.595508 0.665625 0.877441
1 0.486328 0.573438 0.580469 0.660937 0.0611877
0 0.154004 0.00769043 0.308008 0.0153809 0.00349617
0 0.758594 0.00806885 0.482812 0.0161377 0.00240517
0 0.810156 0.00761719 0.379687 0.0152344 0.00231361
0 0.692578 0.00805664 0.549219 0.0161133 0.00195694
0 0.271094 0.00802002 0.542188 0.01604 0.00174809
0 0.392871 0.00811768 0.548633 0.0162354 0.00171375
0 0.221094 0.00795898 0.442187 0.015918 0.00158501
0 0.517969 0.00810547 0.548437 0.0162109 0.00154877
0 0.49375 0.57041 0.56875 0.654492 0.851074
1 0.488672 0.572656 0.564844 0.654688 0.0844727
0 0.882031 0.563379 0.235938 0.751367 0.00359344
0 0.881641 0.491406 0.236719 0.450781 0.00237846
0 0.114063 0.614453 0.219531 0.705469 0.00129986
0 0.489844 0.378223 0.548437 0.27168 0.00123501
0 0.368164 0.572266 0.333984 0.649219 0.00114727
0 0.491309 0.564844 0.568945 0.664062 0.852539
1 0.488184 0.561035 0.576758 0.64668 0.0359497
0 0.491406 0.564844 0.570312 0.664062 0.90332
1 0.491406 0.56416 0.570312 0.660742 0.0235138
0 0.783594 0.482812 0.428125 0.846875 0.00881195
0 0.865625 0.528125 0.259375 0.871875 0.00547028
0 0.67959 0.480859 0.64082 0.844531 0.00370789
0 0.488281 0.567969 0.579687 0.654688 0.902832
1 0.489941 0.564746 0.581055 0.658008 0.0171814
0 0.488281 0.567969 0.579687 0.654688 0.902832
1 0.489941 0.564746 0.581055 0.658008 0.0170441
