0 0.50625 0.532715 0.725 0.600195 0.820312
1 0.506348 0.53291 0.743555 0.599805 0.215332
0 0.6375 0.549219 0.489062 0.509375 0.00208282
0 0.469141 0.847461 0.825781 0.305078 0.0011034
1 0.505859 0.525 0.735156 0.58125 0.535156
0 0.501562 0.522266 0.75 0.580469 0.335449
0 0.763281 0.530078 0.254687 0.539844 0.0225372
1 0.763281 0.530078 0.254687 0.539844 0.00978088
0 0.710156 0.525391 0.346875 0.553906 0.00140476
0 0.641406 0.518652 0.479688 0.56582 0.00102806
0 0.499609 0.529688 0.744531 0.584375 0.900879
1 0.502344 0.525391 0.748438 0.586719 0.0293121
0 0.497266 0.187305 0.771094 0.359766 0.0175171
0 0.499609 0.263867 0.760156 0.323828 0.0140076
0 0.5 0.366406 0.75 0.270312 0.0132751
0 0.421875 0.148926 0.796875 0.28418 0.00439835
0 0.503125 0.126367 0.892187 0.252734 0.00240517
0 0.769531 0.284375 0.454688 0.544531 0.00155449
0 0.314453 0.169824 0.596875 0.329883 0.00146103
0 0.82793 0.682813 0.334766 0.55625 0.00123501
0 0.996094 0.037207 0.0078125 0.0744141 0.00109005
0 0.251563 0.196875 0.502344 0.382031 0.00107288
0 0.665625 0.517187 0.429688 0.5625 0.00104046
0 0.507422 0.531641 0.738281 0.575781 0.59375
1 0.507422 0.531641 0.738281 0.575781 0.398926
1 0.513281 0.521875 0.735937 0.58125 0.716309
0 0.515723 0.51875 0.737305 0.584375 0.253174
0 0.516504 0.522656 0.751367 0.584375 0.782715
1 0.512109 0.520703 0.758594 0.589844 0.29248
0 0.717188 0.00775146 0.542188 0.0155029 0.0026722
0 0.13584 0.0072876 0.27168 0.0145752 0.00257111
0 0.773438 0.00766602 0.453125 0.015332 0.00226974
0 0.617871 0.00772705 0.54082 0.0154541 0.00225258
0 0.26875 0.00760498 0.5375 0.01521 0.00198746
0 0.518066 0.00765381 0.538867 0.0153076 0.00179577
0 0.218945 0.00758057 0.437891 0.0151611 0.00174141
0 0.367969 0.00765381 0.539062 0.0153076 0.00173378
0 0.827734 0.00686035 0.344531 0.0137207 0.0016489
0 0.521875 0.525391 0.728125 0.596094 0.836914
1 0.516406 0.525391 0.734375 0.596094 0.175781
0 0.518652 0.523828 0.72207 0.586719 0.813965
1 0.516016 0.524219 0.717969 0.590625 0.0646362
0 0.517285 0.524609 0.723242 0.583594 0.864746
1 0.517578 0.527734 0.727344 0.585156 0.0703125
0 0.65 0.00552979 0.345313 0.0110596 0.00108147
0 0.571094 0.0057251 0.332812 0.0114502 0.00104427
0 0.370313 0.00571289 0.329688 0.0114258 0.00104046
0 0.728125 0.0053833 0.353125 0.0107666 0.00101662
0 0.441797 0.00576172 0.325 0.0115234 0.00101185
0 0.519531 0.52666 0.729688 0.588867 0.76416
1 0.511719 0.524609 0.745313 0.582031 0.237915
0 0.519531 0.52666 0.729688 0.588867 0.762207
1 0.511719 0.524609 0.745313 0.582031 0.240112
