1 0.508496 0.51416 0.476758 0.695117 0.549805
0 0.508496 0.51416 0.476758 0.695117 0.0180511
1 0.590625 0.527734 0.325 0.685156 0.00126457
1 0.823242 0.293359 0.353516 0.586719 0.00123978
0 0.823242 0.293359 0.353516 0.586719 0.00112057
0 0.132812 0.433984 0.265625 0.592969 0.00103188
0 0.158398 0.342187 0.316797 0.684375 0.00102806
1 0.503125 0.503906 0.469531 0.664062 0.755859
1 0.619531 0.540625 0.275 0.590625 0.0145035
0 0.498828 0.503125 0.464063 0.660937 0.0134277
0 0.619531 0.540625 0.275 0.590625 0.00228691
1 0.165723 0.467187 0.331445 0.925 0.0015974
1 0.525781 0.684375 0.460938 0.2875 0.00112438
1 0.510156 0.505078 0.496094 0.675781 0.858398
0 0.504297 0.547656 0.489844 0.751562 0.0256653
1 0.524609 0.964063 0.819531 0.071875 0.0069313
0 0.524609 0.964063 0.819531 0.071875 0.00399017
0 0.629687 0.975391 0.3375 0.0492188 0.00168133
0 0.00012207 0.91875 0.000244141 0.09375 0.00152493
0 0.400684 0.975391 0.26582 0.0492188 0.00140476
0 0.572656 0.979688 0.371875 0.040625 0.00134563
0 0.696094 0.979688 0.371875 0.040625 0.00133514
0 0.775195 0.982422 0.330859 0.0351562 0.0012598
0 0 0.896875 0 0.1125 0.00121593
0 0.803125 0.988672 0.320312 0.0226563 0.00113392
0 0.456348 0.976953 0.33418 0.0460938 0.00107288
0 0.383203 0.985937 0.266406 0.028125 0.00104427
1 0.509766 0.507715 0.491406 0.664258 0.86084
0 0.505469 0.52666 0.496875 0.706055 0.00329781
1 0.396777 0.515723 0.279883 0.67793 0.00103188
1 0.502344 0.495215 0.508594 0.66582 0.84668
0 0.502344 0.495215 0.508594 0.66582 0.0700684
1 0.651172 0.488965 0.285156 0.683008 0.00217438
0 0.869922 0.963281 0.260156 0.0734375 0.00160408
1 0.506152 0.352783 0.498633 0.369434 0.00136662
1 0.613281 0.41875 0.295312 0.542188 0.00119686
1 0.513281 0.501172 0.495313 0.660156 0.872559
1 0.678125 0.510059 0.198437 0.683008 0.00323486
0 0.735547 0.00804443 0.528906 0.0160889 0.00259018
0 0.471094 0.00821533 0.546094 0.0164307 0.00224304
1 0.50625 0.329297 0.484375 0.326562 0.00204277
0 0.258203 0.00800781 0.516406 0.0160156 0.00200272
0 0.570312 0.00825195 0.548437 0.0165039 0.00183868
0 0.513281 0.501172 0.495313 0.660156 0.00174141
1 0.691406 0.469531 0.15 0.620313 0.00170708
0 0.785156 0.00784912 0.429688 0.0156982 0.00150681
0 0.151953 0.00756836 0.303906 0.0151367 0.00135612
1 0.727344 0.527344 0.304688 0.684375 0.00134563
1 0.453516 0.303125 0.377344 0.274219 0.00132465
0 0.346484 0.00826416 0.550781 0.0165283 0.00117397
0 0.207813 0.00791016 0.415625 0.0158203 0.00108147
1 0.521191 0.249414 0.413867 0.166406 0.00101662
1 0.512109 0.499219 0.494531 0.654688 0.823242
0 0.512598 0.496191 0.493555 0.651367 0.137085
1 0.15293 0.512891 0.294922 0.808594 0.00234222
0 0.15293 0.512891 0.294922 0.808594 0.00171375
1 0.513672 0.503516 0.486719 0.664844 0.875488
0 0.513672 0.503516 0.486719 0.664844 0.00286674
1 0.507422 0.302148 0.502344 0.268359 0.00113392
1 0.508594 0.495703 0.495313 0.649219 0.852051
0 0.509277 0.496094 0.495508 0.65625 0.0713501
1 0.861523 0.49375 0.276953 0.903125 0.00125504
1 0.138086 0.477344 0.273828 0.942187 0.00123501
1 0.504687 0.500391 0.496875 0.644531 0.895996
0 0.503125 0.504297 0.488281 0.660156 0.00460815
1 0.504687 0.500391 0.496875 0.644531 0.895996
0 0.503223 0.504297 0.488867 0.660156 0.0045929
