0 0.449219 0.494531 0.6875 0.746875 0.794434
1 0.449219 0.494531 0.6875 0.746875 0.0664673
0 0.425 0.9 0.80625 0.2 0.0016489
0 0.590625 0.499609 0.40625 0.663281 0.00161076
0 0.427734 0.939062 0.796094 0.121875 0.0012598
0 0.17168 0.239844 0.343359 0.479688 0.00118828
0 0.461719 0.501562 0.673437 0.759375 0.808105
1 0.461719 0.501562 0.673437 0.759375 0.0315552
1 0.663281 0.641406 0.271875 0.478125 0.00460815
0 0.663281 0.641406 0.271875 0.478125 0.00405502
0 0.451562 0.7 0.65625 0.346875 0.00273705
1 0.451562 0.7 0.65625 0.346875 0.00121593
0 0.441406 0.491309 0.689062 0.74082 0.89502
1 0.437402 0.4875 0.69707 0.753125 0.0233307
0 0.876758 0.478906 0.233984 0.803125 0.00595856
0 0.392578 0.144336 0.774219 0.273047 0.00428009
0 0.227344 0.14668 0.448438 0.279297 0.00260162
0 0.143359 0.165527 0.278125 0.31582 0.0017004
0 0.177344 0.194727 0.353125 0.376172 0.00126457
0 0.603906 0.613281 0.3875 0.514063 0.00117397
0 0.87832 0.729688 0.233984 0.448438 0.00113392
0 0.459766 0.503125 0.678906 0.7375 0.804199
1 0.448438 0.503906 0.690625 0.742188 0.320801
0 0.470703 0.491016 0.686719 0.752344 0.912109
1 0.463281 0.495215 0.682813 0.75957 0.0330811
0 0.4625 0.672266 0.68125 0.408594 0.00110722
0 0.455371 0.496094 0.708008 0.754687 0.915527
1 0.458594 0.494141 0.703125 0.752344 0.00264168
0 0.813477 0.0072998 0.373047 0.0145996 0.00158501
0 0.133398 0.00732422 0.266797 0.0146484 0.00148392
0 0.761719 0.00770264 0.476562 0.0154053 0.0014267
0 0.693359 0.00767822 0.536719 0.0153564 0.00133514
0 0.592969 0.0078125 0.535937 0.015625 0.00102806
0 0.468066 0.496484 0.679492 0.752344 0.93457
1 0.46875 0.500879 0.679688 0.75293 0.00374985
0 0.892578 0.508984 0.214844 0.785156 0.00282288
0 0.457031 0.500781 0.692187 0.745313 0.898926
1 0.457031 0.500781 0.692187 0.745313 0.00993347
0 0.45625 0.640234 0.675 0.469531 0.00120163
0 0.610547 0.536719 0.375781 0.685938 0.00108147
0 0.458496 0.497266 0.698633 0.758594 0.89502
1 0.461719 0.501172 0.695312 0.760156 0.0297546
0 0.455371 0.499609 0.704883 0.753906 0.952637
0 0.869531 0.532031 0.253125 0.832812 0.00534439
0 0.455371 0.499609 0.704883 0.753906 0.952637
0 0.869531 0.532422 0.253125 0.832031 0.0053215
