0 0.541406 0.546191 0.892187 0.73418 0.542969
1 0.541406 0.546191 0.892187 0.73418 0.169922
0 0.932031 0.320703 0.132812 0.1125 0.0129242
0 0.521484 0.384375 0.875781 0.398438 0.0116882
0 0.892187 0.315039 0.20625 0.107422 0.0104904
0 0.0635742 0.646094 0.126367 0.175781 0.0078125
0 0.692578 0.0726074 0.145313 0.133887 0.006073
0 0.488281 0.154297 0.960938 0.308594 0.00378036
0 0.449219 0.0835937 0.851562 0.167187 0.0037365
0 0.175586 0.198437 0.351172 0.396875 0.00372124
1 0.9125 0.31582 0.173438 0.108984 0.00329781
0 0.811133 0.138965 0.368359 0.277539 0.00299263
1 0.0635742 0.646094 0.126367 0.175781 0.00290108
0 0.865625 0.137695 0.25625 0.275391 0.00276756
0 0.445312 0.0726563 0.689062 0.145313 0.00257111
0 0.585547 0.0713867 0.400781 0.142773 0.00239754
0 0.492188 0.275 0.960938 0.55 0.00232315
0 0.857031 0.842188 0.0703125 0.0859375 0.00224304
0 0.496875 0.898438 0.917188 0.203125 0.00216484
0 0.749609 0.541797 0.491406 0.608594 0.00216484
0 0.642578 0.073584 0.288281 0.147168 0.00199509
0 0.103418 0.775586 0.206836 0.448828 0.00181007
0 0.0655762 0.713281 0.131152 0.31875 0.00157356
0 0.724609 0.139453 0.550781 0.278906 0.0015192
1 0.705469 0.0728027 0.129688 0.132129 0.00146103
0 0.950781 0.322461 0.0984375 0.100781 0.00117874
1 0.445312 0.0726563 0.689062 0.145313 0.00116062
0 0.542969 0.681641 0.8875 0.519531 0.0011158
1 0.449219 0.0835937 0.851562 0.167187 0.00109863
0 0.610156 0.0427734 0.448438 0.0855469 0.00109482
0 0.45 0.885156 0.7375 0.229687 0.00101185
1 0.558203 0.514063 0.883594 0.796875 0.392334
0 0.557031 0.530859 0.878125 0.753906 0.216064
0 0.55625 0.355273 0.86875 0.394141 0.104675
0 0.0666992 0.647656 0.126367 0.175 0.0700684
0 0.864062 0.564453 0.265625 0.577344 0.0151901
0 0.703516 0.0786865 0.194531 0.155518 0.0110321
1 0.0666992 0.647656 0.126367 0.175 0.00725937
1 0.55625 0.355273 0.86875 0.394141 0.00619125
1 0.863281 0.582422 0.265625 0.557031 0.00614548
1 0.149219 0.709375 0.298438 0.284375 0.00376511
0 0.890625 0.318359 0.209375 0.0988281 0.00312424
1 0.528125 0.752344 0.73125 0.285937 0.00263214
0 0.908594 0.573535 0.176563 0.607617 0.00226974
1 0.703516 0.0786865 0.194531 0.155518 0.00208282
1 0.0882813 0.701563 0.176563 0.276563 0.00153065
0 0.85 0.84375 0.115625 0.078125 0.00148964
0 0.0857422 0.711328 0.171484 0.219531 0.00135612
1 0.636719 0.739453 0.645312 0.294531 0.00127411
0 0.700781 0.0746582 0.340625 0.149316 0.00116062
1 0.727344 0.0875 0.440625 0.167578 0.0011158
1 0.223438 0.719531 0.446875 0.285937 0.00110722
1 0.717969 0.0749512 0.35 0.149902 0.00103188
0 0.705469 0.0900391 0.434375 0.174219 0.00103188
1 0.890625 0.318359 0.209375 0.0988281 0.00101662
0 0.535156 0.528125 0.882812 0.725 0.493164
0 0.54375 0.422656 0.859375 0.482812 0.140625
1 0.535156 0.528125 0.882812 0.725 0.136597
0 0.541016 0.360156 0.877344 0.342187 0.0880127
0 0.0693848 0.647656 0.13877 0.183594 0.0769653
0 0.189453 0.187305 0.378906 0.362109 0.0255585
1 0.0693848 0.647656 0.13877 0.183594 0.0150757
1 0.54375 0.422656 0.859375 0.482812 0.0106125
1 0.541016 0.360156 0.877344 0.342187 0.00557709
0 0.603809 0.336328 0.758008 0.480469 0.00484848
1 0.189453 0.187305 0.378906 0.362109 0.00466537
0 0.532812 0.684766 0.85 0.430469 0.00434875
0 0.775195 0.5375 0.424609 0.740625 0.00264168
0 0.384375 0.354492 0.560938 0.293359 0.00243378
0 0.9 0.320898 0.19375 0.110547 0.00216484
0 0.626562 0.0734863 0.435937 0.14541 0.00136185
1 0.532812 0.684766 0.85 0.430469 0.00132465
0 0 0.640625 0 0.146875 0.00111198
1 0.603809 0.336328 0.758008 0.480469 0.00101662
1 0.525 0.684766 0.79375 0.428906 0.543945
0 0.536328 0.343945 0.816406 0.274609 0.379395
0 0.0655762 0.66875 0.120801 0.129688 0.11554
1 0.553516 0.353711 0.888281 0.282422 0.11554
1 0.540234 0.770703 0.857031 0.255469 0.0951538
0 0.90625 0.313477 0.178125 0.105859 0.0675659
0 0.554688 0.3875 0.8875 0.340625 0.055603
0 0.835938 0.849219 0.135937 0.071875 0.0391846
1 0.459375 0.343164 0.664062 0.280859 0.0332642
0 0.341406 0.341992 0.435937 0.276953 0.024704
1 0.0655762 0.66875 0.120801 0.129688 0.0160217
0 0.50625 0.683984 0.765625 0.433594 0.00796509
0 0.555469 0.214844 0.160938 0.0671875 0.00793457
1 0.558203 0.516309 0.883594 0.59082 0.00568771
0 0.060791 0.641016 0.119824 0.164844 0.00460815
1 0.90625 0.313477 0.178125 0.105859 0.00419998
1 0.341406 0.341992 0.435937 0.276953 0.00403976
0 0.680469 0.071582 0.171875 0.140039 0.00349617
1 0.558594 0.619922 0.882812 0.553906 0.00206757
0 0.51875 0.783594 0.875 0.234375 0.00206757
0 0.651953 0.064209 0.225 0.125879 0.00200272
0 0.557031 0.468359 0.885938 0.508594 0.00193405
0 0.59375 0.0503906 0.13125 0.0933594 0.00153637
1 0.403223 0.630859 0.568555 0.549219 0.00135612
1 0.836719 0.84375 0.134375 0.0765625 0.00135136
1 0.0688477 0.653125 0.131641 0.170312 0.0012846
0 0.449609 0.0620605 0.674219 0.124121 0.00103664
1 0.672656 0.635938 0.609375 0.496875 0.00100422
1 0.553516 0.551465 0.867969 0.67832 0.907715
0 0.0680176 0.646875 0.136035 0.178906 0.0646362
0 0.9 0.315625 0.196875 0.109375 0.018692
0 0.554297 0.55459 0.869531 0.692383 0.0130234
0 0.936719 0.316016 0.126563 0.113281 0.00526047
1 0.0680176 0.646875 0.136035 0.178906 0.00488663
0 0.608594 0.0802246 0.367188 0.160449 0.00429916
0 0.531348 0.0801758 0.524805 0.160352 0.00291252
0 0.552344 0.209375 0.198437 0.0671875 0.00191879
1 0.892187 0.315625 0.2125 0.10625 0.00157356
0 0.514844 0.415625 0.789062 0.41875 0.00156116
0 0.475781 0.077002 0.951563 0.154004 0.00101662
1 0.546875 0.554297 0.901563 0.722656 0.574707
0 0.547266 0.436328 0.905469 0.491406 0.546875
0 0.547266 0.342969 0.905469 0.320312 0.49707
1 0.547266 0.436328 0.905469 0.491406 0.344238
1 0.547266 0.342969 0.905469 0.320312 0.153564
0 0.930469 0.316016 0.139062 0.111719 0.058136
0 0.546875 0.554297 0.901563 0.722656 0.0333862
1 0.548437 0.684375 0.895312 0.426562 0.0332642
0 0.0786133 0.651172 0.15293 0.182031 0.0167236
0 0.159766 0.178711 0.319531 0.357422 0.0118713
0 0.83125 0.0473145 0.15 0.0901367 0.0068512
0 0.832617 0.842969 0.150391 0.0890625 0.00582123
0 0.9 0.313672 0.196875 0.109375 0.00370789
0 0.960938 0.319531 0.078125 0.102344 0.00206757
1 0.178027 0.691797 0.356055 0.257031 0.00191879
0 0.701953 0.0728516 0.141406 0.145703 0.00188255
1 0.930469 0.316016 0.139062 0.111719 0.0017271
0 0.749219 0.00731201 0.501562 0.014624 0.00167465
1 0.0779541 0.652344 0.149951 0.180469 0.00161648
0 0.150098 0.00760498 0.300195 0.01521 0.00155449
0 0.344531 0.00848389 0.546875 0.0169678 0.00150108
1 0.297266 0.570312 0.375781 0.673437 0.00130939
0 0.853125 0.0521484 0.195312 0.103906 0.0012207
0 0.178027 0.691797 0.356055 0.257031 0.00115108
0 0.804688 0.00706787 0.390625 0.0141357 0.00109863
1 0.553516 0.532812 0.864844 0.759375 0.811523
0 0.553516 0.551172 0.874219 0.735156 0.353027
0 0.0713867 0.645312 0.131445 0.179688 0.0263519
0 0.554688 0.338281 0.876562 0.296875 0.014061
1 0.554688 0.338281 0.876562 0.296875 0.00784302
1 0.0688477 0.661719 0.13418 0.203125 0.00661469
0 0.842188 0.84375 0.128125 0.08125 0.00629044
0 0.914062 0.314258 0.171875 0.113672 0.00538635
0 0.650391 0.0736328 0.203906 0.146875 0.00391388
0 0.630078 0.0730469 0.296094 0.146094 0.00281143
0 0.0706055 0.689844 0.134375 0.275 0.00214958
0 0.485156 0.0741211 0.642187 0.148242 0.00187492
1 0.842188 0.84375 0.128125 0.08125 0.00171375
0 0.612891 0.0758301 0.413281 0.15166 0.0015974
0 0.708594 0.0757324 0.48125 0.151465 0.00116062
1 0.551172 0.558984 0.875781 0.683594 0.623535
0 0.550781 0.383984 0.876562 0.35625 0.466797
0 0.551562 0.557715 0.875 0.693945 0.376709
1 0.550781 0.383984 0.876562 0.35625 0.275879
0 0.901953 0.312891 0.196094 0.113281 0.0086441
0 0.0709961 0.647656 0.139258 0.184375 0.00806427
0 0.617969 0.0568359 0.142188 0.113672 0.00337601
0 0.660156 0.0734375 0.229687 0.144922 0.00193405
1 0.55 0.688281 0.864062 0.415625 0.00191879
0 0.555469 0.204102 0.2 0.0527344 0.00157356
1 0.89375 0.314063 0.2125 0.103516 0.00129414
1 0.549219 0.559766 0.854688 0.702344 0.819824
1 0.546094 0.375 0.85625 0.339063 0.206299
0 0.55 0.558691 0.8625 0.707617 0.142944
0 0.546094 0.375 0.85625 0.339063 0.0963745
0 0.657812 0.0760742 0.223438 0.149219 0.0325928
1 0.44834 0.351953 0.667383 0.303906 0.0259552
0 0.44834 0.351953 0.667383 0.303906 0.0230713
0 0.0717285 0.644922 0.137793 0.180469 0.02034
1 0.657812 0.0760742 0.223438 0.149219 0.00455475
1 0.546094 0.454785 0.864062 0.501367 0.00388527
1 0.0717285 0.644922 0.137793 0.180469 0.00228691
0 0.620313 0.0376465 0.14375 0.0750977 0.00213242
0 0.93125 0.313672 0.135937 0.113281 0.00199509
0 0.896094 0.313672 0.20625 0.105469 0.00140476
0 0.349023 0.355078 0.453516 0.305469 0.00130463
1 0.436328 0.486816 0.646094 0.576367 0.00129986
1 0.349023 0.355078 0.453516 0.305469 0.00123501
0 0.614453 0.0661133 0.138281 0.128516 0.00119686
1 0.551172 0.551953 0.866406 0.713281 0.882812
0 0.0692383 0.649219 0.13457 0.175 0.12854
0 0.550391 0.558203 0.863281 0.711719 0.065979
1 0.549219 0.365625 0.864062 0.321875 0.0325317
0 0.549219 0.365625 0.864062 0.321875 0.0129242
1 0.069043 0.646875 0.133008 0.178125 0.00793457
0 0.0707031 0.694922 0.141406 0.274219 0.0049057
0 0.653906 0.073291 0.228125 0.146582 0.00473785
0 0.917188 0.314648 0.1625 0.112891 0.00397491
1 0.0707031 0.694922 0.141406 0.274219 0.00255013
0 0.622266 0.0730469 0.410156 0.146094 0.00139427
1 0.653906 0.073291 0.228125 0.146582 0.0011425
1 0.551172 0.552246 0.866406 0.712695 0.882812
0 0.0692383 0.649219 0.13457 0.175 0.129395
0 0.550781 0.558203 0.8625 0.711719 0.0669556
1 0.549219 0.365625 0.864062 0.321875 0.0322266
0 0.549219 0.365625 0.864062 0.321875 0.0128708
1 0.069043 0.646875 0.133008 0.178125 0.00796509
0 0.0707031 0.694531 0.141406 0.273438 0.00496292
0 0.653906 0.0732422 0.228125 0.146484 0.00469971
0 0.917188 0.314648 0.164062 0.112891 0.00399017
1 0.0707031 0.694531 0.141406 0.273438 0.00257111
0 0.621484 0.0730469 0.411719 0.146094 0.00137806
1 0.653906 0.0732422 0.228125 0.146484 0.0011425
