0 0.480859 0.510547 0.564062 0.649219 0.513672
0 0.509766 0.970312 0.15625 0.059375 0.44751
1 0.480859 0.510547 0.564062 0.649219 0.0970459
0 0.0634277 0.0773193 0.122559 0.154346 0.0939941
0 0.892187 0.0878906 0.184375 0.175781 0.0869141
1 0.509766 0.970312 0.15625 0.059375 0.0817871
0 0.508594 0.969922 0.151562 0.0601562 0.0514526
0 0.742188 0.284766 0.515625 0.277344 0.0257568
0 0.127051 0.436328 0.253711 0.298438 0.0226288
1 0.892187 0.0878906 0.184375 0.175781 0.0219421
0 0.0623047 0.102832 0.121484 0.0966797 0.0201721
1 0.508594 0.969922 0.151562 0.0601562 0.0195007
0 0.856055 0.799219 0.287891 0.390625 0.0177155
1 0.0634277 0.0773193 0.122559 0.154346 0.0167847
0 0.551172 0.533594 0.427344 0.532812 0.0137405
0 0.0795898 0.23457 0.15 0.112109 0.0135345
0 0.663281 0.821094 0.10625 0.164062 0.0104065
0 0.606641 0.827344 0.213281 0.170312 0.00955963
0 0.540625 0.844531 0.346875 0.210938 0.00933838
1 0.0623047 0.102832 0.121484 0.0966797 0.00656509
1 0.856055 0.799219 0.287891 0.390625 0.00638962
1 0.127051 0.436328 0.253711 0.298438 0.00629044
1 0.663281 0.821094 0.10625 0.164062 0.00530243
0 0.482812 0.973047 0.110937 0.0539063 0.00482941
1 0.482812 0.973047 0.110937 0.0539063 0.00481033
0 0.209326 0.861914 0.384473 0.276172 0.00468063
1 0.742188 0.284766 0.515625 0.277344 0.00466537
0 0.858008 0.0865723 0.268359 0.173145 0.00462723
1 0.540625 0.844531 0.346875 0.210938 0.00453949
0 0.692969 0.812695 0.046875 0.168359 0.00419998
0 0.199219 0.798437 0.398438 0.403125 0.00411606
0 0.405078 0.0389648 0.11875 0.0779297 0.00372124
0 0.541016 0.971094 0.0664062 0.0578125 0.00369263
1 0.0795898 0.23457 0.15 0.112109 0.00363541
0 0.438281 0.521484 0.480469 0.499219 0.00337601
0 0.0791504 0.137695 0.158301 0.275391 0.00261116
0 0.262549 0.879687 0.29209 0.240625 0.00261116
0 0.156421 0.364258 0.196143 0.158984 0.00234222
0 0.646484 0.0784668 0.327344 0.156934 0.00229645
0 0.674609 0.810938 0.084375 0.148438 0.00212479
0 0.825195 0.287109 0.346484 0.26875 0.00211525
0 0.0649414 0.0783203 0.129883 0.156641 0.00210762
1 0.702734 0.380371 0.594531 0.48457 0.00209999
1 0.53125 0.970312 0.226562 0.059375 0.0020752
0 0.114551 0.13125 0.229102 0.2625 0.00202751
0 0.525 0.970312 0.0796875 0.05625 0.00201988
0 0.53125 0.970312 0.226562 0.059375 0.00196457
0 0.571094 0.0753418 0.514063 0.150684 0.00189686
0 0.402441 0.0400269 0.19043 0.0750244 0.00186729
0 0.682813 0.804688 0.0625 0.153125 0.00185299
0 0.283594 0.546777 0.18125 0.470508 0.0018034
1 0.0649414 0.0783203 0.129883 0.156641 0.00168133
0 0.702734 0.380371 0.594531 0.48457 0.0016613
0 0.471875 0.975 0.075 0.05 0.0016613
1 0.858008 0.0865723 0.268359 0.173145 0.00164223
0 0.651172 0.0683594 0.436719 0.136719 0.0015192
1 0.606641 0.827344 0.213281 0.170312 0.00150681
1 0.405078 0.0389648 0.11875 0.0779297 0.00141048
1 0.671094 0.0733887 0.339063 0.146777 0.00133514
1 0.0791504 0.137695 0.158301 0.275391 0.0012846
0 0.282227 0.0923828 0.166406 0.184766 0.0012846
1 0.0553711 0.118359 0.110742 0.217969 0.00126457
0 0.716797 0.073584 0.372656 0.147168 0.00126457
0 0.845508 0.850781 0.302734 0.298438 0.00124931
1 0.209326 0.861914 0.384473 0.276172 0.00123978
0 0.726172 0.0786621 0.547656 0.157324 0.00123024
0 0.0814941 0.213477 0.162988 0.152734 0.00122547
0 0.872656 0.649219 0.254687 0.532812 0.00122547
1 0.571094 0.0753418 0.514063 0.150684 0.00120163
0 0.626562 0.042627 0.678125 0.0852539 0.00116539
1 0.425391 0.982813 0.141406 0.034375 0.0011425
0 0.288721 0.921875 0.336621 0.15625 0.00112915
0 0.884375 0.123828 0.1625 0.103125 0.00111198
0 0.490625 0.974219 0.108594 0.0515625 0.00108147
0 0.160352 0.124512 0.320703 0.249023 0.00103664
1 0.674609 0.810938 0.084375 0.148438 0.00102425
0 0.25625 0.105664 0.212109 0.211328 0.00100803
0 0.481934 0.52959 0.567383 0.52832 0.835449
0 0.507422 0.971094 0.166406 0.0578125 0.592773
0 0.650781 0.824219 0.126563 0.1625 0.283691
1 0.507422 0.971094 0.166406 0.0578125 0.123352
0 0.512109 0.971484 0.171875 0.0570313 0.0820923
1 0.480469 0.527734 0.586719 0.532031 0.0759888
0 0.0650391 0.0906494 0.123438 0.127686 0.0675659
1 0.823242 0.820312 0.231641 0.232812 0.0423889
0 0.607813 0.839063 0.217187 0.196875 0.0397949
1 0.646484 0.833008 0.1375 0.187109 0.0396423
0 0.823242 0.820312 0.231641 0.232812 0.0394287
0 0.882812 0.0876953 0.175 0.175391 0.0351562
0 0.665625 0.929688 0.203906 0.1375 0.0306702
0 0.156836 0.367578 0.201953 0.155469 0.028656
0 0.630469 0.55625 0.279687 0.473437 0.0255585
1 0.607813 0.839063 0.217187 0.196875 0.0247955
1 0.512109 0.971484 0.171875 0.0570313 0.0239563
1 0.84375 0.302148 0.307813 0.257422 0.013588
1 0.652344 0.808594 0.125 0.1375 0.0116882
1 0.0650391 0.0906494 0.123438 0.127686 0.00955963
0 0.65625 0.8 0.123438 0.121875 0.00766754
1 0.882812 0.0876953 0.175 0.175391 0.00740433
0 0.547266 0.971875 0.0929687 0.05625 0.00723267
0 0.482031 0.973437 0.096875 0.053125 0.00570679
0 0.84375 0.302148 0.307813 0.257422 0.00553513
1 0.855469 0.838867 0.289062 0.287891 0.00540543
0 0.676953 0.800781 0.0820312 0.114063 0.00496292
0 0.528125 0.963281 0.14375 0.053125 0.00484848
0 0.179883 0.362305 0.344531 0.171484 0.00432968
0 0.506641 0.466406 0.524219 0.39375 0.00405502
0 0.509375 0.959375 0.1625 0.05 0.00399017
0 0.467969 0.974219 0.0789063 0.0515625 0.00397491
0 0.682813 0.557031 0.176563 0.434375 0.00395966
1 0.748438 0.297314 0.498437 0.258496 0.00356483
1 0.642969 0.557813 0.257812 0.465625 0.00336266
0 0.490625 0.96875 0.136719 0.05 0.00271416
1 0.665625 0.929688 0.213281 0.140625 0.0026207
0 0.482812 0.969531 0.107813 0.0609375 0.00261116
0 0.136133 0.374609 0.265625 0.160938 0.00246239
0 0.855469 0.838867 0.289062 0.287891 0.00240517
0 0.513281 0.870313 0.226562 0.153125 0.00235939
0 0.332031 0.910937 0.144531 0.178125 0.00216484
1 0.213477 0.783594 0.421484 0.421875 0.00212479
1 0.179883 0.362305 0.344531 0.171484 0.00208282
0 0.574219 0.971094 0.286719 0.0578125 0.00206757
0 0.547656 0.967188 0.0828125 0.065625 0.00199509
0 0.237158 0.878906 0.338965 0.242188 0.0019722
0 0.213477 0.783594 0.421484 0.421875 0.00187492
0 0.580469 0.851367 0.328125 0.187891 0.00186729
0 0.245312 0.835938 0.479688 0.323438 0.00186729
0 0.523828 0.641406 0.469531 0.31875 0.00176811
0 0.507812 0.9125 0.165625 0.175 0.00176811
1 0.574219 0.971094 0.286719 0.0578125 0.00162315
0 0.497656 0.966406 0.0859375 0.0671875 0.00156116
0 0.748438 0.297314 0.498437 0.258496 0.00152493
0 0.553125 0.980078 0.38125 0.0398437 0.0015192
0 0.686328 0.79668 0.0601562 0.125391 0.00143242
1 0.156836 0.367578 0.201953 0.155469 0.00133514
1 0.136133 0.374609 0.265625 0.160938 0.00126934
1 0.682813 0.557031 0.176563 0.434375 0.00126457
0 0.657031 0.938672 0.265625 0.122656 0.00121593
0 0.464844 0.970312 0.0742188 0.059375 0.00121593
0 0.387598 0.353516 0.770117 0.215625 0.00119209
1 0.685156 0.866406 0.251563 0.248437 0.00118828
0 0.0726563 0.0819336 0.145313 0.161133 0.00108624
1 0.245312 0.835938 0.479688 0.323438 0.00108624
0 0.534375 0.966016 0.104687 0.0679687 0.00103188
0 0.685156 0.866406 0.251563 0.248437 0.00102425
0 0.555469 0.973437 0.0609375 0.053125 0.00102043
0 0.467578 0.537891 0.613281 0.553906 0.801758
0 0.507422 0.973047 0.163281 0.0539063 0.303955
1 0.486035 0.530469 0.57793 0.523438 0.19873
0 0.0667969 0.0997803 0.133594 0.120752 0.154541
0 0.507812 0.973437 0.170312 0.053125 0.133423
0 0.797656 0.303711 0.392188 0.257422 0.100159
1 0.507422 0.973047 0.163281 0.0539063 0.0894775
1 0.507812 0.973437 0.170312 0.053125 0.0583496
1 0.1375 0.374414 0.258594 0.155859 0.0545044
0 0.1375 0.374414 0.258594 0.155859 0.0441895
1 0.0667969 0.0997803 0.133594 0.120752 0.0384521
0 0.399316 0.0440918 0.145117 0.0854492 0.0347595
1 0.399316 0.0440918 0.145117 0.0854492 0.0104523
0 0.515625 0.990625 0.190625 0.01875 0.00854492
1 0.820117 0.300195 0.356641 0.263672 0.00803375
0 0.582812 0.101172 0.280469 0.0978516 0.00763702
0 0.614062 0.106812 0.43125 0.108643 0.00757599
0 0.639063 0.826563 0.153125 0.170312 0.00619125
0 0.597656 0.832812 0.253125 0.185937 0.00500107
0 0.432813 0.0428223 0.208594 0.0856445 0.00479126
0 0.275586 0.0625 0.167969 0.119922 0.00327301
0 0.338477 0.0425293 0.275391 0.084082 0.00322342
1 0.597656 0.832812 0.253125 0.185937 0.00321007
0 0.593066 0.107007 0.649805 0.112158 0.00275803
0 0.857813 0.30625 0.278125 0.252344 0.00269318
1 0.593652 0.10293 0.46582 0.114844 0.00264168
0 0.133789 0.414844 0.256641 0.225781 0.00224304
1 0.515625 0.990625 0.190625 0.01875 0.00208282
1 0.133789 0.414844 0.256641 0.225781 0.00201035
0 0.0895508 0.850195 0.179102 0.174609 0.00189686
0 0.879687 0.093457 0.165625 0.183398 0.00183105
0 0.647266 0.563965 0.261719 0.49707 0.00165462
0 0.0663086 0.0743652 0.132617 0.14834 0.00162315
0 0.85 0.820117 0.273438 0.253516 0.00146103
1 0.85 0.820117 0.273438 0.253516 0.00143814
1 0.582812 0.101172 0.280469 0.0978516 0.00138855
0 0.470313 0.0407715 0.257812 0.081543 0.00132465
0 0.561719 0.853906 0.321875 0.184375 0.00131512
0 0.554297 0.983594 0.260156 0.0328125 0.00128937
0 0.994531 0.629687 0.0109375 0.0953125 0.00115108
0 0 0.742969 0 0.134375 0.00109863
0 0.905469 0.307031 0.184375 0.248437 0.00109005
1 0.593066 0.107007 0.649805 0.112158 0.00107288
0 0.000390625 0.442187 0.00078125 0.0921875 0.00105667
1 0.273242 0.0700195 0.182422 0.135742 0.00104809
0 0.000219727 0.0404297 0.000439453 0.0808594 0.00101662
0 0.994141 0.208984 0.0117188 0.105859 0.00100803
0 0.482031 0.536328 0.563281 0.533594 0.592773
1 0.475684 0.532031 0.558008 0.525 0.509766
0 0.507422 0.972656 0.167969 0.0546875 0.299072
0 0.882031 0.128125 0.16875 0.0976562 0.255371
0 0.0661133 0.0956055 0.132227 0.108398 0.206909
0 0.145898 0.367773 0.251172 0.148047 0.0856934
0 0.80625 0.299023 0.378125 0.251172 0.0740967
0 0.700391 0.294141 0.594531 0.257812 0.0592041
0 0.144629 0.700781 0.176367 0.101562 0.0503235
1 0.087207 0.236523 0.161328 0.121484 0.0372009
0 0.087207 0.236523 0.161328 0.121484 0.033844
1 0.700391 0.294141 0.594531 0.257812 0.0207977
1 0.139258 0.366016 0.251172 0.146875 0.0202484
0 0.1125 0.848437 0.222656 0.16875 0.0157166
1 0.882031 0.128125 0.16875 0.0976562 0.0139542
0 0.650781 0.795313 0.132812 0.107813 0.0130234
1 0.0661133 0.0956055 0.132227 0.108398 0.0119171
1 0.507422 0.972656 0.167969 0.0546875 0.0115051
1 0.816406 0.298242 0.35625 0.244922 0.00837708
0 0.508203 0.975781 0.171094 0.0484375 0.00751877
0 0.567187 0.101465 0.242188 0.0990234 0.00725937
0 0.202344 0.839063 0.384375 0.189063 0.00428009
0 0.603906 0.0968994 0.364062 0.113623 0.00383949
0 0.687109 0.935156 0.260156 0.125 0.00349617
0 0.459766 0.970312 0.300781 0.059375 0.00332451
0 0.624219 0.100098 0.252344 0.10332 0.00322342
0 0.629687 0.817969 0.171875 0.157813 0.00259018
1 0.202344 0.839063 0.384375 0.189063 0.00244331
0 0.333984 0.933594 0.577344 0.132812 0.0024147
0 0.257812 0.939844 0.38125 0.120312 0.00235939
0 0.532422 0.0959961 0.532031 0.115039 0.00232315
1 0.125293 0.408203 0.230273 0.238281 0.00226021
1 0.144629 0.700781 0.176367 0.101562 0.00214958
1 0.124121 0.84668 0.234961 0.181641 0.0020752
0 0.525781 0.970312 0.149219 0.059375 0.0020752
0 0.391797 0.0437012 0.152344 0.0760742 0.00203514
0 0.969141 0.188281 0.0617188 0.123438 0.00202751
0 0.125293 0.408203 0.230273 0.238281 0.00194931
1 0.312891 0.523828 0.228906 0.491406 0.00188923
0 0.46709 0.675391 0.548633 0.255469 0.00188255
0 0.432422 0.207373 0.274219 0.122754 0.00186729
0 0.308203 0.521973 0.217969 0.499805 0.00186729
0 0.882812 0.0485474 0.175 0.080249 0.00176144
0 0.25625 0.864258 0.488281 0.237109 0.00174141
0 0.525 0.875 0.273438 0.142188 0.00162315
0 0.0787109 0.0874023 0.139258 0.131445 0.00150681
1 0.603906 0.0968994 0.364062 0.113623 0.00142097
0 0.280469 0.514063 0.178906 0.20625 0.00132465
0 0.421484 0.195898 0.217969 0.0949219 0.00131989
0 0.374219 0.907031 0.6875 0.185937 0.00129414
0 0.460938 0.85625 0.514063 0.140625 0.00128937
0 0.471875 0.972656 0.075 0.0546875 0.00114727
0 0.384766 0.410059 0.223438 0.29082 0.0011158
1 0.25625 0.864258 0.488281 0.237109 0.00107288
0 0.472656 0.536328 0.595312 0.532031 0.549805
1 0.46875 0.532422 0.609375 0.535156 0.491211
0 0.513281 0.970312 0.165625 0.059375 0.410156
0 0.866992 0.0907227 0.234766 0.181445 0.134277
0 0.0653809 0.0800781 0.130762 0.160156 0.107605
0 0.513281 0.971484 0.170312 0.0570313 0.0685425
1 0.513281 0.970312 0.165625 0.059375 0.0156708
1 0.0680664 0.0791992 0.136133 0.158398 0.00790405
0 0.240625 0.870117 0.471875 0.259766 0.00669098
0 0.511719 0.960156 0.203125 0.028125 0.00534439
1 0.885938 0.0912109 0.209375 0.182422 0.00441742
0 0.848437 0.764063 0.298438 0.31875 0.00439835
0 0.39209 0.0408691 0.145508 0.078418 0.00402451
1 0.513281 0.971484 0.170312 0.0570313 0.00397491
0 0.12959 0.372461 0.254883 0.170703 0.00365067
1 0.848437 0.764063 0.298438 0.31875 0.00331116
0 0.471094 0.996875 0.34375 0.00625 0.00283432
1 0.252734 0.870117 0.489844 0.259766 0.00228691
0 0.0845947 0.842188 0.158545 0.184375 0.00214958
0 0.375 0.0419922 0.180469 0.0839844 0.0020504
0 0.680469 0.809375 0.071875 0.129688 0.00192642
0 0.347266 0.869531 0.694531 0.260938 0.00191879
0 0.536328 0.972266 0.125781 0.0554687 0.00179577
0 0.805469 0.0904297 0.354688 0.180859 0.00172043
0 0.598437 0.829883 0.245312 0.187109 0.00157928
0 0.74375 0.274414 0.50625 0.320703 0.00157356
0 0.475781 0.975781 0.0953125 0.0484375 0.00150108
1 0.139453 0.369141 0.257422 0.164844 0.00138283
0 0.0824219 0.923828 0.158398 0.152344 0.0012846
0 0.555859 0.825781 0.416406 0.203125 0.00107288
0 0.967969 0.176172 0.0640625 0.0835937 0.00101662
0 0.48291 0.531152 0.59668 0.53457 0.785156
1 0.482812 0.529688 0.590625 0.53125 0.299072
0 0.511719 0.969531 0.167187 0.0609375 0.29834
0 0.0679687 0.0801758 0.133594 0.160352 0.271973
0 0.896875 0.0932617 0.203125 0.186523 0.139648
0 0.661328 0.800781 0.124219 0.125 0.0866089
0 0.401172 0.042334 0.146094 0.0825195 0.0292053
1 0.89375 0.0925781 0.196875 0.185156 0.0256653
1 0.0679687 0.0801758 0.133594 0.160352 0.0222015
1 0.512891 0.967969 0.167969 0.0640625 0.0200958
0 0.678516 0.9375 0.189844 0.125 0.0155411
0 0.885938 0.122363 0.18125 0.12793 0.01017
0 0.651953 0.834375 0.136719 0.195312 0.00734711
0 0.742969 0.292139 0.514063 0.279004 0.00669098
0 0.128125 0.366602 0.249609 0.179297 0.00572968
0 0.165332 0.701563 0.192773 0.10625 0.00551224
0 0.51875 0.971875 0.196875 0.05625 0.0051384
0 0.664062 0.209424 0.23125 0.117871 0.00453949
1 0.398535 0.0430542 0.145117 0.0824463 0.00344276
0 0.825 0.657812 0.192188 0.110937 0.00244331
0 0.382031 0.00898437 0.5 0.0179687 0.00235939
0 0.682813 0.811719 0.0671875 0.132812 0.00213242
1 0.660156 0.817187 0.121875 0.160938 0.00203514
0 0.266406 0.00743408 0.532812 0.0148682 0.00202751
0 0.255469 0.934375 0.465625 0.13125 0.00192642
0 0.695312 0.0826172 0.534375 0.159766 0.00177479
0 0.0922852 0.0843506 0.18457 0.160986 0.00166798
1 0.694531 0.0835937 0.551562 0.167187 0.00153637
0 0.546875 0.971875 0.0953125 0.05625 0.00145531
0 0.515625 0.946875 0.18125 0.059375 0.00139427
0 0.664844 0.775 0.117188 0.075 0.00137806
1 0.707031 0.281641 0.585938 0.294531 0.00130939
0 0.511328 0.959375 0.171875 0.075 0.00122547
1 0.885938 0.122363 0.18125 0.12793 0.0011425
0 0.191797 0.00766602 0.383594 0.015332 0.00110722
0 0.482812 0.963672 0.28125 0.0726563 0.0011034
0 0.357422 0.910547 0.700781 0.178906 0.0011034
0 0.0931641 0.951953 0.186328 0.0960938 0.00101185
0 0.676562 0.221094 0.090625 0.0851562 0.00100803
1 0.481934 0.526465 0.57207 0.518945 0.6875
0 0.0696289 0.0937256 0.124414 0.119189 0.219971
0 0.482812 0.528516 0.578125 0.524219 0.212036
0 0.514063 0.969141 0.164062 0.0617188 0.165649
0 0.892187 0.0888672 0.19375 0.177734 0.130737
0 0.129883 0.378809 0.237891 0.158008 0.0503235
1 0.862695 0.711719 0.271484 0.5 0.0204926
0 0.89375 0.053418 0.178125 0.10332 0.0152512
1 0.892187 0.0888672 0.19375 0.177734 0.0150757
0 0.657812 0.814258 0.120312 0.149609 0.0145569
1 0.514063 0.969141 0.164062 0.0617188 0.0123367
0 0.862695 0.711719 0.271484 0.5 0.0105667
0 0.126758 0.459277 0.241797 0.318945 0.00974274
0 0.683594 0.93125 0.185937 0.134375 0.00937653
0 0.790625 0.295898 0.417188 0.261328 0.00867462
1 0.130078 0.441504 0.246094 0.301367 0.00793457
1 0.74375 0.295654 0.503125 0.262598 0.00784302
0 0.647266 0.829883 0.141406 0.183984 0.00775528
0 0.648438 0.101465 0.214062 0.106641 0.00763702
1 0.861719 0.795313 0.276563 0.359375 0.00731659
0 0.0841797 0.230078 0.153125 0.117578 0.00709534
0 0.105762 0.846875 0.205664 0.201562 0.00638962
0 0.861719 0.795313 0.276563 0.359375 0.00593567
1 0.0696289 0.0937256 0.124414 0.119189 0.00591278
0 0.189893 0.871094 0.361621 0.257812 0.00441742
0 0.279883 0.086499 0.176953 0.171533 0.00403976
0 0.294531 0.871484 0.557813 0.257031 0.00390053
0 0.0852539 0.205469 0.148828 0.171094 0.00382423
1 0.189893 0.871094 0.361621 0.257812 0.00346947
0 0.129883 0.867188 0.249609 0.253125 0.00338936
1 0.294531 0.871484 0.557813 0.257031 0.00333786
1 0.89375 0.053418 0.178125 0.10332 0.00329781
1 0.881055 0.667969 0.234766 0.395312 0.00321007
1 0.128516 0.617578 0.247266 0.669531 0.00298119
0 0.477344 0.975 0.096875 0.05 0.00294685
0 0.885156 0.553906 0.225 0.157813 0.00273705
0 0.406152 0.0425659 0.125195 0.0769775 0.00269318
1 0.657812 0.814258 0.120312 0.149609 0.00245285
0 0.881055 0.667969 0.234766 0.395312 0.002388
0 0.901563 0.118164 0.19375 0.131641 0.00234222
0 0.889063 0.586719 0.21875 0.235938 0.00210762
0 0.471094 0.975781 0.0703125 0.0484375 0.00202751
0 0.712891 0.285547 0.552344 0.269531 0.00198746
0 0.864062 0.723437 0.271875 0.275 0.00189686
0 0.884375 0.124121 0.164062 0.105273 0.00185299
0 0.275 0.303125 0.0753906 0.0945313 0.0018177
1 0.129883 0.867188 0.249609 0.253125 0.00173378
1 0.105762 0.846875 0.205664 0.201562 0.00167465
0 0.408203 0.341406 0.279687 0.153125 0.0015974
0 0.0801758 0.0935547 0.155664 0.148828 0.0015974
1 0.647266 0.829883 0.141406 0.183984 0.00153637
0 0.0642578 0.0763184 0.126953 0.152637 0.00148964
1 0.544531 0.0679199 0.879687 0.13584 0.00148392
1 0.967969 0.189648 0.0640625 0.117969 0.0014782
0 0.128516 0.617578 0.247266 0.669531 0.0014782
1 0.14082 0.370508 0.228125 0.153516 0.00147247
1 0.864062 0.723437 0.271875 0.275 0.00144386
0 0.867969 0.648438 0.2625 0.2625 0.00141048
0 0.215967 0.81875 0.206348 0.15625 0.00141048
0 0.264062 0.310937 0.053125 0.108203 0.00138855
0 0.159863 0.703125 0.169727 0.103906 0.00136662
0 0.904688 0.297656 0.190625 0.185156 0.00134563
1 0.889063 0.586719 0.21875 0.235938 0.00133514
0 0.757422 0.830664 0.485156 0.338672 0.00133038
0 0.966406 0.173926 0.0671875 0.0884766 0.00129986
0 0.843555 0.299414 0.309766 0.235547 0.00126934
1 0.757422 0.830664 0.485156 0.338672 0.00123978
0 0.488379 0.45625 0.554492 0.38125 0.00123024
1 0.488281 0.44541 0.567187 0.354492 0.0011692
0 0.967969 0.189648 0.0640625 0.117969 0.00111198
0 0.340625 0.910937 0.135156 0.175 0.00108624
1 0.084668 0.234961 0.156445 0.112109 0.00107288
1 0.885156 0.553906 0.225 0.157813 0.00102425
1 0.867969 0.648438 0.2625 0.2625 0.00100803
1 0.480469 0.520996 0.589063 0.520508 0.585938
0 0.513281 0.96875 0.165625 0.0625 0.401611
0 0.478809 0.530469 0.586133 0.542188 0.350342
0 0.068457 0.0973633 0.132227 0.115234 0.290283
0 0.511719 0.966016 0.1625 0.0679687 0.0841675
0 0.883594 0.116211 0.165625 0.125391 0.0723877
0 0.135352 0.372266 0.252734 0.166406 0.0585632
0 0.890625 0.0896484 0.18125 0.179297 0.0438538
1 0.894531 0.0916016 0.19375 0.183203 0.0157166
1 0.773438 0.291992 0.453125 0.269141 0.0120087
0 0.773438 0.291992 0.453125 0.269141 0.00737381
0 0.649219 0.828906 0.132812 0.184375 0.00737381
0 0.0829102 0.226367 0.157227 0.117969 0.00679779
0 0.89375 0.0600586 0.190625 0.120117 0.00638962
1 0.513281 0.96875 0.165625 0.0625 0.00626373
0 0.488281 0.966016 0.122656 0.0679687 0.00445175
1 0.0664062 0.0988525 0.131836 0.116357 0.00429916
0 0.478906 0.971484 0.107813 0.0570313 0.00333786
1 0.883594 0.116211 0.165625 0.125391 0.00329781
1 0.198096 0.857813 0.391309 0.228125 0.003088
1 0.511719 0.966016 0.1625 0.0679687 0.0027256
1 0.145313 0.369727 0.230078 0.165234 0.0026722
0 0.626562 0.833594 0.182812 0.190625 0.00239754
0 0.645312 0.20918 0.20625 0.107031 0.00234222
0 0.679688 0.935156 0.207813 0.129688 0.0020504
1 0.135352 0.485938 0.259766 0.407813 0.00199509
0 0.207422 0.941016 0.200781 0.117969 0.00193405
0 0.198096 0.857813 0.391309 0.228125 0.00191212
1 0.701563 0.298877 0.596875 0.313184 0.00187492
1 0.89375 0.0600586 0.190625 0.120117 0.00178242
0 0.656641 0.807813 0.117969 0.135937 0.00176811
1 0.132227 0.566504 0.257422 0.610742 0.00144386
0 0.512109 0.955469 0.167187 0.0890625 0.00138283
1 0.296484 0.871094 0.592969 0.257812 0.00128937
0 0.0951416 0.848437 0.188623 0.18125 0.00109863
1 0.478906 0.525391 0.574219 0.532031 0.628906
0 0.484375 0.528516 0.576563 0.538281 0.442627
0 0.510156 0.971094 0.167969 0.0578125 0.272705
0 0.0685059 0.0973633 0.129785 0.118555 0.263672
0 0.895312 0.0916016 0.1875 0.183203 0.235107
0 0.482031 0.976562 0.1 0.046875 0.0234222
1 0.895312 0.0916016 0.1875 0.183203 0.0233765
0 0.141016 0.363086 0.233594 0.170703 0.0126266
0 0.616406 0.829687 0.204688 0.179688 0.0112457
1 0.0676758 0.0895508 0.128125 0.133008 0.0106506
0 0.821875 0.297656 0.35 0.254687 0.00658798
1 0.5125 0.971875 0.163281 0.05625 0.00624084
0 0.496875 0.975781 0.142188 0.0484375 0.00602722
0 0.553906 0.976562 0.0859375 0.046875 0.00526047
0 0.0822022 0.201904 0.158252 0.171973 0.0045929
0 0.176563 0.870313 0.346875 0.259375 0.00445175
0 0.0661133 0.0757812 0.124805 0.151562 0.00419998
0 0.970312 0.181299 0.0578125 0.105371 0.00388527
0 0.75625 0.292627 0.4875 0.264746 0.00387001
0 0.4875 0.996484 0.121875 0.00703125 0.00353813
0 0.507812 0.971094 0.159375 0.0578125 0.00353813
0 0.538281 0.975781 0.139062 0.0484375 0.00353813
1 0.176563 0.870313 0.346875 0.259375 0.00332451
1 0.482031 0.973828 0.1 0.0523437 0.00317192
0 0.111133 0.845312 0.217187 0.217187 0.00312424
0 0.965625 0.171777 0.059375 0.0841797 0.00305176
0 0.184961 0.821875 0.268359 0.157813 0.00304031
0 0.658594 0.814258 0.121875 0.143359 0.00293541
0 0.263672 0.305469 0.0550781 0.0929687 0.00248146
0 0.0821289 0.841406 0.163477 0.190625 0.00239754
0 0.861133 0.796875 0.277734 0.3875 0.00230598
1 0.75625 0.292627 0.4875 0.264746 0.00208282
1 0.821875 0.297656 0.35 0.254687 0.00206757
0 0.0780273 0.0955078 0.151367 0.145898 0.00193405
0 0.259375 0.870313 0.504687 0.259375 0.00189686
0 0.471875 0.998047 0.114063 0.00390625 0.00186729
1 0.259375 0.870313 0.504687 0.259375 0.0016613
0 0.817383 0.802344 0.187109 0.21875 0.0015192
0 0.563672 0.997266 0.0921875 0.00546875 0.00138855
0 0.520312 0.997656 0.145313 0.0046875 0.00127411
1 0.496875 0.975781 0.142188 0.0484375 0.00123978
1 0.111133 0.845312 0.217187 0.217187 0.00120163
0 0.511719 0.946875 0.16875 0.10625 0.00119686
0 0.517969 0.979688 0.175 0.040625 0.00110722
0 0.5625 0.998438 0.124219 0.003125 0.00109863
0 0.680078 0.921094 0.177344 0.157813 0.00109005
0 0.475781 0.970312 0.09375 0.059375 0.00101185
1 0.483203 0.523438 0.588281 0.528125 0.596191
0 0.47959 0.530469 0.59082 0.535937 0.432129
0 0.0668945 0.0974609 0.125195 0.116016 0.237915
0 0.510156 0.971094 0.16875 0.0578125 0.169434
0 0.892187 0.0917969 0.189063 0.183594 0.0745239
1 0.713281 0.289014 0.570312 0.278223 0.049408
0 0.814844 0.295508 0.360938 0.262891 0.0385437
0 0.713281 0.289014 0.570312 0.278223 0.0287628
1 0.814844 0.295508 0.360938 0.262891 0.0267639
0 0.128125 0.368945 0.246094 0.163672 0.0191193
0 0.247607 0.816992 0.249316 0.144141 0.0154877
1 0.892187 0.0917969 0.189063 0.183594 0.0151901
1 0.510156 0.971094 0.16875 0.0578125 0.0120087
1 0.18418 0.870117 0.366797 0.250391 0.0120087
0 0.18418 0.870117 0.366797 0.250391 0.00985718
0 0.0708008 0.0835937 0.141406 0.152344 0.00677109
0 0.642187 0.825781 0.15 0.175 0.00436401
1 0.0643066 0.0970703 0.128613 0.116211 0.00419998
0 0.65625 0.80625 0.125 0.13125 0.00387001
0 0.438672 0.207471 0.303906 0.121777 0.00277901
1 0.312109 0.872656 0.624219 0.254687 0.00269318
0 0.498437 0.970312 0.141406 0.059375 0.002388
0 0.312109 0.872656 0.624219 0.254687 0.00224304
0 0.578906 0.83418 0.295312 0.191016 0.00214005
0 0.183203 0.819531 0.320312 0.148438 0.0020504
0 0.60625 0.0986572 0.320312 0.105029 0.0019722
1 0.148145 0.842383 0.295117 0.202734 0.00183868
0 0.148145 0.842383 0.295117 0.202734 0.00183105
0 0.676562 0.928125 0.192969 0.140625 0.00181007
1 0.0708008 0.0835937 0.141406 0.152344 0.00178242
0 0.0890625 0.844531 0.178125 0.182812 0.00168705
1 0.857031 0.776563 0.28125 0.360938 0.00155449
0 0.857031 0.776563 0.28125 0.360938 0.00146103
0 0.480469 0.975781 0.103125 0.0484375 0.00137806
0 0.728125 0.0153076 0.35 0.0306152 0.00133514
0 0.477344 0.971875 0.109375 0.05625 0.00133514
0 0.0816406 0.211328 0.157031 0.15625 0.00126934
1 0.578906 0.83418 0.295312 0.191016 0.00113392
1 0.483203 0.523438 0.588281 0.528125 0.597168
0 0.479297 0.530566 0.591406 0.535742 0.430176
0 0.0668945 0.0974609 0.125195 0.116016 0.237915
0 0.510156 0.971094 0.16875 0.0578125 0.169434
0 0.892187 0.0917969 0.189063 0.183594 0.0742188
1 0.713281 0.289062 0.570312 0.278125 0.0500488
0 0.814844 0.295508 0.360938 0.262891 0.0391235
0 0.713281 0.289062 0.570312 0.278125 0.0292511
1 0.814844 0.295508 0.360938 0.262891 0.0270691
0 0.128125 0.368945 0.246094 0.163672 0.0190582
0 0.247607 0.816992 0.249316 0.144141 0.0152512
1 0.892187 0.0917969 0.189063 0.183594 0.0151291
1 0.18418 0.870117 0.366797 0.250391 0.0121918
1 0.510156 0.971094 0.16875 0.0578125 0.0120544
0 0.18418 0.870117 0.366797 0.250391 0.0100098
0 0.0708008 0.0835937 0.141406 0.152539 0.00677109
0 0.642187 0.825781 0.15 0.175 0.00439835
1 0.0643066 0.0970947 0.128613 0.116357 0.0042305
0 0.65625 0.80625 0.125 0.13125 0.00388527
0 0.438672 0.207471 0.303906 0.121777 0.00275803
1 0.310937 0.872656 0.621875 0.254687 0.00269318
0 0.498437 0.970312 0.141406 0.059375 0.00239754
0 0.310937 0.872656 0.621875 0.254687 0.00224304
0 0.578906 0.83418 0.295312 0.191016 0.00214958
0 0.183203 0.819531 0.320312 0.148438 0.00200272
0 0.60625 0.0986572 0.320312 0.105029 0.00200272
1 0.148242 0.842383 0.295703 0.202734 0.00186729
0 0.148242 0.842383 0.295703 0.202734 0.00185299
0 0.676562 0.928125 0.192969 0.140625 0.00179577
1 0.0708008 0.0835937 0.141406 0.152539 0.00178242
0 0.0890625 0.844531 0.178125 0.182812 0.00166798
1 0.857031 0.776563 0.28125 0.360938 0.00155449
0 0.857031 0.776563 0.28125 0.360938 0.00146103
0 0.480469 0.975781 0.103125 0.0484375 0.00138283
0 0.728125 0.015332 0.35 0.0306641 0.00134087
0 0.477344 0.971875 0.109375 0.05625 0.00133514
0 0.0816406 0.211328 0.157031 0.15625 0.00126934
1 0.578906 0.83418 0.295312 0.191016 0.0011425
