0 0.501953 0.479297 0.952344 0.711719 0.5
1 0.497266 0.480469 0.936719 0.710938 0.275879
0 0.0820312 0.0378906 0.162891 0.071582 0.0201721
0 0.0654297 0.399902 0.123438 0.33457 0.0190125
0 0.746094 0.158691 0.507812 0.316602 0.0121002
0 0.473047 0.899219 0.922656 0.201562 0.00674438
1 0.746094 0.158691 0.507812 0.316602 0.00443268
0 0.0622559 0.435059 0.124512 0.268945 0.00353813
1 0.0820312 0.0378906 0.162891 0.071582 0.00329781
1 0.0654297 0.399902 0.123438 0.33457 0.00263214
0 0.819141 0.166992 0.361719 0.316016 0.00201988
0 0.699219 0.247656 0.601562 0.495313 0.00169373
0 0.084082 0.0223145 0.168164 0.0446289 0.00165462
1 0.473047 0.899219 0.922656 0.201562 0.00160408
0 0.542578 0.88418 0.502344 0.228516 0.00158501
0 0.38584 0.079834 0.586133 0.159668 0.00157928
1 0.0622559 0.435059 0.124512 0.268945 0.00156689
0 0.492969 0.106445 0.842188 0.212891 0.00150108
0 0.112305 0.0260986 0.224609 0.0521973 0.00148392
0 0.444629 0.882617 0.741992 0.228516 0.00136662
0 0.341602 0.473047 0.676172 0.688281 0.00124454
0 0.671484 0.146484 0.657031 0.292969 0.00124454
0 0.58584 0.500391 0.764258 0.589844 0.00123024
0 0.695312 0.578516 0.5375 0.439844 0.00122547
0 0.0916992 0.178418 0.183398 0.356836 0.00121593
0 0.347266 0.892187 0.694531 0.215625 0.00121593
0 0.195703 0.889844 0.391406 0.220313 0.0011692
0 0.516016 0.271875 0.967969 0.54375 0.00115585
0 0.521875 0.180273 0.95625 0.360547 0.00111198
0 0.0923828 0.0256836 0.184766 0.0513672 0.0011034
0 0.0829102 0.148828 0.16582 0.279687 0.00108147
0 0.0699219 0.184033 0.1375 0.306934 0.00107288
0 0.135645 0.0144775 0.271289 0.0289551 0.00105667
1 0.717969 0.257812 0.564062 0.515625 0.00100803
1 0.510938 0.477734 0.959375 0.703906 0.857422
0 0.510156 0.472656 0.979688 0.695312 0.0745239
1 0.786719 0.168164 0.421875 0.309766 0.0582275
0 0.786719 0.168164 0.421875 0.309766 0.0418396
0 0.0833008 0.0369629 0.166602 0.0739258 0.0155411
0 0.195312 0.872656 0.385938 0.253125 0.00844574
0 0.188086 0.636328 0.323828 0.380469 0.00530243
0 0.133887 0.860742 0.267773 0.278516 0.00527954
0 0.282422 0.657812 0.505469 0.340625 0.00441742
1 0.0880859 0.0368164 0.171289 0.0736328 0.00391388
0 0.513672 0.878906 0.796094 0.234375 0.00321007
0 0.503906 0.09375 0.153125 0.1875 0.0026207
0 0.280469 0.549219 0.5125 0.548437 0.00259018
0 0.864648 0.0295654 0.270703 0.0591309 0.00253105
0 0.179883 0.551953 0.319922 0.541406 0.00247192
0 0.911719 0.169434 0.176563 0.333789 0.002388
0 0.501562 0.657031 0.940625 0.34375 0.00224304
0 0.862695 0.166602 0.274609 0.332422 0.00223351
1 0.510156 0.155566 0.960938 0.306055 0.00214958
0 0.0630859 0.386621 0.126172 0.408008 0.00196457
0 0.458203 0.570215 0.864844 0.50957 0.00192642
0 0.825781 0.598437 0.295312 0.396875 0.00191212
0 0.655566 0.868555 0.62793 0.237891 0.00181007
1 0.85332 0.16748 0.293359 0.334961 0.00140476
0 0.100977 0.832812 0.201953 0.329688 0.00137234
0 0.31875 0.491797 0.61875 0.666406 0.00135136
0 0.857813 0.02771 0.159375 0.0554199 0.00131512
1 0.829687 0.578223 0.292188 0.426367 0.00115585
0 0.231836 0.46875 0.461328 0.654688 0.00113773
1 0.864648 0.0295654 0.270703 0.0591309 0.00109005
0 0.510156 0.155566 0.960938 0.306055 0.00109005
1 0.911719 0.169434 0.176563 0.333789 0.00103664
0 0.485938 0.472656 0.915625 0.703125 0.819336
1 0.48125 0.46084 0.907812 0.725195 0.10321
0 0.084082 0.0382324 0.168164 0.0743164 0.0465393
0 0.745313 0.164258 0.509375 0.317187 0.0110703
1 0.084082 0.0382324 0.168164 0.0743164 0.00658798
0 0.716406 0.589453 0.501562 0.455469 0.0046463
0 0.939062 0.221289 0.115625 0.218359 0.00323486
0 0.889063 0.0545898 0.2125 0.104492 0.00321007
0 0.272852 0.264453 0.482422 0.273438 0.0026207
0 0.510156 0.124023 0.898438 0.230078 0.00254059
0 0.538281 0.889063 0.45625 0.1875 0.00197983
0 0.501465 0.919531 0.531445 0.134375 0.00194931
0 0.661719 0.992969 0.264062 0.0140625 0.00194168
0 0.877344 0.0379883 0.245312 0.0728516 0.00185299
0 0.631641 0.161523 0.685156 0.310547 0.00170708
0 0.604688 0.28418 0.454688 0.341797 0.00161076
0 0.39834 0.920313 0.731445 0.146875 0.00154877
0 0.000158691 0.0541016 0.000317383 0.108203 0.00138283
0 0.855469 0.166602 0.285937 0.324609 0.00128937
0 0.675781 0.501465 0.584375 0.600195 0.00123978
0 0.426465 0.591016 0.798633 0.492969 0.00123024
0 0.593066 0.590234 0.751367 0.478906 0.00106525
0 0.388672 0.885742 0.765625 0.228516 0.00105286
0 0.314063 0.188672 0.553125 0.192969 0.00103664
1 0.510156 0.124023 0.898438 0.230078 0.00102425
0 0.704687 0.996484 0.30625 0.00703125 0.00100803
1 0.528125 0.484277 0.890625 0.70332 0.72168
0 0.519922 0.479785 0.910156 0.70293 0.229492
0 0.059082 0.426562 0.114648 0.267969 0.0510864
0 0.709375 0.182227 0.576563 0.281641 0.0160217
0 0.511328 0.628906 0.914844 0.401563 0.0088501
0 0.587891 0.592188 0.736719 0.44375 0.00751877
0 0.0847656 0.0379883 0.162891 0.0669922 0.00526047
0 0.526172 0.901563 0.263281 0.0875 0.00400543
1 0.059082 0.426562 0.114648 0.267969 0.00370789
0 0.174121 0.858594 0.330664 0.282813 0.00327301
0 0.489062 0.90625 0.275 0.084375 0.00322342
0 0.88125 0.0371582 0.229687 0.0626953 0.0028553
1 0.709375 0.182227 0.576563 0.281641 0.00234222
0 0.115234 0.853906 0.216406 0.292188 0.00228691
0 0.228125 0.660547 0.394531 0.322656 0.00209045
1 0.511328 0.628906 0.914844 0.401563 0.00184631
1 0.587891 0.592188 0.736719 0.44375 0.0017271
0 0.0710938 0.412109 0.127734 0.317187 0.00161076
0 0.9125 0.0600586 0.175 0.10332 0.00158501
0 0.111914 0.93125 0.219531 0.1375 0.0015192
0 0.155469 0.939062 0.310937 0.121875 0.00143242
0 0.503125 0.923437 0.308594 0.10625 0.00115585
0 0.0621094 0.457422 0.1125 0.196875 0.00112438
0 0.934375 0.223828 0.13125 0.226953 0.00106049
0 0.489062 0.475879 0.939062 0.713867 0.76709
0 0.473437 0.609375 0.9 0.460938 0.196167
1 0.491406 0.476172 0.942187 0.705469 0.141479
0 0.0870605 0.0367187 0.174121 0.0734375 0.00286674
0 0.0640625 0.369141 0.128125 0.400781 0.00269318
1 0.473437 0.609375 0.9 0.460938 0.00203514
0 0.713672 0.164258 0.572656 0.305469 0.0012846
0 0.839844 0.0341797 0.320312 0.0683594 0.00125504
0 0.0888672 0.0321777 0.177734 0.0643555 0.00123501
0 0.797656 0.168164 0.404687 0.307422 0.613281
0 0.492188 0.472559 0.971875 0.72207 0.604004
1 0.492969 0.478516 0.960938 0.702344 0.559082
0 0.0672852 0.404297 0.133789 0.315625 0.0603027
0 0.0850098 0.0370117 0.17002 0.0717773 0.0342407
1 0.79082 0.15918 0.418359 0.318359 0.026001
0 0.181641 0.861914 0.356641 0.276172 0.0224609
0 0.891406 0.0308594 0.217187 0.0617188 0.0111618
0 0.852734 0.0325195 0.294531 0.0650391 0.00728989
0 0.815625 0.0269531 0.348437 0.0539063 0.00728989
0 0.202393 0.912891 0.399902 0.174219 0.00557709
0 0.34082 0.0708984 0.201172 0.14043 0.00356483
1 0.0850098 0.0370117 0.17002 0.0717773 0.00328636
0 0.0636719 0.375684 0.127344 0.393945 0.00325966
0 0.11543 0.00913086 0.230859 0.0182617 0.00265312
0 0.827734 0.00638428 0.344531 0.0127686 0.00242424
0 0.500781 0.0990234 0.18125 0.198047 0.00239754
0 0.719141 0.00678711 0.517969 0.0135742 0.00234222
1 0.828906 0.0273438 0.342187 0.0546875 0.00201988
0 0.125 0.889063 0.245312 0.221875 0.00190449
0 0.184766 0.00875244 0.369531 0.0175049 0.0018177
1 0.891406 0.0308594 0.217187 0.0617188 0.00179577
0 0.464063 0.9125 0.928125 0.15 0.00161076
0 0.106738 0.9375 0.211914 0.125 0.00156689
0 0.461328 0.882812 0.225 0.134375 0.00147247
1 0.0672852 0.404297 0.133789 0.315625 0.00147247
0 0.339453 0.00748291 0.520312 0.0149658 0.00141048
0 0.458691 0.00693359 0.50293 0.0138672 0.00134563
0 0.593359 0.00742187 0.522656 0.0148437 0.00129414
0 0.105859 0.910937 0.209375 0.178125 0.00127888
1 0.864062 0.0328613 0.271875 0.0657227 0.00118828
0 0.777148 0.00698242 0.445703 0.0139648 0.00116062
0 0.244336 0.00780029 0.488672 0.0156006 0.00112057
0 0.859375 0.00837402 0.28125 0.016748 0.00106049
1 0.548828 0.473437 0.849219 0.7 0.791016
0 0.551953 0.473828 0.852344 0.692969 0.131592
0 0.0647461 0.385156 0.125586 0.335156 0.0622253
0 0.79375 0.173047 0.398438 0.278516 0.0204468
0 0.116309 0.88125 0.227539 0.2375 0.0192719
0 0.0818359 0.883594 0.160547 0.232812 0.0162811
0 0.172852 0.879297 0.335547 0.241406 0.0158386
1 0.79375 0.173047 0.398438 0.278516 0.0156708
0 0.0875977 0.0369873 0.164648 0.0739746 0.0120087
0 0.0694824 0.429688 0.122754 0.261719 0.0118256
1 0.542188 0.202344 0.878125 0.404687 0.00861359
0 0.0700195 0.366797 0.133984 0.457812 0.00624084
1 0.539844 0.105957 0.898438 0.211914 0.00405502
1 0.0888672 0.0373535 0.173047 0.074707 0.00263214
0 0.542188 0.202344 0.878125 0.404687 0.00242424
1 0.550781 0.352344 0.860937 0.513281 0.00181007
0 0.539844 0.105957 0.898438 0.211914 0.00176811
1 0.0694824 0.429688 0.122754 0.261719 0.00174141
1 0.177686 0.883203 0.334473 0.233594 0.00156116
1 0.0643066 0.379297 0.12627 0.359375 0.00136185
1 0.513281 0.481641 0.93125 0.696094 0.736328
0 0.500781 0.478516 0.929688 0.705469 0.222656
0 0.184961 0.867188 0.364844 0.2625 0.0377502
0 0.0661133 0.431152 0.126367 0.262695 0.0108185
0 0.783594 0.184961 0.426562 0.276563 0.00974274
1 0.7875 0.186914 0.4125 0.272656 0.00570679
0 0.109082 0.895312 0.216992 0.209375 0.00390053
0 0.535547 0.10498 0.239063 0.206445 0.0036068
0 0.0851318 0.926562 0.168018 0.14375 0.00186062
0 0.445312 0.915625 0.804688 0.13125 0.00106907
1 0.499219 0.481348 0.945312 0.704492 0.866699
0 0.498047 0.480859 0.944531 0.703906 0.0605164
0 0.0874023 0.0375977 0.169727 0.0751953 0.0121918
0 0.0686523 0.921875 0.133398 0.15625 0.00891876
0 0.0995117 0.903516 0.196289 0.192969 0.00431442
0 0.0664062 0.40459 0.121484 0.306445 0.00317192
0 0.0699219 0.886914 0.137109 0.226172 0.00263214
0 0.339453 0.0655273 0.182031 0.123438 0.0024147
0 0.130664 0.879687 0.257031 0.240625 0.00206757
0 0.174609 0.867188 0.338672 0.265625 0.00200272
1 0.501172 0.480469 0.944531 0.710938 0.875488
0 0.497656 0.479004 0.942187 0.707617 0.0478821
1 0.786719 0.181055 0.414062 0.273047 0.012146
0 0.786719 0.181055 0.414062 0.273047 0.00841522
0 0.0647461 0.420312 0.12168 0.278906 0.00818634
0 0.137109 0.869531 0.272656 0.257812 0.00419998
0 0.0888916 0.0369141 0.172998 0.0738281 0.0037365
0 0.0658203 0.409473 0.131641 0.562305 0.00333786
0 0.0992187 0.878906 0.198437 0.235938 0.00232315
0 0.338086 0.065918 0.187891 0.131445 0.00125504
0 0.475 0.874805 0.921875 0.225391 0.00111198
0 0.510156 0.0984375 0.215625 0.196875 0.00100422
1 0.500781 0.480469 0.94375 0.710938 0.875488
0 0.496875 0.479297 0.940625 0.707031 0.0478821
1 0.786719 0.181055 0.414062 0.273047 0.012291
0 0.786719 0.181055 0.414062 0.273047 0.0085144
0 0.0647461 0.420312 0.12168 0.278906 0.00818634
0 0.137109 0.869531 0.272656 0.257812 0.00421524
0 0.0888916 0.0368652 0.172998 0.0737305 0.00370789
0 0.0658203 0.409766 0.131641 0.5625 0.00332451
0 0.0992187 0.878906 0.198437 0.235938 0.00231361
0 0.338086 0.065918 0.187891 0.131445 0.0012598
0 0.475 0.874805 0.921875 0.225391 0.00111198
