0 0.456348 0.398438 0.643555 0.764063 0.0275269
1 0.456348 0.398438 0.643555 0.764063 0.0245209
0 0.858203 0.262109 0.283594 0.521094 0.0211182
0 0.557813 0.386328 0.453125 0.677344 0.0130692
0 0.185498 0.0657715 0.111035 0.131543 0.0129242
1 0.858203 0.262109 0.283594 0.521094 0.0107346
0 0.163086 0.0697754 0.151953 0.136816 0.0103683
0 0.0609375 0.965625 0.121875 0.06875 0.00769424
1 0.184424 0.0814453 0.111621 0.147266 0.00706482
0 0.105566 0.158008 0.211133 0.316016 0.00664139
1 0.557813 0.386328 0.453125 0.677344 0.00551224
0 0.619531 0.412891 0.335938 0.599219 0.00516129
0 0.0692383 0.153613 0.138477 0.307227 0.00443268
1 0.0692383 0.153613 0.138477 0.307227 0.00432968
1 0.105566 0.158008 0.211133 0.316016 0.00428009
0 0.883594 0.35293 0.229687 0.323828 0.00407028
0 0.861133 0.176172 0.277734 0.352344 0.00372124
0 0.126758 0.124023 0.223828 0.248047 0.00369263
1 0.0609375 0.965625 0.121875 0.06875 0.00319672
1 0.126758 0.124023 0.223828 0.248047 0.0029583
0 0.590625 0.848633 0.440625 0.299609 0.00279045
0 0.857031 0.739062 0.284375 0.484375 0.00271416
0 0.939062 0.245312 0.121875 0.490625 0.00253105
0 0.0851562 0.503906 0.170312 0.810938 0.00226021
1 0.0861816 0.525 0.172363 0.801562 0.00224304
1 0.163086 0.0697754 0.151953 0.136816 0.00219917
0 0.0626465 0.960156 0.125293 0.0796875 0.00218201
0 0.841406 0.132422 0.245312 0.264844 0.00194931
0 0.0375 0.155566 0.075 0.311133 0.00194168
0 0.178076 0.0535645 0.129004 0.102051 0.00193405
1 0.619531 0.412891 0.335938 0.599219 0.00183868
1 0.0626465 0.960156 0.125293 0.0796875 0.00182438
0 0.548828 0.856445 0.735156 0.287109 0.00178242
0 0.0822266 0.375977 0.164453 0.751953 0.00175476
1 0.196143 0.0670898 0.0913086 0.13418 0.00170708
0 0.154004 0.0840332 0.188086 0.168066 0.00168133
0 0.79668 0.117383 0.291016 0.234766 0.00160408
0 0.382715 0.860937 0.337695 0.273438 0.00153065
0 0.333203 0.393359 0.379687 0.740625 0.00153065
1 0.0744141 0.321484 0.148828 0.642969 0.00152493
0 0.0803711 0.682813 0.160742 0.634375 0.00148964
1 0.037207 0.141602 0.0744141 0.26875 0.00148392
1 0.178076 0.0535645 0.129004 0.102051 0.00144386
1 0.857031 0.183594 0.279687 0.365234 0.00144386
0 0.650781 0.843945 0.289062 0.308984 0.00140476
0 0.756641 0.217969 0.467969 0.435937 0.00129414
1 0.590625 0.848633 0.440625 0.299609 0.00127411
0 0.0779785 0.739062 0.155957 0.4375 0.00124931
0 0.0674316 0.195117 0.126074 0.221484 0.00121117
1 0.0803711 0.682813 0.160742 0.634375 0.00119686
1 0.939062 0.245312 0.121875 0.490625 0.00112438
1 0.333203 0.393359 0.379687 0.740625 0.00110722
0 0.678125 0.843945 0.425 0.312109 0.00109005
1 0.065918 0.190234 0.120117 0.254687 0.00106525
1 0.882031 0.352539 0.228125 0.323047 0.00102806
1 0.857031 0.739062 0.284375 0.484375 0.00102043
0 0.055127 0.0475586 0.110254 0.0951172 0.00100803
1 0.451172 0.53125 0.660156 0.9375 0.814453
0 0.392285 0.528125 0.757617 0.928125 0.0495911
1 0.3875 0.425781 0.775 0.801562 0.0281067
0 0.806055 0.139355 0.150391 0.141211 0.0217743
1 0.0841797 0.721094 0.168359 0.435937 0.0200958
0 0.804688 0.112988 0.153125 0.17207 0.0175171
0 0.0841797 0.721094 0.168359 0.435937 0.0174408
1 0.206641 0.85 0.363281 0.290625 0.00701141
0 0.151587 0.0808594 0.181201 0.161719 0.00530243
1 0.308984 0.848437 0.580469 0.292188 0.00488663
1 0.664062 0.430566 0.25 0.579492 0.00468063
1 0.806055 0.139355 0.150391 0.141211 0.00450516
0 0.713281 0.336279 0.146875 0.384473 0.00413513
0 0.664062 0.430566 0.25 0.579492 0.00365067
1 0.804688 0.112988 0.153125 0.17207 0.0036068
0 0.349414 0.959375 0.0800781 0.078125 0.00288963
0 0.663281 0.320703 0.248437 0.422656 0.00271416
0 0.206641 0.85 0.363281 0.290625 0.00255013
1 0.713281 0.336279 0.146875 0.384473 0.002388
1 0.663281 0.320703 0.248437 0.422656 0.00234222
0 0.710156 0.432813 0.157813 0.444531 0.00210762
1 0.0864258 0.647656 0.172852 0.667188 0.00208282
1 0.179883 0.885938 0.308203 0.221875 0.00193405
0 0.308984 0.848437 0.580469 0.292188 0.00175476
1 0.550781 0.426953 0.460938 0.697656 0.00163555
0 0.179883 0.885938 0.308203 0.221875 0.00161076
1 0.710156 0.432813 0.157813 0.444531 0.00155449
0 0.0763672 0.962109 0.149023 0.0757812 0.00142097
0 0.368359 0.957812 0.100781 0.071875 0.00131512
1 0.417969 0.84707 0.823438 0.296484 0.00123501
1 0.151587 0.0808594 0.181201 0.161719 0.00118828
1 0.112695 0.745313 0.225391 0.439063 0.00118351
0 0.0828125 0.209375 0.151562 0.192969 0.00115108
0 0.0742188 0.748828 0.124219 0.321094 0.0011425
0 0.14707 0.901563 0.248828 0.182812 0.00110722
0 0.112695 0.745313 0.225391 0.439063 0.00108624
1 0.391016 0.5125 0.782031 0.925 0.70166
0 0.391016 0.480469 0.782031 0.864062 0.228149
0 0.148438 0.908203 0.270312 0.183594 0.0562439
0 0.475 0.803125 0.220313 0.0984375 0.0296478
0 0.0880615 0.748047 0.172314 0.358594 0.0236053
1 0.148438 0.908203 0.270312 0.183594 0.0172424
0 0.544531 0.90625 0.179688 0.103125 0.0150757
1 0.153149 0.0706055 0.181982 0.136523 0.0100098
0 0.696875 0.958594 0.279687 0.0796875 0.00923157
1 0.475 0.803125 0.220313 0.0984375 0.00891876
1 0.0886719 0.755859 0.17207 0.363281 0.00854492
0 0.667188 0.78418 0.198437 0.131641 0.00658798
0 0.524219 0.914062 0.225 0.121875 0.00570679
0 0.545703 0.0415527 0.348437 0.0805664 0.00443268
1 0.544531 0.90625 0.179688 0.103125 0.00385475
0 0.153149 0.0706055 0.181982 0.136523 0.00335121
0 0.560938 0.920313 0.179688 0.135937 0.00296974
0 0.882812 0.369727 0.21875 0.292578 0.00251198
1 0.524219 0.914062 0.225 0.121875 0.00213242
1 0.696875 0.958594 0.279687 0.0796875 0.00201988
0 0.625781 0.969531 0.304688 0.059375 0.00194168
0 0.66875 0.814062 0.196875 0.192188 0.00183105
1 0.66875 0.794531 0.203125 0.154687 0.00181007
0 0.805469 0.0986084 0.164062 0.187549 0.00162888
1 0.546484 0.0455933 0.277344 0.0881104 0.00153637
0 0.0706055 0.946875 0.141211 0.10625 0.00152493
0 0.496875 0.0359375 0.432031 0.0704102 0.00150108
0 0.557813 0.0482422 0.228125 0.0925781 0.00149536
0 0.596094 0.986719 0.273438 0.0265625 0.00146675
0 0.982031 0.375391 0.0359375 0.0679687 0.00139904
0 0.592188 0.925 0.235938 0.134375 0.00138283
0 0.565625 0.896875 0.126563 0.090625 0.00129414
0 0.65 0.957812 0.4125 0.08125 0.00128937
0 0.000463867 0.270703 0.000927734 0.134375 0.00126457
0 0.0713867 0.959375 0.142773 0.08125 0.0012598
0 0.208984 0.860547 0.4125 0.278906 0.00125504
0 0.801562 0.137695 0.171875 0.13125 0.00123978
0 0.982813 0.363086 0.034375 0.0550781 0.0012207
0 0.600781 0.973437 0.265625 0.053125 0.00119686
1 0.143457 0.0474121 0.19668 0.0915039 0.00119209
0 0.801562 0.842969 0.176563 0.14375 0.0011692
0 0.978906 0.38291 0.0421875 0.0873047 0.0011158
0 0.143457 0.0474121 0.19668 0.0915039 0.00108147
0 0.616406 0.992969 0.295312 0.0140625 0.00105667
0 0.664453 0.959375 0.517969 0.08125 0.00105286
0 0.000561523 0.29668 0.00112305 0.144922 0.00104046
1 0.437109 0.437109 0.664844 0.671094 0.775879
1 0.398047 0.536328 0.761719 0.914844 0.196777
1 0.0910156 0.721875 0.16543 0.484375 0.0254669
0 0.426953 0.469141 0.692187 0.722656 0.0208435
0 0.0904541 0.715625 0.166748 0.439063 0.0191956
1 0.449219 0.533594 0.625 0.457812 0.0157776
0 0.882812 0.468359 0.215625 0.0976562 0.00643921
0 0.692969 0.959375 0.321875 0.075 0.00486755
0 0.353125 0.967188 0.0757812 0.065625 0.00335121
0 0.075 0.964453 0.15 0.0710938 0.00290108
1 0.465234 0.651953 0.616406 0.204688 0.00277901
0 0.885938 0.348828 0.215625 0.154687 0.00271416
0 0.25293 0.625781 0.178125 0.104687 0.00271416
0 0.0871094 0.721875 0.160547 0.245312 0.00257111
0 0.0600098 0.964063 0.113965 0.071875 0.00213242
0 0.159766 0.892187 0.229297 0.1625 0.00208282
1 0.15127 0.0685547 0.181836 0.13125 0.00203514
0 0.465234 0.651953 0.616406 0.204688 0.00176811
0 0.15127 0.0685547 0.181836 0.13125 0.0015192
0 0.8875 0.392188 0.201562 0.249219 0.00130463
1 0.498437 0.615625 0.545313 0.282813 0.00109005
1 0.0871094 0.721875 0.160547 0.245312 0.00107288
0 0.412891 0.425 0.738281 0.6375 0.517578
1 0.412891 0.425 0.738281 0.6375 0.355713
0 0.0869141 0.689844 0.17168 0.476562 0.24585
0 0.879883 0.392578 0.212109 0.240625 0.105774
1 0.087793 0.674219 0.171094 0.498437 0.0739746
0 0.121582 0.0772461 0.243164 0.154492 0.0314331
1 0.121582 0.0772461 0.243164 0.154492 0.0246582
1 0.149585 0.0708496 0.185205 0.141699 0.0173035
1 0.125391 0.111914 0.239453 0.223828 0.0171051
0 0.125391 0.111914 0.239453 0.223828 0.0162201
0 0.0904297 0.561719 0.158984 0.823438 0.0158997
1 0.0904297 0.561719 0.158984 0.823438 0.0151901
1 0.132031 0.155859 0.264062 0.311719 0.00955963
0 0.132031 0.155859 0.264062 0.311719 0.0069313
1 0.881055 0.393652 0.212891 0.237695 0.00669098
0 0.155469 0.892187 0.234375 0.15625 0.00397491
0 0.995313 0.341016 0.009375 0.542188 0.00314713
0 0.339844 0.966406 0.0882813 0.0625 0.00254059
0 0.996094 0.467578 0.0078125 0.546094 0.00251198
0 0.0589355 0.648828 0.117871 0.649219 0.00225258
0 0.996484 0.80918 0.00703125 0.381641 0.00221634
0 0.571484 0.0531738 0.200781 0.100293 0.00215721
0 0.492188 0.995313 0.448438 0.009375 0.00189686
1 0.571484 0.0531738 0.200781 0.100293 0.0017004
1 0.0589355 0.648828 0.117871 0.649219 0.00148964
1 0.0865234 0.152539 0.1625 0.305078 0.0014782
0 0.149585 0.0708496 0.185205 0.141699 0.00142097
0 0.11582 0.969531 0.231641 0.0609375 0.00141048
0 0.311328 0.994141 0.451562 0.0117188 0.00138855
0 0.0865234 0.152539 0.1625 0.305078 0.00135136
0 0.972656 0.978125 0.053125 0.04375 0.0011425
0 0.763281 0.0998047 0.29375 0.199609 0.00112057
0 0.390625 0.995703 0.439063 0.00859375 0.00112057
0 0.996094 0.733594 0.0078125 0.5 0.00103188
1 0.454004 0.399609 0.651367 0.721094 0.695312
0 0.414453 0.414062 0.735156 0.7125 0.195557
1 0.0882813 0.660937 0.176563 0.526563 0.109924
0 0.0883789 0.674609 0.176758 0.507031 0.0544128
0 0.896875 0.93125 0.06875 0.096875 0.0241394
1 0.168652 0.0626953 0.150586 0.121094 0.0068779
0 0.896875 0.921875 0.0671875 0.065625 0.00682449
0 0.0730469 0.960938 0.141797 0.075 0.00679779
0 0.885938 0.33042 0.221875 0.37666 0.00277901
0 0.170312 0.896875 0.217969 0.2 0.00265312
0 0.720703 0.948047 0.224219 0.103906 0.00231361
0 0.35 0.959766 0.06875 0.0804688 0.00214005
0 0.556641 0.935156 0.886719 0.129688 0.00188255
1 0.896875 0.93125 0.06875 0.096875 0.0018034
0 0.336328 0.947656 0.136719 0.103125 0.00174141
0 0.152344 0.00788574 0.304688 0.0157715 0.00162888
0 0.257031 0.00793457 0.514063 0.0158691 0.00161648
0 0.910937 0.932813 0.05625 0.0671875 0.0015974
0 0.751172 0.00787354 0.497656 0.0157471 0.00144386
0 0.897656 0.94375 0.104687 0.10625 0.00126457
0 0.673828 0.942187 0.385156 0.115625 0.0012064
0 0.666016 0.00771484 0.527344 0.0154297 0.00114727
1 0.0665039 0.227734 0.129688 0.157813 0.00112057
0 0.35293 0.955469 0.175391 0.0890625 0.00108147
0 0.901563 0.928125 0.05625 0.0625 0.00104809
0 0.187305 0.0634277 0.112109 0.126855 0.00102806
0 0.926562 0.942187 0.115625 0.1125 0.00100803
0 0.422559 0.414844 0.72207 0.685938 0.533203
1 0.461035 0.404297 0.656055 0.675781 0.513672
1 0.0870117 0.654297 0.168555 0.625781 0.228882
0 0.0855225 0.642578 0.164893 0.589844 0.220703
0 0.0842041 0.708594 0.159326 0.390625 0.0469055
1 0.184814 0.0683594 0.117871 0.127734 0.0383301
0 0.165723 0.904688 0.217773 0.190625 0.033844
0 0.861719 0.644531 0.26875 0.289062 0.0285492
0 0.882617 0.375781 0.222266 0.278125 0.0133743
0 0.864258 0.706641 0.265234 0.453906 0.0106964
1 0.131641 0.0698242 0.215625 0.130273 0.00963593
1 0.0954834 0.557031 0.186377 0.885938 0.00841522
1 0.0672852 0.242188 0.126953 0.125781 0.00717545
0 0.867188 0.601953 0.25625 0.417969 0.00706482
1 0.0842041 0.708594 0.159326 0.390625 0.00658798
1 0.0719727 0.0905273 0.131445 0.176758 0.00564194
0 0.0854736 0.587109 0.168506 0.825781 0.00443268
0 0.0699219 0.962109 0.128906 0.0757812 0.00438309
0 0.876367 0.272656 0.237891 0.49375 0.00385475
1 0.155566 0.907812 0.258398 0.184375 0.00362206
0 0.660156 0.955078 0.509375 0.0898438 0.00328636
1 0.0543945 0.626562 0.108789 0.746875 0.00305176
1 0.862695 0.658594 0.268359 0.353125 0.00264168
0 0.337305 0.853711 0.600391 0.292578 0.00208282
0 0.864844 0.55 0.260938 0.60625 0.00206757
0 0.0543945 0.626562 0.108789 0.746875 0.0020504
1 0.337305 0.853711 0.600391 0.292578 0.0020504
1 0.660156 0.955078 0.509375 0.0898438 0.00204277
1 0.882617 0.375781 0.222266 0.278125 0.00197983
0 0.270703 0.868359 0.455469 0.263281 0.00188923
0 0.184814 0.0683594 0.117871 0.127734 0.00153065
0 0.0913086 0.782812 0.16582 0.254687 0.00148964
1 0.0766602 0.255859 0.108203 0.0929687 0.00146103
0 0.238867 0.903125 0.393359 0.19375 0.00143242
0 0.159277 0.889844 0.279102 0.220313 0.0014267
1 0.0367187 0.586719 0.0734375 0.826563 0.00133514
1 0.270703 0.868359 0.455469 0.263281 0.00131989
1 0.073877 0.238672 0.130762 0.163672 0.00131989
1 0.189063 0.362891 0.374219 0.725781 0.00127888
0 0.610937 0.275195 0.346875 0.330859 0.00100803
1 0.421191 0.482031 0.72168 0.882812 0.78125
0 0.421191 0.482031 0.72168 0.882812 0.100159
0 0.0852539 0.650391 0.170508 0.614844 0.0743408
1 0.0852539 0.650391 0.170508 0.614844 0.0565491
0 0.163574 0.904688 0.232617 0.1875 0.0301056
1 0.0876953 0.565234 0.17207 0.841406 0.00332451
0 0.349805 0.959375 0.0777344 0.08125 0.00245285
1 0.421875 0.288281 0.728125 0.459375 0.00196457
0 0.895312 0.916406 0.075 0.0671875 0.00152493
0 0.65625 0.904688 0.0875 0.059375 0.00152493
1 0.163574 0.904688 0.232617 0.1875 0.00143242
0 0.326758 0.811719 0.164453 0.173438 0.00112438
1 0.448535 0.401172 0.660742 0.689844 0.493164
0 0.43125 0.4 0.703125 0.680469 0.464844
1 0.0853516 0.662891 0.170703 0.619531 0.133423
0 0.0845703 0.679297 0.166602 0.491406 0.10321
0 0.882031 0.39209 0.221875 0.254883 0.0191956
1 0.15293 0.0685547 0.177344 0.129492 0.0109024
0 0.0853516 0.650781 0.170703 0.6875 0.00905609
0 0.872656 0.280469 0.2375 0.480469 0.005867
1 0.148047 0.0896484 0.176953 0.177344 0.00494385
1 0.88125 0.360547 0.228125 0.321094 0.00460815
1 0.149805 0.313672 0.295703 0.619531 0.00387001
0 0.069043 0.9625 0.135352 0.075 0.00367928
1 0.0841553 0.694531 0.162939 0.445312 0.00259018
1 0.872656 0.280469 0.2375 0.480469 0.00247192
0 0.15293 0.0685547 0.177344 0.129492 0.00179577
0 0.148047 0.0896484 0.176953 0.177344 0.00107288
1 0.453809 0.442871 0.648633 0.751758 0.784668
1 0.0845215 0.681348 0.169043 0.620117 0.243652
0 0.0844238 0.708984 0.168848 0.530469 0.133179
1 0.084668 0.707812 0.166211 0.4375 0.0980835
0 0.459473 0.416016 0.635742 0.678906 0.0792236
0 0.882031 0.391504 0.21875 0.257617 0.0501404
1 0.882031 0.391504 0.21875 0.257617 0.0298767
0 0.0846191 0.567187 0.169238 0.853125 0.0256653
1 0.0861328 0.528125 0.172266 0.94375 0.0185852
0 0.173438 0.90625 0.222656 0.1875 0.0118713
0 0.0703125 0.964844 0.140625 0.0703125 0.0078125
1 0.0729004 0.198242 0.143262 0.221484 0.00233269
0 0.59375 0.942969 0.771875 0.110937 0.00203514
1 0.154883 0.903125 0.292578 0.1875 0.00200272
0 0.87832 0.329492 0.227734 0.389453 0.0016489
1 0.59375 0.942969 0.771875 0.110937 0.00144958
1 0.87832 0.329492 0.227734 0.389453 0.00131512
0 0.643066 0.951563 0.635742 0.09375 0.00104046
1 0.453516 0.443359 0.649219 0.753906 0.784668
1 0.0845215 0.68125 0.169043 0.61875 0.244385
0 0.0843262 0.709375 0.168652 0.529688 0.133179
1 0.084668 0.707812 0.166406 0.4375 0.0984497
0 0.459473 0.416016 0.635742 0.678906 0.0792236
0 0.882031 0.391016 0.21875 0.257812 0.050415
1 0.882031 0.391016 0.21875 0.257812 0.0299225
0 0.0846191 0.567187 0.169238 0.853125 0.0255585
1 0.0860352 0.528125 0.17207 0.94375 0.0185852
0 0.173438 0.90625 0.222266 0.1875 0.0120544
0 0.0703125 0.964844 0.140625 0.0703125 0.00787354
1 0.0728027 0.198437 0.143066 0.221094 0.00230598
0 0.593359 0.942969 0.772656 0.110937 0.00203514
1 0.154883 0.903125 0.292578 0.1875 0.00201035
0 0.87832 0.329688 0.227734 0.389062 0.0016489
1 0.593359 0.942969 0.772656 0.110937 0.00144386
1 0.87832 0.329688 0.227734 0.389062 0.00131512
0 0.642969 0.951563 0.634375 0.09375 0.00104046
