0 0.460156 0.559766 0.860937 0.707031 0.779785
1 0.464844 0.561816 0.864062 0.712305 0.0220337
0 0.520312 0.386328 0.959375 0.772656 0.00516129
0 0.631641 0.599219 0.533594 0.614062 0.00290108
0 0.685547 0.664844 0.427344 0.470313 0.00197983
1 0.520312 0.386328 0.959375 0.772656 0.00156116
0 0.471094 0.560547 0.89375 0.686719 0.875977
0 0.766797 0.621875 0.263281 0.551562 0.0591125
1 0.46875 0.555859 0.89375 0.703906 0.0115051
0 0.744922 0.684375 0.303906 0.434375 0.00366402
0 0.316406 0.553125 0.540625 0.679688 0.00229645
0 0.735937 0.569922 0.31875 0.638281 0.00197983
1 0.764063 0.641406 0.26875 0.517187 0.00193405
0 0.697266 0.707812 0.400781 0.396875 0.00148964
0 0.403125 0.491504 0.701563 0.56543 0.00136662
0 0.626172 0.5625 0.555469 0.671875 0.00131512
0 0.455859 0.408984 0.803906 0.395312 0.00116062
0 0.244727 0.575 0.401953 0.678125 0.00107288
0 0.461719 0.536621 0.882812 0.692383 0.946777
1 0.461719 0.536621 0.882812 0.692383 0.0088501
0 0.463672 0.332812 0.869531 0.25625 0.00723267
0 0.494531 0.13418 0.953125 0.249609 0.00481033
0 0.4875 0.181738 0.93125 0.363477 0.0030632
0 0.498047 0.0910156 0.960156 0.182031 0.00263214
0 0.665234 0.550391 0.463281 0.686719 0.00150108
0 0.476953 0.545996 0.886719 0.662695 0.926758
0 0.467187 0.666797 0.86875 0.475781 0.062561
1 0.471094 0.533594 0.870313 0.646875 0.0214844
0 0.233789 0.512891 0.369922 0.596094 0.00212479
0 0.472656 0.768359 0.846875 0.275781 0.0017004
0 0.595215 0.639453 0.59707 0.455469 0.00130463
0 0.257617 0.436719 0.421484 0.457812 0.00121117
0 0.475781 0.553516 0.875 0.713281 0.915039
1 0.473828 0.557813 0.883594 0.703125 0.011734
0 0.471484 0.552344 0.886719 0.701563 0.95752
0 0.515625 0.093335 0.96875 0.157861 0.00120163
0 0.479688 0.580469 0.879687 0.748438 0.933105
0 0.48125 0.357422 0.875 0.316406 0.0026207
0 0.507812 0.0599121 0.959375 0.119824 0.00254059
0 0.507812 0.0485352 0.95 0.0970703 0.00229645
1 0.478516 0.564062 0.877344 0.692187 0.00179577
0 0.478125 0.424609 0.875 0.445312 0.0016613
1 0.507812 0.0599121 0.959375 0.119824 0.00117874
1 0.507812 0.0485352 0.95 0.0970703 0.00107765
0 0.939844 0.518066 0.1125 0.299805 0.00105286
0 0.475781 0.549219 0.848437 0.69375 0.875977
0 0.475 0.33125 0.854688 0.257812 0.00540543
0 0.476562 0.293555 0.842188 0.183203 0.00240517
1 0.470703 0.547754 0.853906 0.69668 0.0012598
0 0.467969 0.544629 0.854688 0.70918 0.928223
0 0.475 0.550781 0.885938 0.689062 0.958984
0 0.475 0.550879 0.885938 0.688867 0.958984
