0 0.469531 0.540234 0.882812 0.649219 0.704102
0 0.323828 0.0868164 0.578125 0.173633 0.291016
1 0.474219 0.545703 0.870313 0.663281 0.184814
1 0.331641 0.0880859 0.591406 0.176172 0.101074
0 0.429688 0.0884766 0.846875 0.176953 0.00677109
0 0.592188 0.0548828 0.164062 0.107227 0.00661469
0 0.860156 0.0706055 0.279687 0.141211 0.00609589
1 0.429688 0.0884766 0.846875 0.176953 0.00530243
0 0.929688 0.0693848 0.140625 0.13877 0.00446701
0 0.3625 0.0668945 0.654688 0.133789 0.00369263
0 0.635254 0.56875 0.535742 0.6 0.00268364
0 0.45459 0.0422363 0.543945 0.0844727 0.00218201
0 0.0897461 0.0774414 0.169727 0.150586 0.00215721
1 0.878906 0.0693848 0.242188 0.13877 0.00214005
0 0.513672 0.0380371 0.410156 0.0760742 0.00209999
0 0.187891 0.0833008 0.375781 0.166602 0.0019722
0 0.429785 0.0552734 0.699805 0.110547 0.00186729
0 0.119824 0.0839844 0.237695 0.167969 0.00186729
1 0.428125 0.0711914 0.723437 0.142383 0.00176144
1 0.929688 0.0693848 0.140625 0.13877 0.00148964
0 0.848633 0.0425781 0.302734 0.0851562 0.00148392
1 0.45459 0.0422363 0.543945 0.0844727 0.00146103
0 0.889844 0.0630859 0.220313 0.126172 0.00145531
1 0.513672 0.0380371 0.410156 0.0760742 0.00129414
0 0.970312 0.0766602 0.059375 0.15332 0.00117874
0 0.526953 0.0599609 0.946094 0.119922 0.00117874
0 0.792969 0.0176758 0.410937 0.0353516 0.00117397
0 0.830469 0.0216064 0.339063 0.0432129 0.00115585
0 0.629687 0.0277832 0.710938 0.0555664 0.00115108
0 0.471875 0.772656 0.876562 0.20625 0.00114727
1 0.6 0.0546875 0.15 0.107813 0.0011425
0 0.871094 0.103809 0.257812 0.207617 0.0011425
0 0.652344 0.0539063 0.695312 0.107813 0.00112915
0 0.953906 0.0712402 0.0921875 0.14248 0.00104809
1 0.0849609 0.0766602 0.168164 0.140625 0.00104809
0 0.429785 0.0797852 0.24668 0.15957 0.00101662
0 0.686719 0.544141 0.432813 0.505469 0.00100803
0 0.471094 0.551562 0.889063 0.665625 0.916504
0 0.473437 0.745313 0.878125 0.265625 0.0610962
0 0.769531 0.580078 0.270312 0.575781 0.0603027
1 0.41875 0.0793945 0.814062 0.158789 0.0165253
0 0.344922 0.547754 0.635938 0.643555 0.012146
0 0.326562 0.701563 0.429688 0.34375 0.0110703
0 0.43584 0.708984 0.612695 0.333594 0.0068512
0 0.243359 0.671094 0.365625 0.401563 0.00479126
1 0.458594 0.549219 0.914062 0.665625 0.0042305
0 0.507031 0.0911133 0.98125 0.15957 0.003088
1 0.769531 0.580078 0.270312 0.575781 0.00252151
0 0.744922 0.640625 0.317969 0.470313 0.00222588
0 0.659375 0.55 0.501562 0.646875 0.00195694
1 0.502734 0.0983398 0.972656 0.176758 0.0015974
0 0.627344 0.733594 0.567187 0.2875 0.00156116
1 0.473437 0.745313 0.878125 0.265625 0.00153637
0 0.383984 0.0783691 0.7625 0.156738 0.00117874
1 0.423047 0.0619629 0.844531 0.123926 0.00100422
0 0.460547 0.550391 0.877344 0.661719 0.920898
0 0.301367 0.100024 0.595703 0.141748 0.0831299
0 0.576953 0.055957 0.225781 0.104297 0.0668335
0 0.878906 0.10957 0.234375 0.0708984 0.0476074
0 0.768359 0.0434448 0.217969 0.0830322 0.0311432
0 0.404004 0.094043 0.757617 0.135352 0.0276947
1 0.460547 0.550391 0.877344 0.661719 0.0264587
0 0.436328 0.0953125 0.263281 0.121484 0.0207214
1 0.301367 0.100024 0.595703 0.141748 0.0184784
0 0.935156 0.0586426 0.128125 0.114746 0.016983
0 0.199414 0.0454102 0.235547 0.0853516 0.0161591
1 0.576953 0.055957 0.225781 0.104297 0.016098
0 0.9125 0.0541992 0.171875 0.106445 0.0140076
1 0.199414 0.0454102 0.235547 0.0853516 0.00933838
1 0.878906 0.10957 0.234375 0.0708984 0.00878143
0 0.506641 0.0598145 0.764844 0.105957 0.00656509
1 0.768359 0.0434448 0.217969 0.0830322 0.00609589
1 0.404004 0.094043 0.757617 0.135352 0.006073
1 0.436328 0.0953125 0.263281 0.121484 0.00588989
0 0.796875 0.0364746 0.25625 0.0709961 0.00538635
0 0.662891 0.547656 0.477344 0.654688 0.00452042
0 0.598437 0.0517456 0.169531 0.0984619 0.00415039
0 0.353516 0.111426 0.707031 0.168555 0.00413513
0 0.872266 0.0433105 0.255469 0.0852539 0.0039444
0 0.233203 0.0575684 0.463281 0.105566 0.00224304
0 0.672656 0.135156 0.228125 0.0855469 0.00219917
0 0.466016 0.363281 0.889844 0.276563 0.00214958
0 0.907031 0.100171 0.179688 0.0781738 0.00200272
0 0.0863281 0.0865234 0.172656 0.140625 0.0019722
0 0.414062 0.173633 0.814062 0.279687 0.00184631
0 0.257422 0.0441406 0.267188 0.0882813 0.00172043
1 0.927344 0.0628418 0.145313 0.118848 0.00169373
1 0.506641 0.0598145 0.764844 0.105957 0.00156116
0 0.994531 0.0820312 0.0109375 0.129102 0.00152493
0 0.80625 0.99375 0.309375 0.0125 0.00150108
0 0.000183105 0.103491 0.000366211 0.0965332 0.00146675
0 0.000146484 0.0829834 0.000292969 0.115674 0.00144386
0 0.754687 0.996094 0.323438 0.0078125 0.00138855
0 0.851562 0.992969 0.296875 0.0140625 0.00137806
0 0.978906 0.0605469 0.0421875 0.121094 0.00132465
1 0.15957 0.0485474 0.303906 0.0909912 0.00131989
0 0.994922 0.0685547 0.0101562 0.137109 0.00130463
0 0.994922 0.11543 0.0101562 0.0841797 0.00129414
0 0.15957 0.0485474 0.303906 0.0909912 0.00128937
0 0.994531 0.137695 0.0109375 0.0679687 0.00123978
0 0.889844 0.994141 0.220313 0.0117188 0.00119686
0 0.703125 0.996484 0.328125 0.00703125 0.00117397
0 0.878711 0.0337402 0.242578 0.0674805 0.00116062
0 0.994922 0.144336 0.0101562 0.101953 0.00115585
1 0.8875 0.050293 0.215625 0.0982422 0.00113392
0 0.559375 0.996875 0.3125 0.00625 0.00113392
0 0.361523 0.457422 0.680859 0.464844 0.00109482
1 0.353516 0.111426 0.707031 0.168555 0.00105667
0 0.627344 0.996484 0.329688 0.00703125 0.00103664
1 0.233203 0.0575684 0.463281 0.105566 0.00101185
0 0.995313 0.946094 0.009375 0.107813 0.00100422
0 0.475781 0.553516 0.892187 0.639844 0.944824
0 0.329883 0.097168 0.517578 0.133789 0.166992
0 0.393359 0.103809 0.291406 0.135352 0.0753174
0 0.467969 0.727734 0.885938 0.313281 0.0415344
1 0.467969 0.529297 0.876562 0.610156 0.019455
1 0.329883 0.097168 0.517578 0.133789 0.0121002
1 0.405469 0.102148 0.335156 0.135937 0.00460815
0 0.0983398 0.085376 0.19668 0.137061 0.00387001
0 0.869531 0.109863 0.251563 0.0712891 0.00362206
0 0.59375 0.0523926 0.157813 0.0973633 0.00214958
0 0.946875 0.0591797 0.103125 0.112109 0.0020504
0 0.20957 0.485547 0.349609 0.51875 0.00192642
0 0.393652 0.0797852 0.725195 0.129492 0.00186729
0 0.465625 0.649219 0.875 0.445312 0.00156689
0 0.15957 0.0504883 0.291016 0.100977 0.00132465
0 0.959766 0.0713867 0.0804688 0.138477 0.00130463
0 0.145215 0.0730957 0.268555 0.144043 0.00110722
0 0.473437 0.55459 0.875 0.654883 0.93457
0 0.473437 0.675391 0.871875 0.424219 0.816406
0 0.484375 0.0853516 0.953125 0.170703 0.00763702
1 0.484375 0.0853516 0.953125 0.170703 0.00740433
0 0.571875 0.0574219 0.210938 0.109766 0.00307465
0 0.467187 0.54541 0.8875 0.668555 0.969727
0 0.76875 0.0283203 0.214062 0.0566406 0.0228882
0 0.87168 0.104199 0.250391 0.0839844 0.0171814
0 0.183594 0.0466309 0.257812 0.0907227 0.0165863
0 0.763281 0.025293 0.254687 0.0505859 0.00534439
0 0.741406 0.00858154 0.49375 0.0171631 0.00446701
1 0.76875 0.0270996 0.24375 0.0541992 0.00429916
1 0.183594 0.0466309 0.257812 0.0907227 0.00228691
0 0.817578 0.00670166 0.364844 0.0134033 0.00137806
0 0.585156 0.0594238 0.170312 0.115137 0.00133038
0 0.489062 0.0891602 0.809375 0.159961 0.00131512
1 0.87168 0.104199 0.250391 0.0839844 0.0012846
0 0.476562 0.546094 0.8875 0.667188 0.956055
0 0.509766 0.0918213 0.947656 0.149951 0.0237732
1 0.509766 0.0918213 0.947656 0.149951 0.00743103
0 0.406641 0.0970947 0.325781 0.138623 0.00518036
0 0.599219 0.0554199 0.160938 0.103027 0.00400543
0 0.790625 0.0278564 0.275 0.0557129 0.00345612
0 0.519531 0.0594238 0.948438 0.118848 0.00213242
0 0.474609 0.417285 0.888281 0.410742 0.00193405
0 0.189502 0.0446777 0.335059 0.087793 0.00190449
0 0.467187 0.548535 0.884375 0.666992 0.893066
0 0.788867 0.0412231 0.272266 0.080835 0.00945282
0 0.3375 0.101147 0.5 0.148486 0.0030632
0 0.563281 0.0567871 0.214062 0.106152 0.00175476
0 0.472656 0.355078 0.884375 0.2875 0.00157356
0 0.404297 0.101953 0.344531 0.135547 0.00150108
0 0.187549 0.048291 0.247559 0.0922852 0.00150108
0 0.478125 0.105273 0.814062 0.153906 0.00142097
0 0.684766 0.565234 0.436719 0.628906 0.00133514
0 0.460156 0.546875 0.865625 0.68125 0.95459
0 0.789062 0.039856 0.242188 0.0700928 0.00891876
0 0.411719 0.0992187 0.271875 0.139648 0.00191879
0 0.62334 0.545313 0.55332 0.676562 0.00104809
0 0.467969 0.550391 0.889063 0.663281 0.97168
0 0.444531 0.0983398 0.845312 0.138867 0.00380898
0 0.410254 0.0966797 0.34668 0.124219 0.00268364
0 0.794531 0.0313965 0.276563 0.062793 0.00255013
0 0.467969 0.550391 0.889063 0.663281 0.97168
0 0.442969 0.0983398 0.842188 0.138867 0.00385475
0 0.409766 0.0966797 0.346094 0.124219 0.00271416
0 0.794531 0.0313965 0.276563 0.062793 0.00257111
