0 0.44375 0.531934 0.784375 0.612695 0.854492
1 0.44375 0.531934 0.784375 0.612695 0.0450134
0 0.559766 0.564453 0.555469 0.521094 0.00345612
0 0.624219 0.59375 0.434375 0.453125 0.00220871
0 0.465625 0.414844 0.809375 0.829687 0.0015192
0 0.498437 0.896094 0.946875 0.207813 0.00123501
0 0.754687 0.394434 0.490625 0.761133 0.00112438
0 0.440234 0.523828 0.772656 0.596094 0.822754
0 0.709375 0.551465 0.26875 0.526758 0.0374756
0 0.440625 0.669141 0.760938 0.314844 0.00809479
0 0.550879 0.671875 0.535742 0.307813 0.00634003
1 0.440234 0.523828 0.772656 0.596094 0.00612259
0 0.665625 0.533203 0.340625 0.564844 0.00551224
0 0.311328 0.530371 0.508594 0.60332 0.00551224
0 0.583984 0.527344 0.507031 0.585938 0.00327301
0 0.333203 0.657031 0.48125 0.342187 0.00319672
0 0.667578 0.6625 0.342969 0.321875 0.00301552
0 0.251953 0.628125 0.3625 0.396875 0.00288963
0 0.479004 0.600781 0.682617 0.448438 0.00201035
0 0.243359 0.532422 0.369531 0.575781 0.00153637
0 0.382031 0.628906 0.624219 0.395312 0.00135612
0 0.803125 0.791406 0.378125 0.28125 0.00109863
0 0.435547 0.529688 0.813281 0.604688 0.934082
0 0.889063 0.0618164 0.2125 0.117773 0.0217743
1 0.435547 0.529688 0.813281 0.604688 0.0064621
0 0.6 0.519141 0.471875 0.610156 0.00595856
1 0.889063 0.0618164 0.2125 0.117773 0.00345612
0 0.436719 0.371094 0.801562 0.290625 0.00165462
0 0.744141 0.045813 0.335156 0.0876709 0.00126457
0 0.484375 0.119141 0.9375 0.228906 0.00122547
0 0.347266 0.476562 0.610156 0.495313 0.00115585
0 0.99375 0.0290039 0.0125 0.0580078 0.00109482
0 0.995313 0.0431152 0.009375 0.0862305 0.00103188
0 0.446484 0.526953 0.800781 0.592969 0.956055
1 0.450391 0.525 0.799219 0.589063 0.00508118
0 0.237158 0.441016 0.347559 0.421094 0.00281143
0 0.444629 0.677344 0.78418 0.30625 0.00179577
0 0.445312 0.529297 0.7875 0.613281 0.945312
0 0.452441 0.651172 0.779492 0.367969 0.599121
0 0.450391 0.526172 0.816406 0.614844 0.962891
0 0.152246 0.00841064 0.304492 0.0168213 0.00145531
0 0.902344 0.061377 0.195312 0.121191 0.00103188
0 0.453027 0.532031 0.779883 0.6125 0.959473
0 0.509766 0.0614258 0.961719 0.122852 0.00201035
0 0.509375 0.0481445 0.95 0.0962891 0.00171375
0 0.453027 0.524121 0.773633 0.611133 0.893066
0 0.9 0.0671387 0.2 0.131348 0.00176144
0 0.489062 0.937891 0.925 0.124219 0.00104427
0 0.439941 0.527344 0.781055 0.614062 0.931152
0 0.439941 0.527344 0.788867 0.610937 0.960938
0 0.440234 0.527344 0.788281 0.610937 0.960938
