1 0.468066 0.488672 0.799805 0.863281 0.912109
0 0.468066 0.488672 0.799805 0.863281 0.179565
1 0.591016 0.458984 0.578906 0.807031 0.00119686
0 0.591016 0.458984 0.578906 0.807031 0.00118351
1 0.478906 0.477344 0.807813 0.854688 0.92041
1 0.757422 0.594531 0.264844 0.575 0.0050621
0 0.757422 0.594531 0.264844 0.575 0.0049057
0 0.477734 0.476172 0.807031 0.838281 0.00468063
1 0.790625 0.524902 0.196875 0.773633 0.002388
0 0.790625 0.524902 0.196875 0.773633 0.00226974
1 0.363281 0.489062 0.573438 0.8125 0.00146675
1 0.761328 0.481641 0.253906 0.830469 0.00140476
1 0.479688 0.746094 0.715625 0.357812 0.00127411
1 0.470313 0.485547 0.80625 0.805469 0.850098
0 0.467578 0.492969 0.802344 0.804688 0.0109024
0 0.471777 0.7125 0.79082 0.426562 0.0017271
1 0.479297 0.496094 0.791406 0.851562 0.915527
0 0.479297 0.496094 0.791406 0.851562 0.0012846
1 0.484375 0.482812 0.796875 0.859375 0.94043
1 0.478906 0.278516 0.803125 0.460938 0.00217438
1 0.478125 0.483594 0.80625 0.88125 0.907715
0 0.478125 0.483594 0.80625 0.88125 0.00153637
1 0.485156 0.310156 0.801562 0.525781 0.00111198
1 0.480371 0.477344 0.795508 0.859375 0.917969
0 0.481641 0.478906 0.805469 0.848437 0.00213242
1 0.478906 0.480859 0.80625 0.852344 0.897949
1 0.47959 0.285547 0.798633 0.471094 0.00619125
1 0.474219 0.129663 0.835938 0.180518 0.00508118
1 0.479688 0.186133 0.809375 0.287891 0.00494385
0 0.48291 0.478906 0.79043 0.829687 0.00358009
1 0.483496 0.476953 0.792383 0.874219 0.900879
0 0.486035 0.476953 0.788867 0.867969 0.00251198
1 0.249561 0.484375 0.321191 0.829687 0.00117397
1 0.485156 0.480078 0.803125 0.841406 0.916016
0 0.485156 0.480078 0.803125 0.841406 0.00139427
1 0.485547 0.480078 0.803906 0.841406 0.916016
0 0.485547 0.480078 0.803906 0.841406 0.00141048
