1 0.480078 0.5375 0.786719 0.81875 0.894043
0 0.489453 0.527344 0.761719 0.817187 0.10144
1 0.330273 0.534766 0.463672 0.802344 0.00638962
0 0.614062 0.526953 0.546875 0.811719 0.00309944
1 0.614062 0.526953 0.546875 0.811719 0.00119686
0 0.285205 0.530371 0.37334 0.779883 0.00109482
1 0.498047 0.535547 0.763281 0.828906 0.924805
0 0.794531 0.539062 0.201562 0.835938 0.0115051
0 0.501953 0.527344 0.780469 0.817187 0.00905609
0 0.829492 0.538672 0.131641 0.838281 0.0086441
1 0.764063 0.532812 0.2625 0.81875 0.00828552
0 0.760938 0.616406 0.265625 0.632812 0.00812531
1 0.829492 0.538672 0.131641 0.838281 0.00624084
1 0.769922 0.663281 0.249219 0.54375 0.00344276
1 0.496484 0.80918 0.682031 0.284766 0.00188923
1 0.491016 0.535156 0.789844 0.820312 0.807617
0 0.479688 0.524219 0.814062 0.80625 0.267334
0 0.68125 0.524609 0.409375 0.807031 0.00709534
0 0.482812 0.269922 0.803125 0.28125 0.00402451
0 0.494141 0.200391 0.821094 0.173438 0.00182438
0 0.0561523 0.871875 0.112305 0.25625 0.00161076
0 0.505469 0.0844727 0.853125 0.168945 0.00131989
0 0.503125 0.131641 0.840625 0.263281 0.00130463
0 0.000146484 0.0943359 0.000292969 0.0853516 0.0012846
0 0.364062 0.294727 0.5375 0.307422 0.00113773
1 0.504297 0.539844 0.769531 0.823438 0.917969
0 0.493066 0.535547 0.788867 0.813281 0.00255013
1 0.189063 0.550781 0.169922 0.801562 0.00108147
1 0.500781 0.527344 0.760938 0.8375 0.928711
1 0.494922 0.358984 0.786719 0.467969 0.00287819
0 0.503027 0.529688 0.76582 0.83125 0.00283432
1 0.5 0.541406 0.8 0.842188 0.90918
0 0.501172 0.539844 0.786719 0.842188 0.00731659
0 0.943359 0.116797 0.113281 0.232812 0.0018177
0 0.151562 0.00721436 0.303125 0.0144287 0.00121593
0 0.718359 0.00773926 0.538281 0.0154785 0.00100803
1 0.500781 0.532031 0.770312 0.823438 0.919434
1 0.317969 0.535937 0.41875 0.814062 0.0110321
1 0.496973 0.535937 0.774805 0.826563 0.925293
1 0.495996 0.338281 0.773633 0.429688 0.00290108
0 0.496973 0.535937 0.774805 0.826563 0.00281143
1 0.493359 0.750781 0.772656 0.401563 0.00229645
1 0.0435547 0.532812 0.0871094 0.885938 0.00108147
1 0.502246 0.530078 0.77207 0.832031 0.90918
1 0.375684 0.537891 0.539258 0.827344 0.00367928
0 0.502246 0.530078 0.77207 0.832031 0.00345612
1 0.272461 0.53125 0.333203 0.80625 0.00219917
1 0.501953 0.532031 0.786719 0.826563 0.92334
0 0.501953 0.532031 0.786719 0.826563 0.00188923
1 0.501953 0.532031 0.786719 0.826563 0.92334
0 0.501953 0.532031 0.786719 0.826563 0.00193405
