0 0.417969 0.542969 0.678125 0.864062 0.796387
1 0.417969 0.542969 0.678125 0.864062 0.0743408
0 0.782422 0.419141 0.435156 0.800781 0.0139542
0 0.721875 0.366016 0.55625 0.705469 0.00477219
0 0.535937 0.31875 0.871875 0.6375 0.00300407
0 0.10293 0.288672 0.205859 0.577344 0.00293541
0 0.938281 0.0958984 0.123438 0.191797 0.00290108
0 0.912891 0.0979492 0.174219 0.195898 0.00243378
0 0.8625 0.108301 0.275 0.216602 0.00226974
0 0.546875 0.153516 0.825 0.307031 0.00184631
0 0.483594 0.466406 0.632812 0.829687 0.00183105
1 0.938281 0.0958984 0.123438 0.191797 0.00162315
0 0.0874512 0.249805 0.174902 0.499609 0.00136185
0 0.83457 0.470703 0.330859 0.897656 0.00135612
0 0.889063 0.087207 0.21875 0.166211 0.00121117
0 0.824023 0.149609 0.351953 0.299219 0.00119686
0 0.416406 0.382031 0.523438 0.666406 0.00109005
1 0.852344 0.105859 0.295312 0.211719 0.00104427
0 0.481348 0.555469 0.77793 0.85625 0.817383
1 0.464453 0.552734 0.713281 0.849219 0.0779419
0 0.358594 0.547656 0.5625 0.865625 0.0157776
0 0.310596 0.77832 0.319434 0.393359 0.00415039
0 0.250049 0.742188 0.282715 0.454688 0.00253105
0 0.462109 0.797656 0.592188 0.359375 0.00234222
0 0.901563 0.822656 0.195312 0.354688 0.00226021
0 0.696094 0.670703 0.290625 0.575781 0.00203514
0 0.387109 0.296143 0.560156 0.35459 0.00200272
0 0.241016 0.503125 0.347656 0.959375 0.00140476
0 0.215234 0.494531 0.430469 0.976562 0.00133038
0 0.623828 0.747656 0.339844 0.432813 0.00121117
0 0.650391 0.697656 0.328906 0.54375 0.00115108
0 0.533984 0.351758 0.855469 0.465234 0.0011034
0 0.286279 0.712109 0.394629 0.521094 0.00107288
0 0.5 0.53125 0.85 0.871875 0.888184
0 0.517969 0.117188 0.867188 0.234375 0.0359497
1 0.5 0.53125 0.85 0.871875 0.0158997
0 0.480469 0.256689 0.778125 0.274121 0.00313568
0 0.516797 0.0961914 0.867969 0.192383 0.00300407
0 0.358398 0.257764 0.514453 0.278223 0.00219917
0 0.512109 0.214502 0.841406 0.28584 0.00205803
0 0.46084 0.737891 0.77207 0.461719 0.00160408
1 0.517969 0.117188 0.867188 0.234375 0.00138283
0 0.312109 0.326562 0.422656 0.41875 0.00133514
0 0.000183105 0.801562 0.000366211 0.10625 0.00116539
0 0.490234 0.555859 0.817969 0.830469 0.936035
1 0.511328 0.546094 0.855469 0.835938 0.0252686
0 0.290576 0.33125 0.368848 0.421875 0.0210114
0 0.290674 0.757812 0.381934 0.417188 0.00191212
0 0.0974609 0.91875 0.185156 0.1625 0.00148392
0 0.272266 0.536719 0.353906 0.823438 0.00115585
0 0.483984 0.540625 0.785156 0.860937 0.814453
1 0.484375 0.544141 0.74375 0.861719 0.177246
0 0.462109 0.533594 0.727344 0.870313 0.931152
0 0.115918 0.903906 0.225586 0.182812 0.00500107
0 0.897266 0.0963867 0.205469 0.188867 0.00466537
1 0.472656 0.533594 0.7625 0.846875 0.00290108
0 0.701953 0.272656 0.183594 0.235938 0.00265312
0 0.475 0.394629 0.748438 0.560742 0.00194168
0 0.679688 0.243945 0.209375 0.217969 0.00183868
0 0.151172 0.00725098 0.302344 0.014502 0.00150108
0 0.722656 0.317187 0.151562 0.278125 0.00135136
0 0.692969 0.00771484 0.539062 0.0154297 0.00127411
0 0.139844 0.921875 0.274609 0.153125 0.00124931
0 0.253125 0.00739746 0.50625 0.0147949 0.00123501
0 0.335156 0.408594 0.465625 0.585156 0.00115108
0 0.343359 0.00755615 0.532031 0.0151123 0.00110722
0 0.568652 0.00759277 0.533008 0.0151855 0.00110722
0 0.46875 0.00761719 0.533594 0.0152344 0.00101185
0 0.472266 0.545313 0.736719 0.853125 0.933105
0 0.902344 0.528906 0.195312 0.823438 0.00591278
0 0.916016 0.463281 0.167969 0.6 0.00327301
0 0.264502 0.538281 0.341309 0.826563 0.00110722
0 0.457031 0.541016 0.720312 0.855469 0.869141
0 0.112305 0.917188 0.221484 0.1625 0.00270462
0 0.886719 0.524609 0.223438 0.903906 0.00200272
1 0.457031 0.541016 0.720312 0.855469 0.00106049
0 0.059375 0.548437 0.11875 0.85 0.00101662
0 0.467187 0.542969 0.715625 0.864062 0.897461
0 0.0890625 0.517187 0.178125 0.921875 0.00100803
0 0.466406 0.546094 0.729688 0.853125 0.943359
0 0.0672852 0.527344 0.13457 0.901563 0.00661469
0 0.466406 0.546484 0.729688 0.852344 0.943359
0 0.0672852 0.527344 0.13457 0.901563 0.00661469
