0 0.469531 0.494141 0.879687 0.883594 0.603027
1 0.469531 0.494141 0.879687 0.883594 0.519531
0 0.510938 0.511328 0.976562 0.942969 0.622559
1 0.477344 0.486328 0.910937 0.914844 0.547852
1 0.471484 0.814844 0.775781 0.278125 0.00202751
1 0.807031 0.496875 0.253125 0.917188 0.00137234
0 0.807031 0.496875 0.253125 0.917188 0.00109863
0 0.471875 0.5 0.9125 0.851562 0.870605
1 0.467969 0.503125 0.9 0.867188 0.219971
0 0.480078 0.162793 0.850781 0.264258 0.00486755
0 0.469922 0.734766 0.886719 0.442969 0.00231361
0 0.378809 0.685547 0.704883 0.535156 0.00123501
0 0.396484 0.198437 0.725781 0.306641 0.00115108
1 0.484375 0.521875 0.871875 0.865625 0.894043
0 0.471875 0.506641 0.884375 0.896094 0.0252686
1 0.478125 0.503906 0.909375 0.914062 0.861328
0 0.476172 0.4875 0.903906 0.9125 0.0634766
1 0.475781 0.332422 0.895312 0.582031 0.00155449
1 0.474609 0.628809 0.892969 0.623633 0.00115585
0 0.477344 0.49375 0.904688 0.929688 0.868652
1 0.477344 0.49375 0.904688 0.929688 0.0518494
0 0.131641 0.00742187 0.263281 0.0148437 0.00104427
1 0.482422 0.50625 0.894531 0.909375 0.841309
0 0.482031 0.480469 0.904688 0.878125 0.327637
0 0.48125 0.290625 0.898438 0.504687 0.00324821
1 0.48125 0.290625 0.898438 0.504687 0.00273705
0 0.488281 0.492969 0.876562 0.898438 0.744141
1 0.48125 0.499219 0.892187 0.9 0.303955
0 0.480859 0.282422 0.874219 0.486719 0.00388527
1 0.480859 0.282422 0.874219 0.486719 0.00105667
0 0.478906 0.490625 0.884375 0.90625 0.615234
1 0.480859 0.496875 0.885156 0.925 0.609375
0 0.474219 0.496875 0.895312 0.9 0.737305
1 0.475 0.510938 0.896875 0.895312 0.324219
0 0.474219 0.496875 0.895312 0.9 0.740723
1 0.475 0.510156 0.896875 0.895312 0.320068
