1 0.502344 0.511328 0.910937 0.824219 0.70752
0 0.500391 0.509766 0.924219 0.827344 0.380371
0 0.640234 0.481641 0.667969 0.786719 0.00141621
1 0.640234 0.481641 0.667969 0.786719 0.00123024
0 0.562891 0.0187988 0.786719 0.0375977 0.00121117
1 0.513281 0.503516 0.95625 0.819531 0.947266
0 0.502734 0.501562 0.942969 0.798437 0.0088501
1 0.629297 0.503125 0.672656 0.80625 0.0020752
1 0.387598 0.534375 0.699805 0.798437 0.00154305
1 0.477344 0.767969 0.764063 0.296875 0.00137806
1 0.853125 0.607031 0.271875 0.576563 0.00124454
1 0.681641 0.44541 0.555469 0.66543 0.00106525
1 0.495703 0.503223 0.952344 0.77793 0.816406
0 0.5 0.505859 0.959375 0.769531 0.165283
0 0.505469 0.090918 0.920313 0.181836 0.00117874
1 0.760547 0.501953 0.419531 0.766406 0.00102043
1 0.508594 0.515723 0.898438 0.781055 0.927734
0 0.499219 0.514844 0.914062 0.789062 0.00195694
1 0.127246 0.544922 0.187695 0.750781 0.00156116
1 0.516016 0.5 0.924219 0.835938 0.944336
1 0.506641 0.331055 0.896094 0.455078 0.00861359
1 0.507422 0.0319824 0.957031 0.0639648 0.00211525
1 0.502734 0.132397 0.955469 0.156299 0.00188255
1 0.50625 0.0667969 0.965625 0.133594 0.00177479
1 0.505469 0.24668 0.920313 0.273828 0.00107765
1 0.510156 0.504687 0.942187 0.825 0.915039
0 0.510938 0.497266 0.946875 0.805469 0.00121117
0 0.150586 0.00731201 0.301172 0.014624 0.00109005
1 0.509375 0.503125 0.935938 0.809375 0.901367
1 0.269141 0.505469 0.463281 0.785937 0.00380898
0 0.0340088 0.432813 0.0680176 0.532812 0.00106907
1 0.513281 0.508594 0.929688 0.789062 0.882324
1 0.510156 0.330078 0.917188 0.451562 0.00233269
0 0.513281 0.508594 0.929688 0.789062 0.00191879
1 0.498437 0.213477 0.909375 0.229687 0.00188255
1 0.0316162 0.490234 0.0632324 0.857031 0.00144386
1 0.496094 0.169629 0.904688 0.138086 0.00130939
1 0.503516 0.262939 0.908594 0.330371 0.00124454
1 0.510547 0.505469 0.935156 0.825 0.907227
1 0.264062 0.506641 0.442969 0.771094 0.00201988
1 0.502344 0.502344 0.935938 0.798437 0.909668
1 0.731641 0.502344 0.449219 0.789062 0.00103188
1 0.502344 0.502344 0.935938 0.798437 0.909668
1 0.731641 0.502344 0.449219 0.789062 0.00103188
