1 0.465625 0.496484 0.842188 0.860156 0.713867
0 0.468359 0.49375 0.839844 0.8625 0.584961
0 0.6375 0.495313 0.534375 0.85 0.00273705
0 0.704687 0.450391 0.404687 0.708594 0.00138855
1 0.6375 0.495313 0.534375 0.85 0.00104809
0 0.507812 0.0191895 0.751562 0.0383789 0.00104046
0 0.469922 0.501953 0.882031 0.858594 0.900391
1 0.470703 0.494531 0.886719 0.857813 0.0966797
0 0.778906 0.492188 0.264062 0.853125 0.0439453
0 0.821094 0.508984 0.179688 0.835156 0.0165253
0 0.286719 0.502344 0.508594 0.8625 0.00803375
0 0.767187 0.635547 0.270312 0.578906 0.00174141
0 0.702734 0.502344 0.410156 0.848437 0.0017271
0 0.498047 0.755469 0.894531 0.35 0.00150108
0 0.14707 0.504297 0.237891 0.863281 0.00113392
0 0.459375 0.499219 0.865625 0.854688 0.948242
1 0.467187 0.5 0.873438 0.854688 0.00997162
0 0.472656 0.17832 0.876562 0.232422 0.00307465
0 0.457812 0.721875 0.84375 0.43125 0.00233269
0 0.378906 0.20083 0.676562 0.260059 0.00226021
0 0.457812 0.633203 0.86875 0.596094 0.00204277
0 0.278516 0.396875 0.484375 0.650781 0.00157356
0 0.274219 0.243945 0.464844 0.355859 0.00141621
0 0.000183105 0.095874 0.000366211 0.0809082 0.00136662
0 0.551953 0.201514 0.696094 0.272754 0.00117874
1 0.472656 0.17832 0.876562 0.232422 0.00103188
0 0.478125 0.523438 0.85625 0.829687 0.757812
1 0.478125 0.523438 0.85625 0.829687 0.362061
0 0.471094 0.50625 0.867188 0.884375 0.800293
1 0.471094 0.500781 0.876562 0.864062 0.320068
1 0.470703 0.317969 0.877344 0.507812 0.00784302
0 0.471094 0.652734 0.848437 0.560156 0.00105667
0 0.474219 0.504687 0.876562 0.885938 0.913574
1 0.482422 0.510156 0.903906 0.876562 0.0051384
0 0.942969 0.115137 0.114063 0.22832 0.00189686
0 0.475781 0.325 0.854688 0.515625 0.00154305
0 0.151465 0.00733643 0.30293 0.0146729 0.00116062
0 0.482031 0.50625 0.867188 0.86875 0.674805
1 0.477344 0.496875 0.879687 0.853125 0.332031
1 0.478906 0.314063 0.867188 0.498437 0.005867
0 0.478906 0.314063 0.867188 0.498437 0.00502014
0 0.476562 0.505469 0.842188 0.873438 0.882324
1 0.466406 0.503906 0.870313 0.870313 0.0287018
0 0.478125 0.328125 0.84375 0.526563 0.00492477
0 0.475 0.508594 0.853125 0.875 0.84082
1 0.482422 0.494531 0.853906 0.867188 0.301514
0 0.474609 0.510547 0.878906 0.869531 0.935059
1 0.476953 0.494922 0.877344 0.847656 0.0467224
0 0.471875 0.511719 0.875 0.867188 0.935547
1 0.476953 0.494922 0.877344 0.847656 0.0452576
