0 0.477344 0.505859 0.670313 0.686719 0.84668
1 0.477344 0.505859 0.670313 0.686719 0.0793457
0 0.45625 0.904688 0.7875 0.190625 0.00221634
0 0.564746 0.542969 0.489258 0.625 0.0012846
0 0.820312 0.899219 0.359375 0.201562 0.0012064
0 0.426562 0.842773 0.790625 0.314453 0.00103188
0 0.485547 0.510938 0.677344 0.671875 0.838867
1 0.485547 0.510938 0.677344 0.671875 0.0502319
0 0.469629 0.689453 0.676367 0.310156 0.00746155
0 0.68125 0.541016 0.271875 0.617969 0.00643921
1 0.469629 0.689453 0.676367 0.310156 0.0015192
0 0.311328 0.449219 0.622656 0.892187 0.00141048
0 0.383203 0.646484 0.496875 0.391406 0.00138283
0 0.467578 0.503516 0.675781 0.674219 0.938965
0 0.513281 0.146875 0.804688 0.276563 0.0133286
1 0.472559 0.507812 0.701758 0.676562 0.00564194
0 0.465625 0.276563 0.7125 0.251563 0.00419998
0 0.878125 0.413672 0.234375 0.599219 0.0026207
0 0.857617 0.480371 0.275391 0.673633 0.00174141
0 0.432813 0.314063 0.595312 0.284375 0.0015974
0 0.00012207 0.177783 0.000244141 0.100684 0.0011692
0 0.392578 0.393652 0.491406 0.456445 0.00113392
0 0.472266 0.511035 0.680469 0.674805 0.907227
1 0.472754 0.515625 0.688867 0.68125 0.104309
0 0.106641 0.0943359 0.204688 0.180469 0.00247192
1 0.106641 0.0943359 0.204688 0.180469 0.00112438
0 0.474219 0.505859 0.679688 0.669531 0.882812
1 0.473047 0.505566 0.675781 0.682617 0.00894928
0 0.476172 0.508984 0.691406 0.672656 0.896484
1 0.476465 0.508594 0.686133 0.684375 0.00564194
0 0.665625 0.00758057 0.534375 0.0151611 0.00206757
0 0.890625 0.114453 0.21875 0.228906 0.00158501
0 0.151562 0.00718994 0.303125 0.0143799 0.00157356
0 0.568652 0.00772705 0.539258 0.0154541 0.00156116
0 0.112598 0.88125 0.210742 0.229687 0.00131989
0 0.468359 0.00760498 0.534375 0.01521 0.00125504
0 0.253906 0.00716553 0.507812 0.0143311 0.00115108
0 0.473437 0.509473 0.685938 0.681055 0.915039
1 0.473437 0.509473 0.685938 0.681055 0.00231361
0 0.0882813 0.094043 0.161523 0.188086 0.00102043
0 0.473437 0.510156 0.68125 0.679688 0.86084
1 0.478125 0.505469 0.684375 0.676562 0.00492477
0 0.888281 0.111914 0.223438 0.221484 0.00156116
0 0.474219 0.504785 0.676562 0.681055 0.907715
1 0.480078 0.506152 0.683594 0.68457 0.00898743
0 0.0799805 0.0946289 0.155469 0.189258 0.00664139
0 0.475391 0.507422 0.688281 0.667969 0.924316
1 0.481641 0.50625 0.680469 0.676562 0.00468063
0 0.0804443 0.101172 0.152783 0.202344 0.00174141
0 0.0840332 0.498828 0.168066 0.853906 0.00158501
0 0.475391 0.507422 0.688281 0.667969 0.924316
1 0.481641 0.50625 0.680469 0.676562 0.00460815
0 0.0804443 0.101172 0.152783 0.202344 0.00167465
0 0.0840332 0.499219 0.168066 0.854688 0.00161076
