0 0.517969 0.542969 0.910937 0.867188 0.663574
1 0.517969 0.542969 0.910937 0.867188 0.0714722
0 0.172266 0.536816 0.328516 0.785742 0.0199432
0 0.241406 0.548828 0.465625 0.832031 0.0139008
0 0.173438 0.413379 0.327344 0.531055 0.00621796
0 0.517187 0.162598 0.8875 0.325195 0.00160408
0 0.671875 0.544531 0.582812 0.846875 0.00144958
0 0.533203 0.0414063 0.833594 0.0828125 0.00144386
0 0.0795898 0.189844 0.15918 0.379687 0.00117874
1 0.172266 0.536816 0.328516 0.785742 0.00109482
0 0.516406 0.55625 0.923437 0.851562 0.833496
1 0.527344 0.549609 0.945312 0.853906 0.0645142
0 0.828906 0.529688 0.276563 0.839063 0.00530243
0 0.902344 0.867188 0.195312 0.265625 0.00374985
0 0.124609 0.496094 0.249219 0.976562 0.00195694
1 0.421875 0.789258 0.567187 0.377734 0.0018034
0 0.496191 0.78457 0.741992 0.387109 0.00154877
0 0.223047 0.516016 0.446094 0.953906 0.00109863
0 0.733594 0.544141 0.464063 0.830469 0.00108147
0 0.534375 0.539844 0.8625 0.857813 0.937012
0 0.515625 0.101367 0.871875 0.202734 0.0088501
0 0.523047 0.209375 0.822656 0.214062 0.00553513
1 0.535547 0.538281 0.863281 0.860937 0.00441742
0 0.535156 0.250732 0.784375 0.265723 0.00379562
0 0.523438 0.750391 0.825 0.457031 0.00316048
0 0.482031 0.134766 0.890625 0.269531 0.00222588
0 0.502734 0.272705 0.628906 0.319434 0.00185299
0 0.508984 0.0707031 0.875781 0.141406 0.00138855
0 0.556641 0.0789551 0.805469 0.15791 0.00137806
0 0.000244141 0.774219 0.000488281 0.0765625 0.00124454
0 0 0.0612305 0 0.122461 0.00119209
0 0 0.0489746 0 0.0979492 0.00115108
0 0 0.203711 0 0.139453 0.00113773
0 0 0.0790771 0 0.136377 0.00113392
0 3.66211e-05 0.0366211 7.32422e-05 0.0732422 0.00110722
0 0.397266 0.238086 0.664844 0.248828 0.00108624
0 0 0.228906 0 0.137109 0.00101662
0 0 0.178906 0 0.141406 0.00100422
0 0.618066 0.546875 0.673242 0.83125 0.911621
1 0.617285 0.547656 0.68418 0.842188 0.0368347
0 0.484473 0.747656 0.65918 0.457812 0.00210762
0 0.369922 0.757422 0.425781 0.435156 0.00157356
0 0.544141 0.539062 0.836719 0.879687 0.847656
1 0.548047 0.540625 0.827344 0.859375 0.0029583
0 0.490625 0.369141 0.753125 0.519531 0.00134563
0 0.074707 0.528906 0.149414 0.890625 0.00113392
0 0.586719 0.541406 0.776563 0.884375 0.939453
0 0.582812 0.37207 0.715625 0.513672 0.0106506
0 0.420703 0.302002 0.407031 0.377246 0.00331116
1 0.559375 0.542969 0.815625 0.865625 0.00206757
0 0.150391 0.00714111 0.300781 0.0142822 0.0017004
0 0.694141 0.00762939 0.533594 0.0152588 0.00115108
0 0.594922 0.00788574 0.539844 0.0157715 0.00106525
0 0.813867 0.00736084 0.372266 0.0147217 0.00104427
0 0.343359 0.00755615 0.530469 0.0151123 0.00100803
0 0.526563 0.551953 0.885938 0.852344 0.866699
1 0.503906 0.550391 0.932813 0.858594 0.0202484
0 0.23457 0.550391 0.416797 0.855469 0.0109024
0 0.128711 0.550781 0.221094 0.851562 0.00671768
0 0.0977539 0.571875 0.168945 0.834375 0.00415039
0 0.557813 0.352344 0.826563 0.471875 0.00321007
0 0.358789 0.551953 0.653516 0.836719 0.00247192
0 0.0651367 0.609375 0.130078 0.734375 0.0018034
0 0.553906 0.546094 0.814062 0.851562 0.853516
0 0.0598633 0.527344 0.119727 0.857813 0.006073
1 0.553906 0.546094 0.814062 0.851562 0.00236893
0 0.0834961 0.525781 0.166992 0.870313 0.0012064
0 0.552734 0.347266 0.794531 0.464063 0.00113392
0 0.570312 0.546875 0.803125 0.865625 0.899902
1 0.57666 0.550781 0.79668 0.860937 0.0024147
0 0.0863037 0.10957 0.165283 0.219141 0.00176144
0 0.528906 0.55 0.879687 0.85 0.937988
0 0.0749023 0.527734 0.149805 0.899219 0.0113297
0 0.0988281 0.542969 0.197656 0.867188 0.00305176
0 0.504297 0.729688 0.902344 0.495313 0.00168133
0 0.528906 0.55 0.879687 0.85 0.938477
0 0.0749023 0.527734 0.149805 0.899219 0.0114212
0 0.0989258 0.542969 0.197852 0.867188 0.003088
0 0.504297 0.729688 0.902344 0.495313 0.00169373
