0 0.530078 0.507031 0.914844 0.789062 0.827637
1 0.542969 0.508496 0.903125 0.776758 0.0595398
0 0.107227 0.585938 0.212891 0.407813 0.0269623
0 0.68623 0.508203 0.627539 0.711719 0.00299263
1 0.107227 0.585938 0.212891 0.407813 0.00225258
0 0.517969 0.320117 0.923437 0.640234 0.0020504
0 0.502344 0.938281 0.939062 0.123438 0.00199509
0 0.796875 0.540625 0.40625 0.628125 0.00179577
0 0.524219 0.114648 0.86875 0.229297 0.00142097
0 0.507031 0.959375 0.915625 0.08125 0.00137234
0 0.567969 0.051416 0.807813 0.102832 0.00102425
0 0.538281 0.500391 0.923437 0.746094 0.631836
0 0.293164 0.6875 0.298047 0.375 0.0106125
1 0.548828 0.504687 0.902344 0.765625 0.00551224
0 0.468359 0.7 0.653906 0.35625 0.00445175
0 0.545313 0.305469 0.784375 0.357812 0.00190449
0 0.530859 0.70625 0.916406 0.35625 0.00163555
0 0.847656 0.511816 0.298438 0.776367 0.0014782
0 0.761328 0.512891 0.471094 0.771094 0.00145531
0 0.298633 0.460938 0.597266 0.921875 0.00122547
0 0.330469 0.624121 0.410937 0.500195 0.00109863
1 0.293164 0.6875 0.298047 0.375 0.00106525
0 0.536719 0.498535 0.86875 0.768555 0.940918
0 0.510156 0.143164 0.934375 0.286328 0.00582123
1 0.536719 0.498535 0.86875 0.768555 0.00561905
0 0.766406 0.496094 0.454688 0.742188 0.00355148
0 0.508594 0.113965 0.923437 0.22793 0.00307465
0 0.229883 0.143945 0.449609 0.274609 0.00211525
0 0.146484 0.15957 0.282813 0.301172 0.00193405
0 0.45625 0.13623 0.90625 0.272461 0.00171375
0 0.325781 0.141211 0.635938 0.274219 0.00151253
0 0.353516 0.282764 0.446875 0.329785 0.00146103
0 0.521484 0.265039 0.825781 0.280859 0.0014267
0 0.532812 0.213477 0.875 0.226953 0.00134563
0 0.492188 0.0904297 0.928125 0.180859 0.0011425
0 0.326953 0.658984 0.583594 0.444531 0.00101662
0 0.529688 0.685938 0.88125 0.425 0.00101662
0 0.549609 0.512598 0.850781 0.74043 0.922363
1 0.551562 0.505469 0.845312 0.759375 0.0403137
0 0.321289 0.705469 0.347266 0.348437 0.005867
0 0.320898 0.336328 0.334766 0.416406 0.00194168
0 0.637402 0.603125 0.700195 0.570312 0.0015974
0 0.557422 0.497559 0.850781 0.773633 0.894043
1 0.557813 0.507422 0.853125 0.783594 0.0267639
0 0.548047 0.502344 0.900781 0.784375 0.930176
0 0.552734 0.399902 0.822656 0.562695 0.00796509
0 0.430371 0.297705 0.583008 0.361621 0.0039444
0 0.550781 0.320898 0.85625 0.408203 0.00378036
0 0.151367 0.00731201 0.302734 0.014624 0.00253105
0 0.344922 0.305664 0.413281 0.371484 0.00226021
0 0.268164 0.0078125 0.533203 0.015625 0.00152493
0 0.203711 0.00739746 0.407422 0.0147949 0.00131512
1 0.563672 0.509375 0.872656 0.785937 0.00116539
0 0.920313 0.087793 0.159375 0.174023 0.00116062
0 0.560938 0.503906 0.840625 0.764063 0.933105
1 0.5625 0.504297 0.846875 0.763281 0.00405502
0 0.752344 0.499609 0.495313 0.725781 0.00115108
0 0.065918 0.671191 0.126953 0.626367 0.00112057
0 0.562891 0.507812 0.842969 0.764063 0.872559
1 0.562891 0.507812 0.842969 0.764063 0.00161076
0 0.542969 0.367188 0.8375 0.490625 0.00143814
0 0.560938 0.503906 0.867188 0.770312 0.91748
1 0.560156 0.503906 0.857813 0.76875 0.00124454
0 0.558203 0.505859 0.855469 0.764844 0.94043
0 0.110156 0.507031 0.220313 0.942187 0.00288963
1 0.558203 0.505859 0.855469 0.764844 0.00115108
0 0.558203 0.505859 0.855469 0.764844 0.94043
0 0.109961 0.507031 0.219922 0.940625 0.00291252
1 0.558203 0.505859 0.855469 0.764844 0.00112438
