0 0.514063 0.49375 0.890625 0.860937 0.86084
1 0.515625 0.492969 0.890625 0.867188 0.0802002
0 0.522266 0.0538086 0.814844 0.107617 0.00185299
0 0.0788086 0.198828 0.157617 0.397656 0.00132465
0 0.688281 0.499219 0.545313 0.829687 0.00119209
0 0.511719 0.258008 0.875 0.516016 0.00115108
0 0.57666 0.0306152 0.756055 0.0612305 0.00102043
0 0.533594 0.507812 0.925 0.859375 0.885254
1 0.516016 0.507812 0.902344 0.854688 0.019165
0 0.904688 0.865234 0.190625 0.269531 0.00526047
0 0.831445 0.492969 0.271484 0.851562 0.00387001
0 0.286328 0.501953 0.446094 0.849219 0.0017004
0 0.545313 0.32207 0.80625 0.498047 0.00156689
0 0.759375 0.505469 0.403125 0.842188 0.00134563
1 0.904688 0.865234 0.190625 0.269531 0.00133514
0 0.728516 0.32793 0.455469 0.501953 0.00106525
0 0.50625 0.497656 0.946875 0.857813 0.946289
0 0.513672 0.167383 0.886719 0.207813 0.014061
1 0.50625 0.497656 0.946875 0.857813 0.00486755
0 0.504297 0.204102 0.832031 0.264062 0.00341606
0 0.516797 0.116797 0.913281 0.233594 0.00242424
0 0.500781 0.727734 0.917188 0.424219 0.00221634
0 0.521875 0.0728516 0.8875 0.145703 0.00171375
0 0.326953 0.239014 0.460938 0.346973 0.00154877
0 0.43584 0.65166 0.792383 0.563867 0.00142097
0 0.388672 0.114258 0.686719 0.227734 0.00123978
0 0.385938 0.2 0.614062 0.257031 0.00118351
1 0.513672 0.167383 0.886719 0.207813 0.0011425
0 0.509375 0.504687 0.896875 0.845312 0.924316
1 0.502344 0.533984 0.885938 0.807031 0.0232391
0 0.236719 0.655078 0.359375 0.530469 0.00438309
0 0.590527 0.586328 0.718945 0.694531 0.00421524
0 0.0904297 0.0917969 0.170703 0.183594 0.00138283
0 0.517969 0.507812 0.885938 0.875 0.832031
0 0.512891 0.653516 0.874219 0.560156 0.0426331
1 0.517969 0.507812 0.885938 0.875 0.00314713
0 0.252539 0.612891 0.381641 0.622656 0.00254059
0 0.517578 0.499609 0.917969 0.888281 0.944824
0 0.533594 0.338281 0.89375 0.541406 0.00257111
0 0.149609 0.00712891 0.299219 0.0142578 0.00150108
0 0.813477 0.00733643 0.373047 0.0146729 0.00118828
0 0.9 0.909375 0.2 0.178125 0.00109482
0 0.694531 0.00755615 0.532812 0.0151123 0.00101185
0 0.525781 0.508594 0.89375 0.859375 0.951172
0 0.523438 0.304688 0.890625 0.46875 0.00575256
0 0.263623 0.510547 0.398535 0.864844 0.00233269
0 0.51875 0.144922 0.907812 0.160938 0.00178909
0 0.0514648 0.604688 0.10293 0.75625 0.0014267
0 0.517578 0.219141 0.902344 0.296875 0.00131512
0 0.378125 0.477344 0.610937 0.801562 0.00100422
0 0.513281 0.508203 0.878125 0.861719 0.882324
0 0.521484 0.329883 0.857031 0.521484 0.00269318
0 0.046875 0.513672 0.09375 0.875781 0.00219917
1 0.513281 0.508203 0.878125 0.861719 0.00181007
0 0.51875 0.507812 0.890625 0.873438 0.910156
0 0.0853516 0.11084 0.164648 0.22168 0.00226021
0 0.513281 0.504687 0.9 0.854688 0.944336
0 0.0790039 0.502344 0.158008 0.920313 0.00656509
0 0.0453125 0.507812 0.090625 0.901563 0.00475693
0 0.515625 0.349023 0.873438 0.557422 0.00198746
0 0.125488 0.510938 0.206836 0.90625 0.0012598
0 0.194727 0.512109 0.319141 0.894531 0.00112438
0 0.513281 0.504687 0.9 0.854688 0.944336
0 0.0786621 0.502344 0.157324 0.920313 0.00658798
0 0.0452637 0.507812 0.0905273 0.901563 0.00479126
0 0.515625 0.348828 0.873438 0.557813 0.00196457
0 0.125098 0.510938 0.206055 0.90625 0.0012598
0 0.194141 0.512109 0.317969 0.894531 0.00112438
