0 0.451562 0.541406 0.845312 0.742188 0.506836
1 0.444531 0.534766 0.8625 0.738281 0.490234
0 0.169141 0.555469 0.338281 0.679688 0.00638962
0 0.276953 0.552246 0.553906 0.723633 0.00572968
0 0.0586426 0.825 0.113965 0.35 0.00265312
0 0.0575684 0.863672 0.115137 0.272656 0.00187492
1 0.169141 0.555469 0.338281 0.679688 0.00173378
1 0.276953 0.552246 0.553906 0.723633 0.00162888
1 0.0569824 0.832617 0.113965 0.334766 0.00153065
0 0.0589844 0.898828 0.117969 0.202344 0.00136662
1 0.0608398 0.917969 0.12168 0.164062 0.00135136
0 0.633594 0.528125 0.479688 0.648438 0.00106525
1 0.0640137 0.932031 0.117871 0.135937 0.00104046
0 0.140527 0.496191 0.281055 0.541992 0.00103664
1 0.466797 0.546094 0.894531 0.75625 0.835938
0 0.466797 0.546094 0.894531 0.75625 0.0357361
1 0.466797 0.765625 0.744531 0.285937 0.00751877
1 0.345117 0.573828 0.688672 0.742969 0.00263214
1 0.597266 0.541406 0.552344 0.735937 0.0017004
1 0.343359 0.764844 0.585156 0.284375 0.00104809
1 0.436719 0.537891 0.873438 0.724219 0.851074
0 0.444141 0.539941 0.858594 0.726367 0.024704
0 0.467969 0.147656 0.860937 0.276563 0.00251198
0 0.000195313 0.0830078 0.000390625 0.0837891 0.00187492
0 0.483594 0.0902344 0.864062 0.180469 0.00187492
0 0 0.060791 0 0.106934 0.00153637
0 0.476562 0.308203 0.8 0.265625 0.00153637
0 0.819531 0.519434 0.117188 0.629883 0.0011425
0 0.898438 0.446973 0.153125 0.551367 0.00112915
0 0.799219 0.521094 0.157813 0.690625 0.00105286
0 0.000170898 0.0288086 0.000341797 0.0576172 0.00103188
0 0.915625 0.430859 0.15625 0.372656 0.00102425
1 0.45625 0.542188 0.83125 0.728125 0.889648
0 0.451172 0.546777 0.850781 0.74082 0.00446701
0 0.0851562 0.0504883 0.161719 0.0992187 0.0012064
1 0.450391 0.536328 0.861719 0.733594 0.932129
1 0.453906 0.392871 0.848437 0.44707 0.00258064
0 0.45 0.532129 0.857813 0.735742 0.00179577
1 0.45 0.547754 0.853125 0.749805 0.887695
0 0.453906 0.545703 0.845312 0.750781 0.00403976
0 0.667969 0.00773926 0.542188 0.0154785 0.00232315
0 0.935938 0.11416 0.128125 0.22793 0.00219917
0 0.749609 0.00744629 0.500781 0.0148926 0.00196457
0 0.568359 0.00772705 0.539844 0.0154541 0.00166798
0 0.15293 0.00721436 0.305859 0.0144287 0.00157928
0 0.231836 0.0074707 0.463672 0.0149414 0.00119209
0 0.467285 0.00767822 0.535742 0.0153564 0.0011034
1 0.450781 0.545703 0.842188 0.753906 0.92041
0 0.45 0.543652 0.859375 0.758008 0.00183868
1 0.447656 0.538281 0.85625 0.729688 0.878906
1 0.454297 0.388672 0.839844 0.44375 0.00527954
1 0.461719 0.320508 0.826563 0.311328 0.00383949
1 0.470313 0.231641 0.83125 0.138672 0.002388
0 0.446484 0.537598 0.850781 0.731055 0.00193405
1 0.475781 0.261133 0.804688 0.193359 0.00183868
1 0.447266 0.539453 0.853906 0.746094 0.908691
0 0.446875 0.536719 0.85625 0.739062 0.00568771
1 0.446484 0.537891 0.860156 0.730469 0.910156
0 0.449219 0.533594 0.851562 0.729688 0.00124931
1 0.446484 0.537891 0.860156 0.730469 0.910156
0 0.449219 0.533594 0.851562 0.729688 0.00127411
