1 0.483984 0.511328 0.792969 0.861719 0.720215
0 0.497754 0.505859 0.770117 0.850781 0.429199
0 0.151953 0.65625 0.0832031 0.259375 0.00701141
1 0.151953 0.65625 0.0832031 0.259375 0.00547028
0 0.450781 0.110571 0.0460938 0.0944824 0.00151253
0 0.166895 0.593359 0.0458984 0.199219 0.00142097
0 0.614453 0.469922 0.566406 0.744531 0.00106049
1 0.519141 0.522656 0.777344 0.839063 0.924316
0 0.519141 0.522656 0.777344 0.839063 0.0296478
1 0.769531 0.64834 0.275 0.54707 0.00415039
1 0.762891 0.532812 0.283594 0.757812 0.00194168
1 0.487109 0.797656 0.685156 0.279687 0.00142097
0 0.770312 0.586621 0.275 0.667383 0.0011425
1 0.498535 0.518359 0.781055 0.824219 0.825684
0 0.497266 0.515234 0.783594 0.819531 0.146851
0 0.590234 0.203125 0.585156 0.2125 0.00167465
0 0.948438 0.0853516 0.103125 0.170703 0.0014782
0 0.455859 0.146875 0.782031 0.29375 0.00146103
0 0.328516 0.156445 0.513281 0.288281 0.00136662
0 9.76563e-05 0.108105 0.000195313 0.08125 0.00127411
0 0.0503418 0.894531 0.100684 0.210938 0.00106049
0 0 0.0818359 0 0.114844 0.00104809
1 0.508203 0.535937 0.782031 0.817187 0.91748
0 0.5125 0.526953 0.776563 0.833594 0.00221634
0 0.093457 0.0645508 0.177148 0.123633 0.00168133
1 0.514063 0.511719 0.782812 0.857813 0.936523
1 0.511621 0.393359 0.786133 0.599219 0.00204277
1 0.51875 0.312109 0.745313 0.435156 0.00161076
1 0.509277 0.522656 0.776758 0.85625 0.927734
0 0.151758 0.00715332 0.303516 0.0143066 0.00138855
1 0.509277 0.509375 0.762695 0.840625 0.914062
1 0.281641 0.521094 0.326562 0.8375 0.0783691
1 0.112305 0.601953 0.0738281 0.761719 0.00141048
1 0.504687 0.517969 0.764063 0.8375 0.900391
1 0.501465 0.329492 0.77207 0.467578 0.00548935
0 0.505859 0.516016 0.769531 0.839844 0.00378036
1 0.510547 0.517969 0.774219 0.85 0.896973
1 0.310156 0.519531 0.398438 0.854688 0.00593567
1 0.396094 0.532812 0.570312 0.829687 0.00186062
1 0.507031 0.516406 0.785937 0.848437 0.918945
1 0.0744141 0.497656 0.148828 0.935938 0.00217438
1 0.507031 0.516406 0.785937 0.848437 0.918945
1 0.0743652 0.497656 0.14873 0.935938 0.00217438
