1 0.499219 0.474219 0.734375 0.810938 0.839355
0 0.499219 0.474219 0.734375 0.810938 0.14978
0 0.0603027 0.320508 0.120605 0.641016 0.00186729
1 0.0586914 0.296289 0.117383 0.592578 0.00163555
1 0.51084 0.482812 0.750195 0.814062 0.912109
1 0.761719 0.594531 0.270312 0.576563 0.00553513
0 0.508203 0.480859 0.753906 0.800781 0.00325966
1 0.795313 0.48125 0.378125 0.832812 0.00228691
1 0.524121 0.741797 0.717383 0.278906 0.00159168
1 0.759375 0.486816 0.276563 0.654492 0.0012846
1 0.795703 0.474609 0.408594 0.830469 0.0012064
1 0.508984 0.478906 0.753906 0.8 0.823242
0 0.508984 0.478906 0.753906 0.8 0.024704
0 8.54492e-05 0.879687 0.000170898 0.09375 0.00144958
0 0.866992 0.200195 0.256641 0.337109 0.00139904
1 0.507812 0.491016 0.75 0.811719 0.927246
1 0.514844 0.477734 0.748438 0.828906 0.94043
1 0.507422 0.346484 0.764844 0.549219 0.00834656
1 0.512891 0.196631 0.824219 0.24502 0.0020504
1 0.507715 0.248437 0.79082 0.351562 0.00178242
1 0.528125 0.0856445 0.9125 0.171289 0.0016489
1 0.530859 0.0344482 0.917969 0.0688965 0.00102425
1 0.521094 0.158594 0.864062 0.174219 0.00101662
1 0.514746 0.482031 0.762695 0.81875 0.911133
0 0.130078 0.00720215 0.260156 0.0144043 0.00137806
0 0.517969 0.482422 0.765625 0.825781 0.00132465
0 0.192383 0.00760498 0.384766 0.01521 0.0011158
1 0.524902 0.477344 0.731445 0.807813 0.907715
1 0.317578 0.481641 0.334375 0.805469 0.0332031
1 0.534375 0.168262 0.873438 0.202539 0.00112915
1 0.391016 0.472656 0.474219 0.801562 0.00112438
1 0.517969 0.484375 0.74375 0.825 0.899414
1 0.5125 0.301953 0.757812 0.466406 0.00251198
1 0.503125 0.199951 0.80625 0.268066 0.00186062
1 0.679688 0.533691 0.415625 0.723242 0.00138855
0 0.513379 0.482031 0.743555 0.810938 0.00123501
1 0.49375 0.142358 0.842188 0.162939 0.00112057
1 0.517578 0.485938 0.742969 0.81875 0.900391
1 0.313281 0.481641 0.327344 0.814844 0.0020752
0 0.515625 0.482812 0.74375 0.814062 0.00118828
1 0.508984 0.481641 0.750781 0.808594 0.92334
0 0.508984 0.481641 0.750781 0.808594 0.0018034
1 0.508984 0.481641 0.750781 0.808594 0.92334
0 0.508984 0.481641 0.750781 0.808594 0.00182438
