1 0.494141 0.503906 0.744531 0.832812 0.843262
0 0.494922 0.507812 0.739844 0.834375 0.12854
1 0.499609 0.505469 0.744531 0.823438 0.888184
0 0.496777 0.506641 0.756445 0.808594 0.0302124
1 0.755859 0.628516 0.269531 0.561719 0.00258064
1 0.499316 0.75 0.710742 0.309375 0.00177479
0 0.755859 0.628516 0.269531 0.561719 0.00162888
1 0.774219 0.554297 0.232812 0.739844 0.00113392
0 0.489844 0.504297 0.767187 0.794531 0.720215
1 0.493652 0.5 0.761133 0.8 0.470703
0 0.519531 0.193359 0.689062 0.189844 0.00268364
0 0.0556152 0.878125 0.11123 0.24375 0.00183868
0 0.483203 0.683594 0.769531 0.453125 0.00171375
0 0.000183105 0.108496 0.000366211 0.0849609 0.00162888
0 3.66211e-05 0.090918 7.32422e-05 0.0927734 0.0015974
0 0.914062 0.387891 0.1625 0.385156 0.00155449
0 0.430859 0.130957 0.710156 0.261914 0.0015192
0 0.317187 0.141211 0.470313 0.258203 0.00131512
0 0.905469 0.439844 0.164062 0.592188 0.0012846
0 0.707422 0.0938477 0.466406 0.180664 0.00119686
0 0 0.0686523 0 0.117383 0.00119686
0 0.647656 0.477344 0.457812 0.745313 0.00112438
0 0.946094 0.0996094 0.107813 0.199219 0.00106049
0 0.149121 0.209326 0.288477 0.27666 0.00102425
0 0.496875 0.100781 0.84375 0.201562 0.00102425
1 0.499121 0.520215 0.754883 0.795508 0.895508
0 0.502441 0.516797 0.754492 0.800781 0.00518036
1 0.500879 0.497266 0.741992 0.830469 0.927734
1 0.497656 0.380371 0.748438 0.570508 0.00524139
1 0.502441 0.5 0.757617 0.817187 0.875977
0 0.499219 0.495313 0.759375 0.8125 0.053894
0 0.15127 0.00734863 0.302539 0.0146973 0.00115585
1 0.504004 0.497656 0.745117 0.807813 0.913574
1 0.500781 0.50459 0.753125 0.793945 0.890137
1 0.500781 0.336328 0.753125 0.476562 0.0142822
1 0.492871 0.19043 0.77832 0.195703 0.00301552
0 0.500781 0.50459 0.753125 0.793945 0.00279999
1 0.496777 0.247266 0.773633 0.307031 0.0026207
1 0.503223 0.501562 0.75293 0.823438 0.90918
0 0.503223 0.501562 0.75293 0.823438 0.00126934
1 0.500781 0.503906 0.753125 0.807813 0.935059
1 0.500781 0.503906 0.753125 0.807813 0.935547
