1 0.513672 0.532422 0.697656 0.791406 0.581543
0 0.502344 0.525 0.71875 0.803125 0.398926
1 0.515625 0.534766 0.69375 0.796094 0.885742
0 0.515625 0.534766 0.69375 0.796094 0.0454407
1 0.729688 0.650391 0.260938 0.549219 0.0045929
1 0.49375 0.767969 0.6375 0.314063 0.0027256
1 0.722656 0.533496 0.275 0.773633 0.00115108
1 0.492578 0.534375 0.710156 0.779688 0.833008
0 0.498828 0.529785 0.711719 0.791992 0.0566406
1 0.364062 0.292383 0.421875 0.302734 0.00194168
0 0.364062 0.292383 0.421875 0.302734 0.00170708
1 0.426953 0.271094 0.591406 0.271094 0.00153637
0 0.995313 0.0363281 0.009375 0.0726563 0.00132465
0 0.994922 0.106738 0.0101562 0.133008 0.00130463
0 0.426953 0.271094 0.591406 0.271094 0.00126934
0 0.995703 0.0805664 0.00859375 0.142383 0.00115585
0 0.995313 0.133691 0.009375 0.133789 0.0011158
0 0.996094 0.0515625 0.0078125 0.103125 0.00104809
1 0.506152 0.542969 0.693945 0.779688 0.92041
1 0.266602 0.540234 0.533203 0.807031 0.00612259
1 0.34375 0.539453 0.485938 0.817969 0.00307465
1 0.143066 0.516406 0.258398 0.835938 0.00176811
1 0.509375 0.525391 0.68125 0.810156 0.942871
1 0.507422 0.374414 0.703906 0.468359 0.00698471
1 0.506641 0.532031 0.700781 0.8 0.90332
0 0.15293 0.0072998 0.305859 0.0145996 0.00255013
0 0.513184 0.535547 0.695508 0.803906 0.00209999
0 0.811914 0.00736084 0.376172 0.0147217 0.00189686
0 0.747656 0.00772705 0.504687 0.0154541 0.00146675
0 0.217969 0.00751953 0.435937 0.0150391 0.0012064
1 0.51416 0.539453 0.69043 0.788281 0.914062
0 0.510156 0.537891 0.679688 0.789844 0.00582123
1 0.497754 0.534473 0.698242 0.79043 0.870117
0 0.50625 0.539844 0.7125 0.795313 0.0064888
1 0.505078 0.39209 0.708594 0.512695 0.00234985
1 0.551562 0.680859 0.601562 0.486719 0.00106525
1 0.504297 0.532422 0.685156 0.797656 0.910645
1 0.503516 0.538281 0.683594 0.782812 0.913574
0 0.508594 0.536328 0.689062 0.780469 0.00165462
1 0.503516 0.538281 0.683594 0.782812 0.913574
0 0.508594 0.536328 0.689062 0.780469 0.00167465
