1 0.456641 0.488672 0.758594 0.832031 0.756836
0 0.456641 0.488672 0.758594 0.832031 0.200562
1 0.613281 0.478906 0.473437 0.798437 0.00146103
0 0.613281 0.478906 0.473437 0.798437 0.00121593
1 0.466504 0.489844 0.773242 0.829687 0.930176
0 0.466504 0.489844 0.773242 0.829687 0.0078125
1 0.491797 0.761328 0.641406 0.271094 0.00234985
1 0.709766 0.574609 0.283594 0.638281 0.00234222
1 0.738281 0.479297 0.239063 0.713281 0.00156116
1 0.590234 0.489062 0.527344 0.829687 0.00154877
1 0.667188 0.474219 0.36875 0.778125 0.00115108
1 0.716797 0.370703 0.282031 0.564844 0.00100803
1 0.453906 0.4875 0.773438 0.796875 0.608398
0 0.451465 0.494629 0.77832 0.799805 0.515625
0 0.418359 0.688672 0.672656 0.430469 0.00133514
0 0.83125 0.39375 0.065625 0.44375 0.00115108
1 0.460938 0.496875 0.765625 0.815625 0.912598
0 0.462109 0.493359 0.769531 0.819531 0.00113773
1 0.458691 0.480859 0.760742 0.839844 0.936523
1 0.461328 0.36875 0.786719 0.5875 0.00246239
1 0.469531 0.492188 0.789062 0.83125 0.907715
0 0.461719 0.492969 0.776563 0.839063 0.00254059
0 0.134766 0.00744629 0.269531 0.0148926 0.00153065
0 0.813477 0.00733643 0.373047 0.0146729 0.00113392
1 0.462109 0.484766 0.766406 0.817969 0.924316
0 0.461719 0.487109 0.773438 0.803906 0.00443268
1 0.464453 0.4875 0.769531 0.828125 0.88623
0 0.460254 0.483594 0.75293 0.814062 0.00926971
1 0.466016 0.326562 0.771094 0.507812 0.00145531
1 0.46416 0.485938 0.762305 0.823438 0.899902
0 0.46084 0.486719 0.768945 0.823438 0.00290108
1 0.456934 0.49375 0.762695 0.815625 0.914551
0 0.458594 0.490625 0.760938 0.8125 0.00443268
1 0.457422 0.49375 0.763281 0.815625 0.914551
0 0.458594 0.490625 0.760938 0.8125 0.00448608
