0 0.475684 0.534766 0.764258 0.774219 0.864258
1 0.475684 0.534766 0.764258 0.774219 0.13269
0 0.644922 0.528906 0.425781 0.71875 0.0012064
0 0.474219 0.814062 0.760938 0.21875 0.00117397
0 0.474316 0.539453 0.782617 0.783594 0.939453
0 0.721875 0.535059 0.279687 0.767383 0.0146179
1 0.474316 0.539453 0.782617 0.783594 0.0069046
0 0.305859 0.34043 0.415625 0.361328 0.00399017
0 0.357422 0.491016 0.528906 0.669531 0.00291252
0 0.359961 0.365039 0.526953 0.413672 0.0024147
0 0.767578 0.546094 0.191406 0.757812 0.00220871
0 0.660547 0.539062 0.396094 0.765625 0.00212479
0 0.464844 0.745313 0.6625 0.35625 0.00201988
1 0.464844 0.745313 0.6625 0.35625 0.0016613
0 0.727344 0.653516 0.267188 0.532031 0.00165462
0 0.465234 0.54375 0.782031 0.764063 0.935059
0 0.475 0.139551 0.853125 0.279102 0.0088501
1 0.464453 0.541504 0.783594 0.768555 0.00626373
0 0.404687 0.273389 0.68125 0.228223 0.00564194
0 0.477344 0.0871094 0.884375 0.174219 0.00395966
0 0.317969 0.309766 0.473437 0.289062 0.00266266
0 0.307813 0.367188 0.44375 0.411719 0.00165462
0 0.465625 0.301562 0.78125 0.28125 0.0015192
0 0.47334 0.717188 0.79082 0.415625 0.00144386
0 0.646875 0.545703 0.435937 0.755469 0.00138855
0 0.996094 0.0382813 0.0078125 0.0765625 0.00115108
0 0.464063 0.549219 0.765625 0.754687 0.944336
1 0.4625 0.550879 0.765625 0.741992 0.033783
0 0.466504 0.537891 0.745117 0.758594 0.790527
0 0.255908 0.536328 0.342871 0.767969 0.00139904
0 0.480371 0.536328 0.781445 0.777344 0.924316
0 0.135156 0.00710449 0.270312 0.014209 0.00264168
0 0.717188 0.00762939 0.540625 0.0152588 0.0020504
0 0.785937 0.00762939 0.428125 0.0152588 0.00189686
0 0.618066 0.00773926 0.541992 0.0154785 0.00144958
1 0.480371 0.536328 0.781445 0.777344 0.00110722
0 0.19375 0.00749512 0.3875 0.0149902 0.00110722
0 0.0870117 0.0105103 0.174023 0.0210205 0.00101185
0 0.47666 0.536621 0.763867 0.77832 0.932617
1 0.474902 0.541797 0.764258 0.780469 0.00481033
0 0.473828 0.539941 0.742969 0.77168 0.852539
1 0.47666 0.540527 0.75293 0.786133 0.0024929
0 0.476953 0.422656 0.746094 0.546875 0.00107288
0 0.481348 0.536719 0.754492 0.782812 0.905762
1 0.481348 0.536719 0.754492 0.782812 0.0026722
0 0.112305 0.00531006 0.224609 0.0106201 0.00103664
0 0.471875 0.536328 0.760938 0.775781 0.925293
1 0.475 0.538379 0.759375 0.773242 0.00450516
0 0.471875 0.536621 0.760938 0.775195 0.925293
1 0.475391 0.538379 0.760156 0.773242 0.00446701
