0 0.388184 0.486816 0.626758 0.773242 0.47168
1 0.388672 0.485254 0.622656 0.77793 0.36377
0 0.751562 0.497266 0.265625 0.767969 0.00575256
0 0.45166 0.540625 0.510742 0.6625 0.00395966
1 0.751562 0.497266 0.265625 0.767969 0.00329781
0 0.592871 0.494531 0.586133 0.757812 0.00177479
0 0.217187 0.526953 0.339063 0.641406 0.00160408
1 0.592871 0.494531 0.586133 0.757812 0.00133514
0 0.522266 0.548437 0.375781 0.582812 0.00131989
1 0.45166 0.540625 0.510742 0.6625 0.00109482
1 0.5375 0.499902 0.921875 0.756445 0.769043
0 0.539453 0.495703 0.921094 0.796094 0.0571899
1 0.389453 0.524219 0.651563 0.710938 0.0153656
0 0.432813 0.51416 0.73125 0.726367 0.0141754
1 0.557813 0.494531 0.629687 0.767187 0.00974274
1 0.657812 0.493359 0.435937 0.753906 0.00366402
1 0.497656 0.739844 0.685938 0.273438 0.00168705
1 0.401953 0.726953 0.620313 0.297656 0.00163555
1 0.378223 0.501953 0.668555 0.719531 0.809082
0 0.372461 0.495996 0.652734 0.751758 0.0484924
0 0.764063 0.505566 0.228125 0.763867 0.0227966
0 0.464453 0.196045 0.799219 0.184473 0.0018177
1 0.764063 0.505566 0.228125 0.763867 0.00140476
0 0.565723 0.155371 0.520117 0.0962891 0.00136662
0 0.995313 0.0355957 0.009375 0.0711914 0.00129986
1 0.464453 0.196045 0.799219 0.184473 0.00125504
0 0.995313 0.244922 0.009375 0.133594 0.00111198
0 0.996094 0.0806641 0.0078125 0.145508 0.00107288
0 0.52959 0.185107 0.636133 0.161816 0.00106525
0 0.995313 0.046582 0.009375 0.0931641 0.00103188
0 0.991797 0.0283447 0.0164062 0.0566895 0.00100422
1 0.464453 0.520703 0.814844 0.717969 0.878418
0 0.451172 0.528516 0.769531 0.705469 0.00494385
1 0.470313 0.502734 0.807813 0.755469 0.927734
1 0.461719 0.380469 0.804688 0.514063 0.00109005
1 0.396191 0.525391 0.679492 0.713281 0.881836
0 0.392578 0.531348 0.675781 0.706055 0.0136337
0 0.153223 0.00738525 0.306445 0.0147705 0.00211525
0 0.774219 0.00756836 0.451562 0.0151367 0.00143814
0 0.71875 0.00765381 0.540625 0.0153076 0.00125504
0 0.23125 0.00756836 0.4625 0.0151367 0.00115108
0 0.82793 0.00675049 0.344141 0.013501 0.0011158
1 0.468652 0.495313 0.79082 0.778125 0.90918
0 0.467969 0.498047 0.807813 0.760156 0.0297546
1 0.43125 0.502246 0.721875 0.758008 0.858887
0 0.425391 0.502734 0.692187 0.757031 0.0133743
1 0.751562 0.510938 0.253125 0.775 0.00769424
1 0.474219 0.346094 0.801562 0.4875 0.00477219
1 0.693359 0.506934 0.358594 0.767383 0.00275803
1 0.474219 0.23125 0.83125 0.265234 0.00258064
0 0.757031 0.517285 0.240625 0.781055 0.0017004
1 0.572266 0.504687 0.605469 0.759375 0.00156116
1 0.474902 0.49541 0.79707 0.773242 0.904785
0 0.473535 0.502734 0.798242 0.767969 0.00723267
1 0.46875 0.496875 0.804688 0.764063 0.917969
0 0.470703 0.501953 0.797656 0.761719 0.00429916
1 0.46875 0.496973 0.804688 0.763867 0.917969
0 0.470703 0.502246 0.797656 0.761133 0.00431442
