0 0.442969 0.44375 0.85625 0.853125 0.765625
1 0.442969 0.44375 0.85625 0.853125 0.085083
0 0.591797 0.455469 0.524219 0.83125 0.00521851
0 0.323047 0.442578 0.565625 0.822656 0.00239754
0 0.177539 0.434766 0.270312 0.792969 0.00209045
0 0.488672 0.917578 0.897656 0.164844 0.00147247
0 0.0646484 0.188672 0.129297 0.377344 0.00108147
0 0.45625 0.446875 0.807813 0.81875 0.897461
1 0.45625 0.446875 0.807813 0.81875 0.0134277
0 0.720312 0.497266 0.260938 0.649219 0.0134277
0 0.222656 0.442969 0.370313 0.851562 0.00841522
0 0.291992 0.452734 0.498047 0.807031 0.00656509
0 0.691797 0.559473 0.313281 0.62793 0.00388527
0 0.151367 0.451562 0.241797 0.88125 0.00378036
0 0.401855 0.229297 0.683789 0.401563 0.00154877
0 0.273486 0.680859 0.381152 0.372656 0.00139904
1 0.725781 0.426172 0.253125 0.617969 0.00129414
0 0.560156 0.455469 0.567187 0.828125 0.00116539
0 0.350781 0.683984 0.520312 0.371094 0.00111198
0 0.634766 0.477441 0.425781 0.785742 0.00106049
0 0.754297 0.464063 0.205469 0.659375 0.00100803
0 0.478516 0.457031 0.908594 0.860937 0.946777
1 0.478516 0.457031 0.908594 0.860937 0.00754929
0 0.482812 0.161621 0.928125 0.274414 0.00402451
0 0.332031 0.460156 0.590625 0.85625 0.00288963
0 0.482422 0.120508 0.953906 0.241016 0.00160408
0 0.746094 0.127148 0.504687 0.249219 0.00154305
0 0.263281 0.272656 0.439063 0.498437 0.00107288
0 0.422656 0.617285 0.807813 0.499805 0.00106525
0 0.471875 0.488184 0.85625 0.767383 0.916992
1 0.475781 0.421484 0.864062 0.760156 0.0222015
0 0.526953 0.514941 0.666406 0.688867 0.0181274
0 0.353906 0.472656 0.620313 0.807813 0.0053215
0 0.550781 0.346484 0.159375 0.219531 0.0049057
0 0.438672 0.430078 0.05 0.0601562 0.00383949
0 0.246484 0.272656 0.361719 0.472656 0.00294685
0 0.508984 0.363672 0.691406 0.544531 0.00228691
0 0.465234 0.444922 0.816406 0.817969 0.894531
0 0.461816 0.582715 0.793555 0.550195 0.00912476
0 0.261523 0.442969 0.436328 0.84375 0.00257111
1 0.464453 0.451172 0.785156 0.803906 0.00154877
0 0.446094 0.428906 0.80625 0.845312 0.936035
0 0.454688 0.419922 0.071875 0.0804688 0.0247955
0 0.741797 0.1875 0.197656 0.227344 0.00871277
0 0.714844 0.170117 0.217187 0.214062 0.00828552
0 0.435156 0.428906 0.0453125 0.0671875 0.00584412
0 0.435937 0.292969 0.76875 0.567187 0.00270462
0 0.760156 0.223242 0.178125 0.276953 0.00270462
0 0.321875 0.295312 0.541406 0.567187 0.00168705
0 0.150195 0.00703125 0.300391 0.0140625 0.00163555
1 0.444922 0.430469 0.794531 0.839063 0.00150108
0 0.441406 0.421875 0.0625 0.078125 0.00115108
1 0.741797 0.1875 0.197656 0.227344 0.00104809
0 0.813672 0.00722656 0.372656 0.0144531 0.00104809
0 0.448438 0.448047 0.81875 0.838281 0.946777
0 0.464844 0.25957 0.840625 0.474609 0.00135136
0 0.246094 0.429297 0.408594 0.802344 0.0011692
0 0.451172 0.444141 0.767969 0.814844 0.84375
0 0.448828 0.449219 0.782031 0.839063 0.919922
1 0.442187 0.442969 0.792188 0.8375 0.00197983
0 0.45 0.447266 0.815625 0.821094 0.942871
0 0.450391 0.447656 0.816406 0.820312 0.942383
