0 0.492188 0.563281 0.932813 0.751562 0.864746
1 0.492188 0.563281 0.932813 0.751562 0.0828247
0 0.304883 0.0890625 0.332422 0.178125 0.025177
0 0.644922 0.582422 0.616406 0.642969 0.00595856
0 0.700391 0.550781 0.502344 0.545313 0.0045929
0 0.483594 0.914062 0.901563 0.171875 0.00154877
0 0.348828 0.0882813 0.232812 0.175 0.00153065
0 0.507812 0.266406 0.909375 0.532812 0.00141048
0 0.309375 0.187109 0.4375 0.374219 0.00139904
0 0.457812 0.489844 0.820312 0.595312 0.00138855
0 0.312061 0.0610352 0.329004 0.12207 0.00131989
1 0.303564 0.0892578 0.338965 0.178516 0.00130939
0 0.471094 0.971875 0.867188 0.05625 0.00107288
0 0.409766 0.0880859 0.588281 0.176172 0.00107288
0 0.511719 0.14082 0.860937 0.281641 0.00104809
0 0.484375 0.570312 0.934375 0.71875 0.885254
0 0.824219 0.582129 0.273438 0.673242 0.0314941
1 0.505078 0.575 0.953906 0.71875 0.0118713
0 0.51875 0.317383 0.9625 0.228516 0.00443268
0 0.429297 0.359766 0.803906 0.309375 0.00400543
0 0.336328 0.564941 0.627344 0.720117 0.00312424
0 0.726172 0.556348 0.458594 0.64043 0.00279045
0 0.5125 0.132227 0.9625 0.264453 0.00271416
0 0.504687 0.749219 0.9375 0.360938 0.00214005
0 0.304297 0.0806885 0.408594 0.161279 0.00213242
0 0.453125 0.296875 0.8125 0.185937 0.00205803
0 0.785742 0.528516 0.347266 0.578906 0.00193405
0 0.304297 0.104126 0.463281 0.191748 0.00176144
0 0.488281 0.457812 0.904688 0.508594 0.00134087
0 0.482031 0.557031 0.932813 0.742188 0.932617
1 0.485156 0.564062 0.93125 0.735937 0.0107346
0 0.277148 0.0880127 0.437109 0.165771 0.0105667
0 0.494531 0.325391 0.93125 0.247656 0.00486755
0 0.262695 0.115527 0.465234 0.205664 0.00322342
0 0.310547 0.361523 0.600781 0.283984 0.00277901
0 0.364648 0.123828 0.672266 0.225781 0.00190449
0 0.49375 0.146484 0.932813 0.275 0.0018177
0 0.720312 0.574609 0.478125 0.703906 0.00174141
0 0.248047 0.152148 0.478906 0.284766 0.00152493
0 0.489062 0.728125 0.917188 0.410937 0.00145531
0 0.619531 0.11748 0.698438 0.232617 0.00129414
0 0.488672 0.077832 0.935156 0.155078 0.00106907
0 0.996094 0.0366943 0.0078125 0.0733887 0.00104809
0 0.492578 0.581348 0.927344 0.718555 0.84668
1 0.492188 0.580859 0.9125 0.716406 0.169922
0 0.476953 0.280078 0.899219 0.175 0.00769424
0 0.522266 0.247656 0.282813 0.0578125 0.0027256
0 0.196533 0.533203 0.352246 0.627344 0.00213242
0 0.369727 0.274609 0.724609 0.155469 0.00127411
0 0.480469 0.208398 0.914062 0.187891 0.00124931
0 0.383594 0.108496 0.167969 0.133398 0.00117397
0 0.597266 0.56416 0.689844 0.674805 0.00101662
0 0.487891 0.591016 0.917969 0.677344 0.862305
1 0.4875 0.58125 0.90625 0.703125 0.00316048
0 0.483594 0.716016 0.901563 0.441406 0.00168705
0 0.490625 0.580566 0.921875 0.716992 0.90332
0 0.500781 0.245312 0.270312 0.0578125 0.0138474
1 0.501562 0.571973 0.951563 0.72793 0.00757599
0 0.135156 0.00727539 0.270312 0.0145508 0.00293541
0 0.317969 0.00855713 0.535937 0.0171143 0.00264168
0 0.735937 0.00770264 0.528125 0.0154053 0.00244331
0 0.812305 0.00738525 0.375391 0.0147705 0.00223351
0 0.642969 0.00776367 0.540625 0.0155273 0.00185299
1 0.500781 0.245312 0.270312 0.0578125 0.0017004
0 0.0793945 0.01073 0.158789 0.02146 0.00118351
0 0.116602 0.00854492 0.233203 0.0170898 0.00107288
0 0.544531 0.00777588 0.539062 0.0155518 0.00104427
0 0.419531 0.00837402 0.547656 0.016748 0.00101662
0 0.495313 0.570996 0.925 0.725195 0.914062
1 0.490625 0.585254 0.914062 0.713867 0.00488663
0 0.710938 0.568848 0.496875 0.69043 0.00268364
0 0.257422 0.558203 0.460938 0.714844 0.00195694
0 0.488281 0.575391 0.907812 0.733594 0.875977
1 0.488281 0.575391 0.907812 0.733594 0.00908661
0 0.502734 0.965625 0.228125 0.06875 0.00104809
0 0.487109 0.378223 0.841406 0.348242 0.00102425
0 0.483984 0.575098 0.908594 0.757617 0.92041
0 0.114453 0.00549316 0.228906 0.0109863 0.00107765
0 0.724219 0.00546875 0.332812 0.0109375 0.00103664
0 0.48125 0.580469 0.915625 0.748438 0.923828
1 0.4875 0.579297 0.925 0.744531 0.00286674
0 0.48125 0.580469 0.915625 0.748438 0.923828
1 0.4875 0.579297 0.925 0.744531 0.0028553
