0 0.476953 0.470996 0.633594 0.783008 0.475586
1 0.482422 0.467285 0.611719 0.756055 0.435791
0 0.50625 0.0267334 0.659375 0.0534668 0.00106907
0 0.609766 0.0188232 0.560156 0.0376465 0.00100422
1 0.49209 0.462891 0.637695 0.752344 0.869141
0 0.492188 0.465625 0.628125 0.75625 0.0437012
1 0.664844 0.538184 0.273438 0.595508 0.0110321
0 0.664844 0.538184 0.273438 0.595508 0.00653839
0 0.472656 0.503125 0.625 0.828125 0.67334
1 0.470703 0.468066 0.630469 0.763867 0.35498
0 0.453125 0.224609 0.622656 0.270312 0.00955963
0 0.846875 0.235742 0.298438 0.449609 0.00923157
0 0.805469 0.205664 0.378125 0.394922 0.00441742
0 0.439063 0.108203 0.835938 0.216406 0.00168133
0 0.78125 0.153711 0.43125 0.298438 0.00156689
0 0.88125 0.425391 0.228125 0.563281 0.00150108
0 0.146973 0.141211 0.284961 0.265234 0.00148392
0 0.996094 0.0375 0.0078125 0.075 0.0012064
0 0.871094 0.318164 0.248437 0.448828 0.00119209
0 0.514844 0.0825195 0.870313 0.165039 0.00117397
0 0.476562 0.0614746 0.878125 0.122949 0.00115585
0 0.813281 0.728906 0.364062 0.44375 0.00113773
0 0.464844 0.183789 0.701563 0.212891 0.00105286
0 0.355078 0.275732 0.345313 0.362598 0.00102043
0 0.996094 0.080835 0.0078125 0.152783 0.00101185
1 0.482422 0.471973 0.613281 0.743555 0.897461
0 0.483984 0.480078 0.625781 0.774219 0.0173035
1 0.485156 0.449316 0.621875 0.762305 0.941895
0 0.486816 0.459766 0.623242 0.739844 0.0136337
1 0.489844 0.462891 0.635938 0.764844 0.865234
0 0.488184 0.475 0.625195 0.782812 0.318359
0 0.134766 0.00727539 0.269531 0.0145508 0.00216484
0 0.812891 0.0072876 0.374219 0.0145752 0.00156116
0 0.762305 0.00760498 0.475391 0.01521 0.00118351
0 0.217773 0.00753174 0.435547 0.0150635 0.00109482
1 0.490527 0.471094 0.631445 0.760938 0.901855
0 0.482812 0.470703 0.61875 0.767969 0.174927
1 0.487891 0.46416 0.619531 0.754492 0.859863
0 0.486816 0.466797 0.626367 0.757031 0.0541992
1 0.484277 0.464844 0.625195 0.757812 0.90625
0 0.487891 0.467187 0.622656 0.759375 0.0136337
1 0.484277 0.471875 0.631445 0.748438 0.905762
0 0.485547 0.469531 0.641406 0.748438 0.00933838
1 0.484277 0.471191 0.631445 0.748242 0.905762
0 0.485547 0.469141 0.641406 0.747656 0.00963593
