0 0.445703 0.605078 0.638281 0.714844 0.681641
1 0.441797 0.601562 0.635938 0.734375 0.190063
1 0.740625 0.211768 0.496875 0.338184 0.0134277
1 0.742969 0.364453 0.492188 0.647656 0.0102921
0 0.740625 0.211768 0.496875 0.338184 0.00945282
1 0.723437 0.485547 0.525 0.885156 0.00772476
0 0.742969 0.364453 0.492188 0.647656 0.00494385
0 0.728906 0.4875 0.542188 0.890625 0.00403976
0 0.521191 0.621875 0.48418 0.645312 0.00255013
0 0.804492 0.5 0.391016 0.9 0.00246239
0 0.425 0.263672 0.04375 0.0992187 0.00201988
0 0.873438 0.507422 0.253125 0.914844 0.00150108
0 0.425 0.240234 0.04375 0.0421875 0.00137806
1 0.610937 0.483594 0.4875 0.901563 0.00126457
1 0.804492 0.5 0.391016 0.9 0.00115108
0 0.450879 0.58125 0.638867 0.765625 0.842773
0 0.735547 0.516406 0.528906 0.967188 0.0187225
0 0.621875 0.659766 0.285937 0.599219 0.00725937
0 0.712109 0.452734 0.416406 0.813281 0.0069046
0 0.327344 0.457422 0.403125 0.4 0.00614548
0 0.739844 0.310156 0.464063 0.529688 0.00588989
0 0.769336 0.515625 0.461328 0.96875 0.00568771
0 0.350391 0.609277 0.452344 0.714258 0.00551224
0 0.301221 0.569141 0.34209 0.630469 0.00540543
0 0.732813 0.222656 0.451562 0.353125 0.00380898
1 0.447266 0.564844 0.624219 0.810938 0.00290108
1 0.735547 0.516406 0.528906 0.967188 0.00271416
0 0.346436 0.778125 0.371191 0.382812 0.00217438
0 0.464844 0.796094 0.584375 0.348437 0.00198746
0 0.541797 0.666016 0.451562 0.608594 0.00174809
1 0.712109 0.452734 0.416406 0.813281 0.00132465
0 0.221094 0.510156 0.442187 0.953125 0.00121593
1 0.739844 0.310156 0.464063 0.529688 0.00109482
0 0.538672 0.485156 0.488281 0.914062 0.00100803
0 0.443848 0.602441 0.654492 0.729492 0.932129
0 0.388672 0.360156 0.638281 0.217187 0.021286
0 0.315625 0.144727 0.5875 0.274219 0.0138474
1 0.437109 0.60625 0.677344 0.728125 0.00757599
0 0.84043 0.503125 0.306641 0.892187 0.00682449
0 0.308203 0.19082 0.608594 0.378516 0.00518036
0 0.391797 0.399219 0.585156 0.291406 0.00448608
0 0.406348 0.114355 0.743555 0.227539 0.00439835
0 0.732813 0.290234 0.4875 0.4875 0.00333786
0 0.399121 0.216016 0.704883 0.378906 0.00237846
0 0.333594 0.492871 0.432813 0.470508 0.00225258
0 0.291016 0.46416 0.364844 0.404492 0.00183868
0 0.28208 0.605469 0.331152 0.682813 0.00183105
0 0.680078 0.332812 0.386719 0.5875 0.0015974
0 0.441504 0.719141 0.63418 0.488281 0.00132465
0 0.85332 0.449316 0.283984 0.618555 0.00104809
0 0.438672 0.610547 0.6375 0.688281 0.959961
1 0.438672 0.610547 0.6375 0.688281 0.0175171
0 0.277002 0.512891 0.309277 0.497656 0.0041008
0 0.430469 0.245703 0.0640625 0.0640625 0.00270462
0 0.617578 0.216992 0.635156 0.350391 0.00137806
0 0.442578 0.600879 0.630469 0.704492 0.941895
1 0.445996 0.600781 0.636133 0.704687 0.00157356
0 0.448828 0.610937 0.650781 0.709375 0.911621
1 0.448828 0.610937 0.650781 0.709375 0.00335121
0 0.15332 0.00737305 0.306641 0.0147461 0.00307465
0 0.25625 0.00759277 0.5125 0.0151855 0.0024147
0 0.206641 0.00761719 0.413281 0.0152344 0.00201988
0 0.342969 0.00765381 0.539844 0.0153076 0.00195694
0 0.695703 0.00770264 0.546094 0.0154053 0.00191212
0 0.425391 0.248047 0.05 0.0695312 0.00176811
0 0.762109 0.0072876 0.475781 0.0145752 0.00157356
0 0.443359 0.0076416 0.539844 0.0152832 0.00154305
0 0.814844 0.00698242 0.370313 0.0139648 0.00141048
0 0.594141 0.00765381 0.541406 0.0153076 0.00139427
0 0.339063 0.485156 0.05625 0.0625 0.00121593
0 0.426953 0.276563 0.0757812 0.0539063 0.0012064
0 0.0892578 0.0105713 0.178516 0.0211426 0.00108147
0 0.902344 0.0662598 0.1875 0.131348 0.00107288
0 0.118066 0.00847168 0.236133 0.0169434 0.00103188
0 0.448828 0.604004 0.646094 0.713867 0.905762
0 0.892969 0.357617 0.214062 0.437891 0.00387001
0 0.87168 0.403223 0.237891 0.54668 0.00213242
0 0.928125 0.344141 0.14375 0.424219 0.00162315
0 0.446875 0.601562 0.645312 0.714063 0.829102
1 0.445312 0.596484 0.646094 0.722656 0.00167465
0 0.884375 0.460156 0.221875 0.646875 0.00116062
0 0.447656 0.602441 0.640625 0.720117 0.919922
0 0.448438 0.607715 0.65625 0.70957 0.940918
0 0.868555 0.537891 0.237891 0.824219 0.00144386
0 0.0732422 0.507812 0.146484 0.94375 0.00112915
0 0.448438 0.607715 0.65625 0.70957 0.940918
0 0.868555 0.538281 0.237891 0.825 0.00146103
0 0.0732422 0.507812 0.146484 0.94375 0.0011425
