0 0.548535 0.548828 0.624805 0.752344 0.516602
1 0.548828 0.547266 0.624219 0.755469 0.501953
0 0.516797 0.231836 0.885156 0.463672 0.00168133
0 0.536328 0.111328 0.824219 0.222656 0.00133514
0 0.410547 0.542578 0.339063 0.724219 0.0011425
1 0.56084 0.553906 0.633008 0.764063 0.888672
0 0.559375 0.555078 0.63125 0.767969 0.0726318
1 0.737109 0.671094 0.261719 0.507812 0.00619125
0 0.737109 0.671094 0.261719 0.507812 0.00284576
1 0.485938 0.766016 0.473437 0.317969 0.00103188
0 0.725 0.577734 0.284375 0.680469 0.00102043
0 0.548047 0.551562 0.644531 0.75625 0.683594
1 0.551172 0.548047 0.649219 0.766406 0.37207
0 0.525781 0.314258 0.626562 0.279297 0.00441742
0 0 0.704687 0 0.135937 0.00187492
0 0 0.679688 0 0.135937 0.00185299
0 0 0.729297 0 0.135156 0.00185299
0 0 0.754297 0 0.135156 0.00179577
0 0 0.654688 0 0.135937 0.00179577
0 0 0.253906 0 0.135156 0.00178242
0 0 0.778906 0 0.135937 0.00176811
0 0 0.291602 0 0.135156 0.00175476
0 0 0.816406 0 0.135937 0.00175476
0 0 0.878906 0 0.132812 0.00174141
0 0.514453 0.270898 0.657031 0.195703 0.00173378
0 0 0.854688 0 0.134375 0.0017271
0 0 0.316797 0 0.135156 0.0017271
0 0 0.228906 0 0.135547 0.00172043
0 0 0.203955 0 0.13584 0.00167465
0 0 0.341797 0 0.135156 0.00167465
0 0 0.178711 0 0.135937 0.00162888
0 0 0.366797 0 0.135156 0.00162315
0 0 0.629687 0 0.135937 0.00161076
0 0 0.153711 0 0.135937 0.0015974
0 0 0.904688 0 0.13125 0.00154877
0 0 0.391797 0 0.135156 0.00148964
0 0.994531 0.0859619 0.0109375 0.121826 0.00148964
0 0 0.604297 0 0.135156 0.00148964
0 0 0.128711 0 0.136328 0.00148392
0 0 0.0671875 0 0.134375 0.00146103
0 9.76563e-05 0.93125 0.000195313 0.13125 0.00146103
0 0 0.0547852 0 0.10957 0.00140476
0 0 0.0916016 0 0.135937 0.00139904
0 4.88281e-05 0.0298828 9.76563e-05 0.0597656 0.00139904
0 0 0.416797 0 0.134375 0.00137806
0 0 0.579297 0 0.135156 0.00134563
0 0 0.441797 0 0.134375 0.00127411
0 0 0.554297 0 0.135156 0.00126457
0 0 0.466406 0 0.134375 0.0012064
0 0.924219 0.042627 0.148438 0.0852539 0.00119686
0 0 0.529297 0 0.135156 0.00118828
0 0 0.491406 0 0.134375 0.00117874
0 0.996094 0.107324 0.0078125 0.139258 0.0011158
0 0.374414 0.727344 0.266016 0.389062 0.00110722
0 0.992969 0.0883789 0.0140625 0.0798828 0.00106049
0 0.973437 0.0941406 0.053125 0.0410156 0.00102425
1 0.54375 0.552441 0.632812 0.748242 0.895508
0 0.544922 0.552441 0.622656 0.757617 0.0212097
1 0.551562 0.538965 0.61875 0.758008 0.926758
0 0.545703 0.541797 0.622656 0.738281 0.0220795
1 0.554688 0.548828 0.635938 0.758594 0.872559
0 0.55459 0.557813 0.637695 0.771875 0.206909
0 0.15293 0.00742187 0.305859 0.0148437 0.00237846
0 0.888281 0.0453003 0.21875 0.0898682 0.00188255
0 0.812305 0.00733643 0.375391 0.0146729 0.00159168
0 0.719141 0.00760498 0.541406 0.01521 0.00156689
0 0.294141 0.00755615 0.539844 0.0151123 0.00144386
0 0.232422 0.00758057 0.464844 0.0151611 0.00137806
0 0.619531 0.00759277 0.539062 0.0151855 0.00133038
0 0.394434 0.00754395 0.537695 0.0150879 0.00120163
0 0.519629 0.00758057 0.537305 0.0151611 0.00102043
1 0.552441 0.551172 0.635742 0.752344 0.88916
0 0.551172 0.55791 0.632031 0.766992 0.161621
1 0.554785 0.554688 0.624805 0.751562 0.854492
0 0.547754 0.552344 0.637305 0.7625 0.222656
1 0.555371 0.554004 0.623633 0.76543 0.893555
0 0.556152 0.548828 0.625195 0.766406 0.0403137
1 0.550781 0.553125 0.640625 0.75 0.88623
0 0.548828 0.550781 0.636719 0.754687 0.0888062
1 0.550781 0.553125 0.640625 0.75 0.885742
0 0.548828 0.550781 0.636719 0.754687 0.0912476
