1 0.553125 0.561719 0.745313 0.832812 0.624512
0 0.553125 0.561719 0.745313 0.832812 0.367432
0 0.549219 0.0195801 0.839063 0.0391602 0.00133038
0 0.521094 0.0529297 0.882812 0.105859 0.00112057
1 0.560547 0.572656 0.757031 0.854688 0.926758
0 0.560547 0.572656 0.757031 0.854688 0.00821686
1 0.811133 0.685938 0.271484 0.60625 0.00340271
1 0.561719 0.854688 0.717188 0.28125 0.00291252
1 0.423047 0.817969 0.449219 0.351562 0.00156116
1 0.554688 0.565625 0.764063 0.834375 0.878906
0 0.556152 0.557422 0.75957 0.827344 0.0423279
0 0.541406 0.276758 0.776563 0.272266 0.00227928
1 0.541406 0.276758 0.776563 0.272266 0.00182438
0 0 0.0606934 0 0.121387 0.00126934
0 0 0.754297 0 0.135156 0.00126934
0 0 0.729297 0 0.135156 0.00125504
0 0 0.778906 0 0.135937 0.00125504
0 7.32422e-05 0.0295898 0.000146484 0.0591797 0.00122547
0 0 0.803906 0 0.135937 0.0012207
0 0 0.828906 0 0.135937 0.00120163
0 0 0.0484375 0 0.096875 0.00118828
0 0 0.879687 0 0.134375 0.00118828
0 0 0.704687 0 0.134375 0.00118828
0 0 0.853906 0 0.135937 0.0011692
0 0 0.0792969 0 0.133594 0.00116539
0 0 0.679688 0 0.134375 0.00113392
0 0 0.917188 0 0.13125 0.00109005
0 0 0.654688 0 0.134375 0.00108147
0 0.435547 0.297217 0.510156 0.300879 0.00107288
0 0 0.104004 0 0.134375 0.00104809
0 0 0.129004 0 0.13418 0.00104427
0 0.995313 0.084668 0.009375 0.125586 0.00104427
0 0 0.940234 0 0.119531 0.00104046
0 0 0.154004 0 0.13418 0.00102425
0 0.994531 0.0839844 0.0109375 0.0947266 0.00102043
0 0 0.179102 0 0.133594 0.00101662
0 0 0.204102 0 0.133594 0.00101662
0 0 0.229346 0 0.133496 0.00101185
1 0.554004 0.582031 0.751367 0.832812 0.915039
0 0.555078 0.574219 0.752344 0.839063 0.00194168
1 0.561816 0.558594 0.760742 0.870313 0.933594
1 0.558496 0.377734 0.767383 0.473437 0.0108185
1 0.560547 0.567969 0.763281 0.854688 0.936523
0 0.152441 0.0072998 0.304883 0.0145996 0.00212479
0 0.555859 0.564844 0.758594 0.859375 0.00189686
0 0.890625 0.0437012 0.215625 0.0860352 0.00152493
0 0.813672 0.00721436 0.372656 0.0144287 0.00145531
1 0.562891 0.429688 0.761719 0.586719 0.00126457
0 0.71875 0.00755615 0.535937 0.0151123 0.00114727
0 0.230859 0.00734863 0.461719 0.0146973 0.00113773
0 0.318359 0.00742187 0.533594 0.0148437 0.00104046
1 0.565723 0.561719 0.745117 0.845312 0.904785
1 0.359375 0.567969 0.353125 0.845312 0.0571899
1 0.559375 0.564844 0.753125 0.857813 0.890137
1 0.557031 0.389844 0.757812 0.50625 0.00503922
1 0.539062 0.288281 0.821875 0.301562 0.00192642
0 0.557422 0.568359 0.757031 0.863281 0.00169373
1 0.564844 0.566797 0.754687 0.866406 0.903809
1 0.401953 0.564453 0.434375 0.858594 0.00318527
1 0.55625 0.565625 0.760938 0.851562 0.930176
0 0.558984 0.569531 0.764844 0.853125 0.0030632
1 0.556348 0.565625 0.760742 0.851562 0.930176
0 0.558984 0.569141 0.764844 0.853906 0.00311089
