0 0.552246 0.660254 0.764258 0.670117 0.872559
1 0.552246 0.660254 0.764258 0.670117 0.0306244
0 0.732031 0.191846 0.375 0.197559 0.00898743
0 0.685156 0.666797 0.523438 0.625781 0.00605011
0 0.697656 0.184375 0.282813 0.180469 0.00282288
0 0.727344 0.292236 0.414062 0.393652 0.00220871
0 0.723437 0.401563 0.415625 0.613281 0.00194168
0 0.748438 0.628516 0.396875 0.585156 0.00176811
0 0.582715 0.020752 0.742383 0.0415039 0.00130463
0 0.35918 0.644922 0.369141 0.632031 0.00115585
1 0.732031 0.191846 0.375 0.197559 0.00107765
0 0.562109 0.660156 0.764844 0.675 0.934082
0 0.814844 0.661719 0.265625 0.660937 0.0747681
0 0.445703 0.651172 0.532031 0.638281 0.00834656
0 0.433203 0.534375 0.500781 0.398438 0.0068512
0 0.529688 0.542578 0.69375 0.430469 0.00664139
0 0.451172 0.817187 0.492969 0.357812 0.00434875
0 0.279297 0.507031 0.558594 0.985937 0.00366402
0 0.816406 0.758984 0.253125 0.477344 0.00296974
0 0.372461 0.813281 0.308984 0.36875 0.00210762
0 0.564941 0.799219 0.745117 0.392188 0.00198746
0 0.718359 0.641797 0.450781 0.628906 0.00148964
1 0.561035 0.660254 0.762305 0.670117 0.00115585
0 0.4 0.785156 0.426562 0.417188 0.00113392
0 0.775781 0.609473 0.334375 0.582617 0.00106049
0 0.551562 0.657812 0.809375 0.684375 0.94873
0 0.517578 0.469629 0.733594 0.285742 0.0100098
1 0.550781 0.655469 0.773438 0.689062 0.00518036
0 0.723437 0.184326 0.360938 0.161035 0.00516129
0 0.753125 0.200586 0.434375 0.191797 0.00331116
0 0.482031 0.194531 0.764063 0.348828 0.00298119
0 0.361719 0.202002 0.504687 0.339746 0.00232315
0 0.450781 0.502344 0.564062 0.344531 0.00230598
0 0.742188 0.660937 0.41875 0.678125 0.00225258
0 0.683203 0.194336 0.258594 0.189844 0.00223351
0 0.530469 0.426172 0.801562 0.207031 0.00218201
0 0.523438 0.180176 0.839063 0.360352 0.00190449
0 0.923437 0.036084 0.153125 0.072168 0.00185299
0 0.723047 0.226953 0.366406 0.240234 0.00145531
0 0.419531 0.175781 0.61875 0.351562 0.00141048
0 0 0.0550781 0 0.110156 0.00136662
0 1.2207e-05 0.0297852 2.44141e-05 0.0595703 0.00135136
0 0 0.067334 0 0.134668 0.00131512
0 0.546094 0.766016 0.74375 0.467969 0.00130463
0 0.530859 0.256055 0.819531 0.342578 0.00129414
0 0.995313 0.0733398 0.009375 0.123242 0.00119686
0 0 0.0911133 0 0.137109 0.00117874
0 0 0.11582 0 0.1375 0.0011425
0 0 0.14082 0 0.1375 0.00113773
0 0 0.16582 0 0.137109 0.00109863
0 0.974219 0.0671875 0.0515625 0.021875 0.00108624
0 0 0.19082 0 0.137109 0.00104809
0 0.530469 0.192969 0.723437 0.259375 0.00104046
0 0 0.215967 0 0.136816 0.00102425
0 0 0.678906 0 0.135937 0.00100803
0 0 0.716406 0 0.1375 0.00100803
0 0 0.241016 0 0.136719 0.00100422
0 0.554297 0.666406 0.760156 0.667188 0.95459
1 0.550684 0.665234 0.75957 0.669531 0.0220337
0 0.350195 0.638672 0.352734 0.613281 0.00148964
0 0.558594 0.658203 0.764063 0.683594 0.936523
0 0.435937 0.99375 0.303125 0.0125 0.00282288
1 0.561328 0.657812 0.757031 0.684375 0.0015974
0 0.658203 0.993359 0.396094 0.0132813 0.00139904
0 0.568359 0.994141 0.433594 0.0117188 0.00113392
0 0.567871 0.6625 0.787695 0.675 0.921875
0 0.153516 0.00732422 0.307031 0.0146484 0.00233269
0 0.26875 0.00703125 0.5375 0.0140625 0.0017004
0 0.814844 0.00689697 0.370313 0.0137939 0.00163555
1 0.567285 0.661621 0.78418 0.676758 0.00156116
0 0.763086 0.00722656 0.473828 0.0144531 0.00143242
0 0.219141 0.00717773 0.438281 0.0143555 0.00142097
0 0.694141 0.0072876 0.535156 0.0145752 0.00133038
0 0.368555 0.00697021 0.533203 0.0139404 0.00132465
0 0.594141 0.0072876 0.530469 0.0145752 0.0012598
0 0.494531 0.00726318 0.528906 0.0145264 0.00111198
0 0.56709 0.656738 0.770508 0.686523 0.922852
0 0.738281 0.645996 0.420312 0.668945 0.00124931
0 0.55791 0.655469 0.768555 0.689062 0.882812
1 0.55791 0.655469 0.768555 0.689062 0.00324821
0 0.566016 0.650781 0.761719 0.698438 0.917969
0 0.561719 0.659766 0.776563 0.680469 0.945312
1 0.561719 0.659766 0.776563 0.680469 0.00126457
0 0.561719 0.659766 0.776563 0.680469 0.945312
1 0.561719 0.659766 0.776563 0.680469 0.00126934
