1 0.597266 0.546094 0.719531 0.851562 0.574707
0 0.603027 0.546875 0.731445 0.85625 0.361084
0 0.538672 0.0273438 0.813281 0.0546875 0.00119209
0 0.438281 0.932813 0.692187 0.134375 0.00101185
0 0.524219 0.0620117 0.867188 0.124023 0.00100803
1 0.590625 0.553906 0.703125 0.848437 0.872559
0 0.590625 0.553906 0.703125 0.848437 0.0913696
1 0.619141 0.825781 0.588281 0.301562 0.00174809
0 0.599219 0.547656 0.742188 0.845312 0.748535
1 0.603906 0.548437 0.739062 0.848437 0.236572
0 0.221875 0.711719 0.292578 0.409375 0.00323486
0 0.481641 0.289648 0.489844 0.339453 0.00246239
0 0.555469 0.260205 0.673437 0.27959 0.00189686
0 0 0.253906 0 0.136719 0.00160408
0 0 0.228955 0 0.136621 0.00159168
0 0 0.291406 0 0.136719 0.00158501
0 0 0.203711 0 0.136719 0.00157356
0 0 0.316406 0 0.136719 0.00156116
0 0 0.178906 0 0.136719 0.00153637
0 0 0.341406 0 0.136719 0.00152493
0 0 0.153809 0 0.136914 0.00150108
0 0 0.366406 0 0.136719 0.0014782
0 0 0.128735 0 0.137061 0.00142097
0 0 0.067334 0 0.134668 0.00141048
0 0 0.0914307 0 0.13667 0.00136662
0 0.603516 0.736719 0.719531 0.473437 0.00133038
0 0 0.391406 0 0.136719 0.00131989
0 0 0.0549316 0 0.109863 0.00129414
0 2.44141e-05 0.0298584 4.88281e-05 0.0597168 0.00129414
0 0 0.828906 0 0.135937 0.00119686
0 0 0.716797 0 0.135156 0.00119686
0 0 0.416309 0 0.136133 0.00117874
0 0 0.692187 0 0.135937 0.00117874
0 0 0.804883 0 0.137109 0.00117874
0 0 0.741406 0 0.135937 0.0011692
0 0 0.666797 0 0.135156 0.0011692
0 0 0.866406 0 0.134375 0.0011692
0 0 0.778906 0 0.135937 0.00115585
0 0 0.892187 0 0.13125 0.00108624
0 0 0.641406 0 0.135937 0.00107288
0 0 0.441309 0 0.136133 0.00104809
0 0.215039 0.596094 0.298047 0.659375 0.00102425
0 0.514063 0.344141 0.540625 0.446094 0.00101662
1 0.603125 0.554688 0.707812 0.84375 0.90332
0 0.605859 0.557031 0.713281 0.854688 0.00445175
1 0.615625 0.542188 0.70625 0.871875 0.924316
1 0.583984 0.399902 0.699219 0.575195 0.00638962
0 0.611621 0.544922 0.706445 0.857031 0.00176144
1 0.610254 0.553516 0.731055 0.867969 0.857422
0 0.609375 0.55625 0.715625 0.860937 0.0469055
0 0.152637 0.00736084 0.305273 0.0147217 0.00245285
1 0.586328 0.417285 0.688281 0.598242 0.00173378
0 0.813672 0.00733643 0.372656 0.0146729 0.00112438
0 0.24375 0.00742187 0.4875 0.0148437 0.00108624
1 0.603516 0.549609 0.692969 0.849219 0.92334
1 0.421484 0.557031 0.335938 0.853125 0.00443268
0 0.601562 0.550781 0.69375 0.851562 0.00168133
1 0.612402 0.547656 0.712695 0.857813 0.870605
0 0.612402 0.547656 0.712695 0.857813 0.0248413
1 0.595312 0.365039 0.685938 0.506641 0.00209999
1 0.6 0.546484 0.696875 0.857031 0.912109
0 0.6 0.546484 0.696875 0.857031 0.00251198
1 0.417969 0.540625 0.323438 0.834375 0.00143242
0 0.890625 0.0422729 0.21875 0.0814697 0.00117874
1 0.605078 0.551562 0.716406 0.846875 0.893066
0 0.60625 0.551562 0.714063 0.845312 0.0236053
1 0.605078 0.551562 0.716406 0.846875 0.892578
0 0.606152 0.551562 0.714258 0.845312 0.0240479
