1 0.553906 0.580859 0.7375 0.822656 0.780762
0 0.553906 0.580859 0.7375 0.822656 0.290283
0 0.682031 0.575781 0.504687 0.798437 0.00152493
1 0.682031 0.575781 0.504687 0.798437 0.00127888
0 0.427734 0.590234 0.460156 0.819531 0.00109005
0 0.566406 0.0488281 0.79375 0.0976562 0.00103664
1 0.569531 0.590234 0.729688 0.819531 0.935547
0 0.569531 0.590234 0.729688 0.819531 0.00775528
1 0.80625 0.694531 0.26875 0.604688 0.00466537
1 0.680469 0.596875 0.492188 0.80625 0.00226974
1 0.574609 0.857617 0.696094 0.275391 0.00198746
1 0.849219 0.655078 0.179688 0.689844 0.00153637
0 0.80625 0.694531 0.26875 0.604688 0.0012598
1 0.5625 0.592969 0.728125 0.8125 0.839844
0 0.560254 0.580859 0.745117 0.797656 0.0125732
0 0 0.817383 0 0.137109 0.00162888
0 0 0.741797 0 0.135156 0.0015974
0 0 0.716797 0 0.135156 0.00159168
0 0 0.841406 0 0.135937 0.00157356
0 0 0.791406 0 0.135937 0.00157356
0 0 0.766797 0 0.135156 0.00157356
0 0 0.692187 0 0.134375 0.00156116
0 0 0.866406 0 0.135937 0.0015192
0 0 0.667188 0 0.134375 0.00150108
0 0 0.891406 0 0.132812 0.00144386
0 9.76563e-05 0.0296875 0.000195313 0.059375 0.00135136
0 0 0.642187 0 0.134375 0.00135136
0 0 0.0671387 0 0.133691 0.00135136
0 0 0.254297 0 0.133594 0.00133514
0 0 0.279297 0 0.133594 0.00132465
0 0 0.304297 0 0.133594 0.00132465
0 0 0.917188 0 0.132812 0.00132465
0 0 0.229297 0 0.133984 0.00132465
0 0 0.204102 0 0.133984 0.00130463
0 0 0.0544922 0 0.108984 0.00130463
0 0 0.329297 0 0.133594 0.00129414
0 0 0.179346 0 0.134277 0.00127888
0 0 0.154102 0 0.134375 0.00126457
0 0 0.0919678 0 0.134033 0.00125504
0 0 0.354492 0 0.133984 0.00125504
0 0.994531 0.0902588 0.0109375 0.106201 0.00123501
0 0 0.129102 0 0.134375 0.00123501
0 0 0.939844 0 0.120312 0.00121117
0 0 0.617188 0 0.134375 0.00119686
0 0 0.379297 0 0.133594 0.00119686
0 0 0.404297 0 0.133594 0.0011034
0 0 0.592188 0 0.134375 0.00107288
0 0.440625 0.319922 0.492969 0.274219 0.00105667
0 0 0.42959 0 0.133008 0.00105667
1 0.565234 0.595703 0.713281 0.808594 0.915039
1 0.339844 0.574219 0.267969 0.782812 0.00119686
0 0.569434 0.592188 0.712695 0.8 0.00102425
1 0.579687 0.583594 0.703125 0.832812 0.935547
1 0.562109 0.427344 0.735156 0.482812 0.00588989
0 0.573047 0.592578 0.711719 0.805469 0.00109482
1 0.570312 0.590234 0.721875 0.819531 0.906738
0 0.152832 0.00736084 0.305664 0.0147217 0.00211525
0 0.888281 0.0456909 0.21875 0.0900635 0.00189686
0 0.573438 0.589844 0.73125 0.820312 0.00185299
0 0.812305 0.00738525 0.375391 0.0147705 0.00176811
0 0.719141 0.0076416 0.542969 0.0152832 0.00160408
0 0.619141 0.00762939 0.539844 0.0152588 0.00134563
0 0.319141 0.00751953 0.539062 0.0150391 0.00124454
0 0.244922 0.00754395 0.489844 0.0150879 0.00117397
1 0.57666 0.582422 0.70293 0.810156 0.905273
1 0.379687 0.584766 0.335156 0.811719 0.0567627
1 0.571484 0.587109 0.707031 0.825781 0.89502
0 0.568359 0.588281 0.708594 0.821875 0.00359344
1 0.570703 0.5875 0.711719 0.825 0.911621
1 0.378906 0.586328 0.338281 0.817969 0.00140476
1 0.566797 0.590625 0.725781 0.81875 0.918945
1 0.56709 0.590625 0.725195 0.81875 0.918945
