0 0.533594 0.476562 0.832812 0.904688 0.637207
1 0.533594 0.476562 0.832812 0.904688 0.374756
0 0.711328 0.375781 0.486719 0.673437 0.00324821
0 0.873438 0.2 0.253125 0.346484 0.00305176
0 0.845898 0.239063 0.308203 0.425 0.00266266
0 0.519141 0.964063 0.866406 0.071875 0.00224304
0 0.794141 0.252148 0.411719 0.458203 0.00162315
0 0.7625 0.458594 0.389062 0.63125 0.00161648
1 0.845898 0.239063 0.308203 0.425 0.00143242
1 0.711328 0.375781 0.486719 0.673437 0.00130463
0 0.914062 0.181299 0.171875 0.309277 0.00129414
1 0.788281 0.298828 0.423438 0.547656 0.00115585
1 0.873438 0.2 0.253125 0.346484 0.00113773
1 0.519141 0.964063 0.866406 0.071875 0.00107288
0 0.971094 0.640234 0.0578125 0.289844 0.00100803
0 0.539062 0.480859 0.8375 0.916406 0.88623
1 0.539062 0.480859 0.8375 0.916406 0.0938721
1 0.823633 0.416797 0.343359 0.788281 0.00335121
0 0.823633 0.416797 0.343359 0.788281 0.00213242
0 0.400684 0.466406 0.56582 0.932813 0.00196457
0 0.276172 0.480859 0.314844 0.913281 0.00175476
0 0.820117 0.599902 0.278516 0.623633 0.00148392
0 0.49375 0.733594 0.721875 0.38125 0.0014267
0 0.57666 0.772266 0.75293 0.311719 0.00137234
1 0.8625 0.29707 0.270312 0.543359 0.00102043
0 0.528125 0.475 0.865625 0.89375 0.9375
1 0.522656 0.476953 0.88125 0.899219 0.0110703
0 0.856055 0.178564 0.281641 0.29209 0.00963593
0 0.513281 0.162305 0.876562 0.276953 0.00418091
0 0.51875 0.6625 0.865625 0.535937 0.00254059
0 0.864062 0.260352 0.271875 0.459766 0.00225258
0 0.514063 0.111816 0.93125 0.223633 0.00219154
0 0.151953 0.10752 0.301172 0.207227 0.00139427
0 0.111328 0.141406 0.215625 0.271094 0.00130463
0 0.995313 0.0394531 0.009375 0.0789063 0.00105667
0 0.829883 0.218945 0.327734 0.381641 0.00103664
0 0.994531 0.0501465 0.0109375 0.100293 0.00100803
0 0.532812 0.490625 0.81875 0.914062 0.912598
1 0.530859 0.489062 0.822656 0.90625 0.0457764
0 0.8875 0.213086 0.221875 0.366016 0.00568771
0 0.871875 0.109204 0.253125 0.162061 0.00273705
0 0.295508 0.539453 0.362109 0.792969 0.00186729
0 0.920313 0.235156 0.159375 0.405469 0.0018177
0 0.911719 0.179492 0.176563 0.301953 0.00163555
1 0.8875 0.213086 0.221875 0.366016 0.00126457
0 0.320898 0.321094 0.375391 0.583594 0.00100803
0 0.540625 0.475391 0.840625 0.921094 0.777832
1 0.548437 0.473047 0.828125 0.911719 0.455078
0 0.876953 0.183643 0.246094 0.310059 0.00110722
1 0.86875 0.201172 0.2625 0.345313 0.00100803
0 0.542969 0.484375 0.846875 0.9125 0.930664
0 0.861133 0.180469 0.277734 0.316016 0.076416
0 0.9125 0.213867 0.175 0.381641 0.0150757
1 0.875781 0.178711 0.248437 0.312891 0.00477219
0 0.947266 0.25957 0.105469 0.473047 0.00411606
1 0.543359 0.466797 0.841406 0.896094 0.00349617
0 0.13457 0.0072998 0.269141 0.0145996 0.00211525
0 0.536328 0.279297 0.824219 0.525781 0.00170708
0 0.876367 0.128906 0.247266 0.226953 0.0017004
1 0.9125 0.213867 0.175 0.381641 0.00158501
0 0.548437 0.473437 0.840625 0.896875 0.913574
0 0.882031 0.173926 0.235938 0.292773 0.0428162
1 0.882031 0.173926 0.235938 0.292773 0.0111618
0 0.907422 0.243945 0.185156 0.419141 0.00473785
1 0.544531 0.482031 0.839063 0.901563 0.0045929
0 0.881836 0.107031 0.236328 0.160156 0.00225258
0 0.35 0.470313 0.448438 0.884375 0.00206757
0 0.532812 0.298633 0.828125 0.554297 0.00146675
1 0.907422 0.243945 0.185156 0.419141 0.00127411
0 0.938281 0.278711 0.123438 0.387109 0.00121593
0 0.539062 0.48125 0.83125 0.917188 0.880371
0 0.885938 0.136328 0.228125 0.221875 0.00878143
1 0.540625 0.48125 0.810938 0.915625 0.00524139
0 0.889063 0.228125 0.221875 0.404687 0.00222588
0 0.537891 0.286719 0.833594 0.532812 0.00122547
0 0.541406 0.476953 0.829687 0.908594 0.922363
1 0.540625 0.479688 0.820312 0.921875 0.0115967
0 0.351758 0.474609 0.460547 0.899219 0.00123501
0 0.877734 0.108032 0.244531 0.163232 0.0012207
0 0.5375 0.472656 0.834375 0.890625 0.9375
1 0.533203 0.480469 0.833594 0.904688 0.00584412
0 0.0723633 0.498437 0.144727 0.928125 0.00492477
0 0.203906 0.507422 0.407813 0.947656 0.00226021
0 0.89375 0.272266 0.207813 0.489844 0.00163555
0 0.5375 0.473437 0.834375 0.890625 0.9375
1 0.533203 0.480469 0.833594 0.904688 0.00570679
0 0.0722656 0.498437 0.144531 0.928125 0.00502014
0 0.202734 0.507031 0.405469 0.948438 0.00229645
0 0.89375 0.272266 0.207813 0.489844 0.00164223
