0 0.503125 0.523047 0.903125 0.828906 0.63623
1 0.504687 0.521484 0.903125 0.847656 0.386719
0 0.681641 0.519922 0.560156 0.785156 0.00189686
0 0.401563 0.101855 0.0914062 0.0947266 0.00157356
0 0.749609 0.509277 0.432031 0.67832 0.0011158
0 0.557813 0.0199219 0.796875 0.0398437 0.0011158
1 0.401563 0.101855 0.0914062 0.0947266 0.00108147
1 0.681641 0.519922 0.560156 0.785156 0.00103188
1 0.533203 0.538672 0.921094 0.847656 0.871582
0 0.533203 0.538672 0.921094 0.847656 0.156372
1 0.446875 0.818945 0.732813 0.283984 0.00135136
1 0.839063 0.673828 0.25 0.517969 0.0011158
1 0.494531 0.534375 0.948438 0.815625 0.665527
0 0.499219 0.526563 0.942187 0.821875 0.430176
0 0.287109 0.301562 0.496094 0.35 0.00127888
1 0.507031 0.544141 0.895312 0.821094 0.914551
0 0.504687 0.535937 0.898438 0.814062 0.00769424
1 0.514063 0.536719 0.9 0.84375 0.862793
0 0.512891 0.530859 0.910156 0.838281 0.0883179
1 0.504687 0.386328 0.914062 0.551562 0.00178242
1 0.511719 0.528516 0.926562 0.861719 0.894531
0 0.517578 0.535547 0.932031 0.847656 0.0520325
0 0.134668 0.00736084 0.269336 0.0147217 0.0018034
0 0.813086 0.00740967 0.373828 0.0148193 0.00113392
0 0.71875 0.00771484 0.539062 0.0154297 0.00105286
1 0.517187 0.536719 0.920313 0.84375 0.930176
1 0.510156 0.383496 0.920313 0.53457 0.00217438
0 0.510547 0.533594 0.922656 0.832812 0.00181007
1 0.511719 0.241016 0.91875 0.247266 0.00108624
1 0.517187 0.534375 0.901563 0.829687 0.898926
0 0.517187 0.534375 0.901563 0.829687 0.00985718
1 0.5125 0.337109 0.909375 0.435156 0.00748825
1 0.0366455 0.540625 0.073291 0.85 0.00199509
1 0.513281 0.727734 0.898438 0.460156 0.00126934
1 0.507812 0.255811 0.915625 0.275879 0.00110722
1 0.510938 0.536328 0.903125 0.839844 0.898438
0 0.514063 0.533203 0.8875 0.849219 0.0168457
1 0.510156 0.534766 0.901563 0.830469 0.922852
0 0.501562 0.536719 0.898438 0.8375 0.0111618
1 0.258594 0.494531 0.517187 0.94375 0.00148964
1 0.510156 0.534766 0.901563 0.830469 0.922852
0 0.501953 0.536328 0.899219 0.836719 0.011116
1 0.258398 0.494531 0.516797 0.94375 0.0014782
