1 0.51875 0.501172 0.809375 0.882031 0.840332
0 0.51875 0.501172 0.809375 0.882031 0.161865
0 0.544531 0.0162109 0.770312 0.0324219 0.00109005
1 0.715625 0.478223 0.467187 0.787305 0.00101185
1 0.558984 0.517578 0.864844 0.885156 0.917969
0 0.545703 0.494141 0.849219 0.877344 0.0131226
1 0.438672 0.490234 0.651563 0.917969 0.00103664
1 0.811719 0.705078 0.273438 0.466406 0.00101662
1 0.519141 0.500781 0.860156 0.864062 0.828613
0 0.526563 0.500391 0.848437 0.852344 0.0241394
0 0.120215 0.140723 0.234961 0.269336 0.0039444
0 0.159082 0.108203 0.313086 0.205078 0.0016613
0 0.177539 0.138672 0.355078 0.264453 0.00108624
1 0.529297 0.514063 0.803906 0.895312 0.931641
0 0.529297 0.514063 0.803906 0.895312 0.00121593
1 0.208936 0.516406 0.189941 0.901563 0.00115585
1 0.542188 0.507812 0.840625 0.885938 0.933594
1 0.533984 0.290234 0.825781 0.460156 0.00643921
0 0.542969 0.503125 0.823438 0.884375 0.00168705
1 0.532422 0.511719 0.827344 0.898438 0.922363
0 0.532422 0.511719 0.827344 0.898438 0.00234985
0 0.134766 0.00736084 0.269531 0.0147217 0.00206757
1 0.535156 0.296289 0.814062 0.471484 0.0012207
0 0.812891 0.00742187 0.374219 0.0148437 0.00103664
1 0.538281 0.503906 0.828125 0.882812 0.923828
1 0.539844 0.324023 0.839063 0.543359 0.00181007
0 0.537891 0.495313 0.833594 0.859375 0.00150108
1 0.535156 0.505469 0.820312 0.885938 0.909668
1 0.535156 0.289844 0.839063 0.467969 0.00703812
0 0.533203 0.512109 0.825781 0.872656 0.00579834
1 0.5375 0.196484 0.9 0.2875 0.00432968
1 0.527344 0.145313 0.904688 0.186719 0.00138855
1 0.538281 0.5125 0.823438 0.890625 0.913574
0 0.538281 0.5125 0.823438 0.890625 0.00321007
1 0.295264 0.505859 0.366504 0.883594 0.00176144
1 0.531641 0.510938 0.819531 0.890625 0.918457
0 0.530078 0.509375 0.819531 0.89375 0.00257111
1 0.532031 0.510938 0.820312 0.890625 0.918457
0 0.530078 0.509375 0.819531 0.89375 0.00260162
