1 0.509766 0.476172 0.814844 0.816406 0.915527
0 0.509766 0.476172 0.814844 0.816406 0.122131
1 0.661719 0.449219 0.548437 0.745313 0.0012846
0 0.562891 0.0157715 0.738281 0.031543 0.00107765
1 0.534766 0.486328 0.857031 0.822656 0.909668
0 0.535547 0.481641 0.875781 0.805469 0.00743103
1 0.807813 0.577734 0.273438 0.577344 0.00305176
1 0.680469 0.449219 0.501562 0.754687 0.00142097
1 0.487598 0.751953 0.724805 0.282031 0.00128937
1 0.503125 0.480469 0.85625 0.804688 0.89502
0 0.503516 0.483594 0.855469 0.815625 0.0137405
0 0.114258 0.135156 0.221484 0.258984 0.00119686
1 0.505859 0.496094 0.841406 0.828125 0.934082
1 0.184375 0.496094 0.216406 0.873438 0.00127411
1 0.507812 0.483594 0.846875 0.829687 0.936523
1 0.510938 0.319922 0.840625 0.503906 0.00593567
0 0.519531 0.473047 0.846875 0.819531 0.00239754
1 0.504687 0.485938 0.846875 0.820312 0.922363
0 0.13457 0.00739746 0.269141 0.0147949 0.00191212
0 0.510156 0.485938 0.854688 0.828125 0.00104046
1 0.515234 0.483594 0.839844 0.820312 0.928711
0 0.5125 0.482812 0.851562 0.81875 0.012825
1 0.509375 0.4875 0.859375 0.826563 0.917969
0 0.509375 0.486719 0.859375 0.815625 0.00492477
1 0.513281 0.310547 0.864062 0.479688 0.00234222
1 0.511719 0.218555 0.9 0.301562 0.00202751
1 0.50625 0.489062 0.84375 0.825 0.894043
0 0.511719 0.484766 0.840625 0.824219 0.0175171
1 0.507031 0.485938 0.848437 0.81875 0.913574
0 0.505078 0.485938 0.850781 0.81875 0.0152512
1 0.507031 0.485938 0.848437 0.81875 0.913574
0 0.505078 0.485938 0.850781 0.81875 0.0152512
