0 0.489062 0.500781 0.8875 0.885938 0.745605
1 0.483594 0.500781 0.892187 0.889063 0.150269
0 0.512891 0.0322266 0.817969 0.0644531 0.00203514
0 0.489844 0.305664 0.864062 0.515234 0.00137234
0 0.622656 0.503516 0.629687 0.886719 0.00130463
0 0.714453 0.482031 0.467969 0.820312 0.00111198
0 0.483594 0.851562 0.889063 0.217187 0.00109005
0 0.524219 0.486328 0.920313 0.892969 0.635254
1 0.50625 0.489062 0.88125 0.890625 0.377441
0 0.822656 0.498437 0.257812 0.89375 0.0112457
0 0.378125 0.505859 0.641406 0.878906 0.00740433
1 0.822656 0.498437 0.257812 0.89375 0.00500107
0 0.867188 0.517969 0.178125 0.860937 0.00277901
0 0.8125 0.647266 0.26875 0.603906 0.00209999
1 0.8125 0.647266 0.26875 0.603906 0.00201035
1 0.521484 0.804688 0.841406 0.29375 0.00129986
0 0.215869 0.512891 0.32373 0.883594 0.00115108
1 0.867188 0.517969 0.178125 0.860937 0.00114727
0 0.4875 0.510156 0.9125 0.865625 0.769043
1 0.483203 0.509375 0.897656 0.876562 0.392334
0 0.490625 0.167676 0.91875 0.25918 0.00775528
0 0.493359 0.139062 0.935156 0.278125 0.00511932
0 0.491406 0.0839355 0.926562 0.167871 0.00271416
0 0.487891 0.733594 0.880469 0.451562 0.00199509
0 0.269531 0.401465 0.43125 0.636133 0.00105286
0 0.462109 0.116211 0.897656 0.232422 0.00104427
1 0.501562 0.526953 0.8625 0.886719 0.912109
0 0.504687 0.513281 0.871875 0.895312 0.0091629
1 0.511328 0.521094 0.882031 0.870313 0.847656
0 0.511719 0.503125 0.879687 0.890625 0.195557
1 0.519141 0.669531 0.871094 0.548437 0.00385475
1 0.496875 0.939844 0.925 0.075 0.00109005
1 0.505859 0.503906 0.891406 0.917188 0.833008
0 0.515234 0.509766 0.921094 0.916406 0.203735
0 0.133203 0.00738525 0.266406 0.0147705 0.0015974
1 0.511719 0.520312 0.892187 0.892187 0.92041
0 0.510938 0.49375 0.904688 0.865625 0.00538635
1 0.512109 0.312305 0.903906 0.527734 0.0017271
1 0.508594 0.507031 0.882812 0.895312 0.885742
0 0.504687 0.514063 0.878125 0.878125 0.0439453
1 0.507031 0.285156 0.889063 0.451562 0.00717545
0 0.507031 0.285156 0.889063 0.451562 0.00187492
1 0.505469 0.210938 0.907812 0.316406 0.00174141
0 0.0504395 0.532031 0.100879 0.876562 0.00156116
0 0.505469 0.210938 0.907812 0.316406 0.00121117
1 0.509375 0.511719 0.873438 0.914062 0.880859
0 0.508594 0.501562 0.873438 0.9125 0.0502319
1 0.500781 0.5125 0.892187 0.90625 0.875488
0 0.502344 0.510156 0.892187 0.901563 0.0486755
0 0.160938 0.517969 0.321875 0.90625 0.00130939
1 0.500781 0.5125 0.892187 0.90625 0.875488
0 0.501953 0.510156 0.892969 0.903125 0.0490417
0 0.160156 0.517969 0.320312 0.90625 0.00130463
