0 0.460156 0.569531 0.751562 0.767187 0.831543
1 0.463379 0.575879 0.751367 0.748242 0.0606384
1 0.716016 0.190234 0.427344 0.296875 0.00854492
0 0.716016 0.190234 0.427344 0.296875 0.008255
1 0.699219 0.34375 0.448438 0.610156 0.00353813
0 0.699219 0.34375 0.448438 0.610156 0.0016489
0 0.574219 0.550391 0.551562 0.674219 0.00158501
0 0.463672 0.832617 0.761719 0.228516 0.00104427
0 0.471484 0.567969 0.747656 0.748438 0.881836
0 0.716797 0.626562 0.274219 0.634375 0.0941772
1 0.472266 0.572656 0.742969 0.764063 0.0123367
0 0.3875 0.392578 0.557031 0.373437 0.00432968
0 0.436035 0.763281 0.576367 0.3625 0.00337601
0 0.325195 0.760547 0.381641 0.369531 0.00335121
0 0.771094 0.605371 0.171875 0.661133 0.00186729
1 0.725781 0.63584 0.264062 0.637695 0.00186062
0 0.687891 0.688672 0.314844 0.508594 0.00178909
0 0.567578 0.744531 0.552344 0.401563 0.00172043
0 0.270312 0.4875 0.540625 0.971875 0.00150681
0 0.287158 0.719531 0.352246 0.445312 0.00139427
0 0.644141 0.616406 0.410156 0.657812 0.00136662
0 0.321484 0.5625 0.452344 0.759375 0.00123501
0 0.303906 0.673047 0.415625 0.541406 0.00112057
0 0.464941 0.566016 0.770117 0.760156 0.94873
0 0.450391 0.300195 0.758594 0.199609 0.0236969
1 0.460059 0.565723 0.758008 0.762305 0.00547028
0 0.421484 0.351562 0.674219 0.294531 0.00325966
0 0.452246 0.722266 0.75957 0.457031 0.00301552
0 0.332812 0.151953 0.634375 0.297266 0.00291252
0 0.711719 0.183008 0.426562 0.274609 0.00248146
0 0.323242 0.445215 0.452734 0.47832 0.00226974
0 0.831445 0.7625 0.327734 0.425 0.00206757
0 0.434766 0.111816 0.846094 0.223633 0.00168705
0 0.351367 0.305273 0.628516 0.223047 0.0012598
0 0.467187 0.14668 0.84375 0.293359 0.0011692
0 0.30625 0.55791 0.4125 0.691992 0.0011425
0 0.639844 0.563281 0.43125 0.742188 0.00109005
0 0.864844 0.675781 0.259375 0.504687 0.00106049
0 0.467285 0.582129 0.75293 0.737305 0.889648
1 0.467187 0.577734 0.75625 0.738281 0.132935
0 0.269336 0.535059 0.326953 0.651758 0.00112438
0 0.471094 0.570215 0.745313 0.758008 0.914551
1 0.475879 0.570996 0.741992 0.762695 0.00263214
0 0.474219 0.566504 0.767187 0.779492 0.917969
0 0.135645 0.0072876 0.271289 0.0145752 0.00299263
0 0.793945 0.139673 0.249609 0.198779 0.0024147
0 0.205859 0.00754395 0.411719 0.0150879 0.00162315
1 0.478906 0.578125 0.770312 0.765625 0.00157928
0 0.721094 0.00771484 0.542188 0.0154297 0.00152493
0 0.255859 0.00758057 0.511719 0.0151611 0.00138855
0 0.775586 0.00727539 0.448828 0.0145508 0.00124931
0 0.0904297 0.0105713 0.180859 0.0211426 0.00105667
0 0.47666 0.223438 0.231055 0.0546875 0.00103664
0 0.480469 0.570703 0.745313 0.746094 0.928711
0 0.641406 0.40625 0.426562 0.414844 0.00124931
0 0.63125 0.503125 0.44375 0.61875 0.0011158
0 0.389844 0.507031 0.5875 0.639063 0.00108624
0 0.473047 0.575879 0.736719 0.743555 0.879883
1 0.473047 0.575879 0.736719 0.743555 0.00161648
0 0.475391 0.574219 0.744531 0.789062 0.888672
1 0.476172 0.574316 0.741406 0.757617 0.0178528
0 0.475 0.574121 0.75625 0.76582 0.930664
0 0.475 0.574121 0.75625 0.76582 0.931152
