1 0.497656 0.468359 0.739062 0.819531 0.75293
0 0.499219 0.46875 0.735937 0.817187 0.171631
0 0.505078 0.0179199 0.711719 0.0358398 0.00117874
0 0.587109 0.0149414 0.569531 0.0298828 0.00100422
1 0.50459 0.473437 0.73457 0.8125 0.808594
0 0.522266 0.475 0.777344 0.809375 0.0502319
1 0.741406 0.588672 0.265625 0.578906 0.00221634
1 0.620703 0.465625 0.480469 0.815625 0.00219154
0 0.744141 0.5375 0.260156 0.675 0.00127888
1 0.544629 0.741016 0.701367 0.275781 0.00112057
1 0.49541 0.464063 0.74043 0.815625 0.645996
0 0.498437 0.467187 0.746875 0.8125 0.530273
0 0.446484 0.201025 0.633594 0.281543 0.00312424
0 0.147363 0.138867 0.286914 0.262891 0.00225258
0 0.358984 0.224414 0.445312 0.329297 0.00201035
0 0.5 0.648438 0.728125 0.45 0.00191212
0 0.109668 0.156934 0.216992 0.300586 0.00133514
1 0.446484 0.201025 0.633594 0.281543 0.00130463
0 0.116309 0.100977 0.227539 0.192969 0.00121117
1 0.498437 0.473047 0.720312 0.813281 0.89502
0 0.502344 0.470703 0.742188 0.805469 0.0108185
1 0.510156 0.471094 0.707812 0.828125 0.937012
1 0.501562 0.270898 0.732813 0.422266 0.0024929
1 0.507422 0.46875 0.735156 0.83125 0.907227
0 0.501562 0.466016 0.734375 0.817969 0.0102921
1 0.506641 0.347461 0.730469 0.578516 0.00516129
0 0.134375 0.00736084 0.26875 0.0147217 0.00186729
0 0.813281 0.00742187 0.373437 0.0148437 0.00105286
1 0.516504 0.471875 0.707617 0.815625 0.91748
0 0.514063 0.467187 0.70625 0.821875 0.00473785
1 0.508691 0.473828 0.726367 0.813281 0.88623
0 0.510059 0.472656 0.720508 0.817187 0.00313568
1 0.507422 0.292188 0.735156 0.476562 0.00225258
1 0.510254 0.472266 0.729492 0.817969 0.901367
0 0.51084 0.467969 0.731445 0.826563 0.00158501
1 0.505078 0.471875 0.746094 0.8125 0.921875
0 0.507812 0.469531 0.74375 0.815625 0.0104904
1 0.505078 0.471875 0.746094 0.8125 0.921875
0 0.507812 0.469531 0.74375 0.815625 0.0106964
