0 0.473828 0.594531 0.703906 0.810938 0.483398
0 0.301172 0.598437 0.486719 0.803125 0.299072
1 0.463281 0.578125 0.903125 0.84375 0.175293
0 0.340234 0.439063 0.2625 0.279687 0.157349
0 0.337891 0.605078 0.300781 0.655469 0.0739746
0 0.130078 0.567187 0.258594 0.792188 0.0545959
1 0.301172 0.598437 0.486719 0.803125 0.0240479
0 0.907812 0.56875 0.184375 0.804688 0.0179138
1 0.901563 0.473828 0.196875 0.871094 0.00888062
1 0.896094 0.332617 0.207813 0.665234 0.00793457
0 0.326758 0.378516 0.303516 0.380469 0.00634003
1 0.898047 0.22168 0.203906 0.443359 0.00598145
0 0.793945 0.0610352 0.0746094 0.112695 0.0055542
0 0.898438 0.407422 0.203125 0.789844 0.0055542
1 0.909766 0.607129 0.180469 0.737305 0.00548935
0 0.28457 0.407422 0.460547 0.467969 0.00544739
0 0.413965 0.443359 0.79082 0.536719 0.00516129
0 0.44375 0.546484 0.519531 0.692969 0.00503922
0 0.916406 0.675391 0.167187 0.630469 0.00457382
0 0.89375 0.275195 0.2125 0.548047 0.00457382
0 0.237695 0.609375 0.475391 0.73125 0.00399017
1 0.130078 0.567187 0.258594 0.792188 0.00392914
0 0.898438 0.179492 0.203125 0.358984 0.00388527
1 0.337891 0.605078 0.300781 0.655469 0.00383949
1 0.339453 0.436719 0.266406 0.272656 0.00355148
1 0.898438 0.112598 0.203125 0.225195 0.00349617
0 0.849609 0.571094 0.300781 0.7375 0.00269318
0 0.898438 0.112598 0.203125 0.225195 0.0026207
0 0.278906 0.434375 0.141797 0.241406 0.00258064
0 0.339453 0.5625 0.678906 0.785937 0.00186062
0 0.961719 0.130664 0.0765625 0.251563 0.00160408
0 0.46875 0.580469 0.9375 0.839063 0.00159168
0 0.311914 0.408594 0.292578 0.214062 0.0014782
0 0.362109 0.408984 0.379687 0.441406 0.00145531
0 0.429297 0.396484 0.686719 0.432031 0.00143814
0 0.826953 0.475781 0.346094 0.623438 0.0014267
1 0.855664 0.0359619 0.288672 0.0719238 0.00132465
0 0.814844 0.055957 0.11875 0.108594 0.00130939
0 0.855469 0.0974609 0.289062 0.194922 0.00129414
1 0.819922 0.0986328 0.360156 0.197266 0.00127411
0 0.350195 0.396875 0.228516 0.188281 0.00121593
0 0.2125 0.0311035 0.175781 0.062207 0.00121117
0 0.855664 0.0359619 0.288672 0.0719238 0.0012064
0 0.406641 0.446777 0.132812 0.279883 0.00120163
0 0.746875 0.067627 0.50625 0.135254 0.00119686
1 0.849609 0.571094 0.300781 0.7375 0.00117874
0 0.623828 0.0744141 0.358594 0.148828 0.00115108
0 0.298633 0.43291 0.220703 0.256055 0.00111198
0 0.78457 0.100977 0.430859 0.201953 0.00109005
1 0.746875 0.067627 0.50625 0.135254 0.00109005
0 0.0998047 0.172461 0.192578 0.344922 0.00108624
0 0.783789 0.650391 0.432422 0.624219 0.00106907
0 0.0950195 0.17168 0.190039 0.343359 0.00106907
1 0.793945 0.0610352 0.0746094 0.112695 0.00106049
1 0.623828 0.0744141 0.358594 0.148828 0.00104809
0 0.831641 0.837695 0.336719 0.324609 0.00104046
0 0.342187 0.430859 0.274219 0.272656 0.800293
1 0.517578 0.5375 0.744531 0.86875 0.043457
1 0.342187 0.431641 0.274219 0.277344 0.0428162
0 0.517578 0.5375 0.744531 0.86875 0.0118256
0 0.800781 0.0612793 0.0890625 0.119043 0.00933838
0 0.148047 0.108008 0.117969 0.216016 0.0077858
1 0.946094 0.308789 0.107813 0.617578 0.00351143
1 0.531641 0.504687 0.672656 0.523438 0.00307465
1 0.148047 0.108008 0.117969 0.216016 0.0028553
0 0.531641 0.504687 0.672656 0.523438 0.00255013
1 0.419141 0.629297 0.796094 0.741406 0.00219917
0 0.946094 0.308789 0.107813 0.617578 0.00169373
0 0.815625 0.0604492 0.0421875 0.120898 0.0016489
0 0.810938 0.066748 0.03125 0.102441 0.00139427
1 0.457812 0.594141 0.632812 0.642969 0.00138855
0 0.79043 0.0756836 0.0753906 0.0806641 0.00112438
0 0.342969 0.439453 0.264062 0.271094 0.78125
0 0.63125 0.461328 0.403125 0.55 0.0273743
1 0.342578 0.437598 0.266406 0.263867 0.0232391
0 0.623828 0.383203 0.378906 0.390625 0.00985718
0 0.880469 0.110937 0.139062 0.210938 0.00955963
1 0.613281 0.526563 0.460938 0.68125 0.00763702
0 0.616797 0.316992 0.394531 0.258203 0.00566483
1 0.632812 0.462891 0.390625 0.553125 0.00492477
0 0.547656 0.525781 0.710938 0.6875 0.0039444
0 0.391504 0.607031 0.20918 0.167187 0.00379562
0 0.171777 0.109766 0.0873047 0.207031 0.00363541
1 0.880469 0.110937 0.139062 0.210938 0.00293541
1 0.623828 0.383203 0.378906 0.390625 0.00286674
0 0.642187 0.563672 0.428125 0.757031 0.00211525
0 0.972656 0.122656 0.0546875 0.228906 0.00141621
0 0.255859 0.30625 0.511719 0.250781 0.00127888
0 0.816406 0.0624023 0.13125 0.116992 0.00116539
0 0.504687 0.377734 0.75625 0.3875 0.00113392
0 0.243359 0.353906 0.486719 0.341406 0.00112438
1 0.561328 0.55791 0.592969 0.762305 0.0011158
0 0.341406 0.427441 0.264062 0.25918 0.876953
0 0.634766 0.447656 0.350781 0.526563 0.0847778
1 0.341406 0.426562 0.2625 0.260938 0.0227966
0 0.60625 0.552734 0.429688 0.680469 0.00874329
0 0.128809 0.561328 0.241992 0.702344 0.0064888
1 0.642969 0.486328 0.340625 0.596094 0.00557709
0 0.00194092 0.0861328 0.00388184 0.170703 0.003088
0 0.506641 0.605469 0.641406 0.689062 0.00274658
0 0.43125 0.714063 0.804688 0.571875 0.00255013
0 0.219727 0.567187 0.430859 0.740625 0.00247192
0 0.979688 0.107031 0.040625 0.214062 0.00243378
0 0.00205078 0.133984 0.00410156 0.180469 0.00239754
0 0.00209961 0.052832 0.00419922 0.105664 0.00211525
0 0.342969 0.371484 0.280469 0.155469 0.00174141
1 0.60625 0.552734 0.429688 0.680469 0.00156689
0 0.11582 0.441016 0.219922 0.491406 0.00151253
0 0.00200195 0.660937 0.00400391 0.185937 0.00137806
0 0.00200195 0.711719 0.00400391 0.198437 0.00126457
1 0.43125 0.714063 0.804688 0.571875 0.0012207
0 0.00212402 0.891406 0.00424805 0.217187 0.00119209
0 0.174219 0.431641 0.3375 0.4875 0.00114727
0 0.00198975 0.6125 0.00397949 0.18125 0.00113773
0 0.240625 0.449902 0.452344 0.437695 0.0011158
0 0.00209961 0.840625 0.00419922 0.201562 0.00106049
0 0.663672 0.399219 0.275781 0.427344 0.00103188
0 0.340039 0.432813 0.271484 0.275 0.772461
0 0.510156 0.504687 0.648438 0.65 0.165283
0 0.614844 0.468848 0.420312 0.57168 0.0326538
1 0.510156 0.504687 0.648438 0.65 0.0278015
0 0.511328 0.527734 0.880469 0.674219 0.0238647
1 0.339063 0.430469 0.265625 0.273438 0.0223694
0 0.533594 0.426465 0.745313 0.495508 0.0193481
0 0.546875 0.410156 0.553125 0.460938 0.014061
0 0.680078 0.450781 0.277344 0.526563 0.00526047
0 0.664453 0.511328 0.328906 0.660156 0.00516129
1 0.546875 0.410156 0.553125 0.460938 0.00496292
1 0.614844 0.468848 0.420312 0.57168 0.00482941
1 0.511328 0.527734 0.880469 0.674219 0.00448608
1 0.533594 0.426465 0.745313 0.495508 0.00432968
0 0.817969 0.0613281 0.128125 0.112305 0.0027256
0 0.566309 0.597266 0.579883 0.711719 0.00269318
0 0.153125 0.574609 0.303125 0.797656 0.00150108
0 0.688281 0.373828 0.24375 0.377344 0.00106049
0 0.340625 0.435156 0.279687 0.279687 0.855957
0 0.626562 0.502246 0.398438 0.651758 0.256104
0 0.667969 0.565234 0.482812 0.783594 0.0939941
1 0.626562 0.502246 0.398438 0.651758 0.0626831
1 0.667969 0.565234 0.482812 0.783594 0.0344238
1 0.342383 0.43125 0.277734 0.279687 0.0130234
0 0.81543 0.0612305 0.122266 0.112695 0.00787354
0 0.620313 0.408203 0.385938 0.467969 0.00669098
0 0.500781 0.772852 0.910937 0.454297 0.00391388
0 0.535547 0.727344 0.717969 0.545313 0.0018034
0 0.897266 0.441797 0.205469 0.467969 0.00173378
1 0.500781 0.772852 0.910937 0.454297 0.0017004
0 0.796875 0.0640625 0.084375 0.108398 0.00137806
1 0.620313 0.408203 0.385938 0.467969 0.00134087
1 0.535547 0.727344 0.717969 0.545313 0.00104427
0 0.342969 0.433984 0.271875 0.264844 0.830078
0 0.637109 0.513672 0.378906 0.666406 0.104675
0 0.63125 0.411621 0.36875 0.456445 0.0541077
0 0.149023 0.110352 0.127344 0.212891 0.0157776
0 0.559766 0.573047 0.561719 0.822656 0.013588
1 0.637109 0.513672 0.378906 0.666406 0.00993347
1 0.342969 0.433984 0.271875 0.264844 0.00967407
0 0.813281 0.059668 0.117188 0.11543 0.00664139
1 0.63125 0.411621 0.36875 0.456445 0.00614548
1 0.148242 0.106836 0.124219 0.211328 0.00370789
1 0.559766 0.573047 0.561719 0.822656 0.00250244
1 0.454688 0.644531 0.840625 0.710938 0.00189686
0 0.525391 0.587598 0.683594 0.67168 0.00159168
1 0.896094 0.233594 0.207813 0.4625 0.00131989
0 0.454688 0.644531 0.840625 0.710938 0.00107288
0 0.34082 0.432422 0.274609 0.264062 0.807617
0 0.80293 0.060498 0.0941406 0.113379 0.137939
0 0.492188 0.498535 0.690625 0.643555 0.0725098
0 0.384766 0.619531 0.217969 0.159375 0.0616455
0 0.829492 0.0604492 0.144141 0.116016 0.0278015
0 0.620313 0.496973 0.429688 0.637305 0.0267029
1 0.492188 0.498535 0.690625 0.643555 0.0261536
1 0.620313 0.496973 0.429688 0.637305 0.0153046
1 0.340234 0.431152 0.274219 0.262695 0.0112915
0 0.49541 0.390625 0.701367 0.430469 0.00955963
1 0.49541 0.390625 0.701367 0.430469 0.00391388
1 0.795508 0.0598633 0.0839844 0.111133 0.00324821
0 0.722656 0.00396729 0.1875 0.00793457 0.00314713
0 0.809375 0.00297852 0.125 0.00595703 0.00293541
0 0.755469 0.00383301 0.179688 0.00766602 0.00237846
0 0.616016 0.377734 0.408594 0.396094 0.00205803
1 0.829492 0.0604492 0.144141 0.116016 0.00190449
0 0.567187 0.539453 0.584375 0.769531 0.00175476
1 0.384766 0.619531 0.217969 0.159375 0.0017004
1 0.616016 0.377734 0.408594 0.396094 0.00134563
0 0.406348 0.632031 0.295117 0.214062 0.00129986
0 0.514941 0.345117 0.613867 0.337891 0.00117397
1 0.4625 0.755078 0.640625 0.464844 0.00113773
0 0.476465 0.615234 0.47207 0.197656 0.00110722
0 0.389453 0.604688 0.296875 0.201562 0.00110722
1 0.567187 0.539453 0.584375 0.769531 0.00105286
0 0.51709 0.753516 0.725195 0.492969 0.00102425
0 0.341406 0.435059 0.26875 0.270508 0.779297
0 0.513672 0.521973 0.661719 0.685742 0.0448608
0 0.607813 0.523438 0.464063 0.682813 0.0447693
0 0.80332 0.0605469 0.0964844 0.115234 0.0220337
1 0.341406 0.435059 0.26875 0.270508 0.00769424
1 0.513672 0.521973 0.661719 0.685742 0.0042305
0 0.628906 0.444922 0.398438 0.523438 0.00388527
1 0.607813 0.523438 0.464063 0.682813 0.00382423
1 0.80332 0.0605469 0.0964844 0.115234 0.00359344
0 0.554297 0.409473 0.541406 0.463867 0.0030632
0 0.536719 0.476953 0.848437 0.561719 0.00261116
0 0.53125 0.560547 0.8375 0.807031 0.00174141
0 0.0541504 0.108594 0.105176 0.217187 0.00137806
0 0.171875 0.576953 0.337891 0.786719 0.00131512
0 0.244922 0.5625 0.479688 0.7625 0.0011034
0 0.339453 0.432422 0.273438 0.271094 0.851562
0 0.513184 0.537109 0.70332 0.724219 0.162598
0 0.626562 0.519141 0.43125 0.674219 0.0938721
1 0.513184 0.537109 0.70332 0.724219 0.016098
1 0.339844 0.433691 0.271875 0.274805 0.0141754
1 0.618359 0.535156 0.464844 0.714063 0.00837708
0 0.55625 0.433203 0.548437 0.510156 0.00572968
0 0.148633 0.5 0.296875 0.634375 0.00173378
0 0.626953 0.407129 0.399219 0.454492 0.00156689
0 0.339453 0.432422 0.273438 0.271094 0.851562
0 0.512891 0.5375 0.702344 0.725 0.16394
0 0.626953 0.519141 0.430469 0.674219 0.0946655
1 0.512891 0.5375 0.702344 0.725 0.0158997
1 0.340234 0.433203 0.271875 0.274219 0.0141144
1 0.61875 0.535156 0.464063 0.714063 0.00837708
0 0.55625 0.433203 0.548437 0.510156 0.00568771
0 0.148633 0.499609 0.296875 0.633594 0.00175476
0 0.626953 0.407031 0.399219 0.453906 0.00157356
