0 0.34375 0.444629 0.320312 0.30918 0.495117
0 0.514063 0.58125 0.971875 0.8375 0.105591
1 0.514063 0.58125 0.971875 0.8375 0.0769653
0 0.326758 0.398047 0.345703 0.383594 0.0671997
0 0.848047 0.249805 0.303906 0.482422 0.0464783
1 0.34375 0.444629 0.320312 0.30918 0.0397034
0 0.815625 0.199609 0.36875 0.399219 0.0228882
0 0.439844 0.625781 0.732813 0.748438 0.0168457
0 0.320361 0.301953 0.371777 0.578906 0.0165253
0 0.864844 0.363672 0.270312 0.702344 0.0102463
0 0.486328 0.331641 0.936719 0.663281 0.01017
0 0.293359 0.601562 0.586719 0.760938 0.00955963
0 0.333594 0.620313 0.43125 0.759375 0.00905609
0 0.347266 0.571875 0.3625 0.665625 0.00871277
1 0.51875 0.312695 0.8625 0.625391 0.00800323
0 0.369141 0.617578 0.738281 0.764844 0.00712204
0 0.287109 0.461035 0.421094 0.398242 0.00671768
1 0.439844 0.625781 0.732813 0.748438 0.0053215
1 0.333594 0.620313 0.43125 0.759375 0.00527954
1 0.347607 0.346094 0.391504 0.517969 0.00492477
1 0.347266 0.571875 0.3625 0.665625 0.00460815
1 0.326758 0.398047 0.345703 0.383594 0.00402451
0 0.520312 0.440723 0.959375 0.781055 0.00323486
1 0.369141 0.617578 0.738281 0.764844 0.00319672
0 0.821289 0.421875 0.357422 0.8125 0.00258064
1 0.835156 0.255664 0.329688 0.484766 0.00245285
0 0.5 0.655859 1 0.688281 0.002388
1 0.529688 0.44209 0.934375 0.73457 0.00221634
1 0.293359 0.601562 0.586719 0.760938 0.00219917
1 0.861328 0.44375 0.277344 0.85 0.00214005
0 0.207813 0.614844 0.415625 0.770312 0.00194168
0 0.207422 0.580859 0.414844 0.732031 0.00185299
0 0.398438 0.489062 0.190625 0.217187 0.00179577
0 0.267383 0.3875 0.479297 0.413281 0.0017271
1 0.287109 0.461035 0.421094 0.398242 0.00170708
0 0.507812 0.148145 0.9375 0.296289 0.00157928
0 0.757031 0.164648 0.478125 0.329297 0.00155449
0 0.802734 0.284961 0.394531 0.549609 0.0014782
1 0.897266 0.87793 0.205469 0.244141 0.00146103
0 0.961719 0.878711 0.0765625 0.242578 0.00136662
1 0.961719 0.878711 0.0765625 0.242578 0.00135612
0 0.0912109 0.172852 0.171484 0.345703 0.00130463
1 0.848828 0.330273 0.302344 0.644141 0.00119209
0 0.335156 0.446094 0.670313 0.505469 0.00118828
0 0.914844 0.8875 0.170312 0.225 0.0011692
0 0.8375 0.0427734 0.325 0.0855469 0.0011692
0 0.558203 0.411719 0.792969 0.492969 0.00110722
0 0.863672 0.510938 0.272656 0.935938 0.00106907
0 0.112695 0.423438 0.215625 0.846875 0.00105667
0 0.321094 0.484277 0.239063 0.225195 0.00102043
0 0.838477 0.890625 0.323047 0.21875 0.00101185
0 0.341797 0.444141 0.310937 0.304688 0.841309
1 0.337891 0.444922 0.310156 0.305469 0.0722656
0 0.338281 0.450781 0.305469 0.301562 0.806152
1 0.338281 0.453125 0.3125 0.3 0.0176392
0 0.962109 0.905469 0.0757812 0.189063 0.0113297
0 0.79707 0.200732 0.402734 0.392285 0.00643921
0 0.705469 0.572266 0.571875 0.711719 0.00548935
1 0.79707 0.200732 0.402734 0.392285 0.00390053
0 0.631641 0.138867 0.717969 0.262109 0.00299263
0 0.854492 0.226172 0.287891 0.4375 0.00252151
0 0.0102539 0.827344 0.0205078 0.345313 0.00235939
1 0.854492 0.226172 0.287891 0.4375 0.00226974
1 0.960156 0.905078 0.0796875 0.189844 0.00183105
0 0.742188 0.175781 0.515625 0.341406 0.00148964
0 0.00439453 0.623438 0.00878906 0.48125 0.00147247
0 0.532812 0.119922 0.854688 0.221484 0.00134087
0 0.642578 0.0929687 0.688281 0.170312 0.00129414
0 0.00408936 0.527344 0.00817871 0.467187 0.00123501
1 0.705469 0.572266 0.571875 0.711719 0.00121593
0 0.00511475 0.720703 0.0102295 0.491406 0.00113773
0 0.875781 0.29375 0.248437 0.573438 0.00112438
0 0.73125 0.108203 0.5375 0.201562 0.00109863
0 0.344922 0.446191 0.304688 0.307617 0.896484
0 0.971875 0.874219 0.05625 0.251563 0.0171814
1 0.344922 0.446191 0.304688 0.307617 0.0109024
0 0.00180664 0.85332 0.00361328 0.293359 0.00775528
0 0.00169678 0.80957 0.00339355 0.358984 0.00674438
0 0.00180664 0.733984 0.00361328 0.336719 0.00666809
0 0.00195312 0.488672 0.00390625 0.225781 0.00664139
0 0.0019043 0.629687 0.00380859 0.296875 0.00579834
0 0.00195312 0.553125 0.00390625 0.2625 0.00551224
0 0.00200195 0.449121 0.00400391 0.186133 0.00526047
1 0.971875 0.874219 0.05625 0.251563 0.00300407
0 0.647656 0.550684 0.657812 0.758008 0.00214958
0 0.342578 0.362891 0.313281 0.149219 0.00157928
0 0.289453 0.435254 0.220313 0.331055 0.00136662
0 0.00200195 0.400684 0.00400391 0.189258 0.00117874
0 0.985937 0.939453 0.028125 0.121094 0.00106525
0 0.773047 0.249414 0.449219 0.462109 0.00103664
0 0.489062 0.782422 0.928125 0.435156 0.00101662
0 0.342383 0.444922 0.315234 0.299219 0.816895
1 0.346094 0.441797 0.321875 0.296094 0.0892944
1 0.825 0.294922 0.35 0.573438 0.00118351
0 0.341016 0.445996 0.322656 0.306445 0.868652
1 0.341406 0.445703 0.314844 0.310156 0.0158386
0 0.697266 0.565234 0.563281 0.764844 0.0019722
0 0.515234 0.773047 0.932031 0.453906 0.0017271
0 0.345508 0.445312 0.312109 0.29375 0.796875
1 0.345508 0.442969 0.312891 0.285937 0.018692
0 0.648047 0.594434 0.671094 0.79082 0.0078125
1 0.591504 0.318164 0.745117 0.380859 0.00170708
1 0.652246 0.596875 0.64707 0.7875 0.00153637
0 0.592969 0.605469 0.523438 0.61875 0.00151253
1 0.57959 0.315625 0.776758 0.269531 0.00106907
0 0.344531 0.446484 0.321875 0.297656 0.830566
1 0.34375 0.446484 0.315625 0.299219 0.0182648
0 0.502734 0.6625 0.360156 0.284375 0.00329781
0 0.43125 0.255664 0.31875 0.131641 0.00277901
0 0.590625 0.676172 0.56875 0.317969 0.00121117
0 0.408984 0.38916 0.454688 0.40293 0.00119686
0 0.462891 0.350781 0.445312 0.325781 0.00107288
0 0.641797 0.710938 0.713281 0.40625 0.00104809
0 0.344531 0.448047 0.311719 0.305469 0.820801
1 0.344141 0.448438 0.310937 0.303906 0.0131683
0 0.341797 0.447559 0.310156 0.304883 0.836426
1 0.341211 0.446875 0.311328 0.305469 0.0514526
0 0.598437 0.570703 0.803125 0.746094 0.0368347
1 0.598437 0.570703 0.803125 0.746094 0.0118256
0 0.541797 0.448047 0.755469 0.510156 0.00201988
0 0.341797 0.447559 0.310156 0.304883 0.836914
1 0.341211 0.446777 0.311328 0.304883 0.0510864
0 0.598437 0.570996 0.803125 0.745508 0.0354919
1 0.598437 0.570996 0.803125 0.745508 0.0112915
0 0.541797 0.447656 0.755469 0.510156 0.00201988
