1 0.487598 0.535937 0.276367 0.478125 0.463867
0 0.4875 0.515234 0.278906 0.425781 0.2323
1 0.613184 0.614453 0.529883 0.725781 0.0680542
1 0.406152 0.606641 0.443945 0.636719 0.0340881
1 0.532422 0.494434 0.36875 0.479883 0.0246124
1 0.656934 0.527344 0.617383 0.920313 0.0179138
0 0.494434 0.602344 0.292383 0.614062 0.0175781
1 0.193311 0.460938 0.374316 0.921875 0.0166626
1 0.503516 0.766992 0.928906 0.466016 0.0113754
1 0.474609 0.617188 0.319531 0.6125 0.0091629
1 0.433203 0.498047 0.788281 0.994531 0.00706482
0 0.613184 0.614453 0.529883 0.725781 0.0068512
0 0.532422 0.494434 0.36875 0.479883 0.00593567
1 0.533496 0.623828 0.37207 0.617969 0.00557709
1 0.229687 0.222656 0.457031 0.445312 0.00547028
1 0.318164 0.486719 0.538672 0.973437 0.00510025
1 0.85918 0.755469 0.281641 0.482812 0.0049057
0 0.503516 0.766992 0.928906 0.466016 0.00482941
1 0.252734 0.353711 0.453906 0.707422 0.00468063
1 0.310742 0.214648 0.456641 0.429297 0.00452042
1 0.608594 0.430469 0.642187 0.839063 0.00445175
0 0.406152 0.606641 0.443945 0.636719 0.00426483
0 0.193311 0.460938 0.374316 0.921875 0.00388527
1 0.297656 0.420312 0.435937 0.840625 0.00332451
1 0.698438 0.218164 0.49375 0.436328 0.003088
1 0.393652 0.205859 0.587695 0.411719 0.00299263
0 0.55459 0.478906 0.725195 0.957812 0.00253105
0 0.433203 0.498047 0.788281 0.994531 0.00252151
0 0.229687 0.222656 0.457031 0.445312 0.00247192
1 0.833984 0.889844 0.332031 0.220313 0.00244331
0 0.854883 0.879297 0.290234 0.241406 0.00235939
1 0.857031 0.844531 0.285937 0.310937 0.00231361
1 0.508594 0.842969 0.923437 0.314063 0.00219917
0 0.471094 0.478906 0.517969 0.853125 0.00217438
1 0.471094 0.478906 0.517969 0.853125 0.00213242
0 0.321094 0.211523 0.465625 0.423047 0.00213242
0 0.948438 0.898438 0.103125 0.203125 0.00203514
0 0.966016 0.127148 0.0679687 0.242578 0.00198746
0 0.656934 0.527344 0.617383 0.920313 0.00190449
1 0.405078 0.626562 0.746094 0.695312 0.00186729
0 0.318164 0.486719 0.538672 0.973437 0.00169373
1 0.469531 0.322656 0.795313 0.645312 0.00168705
1 0.572266 0.219727 0.542969 0.439453 0.00167465
0 0.863281 0.800781 0.270312 0.3625 0.00166798
1 0.422266 0.776758 0.682031 0.446484 0.00162315
0 0.889453 0.867188 0.221094 0.265625 0.00161076
0 0.963281 0.180859 0.0734375 0.339453 0.00156689
1 0.506641 0.8 0.661719 0.4 0.00153065
0 0.252734 0.353711 0.453906 0.707422 0.00149536
0 0.676562 0.213281 0.49375 0.426562 0.00145531
0 0.0467773 0.0306885 0.0935547 0.061377 0.00138283
0 0.633984 0.410059 0.686719 0.783008 0.00137806
0 0.780859 0.893359 0.438281 0.213281 0.00137806
1 0.889453 0.867188 0.221094 0.265625 0.00135612
0 0.799414 0.229687 0.401172 0.459375 0.00135136
1 0.564062 0.892187 0.871875 0.215625 0.00129414
1 0.843359 0.650098 0.313281 0.60293 0.00128937
1 0.0467773 0.0306885 0.0935547 0.061377 0.00126934
0 0.444434 0.40625 0.28457 0.2125 0.00126457
0 0.557422 0.853125 0.885156 0.29375 0.00123978
0 0.853125 0.040625 0.29375 0.08125 0.00123501
0 0.441406 0.500391 0.321094 0.642969 0.0012207
1 0.155078 0.221094 0.307813 0.442187 0.00120163
0 0.421191 0.203906 0.69043 0.407813 0.00119686
1 0.780859 0.245312 0.438281 0.490625 0.00116062
1 0.904688 0.762109 0.190625 0.475781 0.00116062
1 0.853125 0.040625 0.29375 0.08125 0.0011425
0 0.865234 0.242969 0.269531 0.485938 0.00112438
0 0.863867 0.745703 0.272266 0.508594 0.00112057
0 0.904688 0.762109 0.190625 0.475781 0.0011158
0 0.917578 0.813867 0.164844 0.372266 0.00105667
1 0.0678711 0.903516 0.135742 0.192969 0.00105286
0 0.422266 0.776758 0.682031 0.446484 0.00104046
0 0.939844 0.920703 0.120312 0.158594 0.00103188
0 0.471094 0.385547 0.23125 0.172656 0.00102806
0 0.384375 0.471094 0.396875 0.425 0.00100803
1 0.491797 0.530371 0.285937 0.464258 0.770508
1 0.494922 0.614453 0.297656 0.664844 0.240112
1 0.592188 0.619531 0.521875 0.664062 0.226074
0 0.490527 0.504785 0.283008 0.406055 0.0513611
1 0.647949 0.399219 0.704102 0.798437 0.0136337
1 0.569922 0.636035 0.807031 0.65918 0.0091629
1 0.304297 0.426172 0.608594 0.852344 0.00841522
1 0.390234 0.631641 0.780469 0.703906 0.00363541
0 0.0753662 0.549609 0.103564 0.166406 0.00325966
0 0.483203 0.413379 0.210156 0.23418 0.00239754
1 0.0755859 0.542969 0.100781 0.179688 0.00135136
0 0.85625 0.83125 0.09375 0.078125 0.00134087
1 0.478906 0.469141 0.260156 0.350781 0.00119686
1 0.667871 0.553906 0.658008 0.80625 0.00113392
0 0.419531 0.677734 0.065625 0.126563 0.00105286
0 0.484766 0.47041 0.263281 0.320117 0.50293
1 0.491504 0.481348 0.273242 0.34043 0.109314
1 0.34375 0.726562 0.107813 0.228125 0.0274811
1 0.324805 0.73125 0.118359 0.203125 0.0194244
1 0.0956055 0.516406 0.163477 0.185937 0.0154877
1 0.835156 0.764063 0.14375 0.176563 0.0140076
1 0.321484 0.707031 0.139062 0.19375 0.0118713
1 0.329297 0.753906 0.103906 0.182812 0.0104523
1 0.26875 0.864844 0.125 0.15625 0.0104065
1 0.276953 0.821094 0.118359 0.221875 0.00831604
1 0.420312 0.932422 0.199219 0.135156 0.00698471
1 0.441406 0.725781 0.128125 0.201562 0.00669098
1 0.0951172 0.867188 0.14043 0.154687 0.00629044
1 0.0861572 0.535937 0.130811 0.198437 0.00572968
1 0.296875 0.714063 0.152734 0.203125 0.00453949
1 0.487891 0.582812 0.279687 0.545313 0.00443268
1 0.944531 0.896875 0.110937 0.2 0.00399017
1 0.247656 0.823438 0.134375 0.209375 0.00345612
1 0.0769775 0.133984 0.150342 0.2375 0.00321007
1 0.514453 0.651953 0.321875 0.691406 0.00265312
1 0.424902 0.962891 0.183008 0.0742188 0.00234985
1 0.454297 0.47334 0.200781 0.317383 0.00228691
1 0.925781 0.582812 0.148438 0.182031 0.00226974
1 0.439941 0.970312 0.187305 0.059375 0.00225258
1 0.0860352 0.892187 0.12832 0.192188 0.00219917
1 0.591406 0.897656 0.148438 0.13125 0.00219917
1 0.249609 0.85625 0.133594 0.154687 0.00214005
1 0.829687 0.804688 0.148438 0.16875 0.00208282
0 0.512891 0.0606445 0.263281 0.114258 0.00194168
1 0.480566 0.973437 0.316992 0.053125 0.00189686
1 0.716406 0.591797 0.523438 0.774219 0.00183868
1 0.907812 0.364258 0.184375 0.187891 0.00178909
0 0.00806885 0.738281 0.0161377 0.329688 0.00178242
1 0.562891 0.922266 0.149219 0.155469 0.00178242
1 0.642969 0.637891 0.610937 0.724219 0.00163555
0 0.954687 0.255029 0.090625 0.190723 0.00161076
1 0.0819824 0.494531 0.163965 0.165625 0.00161076
1 0.428125 0.714453 0.0953125 0.185156 0.00157356
1 0.114624 0.84375 0.179346 0.14375 0.00156116
1 0.926562 0.907031 0.146875 0.185937 0.00151253
1 0.202734 0.532812 0.114844 0.184375 0.00148964
0 0.34375 0.726562 0.107813 0.228125 0.00148964
0 0.957812 0.28125 0.084375 0.146875 0.0014782
0 0.00970459 0.692969 0.0194092 0.315625 0.00139427
0 0.835156 0.764063 0.14375 0.176563 0.00135136
1 0.658594 0.860937 0.157031 0.159375 0.00134563
0 0.441406 0.725781 0.128125 0.201562 0.00133038
1 0.467187 0.714844 0.16875 0.18125 0.00127411
1 0.0634766 0.707422 0.126953 0.182031 0.0012598
1 0.941797 0.838281 0.116406 0.179688 0.00109863
1 0.923437 0.630859 0.153125 0.1625 0.00108624
1 0.391016 0.928906 0.138281 0.142188 0.00107288
1 0.0669922 0.523438 0.133984 0.209375 0.00100422
0 0.496875 0.50459 0.284375 0.398633 0.506836
1 0.496875 0.505371 0.284375 0.401758 0.299072
1 0.0961914 0.135937 0.185742 0.271875 0.0180511
1 0.0879883 0.501953 0.166016 0.260156 0.012146
1 0.559277 0.524316 0.42207 0.431055 0.00566483
1 0.145898 0.953906 0.2875 0.0921875 0.00448608
0 0.00240479 0.138574 0.00480957 0.264258 0.0042305
0 0.971094 0.883594 0.0578125 0.232812 0.00419998
0 0.00195312 0.741406 0.00390625 0.201562 0.00365067
0 0.480371 0.451562 0.229883 0.314063 0.00324821
1 0.0723633 0.146191 0.136523 0.25918 0.00324821
1 0.510547 0.5625 0.303906 0.525 0.003088
1 0.372266 0.794531 0.657031 0.404687 0.00299263
0 0.00192871 0.690625 0.00385742 0.195312 0.00247192
1 0.122656 0.603125 0.238281 0.51875 0.00236893
1 0.971094 0.883594 0.0578125 0.232812 0.00197983
0 0.972266 0.610937 0.0554687 0.19375 0.00188255
0 0.00195312 0.779688 0.00390625 0.184375 0.00185299
1 0.468652 0.967188 0.748633 0.065625 0.0015974
1 0.314453 0.207031 0.530469 0.409375 0.00150681
1 0.148926 0.896875 0.291211 0.20625 0.00148964
0 0.969922 0.648438 0.0601562 0.175 0.00146675
0 0.00196533 0.922656 0.00393066 0.154687 0.00133514
0 0.00195312 0.639063 0.00390625 0.175 0.00133514
0 0.971094 0.507715 0.0578125 0.311133 0.00127411
1 0.170996 0.968359 0.341211 0.0632813 0.00125504
0 0.0019165 0.4875 0.00383301 0.185156 0.00121117
0 0.971094 0.563281 0.0578125 0.309375 0.0012064
0 0.0879883 0.501953 0.166016 0.260156 0.00117397
0 0.00195312 0.0817383 0.00390625 0.163477 0.00115108
0 0.0961914 0.135937 0.185742 0.271875 0.00109863
0 0.970312 0.789062 0.059375 0.2125 0.00107288
0 0.0019165 0.235547 0.00383301 0.249219 0.00105286
0 0.00202637 0.446875 0.00405273 0.142188 0.00102425
0 0.966406 0.262549 0.0671875 0.17959 0.00100803
0 0.488965 0.495996 0.276758 0.412695 0.675781
1 0.488672 0.5 0.282813 0.395312 0.369385
1 0.668359 0.438672 0.639844 0.866406 0.01017
0 0.414453 0.685938 0.0648438 0.120312 0.00981903
1 0.664062 0.582031 0.665625 0.710938 0.00908661
1 0.399609 0.792188 0.707812 0.415625 0.00538635
1 0.274609 0.795898 0.492969 0.408203 0.00453949
1 0.253711 0.796094 0.333984 0.407813 0.0039444
1 0.279687 0.204102 0.554688 0.408203 0.0039444
1 0.310937 0.275 0.621875 0.55 0.00362206
0 0.41875 0.709375 0.078125 0.1625 0.00351143
0 0.664062 0.582031 0.665625 0.710938 0.00257111
0 0.0929687 0.512109 0.180859 0.259375 0.00255013
1 0.118652 0.511719 0.230273 0.25625 0.002388
1 0.858594 0.950781 0.204688 0.0984375 0.00216484
1 0.259766 0.892187 0.149219 0.203125 0.00192642
1 0.171484 0.525391 0.330859 0.291406 0.00174141
1 0.41875 0.709375 0.078125 0.1625 0.0017271
0 0.668359 0.438672 0.639844 0.866406 0.00163555
1 0.443359 0.925 0.185937 0.148438 0.00147247
1 0.0848633 0.514063 0.164648 0.23125 0.00145531
1 0.256641 0.668359 0.502344 0.586719 0.00139904
0 0.310937 0.275 0.621875 0.55 0.00125504
1 0.482422 0.766406 0.935156 0.467187 0.00106525
1 0.0731445 0.158691 0.143555 0.231836 0.00105286
0 0.289062 0.789062 0.559375 0.407813 0.00101662
1 0.462891 0.940625 0.210156 0.11875 0.00101185
0 0.480469 0.446777 0.251563 0.314258 0.00100422
0 0.494531 0.500684 0.298438 0.401758 0.52832
1 0.492871 0.5 0.300195 0.402344 0.388672
1 0.128711 0.514063 0.257422 0.264062 0.079895
1 0.347656 0.801172 0.51875 0.397656 0.0787964
1 0.272998 0.800781 0.357129 0.398438 0.0342407
1 0.635156 0.657812 0.654688 0.679688 0.00831604
1 0.49375 0.973437 0.425 0.053125 0.00775528
0 0.129395 0.5125 0.251367 0.253125 0.00664139
1 0.278516 0.208203 0.461719 0.416406 0.006073
1 0.776953 0.402441 0.446094 0.741992 0.00544739
1 0.196436 0.210742 0.383691 0.421484 0.00538635
1 0.448047 0.202539 0.528125 0.405078 0.00484848
1 0.416016 0.738281 0.0734375 0.2375 0.00388527
1 0.493848 0.250391 0.457617 0.500781 0.00242424
1 0.83457 0.943359 0.246484 0.113281 0.00232315
1 0.165039 0.536719 0.167969 0.221875 0.00226021
1 0.490527 0.804492 0.375195 0.387891 0.00198746
1 0.760938 0.275 0.478125 0.55 0.00192642
1 0.14375 0.389062 0.2875 0.583594 0.00152493
1 0.707422 0.232617 0.428906 0.465234 0.00150681
1 0.566016 0.224609 0.371094 0.449219 0.00145531
1 0.866797 0.820117 0.266406 0.328516 0.00144958
1 0.63125 0.208984 0.379687 0.417969 0.00138855
1 0.176758 0.313281 0.353516 0.609375 0.00136662
0 0.421094 0.677344 0.075 0.109375 0.0012846
1 0.553516 0.644141 0.435156 0.638281 0.00127411
1 0.417969 0.975 0.423438 0.05 0.0012064
1 0.460254 0.970312 0.287305 0.059375 0.0011692
0 0.272998 0.800781 0.357129 0.398438 0.00112438
1 0.0843994 0.512891 0.166357 0.241406 0.00112057
1 0.571875 0.786133 0.484375 0.396484 0.00101662
0 0.489453 0.500391 0.285156 0.405469 0.663574
1 0.489453 0.500391 0.285156 0.405469 0.194946
1 0.864453 0.800195 0.271094 0.271484 0.0309601
0 0.864453 0.800195 0.271094 0.271484 0.00763702
1 0.662402 0.520312 0.675195 0.959375 0.00600433
1 0.478516 0.190234 0.767969 0.380469 0.00382423
1 0.659277 0.64541 0.681445 0.69043 0.00349617
1 0.85332 0.776758 0.227734 0.212109 0.00309944
0 0.41875 0.676562 0.0679687 0.0992187 0.0024929
1 0.0789307 0.147461 0.150342 0.280859 0.00244331
1 0.363672 0.656641 0.636719 0.669531 0.00243378
1 0.0602539 0.690234 0.119336 0.174219 0.00223351
1 0.507422 0.967188 0.910156 0.065625 0.00204277
1 0.430859 0.752734 0.816406 0.492969 0.00191212
1 0.138477 0.5375 0.223047 0.229687 0.00141048
0 0.478516 0.190234 0.767969 0.380469 0.00138855
0 0.85332 0.776758 0.227734 0.212109 0.00130939
1 0.153125 0.408984 0.294531 0.484375 0.00128937
1 0.173438 0.5125 0.329688 0.292188 0.00123024
1 0.703516 0.24668 0.592969 0.493359 0.00121593
1 0.417969 0.739844 0.0765625 0.229687 0.00117397
1 0.446094 0.978906 0.339844 0.0421875 0.00102425
1 0.495313 0.500781 0.286719 0.40625 0.57959
0 0.489746 0.478906 0.29082 0.360938 0.253174
1 0.516016 0.802344 0.908594 0.395312 0.00469971
1 0.150879 0.587598 0.292773 0.443555 0.00233269
1 0.838281 0.771094 0.165625 0.209375 0.00231361
1 0.122852 0.536621 0.240234 0.339258 0.00198746
1 0.366016 0.461328 0.732031 0.922656 0.0016489
1 0.398828 0.336719 0.740625 0.673437 0.00157356
1 0.432422 0.631934 0.421094 0.608008 0.00140476
1 0.414062 0.729688 0.0734375 0.215625 0.00136662
1 0.215234 0.78125 0.380469 0.384375 0.00134563
0 0.481348 0.419922 0.245117 0.249219 0.00126457
1 0.177295 0.664062 0.339941 0.628125 0.00111198
1 0.127246 0.662109 0.248242 0.582031 0.00102425
0 0.494629 0.5 0.282617 0.403125 0.619629
1 0.496484 0.500781 0.283594 0.403125 0.32251
1 0.417969 0.717969 0.065625 0.178125 0.139404
1 0.419141 0.685938 0.0695312 0.130469 0.0150757
1 0.826563 0.764453 0.175 0.207031 0.00857544
0 0.417969 0.717969 0.065625 0.178125 0.00664139
0 0.419141 0.685938 0.0695312 0.130469 0.00496292
1 0.764063 0.671094 0.06875 0.110156 0.0049057
1 0.0788086 0.157715 0.149805 0.257227 0.00400543
1 0.0769531 0.516406 0.146094 0.2375 0.00369263
1 0.341797 0.334961 0.100781 0.0996094 0.00365067
1 0.299219 0.204492 0.580469 0.408984 0.00358009
1 0.709766 0.559375 0.105469 0.1625 0.00293541
1 0.209375 0.294141 0.148047 0.225781 0.00259018
1 0.107227 0.705469 0.0634766 0.090625 0.00259018
1 0.196875 0.541406 0.0953125 0.228125 0.00251198
1 0.41875 0.726953 0.0796875 0.211719 0.00237846
1 0.704687 0.586719 0.114063 0.223438 0.00210762
1 0.0592773 0.158496 0.108398 0.24668 0.0019722
1 0.115234 0.142969 0.0621094 0.1 0.00179577
1 0.85293 0.764844 0.278516 0.3 0.00163555
1 0.211719 0.739844 0.05625 0.1 0.00156116
1 0.740625 0.671094 0.11875 0.111719 0.00145531
1 0.976172 0.8875 0.0476562 0.078125 0.00142097
1 0.973828 0.901563 0.0523437 0.10625 0.00123501
1 0.193945 0.207617 0.3 0.415234 0.0011692
1 0.723437 0.935938 0.06875 0.121875 0.00116062
1 0.315625 0.722656 0.118359 0.239063 0.00112438
1 0.110962 0.162793 0.0800293 0.164648 0.00112057
1 0.450781 0.720703 0.139844 0.194531 0.00111198
0 0.492188 0.493848 0.28125 0.381055 0.618652
1 0.491797 0.499121 0.285937 0.386133 0.281494
1 0.416406 0.711328 0.071875 0.175781 0.00658798
1 0.838281 0.770703 0.148438 0.208594 0.0037365
1 0.125586 0.534375 0.213672 0.232812 0.00167465
1 0.775781 0.973437 0.342187 0.053125 0.00153065
1 0.340625 0.34043 0.667969 0.680859 0.00125504
1 0.107202 0.705469 0.0652832 0.0921875 0.00118828
1 0.225781 0.230859 0.114063 0.0742188 0.0011692
1 0.78457 0.963281 0.324609 0.0734375 0.00115108
1 0.328125 0.234961 0.6375 0.469922 0.00113392
0 0.492188 0.49375 0.28125 0.38125 0.622559
1 0.491797 0.499121 0.285937 0.386133 0.279053
1 0.416406 0.711328 0.071875 0.175781 0.00643921
1 0.838281 0.770703 0.148438 0.208594 0.00367928
1 0.125586 0.534375 0.213672 0.232812 0.0016613
1 0.775781 0.973047 0.342187 0.0539063 0.00152493
1 0.34043 0.341406 0.667578 0.682813 0.00124454
1 0.107202 0.705469 0.0652832 0.0921875 0.00117874
1 0.225732 0.230859 0.11416 0.0742188 0.00115108
1 0.327734 0.235547 0.6375 0.471094 0.00112438
