0 0.502734 0.560156 0.975781 0.864062 0.543945
0 0.360156 0.594531 0.695312 0.759375 0.11554
0 0.229687 0.596484 0.450781 0.747656 0.0894775
1 0.509375 0.555469 0.965625 0.829687 0.0776367
0 0.870117 0.810156 0.259766 0.379687 0.0492249
0 0.486719 0.610059 0.648438 0.779883 0.0479431
0 0.89375 0.388672 0.2125 0.483594 0.0408325
0 0.809766 0.390527 0.380469 0.48457 0.0152512
1 0.486719 0.610059 0.648438 0.779883 0.0141754
0 0.80918 0.810156 0.381641 0.379687 0.0118256
0 0.463281 0.788281 0.926562 0.423438 0.011467
0 0.395312 0.421094 0.782812 0.696875 0.0108566
1 0.229687 0.596484 0.450781 0.747656 0.00793457
0 0.466016 0.677441 0.807031 0.645117 0.00671768
0 0.385547 0.313281 0.771094 0.500781 0.00641251
1 0.870117 0.810156 0.259766 0.379687 0.00638962
1 0.360156 0.594531 0.695312 0.759375 0.00579834
0 0.148828 0.658691 0.296875 0.649805 0.0055542
0 0.767187 0.408203 0.465625 0.566406 0.00500107
0 0.55 0.295117 0.454688 0.451953 0.00488663
0 0.942187 0.502344 0.114063 0.239063 0.00383949
0 0.198828 0.707812 0.397656 0.55625 0.00378036
0 0.482031 0.865039 0.964063 0.269922 0.00335121
0 0.228125 0.465234 0.439844 0.502344 0.00312424
0 0.64209 0.45 0.71582 0.657812 0.00304031
0 0.870117 0.724609 0.259766 0.535156 0.00304031
0 0.456934 0.776563 0.681445 0.446875 0.00292397
1 0.488281 0.784766 0.976562 0.430469 0.00259018
1 0.482031 0.865039 0.964063 0.269922 0.00251198
0 0.898438 0.470703 0.203125 0.674219 0.00239754
1 0.80918 0.810156 0.381641 0.379687 0.00196457
0 0.371484 0.708594 0.739062 0.560938 0.00196457
0 0.700391 0.826953 0.599219 0.346094 0.00183105
0 0.33457 0.690234 0.149609 0.246094 0.00181007
0 0.387891 0.813477 0.764063 0.373047 0.00179577
0 0.244922 0.38125 0.45625 0.609375 0.00177479
0 0.144531 0.4875 0.283594 0.510156 0.00154305
0 0.74375 0.860352 0.5125 0.279297 0.00153637
0 0.942187 0.452344 0.1125 0.376563 0.00150108
0 0.930078 0.539453 0.139844 0.800781 0.00144386
0 0.761328 0.531641 0.477344 0.838281 0.00133514
1 0.569629 0.667285 0.701367 0.66543 0.00129986
0 0.676562 0.383496 0.646875 0.481445 0.00124454
0 0.858008 0.348242 0.283984 0.430078 0.00123501
1 0.74375 0.860352 0.5125 0.279297 0.00116062
0 0.639063 0.1875 0.195312 0.202344 0.00113392
0 0.85957 0.648535 0.280859 0.699805 0.00112438
1 0.198828 0.707812 0.397656 0.55625 0.0011158
1 0.389844 0.44209 0.778125 0.731445 0.00108147
0 0.489062 0.291016 0.951563 0.582031 0.00106525
0 0.844141 0.0641602 0.311719 0.12832 0.00104809
0 0.599219 0.876172 0.801562 0.247656 0.00104046
1 0.505078 0.534375 0.964844 0.93125 0.808105
1 0.564844 0.216992 0.404687 0.297266 0.404541
0 0.901953 0.391504 0.196094 0.491992 0.100891
0 0.564844 0.216992 0.404687 0.297266 0.0938721
0 0.508984 0.55625 0.982031 0.8875 0.0932007
1 0.625879 0.319531 0.52168 0.501562 0.0214844
1 0.901953 0.391504 0.196094 0.491992 0.0158386
1 0.430469 0.602734 0.829687 0.750781 0.00248146
0 0.237891 0.505469 0.438281 0.55 0.0018034
0 0.241016 0.377441 0.436719 0.295117 0.00148392
1 0.496094 0.391504 0.810938 0.649805 0.00136185
0 0.625879 0.319531 0.52168 0.501562 0.00135612
0 0.546777 0.150952 0.461133 0.168018 0.00135136
1 0.237891 0.505469 0.438281 0.55 0.00125504
0 0.255859 0.590234 0.4875 0.735156 0.00117397
1 0.241016 0.377441 0.436719 0.295117 0.00109005
0 0.561719 0.204688 0.403125 0.265625 0.273682
1 0.449219 0.521484 0.889063 0.941406 0.256104
0 0.905469 0.336377 0.189063 0.324902 0.113159
0 0.674219 0.441016 0.442187 0.246875 0.109131
0 0.449219 0.521484 0.889063 0.941406 0.0965576
1 0.382812 0.600098 0.765625 0.760742 0.0663452
0 0.905469 0.287158 0.189063 0.243652 0.0477905
0 0.88125 0.81543 0.226562 0.369141 0.0328979
0 0.916016 0.401953 0.167969 0.439063 0.0296478
1 0.561719 0.204688 0.403125 0.265625 0.0284424
0 0.240234 0.405469 0.461719 0.340625 0.0221558
0 0.382812 0.600098 0.765625 0.760742 0.0195007
0 0.941016 0.478809 0.117969 0.279883 0.014061
1 0.674219 0.441016 0.442187 0.246875 0.0133743
0 0.765625 0.462402 0.24375 0.186133 0.0105667
1 0.521875 0.722656 0.521875 0.535937 0.00912476
1 0.905469 0.336377 0.189063 0.324902 0.00874329
0 0.521777 0.723437 0.52207 0.5375 0.00602722
0 0.938281 0.428906 0.123438 0.389844 0.00527954
0 0.247852 0.475391 0.479297 0.482031 0.00516129
1 0.916016 0.401953 0.167969 0.439063 0.00484848
0 0.940625 0.521875 0.11875 0.185937 0.00481033
1 0.88125 0.81543 0.226562 0.369141 0.00436401
1 0.905469 0.287158 0.189063 0.243652 0.00426483
1 0.245898 0.450391 0.473047 0.425781 0.0039444
0 0.692969 0.670313 0.160938 0.173438 0.00390053
0 0.622559 0.537891 0.551758 0.439063 0.00342941
1 0.941016 0.478809 0.117969 0.279883 0.00337601
0 0.640625 0.409766 0.34375 0.177344 0.00307465
0 0.739844 0.448828 0.304688 0.214844 0.00265312
0 0.70625 0.979688 0.25 0.040625 0.0019722
0 0.701953 0.987891 0.275781 0.0242187 0.0014782
1 0.938281 0.423828 0.123438 0.392188 0.00132465
1 0.622559 0.537891 0.551758 0.439063 0.0012846
0 0.640234 0.220264 0.228906 0.200098 0.00111198
0 0.874805 0.752344 0.200391 0.245312 0.00107288
0 0.521484 0.254883 0.490625 0.379297 0.00105667
1 0.24375 0.3875 0.471094 0.298438 0.00102425
0 0.565527 0.211719 0.389258 0.289062 0.480469
1 0.479297 0.723437 0.588281 0.532812 0.299805
0 0.234375 0.402441 0.425 0.35293 0.205566
1 0.564453 0.210107 0.394531 0.283691 0.0852661
1 0.417871 0.613281 0.789258 0.773438 0.0669556
0 0.696875 0.435547 0.370313 0.246094 0.0502319
0 0.226562 0.47666 0.417188 0.49043 0.0452576
0 0.237891 0.588281 0.44375 0.728125 0.0303802
0 0.512109 0.216602 0.286719 0.305078 0.0247955
0 0.905469 0.387109 0.189063 0.477344 0.024231
0 0.417871 0.613281 0.789258 0.773438 0.0234222
0 0.940625 0.507031 0.11875 0.23125 0.0200195
0 0.417285 0.717188 0.716992 0.539062 0.0194244
1 0.696875 0.435547 0.370313 0.246094 0.0120544
0 0.926562 0.335938 0.14375 0.399219 0.0116882
0 0.971875 0.291602 0.05625 0.344141 0.0105667
1 0.41084 0.647656 0.76582 0.529688 0.01017
1 0.306055 0.601562 0.561328 0.757812 0.00740433
0 0.90625 0.303711 0.1875 0.316016 0.00740433
0 0.619141 0.409766 0.407031 0.253906 0.00666809
1 0.234375 0.402441 0.425 0.35293 0.00661469
0 0.946875 0.345117 0.104687 0.462891 0.00638962
0 0.640625 0.4 0.304688 0.172656 0.00605011
0 0.956641 0.293359 0.0867188 0.292969 0.00477219
0 0.95625 0.5 0.0875 0.170312 0.00471878
1 0.407813 0.782617 0.78125 0.425391 0.00383949
0 0.00280762 0.580469 0.00561523 0.185937 0.00379562
1 0.560254 0.676562 0.407617 0.457812 0.00358009
1 0.229687 0.510547 0.432031 0.571094 0.00351143
0 0.0019043 0.090918 0.00380859 0.174414 0.00317192
1 0.903906 0.381641 0.192188 0.480469 0.00312424
0 0.947656 0.532031 0.104687 0.164062 0.00294685
1 0.619141 0.409766 0.407031 0.253906 0.00287819
0 0.960547 0.474219 0.0789063 0.160938 0.00282288
0 0.00205078 0.136133 0.00410156 0.183984 0.00279999
0 0.00255127 0.529688 0.00510254 0.179688 0.00259018
1 0.512109 0.216602 0.286719 0.305078 0.00258064
0 0.748438 0.440527 0.265625 0.245508 0.00250244
0 0.00200195 0.851367 0.00400391 0.172266 0.00232315
0 0.939062 0.451953 0.11875 0.339063 0.00224304
0 0.560254 0.676562 0.407617 0.457812 0.00222588
1 0.520996 0.547656 0.325195 0.203125 0.0020504
1 0.640625 0.4 0.304688 0.172656 0.00198746
0 0.00196533 0.0562012 0.00393066 0.112402 0.00194168
0 0.520996 0.547656 0.325195 0.203125 0.00179577
0 0.272656 0.36582 0.347656 0.279297 0.00174809
0 0.00258789 0.625 0.00517578 0.192188 0.0015974
0 0.00198975 0.818945 0.00397949 0.140234 0.00157928
0 0.00194092 0.185937 0.00388184 0.180469 0.00153637
0 0.943359 0.253174 0.113281 0.205371 0.00151253
1 0.384473 0.494141 0.65293 0.295312 0.0014267
0 0.966406 0.446875 0.0671875 0.142969 0.00136185
0 0.994531 0.876562 0.0109375 0.10625 0.00134563
0 0.992188 0.125024 0.015625 0.100732 0.00129414
1 0.940234 0.466504 0.119531 0.30918 0.0012846
0 0.967969 0.907812 0.0640625 0.1625 0.00127888
1 0.941406 0.503906 0.110937 0.234375 0.00123024
0 0.00192871 0.895312 0.00385742 0.178125 0.00121593
0 0.94375 0.205029 0.1125 0.112598 0.00119686
0 0.384473 0.494141 0.65293 0.295312 0.00119686
0 0.567969 0.549219 0.346875 0.30625 0.00117874
0 0.00214844 0.474609 0.00429688 0.177344 0.0011692
0 0.994531 0.901563 0.0109375 0.109375 0.0011692
0 0.992188 0.306445 0.015625 0.111719 0.00116062
0 0.993359 0.672266 0.0132813 0.103906 0.00112057
0 0.965625 0.86875 0.06875 0.14375 0.0011158
0 0.00187988 0.236719 0.00375977 0.173438 0.00111198
0 0.994531 0.85 0.0109375 0.103125 0.00106907
0 0.992188 0.648828 0.015625 0.101562 0.00104427
0 0.879687 0.811133 0.235938 0.365234 0.00102043
0 0.994531 0.799219 0.0109375 0.104687 0.00101662
1 0.440234 0.525781 0.860156 0.932813 0.811523
0 0.90625 0.386719 0.1875 0.482031 0.343262
0 0.914062 0.457422 0.165625 0.333594 0.138916
0 0.440234 0.513281 0.857031 0.9125 0.058136
1 0.90625 0.386719 0.1875 0.482031 0.0562439
0 0.882812 0.797656 0.226562 0.3625 0.0431213
1 0.504687 0.620703 0.878125 0.742969 0.0190582
1 0.914062 0.457422 0.165625 0.333594 0.0174408
0 0.562402 0.201367 0.41582 0.26875 0.0142288
1 0.663281 0.628906 0.44375 0.642187 0.0122375
1 0.562402 0.201367 0.41582 0.26875 0.0109863
0 0.932813 0.487598 0.13125 0.27168 0.00674438
0 0.992578 0.125 0.0148437 0.209375 0.00441742
1 0.500391 0.754297 0.557031 0.480469 0.00416565
1 0.673047 0.465723 0.439844 0.313867 0.00405502
1 0.882812 0.797656 0.226562 0.3625 0.00323486
0 0.663281 0.628906 0.44375 0.642187 0.00282288
0 0.992188 0.941406 0.015625 0.117188 0.00206757
0 0.990234 0.0957031 0.0195312 0.191406 0.00172043
0 0.992578 0.150195 0.0148437 0.109766 0.00171375
0 0.990625 0.969531 0.01875 0.0609375 0.00160408
0 0.904688 0.290674 0.190625 0.287402 0.00156116
1 0.621875 0.653125 0.651563 0.689062 0.00146675
0 0.673047 0.465723 0.439844 0.313867 0.00142097
1 0.422266 0.383984 0.742969 0.647656 0.00134087
0 0.7125 0.437598 0.339063 0.248242 0.00122547
0 0.905469 0.754687 0.189063 0.432813 0.0012207
0 1 0.772266 0 0.303906 0.00121593
0 0.560156 0.643066 0.685938 0.682617 0.0011425
0 0.989844 0.991406 0.0203125 0.0171875 0.0011158
0 0.985156 0.0602539 0.0296875 0.120508 0.00108624
1 0.549902 0.560059 0.681445 0.57832 0.00108147
0 1 0.672656 0 0.303125 0.00104809
0 0.991797 0.808594 0.0164062 0.364062 0.00100803
1 0.497656 0.596094 0.989062 0.807813 0.725098
0 0.568652 0.209961 0.404883 0.291406 0.556641
0 0.901172 0.388281 0.197656 0.496094 0.473633
1 0.463672 0.715234 0.653906 0.569531 0.154053
0 0.68125 0.44375 0.421875 0.267188 0.0758667
1 0.902344 0.388965 0.195312 0.49082 0.0713501
0 0.608984 0.323828 0.485156 0.435937 0.0512695
1 0.642969 0.650391 0.426562 0.680469 0.0284424
0 0.478516 0.552734 0.946094 0.894531 0.0280151
1 0.568652 0.209961 0.404883 0.291406 0.0266571
0 0.675391 0.50166 0.419531 0.382617 0.023468
1 0.546094 0.641406 0.6 0.717188 0.0226288
0 0.873438 0.808398 0.253125 0.383203 0.019989
1 0.675391 0.50166 0.419531 0.382617 0.0156021
0 0.673437 0.632031 0.417188 0.642187 0.0154877
0 0.925781 0.44375 0.148438 0.369531 0.0147858
1 0.680469 0.442578 0.417188 0.264844 0.0110703
1 0.608984 0.323828 0.485156 0.435937 0.0110321
1 0.526172 0.781055 0.567969 0.437891 0.0109863
0 0.654688 0.407031 0.521875 0.4125 0.00751877
0 0.689844 0.953125 0.3125 0.09375 0.00616837
0 0.565723 0.280078 0.45293 0.436719 0.00602722
0 0.546094 0.641406 0.6 0.717188 0.00419998
1 0.654688 0.407031 0.521875 0.4125 0.00392914
1 0.925781 0.44375 0.148438 0.369531 0.00363541
0 0.235938 0.404687 0.446875 0.364844 0.00284576
1 0.565723 0.280078 0.45293 0.436719 0.00227928
0 0.900781 0.318945 0.198437 0.342578 0.00221634
1 0.873438 0.808398 0.253125 0.383203 0.00186062
0 0.50625 0.41875 0.90625 0.717188 0.0018034
0 0.087915 0.843555 0.174951 0.269141 0.00168705
1 0.50625 0.41875 0.90625 0.717188 0.00156116
1 0.24375 0.432422 0.460938 0.420312 0.00138283
0 0.871094 0.69375 0.257812 0.6125 0.00134087
0 0.934375 0.471191 0.125 0.32168 0.00123978
0 0.463672 0.715234 0.653906 0.569531 0.00110722
0 0.757812 0.444141 0.339063 0.264844 0.00100803
1 0.502734 0.562891 0.969531 0.874219 0.813965
0 0.567187 0.20957 0.401563 0.276172 0.317383
0 0.907812 0.375391 0.184375 0.457812 0.295898
1 0.539062 0.655078 0.720312 0.689844 0.268066
1 0.520215 0.696875 0.517383 0.590625 0.200562
0 0.908984 0.271094 0.182031 0.248437 0.0516663
1 0.566016 0.205859 0.402344 0.266406 0.0462036
0 0.879687 0.746484 0.240625 0.497656 0.0420227
1 0.43125 0.681348 0.76875 0.616992 0.0392761
0 0.539062 0.655078 0.720312 0.689844 0.0342407
0 0.704687 0.4375 0.359375 0.242969 0.0302124
0 0.520215 0.696875 0.517383 0.590625 0.0279083
0 0.508984 0.526172 0.982031 0.924219 0.0224152
1 0.913281 0.385547 0.173438 0.486719 0.0108185
1 0.675391 0.439844 0.422656 0.247656 0.00948334
1 0.880859 0.698438 0.238281 0.584375 0.00484848
0 0.630566 0.431641 0.516992 0.241406 0.00484848
0 0.904688 0.3125 0.190625 0.325 0.00453949
1 0.592871 0.478125 0.617383 0.376563 0.00349617
0 0.660937 0.199609 0.214062 0.245312 0.00341606
0 0.575781 0.266357 0.421875 0.394629 0.00293541
0 0.78418 0.438184 0.200391 0.218945 0.00286674
0 0.43125 0.681348 0.76875 0.616992 0.00271416
0 0.592871 0.478125 0.617383 0.376563 0.00237846
0 0.933594 0.396875 0.132812 0.466406 0.00230598
1 0.734766 0.438281 0.299219 0.242969 0.0016613
1 0.569141 0.257617 0.407031 0.376172 0.00150108
1 0.508203 0.610156 0.967969 0.764063 0.725098
0 0.567187 0.216748 0.401563 0.296191 0.515625
0 0.689062 0.429688 0.396875 0.242188 0.0950317
0 0.903125 0.379785 0.19375 0.45918 0.0686646
1 0.568066 0.230811 0.399805 0.32666 0.047699
1 0.678125 0.434473 0.420312 0.249805 0.035614
1 0.301367 0.606152 0.559766 0.768945 0.0259552
1 0.232031 0.562891 0.428125 0.674219 0.0161591
1 0.904297 0.382031 0.191406 0.475 0.0133286
1 0.875 0.801562 0.248437 0.396875 0.0114212
1 0.50625 0.760156 0.54375 0.471875 0.00985718
1 0.208984 0.81543 0.417969 0.359766 0.00912476
0 0.621875 0.39834 0.417188 0.268945 0.00775528
0 0.229687 0.428027 0.41875 0.404883 0.00725937
0 0.225781 0.512891 0.41875 0.572656 0.00636292
0 0.705469 0.950391 0.267188 0.0992187 0.00595856
0 0.904688 0.300586 0.190625 0.308203 0.0053215
0 0.514453 0.233789 0.299219 0.343359 0.00503922
1 0.229687 0.428027 0.41875 0.404883 0.00481033
0 0.566406 0.148535 0.29375 0.164648 0.00413513
0 0.634766 0.410547 0.316406 0.2 0.00348282
0 0.6875 0.41875 0.298438 0.214062 0.00331116
1 0.621875 0.39834 0.417188 0.268945 0.00324821
1 0.626562 0.479297 0.526563 0.339063 0.00311089
0 0.877539 0.900781 0.244922 0.198437 0.00232315
0 0.503516 0.583984 0.966406 0.816406 0.00210762
0 0.875 0.808594 0.25 0.378125 0.00158501
1 0.598828 0.354297 0.557031 0.557031 0.00149536
1 0.52041 0.257812 0.306055 0.370313 0.0012598
0 0.930469 0.511719 0.139062 0.224219 0.00120163
1 0.564844 0.641797 0.704687 0.699219 0.00112438
0 0.308594 0.953906 0.332031 0.0921875 0.0011034
1 0.463672 0.723437 0.675781 0.553125 0.777344
0 0.567969 0.217383 0.400781 0.294141 0.496094
0 0.910156 0.385938 0.179688 0.475 0.269775
1 0.450781 0.68252 0.85 0.634961 0.260498
1 0.56709 0.225391 0.401758 0.310156 0.233032
0 0.675781 0.434375 0.43125 0.242188 0.196167
1 0.670313 0.437891 0.434375 0.246094 0.165649
1 0.238867 0.5 0.447266 0.5375 0.0646362
1 0.236523 0.420996 0.440234 0.37832 0.0515442
1 0.907031 0.359375 0.185937 0.4125 0.0440979
0 0.907031 0.314063 0.185937 0.320312 0.0237732
1 0.630566 0.535547 0.516992 0.444531 0.0195618
1 0.251953 0.615234 0.463281 0.769531 0.0192719
0 0.935156 0.416016 0.126563 0.417188 0.0175171
0 0.238672 0.428906 0.445312 0.390625 0.0140076
0 0.449609 0.723828 0.757031 0.552344 0.0100098
0 0.516797 0.721094 0.528906 0.546875 0.00656509
0 0.630566 0.535547 0.516992 0.444531 0.00530243
1 0.617969 0.422266 0.292969 0.214844 0.00419998
1 0.879492 0.800391 0.234766 0.399219 0.00382423
0 0.617969 0.422266 0.292969 0.214844 0.00348282
1 0.935156 0.416016 0.126563 0.417188 0.00293541
1 0.579687 0.62666 0.579687 0.60918 0.00214958
0 0.882031 0.80293 0.228125 0.394141 0.00211525
1 0.539453 0.735937 0.475781 0.517187 0.00206757
0 0.939062 0.48291 0.121875 0.274805 0.00176811
1 0.785937 0.798633 0.421875 0.402734 0.00153637
0 0.760938 0.435937 0.25625 0.223438 0.0011425
1 0.17373 0.777344 0.332227 0.428125 0.00101185
1 0.444629 0.726562 0.71543 0.54375 0.78125
0 0.567871 0.226172 0.400195 0.313281 0.487305
0 0.907031 0.386328 0.185937 0.478125 0.356689
1 0.440234 0.616406 0.857031 0.767187 0.210083
1 0.567187 0.232812 0.4 0.322656 0.180664
0 0.671094 0.439453 0.423438 0.246094 0.15686
1 0.678906 0.441797 0.41875 0.250781 0.149048
1 0.234375 0.482031 0.4375 0.498437 0.110657
1 0.266797 0.616016 0.500781 0.767969 0.100891
1 0.907031 0.386328 0.185937 0.478125 0.0586548
1 0.678125 0.565723 0.428125 0.501367 0.0494995
0 0.235156 0.433594 0.435937 0.404687 0.026062
0 0.936719 0.430371 0.121875 0.389258 0.0230713
0 0.626562 0.403223 0.314063 0.181055 0.0115967
0 0.939062 0.485156 0.11875 0.285937 0.0105667
0 0.678125 0.565723 0.428125 0.501367 0.00926971
1 0.640625 0.648438 0.503125 0.671875 0.00307465
1 0.936719 0.430371 0.121875 0.389258 0.00270462
0 0.904688 0.265674 0.190625 0.245215 0.00226974
1 0.617969 0.434375 0.303125 0.25 0.00184631
0 0.617969 0.434375 0.303125 0.25 0.00126934
0 0.444629 0.726562 0.71543 0.54375 0.00100422
1 0.444434 0.726562 0.71582 0.54375 0.777832
0 0.567969 0.226221 0.4 0.313184 0.488281
0 0.907422 0.386328 0.185156 0.478125 0.357666
1 0.440234 0.616406 0.857031 0.767187 0.216675
1 0.567187 0.232812 0.4 0.322656 0.17981
0 0.671094 0.439453 0.423438 0.246094 0.157349
1 0.678906 0.441797 0.41875 0.250781 0.148071
1 0.23418 0.482129 0.437891 0.498242 0.109131
1 0.267578 0.616016 0.502344 0.767969 0.10321
1 0.907422 0.386328 0.185156 0.478125 0.058136
1 0.678125 0.566504 0.428125 0.50293 0.0495911
0 0.235156 0.433691 0.435937 0.404492 0.0259552
0 0.936719 0.430469 0.121875 0.389844 0.0227966
0 0.626562 0.403223 0.314063 0.181055 0.0114212
0 0.939062 0.485156 0.11875 0.285937 0.0105667
0 0.678125 0.566504 0.428125 0.50293 0.00930023
1 0.639844 0.648438 0.50625 0.671875 0.00316048
1 0.936719 0.430469 0.121875 0.389844 0.00265312
0 0.904688 0.265674 0.190625 0.245215 0.00226974
1 0.617969 0.434277 0.303125 0.250195 0.0018177
0 0.617969 0.434277 0.303125 0.250195 0.00124931
