0 0.439063 0.385938 0.83125 0.769531 0.719238
1 0.473437 0.390723 0.910937 0.76543 0.173828
0 0.508594 0.547656 0.144531 0.176563 0.026062
1 0.491016 0.729688 0.971094 0.465625 0.0115051
0 0.286719 0.390625 0.573438 0.672656 0.0101318
0 0.415234 0.270312 0.830469 0.517187 0.00930023
0 0.485938 0.701563 0.946875 0.528125 0.00923157
0 0.491406 0.88125 0.967188 0.2375 0.008255
0 0.510156 0.845312 0.857813 0.304688 0.00754929
1 0.491406 0.88125 0.967188 0.2375 0.00734711
0 0.502344 0.942578 0.995313 0.114844 0.00600433
1 0.510156 0.845312 0.857813 0.304688 0.00540543
1 0.502344 0.942578 0.995313 0.114844 0.00508118
0 0.742578 0.855859 0.514844 0.288281 0.00421524
1 0.521875 0.966406 0.946875 0.0671875 0.00346947
1 0.414062 0.309766 0.828125 0.600781 0.00345612
0 0.667188 0.841406 0.090625 0.0953125 0.00293541
0 0.521875 0.966406 0.946875 0.0671875 0.00290108
0 0.23125 0.835156 0.0773437 0.165625 0.00271416
1 0.742578 0.855859 0.514844 0.288281 0.00257111
0 0.460156 0.640234 0.9125 0.299219 0.00253105
1 0.508594 0.547656 0.144531 0.176563 0.0024929
1 0.453125 0.641797 0.901563 0.347656 0.00231361
0 0.624219 0.473535 0.421875 0.535742 0.00225258
0 0.796094 0.820508 0.407813 0.299609 0.00213242
0 0.725391 0.357031 0.549219 0.589063 0.0020752
0 0.628125 0.589844 0.417188 0.325781 0.00202751
0 0.543066 0.782812 0.763867 0.39375 0.00200272
0 0.589844 0.851562 0.096875 0.182812 0.00192642
0 0.885156 0.285937 0.148438 0.161719 0.00183105
0 0.758594 0.450391 0.142188 0.260156 0.00179577
1 0.543066 0.782812 0.763867 0.39375 0.00176144
0 0.385156 0.596875 0.770312 0.33125 0.00175476
0 0.802539 0.671484 0.394922 0.400781 0.00167465
0 0.695312 0.260938 0.573438 0.504687 0.00162888
0 0.634375 0.862891 0.73125 0.274219 0.00160408
0 0.837109 0.671094 0.325781 0.539062 0.00146675
0 0.739844 0.463965 0.520312 0.779883 0.00138283
0 0.877148 0.0459961 0.245703 0.0919922 0.00131512
0 0.45 0.479785 0.9 0.566992 0.00121117
1 0.796094 0.820508 0.407813 0.299609 0.0012064
1 0.732031 0.348828 0.535937 0.552344 0.00118828
0 0.120508 0.304883 0.241016 0.579297 0.00115585
0 0.0753662 0.736719 0.143799 0.467187 0.00113392
1 0.582812 0.860937 0.0875 0.1625 0.00113392
0 0.389453 0.0397949 0.644531 0.0795898 0.0011158
0 0.185596 0.396875 0.36709 0.654688 0.00109005
0 0.765234 0.214453 0.421094 0.428906 0.00108624
0 0.0633301 0.696094 0.12666 0.35 0.00107288
0 0.738281 0.458984 0.114063 0.233594 0.00107288
0 0.71875 0.699219 0.489062 0.389062 0.00104427
0 0.8125 0.0628906 0.375 0.125781 0.00103664
0 0.857422 0.0682617 0.285156 0.136523 0.00103664
1 0.805664 0.694531 0.388672 0.482812 0.00103188
1 0.877148 0.0459961 0.245703 0.0919922 0.00100803
1 0.432813 0.402734 0.840625 0.738281 0.803223
0 0.430859 0.396973 0.841406 0.738867 0.262939
0 0.508594 0.552344 0.1625 0.176563 0.0322266
1 0.508594 0.552344 0.1625 0.176563 0.00293541
0 0.662109 0.332812 0.344531 0.517187 0.00123501
0 0.417188 0.407422 0.83125 0.685156 0.419678
1 0.417188 0.407422 0.83125 0.685156 0.335449
0 0.584375 0.611719 0.326562 0.303906 0.0247955
0 0.416406 0.317969 0.826563 0.471875 0.0149536
1 0.416406 0.317969 0.826563 0.471875 0.014389
0 0.537402 0.399219 0.586133 0.628125 0.00671768
0 0.547656 0.279736 0.565625 0.374902 0.00566483
1 0.626953 0.595312 0.411719 0.339063 0.00524139
0 0.628516 0.490234 0.416406 0.54375 0.00471878
0 0.517187 0.547656 0.171875 0.179688 0.00314713
1 0.611328 0.421777 0.450781 0.667383 0.00254059
0 0.435156 0.610156 0.421875 0.307813 0.00211525
0 0.574219 0.228125 0.515625 0.271094 0.00161648
0 0.580078 0.601562 0.467969 0.33125 0.00156116
1 0.547656 0.279736 0.565625 0.374902 0.00113392
0 0.674609 0.967188 0.650781 0.065625 0.00100803
0 0.424219 0.296875 0.804688 0.441406 0.78418
0 0.423828 0.415723 0.803906 0.685742 0.773926
1 0.424219 0.296875 0.804688 0.441406 0.126587
1 0.42041 0.408594 0.79668 0.678906 0.122742
0 0.621875 0.523047 0.385938 0.238281 0.03125
0 0.549219 0.532812 0.240625 0.221875 0.0297546
0 0.311719 0.644531 0.573438 0.229687 0.0159607
0 0.624219 0.453125 0.392188 0.38125 0.0155411
0 0.507812 0.546094 0.155469 0.1875 0.0137405
0 0.522754 0.269336 0.601367 0.381641 0.00806427
0 0.621875 0.401563 0.415625 0.560156 0.00614548
0 0.235547 0.414844 0.453906 0.6625 0.00502014
0 0.303906 0.695312 0.542969 0.139062 0.00424957
0 0.383984 0.663672 0.653906 0.192969 0.00374985
1 0.507812 0.546094 0.155469 0.1875 0.00300407
0 0.397754 0.599609 0.745117 0.323438 0.00252151
0 0.2625 0.6 0.503125 0.314063 0.00198746
1 0.626562 0.395703 0.40625 0.522656 0.00174809
0 0.2375 0.645312 0.428906 0.2125 0.00169373
0 0.00192871 0.467187 0.00385742 0.158594 0.0015974
0 0.189453 0.574219 0.353125 0.34375 0.00155449
0 0.601953 0.507422 0.450781 0.321875 0.00146675
1 0.624609 0.503516 0.407031 0.303906 0.00144958
0 0.220313 0.535156 0.423438 0.432813 0.00136185
0 0.00183105 0.526563 0.00366211 0.171094 0.00128937
0 0.00212402 0.420312 0.00424805 0.179688 0.00121117
0 0.691016 0.391406 0.292969 0.625781 0.00113392
0 0.754297 0.366406 0.171094 0.504687 0.00112915
0 0.597266 0.226953 0.424219 0.301562 0.00112057
0 0.571094 0.490723 0.296875 0.304492 0.00111198
0 0.558984 0.342969 0.535156 0.479688 0.00105667
0 0.426562 0.443848 0.825 0.64668 0.914062
0 0.68125 0.301172 0.30625 0.439063 0.0254669
1 0.429688 0.419531 0.83125 0.686719 0.0219421
0 0.669531 0.4 0.329688 0.64375 0.0119629
0 0.74375 0.302393 0.182812 0.393652 0.0103302
0 0.592188 0.417578 0.479688 0.682031 0.00441742
0 0.382812 0.560938 0.764844 0.382812 0.00365067
0 0.716016 0.292969 0.228906 0.484375 0.00261116
0 0.722656 0.333936 0.21875 0.33291 0.00181007
0 0.578516 0.542578 0.503906 0.446094 0.00161648
0 0.200732 0.474609 0.386816 0.542969 0.00147247
0 0.641016 0.271436 0.350781 0.380566 0.00147247
0 0.19043 0.576953 0.363281 0.338281 0.00145531
0 0.230859 0.617969 0.442969 0.259375 0.00110722
0 0.653125 0.500879 0.360938 0.524805 0.00101185
0 0.428906 0.411719 0.832812 0.703125 0.733398
1 0.428906 0.420312 0.829687 0.704687 0.303223
1 0.510156 0.554297 0.167187 0.175781 0.00763702
0 0.29668 0.560254 0.583203 0.39043 0.00511932
0 0.510156 0.554297 0.167187 0.175781 0.00291252
0 0.616797 0.416504 0.436719 0.682617 0.00216484
0 0.734375 0.328906 0.214062 0.292188 0.00187492
0 0.612109 0.311328 0.444531 0.473437 0.00167465
0 0.546094 0.373437 0.589063 0.596875 0.00122547
0 0.420703 0.419922 0.805469 0.686719 0.861816
1 0.420703 0.419922 0.805469 0.686719 0.0720825
0 0.625391 0.418066 0.421094 0.657617 0.00453949
0 0.420312 0.286719 0.807813 0.422656 0.00321007
0 0.512891 0.550781 0.167187 0.171094 0.00252151
0 0.600391 0.554688 0.478906 0.388281 0.00127888
0 0.603906 0.271875 0.453125 0.383594 0.00119209
0 0.429297 0.416797 0.800781 0.692969 0.833984
1 0.428125 0.418652 0.790625 0.698633 0.00874329
0 0.513281 0.546094 0.170312 0.1875 0.0024147
0 0.411719 0.433984 0.785937 0.678906 0.875488
0 0.513965 0.2875 0.629883 0.4125 0.00818634
0 0.514844 0.374609 0.626562 0.591406 0.00561905
1 0.424121 0.42666 0.787695 0.69043 0.00382423
0 0.202393 0.468848 0.383496 0.568555 0.00146103
0 0.316211 0.815625 0.129297 0.142188 0.00136662
0 0.50625 0.481641 0.646875 0.571094 0.0011692
0 0.421484 0.44541 0.800781 0.637305 0.923828
0 0.661719 0.402344 0.340625 0.633594 0.00415039
0 0.6 0.314453 0.465625 0.466406 0.00168705
0 0.595312 0.420996 0.478125 0.679883 0.00137806
1 0.423438 0.425 0.8 0.69375 0.00129986
0 0.421484 0.445703 0.800781 0.636719 0.924316
0 0.661719 0.402441 0.340625 0.63418 0.00419998
0 0.6 0.314648 0.465625 0.466016 0.0017004
0 0.595312 0.421094 0.478125 0.679688 0.00137806
1 0.423438 0.425 0.8 0.69375 0.00124454
