0 0.605371 0.491406 0.642383 0.842188 0.878906
0 0.480859 0.492188 0.403125 0.85 0.0226288
1 0.608203 0.496094 0.642969 0.83125 0.0159607
0 0.5 0.831445 1 0.337109 0.0102463
0 0.483594 0.759375 0.967188 0.48125 0.00446701
0 0.416406 0.492188 0.272656 0.853125 0.00434875
1 0.5 0.831445 1 0.337109 0.00317192
0 0.294922 0.501562 0.583594 0.976562 0.00304031
0 0.607129 0.35918 0.61543 0.586328 0.0029583
0 0.883398 0.719922 0.233203 0.560156 0.00294685
0 0.160742 0.499219 0.321484 0.967188 0.00286674
0 0.818555 0.784766 0.362891 0.430469 0.00279045
0 0.760156 0.821484 0.479688 0.357031 0.00273705
0 0.892969 0.18623 0.214062 0.372461 0.00264168
0 0.895312 0.121875 0.209375 0.24375 0.00193405
0 0.834766 0.25625 0.330469 0.5125 0.00188255
0 0.888281 0.266797 0.223438 0.533594 0.0018034
0 0.683203 0.858594 0.633594 0.282813 0.0017004
0 0.853711 0.811133 0.292578 0.377734 0.00164223
0 0.521484 0.888281 0.957031 0.223438 0.00151253
0 0.926172 0.480859 0.147656 0.807031 0.00149536
0 0.777539 0.482812 0.444922 0.81875 0.00148392
0 0.950781 0.501562 0.0984375 0.820312 0.00134563
0 0.890625 0.435156 0.21875 0.776563 0.00128937
1 0.483594 0.759375 0.967188 0.48125 0.00124931
0 0.860937 0.0609863 0.278125 0.121973 0.00121593
1 0.834766 0.25625 0.330469 0.5125 0.00113392
1 0.521484 0.888281 0.957031 0.223438 0.00108624
1 0.892969 0.18623 0.214062 0.372461 0.00104427
0 0.601562 0.478516 0.625 0.817969 0.854492
1 0.600684 0.482031 0.623633 0.823438 0.0388184
0 0.7625 0.476465 0.314063 0.77832 0.00519943
0 0.565234 0.0748047 0.102344 0.0412109 0.0028553
0 0.648438 0.14541 0.251563 0.14082 0.00228691
0 0.614453 0.361328 0.591406 0.589063 0.00168133
0 0.572656 0.0761719 0.145313 0.0519531 0.00105667
0 0.601953 0.487891 0.644531 0.800781 0.913574
1 0.607422 0.485156 0.641406 0.79375 0.0290833
0 0.601562 0.496777 0.626562 0.77832 0.896484
1 0.598437 0.491797 0.620313 0.761719 0.0216217
0 0.00240479 0.142578 0.00480957 0.232031 0.00327301
0 0.00234375 0.683984 0.0046875 0.275781 0.00302696
0 0.00234375 0.75625 0.0046875 0.284375 0.00298119
0 0.00236816 0.806445 0.00473633 0.280859 0.0029583
0 0.00234375 0.101855 0.0046875 0.198633 0.00261116
0 0.00240479 0.87207 0.00480957 0.255859 0.00261116
0 0.00234375 0.635938 0.0046875 0.26875 0.00260162
0 0.00234375 0.187061 0.0046875 0.25166 0.00225258
0 0.00229492 0.586719 0.00458984 0.257812 0.00215721
0 0.00231934 0.233008 0.00463867 0.260547 0.0019722
0 0.00228271 0.537891 0.00456543 0.252344 0.00183868
0 0.00231934 0.280859 0.00463867 0.261719 0.00183105
0 0.00230713 0.33125 0.00461426 0.257812 0.0017271
0 0.00230713 0.382422 0.00461426 0.253125 0.00169373
0 0.00228271 0.486035 0.00456543 0.24668 0.0016613
0 0.00230713 0.433984 0.00461426 0.247656 0.0016489
0 0.964453 0.488281 0.0710938 0.13125 0.00150108
0 0.964063 0.511719 0.071875 0.132812 0.00127411
0 0.964063 0.442578 0.071875 0.128906 0.00123978
0 0.603906 0.489844 0.626562 0.848437 0.925781
0 0.603125 0.658594 0.634375 0.475 0.00230598
1 0.607031 0.5 0.648438 0.815625 0.00178909
0 0.608203 0.477344 0.638281 0.835938 0.88623
1 0.608203 0.477344 0.638281 0.835938 0.0247955
0 0.41084 0.394629 0.262695 0.268555 0.00158501
0 0.593359 0.678125 0.647656 0.440625 0.00119686
0 0.612891 0.495313 0.621094 0.85625 0.915527
1 0.612891 0.495313 0.621094 0.85625 0.00748825
0 0.898828 0.0771484 0.202344 0.151562 0.0011692
0 0.347461 0.103125 0.276172 0.199219 0.00115108
0 0.606641 0.4875 0.614844 0.8 0.839355
1 0.604688 0.488672 0.629687 0.810156 0.00450516
0 0.605469 0.486328 0.632812 0.846094 0.892578
1 0.605469 0.486328 0.632812 0.846094 0.00338936
0 0.602734 0.484375 0.635156 0.828125 0.924805
1 0.599219 0.490234 0.634375 0.824219 0.00208282
0 0.602734 0.484375 0.635156 0.828125 0.924805
1 0.599219 0.490234 0.634375 0.824219 0.00206757
