0 0.393359 0.520703 0.172656 0.179688 0.430176
1 0.396777 0.520312 0.173633 0.182031 0.0541992
0 0.481641 0.660156 0.963281 0.679688 0.0103683
1 0.481641 0.660156 0.963281 0.679688 0.00763702
0 0.496875 0.514063 0.884375 0.971875 0.00471878
0 0.442578 0.519922 0.0929687 0.177344 0.00324821
0 0.286133 0.517578 0.555078 0.295312 0.00268364
0 0.46875 0.380859 0.884375 0.527344 0.00239754
0 0.556641 0.446484 0.671094 0.372656 0.00227928
0 0.312891 0.368359 0.622656 0.689844 0.00226021
0 0.550781 0.516406 0.578125 0.235938 0.00208282
0 0.163477 0.479688 0.326953 0.959375 0.00194931
1 0.496875 0.514063 0.884375 0.971875 0.00178909
0 0.407031 0.441797 0.814062 0.883594 0.0016489
0 0.400781 0.621777 0.801562 0.756445 0.00133038
1 0.442578 0.519922 0.0929687 0.177344 0.00116062
0 0.393359 0.51875 0.1875 0.180469 0.790039
1 0.392969 0.517578 0.188281 0.180469 0.133911
0 0.392969 0.582031 0.189063 0.046875 0.00185299
0 0.464844 0.508594 0.0367187 0.160938 0.00179577
1 0.46875 0.321094 0.9375 0.642187 0.00161076
1 0.470313 0.704297 0.928125 0.591406 0.00160408
0 0.391406 0.481641 0.182812 0.108594 0.00137234
1 0.621875 0.559375 0.684375 0.75625 0.00123501
0 0.46875 0.321094 0.9375 0.642187 0.00110722
0 0.470313 0.704297 0.928125 0.591406 0.00109005
0 0.464063 0.517969 0.0171875 0.151562 0.00103188
0 0.393066 0.525 0.179492 0.175 0.684082
1 0.393066 0.525 0.179492 0.175 0.0323486
0 0.395703 0.519531 0.184375 0.185937 0.563965
1 0.394531 0.517187 0.189844 0.18125 0.147827
0 0.00200195 0.138867 0.00400391 0.277734 0.00658798
0 0.00185547 0.0994141 0.00371094 0.198828 0.00400543
0 0.00203857 0.860547 0.00407715 0.278906 0.00344276
0 0.00187988 0.181641 0.00375977 0.353906 0.00329781
0 0.00192871 0.804883 0.00385742 0.337109 0.00300407
0 0.0019043 0.729688 0.00380859 0.346875 0.00250244
0 0.00183105 0.256055 0.00366211 0.362109 0.00234985
0 0.00186768 0.655469 0.00373535 0.351562 0.00211525
0 0.00184326 0.331201 0.00368652 0.362598 0.00206757
0 0.00186768 0.582031 0.00373535 0.35625 0.00176811
0 0.00184326 0.507129 0.00368652 0.35918 0.00162315
0 0.00184326 0.405859 0.00368652 0.363281 0.00158501
0 0.00197754 0.063916 0.00395508 0.127832 0.00137806
0 0.392285 0.517187 0.182617 0.182812 0.549805
1 0.392188 0.517969 0.179688 0.185156 0.290283
0 0.394434 0.517969 0.192383 0.190625 0.816895
1 0.396484 0.521875 0.192969 0.192188 0.0318604
0 0.517187 0.254297 0.903125 0.508594 0.00191212
0 0.510938 0.0581543 0.875 0.116309 0.00127411
0 0.395312 0.521094 0.1875 0.185937 0.688477
1 0.396875 0.517969 0.190625 0.182812 0.119995
0 0.510156 0.0992187 0.860937 0.198437 0.00178242
0 0.521484 0.2125 0.866406 0.425 0.00107288
0 0.39375 0.519922 0.189063 0.188281 0.786621
1 0.39375 0.519922 0.189063 0.188281 0.0113297
1 0.40625 0.585938 0.161719 0.0492188 0.00161076
0 0.396973 0.521875 0.18418 0.1875 0.637695
1 0.39541 0.517969 0.185742 0.184375 0.295898
0 0.507031 0.951563 0.873438 0.096875 0.0011158
0 0.391797 0.521094 0.186719 0.1875 0.626953
1 0.391797 0.51875 0.186719 0.185937 0.266602
0 0.391797 0.521094 0.186719 0.1875 0.625977
1 0.391797 0.51875 0.186719 0.185937 0.265137
