0 0.334375 0.403809 0.46875 0.32832 0.835938
0 0.247266 0.819727 0.441406 0.360547 0.75
0 0.803711 0.720312 0.392578 0.329688 0.558105
0 0.492188 0.773047 0.978125 0.453906 0.29248
0 0.397266 0.816016 0.727344 0.367969 0.102661
0 0.79668 0.929688 0.347266 0.140625 0.0894775
1 0.5 0.765625 1 0.46875 0.0825195
0 0.333203 0.319922 0.484375 0.494531 0.0264587
0 0.723828 0.717188 0.480469 0.329688 0.0226288
1 0.803711 0.720312 0.392578 0.329688 0.0201416
0 0.842969 0.934375 0.184375 0.128125 0.0167847
1 0.334375 0.403809 0.46875 0.32832 0.0156708
0 0.489062 0.301758 0.898438 0.562109 0.0155411
1 0.778125 0.928125 0.3125 0.14375 0.0154877
0 0.808594 0.848437 0.382812 0.303125 0.0117798
0 0.719922 0.935938 0.172656 0.125 0.00952148
0 0.792383 0.932813 0.290234 0.128125 0.00898743
1 0.255078 0.818945 0.446875 0.362109 0.00891876
0 0.516406 0.858984 0.967188 0.282031 0.00661469
1 0.489062 0.301758 0.898438 0.562109 0.00460815
1 0.8125 0.914062 0.375 0.171875 0.00439835
1 0.516406 0.858984 0.967188 0.282031 0.00341606
1 0.808594 0.848437 0.382812 0.303125 0.00325966
0 0.748438 0.935156 0.276563 0.129688 0.00322342
0 0.871875 0.934375 0.121875 0.128125 0.00322342
0 0.806641 0.773047 0.386719 0.453906 0.00313568
0 0.534375 0.91875 0.835938 0.1625 0.00265312
1 0.397266 0.816016 0.727344 0.367969 0.00226021
0 0.681641 0.333984 0.636719 0.535156 0.00219917
0 0.789258 0.373047 0.421484 0.510938 0.00201988
1 0.806641 0.773047 0.386719 0.453906 0.00193405
1 0.857813 0.934375 0.14375 0.128125 0.00176811
0 0.0679687 0.339453 0.135937 0.650781 0.00167465
0 0.0625977 0.573438 0.125195 0.70625 0.00165462
0 0.346289 0.353711 0.692578 0.686328 0.00162315
0 0.176367 0.808594 0.301953 0.348437 0.00156116
0 0.664453 0.719531 0.655469 0.375 0.00153065
0 0.118066 0.578516 0.236133 0.786719 0.00152493
0 0.747656 0.909375 0.4125 0.18125 0.00152493
0 0.0569824 0.735937 0.113965 0.4625 0.0014267
0 0.0855957 0.308203 0.171191 0.569531 0.00133514
0 0.866406 0.0588867 0.267188 0.117773 0.00133514
0 0.576172 0.888281 0.142969 0.204688 0.00123978
0 0.467969 0.380078 0.8375 0.392969 0.00121117
0 0.0805664 0.763281 0.161133 0.448438 0.00118828
0 0.757812 0.607422 0.484375 0.563281 0.00117874
1 0.866406 0.0588867 0.267188 0.117773 0.00112438
1 0.719922 0.935938 0.172656 0.125 0.00109482
1 0.723828 0.717188 0.480469 0.329688 0.00109005
0 0.0529297 0.314258 0.105859 0.571484 0.00106907
0 0.267188 0.760156 0.517187 0.45 0.00105667
0 0.349023 0.388184 0.574609 0.411133 0.00104809
1 0.541406 0.9 0.917188 0.2 0.00103188
0 0.799219 0.691406 0.401563 0.453125 0.00102425
0 0.1979 0.714063 0.393262 0.526563 0.00100803
0 0.247656 0.824219 0.439844 0.351562 0.615234
1 0.3375 0.404687 0.460938 0.325781 0.585938
1 0.249609 0.824219 0.442969 0.351562 0.509766
0 0.3375 0.404687 0.460938 0.325781 0.259033
1 0.789062 0.714453 0.36875 0.307031 0.223389
0 0.789062 0.714453 0.36875 0.307031 0.215332
0 0.586719 0.870313 0.184375 0.184375 0.0252686
0 0.781055 0.935156 0.309766 0.129688 0.0127258
0 0.247656 0.742188 0.440625 0.192188 0.00524139
1 0.782617 0.935938 0.312891 0.128125 0.00287819
1 0.247656 0.742188 0.440625 0.192188 0.00220871
0 0.740625 0.934375 0.225 0.13125 0.00135612
0 0.594531 0.660937 0.248437 0.246875 0.00132465
1 0.609375 0.871094 0.246875 0.173438 0.00113773
0 0.25332 0.826563 0.443359 0.345313 0.891113
0 0.344141 0.403906 0.460156 0.334375 0.869629
0 0.796094 0.717188 0.376563 0.3 0.79248
0 0.784375 0.93125 0.317187 0.1375 0.529297
1 0.784375 0.93125 0.317187 0.1375 0.0568542
1 0.338672 0.407715 0.467969 0.331445 0.0455933
1 0.252734 0.826367 0.442969 0.344141 0.0392761
1 0.79375 0.717578 0.367188 0.303906 0.0292053
0 0.560938 0.662109 0.176563 0.228906 0.0227966
0 0.5875 0.884375 0.184375 0.185937 0.0132217
0 0.138867 0.818945 0.232812 0.324609 0.0104904
0 0.0498535 0.378906 0.0989258 0.194531 0.00191879
0 0.767969 0.308984 0.4625 0.294531 0.00188923
0 0.735156 0.351221 0.501562 0.363184 0.00178909
1 0.560938 0.662109 0.176563 0.228906 0.00161076
0 0.690234 0.892969 0.486719 0.214062 0.00148964
0 0.471094 0.949219 0.220313 0.101562 0.00146675
0 0.792188 0.7125 0.360938 0.3 0.874512
0 0.253516 0.827344 0.430469 0.345313 0.87207
0 0.337695 0.408594 0.458984 0.321875 0.854492
0 0.786719 0.93125 0.304688 0.1375 0.689453
1 0.338281 0.401465 0.460938 0.325195 0.0667114
1 0.252734 0.824219 0.430469 0.351562 0.0406799
1 0.79082 0.708594 0.365234 0.307813 0.0360718
1 0.784375 0.929688 0.3 0.140625 0.0346985
0 0.972656 0.907812 0.0546875 0.1625 0.0133286
0 0.727344 0.709766 0.2375 0.314844 0.00818634
0 0.973437 0.879687 0.053125 0.142188 0.00669098
0 0.9875 0.905469 0.025 0.134375 0.00486755
0 0.969922 0.933594 0.0601562 0.132812 0.00405502
0 0.988281 0.928125 0.0234375 0.128125 0.0039444
0 0.988281 0.877344 0.0234375 0.123438 0.00314713
0 0.560156 0.65625 0.179688 0.25 0.00312424
0 0.986719 0.944531 0.0265625 0.110937 0.00219154
0 0.975 0.85625 0.05 0.134375 0.00168133
0 0.00126953 0.076123 0.00253906 0.152246 0.00167465
0 0.988672 0.851562 0.0226563 0.115625 0.00124931
0 0.985937 0.717578 0.028125 0.104687 0.00119209
0 0.985547 0.741016 0.0289063 0.0976562 0.00116539
0 0.0020752 0.0489258 0.00415039 0.0978516 0.0011034
0 0.973437 0.972266 0.053125 0.0554687 0.00106525
0 0.934375 0.0578125 0.13125 0.112891 0.00104809
0 0.79668 0.710938 0.362891 0.31875 0.883789
0 0.252344 0.819531 0.445312 0.35 0.872559
0 0.341016 0.405469 0.469531 0.326562 0.804199
0 0.749219 0.929688 0.23125 0.132812 0.667969
0 0.786133 0.932031 0.321484 0.13125 0.125732
1 0.339453 0.407129 0.467187 0.324805 0.0302734
1 0.250781 0.818555 0.442969 0.356641 0.0121002
1 0.79668 0.712109 0.362891 0.316406 0.00930023
0 0.589063 0.6625 0.227344 0.259375 0.00570679
0 0.892187 0.0572754 0.215625 0.113184 0.00300407
0 0.626172 0.688281 0.296094 0.304688 0.0029583
0 0.989844 0.880078 0.0203125 0.239844 0.00237846
0 0.5625 0.660547 0.165625 0.233594 0.00223351
1 0.755469 0.929688 0.245312 0.134375 0.00200272
0 0.167969 0.814062 0.28125 0.342187 0.00183105
0 0.991406 0.152832 0.0171875 0.208789 0.0014267
0 0.990625 0.919531 0.01875 0.160938 0.00104046
0 0.990234 0.671875 0.0195312 0.401563 0.00101185
0 0.252148 0.819531 0.453516 0.360938 0.914062
0 0.796094 0.711719 0.371875 0.31875 0.865234
0 0.336914 0.401172 0.466016 0.338281 0.854492
0 0.785937 0.933594 0.326562 0.132812 0.540039
0 0.559375 0.655469 0.179688 0.254687 0.0477905
0 0.586719 0.878125 0.179688 0.2 0.0213623
1 0.796875 0.7125 0.36875 0.31875 0.0200195
1 0.341016 0.401563 0.465625 0.339063 0.0145569
1 0.785937 0.933594 0.326562 0.132812 0.00800323
1 0.250391 0.817187 0.450781 0.365625 0.00428009
0 0.874414 0.0543945 0.251172 0.108789 0.00426483
1 0.559375 0.655469 0.179688 0.254687 0.00279999
0 0.521094 0.0838379 0.907812 0.167676 0.00273705
1 0.521094 0.0838379 0.907812 0.167676 0.00253105
0 0.766016 0.358594 0.466406 0.447656 0.00134563
0 0.442187 0.410156 0.264844 0.321094 0.00102043
0 0.250195 0.823633 0.443359 0.352734 0.887695
0 0.338672 0.403516 0.460938 0.329688 0.876465
0 0.79375 0.710156 0.364062 0.3125 0.858887
0 0.78457 0.933594 0.315234 0.132812 0.401611
0 0.832812 0.928125 0.210938 0.1375 0.0184784
1 0.79375 0.710156 0.364062 0.3125 0.0183716
0 0.55625 0.660547 0.160938 0.247656 0.0131226
1 0.054834 0.382031 0.090332 0.201562 0.00818634
0 0.054834 0.382031 0.090332 0.201562 0.00734711
1 0.250195 0.823633 0.443359 0.352734 0.00577545
1 0.338672 0.403516 0.460938 0.329688 0.00518036
1 0.78457 0.933594 0.315234 0.132812 0.0046463
0 0.560156 0.6125 0.178125 0.35 0.00309944
0 0.769922 0.342969 0.460156 0.39375 0.00246239
0 0.595312 0.857813 0.205469 0.28125 0.00214958
0 0.864062 0.928125 0.153125 0.14375 0.00204277
0 0.585156 0.879687 0.173438 0.220313 0.00162315
0 0.898438 0.0560547 0.203125 0.112109 0.00139904
0 0.250781 0.824609 0.442969 0.350781 0.860352
0 0.341797 0.406641 0.459375 0.329688 0.848633
0 0.793555 0.711719 0.362891 0.315625 0.847656
0 0.785937 0.930469 0.31875 0.1375 0.582031
0 0.5625 0.657812 0.185937 0.234375 0.0266571
1 0.794531 0.709766 0.367188 0.311719 0.00901794
0 0.232422 0.749609 0.408594 0.200781 0.00553513
1 0.792383 0.932813 0.290234 0.13125 0.00540543
1 0.341797 0.405078 0.458594 0.326562 0.00395966
0 0.578125 0.878125 0.173438 0.190625 0.00370789
1 0.252734 0.824414 0.442187 0.351172 0.00282288
0 0.610156 0.675391 0.279687 0.271094 0.00148964
0 0.571875 0.621875 0.19375 0.167187 0.00134087
0 0.765234 0.934375 0.239844 0.13125 0.00130939
0 0.889063 0.0550781 0.221875 0.110156 0.00121593
0 0.663281 0.666406 0.385938 0.25625 0.00108147
0 0.25 0.826758 0.4375 0.343359 0.863281
0 0.338672 0.40791 0.464844 0.32793 0.827148
0 0.792969 0.716797 0.367188 0.311719 0.816895
0 0.780469 0.932813 0.315625 0.132812 0.435791
1 0.79375 0.714063 0.365625 0.3125 0.0207977
1 0.781055 0.930469 0.312891 0.139062 0.0128708
1 0.342578 0.407031 0.460938 0.325 0.0117798
0 0.558594 0.658984 0.175 0.244531 0.0112457
1 0.251172 0.826758 0.438281 0.346484 0.00500107
0 0.895312 0.0575195 0.20625 0.115039 0.00282288
0 0.573438 0.879687 0.175 0.196875 0.00206757
1 0.0530151 0.375781 0.0900635 0.1875 0.00110722
0 0.0530151 0.375781 0.0900635 0.1875 0.00102425
0 0.248828 0.826563 0.440625 0.346875 0.910645
0 0.342383 0.407422 0.455859 0.326562 0.876465
0 0.792383 0.715234 0.362109 0.311719 0.871582
0 0.781445 0.932031 0.318359 0.135937 0.647949
1 0.779688 0.930859 0.3125 0.138281 0.024704
1 0.342578 0.408691 0.455469 0.329492 0.0191193
1 0.792188 0.715625 0.360938 0.315625 0.0150757
1 0.249219 0.826953 0.442969 0.346094 0.0085144
0 0.556641 0.659375 0.171094 0.246875 0.005867
1 0.556641 0.659375 0.171094 0.246875 0.00100803
0 0.248828 0.826563 0.440625 0.346875 0.910645
0 0.342383 0.407422 0.455859 0.326562 0.876465
0 0.792383 0.715234 0.362109 0.311719 0.871582
0 0.781445 0.932031 0.318359 0.135937 0.648926
1 0.779688 0.930859 0.3125 0.138281 0.0240936
1 0.342578 0.408691 0.455469 0.329492 0.0189362
1 0.792188 0.715625 0.360938 0.315625 0.0149002
1 0.249219 0.826953 0.442969 0.346094 0.00844574
0 0.556641 0.659375 0.171094 0.246875 0.00577545
