0 0.462891 0.518359 0.880469 0.803906 0.802734
1 0.478516 0.517969 0.957031 0.8 0.0923462
0 0.267578 0.528223 0.530469 0.791992 0.0822754
0 0.175195 0.527441 0.35 0.787305 0.0306244
0 0.700781 0.846094 0.598437 0.307813 0.00391388
0 0.773438 0.79375 0.453125 0.4125 0.00275803
0 0.466406 0.795508 0.932813 0.358984 0.00227928
0 0.125781 0.517578 0.249219 0.791406 0.00216484
0 0.545313 0.188867 0.28125 0.105859 0.00191212
0 0.479688 0.375 0.959375 0.485938 0.00174141
0 0.479688 0.196094 0.959375 0.392188 0.00166798
0 0.825977 0.837109 0.348047 0.325781 0.00154305
1 0.700781 0.846094 0.598437 0.307813 0.00149536
0 0.856641 0.799414 0.286719 0.401172 0.0014782
1 0.267578 0.528223 0.530469 0.791992 0.00146675
0 0.467187 0.0700195 0.90625 0.140039 0.00137806
1 0.773438 0.79375 0.453125 0.4125 0.00134563
0 0.106836 0.971094 0.211328 0.0578125 0.00131989
0 0.483594 0.861914 0.967188 0.276172 0.00131512
0 0.810938 0.726562 0.378125 0.525 0.00117397
0 0.657031 0.911719 0.685938 0.176563 0.00109482
0 0.952344 0.248633 0.0953125 0.443359 0.00108624
0 0.924219 0.339844 0.151562 0.521875 0.00106907
1 0.467187 0.0700195 0.90625 0.140039 0.00103188
0 0.891406 0.360156 0.217187 0.517187 0.00102425
0 0.85918 0.0447266 0.281641 0.0894531 0.00102425
1 0.172461 0.945312 0.344922 0.109375 0.00101185
1 0.485938 0.538672 0.95625 0.824219 0.618652
0 0.485938 0.538672 0.95625 0.824219 0.583984
0 0.529688 0.171875 0.0296875 0.138281 0.00264168
0 0.542188 0.184375 0.425 0.104687 0.00141048
0 0.533203 0.153027 0.0304688 0.143945 0.00117874
1 0.487891 0.541406 0.971094 0.798437 0.700684
0 0.489062 0.539453 0.96875 0.805469 0.32251
0 0.665625 0.255029 0.614062 0.236816 0.00189686
0 0.53125 0.101074 0.065625 0.183789 0.00183868
0 0.642285 0.310352 0.67168 0.357422 0.00154305
0 0.683203 0.547266 0.546094 0.767969 0.00134563
1 0.493359 0.562891 0.960156 0.771094 0.72168
0 0.478125 0.552344 0.93125 0.790625 0.514648
0 0.651172 0.325586 0.632031 0.362109 0.00498199
0 0.26543 0.558691 0.530859 0.762305 0.00202751
0 0.990625 0.420312 0.01875 0.0796875 0.00193405
0 0.989453 0.444531 0.0210938 0.0820312 0.00182438
0 0.987891 0.470313 0.0242187 0.0890625 0.00176811
0 0.987109 0.496484 0.0257812 0.0945313 0.00174809
1 0.651172 0.325586 0.632031 0.362109 0.00173378
0 0.220703 0.3875 0.428906 0.475781 0.00168133
0 0.00187988 0.641406 0.00375977 0.16875 0.0015192
0 0.00155029 0.518359 0.00310059 0.11875 0.00147247
0 0.991406 0.391406 0.0171875 0.0757812 0.00144386
0 0.00157471 0.542969 0.00314941 0.124219 0.00141048
1 0.532422 0.217187 0.827344 0.180469 0.00140476
0 0.717969 0.301953 0.476562 0.322656 0.00139427
1 0.560938 0.196924 0.66875 0.138184 0.00137806
0 0.986719 0.519531 0.0265625 0.096875 0.00136662
0 0.00148926 0.494531 0.00297852 0.123438 0.00127411
0 0.532422 0.217187 0.827344 0.180469 0.00127411
0 0.00157471 0.56875 0.00314941 0.134375 0.00126457
0 0.00161133 0.594531 0.00322266 0.15 0.0012598
0 0.00196533 0.682813 0.00393066 0.157813 0.00117397
0 0.532031 0.342773 0.854688 0.416016 0.00112438
0 0.528125 0.188086 0.83125 0.131641 0.00109863
0 0.991797 0.364648 0.0164062 0.0792969 0.00103188
0 0.484766 0.542969 0.964844 0.821875 0.743164
1 0.480469 0.529297 0.960938 0.844531 0.332031
0 0.991797 0.399609 0.0164062 0.407813 0.0111618
0 0.991016 0.470313 0.0179687 0.425 0.00500107
0 0.638379 0.478809 0.64668 0.681445 0.00452042
0 0.735547 0.45625 0.467969 0.634375 0.00390053
0 0.764063 0.376465 0.40625 0.46582 0.00174141
0 0.991797 0.321484 0.0164062 0.326562 0.0017004
1 0.259766 0.723047 0.514063 0.466406 0.00168133
0 0.5 0.0988281 0.128906 0.13125 0.00150108
1 0.730859 0.530078 0.467969 0.789844 0.00133514
1 0.638379 0.478809 0.64668 0.681445 0.0012207
1 0.492188 0.544141 0.96875 0.835156 0.753418
0 0.5 0.539062 0.971875 0.828125 0.632324
0 0.665625 0.487891 0.617188 0.716406 0.00188255
0 0.325781 0.366016 0.607031 0.471094 0.00114727
1 0.293945 0.728906 0.579297 0.45625 0.00101185
0 0.499219 0.54375 0.954687 0.840625 0.793945
1 0.496094 0.548437 0.95625 0.803125 0.744141
0 0.507031 0.301367 0.932813 0.355078 0.00190449
0 0.501172 0.408984 0.953906 0.566406 0.00106525
0 0.485938 0.539062 0.925 0.828125 0.833008
1 0.48125 0.541016 0.91875 0.836719 0.287842
0 0.496875 0.550781 0.939062 0.839063 0.830078
1 0.496094 0.548437 0.935938 0.85 0.46875
0 0.480859 0.545313 0.928906 0.823438 0.882812
1 0.472266 0.553516 0.914844 0.833594 0.432129
0 0.480859 0.545703 0.928906 0.824219 0.882812
1 0.472266 0.553516 0.914844 0.833594 0.432129
