0 0.489062 0.520312 0.765625 0.815625 0.725098
1 0.489062 0.520312 0.765625 0.815625 0.0889893
0 0.3125 0.527344 0.416406 0.81875 0.00486755
0 0.685938 0.864258 0.628125 0.271484 0.00362206
0 0.727344 0.802148 0.545313 0.395703 0.00321007
0 0.934766 0.488281 0.130469 0.885938 0.00283432
1 0.3125 0.527344 0.416406 0.81875 0.00219154
0 0.472656 0.333008 0.823438 0.551953 0.00203514
0 0.765234 0.750781 0.469531 0.498437 0.00179577
0 0.867969 0.708594 0.264062 0.565625 0.00164223
0 0.464453 0.357031 0.911719 0.714063 0.00161648
0 0.467578 0.234961 0.935156 0.469922 0.0015192
0 0.758594 0.477344 0.482812 0.889063 0.00142097
0 0.171094 0.680469 0.116406 0.203125 0.00141621
0 0.0646973 0.455859 0.129395 0.874219 0.00141048
0 0.480469 0.862305 0.960938 0.275391 0.00127411
1 0.685938 0.864258 0.628125 0.271484 0.00122547
0 0.225049 0.520312 0.240527 0.803125 0.00119686
0 0.363867 0.848828 0.727734 0.302344 0.00117874
0 0.795313 0.398047 0.409375 0.796094 0.00116539
1 0.727344 0.802148 0.545313 0.395703 0.00116062
0 0.05625 0.439844 0.1125 0.75 0.00112915
0 0.192969 0.479688 0.170312 0.140625 0.00108624
1 0.472656 0.333008 0.823438 0.551953 0.00108147
0 0.9125 0.420312 0.175 0.840625 0.00106907
0 0.0775879 0.359766 0.155176 0.719531 0.00102425
0 0.858789 0.304492 0.282422 0.608984 0.00101662
0 0.469922 0.140137 0.913281 0.280273 0.00101185
0 0.321094 0.418359 0.642187 0.836719 0.00100803
1 0.48916 0.528906 0.75918 0.823438 0.65918
0 0.488281 0.532812 0.764063 0.815625 0.609375
1 0.674219 0.524219 0.385938 0.782812 0.00100422
0 0.487891 0.524609 0.772656 0.802344 0.839844
1 0.49375 0.521875 0.765625 0.809375 0.157959
0 0.486719 0.521484 0.757812 0.794531 0.913574
1 0.485156 0.529688 0.751562 0.803125 0.0499573
0 0.00197754 0.141406 0.00395508 0.184766 0.00307465
0 0.00205078 0.814844 0.00410156 0.176563 0.00287819
0 0.00205078 0.764453 0.00410156 0.174219 0.00266266
0 0.00178223 0.0953369 0.00356445 0.171436 0.00265312
0 0.00201416 0.615625 0.00402832 0.15625 0.00263214
0 0.00205078 0.715625 0.00410156 0.165625 0.00263214
0 0.0020752 0.860156 0.00415039 0.173438 0.00255013
0 0.00201416 0.666406 0.00402832 0.1625 0.00255013
0 0.00200195 0.567578 0.00400391 0.151562 0.00247192
0 0.00200195 0.517969 0.00400391 0.146875 0.00235939
0 0.00197754 0.467578 0.00395508 0.146094 0.00221634
0 0.00195312 0.416504 0.00390625 0.149805 0.00191879
0 0.00198975 0.913281 0.00397949 0.173438 0.00188255
0 0.00195312 0.189063 0.00390625 0.185156 0.00188255
0 0.00197754 0.238623 0.00395508 0.178223 0.0016489
0 0.00194092 0.364062 0.00388184 0.157813 0.00164223
0 0.00196533 0.314258 0.00393066 0.164453 0.00161076
0 0.00187988 0.0581055 0.00375977 0.116211 0.0011425
0 0.300195 0.52959 0.381641 0.77832 0.00113392
0 0.483203 0.528906 0.780469 0.826563 0.916504
1 0.479297 0.536719 0.791406 0.829687 0.00867462
0 0.485547 0.709766 0.760156 0.467969 0.00293541
0 0.407031 0.731641 0.55625 0.417969 0.00186729
0 0.992188 0.329297 0.015625 0.339844 0.00131512
0 0.992188 0.421875 0.015625 0.295312 0.0012207
0 0.991797 0.90625 0.0164062 0.1875 0.00115585
0 0.485254 0.540625 0.782617 0.834375 0.789062
1 0.4875 0.536328 0.771875 0.852344 0.230957
0 0.492188 0.725 0.770312 0.45625 0.00191879
1 0.451172 0.732813 0.692969 0.442187 0.0014782
0 0.523047 0.0394531 0.899219 0.0789063 0.00145531
0 0.519531 0.0878906 0.8875 0.175781 0.00127411
0 0.5 0.537891 0.75 0.846094 0.910156
1 0.498828 0.530078 0.749219 0.807031 0.00588989
0 0.510938 0.0553223 0.86875 0.109668 0.0015192
0 0.489453 0.525781 0.742969 0.810938 0.907227
1 0.489453 0.525781 0.742969 0.810938 0.00298119
0 0.49541 0.532031 0.756055 0.832812 0.904785
1 0.494922 0.532812 0.761719 0.83125 0.00941467
0 0.494629 0.532812 0.766992 0.821875 0.941895
0 0.494531 0.532812 0.767187 0.821875 0.942871
