1 0.743359 0.446094 0.444531 0.650781 0.450439
1 0.276563 0.512109 0.475 0.875781 0.359375
1 0.271484 0.361914 0.467187 0.591016 0.0808105
0 0.743359 0.446094 0.444531 0.650781 0.0739746
1 0.466406 0.532812 0.871875 0.934375 0.0584412
0 0.767969 0.623438 0.398438 0.314063 0.0392761
1 0.766406 0.584375 0.396875 0.409375 0.0360107
1 0.197217 0.404785 0.327441 0.638867 0.0278015
1 0.557813 0.889844 0.884375 0.220313 0.0222473
0 0.767969 0.538281 0.39375 0.484375 0.0179138
1 0.359375 0.494141 0.429688 0.830469 0.0155411
0 0.557813 0.889844 0.884375 0.220313 0.0124283
1 0.602246 0.455859 0.748633 0.683594 0.0123367
1 0.492969 0.865234 0.964063 0.269531 0.0085144
0 0.281055 0.470703 0.483203 0.808594 0.0068779
0 0.492969 0.865234 0.964063 0.269531 0.00626373
1 0.722656 0.356641 0.409375 0.477344 0.00600433
1 0.537891 0.136328 0.302344 0.272656 0.0055542
0 0.865625 0.15127 0.26875 0.302539 0.00475693
1 0.651563 0.891406 0.51875 0.217187 0.0042305
0 0.646875 0.6625 0.132812 0.207813 0.00413513
1 0.500781 0.808008 0.964063 0.383984 0.00387001
0 0.630078 0.839844 0.075 0.104687 0.00345612
0 0.535937 0.137109 0.3125 0.274219 0.00331116
0 0.873828 0.205859 0.252344 0.411719 0.00316048
0 0.880664 0.110937 0.238672 0.221875 0.0029583
0 0.651563 0.891406 0.51875 0.217187 0.00290108
0 0.500781 0.808008 0.964063 0.383984 0.00277901
1 0.281445 0.278125 0.387891 0.421875 0.00273705
1 0.731641 0.64375 0.324219 0.275 0.00264168
1 0.655469 0.350391 0.332812 0.46875 0.00258064
0 0.197217 0.404785 0.327441 0.638867 0.0024929
1 0.850781 0.295312 0.298438 0.590625 0.00233269
1 0.188281 0.696094 0.376563 0.595312 0.00232315
0 0.0805908 0.125781 0.150146 0.251563 0.00224304
0 0.802539 0.223633 0.394922 0.447266 0.00223351
0 0.380371 0.532422 0.686133 0.897656 0.00223351
1 0.44375 0.535937 0.2625 0.659375 0.00221634
1 0.466309 0.684375 0.214258 0.364062 0.00210762
1 0.873828 0.205859 0.252344 0.411719 0.00201988
0 0.669922 0.976562 0.178906 0.04375 0.00200272
1 0.571875 0.129785 0.4625 0.25957 0.00197983
1 0.0973633 0.12793 0.190039 0.255859 0.00188923
1 0.802539 0.223633 0.394922 0.447266 0.0018177
0 0.850781 0.295312 0.298438 0.590625 0.00170708
0 0.358984 0.839063 0.690625 0.321875 0.00168705
0 0.691016 0.665625 0.138281 0.2125 0.00168705
1 0.575781 0.171484 0.354688 0.342969 0.00168133
1 0.489062 0.582031 0.182812 0.540625 0.0016613
0 0.571875 0.129785 0.4625 0.25957 0.0016489
1 0.865625 0.15127 0.26875 0.302539 0.00162315
0 0.104199 0.112305 0.208398 0.224609 0.00161648
1 0.799219 0.333008 0.401563 0.654297 0.00158501
0 0.221094 0.845508 0.434375 0.308984 0.00157356
1 0.412109 0.241992 0.630469 0.482422 0.00147247
0 0.233643 0.620313 0.145215 0.195312 0.00147247
1 0.358984 0.839063 0.690625 0.321875 0.00146675
1 0.492969 0.667188 0.170312 0.373437 0.00142097
0 0.505078 0.494141 0.905469 0.785156 0.00139904
0 0.0658691 0.128711 0.131738 0.257422 0.00138855
1 0.775195 0.647656 0.399609 0.339063 0.00135136
1 0.454004 0.0667969 0.688867 0.133594 0.00134563
1 0.264844 0.229102 0.303906 0.324609 0.00134087
0 0.838672 0.893359 0.322656 0.213281 0.00133514
1 0.221094 0.845508 0.434375 0.308984 0.00133514
0 0.625781 0.666406 0.110937 0.192188 0.00132465
1 0.630078 0.839844 0.075 0.104687 0.00131989
0 0.827734 0.109082 0.344531 0.218164 0.00131512
1 0.811328 0.896094 0.377344 0.207813 0.00131512
1 0.132812 0.132031 0.25 0.264062 0.00130463
1 0.460938 0.122852 0.442969 0.245703 0.00130463
0 0.766016 0.171289 0.467969 0.342578 0.00129986
0 0.8375 0.0529297 0.325 0.105859 0.00128937
1 0.198047 0.116016 0.244922 0.15 0.00127411
0 0.602246 0.455859 0.748633 0.683594 0.00126457
1 0.915625 0.342773 0.16875 0.601953 0.00125504
0 0.919531 0.941406 0.160938 0.117188 0.00124931
0 0.0725586 0.0994141 0.145117 0.198828 0.00121593
1 0.0658691 0.128711 0.131738 0.257422 0.00121117
0 0.056543 0.0376953 0.113086 0.0753906 0.0012064
0 0.722656 0.356641 0.409375 0.477344 0.00117874
1 0.256836 0.126953 0.289453 0.135937 0.00116539
1 0.0541992 0.155273 0.108398 0.268359 0.00116062
0 0.915625 0.342773 0.16875 0.601953 0.00112057
0 0.0541992 0.155273 0.108398 0.268359 0.0011158
1 0.203955 0.0231689 0.39209 0.0463379 0.00108147
0 0.27168 0.338281 0.470703 0.541406 0.00107765
1 0.0291016 0.348633 0.0582031 0.188672 0.00107288
0 0.466309 0.684375 0.214258 0.364062 0.00106907
0 0.799219 0.333008 0.401563 0.654297 0.00106907
0 0.454004 0.0667969 0.688867 0.133594 0.00105667
0 0.0291016 0.348633 0.0582031 0.188672 0.00105667
1 0.272656 0.869141 0.545313 0.261719 0.00104809
0 0.119336 0.0737793 0.238672 0.147559 0.00103188
1 0.843359 0.394531 0.313281 0.632812 0.00103188
0 0.272656 0.869141 0.545313 0.261719 0.00100803
1 0.496094 0.448047 0.948438 0.738281 0.90625
1 0.762891 0.450781 0.399219 0.654688 0.377441
1 0.335156 0.471094 0.609375 0.785937 0.159424
0 0.745703 0.45 0.435156 0.65 0.042572
0 0.692969 0.980469 0.315625 0.0390625 0.0327148
0 0.751172 0.984375 0.346094 0.03125 0.016983
0 0.662109 0.980859 0.444531 0.0382813 0.0131683
1 0.692969 0.980469 0.315625 0.0390625 0.00818634
0 0.735156 0.99375 0.275 0.0125 0.00695801
0 0.630469 0.826563 0.0859375 0.08125 0.00538635
1 0.732422 0.9875 0.278906 0.025 0.00407028
1 0.662109 0.980859 0.444531 0.0382813 0.00348282
0 0.823438 0.451953 0.301562 0.655469 0.00242424
0 0.496094 0.448047 0.948438 0.738281 0.00227928
0 0.696875 0.992188 0.423438 0.015625 0.00226021
1 0.737109 0.985156 0.408594 0.0296875 0.0016489
1 0.422266 0.732031 0.824219 0.535937 0.00156689
1 0.0507812 0.644434 0.101562 0.689258 0.00148964
0 0.624219 0.820312 0.103125 0.065625 0.00143242
1 0.418848 0.626953 0.320117 0.500781 0.00132465
0 0.757812 0.997656 0.34375 0.0046875 0.00127888
1 0.226562 0.661719 0.199609 0.1125 0.00124931
1 0.392285 0.586621 0.42168 0.554883 0.00122547
1 0.766406 0.860937 0.114063 0.13125 0.00121117
1 0.0359375 0.536719 0.071875 0.848437 0.00113392
0 0.766406 0.860937 0.114063 0.13125 0.00110722
1 0.53916 0.622266 0.598242 0.508594 0.00104809
1 0.746875 0.451562 0.445312 0.642187 0.606934
1 0.284961 0.458984 0.507422 0.788281 0.360352
1 0.37168 0.407715 0.725391 0.658008 0.178955
1 0.482812 0.453906 0.940625 0.78125 0.0838623
0 0.751953 0.455859 0.432031 0.646094 0.0306702
1 0.23418 0.633203 0.173047 0.177344 0.0200195
1 0.908594 0.946094 0.182812 0.107813 0.0187683
1 0.532422 0.909375 0.154687 0.165625 0.0178528
1 0.624219 0.839063 0.0882813 0.1 0.0127716
1 0.369531 0.444141 0.416406 0.576563 0.0108566
1 0.28125 0.807813 0.1875 0.128125 0.0104065
1 0.375391 0.528516 0.146094 0.248437 0.00937653
1 0.5 0.64375 0.160938 0.23125 0.00898743
1 0.388281 0.685938 0.134375 0.2125 0.00894928
1 0.479297 0.412402 0.827344 0.595508 0.0085144
1 0.938281 0.801562 0.123438 0.1875 0.00703812
1 0.413672 0.695312 0.179688 0.207813 0.00614548
0 0.676953 0.977344 0.205469 0.0453125 0.00602722
1 0.499219 0.600781 0.164062 0.182812 0.00600433
1 0.527734 0.882812 0.133594 0.1125 0.00577545
1 0.388672 0.628906 0.142969 0.264062 0.00575256
1 0.39375 0.725781 0.139062 0.2 0.0051384
1 0.657031 0.867188 0.139844 0.15 0.00494385
1 0.212109 0.611719 0.20625 0.20625 0.00446701
1 0.938281 0.836719 0.123438 0.123438 0.00443268
1 0.254687 0.601562 0.135937 0.24375 0.00443268
1 0.79668 0.865625 0.159766 0.134375 0.00407028
1 0.0566406 0.543359 0.113281 0.392188 0.00388527
1 0.271826 0.832031 0.196191 0.178125 0.00382423
1 0.676953 0.977344 0.205469 0.0453125 0.00379562
0 0.656641 0.977344 0.252344 0.0453125 0.00374985
0 0.96875 0.278711 0.0625 0.316797 0.00353813
1 0.416016 0.65625 0.16875 0.228125 0.00336266
1 0.370703 0.639453 0.125781 0.232812 0.00332451
1 0.364258 0.55 0.127734 0.201562 0.00328636
1 0.485938 0.694531 0.174219 0.209375 0.00324821
1 0.277344 0.355469 0.476562 0.582812 0.00321007
1 0.370313 0.574609 0.132812 0.271094 0.00313568
1 0.482031 0.810156 0.964063 0.379687 0.00294685
1 0.616406 0.859375 0.115625 0.11875 0.00293541
1 0.0834961 0.55625 0.159961 0.320312 0.00282288
1 0.480469 0.612891 0.129688 0.182031 0.00281143
1 0.485156 0.890234 0.970312 0.219531 0.00281143
1 0.449219 0.699219 0.185937 0.203125 0.00271416
0 0.012915 0.350195 0.0258301 0.390234 0.00263214
1 0.476562 0.726953 0.19375 0.191406 0.00259018
1 0.607813 0.305664 0.153125 0.351172 0.00230598
1 0.225 0.578906 0.166797 0.253125 0.00208282
0 0.00965576 0.851367 0.0193115 0.297266 0.00194931
1 0.117383 0.464844 0.157422 0.225 0.00191212
0 0.529688 0.125781 0.276563 0.246484 0.00177479
1 0.503125 0.55 0.15 0.20625 0.00173378
0 0.624219 0.839063 0.0882813 0.1 0.00168705
1 0.627734 0.875 0.110156 0.165625 0.00168705
1 0.457422 0.667969 0.142969 0.203125 0.00167465
1 0.501562 0.503906 0.13125 0.182812 0.00167465
1 0.586719 0.821094 0.165625 0.114063 0.0016613
1 0.694531 0.870313 0.190625 0.153125 0.0016613
0 0.0888672 0.102441 0.177734 0.195508 0.00163555
1 0.76875 0.867188 0.142188 0.140625 0.0015974
0 0.90625 0.95 0.1875 0.1 0.00151253
1 0.485156 0.585156 0.133594 0.1875 0.00150108
1 0.38125 0.492969 0.148438 0.20625 0.00148964
1 0.776563 0.561719 0.384375 0.43125 0.00146103
1 0.258203 0.80918 0.174219 0.147266 0.00144958
0 0.0322998 0.392578 0.0645996 0.266406 0.00137234
1 0.414453 0.742578 0.171875 0.186719 0.00132465
1 0.575 0.801758 0.15 0.102734 0.0012846
0 0.242969 0.0523437 0.35625 0.096875 0.00123501
0 0.0201904 0.408594 0.0403809 0.44375 0.00121593
1 0.558594 0.853125 0.120312 0.115625 0.0012064
1 0.656641 0.977344 0.252344 0.0453125 0.00117874
1 0.735937 0.871875 0.16875 0.15 0.00114727
0 0.607813 0.305664 0.153125 0.351172 0.00113773
1 0.4625 0.622266 0.113281 0.185156 0.00112438
1 0.294141 0.861719 0.588281 0.276563 0.0011034
1 0.589063 0.345313 0.1375 0.265625 0.00109863
1 0.193164 0.567187 0.206641 0.226562 0.00108147
0 0.0134277 0.880859 0.0268555 0.238281 0.00101662
1 0.535937 0.436328 0.8625 0.702344 0.405518
1 0.49375 0.529688 0.959375 0.9125 0.166138
1 0.746875 0.444922 0.44375 0.641406 0.140137
1 0.309766 0.429297 0.538281 0.700781 0.0626831
0 0.749609 0.444141 0.442969 0.635938 0.0254669
1 0.646875 0.450781 0.65 0.65 0.0107346
0 0.967969 0.0968994 0.0640625 0.175732 0.00671768
0 0.967969 0.131152 0.0640625 0.157227 0.00500107
0 0.652734 0.976562 0.567969 0.046875 0.00341606
0 0.967188 0.233789 0.065625 0.176953 0.00311089
0 0.741016 0.353711 0.411719 0.461328 0.00274658
1 0.741016 0.353711 0.411719 0.461328 0.00270462
0 0.765625 0.632031 0.375 0.290625 0.0026207
0 0.96875 0.0682617 0.0625 0.127539 0.00255013
0 0.967188 0.181641 0.065625 0.161719 0.00247192
0 0.994531 0.125 0.0109375 0.10625 0.00233269
0 0.992578 0.100488 0.0148437 0.111133 0.00226974
1 0.587891 0.972656 0.636719 0.0546875 0.00223351
0 0.994531 0.150391 0.0109375 0.110547 0.00202751
1 0.419434 0.470703 0.768945 0.785156 0.00198746
0 0.765625 0.691016 0.376563 0.186719 0.00186729
1 0.551562 0.913672 0.203125 0.172656 0.00185299
0 0.99375 0.254297 0.0125 0.115625 0.00176811
0 0.966406 0.286133 0.0671875 0.184766 0.0017004
0 0.992969 0.280078 0.0140625 0.116406 0.00168705
0 0.994531 0.177539 0.0109375 0.109766 0.00161648
0 0.994141 0.229248 0.0117188 0.113379 0.00156116
0 0.309766 0.429297 0.538281 0.700781 0.00154305
0 0.587891 0.972656 0.636719 0.0546875 0.00148964
0 0.99375 0.204102 0.0125 0.111719 0.00145531
0 0.991406 0.307422 0.0171875 0.119531 0.00130463
1 0.189453 0.44541 0.3 0.701367 0.00118828
0 0.991406 0.0686523 0.0171875 0.111523 0.00117874
1 0.499219 0.945703 0.917188 0.108594 0.0011692
0 0.967188 0.836719 0.065625 0.129688 0.00112438
0 0.00158691 0.0859619 0.00317383 0.150342 0.0011158
0 0.514063 0.510156 0.94375 0.876562 0.00105667
0 0.00183105 0.0609375 0.00366211 0.112695 0.00103664
1 0.291406 0.41709 0.527344 0.720508 0.710449
1 0.420312 0.406934 0.76875 0.706445 0.628906
0 0.747656 0.447656 0.432813 0.667188 0.472656
1 0.742969 0.444922 0.439063 0.664844 0.434082
0 0.420312 0.406934 0.76875 0.706445 0.0789185
0 0.764453 0.566406 0.402344 0.435937 0.0411377
0 0.291406 0.41709 0.527344 0.720508 0.0371094
0 0.626172 0.832812 0.0828125 0.09375 0.0132751
1 0.542969 0.436328 0.870313 0.66875 0.00475693
0 0.838867 0.944531 0.319141 0.109375 0.00455475
1 0.626172 0.832812 0.0828125 0.09375 0.00313568
0 0.672656 0.44209 0.620313 0.65957 0.00227928
1 0.21958 0.172852 0.346777 0.211328 0.00170708
0 0.542969 0.436328 0.870313 0.66875 0.00154877
0 0.985156 0.05625 0.0296875 0.1125 0.00127411
1 0.243164 0.222852 0.394922 0.320703 0.00126457
0 0.614844 0.804688 0.120312 0.0375 0.00123978
0 0.990625 0.124512 0.01875 0.242383 0.00118351
0 0.989844 0.0845703 0.0203125 0.169141 0.00116539
0 0.990625 0.256055 0.01875 0.426172 0.00109863
0 0.520703 0.904688 0.916406 0.189063 0.00109482
1 0.748047 0.449121 0.450781 0.658008 0.884277
1 0.36875 0.424219 0.421094 0.720312 0.565918
1 0.446094 0.436816 0.278125 0.748242 0.450439
1 0.285156 0.405469 0.472656 0.684375 0.11615
1 0.188721 0.421191 0.305371 0.657617 0.052124
0 0.749219 0.447754 0.448438 0.65918 0.0414734
1 0.541406 0.9125 0.510938 0.175 0.00847626
1 0.446191 0.625781 0.291992 0.46875 0.00605011
1 0.477344 0.909375 0.8 0.18125 0.00446701
1 0.634766 0.825 0.0851562 0.08125 0.00399017
0 0.632031 0.825 0.0804688 0.084375 0.00302696
1 0.615234 0.90625 0.453906 0.184375 0.00257111
1 0.563965 0.928516 0.508008 0.142969 0.00215721
1 0.557422 0.13916 0.758594 0.27832 0.00209045
1 0.455371 0.709375 0.233008 0.273438 0.00176811
1 0.587598 0.964063 0.479492 0.071875 0.00170708
0 0.446094 0.436816 0.278125 0.748242 0.00141048
0 0.541406 0.9125 0.510938 0.175 0.00134087
0 0.334766 0.421094 0.455469 0.710938 0.00117397
1 0.760156 0.595703 0.407813 0.382031 0.00115108
1 0.432129 0.443848 0.288867 0.737305 0.737305
1 0.312109 0.437109 0.519531 0.739844 0.737305
0 0.747656 0.45 0.439063 0.651563 0.733887
1 0.749219 0.448438 0.440625 0.65625 0.2854
0 0.441016 0.441797 0.275 0.735156 0.0348816
0 0.312109 0.437109 0.519531 0.739844 0.0125275
0 0.894531 0.103711 0.210938 0.207422 0.00619125
1 0.533984 0.894531 0.628906 0.210938 0.00256157
1 0.235156 0.420312 0.386719 0.685156 0.0024147
0 0.879297 0.0782227 0.241406 0.152539 0.00230598
0 0.628516 0.825 0.0875 0.0671875 0.00217438
1 0.280664 0.311523 0.473047 0.489453 0.00198746
1 0.635156 0.892578 0.507812 0.214844 0.0019722
1 0.183008 0.493066 0.283203 0.48418 0.00186729
0 0.0808594 0.120703 0.157422 0.239453 0.0015974
0 0.536719 0.121484 0.876562 0.242969 0.00144958
1 0.536719 0.121484 0.876562 0.242969 0.00132465
1 0.433594 0.509375 0.283594 0.86875 0.633301
1 0.293164 0.458203 0.497266 0.786719 0.59082
0 0.744531 0.444531 0.4375 0.6625 0.586914
1 0.369727 0.483594 0.393359 0.814062 0.521484
1 0.749219 0.44209 0.425 0.670508 0.386719
0 0.433594 0.509375 0.283594 0.86875 0.0142822
0 0.317578 0.496875 0.517187 0.845312 0.00989532
1 0.511328 0.149512 0.908594 0.290039 0.0077858
1 0.186328 0.415625 0.2875 0.6125 0.00763702
0 0.36875 0.439453 0.367188 0.730469 0.00317192
1 0.5125 0.866602 0.871875 0.266797 0.00274658
1 0.227148 0.432813 0.372266 0.735937 0.00240517
1 0.181836 0.503125 0.290234 0.45 0.00170708
1 0.554785 0.902344 0.760742 0.195312 0.00144386
0 0.889063 0.0972656 0.221875 0.194531 0.00140476
1 0.283203 0.416797 0.484375 0.710156 0.864746
1 0.745703 0.448828 0.438281 0.661719 0.642578
1 0.42666 0.433691 0.293555 0.735742 0.518555
0 0.746875 0.448047 0.439063 0.655469 0.446533
0 0.275 0.400391 0.470313 0.677344 0.028656
1 0.549219 0.914062 0.190625 0.171875 0.00436401
0 0.42666 0.433691 0.293555 0.735742 0.00261116
0 0.0786133 0.116406 0.151758 0.232812 0.00225258
0 0.871875 0.100684 0.25625 0.19668 0.00135136
0 0.549219 0.914062 0.190625 0.171875 0.00113392
1 0.632812 0.825 0.08125 0.0734375 0.00104046
1 0.288086 0.407031 0.502734 0.678125 0.8125
1 0.747266 0.452734 0.439844 0.660156 0.518555
0 0.74375 0.452734 0.432813 0.658594 0.514648
0 0.291797 0.404687 0.513281 0.671875 0.0212097
1 0.288086 0.407031 0.502734 0.678906 0.811523
1 0.747266 0.452734 0.439844 0.660156 0.517578
0 0.74375 0.452734 0.432813 0.658594 0.515625
0 0.291797 0.404687 0.513281 0.671875 0.0212402
