0 0.453906 0.632812 0.845312 0.492188 0.757812
0 0.829687 0.725 0.270312 0.38125 0.638672
0 0.532422 0.624609 0.536719 0.482031 0.35498
0 0.266602 0.674609 0.433984 0.475781 0.168823
0 0.497656 0.767773 0.948438 0.464453 0.0240021
1 0.828125 0.728906 0.271875 0.375 0.0110321
0 0.498437 0.842383 0.975 0.315234 0.0109863
1 0.453906 0.632812 0.845312 0.492188 0.00923157
0 0.514063 0.5 0.940625 1 0.00787354
0 0.504297 0.575781 0.903906 0.632812 0.00598145
0 0.208203 0.685156 0.319531 0.45 0.00380898
1 0.497656 0.767773 0.948438 0.464453 0.00379562
1 0.514063 0.5 0.940625 1 0.00263214
0 0.135547 0.36582 0.271094 0.731641 0.00245285
0 0.558594 0.630078 0.367188 0.475781 0.00234222
1 0.498437 0.842383 0.975 0.315234 0.00214958
0 0.714063 0.496875 0.139062 0.207813 0.00201035
0 0.834375 0.331641 0.33125 0.663281 0.00172043
0 0.742969 0.776172 0.514063 0.447656 0.00170708
0 0.86875 0.792188 0.165625 0.239063 0.00162888
0 0.574121 0.6625 0.779883 0.510938 0.00162315
1 0.532422 0.624609 0.536719 0.482031 0.00156116
0 0.614746 0.711719 0.69707 0.385938 0.00135612
0 0.674219 0.478516 0.220313 0.175781 0.00129414
0 0.711719 0.887891 0.576563 0.224219 0.00127411
0 0.759766 0.409277 0.480469 0.798633 0.00121593
0 0.860742 0.40625 0.278516 0.796875 0.00121117
0 0.653906 0.494922 0.265625 0.213281 0.00120163
0 0.457422 0.880859 0.839844 0.238281 0.00118828
0 0.301367 0.824609 0.596484 0.350781 0.0011692
0 0.613184 0.646875 0.511133 0.446875 0.00105667
0 0.0523437 0.594141 0.104687 0.605469 0.00104427
0 0.0669922 0.524609 0.133984 0.738281 0.00104046
0 0.0830078 0.467578 0.166016 0.808594 0.00100803
0 0.83125 0.725391 0.275 0.371094 0.685059
0 0.215039 0.733594 0.333203 0.339063 0.610352
0 0.539746 0.678906 0.337695 0.354688 0.374756
0 0.650781 0.489062 0.292188 0.20625 0.20813
1 0.830469 0.727344 0.28125 0.367188 0.156128
0 0.39209 0.659766 0.626758 0.399219 0.0889893
0 0.699219 0.494922 0.184375 0.189844 0.0340881
1 0.215283 0.733594 0.331934 0.335938 0.0142288
1 0.650781 0.489062 0.292188 0.20625 0.0124283
0 0.637109 0.612891 0.307031 0.463281 0.0064888
0 0.479688 0.448438 0.928125 0.896875 0.0050621
0 0.562109 0.621875 0.449219 0.484375 0.00500107
1 0.472656 0.425 0.9375 0.85 0.00403976
0 0.676562 0.467969 0.346875 0.165625 0.00367928
0 0.516797 0.571875 0.577344 0.384375 0.00210762
1 0.542969 0.686328 0.335156 0.346094 0.00194931
0 0.480859 0.556348 0.855469 0.629492 0.00193405
1 0.382129 0.667969 0.685742 0.414062 0.00149536
0 0.2625 0.682031 0.446094 0.454688 0.00135612
0 0.564062 0.704687 0.260938 0.325 0.00100803
0 0.832812 0.728906 0.273438 0.367188 0.822754
0 0.218164 0.740234 0.326172 0.341406 0.810547
0 0.544531 0.657812 0.33125 0.410937 0.680176
1 0.834375 0.725781 0.271875 0.370313 0.110657
0 0.634766 0.480469 0.310156 0.1875 0.0528259
0 0.63125 0.525 0.328125 0.273438 0.0379028
0 0.671094 0.474219 0.242188 0.157813 0.0375977
0 0.584375 0.622656 0.410937 0.475 0.0206451
1 0.544531 0.657812 0.33125 0.410937 0.0125732
1 0.215967 0.728125 0.32041 0.36875 0.0086441
0 0.602734 0.564062 0.374219 0.357812 0.00861359
0 0.694531 0.497656 0.201562 0.178125 0.00432968
1 0.634766 0.480469 0.310156 0.1875 0.00311089
0 0.6375 0.458203 0.282813 0.146875 0.00251198
0 0.172754 0.745313 0.227148 0.348437 0.00245285
1 0.671094 0.474219 0.242188 0.157813 0.00177479
0 0.365625 0.678516 0.645312 0.458594 0.00176811
0 0.545996 0.552734 0.50957 0.357031 0.00154305
1 0.63125 0.525 0.328125 0.273438 0.00143242
0 0.83418 0.673047 0.244141 0.258594 0.00139904
1 0.584375 0.622656 0.410937 0.475 0.00100803
0 0.217383 0.739844 0.319922 0.334375 0.742188
0 0.83457 0.729297 0.265234 0.364844 0.695312
0 0.543359 0.661719 0.317187 0.392188 0.395996
1 0.83457 0.729297 0.265234 0.364844 0.0730591
0 0.650781 0.483594 0.2875 0.207813 0.00881195
0 0.00203857 0.133398 0.00407715 0.266797 0.00600433
1 0.219189 0.739062 0.319434 0.335938 0.00475693
0 0.589063 0.621484 0.253125 0.485156 0.00429916
0 0.00189209 0.0974609 0.00378418 0.194922 0.00397491
0 0.642187 0.599219 0.278125 0.434375 0.00390053
0 0.353516 0.521484 0.30625 0.15 0.00353813
0 0.644531 0.451562 0.298438 0.145313 0.00329781
0 0.00197754 0.174707 0.00395508 0.321289 0.00286674
0 0.344922 0.539844 0.264844 0.192188 0.00230598
0 0.400391 0.657812 0.278906 0.425 0.00220871
0 0.00200195 0.24458 0.00400391 0.297559 0.00194168
0 0.00200195 0.321875 0.00400391 0.253906 0.00183868
0 0.00200195 0.373437 0.00400391 0.23125 0.00172043
0 0.00200195 0.429297 0.00400391 0.203906 0.00156116
0 0.705859 0.498828 0.174219 0.234375 0.00155449
0 0.00198975 0.483594 0.00397949 0.185937 0.0014782
0 0.00192871 0.534766 0.00385742 0.171875 0.00141621
0 0.00195312 0.892187 0.00390625 0.165625 0.00138855
0 0.00197754 0.063623 0.00395508 0.127246 0.00138283
0 0.0019043 0.5875 0.00380859 0.155469 0.00137234
0 0.00189209 0.635156 0.00378418 0.148438 0.00123501
0 0.159766 0.739062 0.207813 0.34375 0.00115585
0 0.00184326 0.843945 0.00368652 0.152734 0.00109863
0 0.00185547 0.6625 0.00371094 0.15 0.00109482
1 0.542969 0.655469 0.321875 0.403125 0.00108624
0 0.989844 0.79375 0.0203125 0.096875 0.00101662
0 0.21582 0.733594 0.329297 0.329688 0.840332
0 0.833008 0.721484 0.268359 0.369531 0.719238
0 0.547656 0.651563 0.325 0.396875 0.438721
0 0.583984 0.619531 0.378125 0.482812 0.150757
1 0.834375 0.721875 0.26875 0.36875 0.0742188
1 0.215674 0.735937 0.328809 0.334375 0.0120544
1 0.583984 0.619531 0.378125 0.482812 0.0115509
1 0.549219 0.652344 0.332812 0.404687 0.00891876
0 0.639453 0.505469 0.302344 0.245312 0.00327301
0 0.992969 0.839063 0.0140625 0.260938 0.00286674
0 0.643359 0.584375 0.299219 0.401563 0.00277901
0 0.992188 0.932813 0.015625 0.134375 0.00223351
0 0.992578 0.79082 0.0148437 0.230859 0.00171375
0 0.992188 0.374219 0.015625 0.352344 0.00146103
0 0.991406 0.967969 0.0171875 0.0640625 0.00142097
0 0.992188 0.291846 0.015625 0.370996 0.00139427
0 0.506641 0.611719 0.577344 0.51875 0.00130463
0 0.992188 0.454688 0.015625 0.329688 0.00126457
0 0.992188 0.882031 0.015625 0.235938 0.00121593
0 0.992188 0.5125 0.015625 0.310937 0.00116062
0 0.991797 0.626562 0.0164062 0.2875 0.00112438
0 1 0.283594 0 0.294531 0.00110722
0 1 0.208789 0 0.297266 0.00109005
0 0.992188 0.574219 0.015625 0.29375 0.00107765
0 1 0.345898 0 0.294141 0.00104427
0 0.217578 0.735937 0.338281 0.340625 0.865234
0 0.833594 0.724609 0.276563 0.369531 0.824219
0 0.542188 0.65 0.334375 0.417188 0.76416
0 0.644141 0.479688 0.308594 0.208594 0.168091
1 0.832812 0.723437 0.278125 0.373437 0.0844727
0 0.641406 0.533203 0.307813 0.308594 0.0112457
0 0.617969 0.615625 0.298438 0.475 0.00985718
0 0.503906 0.25293 0.879687 0.505859 0.00908661
0 0.716406 0.48125 0.157813 0.192188 0.00419998
1 0.218945 0.708594 0.343359 0.401563 0.00372124
1 0.544531 0.623438 0.342187 0.476562 0.00293541
0 0.636719 0.454297 0.284375 0.146875 0.0027256
1 0.646094 0.476953 0.301562 0.203906 0.00268364
0 0.451172 0.65625 0.542188 0.423438 0.00250244
0 0.834375 0.860156 0.23125 0.110937 0.00157356
0 0.310547 0.571094 0.216406 0.239063 0.00154305
0 0.321143 0.65625 0.37334 0.41875 0.00150108
0 0.682813 0.476953 0.226562 0.192188 0.00144958
0 0.515625 0.0683105 0.875 0.136621 0.00123978
0 0.649609 0.463281 0.380469 0.158594 0.0011692
0 0.825781 0.829687 0.254687 0.170312 0.00105667
0 0.510938 0.419141 0.928125 0.838281 0.00102043
0 0.218359 0.715625 0.332031 0.371875 0.833984
0 0.542969 0.61875 0.329688 0.46875 0.771973
0 0.832617 0.725 0.269141 0.371875 0.757812
1 0.832617 0.725 0.269141 0.371875 0.0541992
1 0.580469 0.615625 0.40625 0.479688 0.0240936
0 0.657031 0.474219 0.279687 0.18125 0.0173798
0 0.709375 0.478125 0.170312 0.184375 0.00634003
1 0.220117 0.677344 0.335547 0.451562 0.00271416
0 0.639063 0.497656 0.315625 0.232812 0.00256157
0 0.834375 0.653125 0.25625 0.2375 0.00130939
0 0.515625 0.10625 0.870313 0.2125 0.00123978
0 0.516406 0.211328 0.864062 0.422656 0.00117397
0 0.2125 0.740234 0.328125 0.335156 0.836914
0 0.54375 0.686719 0.334375 0.3375 0.792969
0 0.829687 0.726562 0.275 0.370313 0.641602
1 0.832812 0.722266 0.275 0.374219 0.321777
0 0.642187 0.4875 0.304688 0.214062 0.171631
0 0.34043 0.530078 0.256641 0.16875 0.13208
0 0.644141 0.458594 0.280469 0.153125 0.100159
1 0.541406 0.684766 0.325 0.347656 0.0154266
1 0.213477 0.739062 0.325391 0.33125 0.00985718
1 0.646484 0.4875 0.299219 0.215625 0.006073
0 0.376172 0.528906 0.18125 0.165625 0.00405502
0 0.382031 0.572656 0.217187 0.260938 0.00294685
0 0.608984 0.468359 0.223438 0.169531 0.00279999
1 0.644141 0.458594 0.280469 0.153125 0.00201988
0 0.676562 0.484766 0.232812 0.196094 0.00198746
1 0.325 0.532031 0.253906 0.170312 0.00194168
0 0.833594 0.659375 0.259375 0.245312 0.00106049
0 0.544141 0.683594 0.328906 0.35 0.78418
0 0.213867 0.739062 0.323047 0.3375 0.745605
0 0.835156 0.727344 0.270312 0.371875 0.633301
1 0.836133 0.722266 0.271484 0.377344 0.158691
0 0.642187 0.482031 0.292188 0.201562 0.101562
1 0.544922 0.687891 0.328906 0.341406 0.0313721
0 0.325586 0.532812 0.257422 0.170312 0.0143356
1 0.213867 0.739062 0.323047 0.3375 0.01297
1 0.639063 0.483594 0.30625 0.203125 0.0112
0 0.21543 0.741406 0.319922 0.33125 0.845703
0 0.539844 0.687891 0.321875 0.342969 0.808594
0 0.832812 0.729297 0.275 0.371094 0.631836
1 0.833594 0.727734 0.273438 0.363281 0.203735
0 0.639844 0.503906 0.3 0.242188 0.0759888
0 0.64375 0.464844 0.295312 0.165625 0.0340881
0 0.328906 0.532812 0.248437 0.169531 0.0284424
1 0.539844 0.688672 0.315625 0.339844 0.0188293
1 0.212256 0.739844 0.323926 0.334375 0.0165253
1 0.639844 0.503906 0.3 0.242188 0.00712204
1 0.33457 0.533594 0.269922 0.16875 0.00200272
0 0.333398 0.592188 0.238672 0.3 0.00198746
1 0.64375 0.464844 0.295312 0.165625 0.0016489
0 0.21543 0.741406 0.319922 0.33125 0.84668
0 0.539453 0.687891 0.321094 0.342969 0.809082
0 0.832812 0.729297 0.275 0.371094 0.633301
1 0.833594 0.727734 0.273438 0.363281 0.199951
0 0.639844 0.503906 0.3 0.242188 0.0757446
0 0.64375 0.464844 0.295312 0.165625 0.0340881
0 0.329102 0.532812 0.248828 0.169531 0.0282135
1 0.539844 0.688672 0.315625 0.339844 0.0189362
1 0.212256 0.739844 0.323926 0.334375 0.0163422
1 0.639844 0.503906 0.3 0.242188 0.00706482
1 0.33457 0.533594 0.269922 0.16875 0.00201988
0 0.333594 0.591797 0.239063 0.3 0.00198746
1 0.64375 0.464844 0.295312 0.165625 0.0016489
