0 0.757812 0.521484 0.440625 0.544531 0.78418
0 0.32168 0.530859 0.423828 0.563281 0.779297
1 0.32168 0.530859 0.423828 0.563281 0.154297
1 0.757812 0.521484 0.440625 0.544531 0.147339
1 0.810156 0.152344 0.3375 0.304688 0.00867462
0 0.673437 0.673437 0.161719 0.23125 0.00614548
0 0.810156 0.152344 0.3375 0.304688 0.00516129
1 0.741797 0.157227 0.317969 0.314453 0.0050621
1 0.504297 0.203906 0.324219 0.407813 0.0046463
0 0.599219 0.800781 0.801562 0.398438 0.00446701
1 0.55625 0.197852 0.270312 0.395703 0.00432968
1 0.599219 0.800781 0.801562 0.398438 0.00370789
0 0.0553223 0.535547 0.110645 0.488281 0.00348282
1 0.843164 0.810938 0.313672 0.378125 0.00345612
1 0.682031 0.192969 0.48125 0.385938 0.00327301
1 0.700391 0.805664 0.496094 0.388672 0.00305176
0 0.700391 0.805664 0.496094 0.388672 0.0028553
0 0.741797 0.157227 0.317969 0.314453 0.00279999
0 0.0585938 0.494531 0.117188 0.7 0.0027256
0 0.55625 0.197852 0.270312 0.395703 0.0026722
1 0.0553223 0.535547 0.110645 0.488281 0.00263214
1 0.651172 0.851172 0.675781 0.297656 0.00257111
1 0.434766 0.205273 0.489062 0.410547 0.00247192
0 0.289844 0.665625 0.351562 0.304688 0.00236893
1 0.446094 0.281641 0.435937 0.563281 0.00225258
0 0.875195 0.811914 0.249609 0.376172 0.00222588
0 0.469531 0.189648 0.395312 0.379297 0.00206757
1 0.524609 0.859375 0.922656 0.28125 0.00201035
1 0.811133 0.859375 0.252734 0.223438 0.00197983
0 0.439453 0.825 0.791406 0.35 0.00197983
0 0.795313 0.856445 0.229687 0.218359 0.00194931
0 0.524609 0.859375 0.922656 0.28125 0.00193405
1 0.280078 0.144629 0.321094 0.289258 0.00186729
0 0.840234 0.85625 0.319531 0.2875 0.00184631
1 0.861133 0.857227 0.277734 0.285547 0.00184631
0 0.651172 0.851172 0.675781 0.297656 0.00183105
0 0.0724121 0.751953 0.144824 0.324219 0.00183105
1 0.0617188 0.450781 0.123438 0.746875 0.00182438
0 0.682031 0.183105 0.467187 0.366211 0.0018177
1 0.732031 0.851953 0.446875 0.296094 0.00177479
0 0.662891 0.524219 0.244531 0.53125 0.00174141
1 0.854102 0.162109 0.291797 0.324219 0.0017271
0 0.0555664 0.631641 0.111133 0.507031 0.00168133
0 0.724219 0.835156 0.392188 0.264062 0.00167465
0 0.710938 0.788281 0.379687 0.382812 0.00167465
0 0.321875 0.775 0.5 0.45 0.0016489
0 0.832031 0.597754 0.323438 0.51543 0.0016489
1 0.88125 0.816406 0.2375 0.290625 0.00164223
0 0.975391 0.31582 0.0492188 0.290234 0.00162315
0 0.0595215 0.417969 0.119043 0.624219 0.0015974
1 0.675 0.675781 0.164844 0.228125 0.00157356
0 0.854102 0.162109 0.291797 0.324219 0.00153065
1 0.359766 0.150781 0.403906 0.301562 0.00149536
1 0.0555664 0.631641 0.111133 0.507031 0.00148964
0 0.368359 0.290234 0.114844 0.0992187 0.0014782
0 0.8625 0.375 0.1375 0.169531 0.00146675
0 0.653906 0.657031 0.153125 0.257812 0.00144386
1 0.0724121 0.751953 0.144824 0.324219 0.00143242
0 0.744531 0.844727 0.479688 0.310547 0.00141048
1 0.439453 0.825 0.791406 0.35 0.00139904
0 0.859961 0.0288574 0.280078 0.0577148 0.00136185
1 0.897656 0.817578 0.204688 0.364844 0.00135612
0 0.0807617 0.77793 0.155859 0.359766 0.00135612
0 0.829687 0.826563 0.28125 0.271875 0.00135612
0 0.245117 0.148535 0.248437 0.29707 0.00134563
0 0.967188 0.240186 0.065625 0.353223 0.00133038
1 0.326562 0.775391 0.533594 0.449219 0.00133038
0 0.864062 0.638281 0.260938 0.460938 0.00131512
1 0.859961 0.0288574 0.280078 0.0577148 0.00129414
1 0.398438 0.419531 0.56875 0.839063 0.00128937
0 0.201367 0.675 0.147266 0.232812 0.0012846
1 0.710938 0.788281 0.379687 0.382812 0.0012846
1 0.900391 0.864844 0.199219 0.270312 0.00127411
1 0.842188 0.80957 0.26875 0.277734 0.00125504
0 0.322461 0.632812 0.403516 0.38125 0.00124454
1 0.130273 0.907812 0.260547 0.184375 0.00123978
1 0.975391 0.31582 0.0492188 0.290234 0.00123501
0 0.642187 0.807813 0.240625 0.353125 0.00122547
0 0.796094 0.710938 0.0765625 0.105469 0.0012207
1 0.0595215 0.417969 0.119043 0.624219 0.00121117
1 0.65 0.83125 0.0867188 0.11875 0.00119209
0 0.939844 0.371094 0.120312 0.451562 0.00118828
0 0.471875 0.89375 0.882812 0.2125 0.00117874
1 0.442187 0.890625 0.801562 0.21875 0.00116062
0 0.58125 0.141211 0.273438 0.282422 0.00115108
0 0.904688 0.80957 0.190625 0.355859 0.00112438
0 0.88125 0.816406 0.2375 0.290625 0.0011158
1 0.519629 0.304297 0.363867 0.608594 0.00109005
1 0.232422 0.157129 0.230469 0.314258 0.00107288
1 0.476172 0.459766 0.755469 0.919531 0.00107288
0 0.0758301 0.40791 0.15166 0.69668 0.00106525
1 0.939844 0.371094 0.120312 0.451562 0.00106049
1 0.452344 0.163672 0.414062 0.327344 0.00106049
1 0.800781 0.832031 0.298438 0.248437 0.00105286
0 0.0613281 0.175781 0.122656 0.351562 0.00104046
0 0.0595215 0.0647949 0.119043 0.12959 0.00103188
0 0.667188 0.141504 0.417188 0.283008 0.00102425
1 0.819727 0.24043 0.360547 0.480859 0.00102425
0 0.359766 0.150781 0.403906 0.301562 0.00101185
0 0.143164 0.46709 0.286328 0.781445 0.00101185
1 0.571875 0.811719 0.096875 0.3 0.00100803
1 0.311328 0.183203 0.38125 0.366406 0.00100803
1 0.814453 0.0375 0.371094 0.075 0.00100803
0 0.130273 0.907812 0.260547 0.184375 0.00100803
0 0.787695 0.873828 0.287109 0.252344 0.00100422
0 0.325195 0.522656 0.421484 0.573438 0.845215
0 0.758594 0.514453 0.435937 0.510156 0.695312
1 0.758594 0.526953 0.445312 0.538281 0.458008
1 0.322461 0.521094 0.431641 0.565625 0.109131
0 0.772656 0.0730957 0.129688 0.138965 0.0313721
0 0.186523 0.0527832 0.115625 0.0987305 0.0115967
0 0.0602539 0.901563 0.113477 0.184375 0.00926971
0 0.236328 0.866406 0.0625 0.0671875 0.00424957
1 0.194482 0.0588867 0.122754 0.117773 0.00313568
0 0.0887695 0.406934 0.106641 0.0689453 0.00296974
0 0.304297 0.965625 0.0804688 0.06875 0.0024147
0 0.815625 0.317187 0.34375 0.128125 0.00211525
0 0.756641 0.0811523 0.163281 0.162305 0.00167465
1 0.773047 0.073584 0.127344 0.139746 0.00157928
0 0.736719 0.346875 0.446875 0.2 0.00154877
0 0.234375 0.883594 0.0671875 0.0984375 0.00132465
0 0.0772949 0.0701172 0.15459 0.140234 0.00115585
1 0.0635254 0.229297 0.127051 0.450781 0.00115108
0 0.733594 0.105835 0.0640625 0.140283 0.0011158
0 0.659375 0.0268677 0.090625 0.0511475 0.00105667
0 0.701953 0.104077 0.11875 0.144189 0.00102425
0 0.802344 0.299805 0.114063 0.0542969 0.00101662
0 0.977344 0.0549316 0.0453125 0.0821289 0.00100803
0 0.325 0.529297 0.426562 0.563281 0.842773
0 0.763672 0.518359 0.436719 0.521094 0.589844
1 0.767578 0.518066 0.433594 0.518555 0.201172
1 0.324023 0.525781 0.424609 0.55 0.126343
0 0.751172 0.385156 0.438281 0.264062 0.0068512
0 0.0136719 0.829297 0.0273438 0.341406 0.0037365
0 0.0126465 0.613672 0.025293 0.419531 0.00362206
0 0.190576 0.0788086 0.12666 0.15293 0.00314713
0 0.0861084 0.699219 0.163721 0.226562 0.00206757
0 0.582812 0.898438 0.1 0.159375 0.00204277
0 0.0428711 0.0988281 0.0857422 0.197656 0.00203514
0 0.0637695 0.910156 0.114453 0.179688 0.00161076
1 0.751172 0.385156 0.438281 0.264062 0.00148392
0 0.138867 0.0534668 0.211328 0.101074 0.00142097
0 0.570703 0.8 0.103906 0.325 0.0012064
1 0.582812 0.898438 0.1 0.159375 0.00112438
1 0.190576 0.0788086 0.12666 0.15293 0.00112057
0 0.102441 0.0925781 0.121289 0.180469 0.00106525
1 0.0861084 0.699219 0.163721 0.226562 0.00100422
0 0.320312 0.519629 0.415625 0.563867 0.868164
0 0.761719 0.520703 0.428125 0.516406 0.833496
1 0.320703 0.524902 0.417969 0.545508 0.100159
1 0.761719 0.521191 0.428125 0.520117 0.0594177
0 0.190283 0.050293 0.114746 0.0994141 0.00530243
0 0.967188 0.0539063 0.065625 0.101953 0.00446701
0 0.728125 0.0804688 0.178125 0.160938 0.00348282
0 0.992578 0.0970703 0.0148437 0.103906 0.00271416
0 0.992188 0.0687012 0.015625 0.108887 0.00224304
0 0.993359 0.121582 0.0132813 0.100977 0.00181007
0 0.307471 0.683203 0.378027 0.252344 0.00125504
0 0.990625 0.14668 0.01875 0.101953 0.00109863
0 0.988672 0.051709 0.0226563 0.103418 0.00108147
1 0.728125 0.0804688 0.178125 0.160938 0.00106907
0 0.320898 0.528809 0.426953 0.567383 0.919434
0 0.761719 0.517578 0.435937 0.535156 0.84082
1 0.761719 0.519922 0.434375 0.525781 0.119812
1 0.317969 0.530078 0.428125 0.580469 0.0325928
0 0.991406 0.107813 0.0171875 0.200391 0.00629044
0 0.991797 0.140234 0.0164062 0.280469 0.00382423
0 0.990625 0.526953 0.01875 0.396094 0.00345612
0 1 0.120117 0 0.240234 0.002388
0 0.310205 0.376172 0.38584 0.274219 0.00186729
0 0.187939 0.0538574 0.114746 0.107129 0.00186062
0 0.743359 0.3625 0.364844 0.232812 0.0017004
1 0.310205 0.376172 0.38584 0.274219 0.0015974
0 0.985156 0.0569824 0.0296875 0.113965 0.00123978
0 0.991016 0.441016 0.0179687 0.439063 0.00117874
0 0.988281 0.0704102 0.0234375 0.14082 0.00115108
0 1 0.0890625 0 0.178125 0.00106907
0 1 0.147852 0 0.295703 0.00106525
0 0.323633 0.528516 0.425391 0.571094 0.854004
0 0.763281 0.535156 0.4375 0.559375 0.831055
1 0.322852 0.525 0.427734 0.575 0.196777
1 0.760938 0.528516 0.445312 0.558594 0.0944824
0 0.535547 0.109766 0.233594 0.219141 0.00324821
0 0.639063 0.228174 0.0578125 0.106934 0.00226021
0 0.199951 0.0542969 0.0969727 0.108594 0.00140476
0 0.599316 0.103418 0.526367 0.206836 0.00129414
0 0.594922 0.126758 0.392969 0.253516 0.00128937
1 0.546094 0.124219 0.2875 0.248437 0.0012064
0 0.331055 0.523047 0.432422 0.558594 0.882812
0 0.762891 0.529297 0.444531 0.547656 0.870605
1 0.327344 0.522266 0.425 0.557031 0.0604248
1 0.762891 0.529297 0.444531 0.547656 0.0489502
0 0.0197754 0.0919922 0.0389648 0.183984 0.002388
0 0.565625 0.10918 0.192188 0.218359 0.00202751
0 0.197461 0.0513794 0.104297 0.099585 0.00195694
1 0.56875 0.789844 0.09375 0.326562 0.00185299
0 0.56875 0.789844 0.09375 0.326562 0.00102425
0 0.323242 0.520996 0.425391 0.558008 0.859863
0 0.7625 0.521875 0.426562 0.539062 0.841797
1 0.763672 0.517578 0.424219 0.524219 0.0535889
1 0.323242 0.520996 0.425391 0.558008 0.0156708
0 0.16709 0.00462647 0.269727 0.00925293 0.00164223
0 0.714453 0.00463867 0.252344 0.00927734 0.00163555
0 0.322656 0.527734 0.420312 0.560156 0.86377
0 0.765625 0.521777 0.423438 0.531445 0.861328
1 0.323047 0.525781 0.41875 0.5625 0.0775146
1 0.767187 0.521094 0.421875 0.526563 0.0643921
1 0.426562 0.171875 0.477344 0.334375 0.00251198
0 0.19292 0.0505371 0.111035 0.0999023 0.00169373
1 0.534766 0.164355 0.269531 0.32168 0.00141048
0 0.426562 0.171875 0.477344 0.334375 0.00129414
0 0.534766 0.164355 0.269531 0.32168 0.00116062
0 0.322656 0.528809 0.425 0.56582 0.881836
0 0.761719 0.526172 0.428125 0.539844 0.86084
1 0.7625 0.526172 0.428125 0.539844 0.0761108
1 0.321484 0.53125 0.420312 0.571875 0.0510864
0 0.195264 0.0506836 0.0969727 0.101367 0.00145531
0 0.201611 0.997656 0.365527 0.0046875 0.00115585
0 0.322852 0.528809 0.424609 0.56582 0.881836
0 0.761719 0.526172 0.428125 0.539844 0.861816
1 0.762109 0.526172 0.428906 0.539844 0.0745239
1 0.321484 0.53125 0.420312 0.571875 0.0508118
0 0.195264 0.0506836 0.0969727 0.101367 0.00144386
0 0.201611 0.997656 0.365527 0.0046875 0.00115585
