1 0.492969 0.53125 0.842188 0.9375 0.592773
0 0.492969 0.53125 0.842188 0.9375 0.532227
0 0.442969 0.432422 0.848437 0.732031 0.0109863
0 0.288281 0.537109 0.427344 0.925781 0.00390053
0 0.887305 0.158008 0.225391 0.316016 0.00213242
1 0.276953 0.542188 0.408594 0.915625 0.00209999
1 0.822266 0.877344 0.355469 0.245312 0.00200272
0 0.824609 0.847656 0.350781 0.304688 0.00193405
0 0.863086 0.220703 0.273828 0.4375 0.00182438
1 0.863086 0.220703 0.273828 0.4375 0.00167465
0 0.845508 0.112109 0.308984 0.224219 0.00146675
1 0.887305 0.158008 0.225391 0.316016 0.00144958
1 0.9625 0.33457 0.075 0.418359 0.00130939
1 0.969531 0.427734 0.0609375 0.499219 0.00125504
0 0.9625 0.33457 0.075 0.418359 0.00124454
1 0.801758 0.417188 0.396484 0.671875 0.00122547
1 0.842969 0.294141 0.314063 0.557031 0.00122547
0 0.848242 0.0662109 0.303516 0.132422 0.00116539
0 0.457031 0.0422852 0.873438 0.0845703 0.00113773
0 0.969531 0.427734 0.0609375 0.499219 0.00112438
1 0.976562 0.489062 0.046875 0.454688 0.00112057
0 0.911719 0.247266 0.176563 0.463281 0.00106525
0 0.441406 0.316406 0.851562 0.492969 0.00105667
0 0.457812 0.237695 0.915625 0.475391 0.00104809
0 0.801758 0.417188 0.396484 0.671875 0.00104809
1 0.116504 0.894531 0.233008 0.210938 0.00104046
1 0.911719 0.247266 0.176563 0.463281 0.00103664
0 0.770312 0.103418 0.459375 0.206836 0.00102043
0 0.842969 0.294141 0.314063 0.557031 0.00101662
0 0.514063 0.538672 0.867188 0.922656 0.623535
1 0.514063 0.538672 0.867188 0.922656 0.492188
0 0.80625 0.53125 0.275 0.90625 0.00857544
1 0.80625 0.53125 0.275 0.90625 0.00570679
0 0.745313 0.525781 0.3875 0.870313 0.00219154
1 0.514844 0.143262 0.895312 0.15957 0.00216484
0 0.514844 0.143262 0.895312 0.15957 0.00201035
0 0.83457 0.548828 0.224609 0.786719 0.00148964
1 0.83457 0.548828 0.224609 0.786719 0.00136662
0 0.561328 0.103516 0.450781 0.0558594 0.00136662
1 0.561328 0.103516 0.450781 0.0558594 0.00134087
0 0.580469 0.112476 0.389062 0.0824707 0.00121593
0 0.344922 0.67666 0.538281 0.64668 0.00115108
0 0.769531 0.645703 0.353125 0.708594 0.00105286
0 0.517187 0.537109 0.875 0.925781 0.834473
1 0.508594 0.532812 0.882812 0.90625 0.147095
0 0.514063 0.0659668 0.0664062 0.12666 0.00216484
0 0.521875 0.0609863 0.139062 0.116699 0.00201988
0 0.755469 0.773242 0.409375 0.453516 0.00124931
0 0.514063 0.165625 0.83125 0.199219 0.0011425
0 0.51875 0.545313 0.871875 0.909375 0.912598
1 0.526953 0.547656 0.853906 0.904688 0.0376892
0 0.367383 0.514063 0.574609 0.85625 0.00309944
0 0.00197754 0.145508 0.00395508 0.200391 0.00293541
0 0.00180664 0.0988525 0.00361328 0.174951 0.00253105
0 0.00194092 0.686719 0.00388184 0.198437 0.00228691
0 0.00198975 0.7375 0.00397949 0.20625 0.00209999
0 0.00183105 0.640625 0.00366211 0.1875 0.00208282
0 0.00195312 0.568359 0.00390625 0.177344 0.0020752
0 0.0020752 0.8125 0.00415039 0.220313 0.0020504
0 0.00196533 0.51875 0.00393066 0.167187 0.00181007
0 0.00211182 0.856055 0.00422363 0.216016 0.00173378
0 0.00198975 0.189453 0.00397949 0.219141 0.0017271
0 0.0020752 0.902734 0.00415039 0.194531 0.00146103
0 0.842969 0.540625 0.20625 0.915625 0.00138855
0 0.00202637 0.464844 0.00405273 0.176563 0.00135136
0 0.266455 0.552344 0.381934 0.895312 0.00124931
0 0.00198975 0.235889 0.00397949 0.229004 0.0012207
0 0.00181885 0.0591797 0.0036377 0.118359 0.00116062
0 0.520703 0.251172 0.802344 0.375781 0.00111198
0 0.00196533 0.284326 0.00393066 0.22666 0.0011034
0 0.00202637 0.409375 0.00405273 0.196094 0.00109005
0 0.00197754 0.332422 0.00395508 0.217969 0.00105286
0 0.310156 0.408203 0.448438 0.647656 0.00100803
0 0.517187 0.534375 0.909375 0.93125 0.871094
1 0.519141 0.529688 0.910156 0.921875 0.108215
0 0.3 0.764844 0.441406 0.470313 0.00232315
0 0.989844 0.0913086 0.0203125 0.182617 0.00127411
0 0.476172 0.763281 0.782031 0.473437 0.00111198
0 0.991406 0.121484 0.0171875 0.242969 0.00103188
0 0.514063 0.536328 0.875 0.927344 0.529297
1 0.517969 0.519922 0.867188 0.916406 0.466797
0 0.532812 0.0673828 0.839063 0.134766 0.00119686
0 0.521875 0.15 0.8625 0.3 0.0011425
0 0.525 0.539453 0.884375 0.921094 0.84082
1 0.514844 0.530859 0.86875 0.938281 0.067688
0 0.517187 0.533594 0.875 0.932813 0.891113
1 0.517969 0.533594 0.864062 0.932813 0.00340271
0 0.517187 0.531641 0.857813 0.936719 0.913574
1 0.51875 0.532812 0.864062 0.934375 0.00279045
0 0.492578 0.539062 0.852344 0.921875 0.929688
1 0.508594 0.539062 0.879687 0.921875 0.00510025
0 0.492188 0.539062 0.853125 0.921875 0.929688
1 0.508594 0.539062 0.879687 0.921875 0.00503922
