0 0.807813 0.296484 0.253125 0.358594 0.551758
0 0.738281 0.664062 0.282813 0.446875 0.512695
1 0.212451 0.366406 0.288379 0.522656 0.472656
1 0.739844 0.668359 0.276563 0.452344 0.434082
1 0.807813 0.296484 0.253125 0.358594 0.225464
0 0.211914 0.354492 0.283984 0.485547 0.0589905
1 0.875977 0.859766 0.248047 0.280469 0.0272675
1 0.425781 0.448047 0.489844 0.692969 0.026062
1 0.378906 0.541797 0.55 0.875781 0.02211
1 0.201172 0.464063 0.329688 0.670313 0.0147324
1 0.497266 0.408496 0.354688 0.59707 0.0142822
1 0.567187 0.316064 0.229687 0.356152 0.00952148
1 0.920313 0.854492 0.159375 0.284766 0.00941467
1 0.574219 0.265039 0.210938 0.254297 0.0088501
1 0.31875 0.723047 0.348437 0.491406 0.00828552
1 0.567578 0.222705 0.207813 0.175684 0.00806427
0 0.875977 0.859766 0.248047 0.280469 0.00784302
1 0.348633 0.772656 0.469141 0.454688 0.00706482
1 0.524316 0.257471 0.304492 0.320996 0.00677109
1 0.500098 0.221875 0.338867 0.275 0.00653839
1 0.408984 0.789648 0.674219 0.420703 0.00638962
1 0.283203 0.559375 0.430469 0.88125 0.00634003
1 0.840234 0.383984 0.319531 0.567969 0.00602722
1 0.526465 0.341602 0.30957 0.411328 0.00534439
0 0.58125 0.290283 0.196875 0.30459 0.00511932
1 0.271924 0.744531 0.226465 0.40625 0.00510025
0 0.35293 0.789258 0.610547 0.421484 0.00502014
1 0.826563 0.471094 0.346875 0.678125 0.00498199
1 0.261914 0.776367 0.323828 0.447266 0.0049057
1 0.433496 0.183594 0.20332 0.366797 0.00479126
1 0.795898 0.607422 0.408203 0.569531 0.00462723
0 0.425781 0.448047 0.489844 0.692969 0.00441742
0 0.842188 0.207617 0.145313 0.169922 0.00411606
0 0.573438 0.230078 0.209375 0.189844 0.00390053
1 0.464844 0.219336 0.250781 0.430859 0.00388527
1 0.6 0.30542 0.180469 0.347754 0.0036068
0 0.497266 0.408496 0.354688 0.59707 0.00358009
1 0.795117 0.707031 0.409766 0.548437 0.00348282
1 0.193701 0.792383 0.360254 0.415234 0.00338936
1 0.418359 0.136523 0.191406 0.273047 0.00322342
0 0.378906 0.541797 0.55 0.875781 0.00304031
0 0.193701 0.792383 0.360254 0.415234 0.00300407
1 0.964063 0.839844 0.0703125 0.253125 0.00293541
0 0.433496 0.183594 0.20332 0.366797 0.00276756
0 0.271924 0.744531 0.226465 0.40625 0.00276756
0 0.96875 0.80918 0.059375 0.206641 0.00276756
0 0.5625 0.220361 0.160938 0.171777 0.00275803
1 0.37168 0.694922 0.448828 0.544531 0.00263214
0 0.261914 0.776367 0.323828 0.447266 0.0026207
0 0.418359 0.136523 0.191406 0.273047 0.00259018
0 0.524316 0.257471 0.304492 0.320996 0.00257111
0 0.607031 0.300977 0.142188 0.237109 0.00257111
0 0.920313 0.854492 0.159375 0.284766 0.00256157
1 0.935156 0.702344 0.129688 0.560938 0.00256157
0 0.31875 0.723047 0.348437 0.491406 0.00248146
0 0.0652832 0.657812 0.130566 0.3125 0.00248146
0 0.526465 0.341602 0.30957 0.411328 0.00247192
0 0.795898 0.607422 0.408203 0.569531 0.00245285
1 0.538281 0.219531 0.273438 0.227734 0.00244331
1 0.96875 0.80918 0.059375 0.206641 0.00243378
1 0.405859 0.217187 0.200781 0.428906 0.00243378
1 0.270264 0.366406 0.396973 0.563281 0.00242424
1 0.501953 0.252734 0.3125 0.491406 0.0024147
0 0.964063 0.839844 0.0703125 0.253125 0.00236893
1 0.687891 0.927344 0.0890625 0.126563 0.00232315
0 0.500098 0.221875 0.338867 0.275 0.00216484
1 0.0630371 0.665625 0.126074 0.284375 0.00214958
0 0.103296 0.783594 0.187158 0.3125 0.00212479
1 0.80293 0.175391 0.256641 0.132031 0.00212479
0 0.969922 0.854688 0.0601562 0.271875 0.00211525
0 0.923437 0.141113 0.153125 0.25293 0.00209999
0 0.562891 0.189795 0.160156 0.104785 0.00209999
0 0.80293 0.175391 0.256641 0.132031 0.00204277
0 0.826563 0.471094 0.346875 0.678125 0.00202751
1 0.85918 0.0717773 0.281641 0.143555 0.00201035
0 0.205859 0.204883 0.245703 0.182812 0.00199509
0 0.842188 0.073291 0.309375 0.146582 0.0019722
0 0.193555 0.460938 0.343359 0.671875 0.00196457
1 0.706641 0.0890625 0.221094 0.178125 0.00194931
1 0.632031 0.0861328 0.196875 0.172266 0.00194168
1 0.303076 0.156836 0.38916 0.313672 0.00188255
1 0.863672 0.524609 0.272656 0.635156 0.00186729
1 0.318359 0.265576 0.0734375 0.312598 0.00183105
1 0.930469 0.791992 0.139062 0.403516 0.00182438
0 0.841406 0.374609 0.167187 0.189844 0.0018177
0 0.610547 0.258984 0.132812 0.160156 0.00178242
0 0.926562 0.607813 0.146875 0.553125 0.00171375
0 0.782812 0.224561 0.2875 0.218848 0.00170708
0 0.706641 0.0890625 0.221094 0.178125 0.00170708
0 0.817187 0.165137 0.096875 0.100977 0.00170708
1 0.594531 0.067627 0.354688 0.135254 0.00170708
0 0.623828 0.0861328 0.263281 0.172266 0.0016489
1 0.846094 0.110742 0.307813 0.221484 0.0016489
0 0.84043 0.176953 0.141016 0.119922 0.00163555
1 0.560938 0.0898438 0.278125 0.179688 0.00163555
0 0.863672 0.524609 0.272656 0.635156 0.00161076
1 0.969922 0.854688 0.0601562 0.271875 0.00161076
1 0.103296 0.783594 0.187158 0.3125 0.00161076
0 0.9625 0.17832 0.075 0.192188 0.0015974
0 0.197266 0.262939 0.227344 0.310059 0.00159168
0 0.464844 0.219336 0.250781 0.430859 0.00158501
1 0.610547 0.258984 0.132812 0.160156 0.00158501
1 0.261133 0.748828 0.197656 0.314844 0.00157928
1 0.959375 0.859766 0.078125 0.280469 0.00156116
1 0.792188 0.194922 0.28125 0.177344 0.00155449
1 0.651563 0.0716797 0.384375 0.143359 0.00154877
0 0.34375 0.775391 0.448438 0.449219 0.00153637
1 0.847266 0.0644043 0.305469 0.128809 0.00152493
0 0.429297 0.830469 0.716406 0.339063 0.0015192
0 0.407813 0.826172 0.460156 0.347656 0.0015192
1 0.219727 0.251367 0.289844 0.312891 0.0015192
1 0.213086 0.226562 0.241016 0.226562 0.0015192
1 0.926562 0.607813 0.146875 0.553125 0.00150681
0 0.903125 0.12207 0.19375 0.244141 0.00148964
0 0.880273 0.0862305 0.239453 0.172461 0.0014782
0 0.229687 0.523535 0.3625 0.793555 0.00147247
1 0.298096 0.0470703 0.390527 0.0941406 0.00146675
1 0.582422 0.898438 0.341406 0.203125 0.00146675
1 0.782812 0.224561 0.2875 0.218848 0.00146103
1 0.256445 0.0557129 0.348828 0.111426 0.00145531
1 0.839063 0.17373 0.310937 0.236523 0.00145531
0 0.874609 0.0301758 0.250781 0.0603516 0.00144958
1 0.483496 0.126758 0.311133 0.253516 0.00144386
0 0.261133 0.748828 0.197656 0.314844 0.00141621
1 0.874609 0.0301758 0.250781 0.0603516 0.00141048
1 0.903125 0.12207 0.19375 0.244141 0.00139904
0 0.759375 0.571875 0.223438 0.242188 0.00139427
1 0.564062 0.198389 0.164062 0.121973 0.00138855
0 0.0598633 0.692969 0.119727 0.239063 0.00138855
1 0.441016 0.858594 0.722656 0.282813 0.00138283
0 0.974219 0.206982 0.0515625 0.238379 0.00136662
1 0.266602 0.239648 0.390234 0.468359 0.00136185
0 0.484375 0.855273 0.340625 0.289453 0.00135136
1 0.528027 0.880078 0.54082 0.239844 0.00134563
1 0.752734 0.0845703 0.266406 0.169141 0.00132465
1 0.0657227 0.626953 0.131445 0.355469 0.00131989
1 0.407813 0.826172 0.460156 0.347656 0.00131512
1 0.546875 0.0532227 0.367188 0.106445 0.00130463
0 0.0513184 0.155469 0.102637 0.28125 0.00130463
1 0.305469 0.112695 0.382812 0.225391 0.00130463
0 0.594531 0.067627 0.354688 0.135254 0.00129414
0 0.256445 0.0557129 0.348828 0.111426 0.00128937
0 0.0585938 0.0709473 0.117188 0.141895 0.0012846
0 0.752734 0.0845703 0.266406 0.169141 0.0012846
0 0.863477 0.0561035 0.273047 0.112207 0.00127888
1 0.744141 0.893359 0.511719 0.213281 0.00126934
0 0.0520996 0.119141 0.104199 0.238281 0.00125504
0 0.941016 0.690625 0.117969 0.551562 0.00125504
1 0.0893555 0.871094 0.178711 0.257812 0.00124931
0 0.303076 0.156836 0.38916 0.313672 0.00124454
1 0.923437 0.141113 0.153125 0.25293 0.00123501
0 0.210498 0.159961 0.225098 0.104687 0.0012207
0 0.846094 0.110742 0.307813 0.221484 0.00121593
1 0.484375 0.855273 0.340625 0.289453 0.0012064
1 0.9625 0.17832 0.075 0.192188 0.00120163
0 0.651563 0.0716797 0.384375 0.143359 0.00119686
0 0.538281 0.219531 0.273438 0.227734 0.00118351
1 0.433594 0.708594 0.347656 0.514063 0.00117874
0 0.716406 0.575 0.314063 0.267188 0.00117397
1 0.713281 0.0671387 0.351562 0.134277 0.00117397
0 0.298096 0.0470703 0.390527 0.0941406 0.0011692
1 0.280469 0.645312 0.264062 0.429688 0.00116062
0 0.979688 0.237109 0.040625 0.290625 0.00115108
0 0.789844 0.598828 0.157813 0.252344 0.00114727
0 0.839063 0.17373 0.310937 0.236523 0.0011425
0 0.571094 0.080957 0.298438 0.161914 0.00113392
1 0.817383 0.0766113 0.308984 0.153223 0.00112915
1 0.9375 0.801562 0.123438 0.18125 0.00112915
1 0.261914 0.0886719 0.357422 0.177344 0.00112438
1 0.974219 0.206982 0.0515625 0.238379 0.00112438
0 0.839063 0.277734 0.151562 0.298438 0.00112057
0 0.261914 0.0886719 0.357422 0.177344 0.00112057
1 0.938281 0.848437 0.121875 0.26875 0.0011158
0 0.528027 0.880078 0.54082 0.239844 0.00110722
0 0.546875 0.0532227 0.367188 0.106445 0.0011034
0 0.622656 0.3 0.110937 0.285937 0.00109863
0 0.0629883 0.783594 0.125977 0.295312 0.00109863
1 0.0513184 0.155469 0.102637 0.28125 0.00109005
1 0.0520996 0.119141 0.104199 0.238281 0.00109005
0 0.819531 0.648828 0.117188 0.317969 0.00108147
0 0.060498 0.108789 0.120996 0.217578 0.00107765
1 0.556641 0.218945 0.152344 0.166016 0.00107765
1 0.711719 0.150195 0.432813 0.278906 0.00107288
1 0.0585938 0.0709473 0.117188 0.141895 0.00107288
0 0.501953 0.252734 0.3125 0.491406 0.00106525
0 0.283203 0.559375 0.430469 0.88125 0.00106525
0 0.0644531 0.109766 0.128125 0.219531 0.00106049
1 0.580859 0.193555 0.371094 0.358203 0.00106049
0 0.0597168 0.740625 0.119434 0.264062 0.00106049
0 0.0623047 0.150488 0.123828 0.288086 0.00106049
0 0.582422 0.898438 0.341406 0.203125 0.00105667
1 0.33125 0.578027 0.410937 0.69082 0.00105286
0 0.713281 0.0671387 0.351562 0.134277 0.00105286
0 0.804883 0.0655273 0.312109 0.131055 0.00104809
0 0.944141 0.219189 0.111719 0.33584 0.00104809
1 0.88418 0.0631836 0.231641 0.126367 0.00104809
0 0.405859 0.217187 0.200781 0.428906 0.00104809
0 0.0757812 0.519531 0.151562 0.504687 0.00104809
0 0.840234 0.383984 0.319531 0.567969 0.00103664
1 0.478027 0.0395508 0.451758 0.0791016 0.00103188
0 0.37168 0.694922 0.448828 0.544531 0.00101662
1 0.965625 0.866211 0.06875 0.267578 0.00101662
0 0.0893555 0.871094 0.178711 0.257812 0.00101662
1 0.285742 0.226758 0.125391 0.220703 0.00101185
0 0.305469 0.112695 0.382812 0.225391 0.00101185
0 0.0452148 0.233252 0.0904297 0.330371 0.00100803
0 0.632031 0.888672 0.220313 0.222656 0.00100803
1 0.741016 0.66875 0.286719 0.435937 0.844727
1 0.807617 0.293701 0.253516 0.347754 0.680664
1 0.455371 0.462109 0.789258 0.716406 0.374756
1 0.221484 0.298242 0.298438 0.363672 0.27124
0 0.807617 0.293701 0.253516 0.347754 0.218628
0 0.744531 0.6625 0.278125 0.45 0.121033
1 0.580469 0.29043 0.2125 0.319141 0.0953369
1 0.368359 0.550781 0.65 0.8625 0.0325928
0 0.747656 0.574219 0.264062 0.275 0.0115051
1 0.489844 0.363672 0.39375 0.479688 0.0100555
0 0.579687 0.289795 0.210938 0.30791 0.00993347
1 0.0605469 0.533203 0.121094 0.861719 0.00751877
0 0.221875 0.298047 0.295703 0.369531 0.005867
1 0.237158 0.435547 0.326465 0.642969 0.00548935
0 0.455371 0.462109 0.789258 0.716406 0.0053215
1 0.147266 0.521875 0.294531 0.860937 0.00484848
1 0.385254 0.390234 0.598242 0.526563 0.00378036
0 0.367969 0.100952 0.114844 0.197314 0.00362206
1 0.052002 0.701953 0.104004 0.350781 0.00341606
1 0.313867 0.341016 0.473828 0.466406 0.00259018
1 0.747656 0.574219 0.264062 0.275 0.00247192
0 0.220313 0.204102 0.278906 0.193359 0.00221634
0 0.052002 0.701953 0.104004 0.350781 0.00211525
0 0.575781 0.220313 0.2 0.176953 0.00198746
0 0.386035 0.102734 0.174805 0.192969 0.0019722
0 0.0541504 0.524219 0.108301 0.828125 0.00194931
1 0.203906 0.527344 0.407813 0.848437 0.00179577
1 0.0521973 0.571875 0.104395 0.639063 0.00177479
0 0.850781 0.587109 0.0140625 0.214844 0.00163555
1 0.5875 0.701563 0.678125 0.564062 0.00161648
0 0.574609 0.156934 0.157031 0.0384766 0.0014782
0 0.904688 0.345313 0.053125 0.165625 0.00145531
0 0.879687 0.0648438 0.15625 0.124219 0.00141621
0 0.626953 0.0775391 0.179688 0.155078 0.00135612
0 0.505469 0.21792 0.053125 0.111035 0.00135612
0 0.368359 0.550781 0.65 0.8625 0.00122547
1 0.5625 0.242188 0.214062 0.217187 0.00109005
0 0.58125 0.1625 0.114063 0.034375 0.00108624
1 0.220313 0.204102 0.278906 0.193359 0.00108624
0 0.578125 0.147852 0.151562 0.0308594 0.00103188
1 0.745313 0.664062 0.282813 0.446875 0.522461
0 0.80957 0.296484 0.243359 0.346094 0.508789
0 0.74375 0.662109 0.271875 0.444531 0.323486
1 0.80918 0.29668 0.244141 0.345703 0.286865
1 0.220703 0.297998 0.292188 0.368066 0.115356
0 0.220703 0.297998 0.292188 0.368066 0.0473328
1 0.604297 0.313672 0.169531 0.241406 0.037323
0 0.625 0.0629883 0.214062 0.120898 0.0280151
1 0.317187 0.545313 0.529688 0.909375 0.0205994
1 0.544141 0.610937 0.125781 0.171875 0.018692
1 0.590234 0.296143 0.192188 0.31084 0.0180969
0 0.736719 0.582812 0.257812 0.282813 0.0172424
1 0.910937 0.84082 0.1375 0.174609 0.0143356
0 0.604297 0.313672 0.169531 0.241406 0.0121002
0 0.966797 0.80918 0.0664062 0.184766 0.0109863
1 0.96875 0.799805 0.0625 0.178516 0.00812531
0 0.582812 0.296436 0.209375 0.318066 0.00720596
1 0.557422 0.562891 0.133594 0.276563 0.00679779
1 0.663281 0.930859 0.157813 0.138281 0.005867
0 0.0861328 0.789062 0.148438 0.242188 0.00559998
0 0.672656 0.0660156 0.254687 0.125391 0.00534439
1 0.736719 0.582812 0.257812 0.282813 0.00498199
1 0.88125 0.856445 0.1 0.183984 0.00494385
1 0.909375 0.814844 0.13125 0.145313 0.00397491
0 0.775195 0.0747559 0.162109 0.14502 0.00388527
1 0.930469 0.482812 0.1375 0.178125 0.0037365
1 0.935156 0.790625 0.129688 0.19375 0.00356483
1 0.935938 0.525781 0.128125 0.23125 0.00356483
0 0.544141 0.610937 0.125781 0.171875 0.00346947
1 0.822656 0.848242 0.110937 0.178516 0.00338936
1 0.616406 0.0595703 0.201562 0.114453 0.00247192
0 0.462891 0.985547 0.224219 0.0289063 0.002388
1 0.361328 0.728125 0.10625 0.175 0.00221634
0 0.461621 0.983984 0.189258 0.0320312 0.00203514
1 0.946875 0.570312 0.10625 0.210938 0.00189686
1 0.914062 0.785742 0.13125 0.187891 0.00185299
0 0.820312 0.0567383 0.246875 0.108008 0.00183105
0 0.386328 0.102344 0.189063 0.184766 0.0018177
0 0.0305176 0.462109 0.0610352 0.173438 0.00177479
0 0.979688 0.852344 0.040625 0.171875 0.00150108
0 0.625781 0.0457031 0.264062 0.0914062 0.00145531
0 0.905469 0.85332 0.132812 0.190234 0.00143814
1 0.0861328 0.789062 0.148438 0.242188 0.00143242
1 0.915625 0.8625 0.165625 0.198437 0.00139427
0 0.432422 0.795508 0.111719 0.212109 0.00136185
0 0.0248047 0.862891 0.0496094 0.274219 0.00133514
1 0.511719 0.255518 0.110937 0.19209 0.00131989
0 0.646094 0.0769531 0.154687 0.153125 0.00131512
1 0.579687 0.916016 0.126563 0.167969 0.00127888
0 0.946875 0.570312 0.10625 0.210938 0.00127411
0 0.557422 0.562891 0.133594 0.276563 0.00126934
0 0.0151123 0.663281 0.0302246 0.410937 0.00124454
1 0.491406 0.103516 0.115625 0.149609 0.00124454
0 0.172168 0.0594238 0.153711 0.112402 0.00120163
0 0.733203 0.0650879 0.297656 0.124121 0.00120163
1 0.240576 0.542188 0.34541 0.865625 0.00119686
0 0.494531 0.113086 0.115625 0.141797 0.00117397
0 0.223096 0.20293 0.249121 0.180469 0.00116539
1 0.917969 0.917969 0.164062 0.164062 0.00114727
0 0.822656 0.848242 0.110937 0.178516 0.0011158
0 0.511719 0.255518 0.110937 0.19209 0.00111198
1 0.775195 0.0747559 0.162109 0.14502 0.0011034
0 0.88125 0.856445 0.1 0.183984 0.00109005
1 0.555469 0.782812 0.123438 0.164062 0.00108147
1 0.432422 0.795508 0.111719 0.212109 0.00107288
0 0.823438 0.374219 0.223438 0.171094 0.00105667
0 0.361328 0.728125 0.10625 0.175 0.00105286
0 0.973437 0.787695 0.053125 0.143359 0.00100803
1 0.81582 0.290234 0.243359 0.345313 0.673828
1 0.745313 0.665625 0.282813 0.446875 0.661133
1 0.223047 0.316797 0.288281 0.4125 0.461914
1 0.575391 0.297656 0.227344 0.321875 0.336426
0 0.749219 0.665625 0.271875 0.44375 0.127441
0 0.223047 0.317187 0.291406 0.414062 0.110291
0 0.81543 0.289648 0.237891 0.339453 0.0682983
0 0.9625 0.211523 0.075 0.188672 0.00614548
0 0.971094 0.800781 0.0578125 0.190625 0.00551224
0 0.00209961 0.044873 0.00419922 0.0897461 0.00426483
0 0.577344 0.291797 0.226562 0.307813 0.00345612
0 0.00195312 0.065918 0.00390625 0.131836 0.00342941
0 0.9625 0.598828 0.075 0.160938 0.00314713
0 0.0584473 0.0822266 0.113379 0.158594 0.00253105
0 0.217139 0.266797 0.263379 0.325 0.00222588
0 0.617578 0.0652344 0.188281 0.124219 0.00215721
0 0.750781 0.591406 0.259375 0.309375 0.00212479
0 0.00187988 0.0954102 0.00375977 0.157813 0.0019722
1 0.273047 0.356445 0.438281 0.475391 0.00194168
1 0.519922 0.385938 0.361719 0.50625 0.00187492
0 0.369727 0.0979492 0.205078 0.195898 0.00177479
1 0.967969 0.79707 0.0640625 0.199609 0.00159168
1 0.628516 0.0665039 0.179688 0.126758 0.0015192
0 0.00185547 0.497656 0.00371094 0.125 0.00150108
0 0.00253906 0.868555 0.00507812 0.194141 0.00141048
0 0.965234 0.239014 0.0695312 0.141504 0.00134087
0 0.00209961 0.551953 0.00419922 0.116406 0.00133514
0 0.992188 0.207617 0.015625 0.121484 0.00133514
0 0.00197754 0.528125 0.00395508 0.114063 0.00131989
0 0.991406 0.184424 0.0171875 0.120996 0.00129414
0 0.05 0.051416 0.1 0.0985352 0.00129414
0 0.977344 0.82168 0.0453125 0.159766 0.0012846
0 0.00222168 0.00970459 0.00444336 0.0194092 0.0012846
1 0.361133 0.483984 0.213672 0.199219 0.00123501
0 0.00212402 0.576563 0.00424805 0.146875 0.0012064
0 0.96875 0.348828 0.0625 0.119531 0.00119686
1 0.0529785 0.478516 0.0961914 0.197656 0.00119209
1 0.369727 0.0979492 0.205078 0.195898 0.0011692
0 0.00197754 0.122949 0.00395508 0.151758 0.00113773
1 0.576953 0.230859 0.232031 0.194141 0.00113773
0 0.991406 0.810156 0.0171875 0.1375 0.00112438
1 0.217139 0.266797 0.263379 0.325 0.00110722
0 0.994141 0.448047 0.0117188 0.0960938 0.00109863
0 0.990625 0.782812 0.01875 0.132812 0.00108624
0 0.00228271 0.91875 0.00456543 0.1625 0.00105667
0 0.994531 0.469141 0.0109375 0.0929687 0.00105286
0 0.994531 0.351953 0.0109375 0.105469 0.00103188
0 0.377344 0.0721191 0.217187 0.138379 0.00101662
0 0.966406 0.368555 0.0671875 0.119922 0.00100422
1 0.22207 0.286133 0.294922 0.362109 0.72168
1 0.740625 0.653906 0.278125 0.448438 0.671387
1 0.812695 0.288867 0.243359 0.347266 0.562012
1 0.595703 0.288086 0.177344 0.315234 0.492188
0 0.813281 0.287842 0.245312 0.347754 0.422607
1 0.215039 0.366406 0.317969 0.509375 0.385742
0 0.741016 0.655469 0.277344 0.445312 0.363037
0 0.601562 0.290576 0.167187 0.309473 0.172729
0 0.225195 0.292383 0.298828 0.371484 0.12854
0 0.215039 0.366406 0.317969 0.509375 0.0304413
1 0.269727 0.388379 0.487109 0.551367 0.00445175
1 0.370703 0.455859 0.638281 0.686719 0.00434875
0 0.623438 0.0663086 0.207813 0.12793 0.00286674
1 0.607031 0.320898 0.159375 0.239453 0.00257111
0 0.991797 0.326562 0.0164062 0.348437 0.00245285
0 0.521094 0.846875 0.0515625 0.065625 0.00217438
1 0.569531 0.320312 0.227344 0.38125 0.00197983
0 0.990625 0.940625 0.01875 0.11875 0.00162315
1 0.386621 0.375391 0.598633 0.502344 0.00148392
0 0.684375 0.117773 0.0640625 0.124609 0.00123501
0 0.991406 0.683594 0.0171875 0.395312 0.00121593
0 0.433984 0.854688 0.0570313 0.103125 0.00112057
0 0.500781 0.222656 0.05625 0.0957031 0.00110722
0 0.0766602 0.998438 0.15332 0.003125 0.00107288
0 1 0.832617 0 0.281641 0.00101662
1 0.746094 0.661328 0.3 0.453906 0.791016
1 0.8125 0.295361 0.248437 0.362402 0.754395
1 0.223779 0.300781 0.302441 0.384375 0.724121
1 0.574219 0.295264 0.226562 0.317285 0.583984
0 0.223242 0.300586 0.302734 0.382422 0.12854
0 0.816406 0.292383 0.254687 0.365234 0.103394
0 0.575 0.293311 0.235938 0.319629 0.0930176
0 0.746484 0.652344 0.286719 0.439063 0.0918579
0 0.505469 0.213281 0.0617188 0.105469 0.0088501
1 0.227734 0.372461 0.364844 0.506641 0.00600433
1 0.608594 0.302148 0.160938 0.301953 0.005867
1 0.298633 0.414453 0.435547 0.55 0.00273705
1 0.367969 0.449609 0.33125 0.461719 0.00208282
1 0.392969 0.496094 0.185156 0.198437 0.00200272
1 0.306055 0.516504 0.460547 0.748242 0.00175476
1 0.401953 0.497754 0.301562 0.47168 0.00168133
0 0.627344 0.0699219 0.190625 0.136523 0.00129414
1 0.446973 0.536328 0.270117 0.353125 0.00123024
1 0.387891 0.954297 0.370313 0.0914062 0.00105286
1 0.746094 0.661719 0.278125 0.44375 0.608398
0 0.8125 0.293164 0.246875 0.346484 0.42627
1 0.811133 0.293945 0.249609 0.349609 0.375732
0 0.742578 0.663281 0.285156 0.442187 0.332764
1 0.577344 0.294336 0.220313 0.316016 0.313965
1 0.224023 0.300049 0.293359 0.370215 0.233765
0 0.224023 0.300049 0.293359 0.370215 0.152832
0 0.578906 0.294336 0.215625 0.319922 0.106323
1 0.361523 0.551172 0.612891 0.897656 0.0831299
1 0.34375 0.418848 0.558594 0.598242 0.0204926
1 0.438672 0.615625 0.142188 0.175 0.00351143
0 0.228516 0.207031 0.257812 0.197656 0.0029583
1 0.612109 0.311133 0.155469 0.285547 0.00264168
0 0.612109 0.311133 0.155469 0.285547 0.00259018
1 0.939062 0.523828 0.121875 0.241406 0.00206757
0 0.503125 0.217627 0.0554687 0.0889648 0.00201988
1 0.580469 0.244922 0.196875 0.216797 0.00195694
1 0.420996 0.468066 0.298633 0.54043 0.00192642
0 0.147949 0.867383 0.0464844 0.190234 0.00179577
1 0.921875 0.8125 0.15625 0.157813 0.00168705
1 0.218018 0.563672 0.399902 0.872656 0.00148964
0 0.151562 0.854688 0.0460938 0.1375 0.00138855
1 0.503516 0.217773 0.05625 0.0878906 0.00101662
1 0.736328 0.658594 0.296094 0.435937 0.789062
1 0.8125 0.292969 0.246875 0.346875 0.728027
1 0.219727 0.291846 0.291016 0.370996 0.694336
1 0.594141 0.298438 0.192969 0.294531 0.208862
0 0.810742 0.289453 0.247266 0.345313 0.0853882
0 0.738281 0.662109 0.292188 0.441406 0.074646
1 0.545313 0.20332 0.139062 0.129688 0.0393372
0 0.220313 0.292139 0.292578 0.367285 0.0391846
1 0.572656 0.206689 0.1875 0.138965 0.0319824
0 0.594141 0.298438 0.192969 0.294531 0.0189819
1 0.576563 0.259814 0.20625 0.249902 0.0184784
1 0.522656 0.205127 0.0984375 0.128809 0.00828552
1 0.504687 0.21958 0.05625 0.0913086 0.00653839
1 0.216455 0.392188 0.31084 0.58125 0.00570679
1 0.573828 0.326367 0.225781 0.388672 0.00397491
1 0.426172 0.612891 0.153125 0.192969 0.00356483
1 0.336328 0.553125 0.583594 0.89375 0.00356483
1 0.232227 0.525391 0.328516 0.852344 0.00352478
1 0.570312 0.215576 0.20625 0.189941 0.00345612
0 0.714453 0.00441895 0.321094 0.00883789 0.00319672
1 0.430078 0.560938 0.189063 0.298438 0.00318527
1 0.424609 0.519434 0.246094 0.676758 0.0026722
1 0.423047 0.478027 0.2875 0.470508 0.00265312
0 0.572656 0.206689 0.1875 0.138965 0.00263214
0 0.426172 0.612891 0.153125 0.192969 0.0024929
0 0.545313 0.20332 0.139062 0.129688 0.00239754
0 0.576563 0.259814 0.20625 0.249902 0.00221634
1 0.50625 0.239063 0.065625 0.0566406 0.00185299
0 0.764063 0.00333252 0.275 0.00666504 0.00176811
0 0.192188 0.339453 0.222266 0.282031 0.00130463
0 0.112891 0.00456543 0.225 0.00913086 0.00129414
0 0.65625 0.00500488 0.279687 0.0100098 0.00125504
0 0.600781 0.00388184 0.284375 0.00776367 0.00123024
0 0.522656 0.205127 0.0984375 0.128809 0.00109863
1 0.528125 0.219727 0.0335938 0.0828125 0.00108624
1 0.441406 0.663281 0.111719 0.0859375 0.00107288
1 0.74375 0.658984 0.279687 0.436719 0.682617
1 0.8125 0.295703 0.245312 0.349219 0.680664
1 0.222998 0.29917 0.293848 0.375098 0.533203
0 0.222461 0.301562 0.290625 0.377344 0.437744
1 0.578125 0.303516 0.215625 0.315625 0.282227
0 0.742188 0.660547 0.279687 0.441406 0.219971
0 0.811133 0.292969 0.243359 0.346875 0.216064
1 0.534375 0.204102 0.1125 0.123047 0.0248871
1 0.55625 0.217969 0.148438 0.151953 0.0246124
1 0.503906 0.215576 0.0570313 0.0899414 0.0231476
0 0.586719 0.30332 0.196875 0.313672 0.0141144
1 0.939844 0.787305 0.120312 0.219141 0.00878143
1 0.168457 0.593359 0.144336 0.0804688 0.00664139
0 0.503125 0.216797 0.05625 0.0917969 0.00500107
1 0.627344 0.0719238 0.18125 0.138965 0.00441742
1 0.958594 0.787305 0.0796875 0.212891 0.00438309
1 0.594531 0.256445 0.15625 0.210547 0.00434875
1 0.521094 0.115527 0.0601562 0.0978516 0.00365067
1 0.164551 0.604688 0.15293 0.0609375 0.00333786
1 0.550781 0.249219 0.15625 0.215234 0.00314713
1 0.60625 0.312842 0.159375 0.288379 0.00291252
0 0.522266 0.109863 0.0625 0.0916016 0.00259018
1 0.953125 0.536719 0.09375 0.2875 0.00243378
0 0.627344 0.0719238 0.18125 0.138965 0.00188255
1 0.450781 0.663281 0.103125 0.0859375 0.00173378
0 0.958594 0.787305 0.0796875 0.212891 0.0017271
1 0.0578125 0.0952148 0.1125 0.19043 0.00169373
0 0.939844 0.787305 0.120312 0.219141 0.00150681
1 0.12998 0.666797 0.0794922 0.0695312 0.00150108
1 0.45625 0.171484 0.0570313 0.0945313 0.00139904
1 0.517187 0.230859 0.0859375 0.119531 0.00137234
0 0.164551 0.604688 0.15293 0.0609375 0.0012598
0 0.058252 0.0878906 0.113379 0.172461 0.0012598
1 0.320703 0.633984 0.605469 0.732031 0.00125504
1 0.174414 0.6125 0.174609 0.0382813 0.00124931
1 0.430371 0.632031 0.145508 0.15 0.00119686
1 0.0961914 0.825781 0.160742 0.198437 0.00118828
1 0.501953 0.257031 0.05625 0.155859 0.00115108
1 0.363281 0.457422 0.475 0.667969 0.00112057
0 0.55625 0.217969 0.148438 0.151953 0.00106907
0 0.953906 0.553516 0.0890625 0.263281 0.00105286
1 0.739453 0.658203 0.283594 0.433594 0.79834
1 0.80957 0.291211 0.243359 0.339453 0.76709
1 0.222852 0.293164 0.294922 0.360547 0.75
1 0.576563 0.301514 0.217187 0.316504 0.549805
0 0.222607 0.294482 0.293066 0.361035 0.119019
0 0.807813 0.290234 0.242188 0.339844 0.0892944
0 0.739844 0.649219 0.278125 0.420312 0.0613098
0 0.584375 0.301221 0.203125 0.313965 0.0381775
1 0.502344 0.216797 0.053125 0.0964844 0.00469971
1 0.589844 0.336328 0.189063 0.235938 0.00223351
1 0.225195 0.996875 0.349609 0.00625 0.00183868
0 0.225195 0.996875 0.349609 0.00625 0.00179577
1 0.574219 0.236328 0.198437 0.203906 0.00138855
0 0.896094 0.111133 0.125 0.0332031 0.00129414
0 0.503906 0.214795 0.05625 0.0977539 0.0011692
0 0.515625 0.109668 0.0765625 0.0955078 0.00102425
1 0.739453 0.658203 0.283594 0.433594 0.797363
1 0.80957 0.291406 0.243359 0.339844 0.765625
1 0.222852 0.293164 0.294922 0.360547 0.748535
1 0.576563 0.301514 0.217187 0.316504 0.548828
0 0.222656 0.294482 0.292969 0.361035 0.120667
0 0.807813 0.290234 0.242188 0.339844 0.0899048
0 0.739844 0.649219 0.278125 0.420312 0.0614319
0 0.584375 0.301367 0.203125 0.313672 0.0383301
1 0.502344 0.216797 0.053125 0.0964844 0.0046463
1 0.589844 0.336328 0.189063 0.235938 0.00221634
1 0.225195 0.996875 0.349609 0.00625 0.00182438
0 0.225195 0.996875 0.349609 0.00625 0.00178242
1 0.574219 0.236328 0.198437 0.203906 0.00138855
0 0.896094 0.111133 0.125 0.0332031 0.00129414
0 0.503906 0.214795 0.05625 0.0977539 0.00116062
0 0.515625 0.109668 0.0765625 0.0955078 0.00100803
