1 0.521191 0.5125 0.498242 0.975 0.64502
1 0.8875 0.629297 0.225 0.400781 0.414062
1 0.260547 0.835156 0.14375 0.2125 0.254639
1 0.307813 0.395996 0.139844 0.206445 0.186523
1 0.569531 0.446875 0.329688 0.846875 0.165894
0 0.8875 0.629297 0.225 0.400781 0.116577
0 0.3125 0.397266 0.132031 0.1875 0.11438
0 0.180518 0.167383 0.187402 0.255859 0.114197
0 0.263672 0.817187 0.134375 0.176563 0.103027
1 0.571484 0.292969 0.300781 0.525 0.0803833
1 0.180518 0.167383 0.187402 0.255859 0.0597534
0 0.261328 0.844531 0.148438 0.23125 0.0404663
1 0.217529 0.177783 0.268066 0.31709 0.0393372
1 0.639453 0.407031 0.447656 0.770312 0.0287018
0 0.570312 0.260547 0.298438 0.473437 0.0241852
1 0.253467 0.229102 0.334473 0.442578 0.0207977
1 0.268701 0.865039 0.187598 0.269922 0.0181274
1 0.849414 0.2375 0.301172 0.46875 0.0180969
0 0.220703 0.15957 0.270312 0.287109 0.0176392
1 0.257812 0.160938 0.340625 0.316797 0.0165863
1 0.207813 0.272266 0.354688 0.510938 0.0142288
1 0.60791 0.513281 0.482617 0.973437 0.0136337
1 0.416406 0.519531 0.378125 0.960938 0.0136337
1 0.134277 0.488281 0.268555 0.571875 0.0132751
1 0.260938 0.404297 0.224219 0.282031 0.0120087
1 0.403125 0.401172 0.350781 0.482812 0.0105667
1 0.208984 0.828906 0.244922 0.242188 0.0103302
0 0.289453 0.818555 0.0953125 0.178516 0.00967407
0 0.261914 0.787695 0.126563 0.121484 0.00905609
1 0.8875 0.558203 0.225 0.253906 0.00828552
1 0.141699 0.478906 0.283398 0.901563 0.00806427
0 0.296875 0.390723 0.1625 0.223242 0.00748825
1 0.289453 0.818555 0.0953125 0.178516 0.00723267
0 0.521191 0.5125 0.498242 0.975 0.00629044
1 0.894531 0.714063 0.210938 0.571875 0.00629044
1 0.395312 0.37168 0.325781 0.325391 0.00605011
1 0.264453 0.813281 0.125781 0.170312 0.00577545
1 0.194531 0.848633 0.379687 0.302734 0.00551224
1 0.369141 0.517969 0.372656 0.890625 0.00530243
1 0.252344 0.800781 0.115625 0.140625 0.00510025
0 0.569531 0.446875 0.329688 0.846875 0.00496292
0 0.8875 0.558203 0.225 0.253906 0.0049057
1 0.886914 0.116992 0.226172 0.233984 0.0049057
1 0.505078 0.54375 0.403906 0.876562 0.00439835
1 0.163867 0.306641 0.246484 0.567969 0.00429916
1 0.323047 0.812695 0.264844 0.274609 0.00405502
1 0.313477 0.485938 0.260547 0.6 0.00383949
1 0.324414 0.812109 0.527734 0.375781 0.00356483
1 0.253906 0.502734 0.274219 0.560156 0.00356483
1 0.713672 0.261914 0.572656 0.521484 0.00344276
0 0.22207 0.166797 0.108984 0.238672 0.00332451
1 0.199023 0.8625 0.272266 0.275 0.00322342
1 0.305518 0.824609 0.31709 0.350781 0.00301552
1 0.195312 0.730078 0.325781 0.466406 0.00279999
1 0.456641 0.526563 0.291406 0.889063 0.00279045
0 0.85 0.231641 0.3 0.463281 0.00265312
0 0.268701 0.865039 0.187598 0.269922 0.00257111
1 0.453027 0.396484 0.451758 0.728906 0.00247192
1 0.891016 0.166602 0.217969 0.332031 0.00243378
0 0.253467 0.229102 0.334473 0.442578 0.00234985
1 0.362891 0.282227 0.350781 0.463672 0.00226974
0 0.134277 0.488281 0.268555 0.571875 0.00219917
0 0.0573242 0.0955078 0.114648 0.191016 0.00217438
1 0.479297 0.653516 0.346875 0.589844 0.00215721
1 0.0575684 0.0874023 0.115137 0.174805 0.00215721
1 0.384766 0.751562 0.145313 0.259375 0.00214005
1 0.054248 0.111035 0.108496 0.22207 0.00201035
0 0.260938 0.404297 0.224219 0.282031 0.00200272
1 0.401953 0.676953 0.170312 0.377344 0.00198746
1 0.22207 0.166797 0.108984 0.238672 0.00198746
0 0.184766 0.192578 0.186328 0.180859 0.0019722
1 0.11875 0.410547 0.2375 0.619531 0.00192642
0 0.0583008 0.141211 0.116602 0.266797 0.00191212
0 0.905469 0.711719 0.178125 0.239063 0.00186729
1 0.814648 0.899219 0.370703 0.201562 0.00186729
1 0.174414 0.7875 0.298828 0.407813 0.00185299
1 0.320703 0.149512 0.282031 0.299023 0.00185299
1 0.386621 0.837109 0.714258 0.325781 0.00183105
1 0.194922 0.442969 0.380469 0.653125 0.00181007
0 0.194531 0.848633 0.379687 0.302734 0.0018034
1 0.146875 0.601172 0.289453 0.602344 0.00178242
0 0.886914 0.116992 0.226172 0.233984 0.00178242
0 0.141699 0.478906 0.283398 0.901563 0.00177479
1 0.863672 0.301562 0.272656 0.400781 0.00176811
1 0.80625 0.0763672 0.3875 0.152734 0.00176811
1 0.230469 0.876758 0.460938 0.246484 0.00176144
0 0.267627 0.145117 0.336621 0.290234 0.00176144
0 0.639453 0.407031 0.447656 0.770312 0.00176144
0 0.207813 0.272266 0.354688 0.510938 0.00174809
1 0.392578 0.701563 0.153125 0.259375 0.00174809
1 0.378125 0.75 0.121875 0.19375 0.00171375
1 0.829687 0.0304443 0.340625 0.0608887 0.00169373
0 0.243359 0.785156 0.0953125 0.117188 0.0016613
1 0.819727 0.181055 0.360547 0.362109 0.0015974
1 0.410156 0.564746 0.20625 0.762695 0.00157928
1 0.829687 0.0953125 0.340625 0.190625 0.00157356
1 0.861523 0.613281 0.276953 0.454688 0.00154877
1 0.300195 0.553223 0.404297 0.79668 0.00151253
1 0.824805 0.714063 0.350391 0.571875 0.00149536
1 0.179639 0.520312 0.340723 0.510938 0.00148392
1 0.0583008 0.141211 0.116602 0.266797 0.00146675
1 0.321094 0.170312 0.376563 0.340625 0.00146103
0 0.375781 0.745313 0.120312 0.2 0.00145531
1 0.352734 0.241797 0.539844 0.483594 0.00143242
1 0.736719 0.894531 0.526563 0.210938 0.00141048
1 0.1375 0.148633 0.257031 0.269922 0.00139427
1 0.348047 0.0336914 0.421094 0.0673828 0.00138855
0 0.403125 0.401172 0.350781 0.482812 0.00137234
1 0.617969 0.891406 0.764063 0.217187 0.00133514
1 0.905469 0.711719 0.178125 0.239063 0.00132465
1 0.361328 0.101172 0.367188 0.202344 0.00131989
0 0.891016 0.166602 0.217969 0.332031 0.00131512
1 0.857617 0.0705078 0.284766 0.141016 0.00128937
1 0.585938 0.652734 0.460938 0.682031 0.00128937
0 0.79082 0.902734 0.418359 0.194531 0.00127411
1 0.140625 0.711328 0.279297 0.539844 0.00126457
1 0.758594 0.0346436 0.482812 0.0692871 0.00125504
0 0.1375 0.148633 0.257031 0.269922 0.00124454
1 0.226562 0.531641 0.402344 0.708594 0.00122547
0 0.104883 0.0283447 0.209766 0.0566895 0.00121593
0 0.829687 0.0304443 0.340625 0.0608887 0.0012064
1 0.408496 0.761328 0.186133 0.389844 0.0012064
0 0.853906 0.898438 0.292188 0.203125 0.0012064
1 0.180859 0.905469 0.361719 0.189063 0.00113392
0 0.324414 0.812109 0.527734 0.375781 0.00112438
0 0.946484 0.913281 0.107031 0.173438 0.00112438
0 0.167383 0.0183105 0.334766 0.0366211 0.00112438
0 0.320703 0.149512 0.282031 0.299023 0.00112057
1 0.104883 0.0283447 0.209766 0.0566895 0.0011158
1 0.483984 0.024707 0.507031 0.0494141 0.00111198
1 0.884961 0.891406 0.230078 0.217187 0.00109863
1 0.861328 0.533594 0.277344 0.265625 0.00107288
0 0.923437 0.695703 0.1375 0.278906 0.00105667
0 0.208984 0.828906 0.244922 0.242188 0.00104809
1 0.110156 0.0981445 0.220313 0.196289 0.00101662
1 0.634277 0.0241699 0.520508 0.0483398 0.00101662
1 0.0650879 0.771875 0.130176 0.301562 0.00100803
0 0.434375 0.500391 0.403125 0.905469 0.00100803
0 0.264844 0.816406 0.139062 0.189063 0.702637
0 0.185107 0.167187 0.19541 0.2375 0.628906
1 0.576563 0.243018 0.307813 0.362402 0.622559
0 0.308203 0.402246 0.126563 0.193945 0.575684
0 0.575 0.240039 0.310937 0.362109 0.370117
1 0.263086 0.813281 0.141797 0.182812 0.357666
1 0.428027 0.547656 0.198633 0.204688 0.221313
1 0.181445 0.16709 0.195703 0.235352 0.202393
1 0.307031 0.398535 0.133594 0.19043 0.13269
1 0.674219 0.375195 0.651563 0.750391 0.0470886
1 0.783203 0.350586 0.433594 0.701172 0.0294189
1 0.309961 0.818555 0.247266 0.172266 0.0227966
1 0.600391 0.579297 0.658594 0.307031 0.01297
1 0.682422 0.314063 0.527344 0.508594 0.0104065
0 0.433594 0.568359 0.189844 0.160156 0.00941467
1 0.148828 0.418066 0.178906 0.199805 0.00698471
1 0.627734 0.489453 0.713281 0.869531 0.0064621
1 0.421777 0.0710938 0.518945 0.142188 0.00636292
1 0.35625 0.705859 0.0898438 0.158594 0.00595856
0 0.309961 0.818555 0.247266 0.172266 0.00579834
1 0.28125 0.50625 0.532031 0.280469 0.00577545
1 0.465625 0.080957 0.68125 0.161914 0.00526047
1 0.823438 0.276953 0.353125 0.553906 0.00516129
1 0.0602539 0.0677734 0.120508 0.135547 0.00452042
1 0.465625 0.946094 0.910937 0.107813 0.00445175
1 0.455469 0.125195 0.539844 0.250391 0.00418091
0 0.0602539 0.0677734 0.120508 0.135547 0.00405502
1 0.331641 0.810742 0.28125 0.119141 0.00392914
1 0.335547 0.113867 0.308594 0.227734 0.00379562
0 0.354297 0.708203 0.0960938 0.147656 0.00374985
1 0.137891 0.448047 0.225 0.3125 0.00367928
1 0.371094 0.519922 0.742188 0.360938 0.00355148
1 0.374805 0.39541 0.276953 0.213867 0.00337601
1 0.140039 0.541406 0.280078 0.476562 0.00327301
1 0.689844 0.164551 0.6125 0.329102 0.00273705
0 0.511719 0.764063 0.1375 0.0453125 0.00263214
1 0.357812 0.920313 0.124219 0.154687 0.00253105
0 0.300586 0.807617 0.0128906 0.197266 0.00243378
0 0.351758 0.401172 0.0402344 0.200781 0.0024147
0 0.0604004 0.0523437 0.120801 0.104687 0.00232315
1 0.314258 0.0834473 0.233203 0.166895 0.00224304
1 0.865625 0.634375 0.25625 0.415625 0.00220871
0 0.148828 0.418066 0.178906 0.199805 0.00215721
1 0.448828 0.558594 0.29375 0.204688 0.0020504
0 0.421777 0.0710938 0.518945 0.142188 0.0020504
0 0.374805 0.39541 0.276953 0.213867 0.00186062
1 0.305273 0.429688 0.186328 0.260938 0.00185299
1 0.0588867 0.111523 0.117773 0.223047 0.00176144
1 0.134399 0.435254 0.146436 0.16543 0.00174141
0 0.342187 0.396191 0.0234375 0.212305 0.00173378
1 0.0635254 0.953125 0.127051 0.0875 0.00166798
0 0.518359 0.764844 0.0984375 0.0421875 0.00163555
0 0.198047 0.998828 0.347656 0.00234375 0.0015974
1 0.469531 0.386719 0.482031 0.185937 0.00154877
1 0.314844 0.0628906 0.235156 0.11875 0.00153637
0 0.28125 0.394434 0.178906 0.187695 0.00150681
0 0.329297 0.997266 0.264062 0.00546875 0.00148964
0 0.314258 0.0834473 0.233203 0.166895 0.0014782
1 0.0993164 0.95 0.198633 0.090625 0.00146675
1 0.41875 0.929688 0.8375 0.1375 0.00143814
1 0.472656 0.960156 0.910937 0.0796875 0.00141048
1 0.439844 0.973437 0.879687 0.053125 0.00139904
0 0.264648 0.789844 0.133984 0.129688 0.00139904
0 0.0588867 0.111523 0.117773 0.223047 0.00139427
0 0.381641 0.732031 0.126563 0.223438 0.00138283
1 0.424219 0.0492188 0.804688 0.0984375 0.00137234
0 0.920313 0.639844 0.146875 0.226562 0.00134087
0 0.272266 0.984375 0.300781 0.03125 0.00131989
1 0.851562 0.214453 0.296875 0.428906 0.0012846
1 0.680469 0.114453 0.629687 0.228906 0.00127411
1 0.698047 0.254883 0.603906 0.509766 0.00127411
0 0.469531 0.386719 0.482031 0.185937 0.00125504
0 0.690625 0.998047 0.271875 0.00390625 0.00123501
1 0.299219 0.983594 0.255469 0.0328125 0.00121593
1 0.483203 0.825781 0.914844 0.251563 0.00121117
1 0.323047 0.49375 0.646094 0.485938 0.0012064
0 0.755859 0.1125 0.136719 0.176563 0.00115108
0 0.323633 0.996875 0.399609 0.00625 0.00114727
0 0.247656 0.998438 0.476562 0.003125 0.00112915
1 0.49375 0.606641 0.8875 0.461719 0.00110722
1 0.281201 0.0606445 0.387598 0.121289 0.0011034
0 0.354297 0.920313 0.113281 0.151562 0.00109863
1 0.85 0.358398 0.296875 0.716797 0.00108147
0 0.465625 0.080957 0.68125 0.161914 0.00108147
1 0.410547 0.985156 0.821094 0.0296875 0.00105667
0 0.662109 0.985156 0.246094 0.0296875 0.00104809
0 0.311328 0.820508 0.0164062 0.180859 0.00103188
0 0.183203 0.167773 0.1875 0.229297 0.544922
0 0.309375 0.397266 0.135937 0.192188 0.533203
0 0.571094 0.240283 0.3 0.366309 0.519531
0 0.2625 0.810156 0.145313 0.164062 0.385742
1 0.574219 0.240234 0.3 0.382031 0.192505
1 0.308984 0.400879 0.136719 0.198242 0.174072
1 0.2625 0.810156 0.145313 0.164062 0.14856
1 0.18418 0.167773 0.184766 0.230859 0.101074
1 0.422656 0.540625 0.157813 0.175 0.0460205
1 0.381348 0.730469 0.137305 0.221875 0.0419312
1 0.442969 0.49375 0.175 0.225 0.0240479
1 0.371094 0.705469 0.116406 0.167187 0.0228882
1 0.932422 0.0756836 0.135156 0.148242 0.02034
1 0.924219 0.654688 0.146875 0.188281 0.0197906
1 0.8875 0.728125 0.153125 0.201562 0.0189056
1 0.0905273 0.885156 0.172852 0.189063 0.0184021
1 0.148145 0.405469 0.191992 0.209375 0.0184021
1 0.0638184 0.8875 0.124121 0.203125 0.0173798
1 0.310547 0.575 0.0929687 0.171875 0.0152512
1 0.402734 0.563281 0.122656 0.179688 0.0148392
1 0.653125 0.939453 0.207813 0.121094 0.0147324
1 0.130957 0.879687 0.15918 0.171875 0.0130234
1 0.637891 0.952344 0.177344 0.0953125 0.0129242
1 0.341992 0.922266 0.118359 0.155469 0.0116882
1 0.475781 0.917188 0.165625 0.165625 0.0111618
1 0.593359 0.728906 0.113281 0.195312 0.011116
1 0.910937 0.909375 0.175 0.175 0.0108185
1 0.833594 0.226758 0.332812 0.453516 0.0105667
1 0.380469 0.678125 0.136719 0.214062 0.0104904
1 0.210498 0.574219 0.12041 0.223438 0.0104904
1 0.797656 0.707031 0.11875 0.214062 0.00985718
1 0.141016 0.523438 0.261719 0.451562 0.00971222
1 0.578125 0.714063 0.130469 0.16875 0.00905609
1 0.721094 0.914453 0.151562 0.171094 0.00898743
0 0.924219 0.654688 0.146875 0.188281 0.00834656
1 0.161133 0.38584 0.152734 0.175195 0.00821686
1 0.871875 0.773438 0.134375 0.117188 0.00790405
1 0.757031 0.296094 0.485938 0.592188 0.00769424
1 0.519141 0.7125 0.164062 0.175 0.00723267
1 0.159863 0.8625 0.126367 0.19375 0.00720596
1 0.930469 0.255664 0.139062 0.176953 0.00720596
1 0.563281 0.752734 0.154687 0.197656 0.00712204
1 0.635547 0.699609 0.669531 0.589844 0.00669098
1 0.5125 0.814062 0.129688 0.135937 0.00653839
1 0.704687 0.934375 0.209375 0.13125 0.00651169
1 0.817187 0.721875 0.146875 0.207813 0.0064888
1 0.208008 0.83457 0.252734 0.221484 0.0055542
1 0.449609 0.518359 0.153906 0.180469 0.00544739
1 0.396094 0.283203 0.0960938 0.182812 0.00530243
1 0.628516 0.928516 0.159375 0.142969 0.00516129
1 0.923437 0.100391 0.153125 0.189453 0.00494385
1 0.510938 0.740625 0.146094 0.178125 0.00450516
1 0.936328 0.287891 0.127344 0.219531 0.00436401
1 0.148633 0.836719 0.1125 0.201562 0.00436401
1 0.544531 0.721875 0.153125 0.184375 0.00397491
1 0.218359 0.610156 0.107031 0.19375 0.00397491
1 0.0611328 0.103516 0.122266 0.204297 0.00390053
1 0.783008 0.716406 0.102734 0.182812 0.00388527
1 0.538281 0.791992 0.145313 0.156641 0.00367928
1 0.548828 0.686719 0.15 0.129688 0.00365067
1 0.933594 0.359766 0.13125 0.203906 0.00358009
1 0.488281 0.684766 0.125 0.139844 0.00342941
1 0.501172 0.9 0.14375 0.19375 0.00335121
1 0.138867 0.667578 0.183203 0.192188 0.00335121
1 0.778906 0.0913086 0.195312 0.177148 0.00332451
1 0.186523 0.857617 0.303516 0.266016 0.00329781
1 0.184375 0.599609 0.140234 0.194531 0.00323486
1 0.896875 0.889063 0.184375 0.128125 0.00307465
1 0.578906 0.770312 0.146875 0.189063 0.00302696
1 0.8625 0.685938 0.165625 0.28125 0.00283432
1 0.917188 0.7 0.14375 0.242188 0.00283432
1 0.603906 0.757812 0.115625 0.198437 0.00279999
1 0.935547 0.22583 0.128906 0.214746 0.00271416
0 0.266797 0.821875 0.135156 0.11875 0.00269318
1 0.327734 0.9125 0.0851562 0.125 0.00263214
1 0.494531 0.719531 0.13125 0.192188 0.00259018
1 0.0580078 0.15 0.116016 0.3 0.00259018
1 0.948828 0.915625 0.102344 0.1625 0.00257111
1 0.484375 0.955469 0.160938 0.0890625 0.00255013
1 0.694531 0.528516 0.153125 0.171094 0.00251198
1 0.16377 0.639844 0.161914 0.195312 0.0024929
1 0.701953 0.56875 0.160156 0.210938 0.00247192
1 0.927734 0.0566895 0.144531 0.108105 0.00242424
1 0.363867 0.725 0.107422 0.151562 0.00235939
1 0.475 0.889063 0.149219 0.190625 0.00234985
1 0.882812 0.625 0.225 0.401563 0.00230598
1 0.171777 0.364453 0.139258 0.132031 0.00226974
0 0.922656 0.0561523 0.154687 0.106445 0.00218201
1 0.741406 0.892187 0.125 0.167187 0.00217438
1 0.116992 0.691797 0.201953 0.171094 0.00208282
1 0.613281 0.961328 0.132812 0.0773437 0.00208282
1 0.901172 0.110156 0.197656 0.212109 0.0020752
1 0.505469 0.794531 0.129688 0.15 0.00206757
0 0.373828 0.726562 0.121094 0.19375 0.0020504
1 0.0912354 0.675781 0.163232 0.185937 0.00198746
0 0.422656 0.540625 0.157813 0.175 0.00195694
0 0.0154785 0.836133 0.030957 0.327734 0.00194931
1 0.0733398 0.633984 0.140039 0.263281 0.00188255
1 0.921094 0.145117 0.157813 0.273828 0.00186729
1 0.149121 0.621094 0.143164 0.198437 0.00183868
1 0.920313 0.316602 0.159375 0.180078 0.00182438
1 0.601562 0.942187 0.109375 0.115625 0.00182438
1 0.222852 0.640625 0.107031 0.184375 0.00178242
1 0.378516 0.921875 0.161719 0.15 0.00178242
1 0.32832 0.0848633 0.211328 0.166992 0.00174141
1 0.744141 0.924219 0.186719 0.151562 0.00173378
1 0.303516 0.921875 0.103125 0.153125 0.0017271
1 0.111523 0.552246 0.201172 0.533008 0.00171375
1 0.510156 0.839258 0.129688 0.168359 0.00170708
0 0.310547 0.575 0.0929687 0.171875 0.0017004
1 0.842188 0.126392 0.115625 0.198389 0.00169373
1 0.252734 0.834375 0.145313 0.203125 0.00162315
1 0.384375 0.783008 0.128906 0.143359 0.00160408
1 0.657812 0.970312 0.21875 0.059375 0.00159168
1 0.42041 0.921094 0.18418 0.157813 0.00156116
1 0.315039 0.922656 0.176172 0.154687 0.00153637
1 0.871875 0.909375 0.157813 0.18125 0.00150108
1 0.767969 0.105957 0.151562 0.195898 0.00149536
1 0.914062 0.371875 0.171875 0.170312 0.00148964
1 0.90625 0.0763916 0.18125 0.144482 0.00143814
1 0.580078 0.689844 0.1375 0.140625 0.00140476
1 0.942187 0.390234 0.115625 0.145313 0.00138855
1 0.309766 0.616797 0.0789063 0.249219 0.00137806
1 0.445312 0.885938 0.134375 0.195312 0.00136662
1 0.387109 0.574219 0.10625 0.177344 0.00133514
1 0.302344 0.0518066 0.19375 0.0977539 0.00132465
1 0.301367 0.626562 0.0902344 0.192969 0.00131989
0 0.442969 0.49375 0.175 0.225 0.00131989
1 0.6375 0.98125 0.173438 0.0375 0.00130463
1 0.141992 0.785937 0.123828 0.142188 0.00129986
0 0.8875 0.728125 0.153125 0.201562 0.00124454
1 0.435156 0.560547 0.183594 0.182812 0.00122547
0 0.0611328 0.103516 0.122266 0.204297 0.00122547
0 0.542969 0.0409302 0.279687 0.0818115 0.00122547
0 0.402734 0.563281 0.122656 0.179688 0.00122547
0 0.0167969 0.782617 0.0335938 0.434766 0.00121593
1 0.134473 0.759375 0.152148 0.148438 0.00120163
0 0.0638184 0.8875 0.124121 0.203125 0.00118351
1 0.907031 0.954687 0.185937 0.090625 0.0011692
1 0.86875 0.227295 0.1625 0.204004 0.00112438
0 0.514453 0.0471191 0.369531 0.0874023 0.00110722
0 0.932422 0.0756836 0.135156 0.148242 0.00109482
1 0.362695 0.90625 0.128516 0.134375 0.00109005
0 0.302344 0.0518066 0.19375 0.0977539 0.00109005
0 0.318555 0.428125 0.121484 0.132812 0.00107765
1 0.12229 0.8375 0.154248 0.189063 0.00104809
1 0.723437 0.95 0.1875 0.1 0.00102043
0 0.00991211 0.740625 0.0198242 0.389062 0.00101662
0 0.0905273 0.885156 0.172852 0.189063 0.00100803
0 0.183398 0.164844 0.177734 0.233594 0.472656
1 0.586719 0.245312 0.303125 0.374219 0.358398
0 0.580469 0.240234 0.298438 0.375781 0.276611
0 0.311523 0.397266 0.131641 0.191406 0.20813
0 0.263672 0.815625 0.133594 0.179688 0.176636
1 0.316797 0.39834 0.147656 0.201758 0.171875
1 0.180078 0.162012 0.177344 0.232227 0.163696
1 0.867188 0.630078 0.25625 0.405469 0.107239
1 0.266016 0.822656 0.145313 0.19375 0.100525
1 0.0645508 0.0513672 0.125586 0.102734 0.0450134
0 0.0645508 0.0513672 0.125586 0.102734 0.0156708
0 0.87207 0.629687 0.252734 0.404687 0.0148392
1 0.88125 0.236328 0.2375 0.467187 0.0088501
1 0.340234 0.110547 0.219531 0.221094 0.00828552
1 0.325781 0.0785645 0.202344 0.157129 0.00740433
0 0.00241699 0.0590332 0.00483398 0.118066 0.00579834
1 0.635547 0.617285 0.691406 0.707617 0.00566483
0 0.00244141 0.0862305 0.00488281 0.172461 0.00564194
1 0.1875 0.398047 0.146484 0.230469 0.00418091
1 0.412109 0.5625 0.15625 0.190625 0.00402451
1 0.300195 0.0426636 0.158984 0.0849854 0.00374985
1 0.141699 0.891406 0.132617 0.164062 0.00365067
0 0.00229492 0.910547 0.00458984 0.178906 0.00351143
0 0.00229492 0.134375 0.00458984 0.2125 0.00282288
0 0.00224609 0.877344 0.00449219 0.20625 0.00279999
1 0.426562 0.508203 0.171875 0.304688 0.00245285
0 0.00227051 0.211133 0.00454102 0.167578 0.00242424
0 0.96875 0.314063 0.0625 0.1625 0.00239754
1 0.13418 0.536719 0.252734 0.535937 0.00220871
0 0.00229492 0.673437 0.00458984 0.1875 0.00213242
0 0.00205078 0.826563 0.00410156 0.20625 0.00203514
0 0.96875 0.353906 0.0625 0.19375 0.00191212
0 0.00219727 0.617969 0.00439453 0.170312 0.00191212
0 0.96875 0.909375 0.0625 0.159375 0.00184631
1 0.231055 0.846875 0.252734 0.240625 0.00183105
0 0.96875 0.273242 0.0625 0.183203 0.00181007
1 0.675781 0.936719 0.285937 0.126563 0.00171375
0 0.99375 0.823438 0.0125 0.104687 0.00168705
0 0.913281 0.689062 0.165625 0.3 0.00168133
1 0.511328 0.704687 0.161719 0.171875 0.0016613
0 0.00195312 0.383496 0.00390625 0.126758 0.00163555
0 0.00187988 0.409766 0.00375977 0.141406 0.00163555
0 0.971094 0.817969 0.0578125 0.115625 0.00163555
0 0.992578 0.797656 0.0148437 0.103125 0.00161648
1 0.76875 0.108301 0.24375 0.216602 0.00160408
1 0.193311 0.360156 0.147754 0.135937 0.0015974
0 0.336914 0.116309 0.223828 0.232617 0.00156689
0 0.00212402 0.276172 0.00424805 0.203125 0.00156116
0 0.316406 0.390625 0.175781 0.207813 0.00153637
0 0.994531 0.875 0.0109375 0.0984375 0.00153637
0 0.00217285 0.577344 0.0043457 0.16875 0.00151253
0 0.994531 0.847656 0.0109375 0.0984375 0.0014782
0 0.00229492 0.720312 0.00458984 0.175 0.0014782
0 0.00220947 0.174414 0.00441895 0.220703 0.00147247
1 0.150684 0.957031 0.291211 0.0859375 0.00144386
0 0.325781 0.0785645 0.202344 0.157129 0.00138283
1 0.866016 0.288867 0.267969 0.577734 0.00136662
0 0.994531 0.9 0.0109375 0.103125 0.00136185
1 0.745703 0.965234 0.449219 0.0695312 0.00134087
0 0.972656 0.797656 0.0546875 0.117188 0.00133514
0 0.991797 0.773438 0.0164062 0.0984375 0.00131512
0 0.0615234 0.115234 0.117773 0.230469 0.00129986
0 0.00185547 0.440527 0.00371094 0.142383 0.00126457
0 0.0568359 0.147461 0.109766 0.237891 0.0012207
0 0.995313 0.278711 0.009375 0.103125 0.00121117
0 0.995313 0.322461 0.009375 0.0976562 0.00116539
0 0.995313 0.3 0.009375 0.102344 0.0011425
0 0.0020752 0.526563 0.00415039 0.160938 0.0011425
1 0.0568359 0.147461 0.109766 0.237891 0.0011425
0 0.00203857 0.319336 0.00407715 0.181641 0.0011034
0 0.00256348 0.0165039 0.00512695 0.0330078 0.00109005
0 0.99375 0.490625 0.0125 0.0890625 0.00108147
1 0.510547 0.448828 0.379687 0.446094 0.00106907
0 0.294141 0.0420776 0.149219 0.0818603 0.00106525
1 0.131641 0.607031 0.251953 0.367188 0.00104809
0 0.994531 0.470313 0.0109375 0.0921875 0.00104427
1 0.123022 0.9 0.176611 0.190625 0.00101662
1 0.463965 0.925781 0.192383 0.146875 0.00100803
1 0.920313 0.138672 0.146875 0.274609 0.00100803
0 0.0019043 0.474219 0.00380859 0.146875 0.00100803
1 0.0615234 0.115234 0.117773 0.230469 0.00100422
0 0.182617 0.164453 0.190625 0.243359 0.776855
0 0.310937 0.391016 0.141406 0.194531 0.622559
1 0.576563 0.241211 0.30625 0.399609 0.60498
0 0.578125 0.238623 0.30625 0.399316 0.46582
0 0.263281 0.800781 0.14375 0.164062 0.324219
1 0.264844 0.802344 0.139844 0.159375 0.236572
1 0.183203 0.162793 0.192578 0.244727 0.0699463
1 0.907031 0.628125 0.18125 0.401563 0.0684204
1 0.310156 0.398535 0.135156 0.188867 0.0520325
1 0.85918 0.225977 0.275391 0.451953 0.0457764
0 0.9125 0.626953 0.171875 0.405469 0.0250854
1 0.798633 0.24043 0.402734 0.480859 0.0091629
1 0.517969 0.798633 0.110937 0.121484 0.00572968
1 0.160059 0.882812 0.127539 0.171875 0.00503922
1 0.707031 0.453906 0.585938 0.895312 0.00392914
1 0.697266 0.255078 0.605469 0.472656 0.00342941
0 0.532812 0.761719 0.135937 0.04375 0.00299263
1 0.222266 0.849219 0.234375 0.25 0.00293541
0 0.403125 0.413281 0.046875 0.110937 0.00259018
1 0.872656 0.625781 0.245312 0.417188 0.0024147
1 0.297705 0.12793 0.340527 0.255859 0.00205803
0 0.991406 0.442969 0.0171875 0.309375 0.00196457
1 0.603418 0.576953 0.793164 0.747656 0.00191212
1 0.317578 0.0935547 0.305469 0.187109 0.00185299
1 0.145313 0.896875 0.14375 0.19375 0.00157356
1 0.483594 0.953906 0.184375 0.0921875 0.00153637
0 0.872656 0.625781 0.245312 0.417188 0.00141621
0 0.991016 0.786719 0.0179687 0.420312 0.00134087
0 0.85918 0.225977 0.275391 0.451953 0.00132465
1 0.362891 0.186133 0.349219 0.372266 0.00132465
1 0.734375 0.298438 0.53125 0.596875 0.00125504
1 0.890625 0.201953 0.215625 0.403906 0.0011425
1 0.581641 0.250781 0.316406 0.389062 0.720215
0 0.189014 0.169727 0.204004 0.240234 0.605957
0 0.262695 0.799805 0.143359 0.147266 0.38501
0 0.312109 0.401563 0.141406 0.2 0.368408
1 0.313477 0.400879 0.143359 0.185742 0.349609
1 0.266211 0.801367 0.14375 0.150391 0.341553
0 0.584375 0.249219 0.320312 0.385938 0.189575
1 0.189404 0.167871 0.200879 0.244727 0.159424
1 0.873438 0.625781 0.253125 0.420312 0.100342
1 0.85625 0.20625 0.2875 0.4125 0.0445251
0 0.876172 0.626562 0.247656 0.409375 0.00542831
1 0.335352 0.0868164 0.228516 0.170117 0.00473785
1 0.4375 0.496777 0.200781 0.31582 0.00431442
1 0.648047 0.711719 0.663281 0.545313 0.00370789
1 0.414844 0.560938 0.152344 0.179688 0.00314713
1 0.926562 0.268701 0.146875 0.246973 0.00231361
1 0.475391 0.94375 0.16875 0.1125 0.00218201
1 0.514844 0.783594 0.126563 0.0890625 0.00200272
1 0.312891 0.0702637 0.213281 0.137793 0.0019722
1 0.483691 0.964844 0.385742 0.0703125 0.00134563
1 0.612109 0.963281 0.457031 0.0734375 0.00131512
1 0.860742 0.301562 0.278516 0.603125 0.00129414
1 0.625781 0.949219 0.228125 0.101562 0.00125504
1 0.439844 0.544922 0.175 0.213281 0.0012207
1 0.307813 0.344531 0.139062 0.303125 0.00117874
0 0.335352 0.0868164 0.228516 0.170117 0.0011692
1 0.223242 0.973047 0.429297 0.0539063 0.00102043
0 0.185742 0.16748 0.192578 0.23418 0.648926
0 0.579687 0.249561 0.304688 0.380566 0.639648
0 0.314844 0.397266 0.132031 0.189063 0.453369
1 0.874219 0.628125 0.251563 0.4 0.400635
1 0.579687 0.24458 0.30625 0.37959 0.260498
0 0.265625 0.810742 0.136719 0.169141 0.216064
1 0.310937 0.400098 0.135156 0.19043 0.186523
1 0.265234 0.823242 0.139062 0.187891 0.161377
1 0.185889 0.164453 0.192285 0.237891 0.137939
1 0.611621 0.526953 0.776758 0.919531 0.0362854
0 0.874219 0.628125 0.251563 0.4 0.0272675
1 0.392188 0.290625 0.110937 0.153125 0.00669098
1 0.400098 0.320508 0.110742 0.243359 0.00588989
1 0.153027 0.411719 0.183789 0.210938 0.00518036
1 0.861523 0.209375 0.276953 0.41875 0.00494385
1 0.932813 0.149902 0.132812 0.299805 0.00335121
1 0.142188 0.564062 0.278906 0.44375 0.0029583
1 0.636426 0.650781 0.727148 0.55625 0.0026722
1 0.424219 0.0920898 0.46875 0.18418 0.00255013
1 0.062793 0.829687 0.124414 0.204688 0.00250244
1 0.775977 0.455078 0.448047 0.910156 0.00222588
1 0.641797 0.957422 0.202344 0.0851562 0.00209999
1 0.247266 0.831055 0.167969 0.216016 0.00202751
1 0.324609 0.101953 0.221094 0.203906 0.00197983
1 0.148145 0.889844 0.164648 0.157813 0.00178242
1 0.929688 0.278955 0.140625 0.240527 0.0017271
1 0.932422 0.0869141 0.135156 0.173828 0.00172043
1 0.443652 0.539844 0.16582 0.19375 0.00168705
1 0.840625 0.113086 0.31875 0.226172 0.00158501
1 0.391016 0.733594 0.160156 0.254687 0.00154877
1 0.127539 0.685938 0.203516 0.148438 0.00154305
1 0.35332 0.0816406 0.282422 0.163281 0.00145531
1 0.202148 0.848437 0.262109 0.240625 0.00141621
1 0.887891 0.112109 0.224219 0.223438 0.00131512
1 0.605078 0.752344 0.135156 0.226562 0.0012598
1 0.165332 0.411328 0.142773 0.185156 0.00118828
1 0.170703 0.8875 0.127734 0.129688 0.00116062
1 0.841016 0.27793 0.317969 0.555859 0.00100803
0 0.310156 0.392969 0.139844 0.192188 0.819824
0 0.181689 0.165625 0.197559 0.235938 0.741699
0 0.578906 0.243555 0.307813 0.383203 0.667969
0 0.261719 0.812695 0.144531 0.171484 0.418701
1 0.578516 0.24375 0.308594 0.382031 0.246582
1 0.260938 0.81582 0.148438 0.180859 0.245117
1 0.308984 0.396484 0.139062 0.192188 0.116333
1 0.183008 0.165039 0.197656 0.238672 0.0690308
1 0.862695 0.625 0.268359 0.409375 0.0450134
1 0.879687 0.585547 0.235938 0.322656 0.0136337
1 0.753125 0.110059 0.420312 0.220117 0.00519943
1 0.814258 0.112012 0.337109 0.224023 0.00492477
1 0.678906 0.112305 0.601562 0.224609 0.00484848
1 0.580469 0.684766 0.453125 0.499219 0.00460815
1 0.844531 0.172363 0.1125 0.101367 0.00365067
0 0.196875 0.00638428 0.315234 0.0127686 0.00363541
1 0.593359 0.699219 0.708594 0.504687 0.00325966
1 0.515234 0.760938 0.109375 0.0546875 0.00202751
1 0.630469 0.732422 0.564062 0.416406 0.00163555
1 0.89375 0.777344 0.16875 0.103125 0.00153637
0 0.258594 0.00424805 0.249219 0.00849609 0.00150681
1 0.159863 0.89375 0.124805 0.14375 0.00139904
0 0.124902 0.00447998 0.245508 0.00895996 0.00139427
1 0.857813 0.139062 0.279687 0.278125 0.00136185
1 0.175977 0.771875 0.0542969 0.075 0.00126934
0 0.524219 0.761328 0.0945313 0.0539063 0.0011425
0 0.89375 0.00499268 0.189063 0.00998535 0.00101662
0 0.185498 0.167285 0.190723 0.239648 0.744629
1 0.578125 0.248242 0.304688 0.375391 0.571777
0 0.314844 0.393652 0.139062 0.192383 0.486328
0 0.265234 0.8125 0.140234 0.175 0.427246
0 0.578125 0.248633 0.303125 0.380859 0.404541
1 0.313281 0.396777 0.14375 0.189258 0.226807
1 0.266406 0.813281 0.146094 0.176563 0.213989
1 0.882617 0.627344 0.225391 0.398438 0.117188
1 0.845312 0.176953 0.10625 0.09375 0.0859985
1 0.186328 0.164062 0.192578 0.246484 0.044342
1 0.15752 0.892187 0.109961 0.14375 0.0359497
1 0.427441 0.532812 0.193555 0.25 0.0348206
1 0.873438 0.12041 0.245312 0.234961 0.0191956
0 0.427441 0.532812 0.193555 0.25 0.0153046
1 0.778906 0.0994141 0.11875 0.198828 0.0112
1 0.392578 0.800195 0.105469 0.102734 0.00971222
1 0.813867 0.10625 0.369141 0.207422 0.008255
1 0.885938 0.205664 0.225 0.408203 0.00698471
1 0.932813 0.119336 0.13125 0.238672 0.00643921
1 0.825781 0.181689 0.071875 0.0827148 0.00553513
1 0.929688 0.272266 0.140625 0.259375 0.00453949
1 0.553125 0.704687 0.473437 0.567187 0.00446701
0 0.844531 0.179297 0.103125 0.0878906 0.00432968
1 0.84375 0.151367 0.096875 0.142578 0.00419998
0 0.882617 0.627344 0.225391 0.398438 0.00418091
1 0.767187 0.137402 0.103125 0.123242 0.00403976
1 0.520312 0.7625 0.0984375 0.046875 0.00402451
1 0.134961 0.854688 0.0742188 0.075 0.00390053
1 0.758594 0.916797 0.0921875 0.166406 0.00345612
1 0.215625 0.964063 0.0765625 0.06875 0.00337601
1 0.382422 0.776563 0.130469 0.148438 0.00300407
1 0.884375 0.779883 0.15625 0.105859 0.00298119
1 0.598437 0.746484 0.114063 0.236719 0.00291252
1 0.823438 0.104883 0.253125 0.207422 0.00274658
1 0.858594 0.143848 0.078125 0.159961 0.00271416
1 0.896094 0.1 0.204688 0.194922 0.00256157
1 0.896875 0.714063 0.190625 0.235938 0.0024147
1 0.144922 0.899219 0.105859 0.201562 0.00236893
1 0.80625 0.122241 0.13125 0.174658 0.00235939
1 0.201953 0.660937 0.0523437 0.0625 0.00224304
1 0.436328 0.482422 0.175 0.329688 0.00215721
1 0.516016 0.774219 0.0898438 0.065625 0.0020752
1 0.393652 0.290039 0.0908203 0.173047 0.00194168
1 0.175391 0.775 0.0398437 0.06875 0.00189686
1 0.0642578 0.0792969 0.123047 0.154883 0.00171375
1 0.16709 0.771484 0.0623047 0.0632813 0.00171375
1 0.541406 0.714063 0.0921875 0.15625 0.0017004
1 0.064209 0.0549316 0.123926 0.109863 0.00169373
1 0.515625 0.814062 0.116406 0.140625 0.0016489
1 0.0617188 0.111133 0.116602 0.222266 0.0015974
1 0.380078 0.729688 0.133594 0.24375 0.00157356
1 0.509766 0.771094 0.119531 0.05625 0.00157356
1 0.474219 0.787305 0.0515625 0.0566406 0.00156116
1 0.367969 0.810938 0.0640625 0.0765625 0.00154305
1 0.0744141 0.444531 0.0640625 0.0890625 0.0014267
1 0.83125 0.182617 0.1 0.0777344 0.00141048
1 0.594141 0.77793 0.567969 0.444141 0.00134563
0 0.778906 0.0994141 0.11875 0.198828 0.00133514
1 0.40625 0.546875 0.130469 0.21875 0.00133514
1 0.310156 0.603125 0.0546875 0.08125 0.00132465
0 0.392578 0.800195 0.105469 0.102734 0.00130463
1 0.353516 0.707031 0.0828125 0.167187 0.0012846
1 0.587109 0.73125 0.110937 0.198437 0.0012846
0 0.15752 0.892187 0.109961 0.14375 0.00126934
1 0.725 0.097876 0.53125 0.193311 0.00124931
0 0.064209 0.0549316 0.123926 0.109863 0.00124931
1 0.965625 0.807031 0.065625 0.06875 0.00123501
1 0.201953 0.662891 0.0382813 0.0679687 0.00120163
0 0.0535156 0.290234 0.0976562 0.271094 0.00111198
1 0.68125 0.952344 0.084375 0.0953125 0.00110722
1 0.573438 0.753906 0.15 0.248437 0.00109863
1 0.231445 0.964844 0.115234 0.0625 0.00108147
1 0.0808594 0.828125 0.0671875 0.06875 0.00108147
1 0.773438 0.161816 0.084375 0.0900391 0.00105667
1 0.271094 0.928906 0.0445312 0.0484375 0.00104427
1 0.8875 0.260938 0.0734375 0.0851562 0.00102425
1 0.578516 0.247998 0.302344 0.381348 0.820801
0 0.182227 0.168457 0.191797 0.238086 0.638672
1 0.30957 0.39541 0.140234 0.19668 0.288574
0 0.310156 0.39541 0.135156 0.191992 0.26123
1 0.182227 0.16582 0.193359 0.241016 0.186523
1 0.260938 0.821875 0.146875 0.19375 0.171631
0 0.260352 0.807031 0.134766 0.164062 0.0984497
0 0.577344 0.24707 0.304688 0.377734 0.0698242
1 0.880469 0.625 0.229687 0.398438 0.0508118
1 0.676953 0.682813 0.546094 0.510938 0.0149536
1 0.853125 0.166016 0.289062 0.328125 0.0127258
1 0.236914 0.849219 0.194531 0.248437 0.00426483
1 0.121655 0.897656 0.176221 0.19375 0.00407028
1 0.877344 0.204492 0.2375 0.408984 0.00365067
0 0.880469 0.625 0.229687 0.398438 0.00300407
1 0.419141 0.491797 0.216406 0.316406 0.00242424
1 0.203955 0.992188 0.342871 0.015625 0.00234985
1 0.851758 0.114355 0.293359 0.22832 0.00209999
0 0.251758 0.839844 0.161328 0.234375 0.0016489
1 0.836719 0.161719 0.117188 0.124609 0.00138855
1 0.415234 0.538281 0.166406 0.234375 0.00132465
1 0.146875 0.892187 0.126172 0.165625 0.00117397
1 0.202539 0.978125 0.342187 0.04375 0.00107288
1 0.541406 0.75625 0.19375 0.253125 0.00104046
1 0.578516 0.247998 0.302344 0.381348 0.820312
0 0.182373 0.168457 0.191504 0.238086 0.640625
1 0.30957 0.39541 0.140234 0.19668 0.2854
0 0.310156 0.39541 0.135156 0.191992 0.26123
1 0.182227 0.16582 0.193359 0.241016 0.185059
1 0.260938 0.821875 0.146875 0.19375 0.171387
0 0.260352 0.807031 0.134766 0.164062 0.0980835
0 0.577734 0.247119 0.304688 0.377637 0.0698242
1 0.880469 0.625391 0.229687 0.399219 0.0509949
1 0.677344 0.683203 0.546875 0.511719 0.0150757
1 0.853125 0.166309 0.289062 0.32832 0.0127258
1 0.237109 0.848242 0.194141 0.247266 0.00424957
1 0.121704 0.897656 0.176123 0.19375 0.00413513
1 0.877344 0.204492 0.2375 0.408984 0.00363541
0 0.880469 0.625391 0.229687 0.399219 0.00301552
1 0.419141 0.491406 0.216406 0.317187 0.00240517
1 0.204297 0.992188 0.342969 0.015625 0.00234222
1 0.851758 0.114258 0.293359 0.228125 0.00209045
0 0.251758 0.839844 0.161328 0.234375 0.0016613
1 0.836719 0.161719 0.117188 0.124609 0.00137806
1 0.414941 0.538281 0.166992 0.234375 0.00131512
1 0.146973 0.892187 0.125977 0.165625 0.00119209
1 0.202734 0.978125 0.342187 0.04375 0.00107765
1 0.541406 0.757031 0.19375 0.253125 0.00103664
