1 0.745703 0.637891 0.135156 0.232031 0.154785
1 0.861328 0.519141 0.277344 0.661719 0.0897827
0 0.745313 0.628125 0.11875 0.196875 0.0616455
1 0.880859 0.512891 0.238281 0.473437 0.0603027
1 0.904688 0.476465 0.190625 0.387695 0.0279083
1 0.735937 0.673828 0.153125 0.297656 0.0272675
1 0.238672 0.443359 0.413281 0.813281 0.0252228
0 0.282031 0.592188 0.138281 0.198437 0.0226288
1 0.747656 0.61875 0.109375 0.176563 0.0224609
1 0.332031 0.5 0.546875 0.96875 0.0222015
1 0.466797 0.514063 0.416406 0.964063 0.0178528
0 0.74375 0.65 0.1375 0.254687 0.0170441
1 0.233545 0.379687 0.321191 0.651563 0.0157166
1 0.904688 0.507031 0.190625 0.628125 0.0143356
1 0.282813 0.555469 0.160938 0.304688 0.0141754
1 0.909375 0.357422 0.18125 0.477344 0.014061
1 0.282031 0.592188 0.138281 0.198437 0.0137405
1 0.796875 0.657422 0.248437 0.299219 0.0118713
0 0.763281 0.628516 0.0984375 0.182031 0.0113297
1 0.85332 0.191406 0.293359 0.382812 0.00963593
1 0.888281 0.285742 0.223438 0.524609 0.00955963
0 0.880859 0.512891 0.238281 0.473437 0.00787354
0 0.861328 0.519141 0.277344 0.661719 0.00775528
1 0.214258 0.297266 0.418359 0.580469 0.00720596
1 0.829687 0.683203 0.3375 0.369531 0.00717545
1 0.437402 0.4625 0.317383 0.884375 0.00674438
1 0.858398 0.124609 0.283203 0.249219 0.00629044
1 0.390234 0.414844 0.558594 0.815625 0.00598145
1 0.834961 0.257422 0.330078 0.510938 0.005867
1 0.277734 0.614844 0.161719 0.2875 0.00570679
1 0.883203 0.600391 0.233594 0.667969 0.00557709
1 0.528125 0.772656 0.195312 0.38125 0.00538635
0 0.904688 0.476465 0.190625 0.387695 0.00518036
1 0.54375 0.849805 0.228125 0.262891 0.0050621
1 0.229492 0.685938 0.283203 0.565625 0.0050621
1 0.558984 0.848047 0.280469 0.303906 0.00479126
1 0.705469 0.617969 0.215625 0.239063 0.00460815
1 0.741406 0.588281 0.0984375 0.115625 0.00460815
0 0.282813 0.555469 0.160938 0.304688 0.00419998
1 0.723828 0.623438 0.0898438 0.182812 0.00403976
1 0.342773 0.44375 0.264453 0.55 0.00395966
1 0.515234 0.853906 0.121094 0.173438 0.00391388
0 0.238672 0.443359 0.413281 0.813281 0.00387001
0 0.292969 0.111816 0.153125 0.203711 0.00385475
1 0.708594 0.651172 0.307813 0.275781 0.00383949
0 0.846875 0.166406 0.30625 0.332812 0.00376511
1 0.66875 0.819531 0.526563 0.360938 0.00370789
1 0.297656 0.394531 0.476562 0.773438 0.00362206
0 0.515234 0.853906 0.121094 0.173438 0.00359344
0 0.904688 0.507031 0.190625 0.628125 0.00356483
1 0.528906 0.842969 0.0765625 0.165625 0.00353813
1 0.761719 0.630469 0.104687 0.184375 0.00345612
0 0.856641 0.115234 0.286719 0.230469 0.00341606
1 0.671094 0.609375 0.33125 0.270312 0.00337601
1 0.891406 0.746094 0.217187 0.471875 0.00328636
1 0.830469 0.624219 0.339063 0.517187 0.00312424
1 0.869531 0.453809 0.260938 0.295508 0.00307465
1 0.155859 0.348633 0.311719 0.660547 0.00307465
1 0.940625 0.859375 0.11875 0.159375 0.0030632
0 0.233545 0.379687 0.321191 0.651563 0.00302696
1 0.403906 0.249609 0.439063 0.496094 0.00300407
1 0.854688 0.408691 0.290625 0.31543 0.00296974
1 0.198242 0.569922 0.326562 0.553906 0.00288963
1 0.540234 0.492188 0.365625 0.8875 0.00284576
1 0.341211 0.610547 0.291797 0.477344 0.00277901
0 0.942187 0.885938 0.1125 0.215625 0.00275803
1 0.882812 0.889844 0.234375 0.220313 0.00273705
0 0.54375 0.849805 0.228125 0.262891 0.0027256
0 0.909375 0.357422 0.18125 0.477344 0.00271416
1 0.552344 0.761328 0.25625 0.439844 0.00268364
1 0.352539 0.592188 0.269922 0.35 0.00259018
1 0.789844 0.558984 0.420312 0.407031 0.00254059
0 0.882812 0.889844 0.234375 0.220313 0.00252151
0 0.277148 0.631641 0.151172 0.366406 0.00244331
1 0.853125 0.720703 0.29375 0.514844 0.0024147
0 0.528125 0.848437 0.0867188 0.165625 0.00235939
1 0.831055 0.889063 0.337891 0.221875 0.00226021
1 0.939062 0.836719 0.107813 0.109375 0.00225258
1 0.355664 0.684766 0.213672 0.553906 0.00219154
0 0.385938 0.507422 0.476562 0.958594 0.00218201
0 0.75 0.586328 0.103125 0.123438 0.00214958
1 0.723047 0.694922 0.332031 0.344531 0.00206757
1 0.477344 0.827344 0.090625 0.159375 0.00203514
1 0.501953 0.242773 0.407813 0.485547 0.00201988
0 0.214258 0.297266 0.418359 0.580469 0.00199509
0 0.54375 0.789258 0.226562 0.374609 0.00195694
0 0.296484 0.497656 0.482812 0.960938 0.00191212
1 0.942187 0.885938 0.1125 0.215625 0.00191212
1 0.421094 0.46709 0.207031 0.72207 0.00190449
1 0.550391 0.835156 0.457031 0.329688 0.00190449
0 0.258203 0.585547 0.0960938 0.194531 0.00190449
0 0.821094 0.886328 0.357812 0.227344 0.00189686
1 0.489062 0.842188 0.117188 0.176563 0.00188923
1 0.594922 0.242188 0.499219 0.484375 0.00188255
1 0.413379 0.582812 0.191992 0.509375 0.00186062
1 0.392188 0.684375 0.16875 0.515625 0.00183105
0 0.734375 0.696875 0.179688 0.357812 0.00176811
1 0.297852 0.262695 0.423828 0.518359 0.00173378
1 0.547656 0.843945 0.107813 0.221484 0.00171375
1 0.825977 0.0985352 0.348047 0.19707 0.00169373
1 0.563672 0.483691 0.246875 0.623242 0.00166798
1 0.483203 0.721875 0.244531 0.4875 0.0016613
1 0.258203 0.585547 0.0960938 0.194531 0.0016613
0 0.704297 0.801953 0.591406 0.396094 0.00165462
0 0.466797 0.514063 0.416406 0.964063 0.00165462
0 0.558984 0.848047 0.280469 0.303906 0.00165462
1 0.486328 0.519922 0.332812 0.700781 0.00162315
1 0.891406 0.496875 0.217187 0.759375 0.00162315
0 0.247656 0.235938 0.309375 0.471875 0.00161076
1 0.532812 0.667578 0.2375 0.546094 0.00160408
0 0.869531 0.453809 0.260938 0.295508 0.00157928
1 0.613281 0.716406 0.385938 0.510938 0.00156689
0 0.229492 0.685938 0.283203 0.565625 0.00154877
0 0.827344 0.220117 0.345313 0.440234 0.00153637
0 0.940625 0.859375 0.11875 0.159375 0.00152493
1 0.746094 0.716406 0.21875 0.470313 0.00152493
0 0.939062 0.836719 0.107813 0.109375 0.0015192
0 0.338867 0.233789 0.272266 0.467578 0.00150108
0 0.300391 0.208594 0.19375 0.416406 0.00150108
1 0.83125 0.0365967 0.3375 0.0731934 0.00148392
0 0.894531 0.38584 0.115625 0.15957 0.0014782
1 0.603906 0.839258 0.078125 0.212109 0.0014782
1 0.490625 0.333008 0.4875 0.652734 0.00147247
0 0.888281 0.285742 0.223438 0.524609 0.00146675
1 0.665234 0.526953 0.357031 0.422656 0.00140476
0 0.437402 0.4625 0.317383 0.884375 0.00139904
1 0.691406 0.728516 0.442187 0.463281 0.00139904
0 0.883203 0.600391 0.233594 0.667969 0.00137806
1 0.801172 0.0651855 0.397656 0.130371 0.00137806
0 0.198242 0.569922 0.326562 0.553906 0.00136662
0 0.155859 0.348633 0.311719 0.660547 0.00136662
0 0.409473 0.232422 0.410742 0.464844 0.00133514
1 0.558984 0.587891 0.24375 0.577344 0.00133038
1 0.952344 0.102539 0.0953125 0.198047 0.00129414
1 0.601953 0.789062 0.0851562 0.1125 0.00127888
0 0.801172 0.0651855 0.397656 0.130371 0.00126934
1 0.42666 0.646094 0.226367 0.5375 0.00125504
0 0.795508 0.619531 0.243359 0.309375 0.00125504
1 0.605078 0.810938 0.084375 0.160938 0.0012207
1 0.925781 0.85625 0.148438 0.2875 0.00121593
0 0.544141 0.842383 0.0992187 0.212109 0.00119686
1 0.47959 0.856836 0.737695 0.286328 0.00117397
1 0.660156 0.474219 0.41875 0.823438 0.0011692
0 0.489062 0.842188 0.117188 0.176563 0.00116062
0 0.671094 0.609375 0.33125 0.270312 0.00116062
0 0.83125 0.0365967 0.3375 0.0731934 0.00115108
1 0.590625 0.194336 0.352344 0.388672 0.0011425
0 0.708594 0.651172 0.307813 0.275781 0.00113392
0 0.723828 0.623438 0.0898438 0.182812 0.00113392
0 0.550391 0.835156 0.457031 0.329688 0.00112438
1 0.146484 0.677734 0.292969 0.546094 0.00112057
1 0.716016 0.867383 0.567969 0.265234 0.0011158
1 0.777344 0.218945 0.401563 0.420703 0.00110722
0 0.920313 0.885938 0.159375 0.228125 0.00110722
1 0.135645 0.567578 0.266211 0.661719 0.00109863
0 0.854688 0.408691 0.290625 0.31543 0.00109005
0 0.825977 0.0985352 0.348047 0.19707 0.00109005
0 0.705469 0.617969 0.215625 0.239063 0.00109005
1 0.4 0.752344 0.100781 0.267188 0.00106525
1 0.690625 0.517969 0.385938 0.589063 0.00106525
1 0.957812 0.247656 0.08125 0.304688 0.00106049
1 0.95 0.166602 0.096875 0.284766 0.00106049
1 0.658594 0.325 0.439063 0.598437 0.00105286
1 0.512109 0.811133 0.591406 0.377734 0.00104046
1 0.776563 0.835547 0.446875 0.328906 0.00102425
0 0.302734 0.137695 0.175781 0.275 0.00101185
0 0.952344 0.102539 0.0953125 0.198047 0.00101185
1 0.277344 0.589844 0.1625 0.20625 0.388672
1 0.398047 0.478125 0.796094 0.95 0.345947
1 0.501562 0.857031 0.145313 0.175 0.268066
0 0.279492 0.591016 0.153516 0.203906 0.233032
0 0.744922 0.61875 0.130469 0.19375 0.0708008
1 0.703125 0.621875 0.209375 0.207813 0.0564575
0 0.501562 0.857031 0.145313 0.175 0.0432739
0 0.889063 0.37207 0.1375 0.158984 0.0352783
1 0.298828 0.117969 0.183594 0.229687 0.0337219
0 0.293945 0.11377 0.170703 0.227148 0.0327148
1 0.146094 0.487109 0.292188 0.947656 0.0262604
0 0.703125 0.621875 0.209375 0.207813 0.0207214
1 0.535547 0.846875 0.213281 0.190625 0.0162201
0 0.617969 0.920313 0.128125 0.153125 0.0107346
1 0.479688 0.462891 0.657812 0.792969 0.00790405
0 0.606641 0.801562 0.084375 0.146875 0.00754929
1 0.744922 0.61875 0.130469 0.19375 0.00498199
1 0.889063 0.37207 0.1375 0.158984 0.00498199
1 0.101172 0.495313 0.202344 0.928125 0.00436401
0 0.0594238 0.596484 0.0780273 0.090625 0.00383949
0 0.535547 0.846875 0.213281 0.190625 0.00359344
1 0.229102 0.589453 0.265625 0.225781 0.0024147
1 0.282031 0.605078 0.196094 0.249219 0.0024147
1 0.556641 0.914844 0.271094 0.1375 0.00240517
1 0.617969 0.920313 0.128125 0.153125 0.00216484
1 0.513672 0.545313 0.888281 0.815625 0.00201988
0 0.786719 0.630469 0.0171875 0.157031 0.00195694
0 0.915625 0.351953 0.08125 0.124219 0.00194931
0 0.932813 0.823242 0.120312 0.187891 0.00176144
0 0.783008 0.61875 0.0246094 0.182812 0.0017271
1 0.630469 0.940625 0.195312 0.11875 0.00169373
0 0.630469 0.940625 0.195312 0.11875 0.00156689
0 0.398047 0.478125 0.796094 0.95 0.00143242
0 0.821094 0.519531 0.134375 0.0351562 0.00142097
1 0.440625 0.653125 0.795313 0.6 0.00126457
0 0.789062 0.614844 0.0359375 0.1625 0.00116539
1 0.28418 0.169531 0.199609 0.321484 0.00115108
0 0.628516 0.789844 0.0390625 0.1875 0.0011425
0 0.685938 0.0851562 0.171875 0.132617 0.00109005
1 0.771875 0.683984 0.2875 0.377344 0.00108147
1 0.269922 0.682031 0.429688 0.542188 0.00104809
1 0.613281 0.227539 0.642187 0.454297 0.00104046
1 0.230078 0.657031 0.270312 0.404687 0.00102425
1 0.281641 0.589063 0.144141 0.19375 0.325928
1 0.741797 0.621875 0.127344 0.19375 0.277588
1 0.372852 0.503125 0.685547 0.99375 0.253906
1 0.505078 0.843555 0.14375 0.184766 0.23584
1 0.934375 0.85 0.128125 0.14375 0.0957031
0 0.281641 0.589063 0.144141 0.19375 0.0812378
1 0.614062 0.924609 0.139844 0.150781 0.0789185
1 0.595703 0.803125 0.0976562 0.14375 0.072876
0 0.296875 0.111621 0.167969 0.208008 0.0541992
1 0.739453 0.65 0.135156 0.2625 0.0322266
1 0.296875 0.111621 0.167969 0.208008 0.0281067
1 0.904688 0.404687 0.1625 0.185156 0.0264587
1 0.89375 0.380859 0.139062 0.14375 0.0226288
0 0.505078 0.843555 0.14375 0.184766 0.0200958
1 0.357031 0.780469 0.170312 0.167187 0.0190582
1 0.337109 0.763281 0.136719 0.126563 0.0184784
0 0.741797 0.621875 0.127344 0.19375 0.0179138
1 0.927734 0.922656 0.144531 0.154687 0.0166626
1 0.635156 0.259766 0.148438 0.196484 0.0160217
1 0.583984 0.811719 0.132031 0.139062 0.012825
1 0.935938 0.894531 0.128125 0.207813 0.0126724
1 0.946094 0.185156 0.107813 0.25625 0.0114212
1 0.939844 0.936719 0.120312 0.126563 0.0104065
1 0.903125 0.914453 0.190625 0.171094 0.00985718
1 0.627344 0.907812 0.104687 0.125 0.00941467
1 0.630469 0.621094 0.147656 0.15625 0.0088501
1 0.766406 0.304102 0.159375 0.160547 0.00878143
1 0.9125 0.660937 0.171875 0.160938 0.00740433
1 0.922656 0.691406 0.153125 0.153906 0.00723267
0 0.596875 0.804883 0.096875 0.146484 0.00712204
1 0.499219 0.852344 0.1625 0.234375 0.00677109
1 0.564062 0.455469 0.146875 0.140625 0.00658798
1 0.926562 0.527344 0.146875 0.176563 0.00653839
1 0.93125 0.563281 0.1375 0.195312 0.0064888
1 0.914062 0.63125 0.171875 0.189063 0.00641251
1 0.928125 0.714844 0.140625 0.151562 0.00612259
1 0.835938 0.716797 0.121875 0.183594 0.00600433
1 0.823438 0.739062 0.121875 0.195312 0.00544739
1 0.562891 0.429297 0.146094 0.164844 0.0053215
1 0.895312 0.362109 0.132812 0.102344 0.00530243
1 0.914062 0.588281 0.170312 0.173438 0.00530243
1 0.657422 0.241797 0.174219 0.239844 0.00519943
1 0.925 0.826367 0.13125 0.150391 0.00496292
0 0.934375 0.854688 0.128125 0.14375 0.0049057
1 0.271875 0.858594 0.142969 0.179688 0.0049057
0 0.0086792 0.6 0.0173584 0.420312 0.00479126
1 0.707812 0.439844 0.0765625 0.134375 0.00473785
1 0.625 0.467969 0.110937 0.134375 0.0046463
1 0.378125 0.741406 0.151562 0.15625 0.0046463
1 0.93125 0.5 0.134375 0.196875 0.00457382
1 0.591406 0.453125 0.175 0.157813 0.00457382
1 0.628125 0.594531 0.159375 0.142188 0.00443268
1 0.323438 0.754687 0.107813 0.110937 0.00434875
0 0.544141 0.0572266 0.21875 0.108398 0.00419998
1 0.374219 0.8 0.160938 0.198437 0.00419998
1 0.910156 0.436328 0.176563 0.171094 0.00419998
1 0.740625 0.660156 0.13125 0.182812 0.00402451
1 0.605469 0.616406 0.146875 0.157813 0.00400543
1 0.920313 0.478906 0.159375 0.184375 0.00395966
1 0.257861 0.892187 0.171777 0.16875 0.00388527
1 0.533984 0.842383 0.0984375 0.158984 0.00379562
1 0.0524292 0.621094 0.0998291 0.140625 0.00376511
1 0.707812 0.636719 0.0609375 0.164062 0.0036068
1 0.932813 0.808594 0.134375 0.117188 0.00340271
1 0.414453 0.641797 0.15 0.200781 0.00340271
1 0.242969 0.854492 0.144531 0.178516 0.00335121
1 0.919531 0.942969 0.160938 0.114063 0.00327301
1 0.817383 0.7 0.346484 0.425 0.00323486
1 0.58125 0.7875 0.135937 0.117188 0.00321007
1 0.775 0.269922 0.151562 0.225 0.00318527
1 0.395312 0.697656 0.117188 0.203125 0.00317192
1 0.0711914 0.75625 0.138867 0.25 0.00312424
1 0.433984 0.195312 0.126563 0.225781 0.0030632
1 0.225977 0.825 0.101953 0.203125 0.00305176
0 0.583984 0.811719 0.132031 0.139062 0.00302696
1 0.134277 0.54375 0.17207 0.203125 0.00296974
1 0.414453 0.675 0.142188 0.20625 0.00294685
1 0.882812 0.703906 0.18125 0.165625 0.00292397
1 0.739844 0.590625 0.11875 0.13125 0.00291252
1 0.854688 0.582422 0.140625 0.166406 0.00291252
1 0.779688 0.320703 0.129688 0.148438 0.00287819
1 0.215039 0.79707 0.114063 0.180859 0.00271416
1 0.960938 0.940625 0.078125 0.11875 0.00269318
1 0.647656 0.231641 0.129688 0.241797 0.0026722
1 0.902344 0.955469 0.195312 0.0890625 0.00265312
1 0.621094 0.234717 0.120312 0.211035 0.00261116
1 0.937891 0.228711 0.124219 0.203516 0.00259018
1 0.0626953 0.901953 0.125391 0.196094 0.00257111
0 0.0104004 0.511328 0.0208008 0.417969 0.00255013
1 0.914844 0.558203 0.151562 0.149219 0.00251198
1 0.93125 0.748828 0.135937 0.185156 0.00251198
1 0.169141 0.90625 0.121875 0.175 0.0024929
1 0.333984 0.793555 0.141406 0.191016 0.00243378
1 0.480859 0.602344 0.132812 0.182812 0.0024147
1 0.876562 0.573828 0.175 0.164844 0.00237846
1 0.199219 0.826758 0.145313 0.196484 0.00234222
1 0.491016 0.573047 0.551562 0.816406 0.00231361
0 0.89375 0.380859 0.139062 0.14375 0.00230598
1 0.271875 0.824219 0.132031 0.210938 0.00230598
1 0.61875 0.570312 0.160938 0.146875 0.00229645
1 0.721094 0.448047 0.109375 0.152344 0.00228691
1 0.834375 0.793945 0.1125 0.205859 0.00226974
1 0.319336 0.776563 0.119141 0.159375 0.00225258
1 0.580078 0.614062 0.142188 0.1625 0.00225258
1 0.691406 0.530859 0.0859375 0.161719 0.00222588
1 0.741797 0.198242 0.116406 0.168359 0.00219917
1 0.377344 0.726172 0.121094 0.139844 0.00218201
1 0.751562 0.628906 0.114063 0.153125 0.00217438
1 0.846875 0.834375 0.096875 0.16875 0.00217438
1 0.535156 0.403027 0.182812 0.18457 0.00213242
1 0.514844 0.38125 0.171875 0.148438 0.00209999
0 0.904688 0.404687 0.1625 0.185156 0.00208282
1 0.702734 0.625 0.0460938 0.171094 0.00208282
1 0.651172 0.625781 0.114844 0.167187 0.00206757
1 0.600781 0.589063 0.134375 0.15 0.00206757
1 0.724219 0.722656 0.148438 0.19375 0.00206757
1 0.39541 0.649219 0.113867 0.185156 0.0020504
1 0.95 0.723437 0.1 0.14375 0.00203514
1 0.803906 0.742969 0.10625 0.184375 0.00199509
0 0.532031 0.0754883 0.195312 0.147461 0.0019722
0 0.614062 0.924609 0.139844 0.150781 0.0019722
1 0.250586 0.916406 0.192188 0.165625 0.0019722
1 0.583594 0.413281 0.185937 0.167969 0.0019722
1 0.0668945 0.794531 0.129102 0.234375 0.00194931
1 0.187305 0.913281 0.162891 0.173438 0.00191879
1 0.704297 0.0781494 0.138281 0.149951 0.00189686
1 0.771875 0.35 0.146875 0.157813 0.00188255
1 0.648047 0.588281 0.121875 0.128125 0.00182438
1 0.416797 0.605078 0.153906 0.185156 0.0018034
0 0.935938 0.892187 0.128125 0.2 0.00177479
1 0.169141 0.82207 0.138281 0.205859 0.00175476
1 0.13877 0.494531 0.186133 0.199219 0.00174141
1 0.167773 0.753125 0.153125 0.171875 0.0017271
1 0.363281 0.396484 0.142188 0.202344 0.0017271
1 0.658594 0.563672 0.114063 0.135937 0.00166798
1 0.296484 0.825781 0.1375 0.203125 0.0016489
1 0.0086792 0.6 0.0173584 0.420312 0.00161076
1 0.942969 0.227295 0.110937 0.277441 0.0015974
1 0.937891 0.26875 0.124219 0.185156 0.00157356
1 0.640625 0.467969 0.0875 0.127344 0.00155449
1 0.186719 0.867188 0.144531 0.176563 0.00154305
1 0.938281 0.590625 0.123438 0.151562 0.00154305
1 0.242578 0.659375 0.3 0.498437 0.00151253
1 0.917188 0.354297 0.153125 0.135156 0.00151253
1 0.757812 0.41875 0.159375 0.163281 0.00151253
1 0.226367 0.767187 0.104687 0.154687 0.00151253
1 0.12207 0.514453 0.151953 0.219531 0.0014782
1 0.218018 0.903125 0.162402 0.165625 0.00144958
1 0.392578 0.53125 0.125 0.196094 0.00144386
0 0.533984 0.842383 0.0984375 0.158984 0.00144386
1 0.724609 0.654688 0.103906 0.167187 0.00143242
0 0.0100098 0.876953 0.0200195 0.246094 0.0014267
1 0.330078 0.816406 0.167969 0.203125 0.00141048
1 0.163379 0.725 0.14707 0.171875 0.00140476
1 0.707812 0.746875 0.160938 0.160938 0.00139904
1 0.680859 0.536719 0.084375 0.142188 0.00139904
1 0.400684 0.771875 0.117383 0.173438 0.00138855
0 0.010498 0.691797 0.0209961 0.422656 0.00138855
1 0.142969 0.916406 0.157031 0.167187 0.00137806
1 0.726953 0.578125 0.0976562 0.1125 0.00136185
1 0.463672 0.615625 0.135937 0.192188 0.00135612
1 0.0858398 0.910156 0.169727 0.179688 0.00135612
1 0.571094 0.638281 0.167187 0.190625 0.00134563
1 0.745313 0.439746 0.145313 0.145508 0.00133514
1 0.882812 0.620313 0.165625 0.19375 0.00133038
0 0.0498047 0.626172 0.0996094 0.15 0.00130463
1 0.40459 0.800781 0.10957 0.204688 0.00129986
1 0.688281 0.560156 0.075 0.1375 0.0012846
1 0.543359 0.43916 0.167187 0.173242 0.0012846
1 0.7125 0.393359 0.084375 0.191406 0.0012846
1 0.321289 0.850781 0.176953 0.182812 0.00127888
1 0.917969 0.159399 0.164062 0.194092 0.00127888
1 0.765625 0.208984 0.1625 0.176172 0.00127888
1 0.261328 0.767187 0.0796875 0.1375 0.00126934
1 0.61875 0.266797 0.128906 0.161719 0.00124454
0 0.960938 0.940625 0.078125 0.11875 0.00123501
1 0.409277 0.550391 0.142383 0.197656 0.00123501
1 0.936719 0.955078 0.126563 0.0898438 0.00123024
1 0.704687 0.503125 0.107813 0.15 0.00122547
1 0.527344 0.811133 0.129688 0.137109 0.0012207
1 0.930859 0.302539 0.138281 0.205859 0.00121117
1 0.608594 0.848437 0.0921875 0.14375 0.00121117
1 0.408203 0.951563 0.195312 0.096875 0.00121117
1 0.0624023 0.857617 0.122266 0.234766 0.0012064
1 0.608203 0.821094 0.0882813 0.121875 0.00119686
1 0.620313 0.486719 0.11875 0.123438 0.00117874
1 0.95 0.136914 0.1 0.272266 0.0011692
1 0.871094 0.913281 0.154687 0.173438 0.00116539
0 0.751562 0.628906 0.114063 0.153125 0.00115108
1 0.953125 0.309375 0.0921875 0.23125 0.00115108
1 0.547656 0.625 0.128125 0.173438 0.00114727
1 0.576563 0.583984 0.128125 0.166406 0.00112438
1 0.381641 0.4125 0.167969 0.20625 0.00112057
1 0.796875 0.762109 0.126563 0.182031 0.00110722
1 0.628516 0.533203 0.130469 0.169531 0.0011034
1 0.501562 0.622656 0.148438 0.173438 0.00109863
1 0.726172 0.9125 0.132031 0.16875 0.00109863
0 0.0137207 0.760938 0.0274414 0.384375 0.00108624
1 0.532031 0.0754883 0.195312 0.147461 0.00108624
0 0.0476074 0.607813 0.0944336 0.1125 0.00108147
1 0.470313 0.579687 0.126563 0.185156 0.00108147
1 0.625781 0.875781 0.103125 0.153125 0.00107765
1 0.715625 0.486328 0.13125 0.15 0.00106525
1 0.832812 0.565625 0.146875 0.128906 0.00105286
0 0.635156 0.259766 0.148438 0.196484 0.00102806
1 0.599219 0.6375 0.182812 0.18125 0.00102425
1 0.971875 0.925 0.05625 0.104687 0.00102425
1 0.771094 0.171289 0.1625 0.215234 0.00102425
1 0.258984 0.79668 0.104687 0.203516 0.00102425
1 0.95625 0.350781 0.0875 0.178125 0.00102043
1 0.942187 0.676953 0.1125 0.165625 0.00102043
1 0.751562 0.750781 0.121875 0.1625 0.00101662
1 0.0472656 0.60625 0.09375 0.104687 0.00101662
1 0.696484 0.58125 0.0585938 0.117969 0.00101185
1 0.437891 0.495313 0.814844 0.945312 0.186523
1 0.742188 0.625 0.123438 0.225 0.16394
0 0.437891 0.495313 0.814844 0.945312 0.0423279
1 0.279297 0.583594 0.148438 0.21875 0.028656
0 0.300977 0.124805 0.168359 0.246094 0.0230713
0 0.279297 0.583594 0.148438 0.21875 0.0160217
1 0.296875 0.118457 0.164062 0.231055 0.011734
1 0.724219 0.614844 0.167187 0.246875 0.0110703
0 0.742188 0.625 0.123438 0.225 0.00720596
0 0.00214844 0.14834 0.00429688 0.22832 0.00316048
0 0.500781 0.838281 0.142188 0.214062 0.00203514
0 0.00206299 0.201172 0.00412598 0.270312 0.00195694
0 0.00229492 0.919531 0.00458984 0.160938 0.00188255
1 0.500781 0.838281 0.142188 0.214062 0.0016613
1 0.578906 0.424609 0.189063 0.227344 0.0016489
0 0.00209961 0.0957031 0.00419922 0.191406 0.00162315
0 0.00222168 0.781055 0.00444336 0.244141 0.00149536
0 0.967188 0.938281 0.065625 0.123438 0.00137806
0 0.00227051 0.866406 0.00454102 0.19375 0.00136185
1 0.523438 0.792383 0.179688 0.318359 0.00133038
0 0.00214844 0.630469 0.00429688 0.2875 0.00127411
0 0.00224609 0.735156 0.00449219 0.260938 0.00119686
1 0.268701 0.560938 0.204785 0.282813 0.00116062
0 0.435547 0.156641 0.117188 0.147266 0.00112915
0 0.724219 0.614844 0.167187 0.246875 0.00108624
1 0.281641 0.589844 0.149219 0.205469 0.457031
1 0.409473 0.483984 0.743555 0.967969 0.265869
0 0.278125 0.592188 0.149219 0.210938 0.250244
1 0.7125 0.628125 0.195312 0.25 0.122314
1 0.520312 0.822656 0.184375 0.2375 0.0897827
0 0.409473 0.483984 0.743555 0.967969 0.0787964
1 0.503125 0.83418 0.14375 0.206641 0.0333252
0 0.7125 0.628125 0.195312 0.25 0.0283813
1 0.5375 0.797656 0.220313 0.276563 0.0271149
0 0.511719 0.8375 0.164062 0.20625 0.0262604
1 0.433594 0.429688 0.565625 0.85 0.0159607
0 0.5375 0.797656 0.220313 0.276563 0.012146
1 0.746094 0.621094 0.126563 0.215625 0.00740433
0 0.433594 0.429688 0.565625 0.85 0.00424957
1 0.600781 0.478125 0.153125 0.109375 0.00379562
1 0.56875 0.391797 0.715625 0.780469 0.00353813
1 0.533984 0.300781 0.636719 0.592188 0.00287819
1 0.610156 0.423047 0.139062 0.214062 0.00284576
1 0.934375 0.884375 0.125 0.220313 0.00239754
1 0.623828 0.917969 0.132031 0.160938 0.00195694
1 0.741797 0.669531 0.224219 0.353125 0.00194931
1 0.932813 0.84375 0.132812 0.126563 0.00181007
0 1 0.854688 0 0.290625 0.00160408
0 0.0570313 0.597656 0.0767578 0.0882813 0.00154877
0 0.825781 0.521875 0.140625 0.034375 0.00150108
1 0.721094 0.621875 0.184375 0.215625 0.475586
1 0.282227 0.586328 0.157422 0.219531 0.416748
1 0.745313 0.620703 0.129688 0.217969 0.218018
0 0.295312 0.132617 0.189063 0.256641 0.168091
0 0.281445 0.582812 0.156641 0.223438 0.130493
1 0.503125 0.840625 0.149219 0.2 0.117554
1 0.541406 0.798242 0.229687 0.300391 0.105774
1 0.258594 0.578906 0.211328 0.239063 0.0803833
1 0.515234 0.814844 0.174219 0.264062 0.0622253
1 0.295312 0.132617 0.189063 0.256641 0.0552063
1 0.387109 0.35625 0.616406 0.674219 0.0469055
1 0.577344 0.351367 0.225 0.373047 0.0348816
0 0.721094 0.621875 0.184375 0.215625 0.0240021
1 0.466016 0.295898 0.449219 0.545703 0.0219421
1 0.589453 0.446484 0.180469 0.172656 0.0171814
1 0.559375 0.3125 0.289062 0.464063 0.016983
0 0.0583008 0.596094 0.0783203 0.0921875 0.0150146
1 0.584375 0.4 0.215625 0.267188 0.0138474
1 0.59375 0.473437 0.182812 0.117188 0.012825
0 0.503125 0.840625 0.149219 0.2 0.0119629
0 0.521484 0.801562 0.186719 0.295312 0.00844574
1 0.934375 0.846094 0.13125 0.1375 0.00621796
1 0.889063 0.377344 0.139062 0.153125 0.00473785
0 0.745313 0.620703 0.129688 0.217969 0.00443268
0 0.255273 0.571875 0.211719 0.251563 0.00372124
1 0.56875 0.270703 0.394531 0.541406 0.00234985
1 0.516016 0.16084 0.824219 0.32168 0.00188255
1 0.525 0.082373 0.859375 0.164746 0.00179577
0 0.585547 0.402246 0.211719 0.25957 0.00171375
1 0.567187 0.0594238 0.809375 0.118848 0.0016613
0 0.875 0.357812 0.071875 0.0960938 0.00118828
1 0.674219 0.503906 0.292188 0.453125 0.0011425
1 0.24375 0.370508 0.390625 0.693359 0.00109005
1 0.502734 0.510156 0.988281 0.979688 0.428223
1 0.281641 0.594531 0.154687 0.209375 0.368408
1 0.748438 0.626562 0.128125 0.220313 0.366699
1 0.71875 0.642969 0.192188 0.253125 0.320068
0 0.281641 0.594531 0.154687 0.209375 0.19812
0 0.301953 0.117578 0.170312 0.221875 0.0994873
1 0.538281 0.796875 0.222656 0.296875 0.0551147
1 0.607813 0.430078 0.151562 0.205469 0.0401001
1 0.914453 0.408691 0.171094 0.224805 0.0340881
0 0.748438 0.626562 0.128125 0.220313 0.0328369
1 0.301953 0.117578 0.170312 0.221875 0.0323486
1 0.514063 0.810156 0.16875 0.275 0.0309601
0 0.71875 0.642969 0.192188 0.253125 0.024231
0 0.505469 0.84375 0.147656 0.2 0.0193481
1 0.938281 0.84375 0.121875 0.134375 0.0151901
1 0.505469 0.84375 0.147656 0.2 0.0133743
0 0.532031 0.806055 0.209375 0.281641 0.0125275
1 0.5375 0.749609 0.239063 0.397656 0.0119171
1 0.739062 0.683594 0.215625 0.340625 0.00974274
1 0.512891 0.403906 0.341406 0.265625 0.00746155
1 0.901563 0.378516 0.1375 0.152344 0.00582123
1 0.454297 0.441016 0.473437 0.607031 0.00521851
0 0.9125 0.405859 0.171875 0.215625 0.0050621
1 0.442578 0.299219 0.501562 0.571875 0.0046463
1 0.544531 0.815625 0.215625 0.198437 0.00446701
0 0.502734 0.510156 0.988281 0.979688 0.00421524
1 0.942187 0.195117 0.115625 0.266016 0.00390053
1 0.504687 0.251172 0.9625 0.502344 0.00284576
1 0.464453 0.677344 0.653906 0.548437 0.0027256
1 0.561719 0.796875 0.176563 0.146875 0.00253105
1 0.46416 0.336719 0.632617 0.673437 0.00224304
1 0.6875 0.617969 0.264062 0.292188 0.00205803
0 0.607813 0.430078 0.151562 0.205469 0.00190449
1 0.414746 0.560156 0.59082 0.801562 0.00189686
0 0.0589844 0.598437 0.0753906 0.08125 0.00182438
1 0.917969 0.845312 0.164062 0.142188 0.0016613
1 0.492969 0.568359 0.408594 0.544531 0.0016613
0 0.544531 0.815625 0.215625 0.198437 0.0015974
1 0.539453 0.441406 0.290625 0.259375 0.00154305
0 0.938281 0.84375 0.121875 0.134375 0.00125504
1 0.50625 0.64834 0.86875 0.61582 0.00119209
0 0.5375 0.749609 0.239063 0.397656 0.00114727
1 0.279297 0.496094 0.185937 0.471094 0.00111198
1 0.278125 0.588281 0.158594 0.214062 0.288574
1 0.297656 0.117578 0.182031 0.227344 0.212036
0 0.278906 0.588281 0.155469 0.20625 0.210083
1 0.732031 0.625781 0.153125 0.225 0.194336
0 0.297266 0.119141 0.182812 0.228906 0.194336
1 0.500781 0.800781 0.148438 0.285937 0.123779
1 0.503125 0.836719 0.146875 0.204688 0.0853882
0 0.503125 0.836719 0.146875 0.204688 0.0501404
1 0.528906 0.77793 0.20625 0.322266 0.0420837
0 0.745313 0.628906 0.13125 0.226562 0.036499
0 0.500781 0.800781 0.148438 0.285937 0.0257568
1 0.499219 0.492969 0.954687 0.954687 0.012825
0 0.285742 0.00482178 0.330078 0.00964355 0.00638962
1 0.711719 0.625781 0.209375 0.260938 0.00605011
0 0.528906 0.77793 0.20625 0.322266 0.0046463
1 0.498535 0.486719 0.432617 0.93125 0.00441742
1 0.603125 0.432715 0.160938 0.214258 0.00349617
0 0.702734 0.00599365 0.328906 0.0119873 0.00333786
0 0.351172 0.00421143 0.351562 0.00842285 0.00293541
0 0.17583 0.00429688 0.349121 0.00859375 0.00277901
0 0.602344 0.00477295 0.34375 0.0095459 0.00266266
1 0.8875 0.381641 0.1375 0.1625 0.00245285
0 0.126367 0.00388184 0.252734 0.00776367 0.00216484
1 0.463281 0.839844 0.071875 0.190625 0.00209999
0 0.526953 0.00412598 0.347656 0.00825195 0.0019722
0 0.446484 0.00445557 0.336719 0.00891113 0.00186729
0 0.499219 0.492969 0.954687 0.954687 0.00183868
1 0.207422 0.480078 0.307813 0.632031 0.00135612
0 0.773047 0.00484619 0.307031 0.00969238 0.00127411
0 0.467187 0.84043 0.08125 0.191016 0.00124454
1 0.53125 0.7125 0.242188 0.465625 0.00120163
1 0.934375 0.845117 0.129688 0.144141 0.0011158
1 0.280859 0.589063 0.153906 0.20625 0.338867
0 0.294922 0.12002 0.176563 0.224805 0.255371
0 0.279492 0.5875 0.155078 0.2125 0.236572
1 0.746094 0.620313 0.129688 0.214844 0.226807
1 0.294922 0.12002 0.176563 0.224805 0.125244
1 0.530469 0.803906 0.204688 0.285937 0.0417786
1 0.518359 0.493359 0.864844 0.977344 0.0264587
0 0.530469 0.803906 0.204688 0.285937 0.0154266
0 0.730078 0.625 0.158594 0.21875 0.014061
1 0.934375 0.848437 0.125 0.139062 0.00793457
1 0.0577148 0.592969 0.0753906 0.08125 0.00709534
1 0.89375 0.383496 0.134375 0.161133 0.00661469
1 0.678906 0.527344 0.0625 0.0570313 0.00577545
0 0.0577148 0.592969 0.0753906 0.08125 0.00516129
0 0.506641 0.485938 0.896094 0.971875 0.00477219
1 0.43291 0.155957 0.120117 0.154492 0.00475693
1 0.901563 0.402734 0.15 0.207031 0.00370789
1 0.899219 0.365039 0.117188 0.120703 0.00327301
1 0.703906 0.078125 0.125 0.153906 0.00324821
1 0.679688 0.534766 0.075 0.0617188 0.00313568
1 0.535156 0.743359 0.21875 0.411719 0.00312424
1 0.720312 0.61875 0.185937 0.234375 0.00311089
1 0.211523 0.474609 0.295312 0.554688 0.00292397
1 0.606641 0.427734 0.153125 0.223438 0.0024929
1 0.503516 0.817969 0.146094 0.253125 0.00246239
0 0.267383 0 0.200391 0 0.00232315
1 0.551562 0.5 0.4875 0.970312 0.00194168
0 0.270117 0.00256348 0.222266 0.00512695 0.00162315
0 0.331445 0.00234375 0.223047 0.0046875 0.00147247
0 0.509375 0.820117 0.158594 0.244141 0.00146675
0 0.432813 0.156445 0.119531 0.153516 0.00136662
0 0.211523 0.474609 0.295312 0.554688 0.00135612
1 0.207031 0.0466797 0.0457031 0.0933594 0.00134087
0 0.934375 0.848437 0.125 0.139062 0.0012598
0 0.535156 0.743359 0.21875 0.411719 0.00122547
1 0.925 0.153516 0.053125 0.0695312 0.0012064
0 0.891406 0.387598 0.13125 0.170117 0.00116062
0 0.301562 0 0.197656 0 0.00113392
0 0.207031 0.0466797 0.0457031 0.0933594 0.0011158
1 0.675 0.522266 0.0515625 0.0554687 0.00106525
0 0.204688 0.0569824 0.0421875 0.0670898 0.00104809
0 0.899219 0.365039 0.117188 0.120703 0.00104046
1 0.275781 0.591406 0.15 0.207031 0.72168
1 0.744531 0.621875 0.128125 0.214062 0.288574
1 0.294531 0.118555 0.170312 0.223438 0.233765
0 0.275 0.591406 0.148438 0.2125 0.167236
0 0.295312 0.125195 0.178906 0.234375 0.0836182
1 0.461719 0.496875 0.895312 0.96875 0.0352783
1 0.519531 0.794531 0.184375 0.304688 0.0261536
1 0.501562 0.836133 0.14375 0.218359 0.0145035
0 0.519531 0.794531 0.184375 0.304688 0.0136871
0 0.739453 0.622266 0.136719 0.211719 0.0118713
1 0.886719 0.380078 0.13125 0.157031 0.00443268
1 0.591016 0.426172 0.173438 0.223438 0.00403976
0 0.467187 0.5 0.879687 0.965625 0.00325966
1 0.533984 0.755859 0.219531 0.385156 0.00317192
0 0.0564941 0.597656 0.0749023 0.0859375 0.00178242
0 0.501562 0.836133 0.14375 0.218359 0.00167465
1 0.897656 0.366406 0.117188 0.124219 0.00156116
1 0.0564941 0.597656 0.0749023 0.0859375 0.00135612
1 0.678125 0.996875 0.384375 0.00625 0.0011425
1 0.203906 0.532812 0.305469 0.578125 0.00112438
1 0.275781 0.591406 0.15 0.207031 0.72168
1 0.744531 0.622266 0.128125 0.214062 0.287842
1 0.294531 0.118555 0.170312 0.223047 0.231567
0 0.275 0.591406 0.148438 0.2125 0.16748
0 0.295312 0.125293 0.178906 0.23457 0.0831299
1 0.460938 0.496875 0.895312 0.96875 0.0348206
1 0.519531 0.794531 0.184375 0.304688 0.0259552
1 0.501562 0.836133 0.14375 0.218359 0.0144501
0 0.519531 0.794531 0.184375 0.304688 0.0137405
0 0.739453 0.622266 0.136719 0.211719 0.0118713
1 0.886719 0.380078 0.13125 0.157031 0.00443268
1 0.590625 0.426172 0.173438 0.224219 0.00400543
0 0.466797 0.499219 0.878906 0.965625 0.00323486
1 0.533984 0.755859 0.219531 0.385156 0.00316048
0 0.0564941 0.597656 0.0749023 0.0859375 0.00178242
0 0.501562 0.836133 0.14375 0.218359 0.00168133
1 0.897656 0.366406 0.117188 0.124219 0.00155449
1 0.0564941 0.597656 0.0749023 0.0859375 0.00134563
1 0.678125 0.996875 0.384375 0.00625 0.00113392
1 0.203906 0.532715 0.305469 0.57832 0.00112438
