0 0.564844 0.483594 0.660937 0.790625 0.833496
0 0.463281 0.494531 0.926562 0.792188 0.0651245
0 0.206445 0.288086 0.412891 0.576172 0.0319214
1 0.584766 0.484277 0.682031 0.798633 0.0302124
0 0.136328 0.290625 0.272656 0.58125 0.018692
1 0.206445 0.288086 0.412891 0.576172 0.00763702
0 0.417188 0.289453 0.834375 0.578906 0.00717545
0 0.324023 0.758984 0.648047 0.482031 0.00653839
0 0.709766 0.817969 0.580469 0.364062 0.00653839
0 0.425391 0.753906 0.850781 0.492188 0.00616837
0 0.653516 0.857422 0.692969 0.285156 0.00570679
1 0.136328 0.290625 0.272656 0.58125 0.00335121
0 0.480469 0.848047 0.960938 0.303906 0.00323486
1 0.425391 0.753906 0.850781 0.492188 0.00298119
0 0.795313 0.804688 0.409375 0.390625 0.00296974
1 0.417188 0.289453 0.834375 0.578906 0.00274658
1 0.324023 0.758984 0.648047 0.482031 0.0027256
0 0.946875 0.483984 0.10625 0.852344 0.00245285
0 0.851758 0.718359 0.296484 0.563281 0.00210762
0 0.464453 0.355078 0.924219 0.710156 0.00192642
0 0.177734 0.751562 0.355469 0.48125 0.00187492
1 0.709766 0.817969 0.580469 0.364062 0.00173378
0 0.909375 0.453125 0.18125 0.825 0.00163555
0 0.85625 0.433203 0.2875 0.839844 0.00153065
0 0.471875 0.220313 0.94375 0.440625 0.00129414
0 0.864844 0.213672 0.270312 0.427344 0.0012064
1 0.653516 0.857422 0.692969 0.285156 0.00119686
0 0.751562 0.394531 0.496875 0.789062 0.00115108
0 0.755469 0.868359 0.489062 0.263281 0.00113773
0 0.824219 0.264844 0.351562 0.529688 0.00109482
0 0.93125 0.404687 0.1375 0.8 0.00109005
0 0.782422 0.307422 0.435156 0.611719 0.00107288
0 0.169434 0.557031 0.236914 0.0515625 0.00107288
0 0.585059 0.494922 0.62207 0.783594 0.765625
1 0.586719 0.499902 0.632812 0.768945 0.445557
0 0.752734 0.496191 0.285156 0.756055 0.00479126
1 0.752734 0.496191 0.285156 0.756055 0.00261116
0 0.563281 0.194922 0.5875 0.200781 0.00210762
0 0.579297 0.376563 0.610156 0.564062 0.0017004
1 0.565527 0.195703 0.625195 0.203125 0.00109863
0 0.799219 0.517578 0.201562 0.721094 0.00105286
0 0.589063 0.488379 0.628125 0.779492 0.911621
1 0.590723 0.493359 0.62793 0.785156 0.0147858
0 0.58916 0.481348 0.62793 0.766992 0.924805
1 0.588184 0.488281 0.623633 0.773438 0.0101318
0 0.493848 0.492188 0.441992 0.778125 0.00411606
0 0.00202637 0.119824 0.00405273 0.239648 0.0026722
0 0.00200195 0.80957 0.00400391 0.249609 0.0024147
0 0.00202637 0.760156 0.00405273 0.235938 0.00228691
0 0.00205078 0.877344 0.00410156 0.245312 0.00214005
0 0.00197754 0.233008 0.00395508 0.275391 0.0019722
0 0.00187988 0.0848633 0.00375977 0.169727 0.00191212
0 0.00205078 0.707422 0.00410156 0.247656 0.00186062
0 0.00197754 0.372461 0.00395508 0.247266 0.00183105
0 0.00186768 0.533984 0.00373535 0.235156 0.00178242
0 0.0020752 0.177734 0.00415039 0.278516 0.00174141
0 0.0019165 0.658203 0.00383301 0.239844 0.00171375
0 0.00197754 0.324023 0.00395508 0.272266 0.00169373
0 0.0019043 0.428516 0.00380859 0.233594 0.00158501
0 0.00192871 0.481348 0.00385742 0.229492 0.00158501
0 0.00187988 0.580469 0.00375977 0.242188 0.00157356
0 0.584375 0.803125 0.6125 0.182812 0.0011425
0 0.592578 0.488281 0.638281 0.814062 0.931641
0 0.496094 0.492188 0.465625 0.828125 0.00287819
0 0.594141 0.673437 0.633594 0.428125 0.00139427
0 0.989844 0.0925781 0.0203125 0.185156 0.00132465
0 0.991016 0.122754 0.0179687 0.245508 0.00108624
0 0.991797 0.247852 0.0164062 0.294141 0.00106049
0 0.991797 0.191992 0.0164062 0.309766 0.00105667
0 0.911719 0.384277 0.164062 0.52207 0.00105286
0 0.586035 0.498437 0.63418 0.809375 0.900391
1 0.588379 0.492578 0.635742 0.802344 0.00952148
0 0.592969 0.66875 0.639063 0.4375 0.00290108
0 0.594141 0.505469 0.639844 0.820312 0.930176
1 0.594141 0.505469 0.639844 0.820312 0.00260162
0 0.587109 0.494531 0.628906 0.798437 0.86377
0 0.586816 0.495703 0.62168 0.792969 0.905273
0 0.592578 0.49541 0.635156 0.79668 0.952148
0 0.592578 0.49541 0.635156 0.79668 0.952148
