0 0.289453 0.544922 0.413281 0.682031 0.675781
0 0.705078 0.477344 0.411719 0.695312 0.508789
1 0.290039 0.543359 0.407422 0.646094 0.443604
0 0.554688 0.48125 0.703125 0.710938 0.176636
0 0.520312 0.816406 0.959375 0.367188 0.101074
1 0.705078 0.480469 0.413281 0.690625 0.0527039
1 0.520312 0.816406 0.959375 0.367188 0.0245209
1 0.554688 0.48125 0.703125 0.710938 0.0237732
0 0.425 0.453125 0.692969 0.83125 0.0111618
1 0.492969 0.409375 0.842188 0.809375 0.0069313
0 0.492188 0.212305 0.615625 0.424609 0.00527954
0 0.28208 0.728906 0.383496 0.282813 0.00382423
0 0.289844 0.414844 0.410937 0.642187 0.00378036
0 0.707812 0.590723 0.40625 0.495117 0.00337601
0 0.40459 0.208984 0.43457 0.417969 0.00327301
1 0.8625 0.273828 0.084375 0.1125 0.00230598
0 0.708594 0.687109 0.403125 0.303906 0.00191212
0 0.28457 0.638672 0.390234 0.464844 0.00191212
0 0.951172 0.357422 0.0976562 0.680469 0.00186062
0 0.964844 0.4125 0.0703125 0.715625 0.00183868
0 0.510938 0.736719 0.85625 0.526563 0.00182438
0 0.913281 0.3375 0.173438 0.609375 0.00177479
0 0.867188 0.256445 0.08125 0.0851562 0.00175476
1 0.464746 0.229297 0.626758 0.458594 0.0016489
0 0.887109 0.735937 0.225781 0.528125 0.0016489
0 0.864453 0.393359 0.271094 0.732031 0.00163555
0 0.854297 0.709375 0.291406 0.58125 0.00162888
1 0.797852 0.335547 0.404297 0.671094 0.00145531
0 0.817969 0.446094 0.364062 0.76875 0.00143814
0 0.325586 0.833594 0.651172 0.332812 0.00130939
0 0.975781 0.513281 0.0484375 0.748438 0.00125504
0 0.694141 0.867188 0.611719 0.265625 0.00123501
1 0.510938 0.736719 0.85625 0.526563 0.00122547
1 0.913281 0.3375 0.173438 0.609375 0.00116539
0 0.845312 0.205664 0.309375 0.411328 0.00116062
1 0.951172 0.357422 0.0976562 0.680469 0.00115108
0 0.797852 0.335547 0.404297 0.671094 0.00114727
0 0.486328 0.337891 0.833594 0.652344 0.00113773
1 0.825781 0.277539 0.1625 0.122266 0.00112438
0 0.875195 0.294922 0.249609 0.589844 0.0011158
0 0.934375 0.290234 0.13125 0.580469 0.00110722
0 0.467187 0.194531 0.815625 0.389062 0.00109863
1 0.964844 0.4125 0.0703125 0.715625 0.00109482
1 0.864453 0.393359 0.271094 0.732031 0.00106907
0 0.85625 0.151172 0.2875 0.302344 0.00106049
1 0.845312 0.205664 0.309375 0.411328 0.00103664
0 0.925 0.699219 0.15 0.601562 0.00101662
0 0.28457 0.549316 0.413672 0.663867 0.769531
0 0.705469 0.499609 0.409375 0.669531 0.456055
1 0.700781 0.495313 0.407813 0.679688 0.414795
1 0.282813 0.540723 0.4125 0.648242 0.21936
0 0.867969 0.25332 0.08125 0.0828125 0.00557709
0 0.525391 0.535156 0.713281 0.667188 0.00239754
1 0.525391 0.535156 0.713281 0.667188 0.00235939
0 0.879687 0.25 0.0578125 0.06875 0.00188923
0 0.367969 0.541016 0.258594 0.649219 0.00129414
1 0.463281 0.776758 0.892187 0.446484 0.00119209
0 0.709375 0.495313 0.417188 0.673437 0.853516
0 0.29375 0.545313 0.413281 0.653125 0.769043
1 0.291797 0.546191 0.414844 0.648242 0.152588
1 0.710938 0.484766 0.410937 0.674219 0.0847778
0 0.293359 0.436719 0.407031 0.434375 0.00191212
0 0.289453 0.371484 0.4125 0.314844 0.00159168
0 0.710938 0.377734 0.40625 0.460156 0.00109482
0 0.2875 0.538965 0.407031 0.64707 0.875
0 0.7125 0.485547 0.41875 0.678906 0.794434
1 0.709375 0.482422 0.417188 0.696094 0.0754395
1 0.288281 0.541406 0.410937 0.648438 0.0317383
0 0.287695 0.438281 0.399609 0.444531 0.0284882
0 0.00211182 0.10957 0.00422363 0.214453 0.00494385
0 0.701172 0.396191 0.372656 0.499805 0.00431442
0 0.00212402 0.458594 0.00424805 0.164062 0.00395966
0 0.0020752 0.158398 0.00415039 0.212891 0.0037365
0 0.00187988 0.585156 0.00375977 0.1375 0.00362206
0 0.00192871 0.638672 0.00385742 0.146875 0.00359344
0 0.00200195 0.666406 0.00400391 0.154687 0.00358009
0 0.0019165 0.560156 0.00383301 0.139062 0.00356483
0 0.0020752 0.408203 0.00415039 0.175781 0.00351143
0 0.0019043 0.610937 0.00380859 0.140625 0.00348282
0 0.00197754 0.535156 0.00395508 0.14375 0.00342941
0 0.0020752 0.508594 0.00415039 0.153125 0.00338936
0 0.00202637 0.861719 0.00405273 0.198437 0.00332451
0 0.00197754 0.0757812 0.00395508 0.151562 0.00329781
0 0.0020874 0.308594 0.0041748 0.196875 0.00319672
0 0.00202637 0.356836 0.00405273 0.187109 0.00319672
0 0.00205078 0.209766 0.00410156 0.203906 0.00305176
0 0.00205078 0.716406 0.00410156 0.167187 0.00305176
0 0.0020752 0.259766 0.00415039 0.202344 0.00293541
0 0.00202637 0.816406 0.00405273 0.185937 0.00284576
0 0.00205078 0.766016 0.00410156 0.180469 0.00253105
0 0.00202637 0.902344 0.00405273 0.195312 0.00219917
0 0.00222168 0.0539063 0.00444336 0.107813 0.00127411
0 0.286719 0.736719 0.384375 0.259375 0.00113773
0 0.287891 0.536328 0.421094 0.653906 0.881836
0 0.707031 0.491504 0.415625 0.681055 0.851562
1 0.709766 0.48291 0.413281 0.693555 0.0948486
1 0.290039 0.543652 0.418359 0.67207 0.0276337
0 0.708594 0.624609 0.40625 0.414844 0.00123501
0 0.892187 0.763281 0.20625 0.45 0.00106907
0 0.989844 0.0977539 0.0203125 0.195508 0.00102425
0 0.900781 0.837305 0.190625 0.319141 0.00100422
0 0.711328 0.493066 0.427344 0.682617 0.854492
0 0.288281 0.535937 0.424219 0.646875 0.833984
1 0.287891 0.541016 0.424219 0.650781 0.195557
1 0.708203 0.479297 0.425781 0.691406 0.0413818
0 0.513672 0.086792 0.891406 0.168994 0.00717545
0 0.513672 0.026001 0.907031 0.052002 0.00450516
0 0.518359 0.839258 0.863281 0.321484 0.00137806
0 0.8625 0.247656 0.0921875 0.0703125 0.00133514
0 0.283594 0.673437 0.413281 0.38125 0.00132465
0 0.283203 0.730859 0.409375 0.272656 0.00128937
0 0.514063 0.138379 0.873438 0.266211 0.00118828
0 0.712891 0.693359 0.408594 0.280469 0.00112057
0 0.29043 0.540625 0.424609 0.657812 0.883789
0 0.709375 0.484375 0.41875 0.689062 0.829102
1 0.709766 0.484375 0.417969 0.690625 0.090271
1 0.289844 0.535937 0.41875 0.651563 0.0212097
0 0.289062 0.534375 0.421094 0.659375 0.876465
0 0.707031 0.48125 0.415625 0.69375 0.851562
1 0.708594 0.482812 0.415625 0.70625 0.00834656
1 0.287891 0.543848 0.4125 0.641992 0.00316048
1 0.866406 0.250781 0.084375 0.0796875 0.00133038
0 0.288477 0.541016 0.413672 0.663281 0.890625
0 0.707812 0.487891 0.410937 0.694531 0.848633
1 0.710156 0.485547 0.414062 0.689844 0.035553
1 0.2875 0.537109 0.411719 0.660156 0.00638962
0 0.498437 0.00810547 0.86875 0.0162109 0.00124454
1 0.8625 0.251172 0.090625 0.0671875 0.00101662
0 0.2875 0.542285 0.414844 0.651367 0.907715
0 0.708594 0.492188 0.414062 0.69375 0.878906
1 0.707812 0.491016 0.4125 0.696094 0.0361633
1 0.288867 0.544531 0.419141 0.657812 0.00268364
0 0.2875 0.542871 0.414844 0.651758 0.908203
0 0.708594 0.492188 0.414062 0.69375 0.878906
1 0.707812 0.491016 0.4125 0.696094 0.0350647
1 0.288867 0.544629 0.419141 0.657617 0.00266266
