0 0.798437 0.725391 0.33125 0.283594 0.798828
0 0.855078 0.386816 0.289844 0.462305 0.598145
0 0.208008 0.658203 0.406641 0.428906 0.572754
0 0.450781 0.726562 0.329688 0.284375 0.522461
0 0.255859 0.110742 0.2625 0.219922 0.493164
0 0.532812 0.116992 0.25 0.232422 0.454346
0 0.222217 0.916406 0.352441 0.167187 0.412109
0 0.80293 0.116699 0.272266 0.229883 0.334473
0 0.11377 0.285937 0.22168 0.359375 0.309082
0 0.537891 0.347852 0.614844 0.511328 0.222656
0 0.623438 0.494922 0.320312 0.239063 0.222656
0 0.5125 0.47334 0.942187 0.75957 0.218018
0 0.436719 0.296484 0.417188 0.392188 0.216064
0 0.867969 0.923437 0.264062 0.153125 0.212036
0 0.452734 0.488672 0.817969 0.253125 0.156616
0 0.398828 0.352734 0.352344 0.388281 0.10376
0 0.458984 0.384375 0.875781 0.457812 0.0844727
0 0.494531 0.878516 0.985937 0.242969 0.0598755
0 0.577344 0.0998047 0.157813 0.170312 0.0548096
0 0.504785 0.0956055 0.291992 0.177539 0.0528259
0 0.319141 0.915625 0.525781 0.16875 0.0499573
0 0.297656 0.919531 0.205469 0.159375 0.0472412
0 0.603516 0.100391 0.105469 0.177344 0.0430298
0 0.920313 0.928906 0.159375 0.142188 0.0384521
0 0.366406 0.316016 0.278125 0.311719 0.0349426
1 0.225781 0.915625 0.35 0.16875 0.0321655
0 0.203125 0.101001 0.146875 0.193701 0.0303345
0 0.497656 0.8 0.978125 0.4 0.0235138
1 0.450781 0.726562 0.329688 0.284375 0.0227203
1 0.253857 0.106445 0.261816 0.212891 0.0219879
0 0.258398 0.91875 0.295703 0.159375 0.0218658
0 0.535156 0.723828 0.145313 0.230469 0.021698
0 0.330469 0.920313 0.144531 0.15625 0.0186157
1 0.532031 0.104395 0.251563 0.206055 0.0178528
0 0.8625 0.0958008 0.140625 0.181055 0.0175171
0 0.0652344 0.126782 0.126758 0.15542 0.0166626
0 0.635938 0.490625 0.220313 0.226562 0.0163422
0 0.683984 0.491406 0.178125 0.226562 0.016098
0 0.427441 0.372656 0.448242 0.458594 0.0158997
0 0.799219 0.173242 0.270312 0.345703 0.0156021
0 0.849414 0.928125 0.301172 0.140625 0.0156021
1 0.51875 0.542969 0.921875 0.914062 0.0152512
0 0.886719 0.554688 0.221875 0.115625 0.014061
0 0.88125 0.73125 0.151562 0.259375 0.014061
0 0.476172 0.720312 0.244531 0.239063 0.0139542
1 0.792969 0.725781 0.332812 0.282813 0.0136871
1 0.867383 0.921875 0.265234 0.15625 0.013588
0 0.578516 0.489453 0.269531 0.225781 0.0134277
0 0.889063 0.925781 0.221875 0.148438 0.0132217
0 0.785156 0.095874 0.279687 0.179736 0.012291
1 0.211133 0.657031 0.416016 0.43125 0.011467
0 0.464063 0.308398 0.495313 0.525391 0.011467
0 0.48125 0.0945068 0.145313 0.17583 0.0103302
0 0.433203 0.653906 0.828906 0.426562 0.00993347
1 0.603516 0.100391 0.105469 0.177344 0.00948334
0 0.853906 0.928125 0.209375 0.142188 0.00919342
0 0.727344 0.100024 0.125 0.188232 0.00919342
1 0.577344 0.0998047 0.157813 0.170312 0.00844574
0 0.335938 0.613281 0.147656 0.267188 0.008255
0 0.0393066 0.928125 0.0754883 0.14375 0.00806427
0 0.328125 0.299219 0.2 0.308594 0.00748825
0 0.521875 0.233594 0.273438 0.467187 0.00728989
0 0.510938 0.0918213 0.203125 0.179248 0.00712204
1 0.920313 0.928906 0.159375 0.142188 0.0064888
1 0.589063 0.379297 0.7625 0.465625 0.0064888
0 0.664844 0.10332 0.542188 0.20625 0.00626373
1 0.623438 0.494922 0.320312 0.239063 0.00600433
0 0.141602 0.926562 0.171484 0.14375 0.00595856
0 0.851562 0.728516 0.16875 0.267969 0.00595856
0 0.118579 0.332422 0.189795 0.257031 0.005867
1 0.80293 0.116699 0.272266 0.229883 0.00584412
0 0.0790771 0.785937 0.146924 0.145313 0.00557709
1 0.855078 0.386816 0.289844 0.462305 0.00548935
0 0.412891 0.23457 0.414062 0.455078 0.00544739
0 0.0754883 0.251953 0.141602 0.4375 0.00521851
0 0.670313 0.454785 0.43125 0.318555 0.00518036
1 0.117383 0.248437 0.230078 0.434375 0.00477219
0 0.957031 0.926562 0.0859375 0.146875 0.00469971
0 0.156543 0.240234 0.313086 0.457031 0.00439835
1 0.877344 0.0917725 0.126563 0.172705 0.00432968
1 0.297656 0.919531 0.205469 0.159375 0.00429916
1 0.319141 0.915625 0.525781 0.16875 0.00426483
0 0.193311 0.917188 0.361035 0.159375 0.00421524
0 0.307813 0.599219 0.189063 0.279687 0.00413513
0 0.69375 0.158984 0.601562 0.317969 0.0041008
0 0.835938 0.910937 0.321875 0.178125 0.0041008
0 0.546875 0.486719 0.140625 0.217187 0.00402451
0 0.178174 0.0984619 0.106152 0.186279 0.00397491
0 0.0696289 0.157031 0.127344 0.239063 0.0039444
0 0.525781 0.496094 0.117188 0.1875 0.00385475
1 0.330469 0.920313 0.144531 0.15625 0.00379562
0 0.534375 0.313672 0.135937 0.25625 0.00362206
0 0.472656 0.912891 0.860937 0.174219 0.0036068
1 0.452734 0.488672 0.817969 0.253125 0.00351143
1 0.112402 0.326953 0.220898 0.278906 0.00341606
0 0.623828 0.720703 0.752344 0.285156 0.00332451
1 0.483594 0.8875 0.954687 0.225 0.00321007
0 0.817187 0.93125 0.140625 0.134375 0.00314713
0 0.390625 0.721875 0.2625 0.234375 0.00296974
1 0.895312 0.730078 0.125 0.260156 0.0029583
0 0.0837891 0.335156 0.154687 0.257031 0.00288963
0 0.0959961 0.305273 0.182227 0.225391 0.00286674
1 0.683984 0.491406 0.178125 0.226562 0.0028553
0 0.614062 0.287891 0.0890625 0.214844 0.00284576
0 0.232617 0.106348 0.204688 0.183398 0.00282288
0 0.703125 0.719141 0.142188 0.250781 0.00277901
1 0.546094 0.724609 0.125 0.228906 0.00271416
0 0.305859 0.30957 0.146875 0.249609 0.00266266
0 0.229297 0.573535 0.394531 0.524805 0.00263214
1 0.635938 0.490625 0.220313 0.226562 0.00257111
0 0.250977 0.208203 0.262891 0.416406 0.00253105
0 0.588281 0.290625 0.134375 0.220313 0.00253105
0 0.191211 0.340625 0.378516 0.333594 0.0024147
1 0.258398 0.91875 0.295703 0.159375 0.00236893
0 0.886719 0.480859 0.220313 0.265625 0.00233269
0 0.619922 0.390625 0.760156 0.450781 0.00211525
0 0.373437 0.714063 0.484375 0.254687 0.00211525
0 0.322656 0.0917725 0.121094 0.172314 0.00211525
0 0.223438 0.55 0.435156 0.803125 0.00209045
1 0.0652344 0.126782 0.126758 0.15542 0.00208282
1 0.476172 0.720312 0.244531 0.239063 0.00203514
0 0.921875 0.553906 0.154687 0.120312 0.00201988
0 0.517969 0.102539 0.814062 0.205078 0.00200272
0 0.51875 0.324414 0.9625 0.582422 0.00190449
0 0.383203 0.735937 0.160938 0.203125 0.00188255
0 0.752734 0.106543 0.349219 0.213086 0.00184631
0 0.894531 0.02854 0.210938 0.0570801 0.00182438
0 0.150488 0.331836 0.146289 0.248828 0.00182438
0 0.143164 0.653125 0.28125 0.423438 0.0017271
0 0.27207 0.135645 0.305859 0.269336 0.00170708
0 0.108105 0.254687 0.216211 0.432813 0.00169373
1 0.203125 0.101001 0.146875 0.193701 0.00169373
0 0.892187 0.0904297 0.1 0.169141 0.0016613
1 0.889063 0.925781 0.221875 0.148438 0.00163555
1 0.736719 0.0996338 0.14375 0.192139 0.00161648
1 0.453125 0.286719 0.445312 0.474219 0.00159168
0 0.0501953 0.90625 0.100391 0.1875 0.00157356
1 0.497656 0.8 0.978125 0.4 0.00157356
0 0.0708008 0.238477 0.141602 0.419922 0.00156689
0 0.664844 0.905078 0.145313 0.189844 0.00155449
1 0.432813 0.355078 0.414844 0.452344 0.00154877
1 0.578516 0.489453 0.269531 0.225781 0.00154877
0 0.0660156 0.139844 0.132031 0.216016 0.00151253
0 0.735937 0.390723 0.528125 0.466992 0.00148964
0 0.0408203 0.909375 0.0816406 0.18125 0.0014782
0 0.816016 0.666406 0.367969 0.421875 0.0014782
1 0.350586 0.600781 0.117578 0.257812 0.00147247
0 0.504687 0.769141 0.651563 0.352344 0.00145531
0 0.0504883 0.116602 0.0966797 0.148828 0.00144958
0 0.130664 0.603125 0.257812 0.321875 0.00143814
0 0.436719 0.26582 0.8 0.512109 0.00141048
1 0.0501953 0.90625 0.100391 0.1875 0.00137806
1 0.799219 0.173242 0.270312 0.345703 0.00135612
0 0.827148 0.587891 0.345703 0.677344 0.00134087
0 0.850391 0.850781 0.299219 0.298438 0.00133038
0 0.850977 0.701172 0.298047 0.382031 0.00132465
0 0.750391 0.105688 0.169531 0.181982 0.00130463
0 0.984375 0.0861328 0.03125 0.172266 0.00129414
0 0.0544922 0.152441 0.107031 0.208398 0.00128937
0 0.571875 0.307422 0.0992187 0.252344 0.00127888
0 0.974219 0.0792969 0.0515625 0.158594 0.0012598
1 0.421094 0.661719 0.832812 0.445312 0.00124454
0 0.0597168 0.0232422 0.119434 0.0464844 0.0012064
1 0.0393066 0.928125 0.0754883 0.14375 0.00120163
0 0.812305 0.781055 0.375391 0.400391 0.00119686
0 0.0854492 0.0189941 0.170898 0.0379883 0.0011692
0 0.313281 0.233203 0.198437 0.425781 0.00115108
0 0.563672 0.900781 0.872656 0.198437 0.0011425
1 0.521875 0.233594 0.273438 0.467187 0.00113773
0 0.586328 0.253125 0.141406 0.145313 0.00112915
0 0.976562 0.157129 0.046875 0.270508 0.00108147
0 0.54375 0.614844 0.9125 0.44375 0.00108147
0 0.82168 0.124219 0.356641 0.248437 0.00106907
1 0.418848 0.319873 0.387305 0.32041 0.00106525
1 0.250977 0.208203 0.262891 0.416406 0.00104809
0 0.474316 0.417578 0.541992 0.519531 0.00104809
0 0.696875 0.201367 0.507812 0.402734 0.00104046
0 0.921094 0.729297 0.0890625 0.260156 0.00103664
0 0.0894531 0.904688 0.166992 0.178125 0.00103188
0 0.910937 0.921875 0.178125 0.15625 0.00101662
0 0.408203 0.0153809 0.678906 0.0307617 0.00101185
1 0.084375 0.770312 0.158594 0.175 0.00101185
0 0.804688 0.0992187 0.285937 0.198437 0.854004
0 0.798242 0.717969 0.341016 0.284375 0.851074
0 0.53125 0.0947266 0.253125 0.189453 0.837402
0 0.448828 0.305078 0.44375 0.275781 0.824219
0 0.208984 0.595312 0.414844 0.30625 0.779785
0 0.458496 0.714063 0.325195 0.25625 0.779785
0 0.258594 0.0995117 0.273438 0.198633 0.777832
0 0.853125 0.332812 0.2875 0.323438 0.762695
0 0.115332 0.324414 0.230664 0.272266 0.742188
0 0.625 0.48584 0.334375 0.236133 0.703125
0 0.221826 0.919531 0.355566 0.157813 0.666992
0 0.873828 0.925 0.252344 0.146875 0.607422
0 0.0726563 0.118848 0.145313 0.154102 0.462891
0 0.899219 0.550781 0.192188 0.123438 0.250244
1 0.208984 0.596094 0.417969 0.30625 0.208862
1 0.226953 0.919531 0.355469 0.157813 0.171631
1 0.458496 0.714063 0.325195 0.25625 0.147339
1 0.627344 0.489746 0.33125 0.23457 0.115967
1 0.111719 0.320312 0.223438 0.278125 0.092041
1 0.256641 0.0985352 0.267969 0.19707 0.090271
0 0.0420898 0.924219 0.0841797 0.151562 0.0723877
1 0.796094 0.71875 0.339063 0.282813 0.0630493
0 0.141504 0.79043 0.282617 0.137891 0.0618896
1 0.448828 0.305078 0.44375 0.275781 0.0614319
1 0.853125 0.332812 0.2875 0.323438 0.0613098
1 0.804688 0.0975586 0.282813 0.195117 0.0559387
1 0.0726563 0.118848 0.145313 0.154102 0.0481262
0 0.895312 0.580859 0.209375 0.0609375 0.0375977
0 0.294336 0.91875 0.216797 0.160938 0.0368958
1 0.873438 0.925 0.253125 0.15 0.0365601
0 0.928125 0.208154 0.14375 0.105566 0.0287628
1 0.529688 0.0960938 0.253125 0.192188 0.0222931
0 0.3875 0.513281 0.154687 0.128906 0.0110703
1 0.895312 0.548437 0.20625 0.126563 0.00629044
0 0.864258 0.976562 0.271484 0.046875 0.00629044
0 0.434766 0.5125 0.0664062 0.129688 0.00553513
1 0.0428711 0.921094 0.0857422 0.15625 0.00530243
0 0.0979492 0.789062 0.195898 0.13125 0.00516129
0 0.851562 0.983203 0.2125 0.0335938 0.00486755
0 0.565527 0.938281 0.77832 0.123438 0.00448608
0 0.68125 0.929297 0.548437 0.141406 0.00432968
1 0.141504 0.79043 0.282617 0.137891 0.00413513
0 0.0168701 0.911719 0.0337402 0.176563 0.0037365
0 0.388379 0.186328 0.263867 0.0363281 0.00365067
1 0.928125 0.208154 0.14375 0.105566 0.00345612
0 0.409473 0.508594 0.113867 0.134375 0.00324821
0 0.642969 0.268359 0.0484375 0.1375 0.003088
0 0.218799 0.102051 0.194434 0.188086 0.0029583
0 0.494141 0.0907959 0.185937 0.171924 0.00291252
0 0.148438 0.983203 0.201562 0.0335938 0.00288963
0 0.102344 0.83125 0.204688 0.05 0.00274658
0 0.447656 0.523438 0.0359375 0.128125 0.00271416
0 0.0117065 0.885547 0.0234131 0.228906 0.00269318
0 0.444922 0.517969 0.0242187 0.121875 0.0026207
0 0.635938 0.258008 0.0609375 0.130859 0.00255013
0 0.432813 0.534375 0.071875 0.0984375 0.00237846
0 0.891406 0.521094 0.217187 0.190625 0.00234222
0 0.523438 0.121484 0.240625 0.115234 0.00232315
0 0.619531 0.261719 0.0890625 0.132812 0.00228691
0 0.489453 0.95 0.924219 0.1 0.00205803
0 0.433594 0.185352 0.167187 0.0417969 0.00198746
0 0.445312 0.19292 0.129688 0.0391602 0.0019722
0 0.764453 0.0994141 0.205469 0.190234 0.00188255
0 0.869336 0.917188 0.261328 0.165625 0.00186729
0 0.212549 0.982813 0.313184 0.034375 0.00186062
0 0.925781 0.0571289 0.0375 0.114258 0.00181007
0 0.113672 0.920313 0.205469 0.15625 0.00176811
0 0.233398 0.98125 0.456641 0.0375 0.00172043
0 0.856445 0.998828 0.208984 0.00234375 0.00165462
0 0.290625 0.096875 0.198437 0.182031 0.00162315
0 0.66875 0.489844 0.421875 0.195312 0.00161076
0 0.755469 0.100195 0.392188 0.200391 0.00160408
1 0.869336 0.917188 0.261328 0.165625 0.00156689
0 0.907812 0.924609 0.182812 0.150781 0.00155449
1 0.898438 0.573438 0.196875 0.078125 0.00154877
0 0.64375 0.264062 0.0203125 0.124219 0.00152493
0 0.408594 0.201367 0.3375 0.0566406 0.00139904
0 0.0780273 0.0312988 0.156055 0.0625977 0.00137234
0 0.876758 0.967188 0.246484 0.065625 0.00135612
0 0.16377 0.999609 0.200195 0.00078125 0.00130939
0 0.171875 0.928125 0.236719 0.14375 0.00130463
0 0.90625 0.0493164 0.075 0.0957031 0.00127888
0 0.441406 0.513281 0.01875 0.120312 0.0012598
0 0.282861 0.978125 0.252246 0.04375 0.00118828
0 0.636719 0.0950195 0.01875 0.171289 0.00117874
0 0.295898 0.972266 0.220703 0.0554687 0.00116062
0 0.956641 0.198486 0.0867188 0.0874023 0.00114727
1 0.68125 0.929297 0.548437 0.141406 0.00112915
0 0.569531 0.914844 0.748438 0.16875 0.00111198
0 0.925 0.062793 0.025 0.125586 0.00110722
0 0.552344 0.260156 0.228125 0.144531 0.00110722
0 0.612109 0.241016 0.102344 0.0816406 0.00107288
0 0.812109 0.0888672 0.375781 0.177734 0.00106907
0 0.0422852 0.914453 0.0845703 0.171094 0.00106049
0 0.826758 0.129297 0.346484 0.258594 0.00104809
1 0.565527 0.938281 0.77832 0.123438 0.00103188
0 0.603906 0.157813 0.104687 0.0613281 0.00102806
0 0.860937 0.71875 0.278125 0.325 0.00102806
0 0.627734 0.0883057 0.0132813 0.172217 0.00100803
0 0.211719 0.598437 0.423438 0.310937 0.879883
0 0.799805 0.726172 0.341016 0.277344 0.853027
0 0.421191 0.308008 0.37793 0.279297 0.847656
0 0.534375 0.094043 0.25625 0.177539 0.786621
0 0.8 0.099585 0.276563 0.187549 0.782227
0 0.113574 0.329297 0.227148 0.272656 0.756348
0 0.255273 0.104199 0.259766 0.196289 0.73877
0 0.627344 0.49375 0.328125 0.2375 0.728516
0 0.454297 0.71875 0.334375 0.254687 0.705078
0 0.874219 0.927734 0.245312 0.144531 0.595703
0 0.226367 0.919922 0.363672 0.160156 0.580566
0 0.856836 0.342578 0.286328 0.314063 0.530273
0 0.817383 0.343164 0.215234 0.298047 0.291016
0 0.898438 0.559375 0.196875 0.117969 0.27832
0 0.979297 0.764063 0.0414063 0.178125 0.226807
0 0.0727539 0.12146 0.145508 0.154736 0.0891113
0 0.978906 0.763281 0.0421875 0.178125 0.072876
0 0.0426758 0.925781 0.0853516 0.148438 0.0518494
0 0.739844 0.10459 0.154687 0.186133 0.0507202
0 0.594141 0.911719 0.334375 0.176563 0.0477905
0 0.56875 0.0991211 0.176563 0.183789 0.0446777
0 0.097168 0.793555 0.194336 0.134766 0.0433655
1 0.255273 0.104199 0.259766 0.196289 0.0433655
0 0.846875 0.0913818 0.190625 0.173096 0.0417786
1 0.423047 0.308203 0.375781 0.278125 0.0385437
0 0.211523 0.103418 0.169531 0.19082 0.033844
1 0.210352 0.599219 0.415234 0.304688 0.0321655
1 0.535156 0.0938721 0.259375 0.17749 0.0282135
1 0.8 0.099585 0.276563 0.187549 0.0271759
1 0.454297 0.71875 0.334375 0.254687 0.0230713
1 0.625 0.49375 0.31875 0.239844 0.0226288
1 0.226367 0.919922 0.363672 0.160156 0.0195007
1 0.801367 0.728125 0.337891 0.278125 0.0189819
1 0.113574 0.329297 0.227148 0.272656 0.0183411
1 0.898438 0.559375 0.196875 0.117969 0.0173798
0 0.0988281 0.602344 0.194531 0.307813 0.0156021
1 0.871094 0.927344 0.251563 0.145313 0.0150757
0 0.929688 0.209375 0.140625 0.106641 0.0140076
0 0.0246338 0.900781 0.0492676 0.198437 0.0119171
0 0.613281 0.282617 0.109375 0.177734 0.0112915
0 0.777344 0.304883 0.19375 0.227734 0.011116
1 0.0727539 0.12146 0.145508 0.154736 0.00978088
0 0.194775 0.925 0.272168 0.15 0.00871277
0 0.976562 0.789258 0.046875 0.258984 0.00784302
0 0.305078 0.922656 0.189844 0.154687 0.00757599
1 0.855469 0.340234 0.289062 0.325 0.00706482
0 0.0125977 0.855664 0.0251953 0.288672 0.00706482
0 0.0298584 0.921875 0.0597168 0.15625 0.00636292
0 0.127441 0.801562 0.254883 0.115625 0.0050621
0 0.292969 0.102637 0.200781 0.167383 0.00502014
1 0.979297 0.764063 0.0414063 0.178125 0.0049057
0 0.542969 0.921875 0.285937 0.15625 0.0049057
0 0.916406 0.4125 0.1625 0.175781 0.00481033
1 0.817383 0.343164 0.215234 0.298047 0.0046463
0 0.925 0.373633 0.15 0.255078 0.00443268
1 0.978906 0.763281 0.0421875 0.178125 0.00388527
0 0.0682617 0.789844 0.136523 0.13125 0.00319672
0 0.927344 0.5625 0.145313 0.117188 0.00291252
0 0.411621 0.514453 0.123633 0.130469 0.00288963
0 0.152539 0.925 0.194141 0.15 0.00287819
0 0.572656 0.514453 0.2125 0.177344 0.00284576
1 0.0426758 0.925781 0.0853516 0.148438 0.00259018
1 0.594141 0.911719 0.334375 0.176563 0.00221634
1 0.929688 0.212842 0.140625 0.111035 0.00219917
0 0.553125 0.284766 0.16875 0.178125 0.00209045
1 0.097168 0.793555 0.194336 0.134766 0.0020504
0 0.546777 0.921484 0.462695 0.157031 0.00188255
0 0.0052124 0.117773 0.0104248 0.235547 0.00176811
0 0.402734 0.738281 0.21875 0.196875 0.00173378
0 0.982813 0.7375 0.03125 0.203125 0.00152493
0 0.478516 0.0917969 0.146094 0.176172 0.0015192
0 0.61875 0.892969 0.265625 0.15 0.0014782
0 0.983594 0.124805 0.0296875 0.0814453 0.00146675
0 0.335547 0.302539 0.210156 0.269141 0.00140476
0 0.915625 0.925 0.16875 0.15 0.00137806
0 0.913281 0.273389 0.173438 0.213379 0.00137234
0 0.887109 0.540625 0.225781 0.151562 0.00134563
0 0.94375 0.214453 0.1125 0.126563 0.00127888
1 0.739844 0.10459 0.154687 0.186133 0.00124454
0 0.468359 0.935156 0.688281 0.129688 0.00123501
0 0.921875 0.578125 0.15625 0.0859375 0.00122547
0 0.978906 0.820312 0.0421875 0.314063 0.00115108
0 0.938281 0.938281 0.123438 0.123438 0.0011158
0 0.539941 0.930859 0.599805 0.138281 0.0011158
0 0.262305 0.917188 0.272266 0.14375 0.00110722
0 0.975781 0.191602 0.0484375 0.124609 0.00101185
0 0.801367 0.723047 0.322266 0.272656 0.898926
0 0.205469 0.598828 0.410937 0.311719 0.896973
0 0.446973 0.304346 0.413867 0.288184 0.884277
0 0.632422 0.487402 0.311719 0.233008 0.878906
0 0.118066 0.323438 0.231055 0.269531 0.868652
0 0.857031 0.337842 0.282813 0.325879 0.865723
0 0.256982 0.102148 0.252441 0.204297 0.841797
0 0.807617 0.100977 0.272266 0.201953 0.817383
0 0.533203 0.0923828 0.238281 0.183594 0.791992
0 0.460547 0.720312 0.307031 0.253125 0.787109
0 0.237842 0.917578 0.318848 0.164844 0.762695
0 0.891406 0.925781 0.2125 0.148438 0.76123
0 0.117285 0.790625 0.231836 0.132812 0.603027
0 0.903125 0.553906 0.190625 0.114063 0.507812
0 0.0725586 0.113965 0.145117 0.143555 0.504883
0 0.381152 0.298779 0.29082 0.283691 0.161621
0 0.648047 0.901563 0.261719 0.196875 0.130981
0 0.0415039 0.924219 0.0830078 0.151562 0.123779
0 0.5625 0.485156 0.189063 0.20625 0.106506
0 0.976953 0.770312 0.0460938 0.190625 0.104126
0 0.50625 0.907812 0.196875 0.184375 0.0968628
0 0.437109 0.754687 0.270312 0.170312 0.0951538
0 0.564844 0.0902344 0.170312 0.180469 0.0859985
0 0.929688 0.202734 0.13125 0.101172 0.0632324
0 0.929688 0.229297 0.1375 0.145703 0.0629272
0 0.0734375 0.789062 0.143359 0.128125 0.0539856
0 0.650781 0.483496 0.207813 0.229883 0.0499573
0 0.54375 0.930469 0.272656 0.139062 0.0460205
1 0.80918 0.0982422 0.272266 0.196484 0.0411377
1 0.256299 0.100781 0.253809 0.201562 0.037323
1 0.532031 0.0910156 0.240625 0.18125 0.035614
0 0.500781 0.946875 0.198437 0.10625 0.0352173
1 0.801562 0.720312 0.320312 0.278125 0.0340271
1 0.070752 0.114551 0.139746 0.12793 0.0323486
1 0.131445 0.787695 0.260547 0.124609 0.03125
1 0.233594 0.91875 0.332031 0.1625 0.0298767
0 0.140039 0.79668 0.241406 0.109766 0.0265045
0 0.158594 0.932422 0.200781 0.135156 0.0263062
1 0.9 0.555859 0.19375 0.114844 0.0259552
0 0.980469 0.761719 0.0390625 0.160938 0.0252686
0 0.423438 0.507031 0.0851562 0.10625 0.0249939
0 0.654688 0.895312 0.20625 0.175 0.0228882
0 0.00228271 0.923437 0.00456543 0.15 0.021286
1 0.444531 0.30083 0.414062 0.281152 0.0200958
1 0.896875 0.925 0.203125 0.15 0.0197906
0 0.00227051 0.490625 0.00454102 0.0921875 0.0192719
0 0.576563 0.291406 0.1625 0.226562 0.0191193
0 0.00224609 0.0677734 0.00449219 0.0791016 0.0189819
0 0.106836 0.563281 0.200391 0.239063 0.0189056
1 0.471191 0.716406 0.285742 0.254687 0.018692
0 0.00231934 0.11897 0.00463867 0.143701 0.0184021
0 0.684766 0.4875 0.211719 0.21875 0.0184021
0 0.00229492 0.0927979 0.00458984 0.0944824 0.0173035
0 0.933984 0.558984 0.132031 0.116406 0.0168457
0 0.00241699 0.173438 0.00483398 0.117578 0.0167236
1 0.118359 0.323047 0.228516 0.272656 0.016098
1 0.857031 0.33125 0.28125 0.340625 0.0147324
0 0.00234375 0.876562 0.0046875 0.1125 0.0145035
1 0.204688 0.595312 0.409375 0.310937 0.0141754
0 0.00228271 0.209424 0.00456543 0.0866211 0.013588
1 0.638672 0.488184 0.305469 0.231445 0.0132217
0 0.980859 0.769531 0.0382813 0.165625 0.0131683
0 0.0022583 0.6125 0.0045166 0.125 0.0126724
0 0.0568848 0.783008 0.11377 0.118359 0.0126266
0 0.721094 0.258984 0.096875 0.132031 0.0122375
0 0.00235596 0.766406 0.00471191 0.104687 0.0115967
0 0.7375 0.234766 0.125 0.0859375 0.0108566
0 0.735156 0.254492 0.121875 0.113672 0.0104065
0 0.481641 0.91875 0.178906 0.1625 0.0103683
0 0.00234375 0.310156 0.0046875 0.133594 0.0103302
0 0.00205078 0.250781 0.00410156 0.135156 0.0100098
0 0.00240479 0.8125 0.00480957 0.167187 0.00974274
0 0.946875 0.198633 0.10625 0.0929687 0.00926971
0 0.00239258 0.338867 0.00478516 0.135547 0.00898743
0 0.00219727 0.576953 0.00439453 0.144531 0.00891876
0 0.00205078 0.421875 0.00410156 0.08125 0.0085144
0 0.00246582 0.0371094 0.00493164 0.0742188 0.00837708
0 0.00229492 0.740625 0.00458984 0.117188 0.00796509
0 0.417285 0.488281 0.0966797 0.0765625 0.00787354
0 0.951953 0.552344 0.0960938 0.110937 0.00757599
1 0.0409668 0.925 0.0819336 0.15 0.00748825
0 0.981641 0.739844 0.0367187 0.11875 0.00740433
0 0.00231934 0.364844 0.00463867 0.142969 0.00723267
0 0.368359 0.262695 0.249219 0.208984 0.0068779
0 0.984375 0.751562 0.03125 0.132812 0.00669098
0 0.0584473 0.0931641 0.116895 0.0943359 0.00666809
0 0.978125 0.653516 0.0421875 0.0710938 0.00631332
0 0.00256348 0.0291016 0.00512695 0.0582031 0.00614548
0 0.423828 0.206689 0.358594 0.0772461 0.00609589
0 0.965625 0.326953 0.06875 0.129688 0.00566483
0 0.00214844 0.403223 0.00429688 0.11543 0.00564194
0 0.854883 0.102148 0.174609 0.204297 0.0055542
0 0.788281 0.266992 0.171875 0.181641 0.00544739
0 0.186279 0.693359 0.367285 0.1 0.00534439
0 0.9875 0.811719 0.025 0.1125 0.00526047
0 0.0020874 0.649219 0.0041748 0.128125 0.0051384
0 0.967969 0.35 0.0640625 0.13125 0.00503922
0 0.899219 0.216992 0.195312 0.124609 0.00500107
1 0.929688 0.202734 0.13125 0.101172 0.00482941
0 0.00224609 0.710938 0.00449219 0.0921875 0.00468063
0 0.0020752 0.528125 0.00415039 0.123438 0.00450516
0 0.973437 0.647656 0.053125 0.071875 0.00446701
0 0.101147 0.3875 0.195361 0.142969 0.00439835
0 0.961719 0.210352 0.075 0.0980469 0.00403976
0 0.970312 0.445312 0.059375 0.107813 0.00399017
1 0.976953 0.770312 0.0460938 0.190625 0.00397491
0 0.12793 0.536719 0.251172 0.173438 0.00385475
0 0.0429199 0.907812 0.0858398 0.1125 0.00385475
0 0.244141 0.889063 0.298438 0.121875 0.00382423
0 0.310937 0.567969 0.209375 0.245312 0.00379562
0 0.650781 0.85625 0.332812 0.0828125 0.00379562
0 0.964844 0.293359 0.0703125 0.0960938 0.00367928
0 0.456348 0.772266 0.332617 0.128906 0.00362206
0 0.969922 0.400098 0.0601562 0.151367 0.00362206
0 0.0020752 0.684375 0.00415039 0.11875 0.00352478
0 0.0943359 0.0170898 0.108594 0.0341797 0.00349617
0 0.984375 0.726172 0.03125 0.102344 0.00346947
0 0.594922 0.953906 0.314844 0.0921875 0.00317192
0 0.5125 0.969531 0.223438 0.0609375 0.00312424
0 0.976562 0.814062 0.046875 0.103125 0.00309944
0 0.982813 0.725781 0.034375 0.245312 0.0029583
0 0.467578 0.745703 0.357031 0.186719 0.00293541
0 0.865625 0.541406 0.1375 0.090625 0.00287819
0 0.992188 0.660937 0.015625 0.0796875 0.00282288
0 0.633594 0.941797 0.278125 0.116406 0.00277901
0 0.88125 0.418066 0.234375 0.15918 0.00276756
0 0.0763672 0.197852 0.152734 0.1 0.00273705
0 0.992969 0.526172 0.0140625 0.0898438 0.00271416
1 0.074707 0.788281 0.142188 0.125 0.00266266
0 0.980469 0.114648 0.0390625 0.0964844 0.00259018
0 0.0923828 0.537891 0.178516 0.169531 0.00258064
0 0.978125 0.104126 0.04375 0.112061 0.00256157
0 0.964063 0.928125 0.071875 0.140625 0.0024929
0 0.123926 0.589844 0.237305 0.2875 0.00248146
0 0.8125 0.785742 0.353125 0.131641 0.00245285
0 0.992969 0.647656 0.0140625 0.0875 0.00243378
0 0.828906 0.323096 0.209375 0.303809 0.00242424
0 0.500391 0.304492 0.3125 0.259766 0.00242424
0 0.538281 0.961719 0.260938 0.0765625 0.00231361
0 0.0438477 0.891406 0.0876953 0.096875 0.00229645
0 0.864844 0.388184 0.270312 0.22207 0.00226974
0 0.996094 0.370313 0.0078125 0.0898438 0.00225258
0 0.996094 0.349023 0.0078125 0.0925781 0.00221634
0 0.962109 0.545313 0.0757812 0.157813 0.00214005
0 0.892969 0.537891 0.214062 0.157813 0.00210762
0 0.995313 0.244336 0.009375 0.0917969 0.00209999
0 0.995313 0.29375 0.009375 0.0929687 0.00209999
0 0.996875 0.217578 0.00625 0.096875 0.00208282
0 0.0458496 0.938281 0.0807617 0.121875 0.00206757
0 0.994922 0.585156 0.0101562 0.0734375 0.00203514
0 0.896875 0.382031 0.1875 0.234375 0.00203514
0 0.99375 0.491406 0.0125 0.0765625 0.00201988
0 0.994531 0.466406 0.0109375 0.08125 0.00199509
0 0.966406 0.760156 0.034375 0.154687 0.00191879
0 0.592188 0.8625 0.335938 0.0921875 0.00189686
0 0.0828125 0.243359 0.162305 0.119531 0.00188255
0 0.994531 0.542188 0.0109375 0.09375 0.00188255
0 0.990625 0.83125 0.01875 0.071875 0.00186729
0 0.9875 0.0735352 0.025 0.122852 0.00186729
0 0.995703 0.319922 0.00859375 0.0976562 0.00186729
1 0.929688 0.229297 0.1375 0.145703 0.00184631
0 0.965625 0.591406 0.065625 0.0585938 0.00184631
0 0.994531 0.272852 0.0109375 0.0851562 0.00183868
0 0.99375 0.193555 0.0125 0.0875 0.00183868
0 0.978516 0.0344727 0.0429688 0.0689453 0.00183868
0 0.003479 0.0169678 0.00695801 0.0339355 0.0018177
0 0.0546387 0.227344 0.109277 0.084375 0.0018177
0 0.9875 0.099585 0.025 0.109033 0.00179577
0 0.714844 0.276953 0.0703125 0.167187 0.00178909
0 0.994531 0.394141 0.0109375 0.0929687 0.00176811
0 0.958594 0.890625 0.0828125 0.08125 0.00176811
0 0.0496094 0.108203 0.0992187 0.120312 0.00176811
0 0.9875 0.692578 0.025 0.0851562 0.00175476
0 0.978906 0.0657227 0.0421875 0.123242 0.00174141
0 0.965625 0.276953 0.06875 0.0773437 0.0015974
0 0.995313 0.892187 0.009375 0.084375 0.00150108
0 0.739062 0.703125 0.20625 0.30625 0.0014782
0 0.994531 0.946875 0.0109375 0.103125 0.00144386
0 0.817969 0.258984 0.201562 0.163672 0.00141048
0 0.714063 0.717969 0.1625 0.267188 0.00140476
0 0.995313 0.564844 0.009375 0.096875 0.00139427
1 0.00228271 0.923437 0.00456543 0.15 0.00137806
0 0.375781 0.558594 0.103125 0.23125 0.00137234
0 0.0576172 0.0175293 0.115234 0.0350586 0.00135612
0 0.965625 0.541016 0.0671875 0.096875 0.00134563
0 0.991797 0.8625 0.0164062 0.059375 0.00133514
0 0.503906 0.632422 0.19375 0.0945313 0.00133038
0 0.951563 0.335547 0.09375 0.173438 0.00131989
0 0.98125 0.696094 0.0375 0.0953125 0.00131989
0 0.9125 0.308545 0.16875 0.304785 0.00131512
0 0.75625 0.228906 0.164062 0.0726563 0.00131512
0 0.08125 0.248242 0.160156 0.383203 0.00129414
0 0.489062 0.0889648 0.157813 0.17168 0.0012598
0 0.926562 0.684375 0.128125 0.329688 0.00124454
0 0.213672 0.48125 0.427344 0.0765625 0.00124454
0 0.994531 0.619531 0.0109375 0.0796875 0.00119686
0 0.0944336 0.41416 0.188867 0.0966797 0.00119209
0 0.0331299 0.926562 0.0662598 0.140625 0.00118828
0 0.979297 0.125684 0.0414063 0.0798828 0.00118828
0 0.408496 0.361328 0.392383 0.164062 0.00118828
0 0.549219 0.042981 0.2875 0.0823975 0.00116539
0 0.299609 0.284033 0.140234 0.29834 0.00116539
0 0.935938 0.585156 0.125 0.071875 0.00116062
0 0.948438 0.224414 0.103125 0.144141 0.00116062
0 0.959375 0.36875 0.078125 0.248437 0.00116062
0 0.994531 0.421875 0.0109375 0.1 0.00109005
0 0.722656 0.300977 0.0929687 0.233984 0.00108147
0 0.994922 0.444922 0.0101562 0.0953125 0.00106525
1 0.648047 0.901563 0.261719 0.196875 0.00106525
0 0.799219 0.800781 0.325 0.1 0.00104809
0 0.864258 0.233252 0.271484 0.142871 0.00104046
1 0.00231934 0.11897 0.00463867 0.143701 0.00103664
0 0.996094 0.924219 0.0078125 0.107813 0.00103188
0 0.96875 0.462891 0.059375 0.078125 0.00100803
0 0.420312 0.299414 0.373437 0.284766 0.891113
0 0.803125 0.720312 0.335938 0.28125 0.885742
0 0.20957 0.592969 0.419141 0.30625 0.867676
0 0.630469 0.486621 0.325 0.23457 0.854492
0 0.856055 0.360156 0.281641 0.278125 0.851074
0 0.460547 0.710547 0.311719 0.253906 0.842285
0 0.805469 0.0942383 0.278125 0.188477 0.803711
0 0.114258 0.320312 0.226562 0.270312 0.768555
0 0.530078 0.0927734 0.253125 0.185547 0.76416
0 0.257471 0.0947266 0.259277 0.189453 0.731934
0 0.225977 0.9125 0.355078 0.167187 0.710449
0 0.871875 0.921094 0.251563 0.151562 0.695312
0 0.0772461 0.789258 0.15293 0.137109 0.264404
0 0.90625 0.504687 0.175 0.221875 0.103943
0 0.978125 0.762109 0.04375 0.177344 0.100525
0 0.595703 0.917188 0.378906 0.15625 0.0980835
0 0.926562 0.208398 0.14375 0.105859 0.0943604
0 0.141602 0.788867 0.275391 0.131641 0.0856934
0 0.0706543 0.109277 0.141309 0.165039 0.0809326
0 0.9 0.550781 0.19375 0.128125 0.0263519
0 0.983984 0.763672 0.0320312 0.169531 0.0176392
0 0.64375 0.904688 0.254687 0.176563 0.0150757
0 0.102734 0.578125 0.200781 0.28125 0.0146713
1 0.257471 0.0947266 0.259277 0.189453 0.0109863
1 0.530859 0.0933594 0.252344 0.186719 0.0108566
0 0.572656 0.940625 0.420312 0.109375 0.00959778
0 0.990625 0.0849365 0.01875 0.162549 0.00933838
1 0.804688 0.0927734 0.276563 0.185547 0.00857544
0 0.047168 0.91875 0.0943359 0.15625 0.00812531
1 0.460547 0.710547 0.311719 0.253906 0.00621796
0 0.986719 0.811719 0.0265625 0.0984375 0.00538635
1 0.113477 0.322461 0.226172 0.283203 0.00511932
0 0.496777 0.929688 0.54707 0.128125 0.0049057
0 0.980078 0.773438 0.0398437 0.25625 0.00475693
0 0.991406 0.115405 0.0171875 0.145752 0.00429916
0 0.988281 0.832812 0.0234375 0.08125 0.00367928
0 0.992188 0.257812 0.015625 0.128125 0.00349617
1 0.613281 0.489844 0.279687 0.242188 0.00346947
0 0.991406 0.680078 0.0171875 0.230469 0.00341606
1 0.856445 0.344336 0.287109 0.311328 0.00333786
1 0.926562 0.208398 0.14375 0.105859 0.00323486
1 0.228125 0.914062 0.355469 0.164062 0.00317192
0 0.991016 0.292188 0.0179687 0.128125 0.00312424
0 0.765625 0.276758 0.179688 0.195312 0.00309944
0 0.990234 0.715625 0.0195312 0.24375 0.00291252
0 0.975781 0.125 0.0484375 0.09375 0.00286674
0 0.990625 0.901563 0.01875 0.1375 0.00277901
0 0.990625 0.220508 0.01875 0.136328 0.00264168
0 0.991797 0.647266 0.0164062 0.1625 0.00261116
0 0.984766 0.738281 0.0304688 0.257812 0.00256157
1 0.866992 0.921875 0.262891 0.15 0.00253105
0 0.979688 0.793945 0.040625 0.177734 0.00248146
1 0.800195 0.721094 0.333984 0.2875 0.00234222
1 0.417871 0.299609 0.375195 0.283594 0.00227928
0 0.990234 0.150684 0.0195312 0.118164 0.00225258
0 0.0827881 0.035498 0.154736 0.0709961 0.00204277
0 0.978906 0.723437 0.0421875 0.23125 0.0019722
0 0.990625 0.944531 0.01875 0.10625 0.00188923
0 0.992188 0.582812 0.015625 0.120312 0.00172043
0 0.990625 0.1875 0.01875 0.111328 0.00171375
0 0.623438 0.276172 0.0851562 0.182812 0.00167465
0 0.350391 0.299219 0.235938 0.278906 0.00166798
0 0.990625 0.542969 0.01875 0.126563 0.00161648
0 0.819531 0.335742 0.2125 0.311328 0.00161076
0 0.978906 0.683594 0.0421875 0.240625 0.00152493
0 0.992188 0.501562 0.015625 0.15 0.00141048
0 0.96875 0.102637 0.0625 0.13457 0.00134563
0 0.991406 0.312891 0.0171875 0.128125 0.00124931
0 0.990625 0.99375 0.01875 0.0125 0.00123978
0 0.991406 0.960547 0.0171875 0.0789063 0.00123024
1 0.141602 0.788867 0.275391 0.131641 0.0012064
0 0.929688 0.285547 0.134375 0.122656 0.00120163
0 0.989844 0.973828 0.0203125 0.0523437 0.00118351
1 0.20957 0.592969 0.419141 0.30625 0.00112057
0 0.576172 0.976562 0.386719 0.046875 0.00111198
0 0.988281 0.764063 0.0234375 0.275 0.0011034
0 0.417188 0.911719 0.634375 0.15625 0.00109863
0 0.960156 0.051709 0.0796875 0.103418 0.00107288
0 0.798437 0.719922 0.339063 0.280469 0.916016
0 0.858203 0.333545 0.283594 0.329785 0.893066
0 0.210742 0.594141 0.414453 0.311719 0.884277
0 0.415234 0.303711 0.378906 0.281641 0.878418
0 0.810156 0.0973633 0.278125 0.184961 0.860352
0 0.63125 0.487109 0.325 0.235938 0.852051
0 0.529688 0.0918945 0.254687 0.176367 0.842773
0 0.262549 0.0993164 0.274902 0.189258 0.842773
0 0.454297 0.713672 0.328125 0.263281 0.821777
0 0.227539 0.917188 0.358203 0.165625 0.784668
0 0.114648 0.324219 0.226953 0.274219 0.782227
0 0.873828 0.928125 0.252344 0.14375 0.754883
0 0.905078 0.55 0.189844 0.134375 0.312256
0 0.137402 0.792383 0.274414 0.140234 0.167725
0 0.929688 0.204639 0.140625 0.0969727 0.136597
0 0.0731445 0.119824 0.146289 0.156445 0.125122
0 0.630469 0.253516 0.078125 0.121094 0.119202
0 0.761719 0.0989258 0.195312 0.194336 0.0903931
0 0.617969 0.902344 0.321875 0.195312 0.0476074
0 0.467285 0.297461 0.279492 0.257422 0.0281677
0 0.613281 0.245898 0.110937 0.120703 0.0253754
0 0.98125 0.786719 0.0375 0.198437 0.0207977
1 0.261523 0.0978516 0.273828 0.183203 0.014389
0 0.610156 0.0980469 0.0984375 0.186328 0.0113297
1 0.529688 0.0943115 0.257812 0.178564 0.0108185
1 0.417578 0.302734 0.38125 0.280469 0.0102463
0 0.569141 0.095874 0.182812 0.190283 0.01017
1 0.810156 0.0973633 0.278125 0.184961 0.0100555
0 0.303125 0.917188 0.198437 0.159375 0.00989532
0 0.578906 0.922656 0.395312 0.154687 0.00955963
0 0.521484 0.301172 0.16875 0.25 0.00955963
0 0.591406 0.211719 0.154687 0.059375 0.00888062
1 0.458594 0.715625 0.325781 0.259375 0.00821686
0 0.665625 0.910937 0.214062 0.178125 0.00796509
0 0.976562 0.758984 0.046875 0.207031 0.00746155
1 0.857617 0.331445 0.284766 0.343359 0.00701141
0 0.592188 0.246289 0.154687 0.126172 0.00619125
1 0.627344 0.489062 0.326562 0.235938 0.00619125
0 0.0428711 0.921875 0.0857422 0.15625 0.00612259
0 0.88457 0.525391 0.230859 0.191406 0.00609589
1 0.231201 0.914844 0.347754 0.170312 0.00503922
1 0.115039 0.323242 0.228516 0.280078 0.00500107
0 0.193604 0.932813 0.28623 0.134375 0.00486755
1 0.213281 0.59375 0.411719 0.315625 0.00432968
1 0.799219 0.719141 0.339063 0.286719 0.00418091
0 0.7125 0.268359 0.0796875 0.120312 0.00382423
0 0.522656 0.935938 0.376563 0.126563 0.00340271
0 0.898438 0.548047 0.203125 0.0960938 0.00275803
0 0.633984 0.276563 0.071875 0.174219 0.00261116
0 0.432031 0.521875 0.0671875 0.121875 0.00234222
1 0.929688 0.205078 0.140625 0.0996094 0.00230598
0 0.9 0.405566 0.2 0.19043 0.00226021
0 0.684375 0.490234 0.220313 0.227344 0.00212479
0 0.928125 0.248633 0.14375 0.193359 0.00209999
1 0.869922 0.928125 0.260156 0.14375 0.00200272
0 0.309375 0.592969 0.21875 0.295312 0.00186729
0 0.26875 0.58125 0.301562 0.26875 0.00183868
0 0.724219 0.104883 0.115625 0.186328 0.00176144
0 0.424609 0.509375 0.104687 0.132031 0.0017271
0 0.109766 0.364648 0.219531 0.194922 0.0015974
0 0.600781 0.222656 0.132812 0.078125 0.00157928
0 0.624609 0.10061 0.071875 0.177295 0.00138855
0 0.561719 0.267383 0.0882813 0.162891 0.00136662
1 0.0731445 0.119824 0.146289 0.156445 0.00119209
0 0.905469 0.0867188 0.0859375 0.161328 0.0011158
0 0.704297 0.262109 0.0601562 0.0984375 0.00105667
0 0.418359 0.303516 0.38125 0.274219 0.883789
0 0.215234 0.59375 0.422656 0.304688 0.878906
0 0.858008 0.334033 0.283984 0.325684 0.873535
0 0.801562 0.721875 0.328125 0.275 0.863281
0 0.113672 0.322266 0.225391 0.271094 0.833008
0 0.456934 0.714844 0.32207 0.248437 0.819824
0 0.262549 0.0984375 0.268652 0.190234 0.816895
0 0.629687 0.489453 0.320312 0.230469 0.815918
0 0.532812 0.093335 0.251563 0.181299 0.804199
0 0.809375 0.0958984 0.278125 0.185547 0.80127
0 0.229248 0.917188 0.354004 0.164062 0.729492
0 0.875391 0.926562 0.249219 0.146875 0.672363
0 0.0708984 0.121118 0.141797 0.16167 0.374756
0 0.586719 0.907031 0.373437 0.185937 0.294189
0 0.902344 0.55625 0.195312 0.120312 0.269775
0 0.933594 0.210107 0.132812 0.113379 0.189575
0 0.116602 0.79375 0.225391 0.134375 0.0445862
0 0.301953 0.91875 0.200781 0.1625 0.0290833
1 0.809375 0.0958984 0.278125 0.185547 0.0176392
1 0.456934 0.714844 0.32207 0.248437 0.0162201
1 0.418359 0.303076 0.382031 0.273535 0.0146713
1 0.533594 0.094165 0.25 0.181201 0.0116882
0 0.575781 0.09375 0.171875 0.182422 0.00831604
0 0.832617 0.317773 0.241016 0.281641 0.00748825
1 0.2625 0.09646 0.266406 0.186768 0.00653839
0 0.628906 0.259375 0.0742188 0.103906 0.00631332
1 0.620313 0.485547 0.307813 0.232031 0.00446701
1 0.229248 0.917188 0.354004 0.164062 0.00441742
1 0.113086 0.325 0.226172 0.272656 0.00352478
1 0.857031 0.33042 0.285937 0.337598 0.00319672
0 0.623438 0.255664 0.090625 0.150391 0.00313568
0 0.715234 0.272461 0.084375 0.138672 0.00304031
0 0.842383 0.0886719 0.205859 0.172266 0.00290108
0 0.0421875 0.920313 0.084375 0.157813 0.00284576
1 0.212109 0.59375 0.416406 0.304688 0.00277901
0 0.426562 0.510938 0.09375 0.126563 0.00269318
0 0.649609 0.90625 0.261719 0.184375 0.00261116
0 0.152051 0.571875 0.296289 0.258594 0.00252151
0 0.934375 0.251611 0.13125 0.197559 0.00251198
0 0.896875 0.257471 0.20625 0.21084 0.0024929
0 0.5375 0.915625 0.276563 0.165625 0.00232315
1 0.932813 0.208203 0.134375 0.108203 0.00231361
1 0.0734863 0.119824 0.146973 0.15957 0.00209999
1 0.801562 0.721875 0.328125 0.275 0.00203514
1 0.905078 0.554688 0.189844 0.125 0.00194168
0 0.980469 0.771875 0.0390625 0.19375 0.00175476
0 0.609375 0.242578 0.115625 0.127734 0.00150108
1 0.872656 0.926562 0.254687 0.14375 0.00129414
0 0.882422 0.224219 0.235156 0.133594 0.00126457
0 0.979297 0.745703 0.0414063 0.244531 0.00121117
0 0.794531 0.286328 0.204688 0.214062 0.00116539
1 0.591016 0.905078 0.377344 0.189844 0.00113392
0 0.98125 0.770703 0.0375 0.230469 0.00105667
0 0.922656 0.925 0.154687 0.15 0.00103664
0 0.722656 0.250586 0.0976562 0.0988281 0.00103188
0 0.801758 0.721875 0.337109 0.28125 0.873535
0 0.210938 0.596875 0.417188 0.307813 0.865234
0 0.857031 0.332227 0.285937 0.333203 0.845703
0 0.630469 0.488672 0.320312 0.234375 0.840332
0 0.41875 0.305078 0.382031 0.280469 0.827637
0 0.805469 0.0993896 0.275 0.194971 0.827148
0 0.458984 0.716406 0.317969 0.254687 0.803711
0 0.533594 0.0943359 0.25625 0.184766 0.794434
0 0.113477 0.326172 0.224609 0.274219 0.788574
0 0.258643 0.0998047 0.26709 0.197266 0.779785
0 0.233594 0.91875 0.348437 0.1625 0.753418
0 0.880469 0.922656 0.239063 0.154687 0.699219
0 0.903906 0.554688 0.192188 0.120312 0.488281
0 0.616797 0.904688 0.325781 0.190625 0.238647
0 0.140332 0.791406 0.268945 0.134375 0.231567
0 0.0717285 0.123242 0.143457 0.161328 0.177246
0 0.0864258 0.79082 0.161328 0.140234 0.132324
0 0.898438 0.221533 0.203125 0.137402 0.0682983
0 0.54375 0.917188 0.301562 0.160938 0.0542908
0 0.0412598 0.920703 0.0825195 0.158594 0.0399475
0 0.925781 0.225 0.148438 0.135547 0.0334778
0 0.376172 0.00471191 0.223438 0.00942383 0.0118713
0 0.494922 0.920313 0.223438 0.151562 0.0112915
0 0.665625 0.00509033 0.253125 0.0101807 0.00941467
0 0.13584 0.576563 0.260352 0.265625 0.00728989
0 0.417188 0.511719 0.0976562 0.129688 0.00634003
1 0.880469 0.922656 0.239063 0.154687 0.0055542
0 0.441797 0.0892578 0.08125 0.171875 0.00496292
0 0.472656 0.090918 0.135937 0.17832 0.00457382
0 0.928125 0.00339355 0.14375 0.00678711 0.00418091
1 0.535547 0.0927734 0.247656 0.185156 0.00362206
0 0.590234 0.485938 0.244531 0.198437 0.00348282
1 0.259717 0.0990234 0.261035 0.198047 0.00319672
0 0.173438 0.510938 0.295312 0.142188 0.00319672
0 0.879687 0.250195 0.240625 0.192969 0.00288963
0 0.496484 0.496484 0.0648438 0.149219 0.00261116
0 0.712891 0.00477295 0.225781 0.0095459 0.00261116
0 0.627344 0.00397949 0.267188 0.00795898 0.00253105
1 0.903906 0.554688 0.192188 0.120312 0.00251198
0 0.879687 0.003479 0.16875 0.00695801 0.0024929
0 0.307617 0.00598145 0.246484 0.0119629 0.00247192
0 0.415723 0.00432129 0.20918 0.00864258 0.00227928
0 0.177734 0.0118896 0.355469 0.0237793 0.00222588
0 0.757812 0.0999023 0.190625 0.195117 0.0020504
0 0.114819 0.00466309 0.199268 0.00932617 0.00203514
0 0.107617 0.287305 0.20625 0.198828 0.00203514
1 0.114648 0.326953 0.220313 0.272656 0.00189686
1 0.467871 0.714844 0.29707 0.254687 0.00178909
1 0.419141 0.30293 0.380469 0.280078 0.00160408
0 0.628906 0.281641 0.0734375 0.174219 0.0015974
0 0.173438 0.795313 0.200781 0.109375 0.00158501
0 0.567187 0.00645752 0.214062 0.012915 0.00155449
0 0.563672 0.996094 0.235156 0.0078125 0.00153637
1 0.625391 0.489062 0.317969 0.2375 0.00153065
1 0.213867 0.596094 0.412891 0.307813 0.00149536
1 0.0725098 0.122363 0.142871 0.159961 0.00148392
0 0.292969 0.917188 0.226562 0.165625 0.00142097
0 0.950781 0.0644043 0.0984375 0.128809 0.00139904
0 0.770312 0.00982666 0.328125 0.0196533 0.00139904
0 0.41875 0.757422 0.251563 0.164844 0.00138283
0 0.846094 0.00628662 0.189063 0.0125732 0.00138283
0 0.978125 0.696094 0.04375 0.190625 0.00137806
0 0.960547 0.0179199 0.0789063 0.0358398 0.00137806
0 0.85 0.542578 0.109375 0.105469 0.00129414
0 0.15 0.00441895 0.211719 0.00883789 0.00127888
1 0.235156 0.916016 0.345313 0.167969 0.00119686
1 0.140332 0.791406 0.268945 0.134375 0.00118351
0 0.515625 0.995313 0.23125 0.009375 0.00115108
0 0.515625 0.497266 0.1 0.172656 0.00112057
1 0.636719 0.905469 0.284375 0.189063 0.00109863
0 0.437402 0.00743408 0.34707 0.0148682 0.00106525
0 0.090332 0.00866699 0.180664 0.017334 0.00102043
0 0.210547 0.596094 0.414062 0.307813 0.858398
0 0.8 0.720703 0.33125 0.283594 0.842285
0 0.416016 0.305859 0.371875 0.275781 0.837402
0 0.80293 0.100024 0.272266 0.187451 0.835938
0 0.534375 0.0958008 0.253125 0.183398 0.803711
0 0.855469 0.332471 0.282813 0.328809 0.797363
0 0.625781 0.488281 0.317187 0.234375 0.797363
0 0.256836 0.0976807 0.261328 0.187451 0.749023
0 0.457129 0.714063 0.324805 0.257812 0.748535
0 0.227539 0.916797 0.347266 0.166406 0.740234
0 0.113379 0.322656 0.216992 0.275781 0.630859
0 0.873438 0.926172 0.25 0.147656 0.544922
0 0.903125 0.552344 0.19375 0.124219 0.223389
0 0.0712402 0.79375 0.136426 0.13125 0.197388
0 0.0744141 0.116309 0.144336 0.166602 0.13208
0 0.116504 0.785937 0.232617 0.145313 0.0974121
0 0.595312 0.910156 0.359375 0.176563 0.0343628
0 0.982422 0.766406 0.0351562 0.182812 0.03125
0 0.0440918 0.916406 0.084668 0.167187 0.0239563
1 0.625391 0.488379 0.321094 0.232617 0.0199127
0 0.98125 0.755469 0.0375 0.239063 0.0197906
0 0.928906 0.208594 0.142188 0.108594 0.0183411
1 0.473437 0.712109 0.285937 0.257031 0.0176392
1 0.417578 0.305664 0.371094 0.276953 0.0109024
1 0.257227 0.0998047 0.260547 0.187891 0.00841522
0 0.510938 0.928906 0.204688 0.140625 0.00812531
1 0.80293 0.100024 0.272266 0.187451 0.0078125
1 0.228516 0.916797 0.347656 0.166406 0.00757599
0 0.157617 0.926562 0.208203 0.146875 0.0064621
1 0.534375 0.0958008 0.253125 0.183398 0.00643921
0 0.477344 0.925 0.151562 0.146875 0.00638962
0 0.12334 0.596484 0.240039 0.299219 0.00559998
0 0.925 0.239893 0.146875 0.172559 0.00518036
0 0.988281 0.757812 0.0234375 0.214062 0.00486755
1 0.801367 0.722656 0.331641 0.278125 0.00419998
0 0.71875 0.262891 0.0890625 0.133984 0.00337601
1 0.855469 0.332471 0.282813 0.328809 0.00316048
1 0.114844 0.321289 0.224219 0.279297 0.0030632
0 0.0767578 0.595312 0.149023 0.289062 0.00291252
0 0.149902 0.785937 0.270117 0.123438 0.00288963
0 0.541406 0.492188 0.154687 0.185937 0.0027256
0 0.982422 0.751172 0.0351562 0.188281 0.00259018
1 0.2125 0.598047 0.410937 0.310156 0.00259018
0 0.629297 0.272656 0.075 0.15625 0.00258064
1 0.874219 0.925 0.245312 0.15 0.00223351
0 0.401563 0.733594 0.2125 0.207813 0.0017004
1 0.0744141 0.116309 0.144336 0.166602 0.00159168
0 0.571875 0.999219 0.207813 0.0015625 0.00157356
0 0.523438 1 0.204688 0 0.00138855
0 0.900391 0.00141602 0.199219 0.00283203 0.00136662
0 0.375391 0.00683594 0.357031 0.0136719 0.00127411
0 0.112402 0.00871582 0.224805 0.0174316 0.0012064
0 0.98125 0.705078 0.0375 0.150781 0.00117397
1 0.903125 0.552344 0.19375 0.124219 0.0011425
0 0.286719 0.302344 0.138281 0.260938 0.00107288
0 0.899219 0 0.201562 0 0.00103188
0 0.209375 0.598828 0.414844 0.311719 0.917969
0 0.800195 0.723047 0.333984 0.275781 0.912109
0 0.855469 0.333008 0.28125 0.333984 0.878906
0 0.4125 0.305469 0.367188 0.28125 0.874512
0 0.800781 0.0996094 0.275 0.19375 0.860352
0 0.626953 0.486816 0.317969 0.238867 0.85791
0 0.457812 0.717969 0.325 0.25625 0.839355
0 0.112305 0.325391 0.222656 0.274219 0.831055
0 0.528906 0.0965088 0.248437 0.188232 0.82666
0 0.222852 0.917969 0.351953 0.164062 0.793945
0 0.255127 0.0990234 0.260059 0.196484 0.79248
0 0.87168 0.923828 0.250391 0.152344 0.71875
0 0.898438 0.551562 0.203125 0.127344 0.296631
0 0.589063 0.90625 0.367188 0.1875 0.138184
0 0.0709961 0.123535 0.141992 0.161133 0.0794678
0 0.132617 0.787305 0.262891 0.141016 0.0651245
0 0.0763672 0.792188 0.149219 0.134375 0.0451965
1 0.222266 0.917969 0.350781 0.164062 0.02211
1 0.4125 0.305469 0.367188 0.28125 0.0177155
1 0.458594 0.714063 0.315625 0.260938 0.0170441
0 0.926562 0.206982 0.14375 0.106348 0.0167847
1 0.801562 0.0972656 0.275 0.194531 0.0159607
1 0.255273 0.1 0.261328 0.2 0.0158997
1 0.856055 0.336133 0.287891 0.327734 0.0134811
1 0.625781 0.488672 0.314063 0.2375 0.0128708
1 0.527344 0.0946289 0.253125 0.189258 0.0127716
0 0.87207 0.222266 0.249609 0.135937 0.00967407
0 0.979688 0.764844 0.040625 0.203125 0.00734711
1 0.870117 0.924219 0.253516 0.151562 0.00679779
1 0.111133 0.324609 0.221094 0.272656 0.00631332
1 0.798242 0.722656 0.334766 0.279687 0.00516129
0 0.982813 0.761719 0.034375 0.207813 0.00471878
1 0.211719 0.596875 0.4125 0.309375 0.00462723
0 0.569531 0.997266 0.225 0.00546875 0.00378036
0 0.907812 0.230273 0.179688 0.152734 0.00309944
0 0.435937 0.998438 0.385938 0.003125 0.003088
1 0.898438 0.551562 0.203125 0.127344 0.00277901
0 0.040332 0.917188 0.0806641 0.165625 0.00230598
0 0.533594 0.997656 0.223438 0.0046875 0.00219917
0 0.5875 0.998828 0.342187 0.00234375 0.00218201
0 0.717969 0.267383 0.0921875 0.155078 0.00182438
0 0.616406 0.269141 0.0953125 0.166406 0.00176811
0 0.496094 0.997266 0.223438 0.00546875 0.00134563
0 0.729688 0.999219 0.342187 0.0015625 0.00117874
0 0.620703 0.997266 0.220313 0.00546875 0.00117874
0 0.209375 0.598828 0.414844 0.311719 0.917969
0 0.800195 0.723047 0.333984 0.275781 0.912109
0 0.855469 0.333008 0.28125 0.333984 0.878906
0 0.4125 0.305469 0.367188 0.28125 0.874512
0 0.800781 0.099707 0.275 0.193945 0.86084
0 0.626953 0.486816 0.317969 0.238867 0.85791
0 0.457812 0.717969 0.325 0.25625 0.839355
0 0.1125 0.325391 0.222656 0.274219 0.831055
0 0.527344 0.0946289 0.253125 0.189258 0.82666
0 0.222852 0.917969 0.351953 0.164062 0.793945
0 0.255127 0.0990234 0.260059 0.196484 0.79248
0 0.87168 0.923828 0.250391 0.152344 0.71875
0 0.898438 0.551562 0.203125 0.127344 0.295898
0 0.589063 0.90625 0.367188 0.1875 0.13916
0 0.0709961 0.123535 0.141992 0.161133 0.0789185
0 0.132617 0.787305 0.262891 0.141016 0.0648804
0 0.0763672 0.792188 0.149219 0.134375 0.0449219
1 0.221924 0.917969 0.350684 0.164062 0.0219421
1 0.4125 0.305469 0.367188 0.28125 0.0176392
1 0.458594 0.714063 0.315625 0.260938 0.016922
0 0.926562 0.206982 0.14375 0.106348 0.0162811
1 0.801562 0.0972656 0.275 0.194531 0.0157776
1 0.25542 0.1 0.261035 0.2 0.0157776
1 0.856055 0.336133 0.287891 0.327734 0.0133286
1 0.625781 0.488672 0.314063 0.2375 0.012825
1 0.527344 0.0946289 0.253125 0.189258 0.0127258
0 0.87207 0.222217 0.249609 0.136035 0.00945282
0 0.979688 0.764844 0.040625 0.203125 0.00734711
1 0.870117 0.924219 0.253516 0.151562 0.00669098
1 0.111035 0.324414 0.220898 0.273047 0.00626373
1 0.799219 0.722656 0.334375 0.279687 0.0051384
0 0.982813 0.761719 0.034375 0.207813 0.00473785
1 0.211719 0.596875 0.4125 0.309375 0.00460815
0 0.569531 0.997266 0.225 0.00546875 0.00376511
0 0.436035 0.998438 0.385742 0.003125 0.00309944
0 0.907812 0.230518 0.18125 0.153027 0.00302696
1 0.898438 0.551562 0.203125 0.127344 0.00276756
0 0.040332 0.917188 0.0806641 0.165625 0.00226974
0 0.533594 0.997656 0.223438 0.0046875 0.00219154
0 0.5875 0.998828 0.342187 0.00234375 0.00218201
0 0.717969 0.267383 0.0921875 0.155078 0.00178909
0 0.616406 0.269141 0.0953125 0.166406 0.00176144
0 0.496094 0.997266 0.223438 0.00546875 0.00134563
0 0.729688 0.999219 0.342187 0.0015625 0.00118351
0 0.620703 0.997266 0.220313 0.00546875 0.00117874
