0 0.538281 0.736719 0.828125 0.526563 0.773926
1 0.414844 0.737109 0.828125 0.525781 0.0552979
0 0.466016 0.266797 0.928906 0.533594 0.0430298
0 0.0859375 0.27207 0.169727 0.544141 0.0115509
0 0.89375 0.664062 0.182812 0.15625 0.0102921
0 0.40127 0.733594 0.589648 0.51875 0.00901794
1 0.466016 0.266797 0.928906 0.533594 0.00746155
0 0.665723 0.758984 0.668555 0.482031 0.00452042
0 0.489844 0.703906 0.979688 0.592188 0.00421524
0 0.9125 0.921875 0.175 0.153125 0.00413513
0 0.096582 0.292383 0.193164 0.584766 0.00383949
0 0.517969 0.782617 0.673437 0.434766 0.00266266
0 0.767969 0.766406 0.464063 0.467187 0.00258064
0 0.85293 0.651172 0.159766 0.170312 0.00247192
1 0.489844 0.703906 0.979688 0.592188 0.00246239
0 0.889844 0.604785 0.220313 0.738867 0.00242424
1 0.89375 0.664062 0.182812 0.15625 0.00221634
0 0.8875 0.480078 0.225 0.489844 0.00209999
1 0.0914062 0.295312 0.182812 0.590625 0.00206757
0 0.0769043 0.227344 0.153809 0.454688 0.0020504
1 0.096582 0.292383 0.193164 0.584766 0.0018177
0 0.106055 0.31582 0.210547 0.626953 0.0018177
0 0.148242 0.323438 0.291406 0.623438 0.00162315
0 0.948438 0.911719 0.103125 0.176563 0.00153637
0 0.0609375 0.117383 0.120508 0.226172 0.0015192
0 0.904688 0.0859375 0.1625 0.165625 0.00144958
0 0.843359 0.0679687 0.313281 0.135937 0.00139427
0 0.075708 0.216797 0.14585 0.433594 0.00138283
0 0.889063 0.689062 0.21875 0.203125 0.00134563
0 0.930859 0.0861328 0.138281 0.166016 0.00131512
0 0.54541 0.0686035 0.77793 0.137207 0.00117874
1 0.843359 0.0679687 0.313281 0.135937 0.00117874
0 0.753516 0.906641 0.492969 0.186719 0.0011692
0 0.343359 0.631641 0.686719 0.736719 0.0011158
0 0.096875 0.412891 0.19375 0.646094 0.0011158
0 0.556348 0.837109 0.562305 0.325781 0.0011158
0 0.482031 0.544531 0.964063 0.910937 0.00106525
0 0.572266 0.090625 0.774219 0.18125 0.00105667
1 0.54541 0.0686035 0.77793 0.137207 0.00104809
0 0.878125 0.778906 0.24375 0.442187 0.00101662
1 0.138672 0.892969 0.277344 0.214062 0.00101185
1 0.453125 0.738281 0.690625 0.523438 0.799316
0 0.657031 0.758203 0.292188 0.477344 0.180054
0 0.458984 0.737891 0.700781 0.524219 0.0460205
1 0.482812 0.426172 0.965625 0.852344 0.00963593
1 0.657031 0.758203 0.292188 0.477344 0.00937653
0 0.685938 0.795313 0.24375 0.407813 0.00390053
0 0.485938 0.333984 0.946875 0.667969 0.00221634
1 0.0702148 0.394531 0.14043 0.789062 0.00174809
1 0.486328 0.296484 0.914844 0.592969 0.00146103
0 0.0702148 0.394531 0.14043 0.789062 0.00121593
0 0.483594 0.452734 0.967188 0.905469 0.00104427
1 0.454004 0.741797 0.716992 0.516406 0.723145
0 0.453809 0.729688 0.714258 0.50625 0.127197
0 0.847656 0.916406 0.290625 0.167187 0.0091629
0 0.604688 0.079126 0.770312 0.152295 0.0078125
0 0.635938 0.749219 0.348437 0.5 0.00720596
0 0.892187 0.0894531 0.215625 0.170703 0.00559998
0 0.89375 0.917578 0.20625 0.164844 0.00418091
0 0.929688 0.760938 0.140625 0.19375 0.00407028
0 0.510938 0.988672 0.270312 0.0226563 0.00352478
1 0.846094 0.91875 0.296875 0.1625 0.00271416
1 0.604688 0.079126 0.770312 0.152295 0.00265312
1 0.635938 0.749219 0.348437 0.5 0.00215721
0 0.639063 0.85918 0.342187 0.281641 0.00185299
0 0.0953125 0.262891 0.190625 0.525781 0.00177479
0 0.517969 0.0635742 0.904688 0.127148 0.0017271
0 0.490625 0.27832 0.953125 0.316797 0.00147247
0 0.709375 0.0865234 0.58125 0.162695 0.00146103
0 0.792188 0.920313 0.409375 0.159375 0.00130463
0 0.95625 0.786133 0.0875 0.146484 0.00125504
0 0.648828 0.0668945 0.702344 0.133789 0.00120163
1 0.735547 0.754687 0.528906 0.460938 0.00119686
0 0.897656 0.740234 0.204688 0.232031 0.00113392
0 0.076709 0.192188 0.153418 0.384375 0.00109863
1 0.462891 0.737891 0.719531 0.524219 0.786133
0 0.463184 0.737891 0.71582 0.519531 0.0559387
0 0.873633 0.915625 0.252734 0.159375 0.0328369
0 0.331641 0.7375 0.444531 0.514063 0.00486755
0 0.969531 0.778906 0.0609375 0.157813 0.00282288
0 0.00217285 0.890625 0.0043457 0.190625 0.00260162
1 0.875195 0.919141 0.246484 0.161719 0.00234985
0 0.301172 0.798047 0.380469 0.403906 0.00194168
1 0.331641 0.7375 0.444531 0.514063 0.00158501
0 0.0020752 0.924219 0.00415039 0.151562 0.00153065
0 0.478516 0.969531 0.752344 0.0609375 0.00139904
0 0.265674 0.754687 0.310059 0.48125 0.00117397
0 0.532422 0.267383 0.847656 0.312109 0.00109863
0 0.856055 0.957031 0.269141 0.0859375 0.00102043
0 0.967188 0.805469 0.065625 0.110937 0.00102043
1 0.465234 0.736719 0.702344 0.526563 0.799316
0 0.46709 0.739062 0.712695 0.521875 0.199341
0 0.663281 0.774609 0.289062 0.442969 0.0843506
0 0.870313 0.915625 0.254687 0.159375 0.0563354
0 0.814844 0.0886719 0.370313 0.177344 0.00309944
0 0.265234 0.741016 0.310156 0.508594 0.00251198
0 0.541406 0.988672 0.328125 0.0226563 0.00248146
0 0.699609 0.747656 0.244531 0.498437 0.00247192
1 0.662109 0.744922 0.291406 0.508594 0.00234985
0 0.0994141 0.380859 0.198828 0.761719 0.00187492
0 0.542969 0.984375 0.310937 0.03125 0.0016613
0 0.990625 0.860937 0.01875 0.128125 0.00157928
0 0.990625 0.899219 0.01875 0.15 0.00150108
1 0.0994141 0.380859 0.198828 0.761719 0.0012064
0 0.991016 0.180469 0.0179687 0.360938 0.00120163
0 0.990625 0.832031 0.01875 0.107813 0.0011692
0 0.989844 0.0914062 0.0203125 0.182812 0.00116539
0 0.521094 0.986719 0.173438 0.0265625 0.00106049
1 0.870313 0.915625 0.254687 0.159375 0.00104046
0 0.898438 0.0894531 0.2 0.178906 0.00102425
0 0.796875 0.95 0.40625 0.090625 0.00100422
0 0.454004 0.7375 0.731055 0.525 0.541016
1 0.458594 0.737109 0.714063 0.525781 0.508789
0 0.534766 0.297266 0.905469 0.449219 0.0324097
0 0.869531 0.917969 0.260938 0.160938 0.0113297
0 0.648438 0.739453 0.323438 0.517969 0.00772476
0 0.421094 0.269141 0.6625 0.434375 0.00365067
0 0.502734 0.0692871 0.911719 0.138574 0.00356483
1 0.534766 0.297266 0.905469 0.449219 0.00349617
0 0.692578 0.767969 0.241406 0.460938 0.00348282
0 0.886719 0.714453 0.226562 0.302344 0.00325966
0 0.882031 0.0905273 0.235938 0.178711 0.00211525
1 0.498047 0.0762207 0.919531 0.152441 0.00156689
0 0.303076 0.812305 0.393848 0.375391 0.00146675
0 0.33125 0.260742 0.479688 0.388672 0.00128937
0 0.521094 0.474219 0.8875 0.75625 0.00113773
1 0.469629 0.7375 0.70918 0.525 0.888184
1 0.554688 0.224414 0.889063 0.448828 0.0424805
0 0.470703 0.734375 0.708594 0.523438 0.0206909
0 0.554688 0.224414 0.889063 0.448828 0.0145035
0 0.889063 0.914062 0.221875 0.16875 0.00203514
0 0.886328 0.0884766 0.227344 0.174609 0.0016489
1 0.555469 0.304102 0.885938 0.479297 0.0012207
1 0.896875 0.778125 0.20625 0.43125 0.0012064
0 0.935156 0.733594 0.129688 0.245312 0.00103664
1 0.464844 0.734766 0.703125 0.530469 0.857422
0 0.875391 0.91875 0.249219 0.1625 0.24292
0 0.465625 0.735937 0.707812 0.526563 0.100159
1 0.868164 0.921094 0.263672 0.157813 0.0117798
0 0.882617 0.0919922 0.234766 0.183984 0.00312424
0 0.491406 0.985937 0.2875 0.028125 0.00287819
1 0.858984 0.717969 0.282031 0.426562 0.00120163
1 0.460938 0.734766 0.6875 0.527344 0.891602
0 0.879492 0.916406 0.234766 0.167187 0.0488586
0 0.464063 0.736719 0.689062 0.526563 0.0240021
0 0.492188 0.0758789 0.839063 0.151758 0.00498199
1 0.505469 0.0777344 0.864062 0.155469 0.00243378
0 0.479688 0.0251953 0.88125 0.0503906 0.0011425
1 0.462402 0.737109 0.718945 0.525781 0.911133
0 0.877344 0.915625 0.240625 0.16875 0.0374756
0 0.461816 0.737891 0.70918 0.524219 0.00831604
1 0.860937 0.915625 0.273438 0.16875 0.00429916
0 0.835156 0.775 0.325 0.45 0.0011692
1 0.462109 0.737109 0.719531 0.525781 0.911133
0 0.877344 0.915625 0.240625 0.16875 0.0379028
0 0.461816 0.737891 0.70918 0.524219 0.00847626
1 0.860742 0.915625 0.272266 0.16875 0.00434875
0 0.835156 0.775 0.325 0.45 0.00116062
