0 0.475 0.557031 0.871875 0.885938 0.67041
1 0.455469 0.517187 0.865625 0.9375 0.212769
0 0.341016 0.570312 0.591406 0.859375 0.067688
0 0.873828 0.732031 0.252344 0.535937 0.0481262
0 0.910156 0.715234 0.179688 0.569531 0.0393372
0 0.792188 0.730859 0.415625 0.538281 0.0195618
0 0.225732 0.583594 0.367285 0.823438 0.00930023
0 0.416504 0.4375 0.64043 0.81875 0.00891876
1 0.873828 0.732031 0.252344 0.535937 0.00854492
1 0.792188 0.730859 0.415625 0.538281 0.00806427
0 0.776172 0.241992 0.447656 0.482422 0.0077858
1 0.910156 0.715234 0.179688 0.569531 0.00698471
0 0.110254 0.215234 0.213086 0.430469 0.00605011
0 0.854492 0.845898 0.291016 0.308203 0.00450516
0 0.419922 0.106055 0.41875 0.212109 0.00445175
0 0.684863 0.282813 0.630273 0.548437 0.00408554
1 0.273242 0.582031 0.462891 0.832812 0.00399017
0 0.746875 0.784766 0.50625 0.430469 0.00363541
1 0.854492 0.845898 0.291016 0.308203 0.00345612
0 0.91875 0.623047 0.1625 0.702344 0.00335121
0 0.433594 0.342969 0.854688 0.642187 0.00331116
0 0.084668 0.236523 0.160547 0.473047 0.00277901
0 0.489844 0.669922 0.970312 0.660156 0.00266266
0 0.838867 0.291992 0.322266 0.562891 0.00258064
0 0.711719 0.696484 0.279687 0.564844 0.00237846
0 0.758594 0.378516 0.482812 0.664844 0.0019722
0 0.0456055 0.542188 0.0912109 0.803125 0.00189686
0 0.152734 0.572656 0.229687 0.807813 0.0018177
0 0.476172 0.10127 0.142969 0.195117 0.00174809
0 0.110156 0.332227 0.210938 0.664453 0.00169373
0 0.449219 0.100806 0.120312 0.194482 0.00168705
0 0.880469 0.35957 0.239063 0.476172 0.00166798
0 0.458984 0.907422 0.141406 0.185156 0.0016613
0 0.134863 0.267578 0.261523 0.535156 0.00151253
0 0.502344 0.10127 0.140625 0.194727 0.00151253
0 0.743359 0.865625 0.513281 0.26875 0.00139427
0 0.578906 0.339063 0.842188 0.653125 0.00139427
0 0.364453 0.103711 0.688281 0.207422 0.00136662
0 0.530078 0.103516 0.422656 0.207031 0.00135136
0 0.149316 0.517187 0.298633 0.91875 0.00134087
0 0.908594 0.325 0.182812 0.514844 0.00133038
0 0.440234 0.739062 0.858594 0.521875 0.00130939
1 0.424316 0.10625 0.457617 0.2125 0.00123501
0 0.489844 0.813086 0.976562 0.373828 0.00121117
0 0.0560547 0.46875 0.112109 0.754687 0.0012064
0 0.530469 0.1 0.128125 0.191797 0.00113392
0 0.572656 0.131543 0.825 0.263086 0.00112915
0 0.834961 0.0394043 0.330078 0.0788086 0.00112057
0 0.384766 0.337109 0.565625 0.649219 0.00109863
0 0.242383 0.364844 0.390234 0.5625 0.00109482
1 0.746875 0.784766 0.50625 0.430469 0.00109005
1 0.0456055 0.542188 0.0912109 0.803125 0.00108147
1 0.743359 0.865625 0.513281 0.26875 0.00104809
0 0.0681641 0.314453 0.136328 0.615625 0.00103664
0 0.442187 0.135937 0.660937 0.271875 0.00102043
0 0.201562 0.243359 0.396875 0.486719 0.00100803
0 0.449219 0.5625 0.840625 0.8625 0.596191
1 0.442187 0.575781 0.840625 0.817187 0.412109
0 0.325977 0.0980469 0.630078 0.196094 0.0935059
0 0.786719 0.266406 0.426562 0.532031 0.0878906
1 0.786719 0.266406 0.426562 0.532031 0.0671997
0 0.784766 0.173047 0.430469 0.346094 0.0201721
0 0.726953 0.64375 0.239844 0.665625 0.0166626
1 0.321289 0.0972656 0.642578 0.194531 0.0151901
1 0.784766 0.173047 0.430469 0.346094 0.0126724
1 0.723437 0.686719 0.248437 0.585938 0.0125275
0 0.746484 0.702344 0.203906 0.54375 0.00445175
0 0.762891 0.380078 0.474219 0.760156 0.00292397
0 0.758203 0.614453 0.180469 0.702344 0.00223351
1 0.736719 0.583594 0.21875 0.728125 0.00193405
1 0.762891 0.380078 0.474219 0.760156 0.00161076
0 0.810742 0.344141 0.372266 0.672656 0.00151253
0 0.728906 0.52041 0.23125 0.756055 0.00149536
0 0.763281 0.108691 0.467187 0.217383 0.00146675
0 0.85957 0.304688 0.277734 0.5875 0.0012846
1 0.749609 0.732813 0.196094 0.489062 0.00118351
1 0.466406 0.571875 0.896875 0.795313 0.538086
0 0.436719 0.579297 0.842188 0.816406 0.226074
0 0.364844 0.0999023 0.729688 0.176758 0.053894
1 0.364844 0.0999023 0.729688 0.176758 0.023819
0 0.782031 0.205078 0.432813 0.400781 0.00948334
0 0.895312 0.351562 0.203125 0.461719 0.00746155
0 0.775195 0.11582 0.449609 0.223828 0.00568771
1 0.782031 0.205078 0.432813 0.400781 0.00482941
0 0.799219 0.276563 0.398438 0.553125 0.00293541
0 0.444629 0.0994141 0.337305 0.182422 0.00273705
0 0.883594 0.286719 0.226562 0.569531 0.00229645
1 0.775195 0.11582 0.449609 0.223828 0.00173378
1 0.799219 0.276563 0.398438 0.553125 0.00132465
0 0.911719 0.779688 0.167187 0.432813 0.00117874
0 0.589844 0.252148 0.203125 0.171484 0.00116062
1 0.889063 0.297266 0.2125 0.567187 0.00106525
0 0.450391 0.580469 0.792969 0.839063 0.582031
1 0.456641 0.550781 0.796094 0.898438 0.452393
0 0.78418 0.188867 0.419141 0.362109 0.037323
0 0.70625 0.106836 0.25625 0.208984 0.0248871
0 0.332031 0.104297 0.573438 0.205469 0.0192719
0 0.116406 0.138184 0.225391 0.269336 0.0156021
0 0.815625 0.306836 0.3625 0.613672 0.00551224
0 0.725391 0.087085 0.310156 0.171924 0.00367928
0 0.746875 0.122656 0.346875 0.238672 0.00332451
0 0.64375 0.339258 0.329688 0.352734 0.0026722
0 0.00195312 0.143457 0.00390625 0.286914 0.00205803
0 0.898438 0.317578 0.2 0.526563 0.00201988
1 0.332031 0.104297 0.573438 0.205469 0.00185299
0 0.10166 0.166602 0.187305 0.333203 0.00168705
1 0.786133 0.230078 0.421484 0.447656 0.00163555
0 0.614062 0.313721 0.25625 0.306152 0.00160408
0 0.970312 0.166797 0.059375 0.144531 0.00157928
0 0.970312 0.261914 0.059375 0.127734 0.00157356
0 0.971094 0.287109 0.0578125 0.124609 0.00156116
0 0.994922 0.396484 0.0101562 0.0953125 0.00144386
0 0.970312 0.408203 0.059375 0.121094 0.00142097
0 0.969531 0.386621 0.0609375 0.123633 0.00141621
0 0.971094 0.313281 0.0578125 0.125 0.00141621
0 0.970312 0.238477 0.059375 0.126953 0.00141621
0 0.994531 0.372656 0.0109375 0.0976562 0.00139904
0 0.994922 0.420312 0.0101562 0.09375 0.00139427
0 0.994531 0.322461 0.0109375 0.0964844 0.00138283
0 0.994531 0.348633 0.0109375 0.0972656 0.00135612
0 0.995313 0.298242 0.009375 0.0964844 0.00135136
0 0.970312 0.213672 0.059375 0.130469 0.00134563
0 0.970312 0.342187 0.059375 0.132812 0.00133514
0 0.995313 0.274219 0.009375 0.0960938 0.00129986
1 0.704687 0.102954 0.251563 0.197217 0.0012598
0 0.256445 0.456934 0.405859 0.551758 0.0012598
1 0.116406 0.138184 0.225391 0.269336 0.00124454
0 0.719141 0.183984 0.286719 0.363672 0.0012064
0 0.995313 0.248828 0.009375 0.0976562 0.00119686
0 0.75 0.312891 0.310937 0.625781 0.00117874
0 0.921875 0.452734 0.153125 0.257031 0.00116539
0 0.988281 0.576563 0.0234375 0.124219 0.0011425
0 0.994922 0.224219 0.0101562 0.0976562 0.00112438
0 0.589844 0.270361 0.200781 0.221777 0.00109482
0 0.971094 0.435156 0.0578125 0.120312 0.00106525
0 0.994531 0.200586 0.0109375 0.1 0.00104809
0 0.994531 0.446094 0.0109375 0.0945313 0.00103664
0 0.582422 0.342578 0.375781 0.361719 0.00103188
1 0.448828 0.561328 0.814844 0.864844 0.622559
0 0.45625 0.557422 0.809375 0.805469 0.430176
0 0.904688 0.417871 0.18125 0.323633 0.0474243
0 0.9 0.358203 0.19375 0.450781 0.0382385
0 0.778906 0.318359 0.442187 0.636719 0.0220337
1 0.778906 0.325195 0.440625 0.650391 0.0152512
0 0.347266 0.0975586 0.609375 0.195117 0.0138474
1 0.353711 0.0972656 0.620703 0.194531 0.00861359
0 0.775 0.190039 0.445312 0.379297 0.00844574
0 0.847656 0.304492 0.298438 0.608984 0.00790405
0 0.9 0.821484 0.190625 0.357031 0.00494385
0 0.88418 0.255859 0.222266 0.511719 0.00348282
1 0.9 0.358203 0.19375 0.450781 0.00302696
1 0.904688 0.417871 0.18125 0.323633 0.00270462
1 0.847656 0.304492 0.298438 0.608984 0.00255013
0 0.753516 0.775781 0.182031 0.426562 0.00252151
0 0.832617 0.216406 0.328516 0.429688 0.00251198
1 0.775 0.190039 0.445312 0.379297 0.0020752
0 0.985156 0.0510254 0.0296875 0.102051 0.0015974
0 0.764453 0.703125 0.164844 0.578125 0.00134563
1 0.428516 0.764453 0.753906 0.471094 0.00134087
0 0.717969 0.772656 0.246875 0.439063 0.00131989
0 0.987891 0.0655762 0.0242187 0.131152 0.00131512
1 0.728906 0.760156 0.229687 0.464063 0.00109482
0 0.907812 0.211914 0.178125 0.416016 0.00106525
1 0.88418 0.255859 0.222266 0.511719 0.00105667
1 0.9 0.821484 0.190625 0.357031 0.00101185
1 0.454688 0.579687 0.825 0.8375 0.639648
0 0.452734 0.584766 0.816406 0.830469 0.282959
0 0.885742 0.336523 0.228516 0.505078 0.0836182
0 0.787305 0.200781 0.425391 0.395312 0.0336609
0 0.860937 0.294922 0.276563 0.589844 0.0336609
1 0.860937 0.294922 0.276563 0.589844 0.0316162
0 0.375781 0.104199 0.528125 0.198633 0.0205688
1 0.787305 0.200781 0.425391 0.395312 0.0132751
1 0.885742 0.336523 0.228516 0.505078 0.011116
1 0.377344 0.105054 0.538281 0.194971 0.0106506
1 0.799219 0.297656 0.401563 0.595312 0.00821686
0 0.799219 0.297656 0.401563 0.595312 0.00698471
0 0.478516 0.101953 0.252344 0.195312 0.00577545
0 0.754687 0.148438 0.360938 0.289844 0.00450516
0 0.344336 0.105371 0.658203 0.210742 0.00399017
0 0.7 0.105078 0.265625 0.201953 0.00251198
1 0.31875 0.764844 0.564062 0.470313 0.00219154
1 0.344336 0.105371 0.658203 0.210742 0.00196457
0 0.914844 0.416797 0.170312 0.326562 0.00153065
1 0.754687 0.148438 0.360938 0.289844 0.00136662
1 0.478516 0.101953 0.252344 0.195312 0.00119209
0 0.101562 0.130273 0.203125 0.257422 0.00109863
0 0.31875 0.764844 0.564062 0.470313 0.00105667
1 0.446973 0.578906 0.793555 0.832812 0.667969
0 0.436719 0.577734 0.804688 0.842969 0.568848
0 0.861914 0.28125 0.276172 0.5625 0.0368958
0 0.813867 0.247852 0.372266 0.495703 0.0215302
0 0.894531 0.310742 0.210938 0.536328 0.00993347
0 0.902344 0.38125 0.195312 0.392969 0.00760651
0 0.866406 0.204688 0.267188 0.409375 0.00431442
1 0.882227 0.290625 0.235547 0.58125 0.00387001
1 0.813867 0.247852 0.372266 0.495703 0.00211525
0 0.6625 0.575781 0.376563 0.804688 0.00152493
1 0.6625 0.575781 0.376563 0.804688 0.00145531
0 0.930078 0.751562 0.139844 0.432813 0.00119209
1 0.440723 0.560156 0.799805 0.860937 0.788086
0 0.45 0.5625 0.809375 0.85 0.209473
0 0.790039 0.17041 0.419922 0.333398 0.0604248
0 0.794336 0.277148 0.411328 0.554297 0.0453491
1 0.515625 0.10459 0.89375 0.20332 0.0279083
0 0.509375 0.101465 0.851562 0.194336 0.0167847
0 0.757031 0.107617 0.348437 0.207422 0.0127716
1 0.794336 0.277148 0.411328 0.554297 0.0118256
0 0.863867 0.29375 0.269141 0.5875 0.0114212
0 0.881641 0.367383 0.236719 0.443359 0.00524139
0 0.501562 0.1 0.25 0.196484 0.00521851
1 0.790039 0.17041 0.419922 0.333398 0.00498199
0 0.83457 0.239648 0.330859 0.479297 0.00473785
1 0.863867 0.29375 0.269141 0.5875 0.00411606
0 0.717969 0.096875 0.246875 0.19375 0.00400543
0 0.615234 0.00322266 0.225781 0.00644531 0.0037365
0 0.733594 0.15293 0.307813 0.297266 0.00335121
1 0.279297 0.566797 0.4625 0.819531 0.00239754
0 0.387891 0.10293 0.658594 0.204297 0.00182438
1 0.207031 0.156641 0.414062 0.307813 0.00181007
0 0.873438 0.00424805 0.232812 0.00849609 0.00136662
0 0.783008 0.00482178 0.299609 0.00964355 0.0012846
1 0.309375 0.150488 0.61875 0.29668 0.00125504
0 0.529688 0.0743164 0.221875 0.144531 0.00118828
0 0.677344 0.00356445 0.23125 0.00712891 0.00112438
0 0.90625 0.453223 0.1875 0.260742 0.0011158
1 0.446484 0.572656 0.807031 0.854688 0.878906
0 0.444141 0.567969 0.807031 0.829687 0.102844
0 0.783203 0.175 0.433594 0.337891 0.0757446
1 0.785937 0.172266 0.428125 0.332031 0.00978088
0 0.90625 0.375391 0.18125 0.416406 0.00370789
0 0.808008 0.286914 0.380859 0.573828 0.00253105
0 0.380566 0.0821289 0.598242 0.155273 0.00214005
0 0.754297 0.143555 0.372656 0.275781 0.00171375
0 0.469531 0.0996094 0.282813 0.189453 0.00128937
0 0.839063 0.19375 0.317187 0.384375 0.00123024
1 0.436328 0.574609 0.819531 0.827344 0.90625
0 0.781055 0.199219 0.431641 0.39375 0.0722656
1 0.781055 0.199219 0.431641 0.39375 0.0262604
0 0.89375 0.367969 0.209375 0.445312 0.0223236
0 0.794531 0.301953 0.403125 0.598437 0.0211182
0 0.438672 0.564453 0.819531 0.811719 0.0167847
0 0.721094 0.093335 0.273438 0.184424 0.0136337
1 0.783008 0.304102 0.430859 0.599609 0.01017
0 0.864062 0.302734 0.265625 0.602344 0.00908661
1 0.864062 0.302734 0.265625 0.602344 0.00255013
0 0.726562 0.168555 0.326562 0.324609 0.00148964
0 0.841992 0.201953 0.306641 0.403906 0.00144958
1 0.877344 0.362695 0.242188 0.451172 0.00134563
1 0.280859 0.772656 0.469531 0.454688 0.00119686
1 0.35293 0.101367 0.584766 0.202734 0.00106049
1 0.436328 0.575 0.819531 0.826563 0.90625
0 0.781055 0.198828 0.431641 0.392969 0.0726318
1 0.781055 0.198828 0.431641 0.392969 0.0261536
0 0.89375 0.367969 0.209375 0.445312 0.0223236
0 0.793555 0.301953 0.403516 0.598437 0.0212097
0 0.438672 0.564453 0.819531 0.811719 0.0166626
0 0.721094 0.093335 0.273438 0.184424 0.0133286
1 0.783008 0.303906 0.430859 0.599219 0.0102463
0 0.864062 0.30293 0.265625 0.601953 0.00905609
1 0.864062 0.30293 0.265625 0.601953 0.00253105
0 0.726562 0.168555 0.326562 0.324609 0.00148964
1 0.87793 0.362891 0.241016 0.451562 0.00134087
1 0.280469 0.772656 0.46875 0.454688 0.0012064
1 0.352734 0.101367 0.585156 0.202734 0.00105667
