1 0.512891 0.496875 0.705469 0.75625 0.786621
0 0.498535 0.496191 0.72168 0.731055 0.122925
1 0.321875 0.494141 0.339844 0.730469 0.00698471
0 0.482812 0.763086 0.965625 0.473828 0.00445175
0 0.5 0.860352 1 0.279297 0.00341606
1 0.482812 0.763086 0.965625 0.473828 0.00335121
0 0.689453 0.767969 0.621094 0.464063 0.00258064
0 0.847461 0.71875 0.305078 0.5625 0.00243378
0 0.935938 0.488965 0.128125 0.79082 0.00216484
0 0.86543 0.247656 0.269141 0.495313 0.00176144
0 0.0802246 0.400391 0.160449 0.800781 0.00169373
1 0.0802246 0.400391 0.160449 0.800781 0.00168133
1 0.5 0.860352 1 0.279297 0.00153637
0 0.925 0.390625 0.15 0.78125 0.00150108
1 0.689453 0.767969 0.621094 0.464063 0.00135136
1 0.935938 0.488965 0.128125 0.79082 0.00133038
0 0.0845703 0.426172 0.169141 0.760156 0.00132465
0 0.782812 0.765039 0.434375 0.469922 0.00131989
1 0.0845703 0.426172 0.169141 0.760156 0.00123978
0 0.809961 0.332422 0.380078 0.664844 0.00123024
0 0.321875 0.494141 0.339844 0.730469 0.00121593
1 0.847461 0.71875 0.305078 0.5625 0.00120163
0 0.897656 0.339453 0.204688 0.678906 0.00116062
1 0.86543 0.247656 0.269141 0.495313 0.00105667
0 0.413281 0.220898 0.746875 0.441797 0.00105286
0 0.834375 0.161816 0.33125 0.323633 0.00104809
1 0.413281 0.220898 0.746875 0.441797 0.00104046
1 0.510156 0.505469 0.695312 0.728125 0.875488
0 0.516797 0.499609 0.716406 0.753906 0.206299
1 0.657812 0.49834 0.445312 0.725195 0.0016489
0 0.657812 0.49834 0.445312 0.725195 0.00148392
0 0.748438 0.494531 0.276563 0.739062 0.00142097
1 0.748438 0.494531 0.276563 0.739062 0.00123501
0 0.508594 0.498828 0.746875 0.724219 0.666504
1 0.525879 0.492969 0.73418 0.729688 0.247314
0 0.633594 0.504785 0.509375 0.718555 0.00255013
1 0.519141 0.499316 0.722656 0.732617 0.536133
0 0.519141 0.499316 0.722656 0.732617 0.472656
0 0.00205078 0.141406 0.00410156 0.224219 0.00441742
0 0.0019043 0.0993164 0.00380859 0.191992 0.00362206
0 0.00202637 0.187109 0.00405273 0.242969 0.00288963
0 0.00205078 0.233203 0.00410156 0.253125 0.00235939
0 0.00202637 0.685547 0.00405273 0.274219 0.00224304
0 0.00200195 0.756641 0.00400391 0.292969 0.00200272
0 0.00202637 0.280273 0.00405273 0.253516 0.00199509
0 0.00202637 0.614844 0.00405273 0.248437 0.00198746
0 0.00202637 0.825781 0.00405273 0.282813 0.00185299
0 0.0020752 0.86875 0.00415039 0.2625 0.00168133
0 0.00197754 0.565625 0.00395508 0.232812 0.00167465
0 0.00202637 0.328125 0.00405273 0.248437 0.0015974
0 0.00195312 0.0618164 0.00390625 0.123633 0.00153637
0 0.00198975 0.514063 0.00397949 0.221875 0.0014267
0 0.00200195 0.378906 0.00400391 0.238281 0.00134087
0 0.00197754 0.460156 0.00395508 0.220313 0.00132465
0 0.305273 0.50459 0.287891 0.720508 0.00107288
0 0.522656 0.489062 0.723437 0.734375 0.57373
1 0.523828 0.498047 0.733594 0.735156 0.560059
0 0.990234 0.0926758 0.0195312 0.185352 0.00110722
0 0.992188 0.361719 0.015625 0.328906 0.00110722
0 0.992188 0.285156 0.015625 0.326562 0.00104427
0 0.992188 0.4375 0.015625 0.332812 0.00102043
1 0.520215 0.499902 0.729883 0.74707 0.57666
0 0.518652 0.495996 0.73457 0.733008 0.521484
0 0.525391 0.497656 0.714844 0.729688 0.702637
1 0.524316 0.498437 0.716992 0.7375 0.287842
1 0.520703 0.495703 0.711719 0.739844 0.715332
0 0.519434 0.496484 0.711133 0.738281 0.211426
1 0.520703 0.501172 0.724219 0.747656 0.767578
0 0.523047 0.499121 0.711719 0.73457 0.167236
1 0.520703 0.499219 0.727344 0.745313 0.82373
0 0.522754 0.497266 0.720117 0.736719 0.09552
1 0.520703 0.499219 0.727344 0.745313 0.822754
0 0.523047 0.497266 0.719531 0.736719 0.0960083
