1 0.526563 0.501562 0.890625 0.996875 0.858887
1 0.368359 0.505078 0.575781 0.989844 0.404541
0 0.368359 0.505078 0.575781 0.989844 0.117981
0 0.485938 0.503125 0.826563 0.99375 0.107788
0 0.526563 0.728906 0.93125 0.542188 0.00834656
0 0.863672 0.116504 0.272656 0.233008 0.00362206
0 0.849023 0.16875 0.301953 0.3375 0.00336266
1 0.534375 0.651465 0.920313 0.69707 0.00328636
1 0.470313 0.339063 0.834375 0.644531 0.00277901
1 0.515625 0.808008 0.921875 0.383984 0.00195694
0 0.462891 0.250586 0.827344 0.483203 0.00179577
0 0.904297 0.741797 0.191406 0.453906 0.00173378
0 0.889063 0.832812 0.221875 0.309375 0.0016489
1 0.902734 0.804883 0.194531 0.333984 0.00156689
1 0.889844 0.749219 0.220313 0.44375 0.00156116
0 0.289844 0.552344 0.465625 0.895312 0.00155449
0 0.114258 0.215234 0.222656 0.430469 0.0014782
0 0.525781 0.858203 0.948438 0.283594 0.00146675
0 0.822852 0.459375 0.354297 0.7875 0.00145531
1 0.849023 0.16875 0.301953 0.3375 0.00144386
0 0.821484 0.235156 0.357031 0.470313 0.0014267
0 0.841016 0.0565918 0.317969 0.113184 0.00129414
1 0.438281 0.2625 0.751562 0.510938 0.00125504
0 0.905469 0.13916 0.189063 0.275586 0.00121593
1 0.876758 0.863867 0.246484 0.272266 0.00118828
0 0.843164 0.7125 0.313672 0.495313 0.00116062
1 0.813867 0.873438 0.372266 0.253125 0.00116062
1 0.863672 0.116504 0.272656 0.233008 0.00112438
0 0.149023 0.245312 0.294922 0.490625 0.00110722
0 0.85 0.317187 0.3 0.626562 0.00107288
1 0.0853516 0.889844 0.170703 0.220313 0.00106525
0 0.0732422 0.272461 0.141016 0.544922 0.00106049
0 0.0626953 0.29375 0.125391 0.5 0.00101662
1 0.825391 0.713672 0.349219 0.514844 0.00100803
1 0.530078 0.501953 0.919531 0.971094 0.878906
0 0.519531 0.502344 0.896875 0.976562 0.0182648
1 0.372852 0.663184 0.633984 0.673633 0.00273705
1 0.287109 0.694922 0.457031 0.605469 0.00104809
1 0.528516 0.506641 0.922656 0.986719 0.681641
0 0.528516 0.506641 0.922656 0.986719 0.0117798
1 0.362109 0.510156 0.625781 0.979688 0.0114212
0 0.0482422 0.464063 0.0964844 0.140625 0.00502014
0 0.0560547 0.866406 0.112109 0.267188 0.00243378
1 0.0563477 0.83125 0.112695 0.3375 0.00225258
1 0.303906 0.541406 0.478125 0.907812 0.00196457
0 0.0369141 0.683594 0.0738281 0.279687 0.00189686
0 0.0515625 0.898438 0.103125 0.203125 0.00131512
0 0.0148926 0.428809 0.0297852 0.231445 0.00127411
1 0.538281 0.510938 0.892187 0.959375 0.900391
0 0.536719 0.511719 0.870313 0.976562 0.0388184
0 0.0513184 0.878906 0.0989258 0.242188 0.00500107
0 0.0347534 0.669531 0.0658447 0.240625 0.00314713
0 0.0500488 0.464063 0.0975586 0.145313 0.00214958
1 0.0513184 0.878906 0.0989258 0.242188 0.00212479
0 0.970703 0.614844 0.0585938 0.278906 0.00206757
1 0.621094 0.19707 0.6 0.378516 0.00200272
0 0.00135498 0.665234 0.00270996 0.222656 0.00175476
0 0.0366333 0.712109 0.0698975 0.266406 0.00167465
0 0.00166016 0.465625 0.00332031 0.13125 0.00157928
0 0.00187988 0.898438 0.00375977 0.196875 0.00157928
0 0.0412598 0.769141 0.0795898 0.249219 0.00156116
0 0.00185547 0.542969 0.00371094 0.1375 0.00145531
0 0.00181885 0.574219 0.0036377 0.1625 0.00141048
0 0.0351562 0.616406 0.06875 0.153125 0.00133514
0 0.970312 0.683594 0.059375 0.195312 0.00123501
0 0.00175781 0.601562 0.00351562 0.142188 0.00115108
0 0.971875 0.736719 0.05625 0.14375 0.00113392
0 0.00172119 0.506641 0.00344238 0.127344 0.00113392
0 0.970312 0.545313 0.059375 0.209375 0.00112438
0 0.00185547 0.430859 0.00371094 0.136719 0.00112057
0 0.992188 0.605469 0.015625 0.110937 0.00109482
0 0.971875 0.795313 0.05625 0.157813 0.00107288
0 0.00168457 0.703516 0.00336914 0.207031 0.00104046
0 0.971875 0.831445 0.05625 0.180859 0.00104046
0 0.992188 0.58125 0.015625 0.110937 0.00101185
0 0.970312 0.506641 0.059375 0.174219 0.00101185
0 0.992188 0.630078 0.015625 0.110156 0.00100803
1 0.516797 0.496094 0.916406 0.960938 0.819336
0 0.527344 0.502344 0.920313 0.967188 0.151001
1 0.905469 0.817969 0.184375 0.275 0.00220871
1 0.252148 0.774219 0.390234 0.451562 0.00198746
0 0.905469 0.817969 0.184375 0.275 0.00118828
1 0.708203 0.284375 0.538281 0.550781 0.00112915
1 0.524609 0.489062 0.900781 0.971875 0.878906
0 0.537109 0.507812 0.925781 0.975 0.0175781
1 0.417188 0.758203 0.715625 0.483594 0.00591278
1 0.271484 0.778125 0.4375 0.44375 0.00160408
1 0.534375 0.507031 0.926562 0.957812 0.917969
0 0.539062 0.500781 0.920313 0.985937 0.0186157
1 0.795508 0.519922 0.408984 0.857031 0.00431442
1 0.528906 0.506641 0.909375 0.953906 0.625
0 0.529688 0.502734 0.90625 0.960156 0.396973
1 0.238281 0.736719 0.358594 0.526563 0.00217438
1 0.251172 0.325781 0.502344 0.651563 0.0012207
1 0.254297 0.658691 0.392188 0.673242 0.00101185
1 0.536719 0.503125 0.91875 0.967188 0.836914
0 0.533594 0.497656 0.910937 0.975 0.161865
1 0.252686 0.716406 0.384473 0.54375 0.00118351
1 0.521094 0.50625 0.945312 0.970312 0.778809
0 0.520703 0.502344 0.927344 0.953125 0.230225
1 0.263086 0.751172 0.408203 0.497656 0.00154877
1 0.521094 0.50625 0.945312 0.970312 0.777344
0 0.520312 0.502344 0.928125 0.953125 0.2323
1 0.263281 0.751172 0.408594 0.497656 0.00154305
