1 0.501562 0.498535 0.461719 0.62793 0.916016
1 0.457422 0.7875 0.914844 0.425 0.0161591
1 0.858984 0.467187 0.282031 0.81875 0.0106506
1 0.446875 0.659375 0.08125 0.142188 0.00806427
0 0.457422 0.7875 0.914844 0.425 0.00787354
1 0.451953 0.695312 0.0960938 0.209375 0.00669098
1 0.517285 0.677344 0.410742 0.290625 0.00579834
1 0.34668 0.6375 0.116016 0.248437 0.00572968
1 0.522266 0.694531 0.125 0.2375 0.00494385
0 0.501562 0.498535 0.461719 0.62793 0.00482941
1 0.592188 0.5125 0.296094 0.614062 0.00466537
0 0.858984 0.467187 0.282031 0.81875 0.00450516
0 0.34668 0.6375 0.116016 0.248437 0.00445175
1 0.482031 0.694531 0.146875 0.23125 0.0042305
0 0.451953 0.695312 0.0960938 0.209375 0.00403976
0 0.444531 0.649219 0.078125 0.125 0.00305176
0 0.474219 0.692969 0.135937 0.228125 0.0029583
1 0.442969 0.677344 0.0796875 0.189063 0.00255013
1 0.542969 0.692187 0.115625 0.242188 0.00243378
1 0.528809 0.587891 0.393945 0.469531 0.0024147
1 0.511328 0.813672 0.977344 0.372656 0.0020504
1 0.566016 0.691406 0.111719 0.242188 0.00203514
0 0.511328 0.813672 0.977344 0.372656 0.00201988
1 0.378516 0.488184 0.2125 0.59707 0.00185299
1 0.680469 0.517578 0.096875 0.453906 0.00176811
1 0.482812 0.727344 0.507031 0.432813 0.0016613
1 0.635938 0.672656 0.110937 0.285937 0.00162888
0 0.517285 0.677344 0.410742 0.290625 0.00151253
1 0.661719 0.657031 0.117969 0.309375 0.00141621
0 0.442969 0.677344 0.0796875 0.189063 0.00139904
0 0.509375 0.700781 0.135937 0.220313 0.00136662
0 0.489453 0.715234 0.157813 0.191406 0.00135612
1 0.679688 0.60625 0.0984375 0.348437 0.00133514
1 0.426562 0.683594 0.0632813 0.209375 0.00132465
1 0.607031 0.689844 0.102344 0.242188 0.00127411
0 0.576172 0.236328 0.190625 0.0976562 0.00122547
1 0.6125 0.6875 0.071875 0.257812 0.00105286
0 0.774805 0.761719 0.450391 0.476562 0.00104809
1 0.828516 0.667871 0.342969 0.623633 0.00100803
1 0.595312 0.284375 0.175 0.180469 0.00100422
1 0.503125 0.494922 0.450781 0.641406 0.903809
1 0.635156 0.5 0.220313 0.646875 0.0026207
1 0.658691 0.491016 0.64668 0.707031 0.00201988
1 0.513281 0.505859 0.474219 0.630469 0.819336
1 0.663281 0.621875 0.132812 0.35 0.0024929
1 0.666406 0.474316 0.154687 0.220117 0.00219917
1 0.496094 0.690625 0.167187 0.228125 0.00182438
0 0.5125 0.508691 0.475 0.63418 0.00115108
1 0.644141 0.653906 0.146094 0.225 0.00108624
1 0.671094 0.575781 0.140625 0.329688 0.00106907
1 0.502344 0.500391 0.45625 0.619531 0.837402
0 0.00203857 0.143652 0.00407715 0.287305 0.00534439
0 0.00195312 0.206641 0.00390625 0.324219 0.00329781
0 0.0019043 0.0919922 0.00380859 0.183984 0.00322342
0 0.00192871 0.279883 0.00385742 0.332422 0.0028553
0 0.00206299 0.850781 0.00412598 0.289062 0.0028553
0 0.00200195 0.778906 0.00400391 0.307813 0.00259018
0 0.00195312 0.705469 0.00390625 0.310937 0.00248146
0 0.00195312 0.63125 0.00390625 0.310937 0.00206757
0 0.00197754 0.351953 0.00395508 0.333594 0.00203514
0 0.00195312 0.555469 0.00390625 0.3125 0.0016489
0 0.00195312 0.426953 0.00390625 0.327344 0.00141048
0 0.503027 0.503125 0.45957 0.625 0.00122547
0 0.00187988 0.0593262 0.00375977 0.118652 0.00106525
0 0.00211182 0.897656 0.00422363 0.204688 0.00104809
1 0.501172 0.507031 0.466406 0.642187 0.897461
0 0.501172 0.507031 0.466406 0.642187 0.00261116
1 0.503125 0.503516 0.467187 0.641406 0.911133
1 0.505469 0.504004 0.4625 0.641992 0.908203
0 0.505469 0.504004 0.4625 0.641992 0.0112
1 0.504004 0.501465 0.462305 0.636133 0.908203
1 0.505566 0.504687 0.463867 0.639063 0.921387
0 0.501953 0.495703 0.459375 0.638281 0.00233269
1 0.50459 0.504785 0.45957 0.637305 0.895996
0 0.50459 0.504785 0.45957 0.637305 0.00184631
1 0.50459 0.505371 0.45957 0.637695 0.896484
0 0.50459 0.505371 0.45957 0.637695 0.00183868
