1 0.467969 0.438281 0.920313 0.85625 0.699219
0 0.464453 0.447656 0.855469 0.845312 0.499023
0 0.325391 0.454297 0.557813 0.838281 0.0488586
1 0.325391 0.454297 0.557813 0.838281 0.0124283
0 0.853906 0.143359 0.292188 0.286719 0.00452042
1 0.853906 0.143359 0.292188 0.286719 0.00407028
0 0.23208 0.430859 0.375684 0.783594 0.0039444
1 0.241064 0.430859 0.392871 0.807031 0.00376511
0 0.880078 0.784375 0.239844 0.360938 0.00374985
0 0.0638184 0.694531 0.12627 0.184375 0.00356483
0 0.817773 0.117383 0.364453 0.234766 0.00329781
1 0.805664 0.212109 0.388672 0.421094 0.00324821
0 0.798828 0.853906 0.402344 0.292188 0.00324821
0 0.877344 0.841602 0.245312 0.316797 0.00322342
0 0.477344 0.737109 0.954687 0.525781 0.00263214
0 0.880469 0.183398 0.239063 0.366797 0.00237846
0 0.805664 0.212109 0.388672 0.421094 0.00231361
1 0.880469 0.183398 0.239063 0.366797 0.00216484
1 0.817773 0.117383 0.364453 0.234766 0.00209999
1 0.839063 0.255469 0.321875 0.500781 0.00194168
0 0.7125 0.856055 0.575 0.287891 0.00189686
0 0.793359 0.14834 0.413281 0.29668 0.00184631
1 0.793359 0.14834 0.413281 0.29668 0.00181007
1 0.477344 0.737109 0.954687 0.525781 0.0017271
1 0.87793 0.735547 0.244141 0.428906 0.00163555
0 0.461719 0.0973877 0.892187 0.148975 0.00162315
0 0.398438 0.850977 0.796875 0.298047 0.00156116
1 0.798828 0.853906 0.402344 0.292188 0.0015192
0 0.0360352 0.379785 0.0720703 0.645117 0.00150681
0 0.458203 0.0432617 0.896094 0.0865234 0.00146675
0 0.857227 0.735547 0.285547 0.464844 0.00137806
1 0.888281 0.36543 0.223438 0.581641 0.00137806
0 0.839063 0.255469 0.321875 0.500781 0.00130939
0 0.280469 0.834375 0.539062 0.33125 0.00128937
0 0.176563 0.85918 0.344531 0.281641 0.00126457
1 0.84375 0.394531 0.3125 0.582812 0.00123978
1 0.904688 0.241406 0.190625 0.425 0.00123501
0 0.475 0.818359 0.95 0.363281 0.00118828
0 0.395312 0.274609 0.7 0.505469 0.00115585
0 0.454688 0.136328 0.867188 0.232031 0.00115108
0 0.0741211 0.661719 0.148242 0.248437 0.00113392
0 0.866406 0.830469 0.254687 0.198437 0.00109863
1 0.870703 0.818555 0.258594 0.362891 0.00109482
0 0.82832 0.0445801 0.343359 0.0891602 0.00107765
0 0.904688 0.241406 0.190625 0.425 0.00106049
0 0.737109 0.0827148 0.525781 0.16543 0.00105667
0 0.0450195 0.285547 0.0900391 0.557031 0.00104809
0 0.492188 0.917578 0.984375 0.164844 0.00104046
1 0.464844 0.311719 0.898438 0.565625 0.00104046
1 0.7125 0.856055 0.575 0.287891 0.00102043
1 0.498047 0.452734 0.932031 0.853906 0.922852
0 0.498047 0.452734 0.932031 0.853906 0.00912476
1 0.0863281 0.432031 0.127734 0.832812 0.00194931
1 0.496875 0.217383 0.91875 0.389453 0.00144386
1 0.489453 0.149023 0.933594 0.251953 0.00115585
1 0.779883 0.457812 0.387109 0.8125 0.00112915
1 0.49375 0.442187 0.95625 0.84375 0.841309
1 0.354688 0.444141 0.614062 0.833594 0.0494995
0 0.0711914 0.649219 0.142383 0.279687 0.00387001
0 0.494922 0.439063 0.957031 0.857813 0.00250244
1 0.0711914 0.649219 0.142383 0.279687 0.00119209
1 0.725781 0.462109 0.479688 0.816406 0.0011034
1 0.514063 0.453125 0.90625 0.8375 0.901855
1 0.522266 0.188232 0.850781 0.329785 0.00831604
0 0.501953 0.458594 0.910156 0.826563 0.00431442
1 0.580859 0.156641 0.713281 0.263281 0.00208282
0 0.00175781 0.164453 0.00351562 0.19375 0.0015974
1 0.637598 0.22793 0.624805 0.384766 0.00139427
0 0.00170898 0.117578 0.00341797 0.183203 0.00125504
0 0.00197754 0.87793 0.00395508 0.219141 0.00117874
0 0.988281 0.596875 0.0234375 0.090625 0.00115108
0 0.989062 0.573438 0.021875 0.084375 0.00112438
0 0.00167236 0.669531 0.00334473 0.221875 0.00108147
0 0.992969 0.465625 0.0140625 0.0859375 0.00106907
0 0.990625 0.545313 0.01875 0.0796875 0.00106525
0 0.989062 0.620313 0.021875 0.096875 0.00104809
0 0.00180664 0.20625 0.00361328 0.199219 0.00104809
0 0.992188 0.489844 0.015625 0.0828125 0.00104046
1 0.510156 0.447266 0.926562 0.849219 0.905762
1 0.513672 0.319727 0.922656 0.591797 0.0679321
0 0.503906 0.436719 0.935938 0.846875 0.0235138
0 0.990234 0.528809 0.0195312 0.411133 0.00202751
1 0.698438 0.446094 0.539062 0.828125 0.00186729
0 0.991797 0.941406 0.0164062 0.117188 0.00177479
1 0.507812 0.44375 0.925 0.853125 0.940918
1 0.496484 0.100708 0.927344 0.173584 0.00327301
0 0.496484 0.100708 0.927344 0.173584 0.00201035
1 0.514453 0.615234 0.935156 0.535156 0.0016489
0 0.507812 0.44375 0.925 0.853125 0.00137234
0 0.0705078 0.655469 0.139648 0.273438 0.00116062
1 0.495313 0.0607422 0.915625 0.121484 0.0011425
1 0.361133 0.642969 0.635547 0.485938 0.00100422
1 0.510156 0.458203 0.926562 0.867969 0.943848
0 0.885742 0.799219 0.228516 0.270312 0.00763702
1 0.518359 0.606641 0.919531 0.542969 0.00148964
0 0.0883789 0.0985352 0.174805 0.195898 0.00139427
0 0.510156 0.458203 0.926562 0.867969 0.0012846
1 0.5125 0.451562 0.890625 0.8625 0.888672
0 0.511328 0.446875 0.892969 0.848437 0.0533142
0 0.892969 0.823633 0.214062 0.233984 0.00955963
0 0.197314 0.839258 0.305371 0.202734 0.00167465
0 0.069043 0.676953 0.137891 0.228906 0.00146103
0 0.229687 0.877344 0.385938 0.123438 0.00111198
1 0.514063 0.455078 0.895312 0.858594 0.922852
0 0.514453 0.448047 0.917969 0.857031 0.0205994
1 0.5 0.451562 0.9375 0.85 0.912598
0 0.501172 0.449219 0.938281 0.846875 0.0196381
0 0.89375 0.798633 0.2125 0.274609 0.00161648
1 0.5 0.451562 0.9375 0.85 0.913086
0 0.501172 0.449219 0.938281 0.846875 0.0195007
0 0.89375 0.798633 0.2125 0.274609 0.00157928
