1 0.493359 0.465234 0.688281 0.617188 0.843262
0 0.47666 0.471777 0.695117 0.631445 0.140869
1 0.907422 0.439844 0.185156 0.815625 0.00616837
1 0.373437 0.461328 0.452344 0.610156 0.0051384
0 0.907422 0.439844 0.185156 0.815625 0.00488663
1 0.867969 0.420996 0.264062 0.758008 0.00379562
0 0.867969 0.420996 0.264062 0.758008 0.00189686
1 0.295703 0.460938 0.297656 0.579687 0.00178909
1 0.471094 0.780273 0.942187 0.439453 0.00150681
0 0.471094 0.780273 0.942187 0.439453 0.00135136
1 0.0815918 0.37959 0.163184 0.74707 0.00130463
0 0.429688 0.667969 0.140625 0.209375 0.0011425
1 0.510156 0.838086 0.967188 0.323828 0.00113773
0 0.812109 0.7125 0.375781 0.571875 0.00112438
1 0.851367 0.289062 0.297266 0.578125 0.00110722
0 0.510156 0.838086 0.967188 0.323828 0.00109863
0 0.858789 0.676953 0.282422 0.633594 0.00108624
0 0.0933594 0.385547 0.186719 0.771094 0.00105667
1 0.487891 0.474219 0.664844 0.621875 0.935547
1 0.375391 0.473828 0.449219 0.607031 0.00664139
1 0.305078 0.467969 0.313281 0.607031 0.00218201
1 0.271094 0.49375 0.542188 0.9875 0.00127411
1 0.707812 0.501172 0.584375 0.791406 0.00116539
1 0.458594 0.772266 0.917188 0.455469 0.00115108
1 0.48291 0.467578 0.69043 0.624219 0.82959
0 0.484375 0.465527 0.684375 0.614258 0.0132217
1 0.481641 0.463965 0.688281 0.625195 0.923828
0 0.483203 0.464453 0.667969 0.617188 0.0213623
0 0.00205078 0.138281 0.00410156 0.211328 0.00411606
0 0.00187988 0.0976318 0.00375977 0.186768 0.00335121
0 0.00200195 0.691406 0.00400391 0.214062 0.00293541
0 0.00202637 0.7375 0.00405273 0.23125 0.00277901
0 0.00198975 0.64375 0.00397949 0.196875 0.00257111
0 0.00200195 0.1875 0.00400391 0.214844 0.00253105
0 0.00200195 0.786133 0.00400391 0.243359 0.00245285
0 0.00202637 0.831445 0.00405273 0.237109 0.00226974
0 0.00200195 0.236279 0.00400391 0.21416 0.00226021
0 0.00200195 0.283594 0.00400391 0.210156 0.00215721
0 0.0020752 0.88125 0.00415039 0.2375 0.00210762
0 0.00195312 0.59375 0.00390625 0.184375 0.00209045
0 0.00196533 0.332422 0.00393066 0.200781 0.00184631
0 0.00195312 0.542188 0.00390625 0.176563 0.00174141
0 0.00194092 0.384375 0.00388184 0.188281 0.00161648
0 0.00192871 0.491016 0.00385742 0.172656 0.0015974
0 0.00192871 0.438184 0.00385742 0.176758 0.00151253
0 0.0019165 0.0609863 0.00383301 0.121973 0.00129986
1 0.49209 0.461816 0.68457 0.626367 0.91748
0 0.49209 0.461816 0.68457 0.626367 0.00746155
0 0.992188 0.397266 0.015625 0.376563 0.0012064
0 0.992188 0.319727 0.015625 0.381641 0.00118828
0 0.990234 0.0923828 0.0195312 0.184766 0.00106907
0 0.991797 0.475391 0.0164062 0.366406 0.00104809
0 0.992188 0.243311 0.015625 0.389941 0.00102043
1 0.488281 0.469434 0.676562 0.633008 0.928223
0 0.4875 0.464453 0.676562 0.628906 0.00450516
1 0.493066 0.462109 0.660742 0.636719 0.874023
0 0.495313 0.463672 0.6625 0.639844 0.0713501
1 0.487891 0.461035 0.660156 0.638867 0.827637
0 0.488672 0.464941 0.669531 0.63418 0.081543
1 0.489746 0.46875 0.667383 0.64375 0.899414
0 0.492969 0.458691 0.660937 0.64668 0.0155411
1 0.485938 0.469141 0.68125 0.630469 0.899414
0 0.488281 0.471094 0.673437 0.634375 0.0120087
1 0.486035 0.469141 0.681055 0.630469 0.899414
0 0.488184 0.471094 0.673633 0.634375 0.0117798
