0 0.510156 0.469141 0.876562 0.683594 0.684082
1 0.485156 0.464844 0.970312 0.689062 0.29834
0 0.483203 0.788867 0.966406 0.422266 0.0704346
1 0.484375 0.769336 0.967188 0.461328 0.0360107
0 0.491406 0.870313 0.982813 0.259375 0.0235138
0 0.399902 0.447266 0.601758 0.646094 0.0196381
1 0.491406 0.870313 0.982813 0.259375 0.0118713
0 0.496094 0.710547 0.942187 0.578906 0.0104523
0 0.841992 0.800586 0.316016 0.398828 0.01017
0 0.318164 0.432031 0.426172 0.603125 0.0037365
1 0.841992 0.800586 0.316016 0.398828 0.00356483
0 0.483594 0.370703 0.967188 0.483594 0.00352478
0 0.311914 0.807813 0.623828 0.384375 0.0030632
0 0.0836914 0.475781 0.167383 0.942187 0.00279045
0 0.316211 0.471484 0.632422 0.942969 0.00270462
0 0.780078 0.851953 0.439844 0.296094 0.00269318
0 0.34668 0.858594 0.693359 0.282813 0.00264168
0 0.250195 0.441406 0.294141 0.538281 0.00237846
0 0.508594 0.666797 0.935938 0.322656 0.00235939
1 0.785937 0.863086 0.428125 0.273828 0.00230598
0 0.845117 0.736719 0.309766 0.498437 0.00222588
0 0.160449 0.500391 0.320898 0.957031 0.00221634
0 0.475 0.289844 0.95 0.475781 0.00218201
0 0.272656 0.87168 0.545313 0.256641 0.00209999
0 0.475781 0.332422 0.951563 0.664844 0.00193405
1 0.34668 0.858594 0.693359 0.282813 0.00181007
0 0.860937 0.117871 0.278125 0.235742 0.00177479
0 0.859375 0.0763672 0.28125 0.152734 0.00168133
0 0.0595703 0.410547 0.119141 0.774219 0.00161648
0 0.917969 0.338867 0.164062 0.603516 0.00157928
0 0.896094 0.398535 0.207813 0.67168 0.00148392
1 0.272656 0.87168 0.545313 0.256641 0.00137806
0 0.0731934 0.939844 0.146387 0.120312 0.00133038
0 0.560938 0.896094 0.834375 0.207813 0.00132465
0 0.0673828 0.525 0.134766 0.85 0.00131512
0 0.25957 0.391797 0.377734 0.653906 0.00128937
0 0.136523 0.886523 0.273047 0.226953 0.00127411
0 0.71875 0.491797 0.4875 0.628906 0.00126457
0 0.469531 0.0987305 0.9375 0.197461 0.00124931
0 0.839063 0.853711 0.321875 0.292578 0.00124454
0 0.899219 0.278125 0.201562 0.542188 0.0012207
0 0.807422 0.104492 0.385156 0.208984 0.00116539
1 0.839063 0.853711 0.321875 0.292578 0.00116062
0 0.465625 0.0696777 0.89375 0.139355 0.00115585
0 0.243359 0.514063 0.486719 0.914062 0.00110722
0 0.0516602 0.939453 0.10332 0.121094 0.00109482
1 0.859375 0.0763672 0.28125 0.152734 0.00108624
1 0.377734 0.807813 0.753125 0.384375 0.00106525
0 0.854102 0.454297 0.291797 0.649219 0.00104427
1 0.136523 0.886523 0.273047 0.226953 0.00101662
0 0.502344 0.472656 0.929688 0.696875 0.770996
1 0.497656 0.470215 0.951563 0.698633 0.376709
0 0.814062 0.5 0.304688 0.617188 0.018692
0 0.736719 0.466406 0.4625 0.6875 0.0175781
0 0.845508 0.540234 0.252734 0.525781 0.00183868
0 0.628906 0.462109 0.664062 0.678906 0.00112438
0 0.511328 0.254492 0.724219 0.256641 0.00104046
0 0.537109 0.458203 0.872656 0.642969 0.889648
1 0.536719 0.471973 0.876562 0.69043 0.0291443
0 0.736328 0.473828 0.449219 0.663281 0.00234222
0 0.751562 0.580078 0.425 0.471094 0.00161648
0 0.527734 0.468359 0.860156 0.682031 0.936523
1 0.528125 0.476562 0.8625 0.696875 0.0388184
0 0.37666 0.47334 0.554492 0.67207 0.00332451
0 0.557422 0.666406 0.764844 0.285937 0.00279045
0 0.991406 0.520312 0.0171875 0.0953125 0.00244331
0 0.992188 0.492969 0.015625 0.0921875 0.00219154
0 0.662109 0.685938 0.557031 0.248437 0.0020504
0 0.520703 0.316602 0.849219 0.373828 0.00177479
0 0.991406 0.539844 0.0171875 0.0921875 0.00156116
0 0.992188 0.460938 0.015625 0.0859375 0.0014782
0 0.00195312 0.409766 0.00390625 0.186719 0.00139904
0 0.325977 0.346289 0.449609 0.416016 0.00129414
0 0.00185547 0.519922 0.00371094 0.155469 0.00122547
0 0.992188 0.442187 0.015625 0.09375 0.00117874
0 0.521875 0.470215 0.9125 0.68457 0.944824
0 0.991406 0.503906 0.0171875 0.242188 0.00176811
0 0.892969 0.817383 0.2 0.321484 0.00174809
0 0.717578 0.651563 0.505469 0.3125 0.00167465
1 0.521875 0.470215 0.9125 0.68457 0.0016613
0 0.910937 0.779883 0.165625 0.383984 0.00141048
0 0.991406 0.914062 0.0171875 0.171875 0.00135612
0 0.9875 0.0899414 0.025 0.179883 0.00130463
0 0.991797 0.826172 0.0164062 0.347656 0.00112915
0 0.763672 0.625391 0.403906 0.367969 0.00102425
0 0.535156 0.468066 0.885938 0.69668 0.911621
0 0.532031 0.0870117 0.892187 0.174023 0.00787354
0 0.535156 0.0590332 0.898438 0.118066 0.00723267
1 0.536719 0.469531 0.889063 0.696875 0.00453949
0 0.882422 0.0758301 0.235156 0.15166 0.00261116
0 0.440234 0.435937 0.677344 0.615625 0.0012846
0 0.528125 0.633984 0.8875 0.358594 0.00124454
0 0.535937 0.46875 0.86875 0.6875 0.915039
0 0.509375 0.0586914 0.890625 0.117383 0.00331116
0 0.500781 0.0413086 0.892187 0.0826172 0.00160408
1 0.535937 0.473828 0.875 0.677344 0.00112057
0 0.534375 0.466406 0.85625 0.690625 0.88623
1 0.5375 0.472754 0.851562 0.685742 0.00106525
0 0.5125 0.973828 0.873438 0.0523437 0.00106049
0 0.530078 0.474219 0.849219 0.696875 0.908203
1 0.533984 0.468848 0.860156 0.69668 0.0069046
0 0.889844 0.0724609 0.21875 0.143555 0.00237846
0 0.504687 0.00859375 0.86875 0.0171875 0.00148964
0 0.507812 0.0500977 0.8625 0.100195 0.00109005
0 0.521484 0.474219 0.872656 0.685938 0.933594
0 0.521484 0.474219 0.872656 0.685938 0.933594
