0 0.535547 0.566504 0.810156 0.613867 0.840332
1 0.492188 0.573828 0.975 0.605469 0.0673218
0 0.489062 0.858594 0.957812 0.282813 0.0256653
0 0.49375 0.903906 0.984375 0.192188 0.0216522
1 0.489062 0.858594 0.957812 0.282813 0.0123825
1 0.49375 0.903906 0.984375 0.192188 0.0111618
0 0.814844 0.870898 0.370313 0.258203 0.00997162
0 0.822266 0.214844 0.355469 0.429688 0.00857544
0 0.751953 0.879102 0.496094 0.241797 0.00496292
0 0.361133 0.470313 0.722266 0.879687 0.00457382
1 0.783594 0.878516 0.432813 0.242969 0.00413513
0 0.410156 0.567187 0.589844 0.601562 0.00378036
0 0.780078 0.179395 0.439844 0.358789 0.00342941
1 0.836328 0.861914 0.327344 0.276172 0.00276756
0 0.833594 0.411719 0.332812 0.823438 0.00258064
0 0.485938 0.480078 0.971875 0.491406 0.002388
0 0.839648 0.824609 0.320703 0.350781 0.00236893
0 0.483984 0.494531 0.967969 0.751562 0.00221634
0 0.388672 0.833203 0.772656 0.333594 0.00219917
0 0.860156 0.0893555 0.270312 0.175977 0.00214005
0 0.857813 0.274609 0.284375 0.549219 0.00201035
0 0.498437 0.779883 0.909375 0.440234 0.00188255
0 0.25625 0.475781 0.5125 0.917188 0.00182438
0 0.896094 0.0951172 0.207813 0.184375 0.00171375
0 0.489062 0.108496 0.96875 0.216992 0.00165462
0 0.15918 0.457422 0.318359 0.900781 0.00137806
0 0.327344 0.480371 0.492969 0.733008 0.00128937
0 0.851172 0.0334961 0.297656 0.0669922 0.00123501
1 0.361133 0.470313 0.722266 0.879687 0.0011692
1 0.388672 0.833203 0.772656 0.333594 0.0011034
0 0.834766 0.761328 0.330469 0.467969 0.00109482
0 0.0984375 0.444141 0.196875 0.842969 0.00108624
0 0.491016 0.151758 0.963281 0.303516 0.00107288
1 0.801172 0.429688 0.397656 0.859375 0.00104809
0 0.542969 0.576953 0.835938 0.616406 0.916016
1 0.5375 0.579004 0.846875 0.616992 0.0389099
0 0.794531 0.584766 0.339063 0.558594 0.0230255
0 0.723828 0.573438 0.477344 0.598437 0.0205231
0 0.896875 0.0772461 0.203125 0.154492 0.00195694
0 0.416406 0.56709 0.590625 0.617383 0.00183868
0 0.54375 0.566406 0.859375 0.632812 0.959473
0 0.545313 0.482129 0.859375 0.435742 0.833984
1 0.547266 0.567578 0.861719 0.611719 0.0114212
0 0.559766 0.385547 0.828906 0.251563 0.00259018
0 0.733594 0.572656 0.454688 0.614062 0.00237846
0 0.535156 0.571875 0.854688 0.615625 0.950195
1 0.535156 0.571875 0.854688 0.615625 0.00712204
0 0.990625 0.564062 0.01875 0.0859375 0.00502014
0 0.3375 0.584766 0.4375 0.583594 0.00432968
0 0.990625 0.589453 0.01875 0.0890625 0.00380898
0 0.991406 0.538281 0.0171875 0.0875 0.00370789
0 0.991406 0.512109 0.0171875 0.090625 0.00284576
0 0.00168457 0.621094 0.00336914 0.115625 0.0026722
0 0.00175781 0.644531 0.00351562 0.10625 0.00251198
0 0.00150146 0.940625 0.00300293 0.096875 0.00245285
0 0.00153809 0.889063 0.00307617 0.1 0.00242424
0 0.990625 0.614844 0.01875 0.090625 0.0024147
0 0.00174561 0.720703 0.00349121 0.127344 0.0024147
0 0.00157471 0.921875 0.00314941 0.115625 0.00233269
0 0.00170898 0.667188 0.00341797 0.120312 0.00223351
0 0.00174561 0.442187 0.00349121 0.115625 0.00219917
0 0.00161133 0.839063 0.00322266 0.103125 0.00211525
0 0.00166016 0.789844 0.00332031 0.10625 0.00209045
0 0.00170898 0.585938 0.00341797 0.104687 0.00209045
0 0.00170898 0.689062 0.00341797 0.119531 0.00209045
0 0.00170898 0.42041 0.00341797 0.131055 0.00205803
0 0.00168457 0.564062 0.00336914 0.115625 0.0020504
0 0.00161133 0.869531 0.00322266 0.11875 0.0019722
0 0.0017334 0.465234 0.0034668 0.125781 0.00192642
0 0.984375 0.579687 0.03125 0.09375 0.00191879
0 0.00174561 0.541016 0.00349121 0.110937 0.00189686
0 0.990625 0.490234 0.01875 0.0960938 0.00187492
0 0.00168457 0.515625 0.00336914 0.126563 0.00183105
0 0.00168457 0.388281 0.00336914 0.119531 0.00175476
0 0.991797 0.64375 0.0164062 0.09375 0.00148392
0 0.260547 0.652734 0.279687 0.432031 0.00143242
0 0.984375 0.602344 0.03125 0.0984375 0.00143242
0 0.00175781 0.3375 0.00351562 0.145313 0.00133038
0 0.521777 0.769531 0.798633 0.24375 0.00131989
0 0.228711 0.665234 0.217969 0.386719 0.00129414
0 0.991016 0.695312 0.0179687 0.0992187 0.00128937
0 0.00200195 0.973437 0.00400391 0.053125 0.0012846
0 0.990625 0.66875 0.01875 0.09375 0.0012598
0 0.991406 0.71875 0.0171875 0.0984375 0.00124454
0 0.00161133 0.955469 0.00322266 0.0890625 0.00115585
0 0.989062 0.470703 0.021875 0.104687 0.00115108
0 0.991797 0.75 0.0164062 0.1 0.00107288
0 0.966406 0.693359 0.0671875 0.105469 0.00103188
0 0.00172119 0.29375 0.00344238 0.167187 0.00103188
0 0.547266 0.572559 0.858594 0.636133 0.969727
0 0.992969 0.544922 0.0140625 0.360938 0.00815582
0 0.991797 0.171484 0.0164062 0.342969 0.00348282
0 0.875 0.84375 0.2375 0.267188 0.00312424
0 0.991406 0.227734 0.0171875 0.360938 0.00269318
0 0.992188 0.488281 0.015625 0.403125 0.00257111
0 0.914062 0.789258 0.1625 0.377734 0.00247192
0 0.509375 0.107715 0.91875 0.21543 0.00244331
0 0.453516 0.615625 0.678906 0.496875 0.00209999
0 0.857813 0.971875 0.267188 0.05625 0.00194168
0 0.840625 0.87207 0.307813 0.212109 0.00166798
0 0.511719 0.164648 0.910937 0.329297 0.00144386
0 0.991016 0.967578 0.0179687 0.0648438 0.00133038
0 1 0.233984 0 0.302344 0.00129414
0 0.780469 0.971875 0.348437 0.05625 0.0012846
0 0.992188 0.314258 0.015625 0.341797 0.00126934
0 0.890625 0.759766 0.190625 0.372656 0.00115108
0 0.991797 0.922656 0.0164062 0.154687 0.00112915
0 1 0.171289 0 0.300391 0.00104809
0 0.992578 0.636719 0.0148437 0.359375 0.00104809
0 0.991406 0.946875 0.0171875 0.10625 0.00101185
0 0.538672 0.570996 0.863281 0.648633 0.946289
0 0.512891 0.0916016 0.938281 0.183203 0.0171814
0 0.519531 0.0470703 0.934375 0.0941406 0.00937653
0 0.540234 0.703125 0.858594 0.367188 0.00526047
0 0.538672 0.065625 0.852344 0.13125 0.00355148
0 0.513281 0.140625 0.960938 0.28125 0.00253105
0 0.762109 0.579297 0.421094 0.594531 0.0020752
0 0.855469 0.567871 0.239063 0.501758 0.00202751
0 0.411328 0.572656 0.599219 0.607813 0.0019722
0 0.525 0.915625 0.878125 0.16875 0.00145531
0 0.599121 0.0368652 0.764258 0.0737305 0.00135136
0 0.529297 0.874219 0.872656 0.251563 0.00131512
0 0.527734 0.953906 0.894531 0.0921875 0.00117397
0 0.459375 0.669531 0.690625 0.41875 0.0011034
0 0.545313 0.565625 0.845312 0.620313 0.950684
0 0.50625 0.0657715 0.925 0.130176 0.00926971
0 0.506641 0.139648 0.925781 0.277734 0.00695801
0 0.515625 0.207471 0.9125 0.383496 0.00252151
0 0.904688 0.0814697 0.190625 0.16167 0.00248146
0 0.501562 0.0446289 0.921875 0.0892578 0.00204277
0 0.416504 0.586621 0.587305 0.583008 0.0015974
0 0.544531 0.750391 0.845312 0.271094 0.00115108
0 0.539844 0.574219 0.839063 0.632812 0.893555
0 0.897656 0.0811523 0.204688 0.162305 0.00411606
0 0.695703 0.602441 0.542969 0.560742 0.00156116
0 0.53125 0.722656 0.846875 0.334375 0.00122547
0 0.536328 0.572656 0.827344 0.626562 0.932129
0 0.685156 0.0766602 0.629687 0.15332 0.00234985
0 0.522656 0.0633789 0.915625 0.126758 0.00223351
0 0.526563 0.0202148 0.907812 0.0404297 0.00156689
0 0.885938 0.0810547 0.225 0.162109 0.00141048
0 0.673047 0.573828 0.585156 0.617969 0.00104427
0 0.537891 0.575 0.853906 0.63125 0.959473
0 0.537891 0.575 0.853906 0.63125 0.959473
