0 0.478906 0.596973 0.889063 0.576367 0.834961
0 0.467969 0.462109 0.935938 0.894531 0.0444336
0 0.340625 0.583984 0.644531 0.555469 0.0402527
1 0.467969 0.615234 0.935938 0.583594 0.021698
0 0.715625 0.885742 0.56875 0.228516 0.0151291
0 0.21875 0.577734 0.407813 0.536719 0.00828552
0 0.476562 0.928516 0.953125 0.142969 0.00800323
0 0.468359 0.824219 0.910156 0.351562 0.00631332
0 0.795313 0.882031 0.409375 0.235938 0.00547028
0 0.471875 0.179785 0.94375 0.35957 0.00441742
1 0.719531 0.888281 0.560938 0.223438 0.00395966
1 0.476562 0.928516 0.953125 0.142969 0.00383949
1 0.468359 0.824219 0.910156 0.351562 0.00314713
1 0.478125 0.485156 0.90625 0.965625 0.00286674
0 0.340234 0.834961 0.676562 0.330078 0.00268364
0 0.470313 0.7375 0.904688 0.525 0.00242424
0 0.474219 0.108008 0.948438 0.216016 0.0024147
1 0.470313 0.7375 0.904688 0.525 0.00156116
0 0.834766 0.869727 0.330469 0.260547 0.00155449
0 0.822656 0.270312 0.354688 0.489844 0.00144386
1 0.340234 0.834961 0.676562 0.330078 0.00141621
0 0.985937 0.541016 0.028125 0.396094 0.00138855
1 0.474219 0.164453 0.948438 0.328906 0.0012846
0 0.840234 0.428125 0.319531 0.809375 0.00127888
0 0.89375 0.932031 0.209375 0.135937 0.00121117
0 0.983594 0.520996 0.0328125 0.537695 0.00116062
0 0.853516 0.0397461 0.292969 0.0794922 0.00115585
0 0.476172 0.0606445 0.924219 0.121289 0.00113773
0 0.786719 0.219141 0.426562 0.438281 0.00108147
0 0.612109 0.89375 0.775781 0.2125 0.00103188
1 0.853516 0.0397461 0.292969 0.0794922 0.00102806
0 0.155664 0.820117 0.305859 0.359766 0.00102043
0 0.94375 0.455859 0.1125 0.691406 0.00101185
0 0.0390625 0.502246 0.078125 0.52207 0.00101185
1 0.826758 0.882812 0.346484 0.234375 0.00100422
1 0.477344 0.6125 0.90625 0.596875 0.492188
0 0.470703 0.604297 0.886719 0.586719 0.311523
0 0.759375 0.638379 0.3625 0.529492 0.00703812
1 0.759375 0.638379 0.3625 0.529492 0.00392914
0 0.68125 0.632031 0.503125 0.54375 0.00156116
0 0.326953 0.596484 0.605469 0.577344 0.00143814
0 0.806055 0.646484 0.272266 0.475781 0.00112057
0 0.474219 0.608594 0.917188 0.596875 0.861328
1 0.474219 0.608594 0.917188 0.596875 0.101746
0 0.704687 0.620703 0.45625 0.575781 0.0165863
0 0.7 0.705469 0.46875 0.401563 0.00109863
0 0.313672 0.971484 0.627344 0.0570313 0.00109863
0 0.476953 0.608691 0.900781 0.57168 0.770996
1 0.473437 0.614453 0.89375 0.575781 0.256836
0 0.231055 0.601562 0.415234 0.56875 0.00919342
0 0.00227051 0.571484 0.00454102 0.144531 0.00296974
0 0.00239258 0.598437 0.00478516 0.132812 0.00264168
0 0.00233154 0.628125 0.00466309 0.134375 0.0024147
0 0.00214844 0.652344 0.00429688 0.134375 0.00203514
0 0.140527 0.970312 0.281055 0.059375 0.00175476
0 0.472656 0.823242 0.895312 0.175391 0.00165462
0 0.158398 0.971875 0.316797 0.05625 0.00158501
0 0.00177002 0.531641 0.00354004 0.153906 0.00139904
0 0.00192871 0.677344 0.00385742 0.129688 0.00138855
0 0.00192871 0.89375 0.00385742 0.10625 0.00137806
0 0.00183105 0.0441406 0.00366211 0.0882813 0.00131512
0 0.00166016 0.939062 0.00332031 0.121875 0.00109482
0 0.00178223 0.870313 0.00356445 0.148438 0.00104046
0 0.485938 0.604785 0.934375 0.585742 0.902832
1 0.484375 0.608691 0.93125 0.587305 0.0333252
0 0.617578 0.627441 0.644531 0.581055 0.00408554
0 0.71875 0.662891 0.439063 0.492969 0.00301552
0 0.991797 0.893359 0.0164062 0.213281 0.00198746
0 0.85293 0.610156 0.172266 0.551562 0.00196457
0 0.991797 0.217627 0.0164062 0.386621 0.00184631
0 0.499219 0.0763672 0.923437 0.152734 0.00142097
0 0.886719 0.975781 0.225 0.0484375 0.00138855
0 0.991406 0.852734 0.0171875 0.294531 0.00134563
0 0.991406 0.6875 0.0171875 0.46875 0.00131512
0 0.991797 0.35542 0.0164062 0.371191 0.0012598
0 0.991797 0.939453 0.0164062 0.121094 0.00122547
0 0.990625 0.967188 0.01875 0.065625 0.00104046
0 0.991406 0.154297 0.0171875 0.308594 0.00102425
0 0.495313 0.600879 0.946875 0.612305 0.885742
1 0.4875 0.605859 0.928125 0.600781 0.0310822
0 0.512891 0.157617 0.921094 0.315234 0.0100098
0 0.519141 0.0593262 0.911719 0.118652 0.00521851
1 0.512891 0.157617 0.921094 0.315234 0.00382423
0 0.485938 0.325781 0.928125 0.651563 0.00312424
1 0.485938 0.325781 0.928125 0.651563 0.00214958
0 0.870313 0.630469 0.15 0.417188 0.00193405
1 0.519141 0.0593262 0.911719 0.118652 0.00184631
0 0.484375 0.428809 0.925 0.481445 0.00136185
0 0.480078 0.603516 0.907031 0.582031 0.894043
1 0.477344 0.607031 0.901563 0.592188 0.0634766
0 0.498437 0.0692383 0.934375 0.138477 0.00162888
0 0.477344 0.605078 0.898438 0.591406 0.873047
1 0.478125 0.613965 0.896875 0.587695 0.0927124
0 0.334375 0.975391 0.66875 0.0492188 0.00104046
0 0.898438 0.89375 0.203125 0.1375 0.00101662
0 0.478125 0.609766 0.898438 0.602344 0.86377
1 0.478516 0.603125 0.897656 0.6 0.0841675
0 0.491406 0.0151855 0.907812 0.0303711 0.00154877
0 0.347461 0.603809 0.645703 0.589258 0.00124454
0 0.490625 0.0612305 0.915625 0.122461 0.00101662
0 0.475781 0.609473 0.90625 0.595117 0.898926
1 0.476562 0.613281 0.909375 0.592188 0.0806274
0 0.475781 0.609473 0.90625 0.595117 0.898926
1 0.476562 0.613281 0.909375 0.592188 0.0822754
