0 0.501172 0.564844 0.844531 0.628125 0.812988
0 0.4625 0.824609 0.915625 0.350781 0.047699
1 0.483203 0.565234 0.896094 0.633594 0.0309601
1 0.471875 0.858789 0.94375 0.282422 0.0219421
0 0.751172 0.863672 0.497656 0.272656 0.0199432
0 0.485938 0.885352 0.965625 0.229297 0.0118256
1 0.469531 0.763281 0.939062 0.473437 0.0117798
0 0.372656 0.564453 0.583594 0.621094 0.0115967
0 0.291992 0.549902 0.430078 0.575195 0.0104065
1 0.7375 0.873828 0.525 0.252344 0.0078125
0 0.830078 0.845117 0.339844 0.309766 0.0045929
0 0.470313 0.449219 0.9 0.898438 0.00453949
1 0.816016 0.860547 0.367969 0.278906 0.00351143
0 0.661035 0.88418 0.67793 0.231641 0.00321007
1 0.492578 0.905078 0.952344 0.189844 0.00277901
0 0.214258 0.533594 0.269141 0.535937 0.00260162
0 0.822266 0.46875 0.355469 0.834375 0.00256157
0 0.322266 0.827344 0.644531 0.345313 0.00248146
0 0.869141 0.0572754 0.261719 0.114551 0.0018177
1 0.396484 0.825 0.786719 0.35 0.00176144
0 0.0844727 0.951563 0.168945 0.096875 0.00149536
0 0.884766 0.449609 0.230469 0.766406 0.00148964
0 0.482422 0.120898 0.932031 0.241797 0.00146675
0 0.0786133 0.377246 0.150195 0.731445 0.00137806
1 0.869141 0.0572754 0.261719 0.114551 0.00136662
0 0.932031 0.473437 0.135937 0.784375 0.00132465
1 0.307031 0.860937 0.614062 0.278125 0.00128937
0 0.85332 0.0876953 0.293359 0.175391 0.0012846
0 0.975781 0.515625 0.0484375 0.7375 0.00118828
0 0.158398 0.912109 0.316797 0.175781 0.00116062
0 0.0670898 0.356641 0.13418 0.608594 0.00114727
0 0.392188 0.473437 0.667188 0.896875 0.00114727
0 0.95 0.663672 0.1 0.558594 0.00112438
0 0.862305 0.705078 0.275391 0.552344 0.0011158
0 0.979297 0.615625 0.0414063 0.56875 0.0011034
0 0.836719 0.263086 0.326562 0.479297 0.00109863
0 0.785352 0.085498 0.429297 0.170996 0.00108624
0 0.249609 0.473437 0.4125 0.915625 0.00107765
1 0.808398 0.446484 0.383203 0.833594 0.00107288
1 0.158398 0.912109 0.316797 0.175781 0.00104809
1 0.625098 0.891406 0.738867 0.217187 0.00103664
0 0.104004 0.433594 0.202148 0.810938 0.00103664
0 0.484375 0.0768555 0.9125 0.153711 0.00103188
0 0.867969 0.316602 0.264062 0.573047 0.00102425
0 0.5 0.555859 0.857813 0.658594 0.780762
1 0.503125 0.570215 0.85625 0.656445 0.162598
0 0.759766 0.610547 0.328906 0.566406 0.00706482
0 0.696875 0.579297 0.459375 0.632031 0.00301552
0 0.79668 0.6375 0.269141 0.49375 0.00121593
0 0.5 0.566406 0.864062 0.625 0.88623
1 0.499219 0.569922 0.867188 0.638281 0.0820923
0 0.7 0.620313 0.4375 0.55625 0.00751877
0 0.636719 0.664844 0.565625 0.459375 0.00399017
0 0.5 0.564844 0.840625 0.614062 0.820801
1 0.498828 0.570703 0.833594 0.624219 0.100342
0 0.288477 0.532812 0.406641 0.559375 0.00208282
0 0.50625 0.56416 0.859375 0.643555 0.875
1 0.50625 0.566797 0.857813 0.653906 0.0562439
0 0.503125 0.466016 0.839063 0.45 0.0302124
0 0.677734 0.585156 0.486719 0.617188 0.00426483
0 0.754687 0.583984 0.353125 0.621094 0.00233269
0 0.991797 0.907812 0.0164062 0.184375 0.00185299
0 0.848633 0.820117 0.280859 0.262891 0.00167465
0 0.991797 0.939062 0.0164062 0.121875 0.00149536
0 0.991016 0.9625 0.0179687 0.075 0.00146675
0 0.813867 0.569531 0.228516 0.659375 0.00137234
0 0.503125 0.570215 0.846875 0.648633 0.789062
1 0.505859 0.567578 0.853906 0.652344 0.0870972
0 0.508594 0.14248 0.907812 0.284961 0.00392914
0 0.514063 0.0665527 0.909375 0.133105 0.00383949
1 0.508594 0.14248 0.907812 0.284961 0.00148964
1 0.514063 0.0665527 0.909375 0.133105 0.00121117
0 0.471484 0.696484 0.794531 0.382031 0.00101662
0 0.503906 0.564062 0.845312 0.639063 0.879395
1 0.504687 0.566504 0.845312 0.637305 0.0258636
0 0.676562 0.571094 0.495313 0.629687 0.00156689
0 0.504297 0.566406 0.842969 0.646875 0.834473
1 0.498047 0.573535 0.842969 0.638867 0.0137405
0 0.344531 0.554297 0.514063 0.632031 0.00150108
0 0.352734 0.465625 0.532031 0.453125 0.0012846
0 0.489062 0.445312 0.828125 0.407813 0.00115108
0 0.497656 0.576953 0.829687 0.661719 0.897461
1 0.499219 0.564941 0.829687 0.651367 0.0204926
0 0.499219 0.571484 0.848437 0.642969 0.910156
1 0.497266 0.581934 0.842969 0.626758 0.0250397
0 0.499219 0.571484 0.848437 0.642969 0.909668
1 0.497266 0.581641 0.842969 0.627344 0.0253754
