0 0.496875 0.5 0.975 0.75 0.875
0 0.289062 0.861914 0.578125 0.276172 0.0367737
0 0.344531 0.496484 0.579687 0.769531 0.018692
0 0.228564 0.484766 0.39834 0.772656 0.0139542
1 0.525781 0.499219 0.923437 0.779688 0.0136337
1 0.289062 0.861914 0.578125 0.276172 0.0104523
0 0.406641 0.857813 0.802344 0.284375 0.00901794
0 0.172656 0.439453 0.340625 0.857031 0.00874329
0 0.520312 0.897656 0.959375 0.204688 0.00837708
0 0.520312 0.825586 0.940625 0.348828 0.00641251
0 0.870898 0.839063 0.258203 0.321875 0.00631332
1 0.520312 0.897656 0.959375 0.204688 0.00488663
1 0.520312 0.825586 0.940625 0.348828 0.00407028
0 0.119629 0.409375 0.236523 0.81875 0.00382423
0 0.895312 0.798437 0.209375 0.403125 0.00348282
1 0.406641 0.857813 0.802344 0.284375 0.00340271
1 0.870898 0.839063 0.258203 0.321875 0.00318527
0 0.23125 0.848242 0.453125 0.303516 0.00318527
0 0.844141 0.115332 0.311719 0.230664 0.0024147
0 0.847852 0.879297 0.304297 0.241406 0.00188923
1 0.895312 0.798437 0.209375 0.403125 0.0017271
1 0.847852 0.879297 0.304297 0.241406 0.00171375
0 0.0770508 0.485156 0.154102 0.678125 0.0016613
0 0.786719 0.117188 0.426562 0.234375 0.00136662
1 0.191602 0.453516 0.355859 0.827344 0.00134087
0 0.179102 0.671875 0.153906 0.23125 0.00134087
0 0.876562 0.745313 0.246875 0.509375 0.0012846
0 0.0634766 0.555078 0.126953 0.560156 0.00126934
0 0.834766 0.100977 0.330469 0.201953 0.00126457
0 0.82168 0.526953 0.356641 0.785156 0.00118351
0 0.103711 0.557813 0.201172 0.629687 0.00117874
0 0.472266 0.365039 0.914844 0.483984 0.00107288
0 0.873438 0.419531 0.253125 0.83125 0.00106049
0 0.852344 0.158789 0.295312 0.317578 0.00102043
0 0.715234 0.521875 0.569531 0.784375 0.00101185
0 0.533984 0.765625 0.932031 0.326562 0.00100422
0 0.523828 0.516309 0.905469 0.779883 0.914551
1 0.523828 0.516309 0.905469 0.779883 0.0513611
0 0.845312 0.518848 0.296875 0.738867 0.00457382
0 0.77793 0.507715 0.428516 0.743945 0.00294685
0 0.540625 0.511719 0.909375 0.773438 0.927734
1 0.536328 0.515723 0.903906 0.79043 0.0116882
0 0.541406 0.519922 0.903125 0.782031 0.922852
1 0.541406 0.519922 0.903125 0.782031 0.0262604
0 0.392969 0.532715 0.596875 0.74707 0.00313568
0 0.532031 0.31582 0.839063 0.378516 0.0017004
0 0.00180664 0.717969 0.00361328 0.134375 0.00151253
0 0.544141 0.504687 0.911719 0.779688 0.916016
1 0.542188 0.517969 0.915625 0.776563 0.0102921
0 0.991406 0.907031 0.0171875 0.185937 0.00104809
0 0.546094 0.512598 0.907812 0.787305 0.924805
1 0.546094 0.510156 0.907812 0.792188 0.00553513
0 0.555078 0.0783691 0.880469 0.156738 0.00175476
0 0.540625 0.970312 0.91875 0.059375 0.00160408
0 0.551172 0.0433105 0.897656 0.0866211 0.00142097
0 0.547656 0.662109 0.904688 0.489844 0.00124931
0 0.56875 0.511328 0.860937 0.780469 0.899414
0 0.528125 0.0579102 0.878125 0.11582 0.00407028
0 0.540625 0.969141 0.91875 0.0617188 0.00226974
0 0.529688 0.0441406 0.860937 0.0882813 0.00139427
0 0.553906 0.51709 0.86875 0.792383 0.881836
1 0.553906 0.51709 0.86875 0.792383 0.0012846
0 0.532812 0.975391 0.91875 0.0492188 0.00119686
0 0.558594 0.512598 0.860937 0.788867 0.916016
0 0.551953 0.514063 0.880469 0.785937 0.940918
0 0.551562 0.514453 0.88125 0.786719 0.94043
