0 0.563281 0.547754 0.823438 0.673242 0.828613
0 0.313672 0.862109 0.627344 0.275781 0.0549011
1 0.332617 0.861914 0.658984 0.276172 0.019989
0 0.525781 0.874805 0.948438 0.250391 0.0104904
1 0.494531 0.547559 0.976562 0.66582 0.00878143
1 0.525781 0.874805 0.948438 0.250391 0.0069046
0 0.133398 0.442187 0.266797 0.86875 0.00602722
0 0.438281 0.847656 0.864062 0.304688 0.00519943
0 0.532812 0.804492 0.934375 0.391016 0.002388
1 0.438281 0.847656 0.864062 0.304688 0.0020504
1 0.133398 0.442187 0.266797 0.86875 0.0020504
0 0.903516 0.778906 0.192969 0.442187 0.00200272
1 0.532812 0.804492 0.934375 0.391016 0.00195694
0 0.241406 0.45625 0.482812 0.85625 0.00170708
0 0.873438 0.440625 0.253125 0.8625 0.00169373
0 0.878906 0.857422 0.242188 0.285156 0.00164223
1 0.873828 0.870703 0.252344 0.258594 0.0015192
0 0.79707 0.11709 0.405859 0.23418 0.00141621
0 0.25 0.865625 0.4875 0.26875 0.00138855
0 0.9 0.836328 0.2 0.327344 0.00137806
0 0.474219 0.373828 0.901563 0.745313 0.00127411
0 0.0774414 0.108203 0.154883 0.216406 0.00123978
0 0.818164 0.441406 0.363672 0.882812 0.0012207
0 0.154297 0.301562 0.303906 0.596875 0.0012064
0 0.881055 0.719531 0.237891 0.560938 0.00112438
0 0.84082 0.883203 0.318359 0.233594 0.0011158
0 0.848242 0.529785 0.303516 0.77793 0.00111198
0 0.0825195 0.0874023 0.164258 0.168359 0.00104046
1 0.903516 0.778906 0.192969 0.442187 0.00102806
0 0.830078 0.086084 0.339844 0.172168 0.00101662
0 0.567187 0.555566 0.835938 0.674805 0.92041
1 0.560938 0.559766 0.828125 0.682031 0.0208435
0 0.690625 0.546484 0.573438 0.653906 0.00591278
0 0.782812 0.554688 0.396875 0.660937 0.00455475
0 0.842383 0.565723 0.287109 0.64043 0.00233269
0 0.561719 0.552441 0.829687 0.682617 0.939453
1 0.566406 0.546973 0.81875 0.676367 0.00677109
0 0.565625 0.548047 0.8 0.669531 0.933105
0 0.438965 0.554688 0.562695 0.659375 0.0165253
1 0.563281 0.554785 0.798437 0.674805 0.00841522
0 0.00198975 0.319336 0.00397949 0.190234 0.00205803
0 0.00198975 0.688281 0.00397949 0.165625 0.00163555
0 0.33833 0.557422 0.36084 0.657031 0.00158501
0 0.00200195 0.360547 0.00400391 0.210156 0.00157928
0 0.558203 0.41875 0.782031 0.407813 0.00150681
0 0.00197754 0.264062 0.00395508 0.210938 0.00136662
0 0.00224609 0.869531 0.00449219 0.220313 0.00119209
0 0.00198975 0.639844 0.00397949 0.185937 0.00115108
0 0.930469 0.921094 0.139062 0.157813 0.00110722
0 0.00198975 0.408984 0.00397949 0.209375 0.00100803
0 0.567187 0.55459 0.825 0.668945 0.928223
1 0.567187 0.549609 0.83125 0.677344 0.00455475
0 0.869531 0.130078 0.259375 0.260156 0.00104427
0 0.805078 0.129688 0.389844 0.259375 0.00100422
0 0.564844 0.555566 0.825 0.676367 0.928711
0 0.874219 0.132422 0.251563 0.264844 0.00264168
1 0.564844 0.555566 0.825 0.676367 0.00247192
0 0.563281 0.122852 0.873438 0.245703 0.00205803
0 0.562109 0.0619629 0.875781 0.123926 0.00138283
0 0.920313 0.89375 0.159375 0.2125 0.00100803
0 0.575 0.545313 0.798437 0.692187 0.91748
0 0.525781 0.120703 0.879687 0.241406 0.00441742
0 0.526563 0.0771484 0.89375 0.154297 0.00203514
0 0.567187 0.969141 0.859375 0.0617188 0.00181007
0 0.564453 0.953125 0.828906 0.09375 0.00153065
0 0.569531 0.549219 0.801562 0.692187 0.845215
1 0.569531 0.549219 0.801562 0.692187 0.0110703
0 0.56875 0.546875 0.80625 0.684375 0.899902
1 0.56875 0.546875 0.80625 0.684375 0.00290108
0 0.559375 0.557715 0.8125 0.676758 0.912598
1 0.564844 0.550781 0.8125 0.678125 0.00416565
0 0.559375 0.557715 0.8125 0.676758 0.912598
1 0.564844 0.550781 0.814062 0.678125 0.00411606
