1 0.494531 0.477344 0.735937 0.923437 0.388672
0 0.503516 0.465234 0.764844 0.913281 0.373779
0 0.418652 0.499219 0.550195 0.982813 0.0800781
0 0.664453 0.463672 0.455469 0.922656 0.0793457
0 0.292383 0.313672 0.318359 0.580469 0.0208893
0 0.316602 0.474219 0.358203 0.876562 0.0107803
0 0.192578 0.326953 0.276563 0.628125 0.00521851
0 0.102051 0.414844 0.198242 0.829687 0.00516129
0 0.0687012 0.396094 0.134473 0.792188 0.00432968
0 0.230273 0.310547 0.191797 0.572656 0.00419998
0 0.6375 0.78125 0.390625 0.276563 0.00403976
0 0.929688 0.677246 0.140625 0.631445 0.00352478
0 0.483203 0.260938 0.708594 0.503906 0.00345612
0 0.238281 0.316797 0.445312 0.629687 0.00323486
0 0.310547 0.652344 0.474219 0.642187 0.00302696
1 0.360742 0.497656 0.442578 0.970312 0.00279999
0 0.665625 0.660547 0.439063 0.516406 0.00276756
0 0.5125 0.813477 0.928125 0.373047 0.00268364
0 0.359766 0.351562 0.440625 0.684375 0.00247192
0 0.686328 0.720703 0.536719 0.413281 0.00235939
0 0.494141 0.625684 0.833594 0.645508 0.00233269
0 0.596094 0.757031 0.314063 0.325 0.00223351
1 0.664453 0.463672 0.455469 0.922656 0.00214005
0 0.0908203 0.311719 0.174609 0.61875 0.00192642
0 0.710156 0.795508 0.579687 0.408984 0.00188255
0 0.810156 0.750391 0.379687 0.499219 0.00177479
0 0.673145 0.853125 0.653711 0.29375 0.00175476
0 0.88125 0.471094 0.2375 0.917188 0.00170708
1 0.310547 0.652344 0.474219 0.642187 0.00168705
1 0.102051 0.414844 0.198242 0.829687 0.00160408
0 0.523438 0.722656 0.85625 0.539062 0.00158501
0 0.910937 0.717969 0.178125 0.564062 0.00156689
0 0.50625 0.89375 0.9125 0.2125 0.00154877
0 0.797656 0.109961 0.404687 0.219922 0.00151253
0 0.382812 0.258398 0.478125 0.492578 0.0014267
1 0.289258 0.439844 0.326172 0.823438 0.00137806
0 0.949219 0.441406 0.101562 0.840625 0.00136662
1 0.494141 0.625684 0.833594 0.645508 0.00135612
1 0.192578 0.326953 0.276563 0.628125 0.00135612
1 0.0546875 0.905859 0.109375 0.188281 0.00132465
0 0.892969 0.160547 0.214062 0.321094 0.0012598
1 0.0687012 0.396094 0.134473 0.792188 0.0012598
0 0.246875 0.601172 0.35 0.660156 0.0012064
0 0.0546875 0.905859 0.109375 0.188281 0.00118828
1 0.504687 0.784766 0.884375 0.430469 0.00117874
0 0.85332 0.0494141 0.293359 0.0988281 0.0011692
0 0.757031 0.0750977 0.485938 0.150195 0.00116539
0 0.418359 0.0620117 0.721094 0.124023 0.00113392
0 0.544141 0.796875 0.816406 0.282813 0.00112057
1 0.50625 0.89375 0.9125 0.2125 0.00108147
0 0.0637695 0.369141 0.127539 0.697656 0.00106907
0 0.611621 0.651953 0.679883 0.550781 0.00106525
0 0.781055 0.4625 0.437891 0.890625 0.00102043
0 0.515234 0.478516 0.788281 0.919531 0.741699
1 0.525684 0.489844 0.773633 0.914062 0.493164
0 0.659375 0.469531 0.457812 0.857813 0.0305634
0 0.630859 0.786133 0.367969 0.262109 0.00516129
1 0.667188 0.470313 0.446875 0.860937 0.00503922
0 0.605469 0.381641 0.560938 0.728906 0.00333786
0 0.742578 0.477344 0.299219 0.875 0.0016613
1 0.605469 0.381641 0.560938 0.728906 0.00156116
1 0.512891 0.0863525 0.783594 0.160107 0.00134563
0 0.675781 0.611328 0.432813 0.605469 0.00124931
1 0.630859 0.786133 0.367969 0.262109 0.00123978
0 0.648828 0.705078 0.400781 0.417969 0.00118828
0 0.505371 0.466797 0.761133 0.911719 0.778809
0 0.666406 0.473437 0.457812 0.889063 0.110291
0 0.507715 0.333203 0.758008 0.629687 0.108398
1 0.505371 0.466797 0.761133 0.911719 0.0658569
1 0.666406 0.473437 0.457812 0.889063 0.00734711
1 0.507715 0.333203 0.758008 0.629687 0.00307465
0 0.661719 0.296484 0.46875 0.547656 0.00205803
0 0.225732 0.326562 0.16416 0.520312 0.00153065
0 0.511621 0.475391 0.743945 0.899219 0.85791
1 0.506641 0.476172 0.758594 0.900781 0.0993042
0 0.667969 0.471094 0.44375 0.885938 0.0847778
1 0.667969 0.471094 0.44375 0.885938 0.00291252
0 0.383203 0.232422 0.475 0.428906 0.0027256
0 0.510938 0.203711 0.6625 0.387891 0.00260162
0 0.00212402 0.934375 0.00424805 0.13125 0.00234985
0 0.00227051 0.146484 0.00454102 0.183594 0.00222588
0 0.00219727 0.0966797 0.00439453 0.172266 0.00170708
0 0.00222168 0.192188 0.00444336 0.197656 0.00141048
0 0.00214844 0.802344 0.00429688 0.195312 0.00117874
0 0.00217285 0.24043 0.0043457 0.202734 0.00108147
0 0.545215 0.173242 0.479883 0.333203 0.00100422
0 0.506934 0.468359 0.775195 0.913281 0.773926
1 0.511816 0.459766 0.768555 0.896094 0.242188
0 0.653125 0.467969 0.460938 0.901563 0.00336266
0 0.661719 0.696094 0.446875 0.434375 0.0029583
0 0.273828 0.755078 0.414844 0.485156 0.00134087
0 0.507031 0.465625 0.773438 0.90625 0.905762
1 0.507031 0.458203 0.759375 0.903906 0.012825
0 0.0939453 0.128027 0.187891 0.254492 0.00257111
0 0.660547 0.807813 0.428906 0.214062 0.00208282
0 0.599609 0.766797 0.638281 0.297656 0.00169373
0 0.491797 0.216406 0.700781 0.413281 0.00137806
0 0.657812 0.756641 0.454688 0.314844 0.00125504
0 0.511816 0.467969 0.75293 0.901563 0.883789
0 0.670703 0.466016 0.439844 0.907031 0.784668
0 0.266406 0.5 0.259375 0.9 0.0050621
0 0.276953 0.738672 0.405469 0.511719 0.00391388
1 0.674609 0.471484 0.447656 0.882031 0.00304031
1 0.511816 0.467969 0.75293 0.901563 0.0017271
0 0.321875 0.486719 0.364062 0.867188 0.00141048
0 0.259033 0.663281 0.352246 0.653125 0.00139904
0 0.214258 0.735937 0.292578 0.521875 0.0011158
0 0.51875 0.964063 0.840625 0.071875 0.00100803
0 0.506934 0.466406 0.754883 0.892187 0.856934
0 0.679688 0.468359 0.425 0.878906 0.00857544
0 0.291455 0.475781 0.297559 0.898438 0.00575256
1 0.5125 0.467969 0.74375 0.890625 0.00378036
0 0.514063 0.972656 0.832812 0.0546875 0.0017004
0 0.5125 0.469531 0.757812 0.915625 0.875
1 0.507715 0.471875 0.76582 0.904688 0.0414734
0 0.24082 0.344141 0.213281 0.577344 0.00177479
0 0.51084 0.248828 0.748633 0.482031 0.00118828
0 0.310156 0.519531 0.307031 0.814062 0.00109005
0 0.511328 0.464063 0.758594 0.898438 0.928711
0 0.260938 0.998438 0.353125 0.003125 0.00195694
0 0.328711 0.486719 0.360547 0.8875 0.00157356
0 0.212061 0.673828 0.21416 0.652344 0.00137806
0 0.0941406 0.522656 0.188281 0.954687 0.00133514
0 0.0789551 0.645703 0.15791 0.708594 0.00129986
0 0.248633 0.508594 0.223828 0.951563 0.00128937
0 0.166016 0.670313 0.211719 0.659375 0.00108624
0 0.253516 0.671484 0.25 0.657031 0.00105667
0 0.511328 0.464063 0.758594 0.898438 0.928711
0 0.260938 0.998438 0.353125 0.003125 0.00194168
0 0.328711 0.486719 0.360547 0.8875 0.00157356
0 0.211768 0.673828 0.213965 0.652344 0.00137806
0 0.0941406 0.522656 0.188281 0.954687 0.00133514
0 0.248633 0.508594 0.224219 0.951563 0.00130463
0 0.0789551 0.645703 0.15791 0.708594 0.00130463
0 0.166016 0.670313 0.211328 0.659375 0.00108624
0 0.253516 0.671484 0.25 0.657031 0.00105667
