0 0.498828 0.536719 0.783594 0.83125 0.829102
0 0.816602 0.842188 0.366797 0.315625 0.0464783
1 0.478906 0.53125 0.864062 0.859375 0.0173035
1 0.783008 0.858203 0.433984 0.283594 0.00679779
0 0.433594 0.411621 0.845312 0.54082 0.00527954
0 0.132031 0.857031 0.2625 0.285937 0.00418091
0 0.924609 0.508594 0.150781 0.889063 0.00415039
0 0.755859 0.867969 0.488281 0.264062 0.00379562
0 0.105664 0.472656 0.211328 0.867188 0.00344276
0 0.340234 0.545313 0.491406 0.8375 0.00342941
0 0.151758 0.478516 0.303516 0.875781 0.0030632
0 0.767187 0.496484 0.465625 0.913281 0.00223351
0 0.491406 0.825781 0.885938 0.3125 0.00162888
1 0.829297 0.832227 0.341406 0.335547 0.00160408
0 0.903906 0.439063 0.192188 0.828125 0.0015974
0 0.844922 0.801758 0.310156 0.396484 0.00153637
0 0.271484 0.857617 0.535156 0.284766 0.00151253
1 0.771094 0.514063 0.457812 0.890625 0.00148964
0 0.394531 0.855078 0.789062 0.289844 0.00144386
0 0.166211 0.853711 0.332422 0.292578 0.00137806
0 0.847266 0.11875 0.305469 0.2375 0.00137234
0 0.854102 0.0833008 0.291797 0.166602 0.00135136
0 0.222217 0.531641 0.369629 0.855469 0.00134087
0 0.834375 0.289844 0.33125 0.573438 0.00133038
0 0.0926758 0.474121 0.185352 0.793945 0.00131512
0 0.946875 0.496973 0.10625 0.701367 0.00126457
0 0.848437 0.728906 0.303125 0.542188 0.00124931
1 0.924609 0.508594 0.150781 0.889063 0.00116062
1 0.169434 0.863867 0.338867 0.272266 0.00116062
0 0.0989258 0.847461 0.197852 0.305078 0.00114727
1 0.339844 0.868555 0.679688 0.262891 0.00110722
0 0.757422 0.300781 0.485156 0.601562 0.00109863
0 0.497656 0.890625 0.914062 0.21875 0.00104809
1 0.105664 0.472656 0.211328 0.867188 0.00102043
0 0.0725586 0.507812 0.145117 0.767187 0.00102043
1 0.854102 0.0833008 0.291797 0.166602 0.00101662
0 0.511719 0.565234 0.801562 0.819531 0.713867
1 0.516016 0.560156 0.808594 0.829687 0.32251
0 0.750781 0.559375 0.289062 0.76875 0.0026207
0 0.678906 0.550391 0.429688 0.769531 0.0020504
0 0.50459 0.546094 0.77832 0.810938 0.87793
1 0.503223 0.553125 0.774805 0.80625 0.0531006
0 0.501562 0.558984 0.790625 0.822656 0.902832
1 0.501562 0.558984 0.790625 0.822656 0.0340881
0 0.0022583 0.870117 0.0045166 0.200391 0.00153065
0 0.00206299 0.122876 0.00412598 0.192529 0.00146103
0 0.00195312 0.667969 0.00390625 0.160938 0.00134087
0 0.0020752 0.0810547 0.00415039 0.162109 0.00120163
0 0.00195312 0.619141 0.00390625 0.166406 0.00107288
0 0.0019043 0.398438 0.00380859 0.152344 0.00107288
0 0.505469 0.553906 0.782812 0.851562 0.898926
1 0.503516 0.55625 0.792969 0.826563 0.0353394
0 0.501562 0.741016 0.796875 0.467969 0.00133038
0 0.991797 0.584375 0.0164062 0.259375 0.00103188
0 0.5 0.561719 0.801562 0.839063 0.933105
1 0.496875 0.553125 0.8 0.834375 0.0122375
0 0.888281 0.109375 0.223438 0.21875 0.00153637
0 0.513184 0.5625 0.783008 0.815625 0.890625
1 0.513379 0.558594 0.776367 0.8375 0.00894928
0 0.505566 0.558203 0.776367 0.832031 0.879883
1 0.505469 0.555469 0.779688 0.832812 0.00740433
0 0.876953 0.892187 0.246094 0.215625 0.00167465
0 0.507031 0.564453 0.775 0.836719 0.874512
1 0.510254 0.563672 0.773242 0.836719 0.0403748
0 0.503809 0.566016 0.78457 0.830469 0.931152
1 0.507812 0.561719 0.789062 0.826563 0.0184784
0 0.503809 0.566016 0.78457 0.830469 0.931641
1 0.507812 0.561719 0.789062 0.826563 0.0180969
