0 0.496484 0.527344 0.778906 0.857813 0.790039
1 0.508594 0.528125 0.829687 0.86875 0.167725
0 0.321094 0.534375 0.439844 0.85 0.117371
0 0.435937 0.4 0.807813 0.589063 0.0193024
0 0.841602 0.837305 0.316797 0.325391 0.0077858
0 0.0647461 0.461719 0.129492 0.882812 0.00557709
0 0.244141 0.536328 0.289062 0.844531 0.00376511
0 0.259961 0.476172 0.519922 0.907031 0.00329781
0 0.0570313 0.474219 0.114063 0.817187 0.00245285
0 0.5125 0.813867 0.953125 0.372266 0.00239754
0 0.504687 0.723047 0.940625 0.544531 0.00232315
1 0.816797 0.873438 0.366406 0.253125 0.00179577
0 0.833203 0.496484 0.333594 0.919531 0.00176811
0 0.781445 0.866211 0.437109 0.267578 0.00169373
0 0.172168 0.446094 0.344336 0.892187 0.00163555
0 0.848828 0.782031 0.302344 0.435937 0.00151253
0 0.753125 0.496875 0.49375 0.91875 0.00150681
1 0.325 0.542969 0.446875 0.839063 0.00141621
0 0.503125 0.301172 0.873438 0.602344 0.00138283
0 0.847461 0.117773 0.305078 0.235547 0.00135136
0 0.485156 0.21875 0.914062 0.4375 0.00133038
0 0.847656 0.0922852 0.304688 0.18457 0.00129414
1 0.0570313 0.474219 0.114063 0.817187 0.0012598
0 0.475 0.130469 0.895312 0.260938 0.00121593
0 0.399609 0.834961 0.799219 0.330078 0.00117874
1 0.0647461 0.461719 0.129492 0.882812 0.00111198
0 0.834375 0.126172 0.33125 0.252344 0.00106907
0 0.875977 0.524219 0.248047 0.867188 0.00100803
1 0.519531 0.555078 0.835938 0.842969 0.666992
0 0.515625 0.545703 0.834375 0.858594 0.44751
0 0.513281 0.535937 0.839063 0.84375 0.820801
1 0.512891 0.532422 0.839844 0.836719 0.058136
0 0.511328 0.247656 0.811719 0.257031 0.0017271
0 0.640234 0.297266 0.546094 0.371094 0.00117874
0 0.730859 0.7375 0.444531 0.4625 0.00105286
0 0.514844 0.537891 0.79375 0.830469 0.919434
1 0.504297 0.548437 0.780469 0.84375 0.0316772
0 0.353906 0.553125 0.480469 0.8375 0.00500107
0 0.00206299 0.592188 0.00412598 0.16875 0.00259018
0 0.00202637 0.542969 0.00405273 0.1625 0.00239754
0 0.0020752 0.640625 0.00415039 0.176563 0.00236893
0 0.00195312 0.444531 0.00390625 0.146875 0.00235939
0 0.00200195 0.492969 0.00400391 0.155469 0.00226974
0 0.00214844 0.125 0.00429688 0.177344 0.00194168
0 0.00195312 0.395703 0.00390625 0.132031 0.00188923
0 0.00224609 0.867188 0.00449219 0.203125 0.00150681
0 0.00206299 0.682813 0.00412598 0.164062 0.00149536
0 0.0020752 0.0760742 0.00415039 0.152148 0.00136185
0 0.328125 0.353906 0.417188 0.457812 0.00125504
0 0.00227051 0.825 0.00454102 0.179688 0.00117874
0 0.545313 0.299805 0.717188 0.379297 0.00109482
0 0.525 0.536719 0.86875 0.84375 0.817383
1 0.523438 0.535156 0.834375 0.84375 0.104492
0 0.486035 0.732422 0.766992 0.483594 0.00251198
0 0.8875 0.75 0.209375 0.482812 0.00186729
0 0.753906 0.742969 0.364062 0.448438 0.00182438
0 0.883008 0.816406 0.230859 0.364062 0.00138855
0 0.512891 0.53125 0.824219 0.871875 0.855469
1 0.514063 0.521094 0.83125 0.86875 0.0454407
0 0.867188 0.134473 0.265625 0.268945 0.0189362
1 0.877344 0.112793 0.245312 0.224414 0.00359344
0 0.855469 0.87168 0.289062 0.256641 0.00259018
0 0.524609 0.753125 0.835156 0.442187 0.00215721
0 0.866797 0.0867432 0.266406 0.169873 0.00197983
0 0.412891 0.768359 0.616406 0.416406 0.00113392
0 0.513672 0.533594 0.802344 0.835938 0.910645
1 0.510547 0.538281 0.808594 0.870313 0.0100555
0 0.514453 0.525781 0.799219 0.845312 0.901855
0 0.243311 0.428516 0.262598 0.201562 0.0100098
1 0.514844 0.525 0.807813 0.85 0.00327301
0 0.883984 0.892578 0.232031 0.214844 0.00122547
0 0.515723 0.535547 0.788867 0.860156 0.898438
1 0.515723 0.535547 0.788867 0.860156 0.00194931
0 0.50625 0.535156 0.8 0.840625 0.943848
0 0.50625 0.534766 0.8 0.841406 0.943848
