1 0.466406 0.494141 0.90625 0.864844 0.705566
0 0.467187 0.502734 0.875 0.853906 0.469727
0 0.228906 0.5125 0.451562 0.85 0.100708
0 0.162891 0.840234 0.321875 0.319531 0.00815582
1 0.28457 0.508984 0.520703 0.849219 0.00796509
0 0.838477 0.863281 0.323047 0.273438 0.00720596
0 0.807031 0.460156 0.385938 0.884375 0.00382423
0 0.89375 0.476562 0.2125 0.842188 0.00282288
0 0.401563 0.33125 0.803125 0.5125 0.00243378
0 0.494922 0.822656 0.935156 0.295312 0.00224304
0 0.845117 0.387891 0.309766 0.775781 0.00214958
1 0.829297 0.876562 0.341406 0.246875 0.00209045
0 0.141895 0.467578 0.281055 0.785156 0.0020504
0 0.852344 0.811719 0.295312 0.376563 0.0019722
0 0.465625 0.174609 0.915625 0.349219 0.00192642
0 0.836719 0.124609 0.326562 0.249219 0.00191879
0 0.944531 0.488281 0.110937 0.814062 0.00182438
1 0.164453 0.866016 0.328906 0.267969 0.0018034
0 0.46875 0.269922 0.901563 0.539844 0.0018034
1 0.807031 0.460156 0.385938 0.884375 0.00165462
0 0.890625 0.341797 0.21875 0.660937 0.00141621
0 0.845312 0.093457 0.309375 0.186914 0.00129414
0 0.766016 0.366406 0.467969 0.725 0.00128937
0 0.8 0.118359 0.4 0.236719 0.00125504
1 0.471094 0.283789 0.867188 0.427734 0.00122547
0 0.454688 0.111914 0.871875 0.223828 0.00122547
0 0.774219 0.879687 0.451562 0.240625 0.00121593
0 0.863281 0.143945 0.273438 0.287891 0.00120163
1 0.464844 0.210742 0.8875 0.279297 0.00113392
1 0.896094 0.431641 0.207813 0.803906 0.00109863
0 0.839844 0.738672 0.320312 0.522656 0.00108147
1 0.847266 0.828125 0.305469 0.34375 0.00104809
1 0.485938 0.510547 0.939062 0.888281 0.881348
0 0.480859 0.523438 0.960156 0.890625 0.0422363
1 0.473437 0.508594 0.94375 0.864062 0.836426
0 0.476562 0.509375 0.951563 0.871875 0.0130234
1 0.29707 0.5125 0.594141 0.85625 0.00184631
1 0.672656 0.556152 0.529688 0.775195 0.00148392
1 0.484375 0.526563 0.910937 0.878125 0.914551
0 0.470313 0.529688 0.909375 0.8875 0.0386047
0 0.00141602 0.514063 0.00283203 0.1125 0.00135612
0 0.00146484 0.538281 0.00292969 0.109375 0.00133514
0 0.563965 0.274561 0.668945 0.379004 0.00131512
0 0.219531 0.526563 0.432813 0.870313 0.00130463
0 0.00158691 0.636719 0.00317383 0.182812 0.00118828
0 0.00147705 0.564453 0.0029541 0.111719 0.00111198
0 0.00153809 0.597656 0.00307617 0.142188 0.00102425
1 0.492969 0.508203 0.946875 0.872656 0.931152
1 0.5 0.384766 0.9375 0.611719 0.641602
0 0.494531 0.504687 0.948438 0.846875 0.00106907
1 0.482422 0.496875 0.935156 0.846875 0.902344
0 0.482422 0.496875 0.935156 0.846875 0.0234222
0 0.88457 0.898438 0.230859 0.2 0.00131989
0 0.491406 0.134473 0.932813 0.268945 0.00124454
0 0.490625 0.193164 0.93125 0.386328 0.00112438
1 0.485156 0.516016 0.925 0.877344 0.938965
1 0.480078 0.509375 0.897656 0.8625 0.854004
0 0.478125 0.498437 0.896875 0.8375 0.0422363
1 0.485156 0.520703 0.89375 0.889844 0.92041
0 0.492578 0.521094 0.874219 0.892187 0.00113392
1 0.478906 0.514844 0.914062 0.870313 0.91748
0 0.478906 0.497656 0.914062 0.835938 0.00205803
1 0.478906 0.514844 0.914062 0.870313 0.91748
0 0.478906 0.497656 0.914062 0.835938 0.00204277
