0 0.486719 0.502734 0.910937 0.807031 0.779297
1 0.486719 0.502734 0.910937 0.807031 0.165894
0 0.305078 0.50625 0.535937 0.804688 0.0209656
0 0.801953 0.916406 0.396094 0.167187 0.0106506
1 0.220654 0.503906 0.374316 0.785937 0.0077858
0 0.946875 0.923437 0.103125 0.153125 0.00712204
0 0.220654 0.503906 0.374316 0.785937 0.00591278
1 0.305078 0.50625 0.535937 0.804688 0.00468063
1 0.801953 0.916406 0.396094 0.167187 0.00383949
0 0.127832 0.815234 0.247461 0.369531 0.00331116
0 0.957422 0.922656 0.0851562 0.154687 0.00309944
0 0.505469 0.95625 0.989062 0.0875 0.00301552
0 0.805273 0.805859 0.389453 0.388281 0.00279999
0 0.904688 0.925 0.184375 0.146875 0.00255013
0 0.823438 0.851758 0.353125 0.296484 0.00251198
0 0.5 0.91875 0.948438 0.1625 0.00222588
0 0.858984 0.164648 0.282031 0.329297 0.00219917
0 0.84707 0.123633 0.305859 0.247266 0.00169373
1 0.930469 0.923437 0.139062 0.15 0.0015974
1 0.849609 0.444922 0.300781 0.786719 0.00158501
1 0.805273 0.805859 0.389453 0.388281 0.00154877
1 0.881445 0.359961 0.237109 0.691016 0.00150681
0 0.525 0.971875 0.95 0.05625 0.00136662
1 0.505469 0.95625 0.989062 0.0875 0.00133514
1 0.885547 0.244336 0.228906 0.488672 0.00123501
0 0.503125 0.799805 0.9375 0.400391 0.00122547
0 0.724609 0.911719 0.550781 0.176563 0.00121593
1 0.847461 0.188867 0.305078 0.377734 0.00118351
0 0.850391 0.0857422 0.299219 0.171484 0.0011692
0 0.414062 0.82832 0.828125 0.343359 0.00115585
1 0.823438 0.851758 0.353125 0.296484 0.00113392
0 0.881445 0.359961 0.237109 0.691016 0.00112438
0 0.124609 0.801562 0.249219 0.382812 0.00112438
0 0.500781 0.782031 0.970312 0.285937 0.0011158
0 0.106543 0.765234 0.213086 0.341406 0.0011034
0 0.0696289 0.0949219 0.139258 0.189844 0.00106525
1 0.5 0.91875 0.948438 0.1625 0.00105286
0 0.849609 0.444922 0.300781 0.786719 0.00103188
0 0.799609 0.111523 0.400781 0.223047 0.00102425
0 0.0945313 0.400781 0.189063 0.585156 0.00102043
0 0.885547 0.244336 0.228906 0.488672 0.00100422
1 0.511719 0.509375 0.976562 0.8125 0.927734
0 0.501953 0.503906 0.949219 0.807813 0.00661469
1 0.505078 0.110254 0.983594 0.212305 0.00416565
1 0.508594 0.164648 0.982813 0.270312 0.00337601
1 0.492188 0.0727539 0.964063 0.145508 0.00190449
1 0.106226 0.502344 0.170361 0.889063 0.00185299
1 0.162012 0.495313 0.285352 0.909375 0.00142097
1 0.506641 0.510938 0.933594 0.804688 0.799316
1 0.283594 0.514453 0.500781 0.752344 0.00336266
0 0.506641 0.510938 0.933594 0.804688 0.00225258
1 0.733203 0.549316 0.478906 0.726367 0.00138855
1 0.504687 0.514941 0.93125 0.781055 0.924316
0 0.507812 0.513184 0.945312 0.79707 0.00358009
0 0.00161133 0.247266 0.00322266 0.13125 0.00259018
0 0.00169678 0.271094 0.00339355 0.135156 0.00257111
1 0.657031 0.292773 0.5625 0.375391 0.00217438
0 0.00144043 0.219531 0.00288086 0.121875 0.00203514
0 0.989844 0.670313 0.0203125 0.0953125 0.00149536
0 0.989453 0.648438 0.0210938 0.0890625 0.00148964
0 0.0010498 0.452344 0.00209961 0.120312 0.00136185
0 0.00117188 0.477734 0.00234375 0.121094 0.00134563
0 0.990625 0.623438 0.01875 0.0828125 0.00123501
0 0.00124512 0.501562 0.00249023 0.123438 0.00118828
0 0.000952148 0.427344 0.0019043 0.121094 0.00118351
0 0.99375 0.491406 0.0125 0.0859375 0.00117874
0 0.990625 0.693359 0.01875 0.0945313 0.0011425
0 0.992969 0.515234 0.0140625 0.0820312 0.0011158
0 0.0012207 0.525391 0.00244141 0.125781 0.00106907
0 0.00144043 0.195361 0.00288086 0.120996 0.00106525
0 0.992969 0.539844 0.0140625 0.0796875 0.00102425
0 0.995313 0.467969 0.009375 0.090625 0.00101662
0 0.992188 0.594922 0.015625 0.078125 0.00101662
1 0.500781 0.489844 0.945312 0.804688 0.922852
1 0.507422 0.0996094 0.900781 0.199219 0.00734711
1 0.7 0.507031 0.54375 0.795313 0.00332451
1 0.505859 0.14043 0.897656 0.226562 0.00276756
1 0.502344 0.0424805 0.860937 0.0849609 0.00194168
1 0.509375 0.0658203 0.892187 0.131641 0.00157928
0 0.990234 0.632812 0.0195312 0.435937 0.0011692
1 0.504687 0.212109 0.865625 0.216406 0.00116539
1 0.505469 0.504297 0.926562 0.833594 0.919434
1 0.49375 0.170898 0.928125 0.341797 0.00247192
1 0.550781 0.131152 0.867188 0.262305 0.00136662
0 0.505469 0.504297 0.926562 0.833594 0.00112438
1 0.502344 0.512109 0.9375 0.825781 0.937988
1 0.504687 0.502344 0.921875 0.804688 0.895508
0 0.507031 0.511621 0.904688 0.787695 0.0156708
1 0.507812 0.507812 0.91875 0.814062 0.933105
1 0.496875 0.507031 0.929688 0.798437 0.920898
1 0.496094 0.502734 0.932813 0.797656 0.921875
