0 0.503125 0.514453 0.846875 0.811719 0.668945
1 0.5 0.51875 0.921875 0.834375 0.355713
0 0.169141 0.838086 0.331641 0.323828 0.0164032
0 0.283984 0.516406 0.432031 0.815625 0.0103683
0 0.84082 0.858203 0.318359 0.283594 0.00720596
0 0.838672 0.791016 0.322656 0.417969 0.00397491
1 0.167676 0.842773 0.328711 0.314453 0.003088
0 0.880273 0.136621 0.239453 0.273242 0.00284576
0 0.839258 0.123242 0.321484 0.246484 0.00282288
0 0.515625 0.928125 0.953125 0.14375 0.00266266
0 0.511719 0.89375 0.917188 0.2125 0.00256157
1 0.836719 0.876367 0.326562 0.247266 0.00220871
1 0.283984 0.516406 0.432031 0.815625 0.00190449
1 0.880273 0.136621 0.239453 0.273242 0.00142097
1 0.515625 0.928125 0.953125 0.14375 0.00142097
0 0.512109 0.8375 0.941406 0.30625 0.00142097
1 0.511719 0.89375 0.917188 0.2125 0.00141048
1 0.838672 0.791016 0.322656 0.417969 0.00139904
0 0.903906 0.30625 0.192188 0.546875 0.00137806
1 0.839258 0.123242 0.321484 0.246484 0.00132465
0 0.794727 0.116895 0.410547 0.233789 0.00130463
0 0.783203 0.879687 0.433594 0.240625 0.00130463
0 0.841992 0.0836914 0.316016 0.167383 0.00128937
0 0.324219 0.835938 0.626562 0.328125 0.0012846
0 0.903906 0.444629 0.192188 0.741992 0.00123501
0 0.51875 0.965625 0.9375 0.06875 0.00118828
0 0.884961 0.246875 0.230078 0.49375 0.00118351
1 0.903906 0.30625 0.192188 0.546875 0.00116062
1 0.903906 0.444629 0.192188 0.741992 0.00115108
1 0.51875 0.965625 0.9375 0.06875 0.0011425
1 0.217627 0.269336 0.378809 0.528516 0.0011158
0 0.352344 0.579687 0.574219 0.634375 0.00109863
1 0.860937 0.482129 0.278125 0.707617 0.00108147
1 0.884961 0.246875 0.230078 0.49375 0.00106049
0 0.860937 0.482129 0.278125 0.707617 0.00105667
0 0.202539 0.836328 0.405078 0.327344 0.00104427
1 0.816016 0.12334 0.367969 0.24668 0.00102425
0 0.869531 0.126367 0.260938 0.252734 0.00102425
1 0.841992 0.0836914 0.316016 0.167383 0.00101662
0 0.0858887 0.0927734 0.171777 0.185547 0.00101185
1 0.844922 0.172949 0.310156 0.345898 0.00100803
1 0.80293 0.346094 0.394141 0.651563 0.00100422
1 0.520312 0.532031 0.8875 0.809375 0.909668
0 0.519531 0.528125 0.895312 0.814062 0.00544739
1 0.331445 0.527246 0.512891 0.79707 0.00106907
1 0.517187 0.519531 0.89375 0.803125 0.756836
0 0.517187 0.519531 0.89375 0.803125 0.00166798
1 0.668359 0.522559 0.558594 0.795508 0.00135612
1 0.53125 0.529785 0.865625 0.799805 0.917969
0 0.521875 0.522656 0.89375 0.801562 0.0041008
0 0.00184326 0.346484 0.00368652 0.132031 0.00209045
0 0.00178223 0.322266 0.00356445 0.132031 0.0018034
0 0.00178223 0.392969 0.00356445 0.14375 0.00172043
0 0.00200195 0.0801758 0.00400391 0.160352 0.00129986
0 0.00175781 0.441406 0.00351562 0.139062 0.00118828
0 0.00178223 0.465625 0.00356445 0.135937 0.00107288
0 0.00170898 0.297656 0.00341797 0.146484 0.00106525
0 0.988281 0.544531 0.0234375 0.0984375 0.00105667
0 0.9875 0.569531 0.025 0.1 0.00105667
1 0.616406 0.307813 0.63125 0.38125 0.00101662
1 0.526172 0.522656 0.907031 0.810938 0.923828
1 0.676562 0.517969 0.58125 0.807813 0.00338936
0 0.991406 0.614453 0.0171875 0.339844 0.00174809
1 0.532031 0.219336 0.839063 0.202734 0.00170708
1 0.529688 0.370117 0.896875 0.508984 0.00145531
1 0.519922 0.0744629 0.894531 0.148926 0.00143814
1 0.520312 0.123047 0.878125 0.214844 0.00114727
1 0.519531 0.0487305 0.8875 0.0974609 0.00104046
1 0.522656 0.517969 0.904688 0.825 0.896484
0 0.522656 0.517969 0.904688 0.825 0.00800323
0 0.0856445 0.0929443 0.171289 0.182471 0.00168705
1 0.525 0.673437 0.914062 0.521875 0.00134563
0 0.889844 0.900781 0.220313 0.196875 0.00124454
0 0.883984 0.109961 0.232031 0.219922 0.00114727
1 0.522656 0.524609 0.885938 0.803906 0.925293
1 0.521094 0.521484 0.8875 0.810156 0.874023
0 0.515625 0.522266 0.871875 0.811719 0.0109863
1 0.525 0.523047 0.85625 0.819531 0.917969
1 0.513281 0.526563 0.885938 0.803125 0.914062
1 0.513281 0.526563 0.885938 0.803125 0.914062
