1 0.470215 0.483594 0.795508 0.867188 0.921875
0 0.460156 0.490625 0.776563 0.859375 0.151978
1 0.34375 0.496094 0.539062 0.901563 0.0529175
0 0.274609 0.491797 0.432031 0.857031 0.0440979
0 0.750781 0.944531 0.498437 0.110937 0.0116882
1 0.786328 0.942969 0.427344 0.114063 0.00993347
0 0.924609 0.946484 0.150781 0.107031 0.0091629
1 0.494922 0.840234 0.938281 0.319531 0.00494385
1 0.505469 0.911328 0.970312 0.177344 0.00434875
0 0.189258 0.492188 0.264062 0.85 0.00363541
1 0.514063 0.976562 0.953125 0.046875 0.00353813
1 0.495313 0.796094 0.89375 0.31875 0.00345612
1 0.944531 0.425391 0.110937 0.660156 0.00329781
0 0.951172 0.944531 0.0976562 0.110937 0.00290108
1 0.428516 0.366797 0.719531 0.619531 0.00266266
1 0.744922 0.7625 0.110156 0.251563 0.00245285
1 0.840234 0.625 0.319531 0.623438 0.00243378
0 0.494922 0.840234 0.938281 0.319531 0.00239754
0 0.940625 0.366406 0.11875 0.615625 0.00234222
1 0.81875 0.223828 0.3625 0.444531 0.00226021
1 0.882031 0.17168 0.235938 0.343359 0.00219154
0 0.0483887 0.779688 0.0967773 0.390625 0.00214005
0 0.892187 0.945312 0.215625 0.109375 0.00214005
1 0.83125 0.932031 0.3375 0.135937 0.00209999
1 0.924609 0.946484 0.150781 0.107031 0.00208282
1 0.939062 0.318945 0.121875 0.558984 0.00200272
1 0.260938 0.500781 0.403906 0.839063 0.00199509
0 0.864844 0.642285 0.270312 0.60293 0.00191879
0 0.505469 0.911328 0.970312 0.177344 0.00188255
1 0.764063 0.643652 0.471875 0.595508 0.00186729
0 0.514063 0.976562 0.953125 0.046875 0.00176811
0 0.83125 0.932031 0.3375 0.135937 0.00174809
0 0.0424805 0.392871 0.0849609 0.651758 0.00174141
1 0.726172 0.792188 0.0882813 0.275 0.00173378
1 0.465625 0.647656 0.80625 0.5625 0.00166798
1 0.447754 0.75 0.795117 0.364062 0.00154305
1 0.928906 0.249609 0.142188 0.492969 0.0015192
0 0.197266 0.454688 0.394531 0.8 0.00151253
1 0.890625 0.676953 0.21875 0.538281 0.00146103
1 0.903906 0.585938 0.192188 0.670313 0.00146103
0 0.495313 0.796094 0.89375 0.31875 0.00144958
0 0.882031 0.17168 0.235938 0.343359 0.00138855
0 0.739453 0.0984375 0.521094 0.196875 0.00130463
1 0.76875 0.118359 0.4625 0.236719 0.00128937
0 0.0518066 0.827734 0.103613 0.344531 0.0012846
0 0.722266 0.0456055 0.555469 0.0912109 0.0012207
1 0.517578 0.942187 0.964844 0.115625 0.00121593
1 0.722266 0.0456055 0.555469 0.0912109 0.0012064
1 0.742578 0.439063 0.330469 0.5625 0.00120163
1 0.758594 0.390625 0.417188 0.620313 0.00119686
0 0.81875 0.223828 0.3625 0.444531 0.00117874
1 0.737109 0.246875 0.378906 0.45625 0.00115108
0 0.762891 0.686719 0.474219 0.526563 0.00114727
1 0.754297 0.732031 0.127344 0.354688 0.00114727
1 0.764063 0.736328 0.471875 0.433594 0.00112057
0 0.837891 0.0327148 0.324219 0.0654297 0.0011158
0 0.464063 0.241406 0.839063 0.482812 0.0011158
0 0.934375 0.274219 0.13125 0.528125 0.0011034
0 0.919531 0.215625 0.160938 0.428906 0.0011034
0 0.887305 0.720312 0.225391 0.459375 0.00109863
1 0.0514648 0.875391 0.10293 0.249219 0.00108147
1 0.612891 0.965625 0.774219 0.06875 0.00107765
1 0.769531 0.69375 0.1375 0.346875 0.00107288
0 0.128223 0.394629 0.256445 0.657617 0.00106907
0 0.430469 0.810156 0.128906 0.21875 0.00106049
0 0.445703 0.063916 0.789844 0.127832 0.00106049
0 0.40791 0.811719 0.135742 0.209375 0.00105286
1 0.769531 0.17168 0.134375 0.155859 0.00101662
1 0.427246 0.231641 0.733008 0.38125 0.00101662
1 0.837891 0.0327148 0.324219 0.0654297 0.00100422
1 0.491016 0.510938 0.853906 0.851562 0.901855
0 0.494922 0.509766 0.877344 0.872656 0.012825
1 0.764063 0.63125 0.253125 0.615625 0.00118828
1 0.467187 0.500781 0.8 0.839063 0.829102
0 0.471094 0.501953 0.839063 0.839844 0.0223694
1 0.648047 0.477344 0.492969 0.792188 0.00112915
1 0.479688 0.505469 0.821875 0.848437 0.811523
0 0.482812 0.499609 0.817187 0.853906 0.138672
0 0.361328 0.503906 0.590625 0.845312 0.0633545
0 0.00187988 0.221436 0.00375977 0.146973 0.00327301
0 0.00181885 0.196094 0.0036377 0.135937 0.00292397
0 0.00197754 0.263867 0.00395508 0.156641 0.00232315
0 0.00179443 0.169824 0.00358887 0.117383 0.00226974
1 0.610547 0.229297 0.541406 0.346094 0.0015192
1 0.672656 0.214648 0.376563 0.320703 0.00136185
0 0.0019165 0.311914 0.00383301 0.151172 0.00129414
0 0.00185547 0.339063 0.00371094 0.145313 0.00123501
0 0.995313 0.146582 0.009375 0.0955078 0.00116062
0 0.00180664 0.366016 0.00361328 0.138281 0.00108624
0 0.995313 0.122168 0.009375 0.0947266 0.00108147
0 0.995313 0.172461 0.009375 0.0960938 0.00106525
1 0.482812 0.489844 0.839063 0.876562 0.910645
0 0.485938 0.490234 0.826563 0.885156 0.0130234
1 0.627734 0.4875 0.532031 0.86875 0.00175476
1 0.497656 0.153931 0.857813 0.194482 0.00129414
0 0.991016 0.117578 0.0179687 0.221484 0.00120163
1 0.491797 0.287891 0.838281 0.461719 0.0011158
1 0.473437 0.486719 0.8125 0.871875 0.908691
0 0.478125 0.497266 0.821875 0.866406 0.00402451
1 0.475391 0.214453 0.861719 0.428906 0.00174141
1 0.461816 0.71875 0.776367 0.425 0.00153637
1 0.484766 0.121387 0.852344 0.242773 0.00129986
0 0.944531 0.102051 0.110937 0.204102 0.00119686
0 0.484766 0.0892578 0.861719 0.178516 0.00109482
0 0.0595703 0.875977 0.116016 0.248047 0.00100803
1 0.482812 0.495313 0.817187 0.879687 0.929199
0 0.481641 0.499219 0.825781 0.859375 0.0042305
1 0.480469 0.496094 0.820312 0.860937 0.878418
0 0.48125 0.5 0.820312 0.854688 0.0432739
1 0.487891 0.49375 0.814844 0.875 0.938477
0 0.494141 0.505469 0.836719 0.86875 0.00455475
1 0.478906 0.496875 0.81875 0.871875 0.92041
0 0.478906 0.496875 0.81875 0.871875 0.00353813
1 0.478906 0.496875 0.81875 0.871875 0.920898
0 0.478906 0.496875 0.81875 0.871875 0.00351143
