0 0.460547 0.508594 0.921094 0.779688 0.801758
0 0.22832 0.876172 0.452734 0.247656 0.0184021
0 0.514063 0.900781 0.971875 0.198437 0.00933838
1 0.202539 0.880078 0.405078 0.239844 0.00831604
0 0.412891 0.464844 0.544531 0.854688 0.00784302
1 0.496875 0.510059 0.86875 0.768945 0.00516129
1 0.514063 0.900781 0.971875 0.198437 0.00462723
0 0.808789 0.457812 0.382422 0.88125 0.0041008
0 0.856445 0.848437 0.287109 0.303125 0.00391388
0 0.16416 0.878125 0.320508 0.24375 0.00349617
0 0.35332 0.262109 0.365234 0.436719 0.00275803
0 0.118555 0.45 0.237109 0.875 0.00266266
0 0.495313 0.838477 0.8625 0.323047 0.00247192
1 0.503906 0.939844 0.920313 0.120312 0.00223351
0 0.94375 0.478125 0.1125 0.86875 0.00209999
0 0.503906 0.939844 0.920313 0.120312 0.00200272
1 0.365234 0.881641 0.717969 0.236719 0.00188923
0 0.890625 0.744531 0.21875 0.510938 0.00170708
0 0.873438 0.686719 0.253125 0.6125 0.00163555
1 0.853125 0.864258 0.29375 0.271484 0.00158501
0 0.365234 0.881641 0.717969 0.236719 0.00155449
0 0.9125 0.449219 0.175 0.870313 0.00153065
0 0.476562 0.311328 0.6125 0.553906 0.00150681
0 0.806445 0.876953 0.387109 0.246094 0.00149536
0 0.835938 0.114648 0.328125 0.229297 0.00141048
0 0.309961 0.464844 0.362891 0.854688 0.00139904
1 0.450781 0.863672 0.88125 0.272656 0.00137806
1 0.510156 0.820312 0.95625 0.359375 0.00135612
0 0.483496 0.533691 0.675195 0.70918 0.00131512
0 0.235352 0.455469 0.470703 0.848437 0.00125504
0 0.877734 0.445312 0.244531 0.890625 0.00123024
0 0.852734 0.0775879 0.294531 0.155176 0.00121117
1 0.806445 0.876953 0.387109 0.246094 0.00110722
0 0.214453 0.878125 0.428906 0.24375 0.00103664
0 0.0820312 0.0755859 0.164062 0.151172 0.00103188
0 0.960547 0.552734 0.0789063 0.800781 0.00102425
0 0.870508 0.115039 0.258984 0.230078 0.00101185
0 0.798047 0.113574 0.403906 0.227148 0.00100803
0 0.533984 0.529297 0.789844 0.738281 0.817383
1 0.523438 0.530566 0.784375 0.737305 0.0288086
0 0.758203 0.530859 0.303906 0.682031 0.00351143
0 0.256836 0.223633 0.172266 0.332422 0.00136185
0 0.370898 0.224219 0.398828 0.347656 0.00114727
0 0.707812 0.50166 0.396875 0.674805 0.00105286
0 0.528516 0.522656 0.791406 0.732813 0.926758
1 0.535059 0.517578 0.764258 0.721094 0.00828552
0 0.52959 0.533594 0.77207 0.754687 0.909668
1 0.529688 0.527344 0.771875 0.746875 0.012825
0 0.00202637 0.716406 0.00405273 0.153125 0.0020504
0 0.00198975 0.666406 0.00397949 0.157813 0.0015974
0 0.0019043 0.441797 0.00380859 0.146094 0.00159168
0 0.00219727 0.9 0.00439453 0.192188 0.00153065
0 0.00192871 0.618359 0.00385742 0.155469 0.00133038
0 0.0019043 0.396875 0.00380859 0.134375 0.00132465
0 0.00192871 0.490625 0.00385742 0.150781 0.00129986
0 0.0019043 0.567187 0.00380859 0.152344 0.00118828
0 0.00205078 0.0751465 0.00410156 0.150293 0.00117874
0 0.00209961 0.11748 0.00419922 0.170508 0.00107288
0 0.529297 0.359766 0.763281 0.417188 0.00105286
0 0.00178223 0.752344 0.00356445 0.132812 0.00101662
0 0.534473 0.534766 0.776367 0.742969 0.910645
1 0.538281 0.533691 0.776563 0.745117 0.00502014
0 0.991406 0.528027 0.0171875 0.308008 0.0017271
0 0.991797 0.382715 0.0164062 0.351758 0.00118828
0 0.991797 0.448828 0.0164062 0.323438 0.00114727
0 0.991797 0.939844 0.0164062 0.120312 0.00112438
0 0.991016 0.256982 0.0179687 0.28291 0.00105667
0 0.530078 0.538184 0.783594 0.737695 0.928711
0 0.886328 0.0951172 0.227344 0.190234 0.00226974
0 0.0829102 0.105762 0.165234 0.208008 0.00191212
0 0.254883 0.210938 0.162891 0.284375 0.00181007
0 0.540625 0.96875 0.846875 0.0625 0.00152493
1 0.528125 0.532422 0.779688 0.753906 0.00146675
0 0.558496 0.0444824 0.783008 0.0889648 0.00102043
0 0.544434 0.527344 0.754883 0.74375 0.939941
0 0.547754 0.0598633 0.766992 0.119727 0.00276756
0 0.538281 0.970312 0.821875 0.059375 0.00186729
0 0.534766 0.953125 0.803906 0.09375 0.00147247
0 0.54541 0.0980469 0.749805 0.196094 0.00126457
0 0.541406 0.53291 0.754687 0.741992 0.869629
0 0.457031 0.571777 0.607813 0.670508 0.0017271
0 0.502344 0.977344 0.817187 0.0453125 0.00144386
1 0.541406 0.53291 0.754687 0.741992 0.00107765
0 0.538281 0.52959 0.764063 0.742383 0.90918
0 0.519531 0.979688 0.807813 0.040625 0.00102806
0 0.535156 0.53916 0.776563 0.73418 0.927734
1 0.536621 0.533691 0.761133 0.735742 0.00141048
0 0.535156 0.538965 0.776563 0.733008 0.927734
1 0.536816 0.533691 0.762305 0.735742 0.00138283
