0 0.446973 0.525781 0.716992 0.885938 0.857422
0 0.322656 0.530469 0.471094 0.88125 0.0375977
1 0.438184 0.517187 0.70332 0.90625 0.0259552
0 0.878711 0.523438 0.242578 0.904688 0.0183411
0 0.855469 0.782227 0.289062 0.435547 0.0114212
1 0.878711 0.523438 0.242578 0.904688 0.00682449
0 0.778516 0.84375 0.442969 0.3125 0.00434875
0 0.143164 0.890625 0.286328 0.21875 0.00400543
1 0.19707 0.889063 0.394141 0.221875 0.00352478
0 0.228174 0.541797 0.287402 0.849219 0.00341606
0 0.262305 0.880859 0.516016 0.238281 0.00309944
0 0.910156 0.767969 0.179688 0.464063 0.00291252
1 0.340234 0.883203 0.680469 0.233594 0.00284576
1 0.778516 0.84375 0.442969 0.3125 0.0024147
0 0.449121 0.367578 0.79082 0.552344 0.00226974
0 0.394141 0.861914 0.777344 0.276172 0.00216484
1 0.827734 0.818164 0.344531 0.363672 0.00195694
1 0.131641 0.89375 0.263281 0.2125 0.00188923
0 0.83125 0.480469 0.3375 0.851562 0.00188255
0 0.727734 0.872852 0.544531 0.254297 0.00186729
0 0.862109 0.081543 0.275781 0.163086 0.00183105
0 0.164453 0.89375 0.328906 0.2125 0.0017004
0 0.8375 0.102246 0.325 0.204492 0.00166798
1 0.164453 0.89375 0.328906 0.2125 0.00157356
0 0.108203 0.898438 0.2125 0.203125 0.00153637
0 0.855469 0.398438 0.289062 0.76875 0.00144386
0 0.772656 0.530469 0.454688 0.885938 0.00132465
0 0.0882813 0.917188 0.163281 0.165625 0.00131512
0 0.874609 0.0985352 0.250781 0.19707 0.00126457
1 0.862109 0.081543 0.275781 0.163086 0.0012598
0 0.0768066 0.479688 0.153613 0.89375 0.00124454
1 0.727734 0.872852 0.544531 0.254297 0.00124454
0 0.898047 0.653906 0.203906 0.614062 0.0012064
0 0.469922 0.838867 0.761719 0.278516 0.0012064
0 0.515234 0.174219 0.835156 0.348437 0.00117874
1 0.865625 0.784766 0.26875 0.430469 0.00117874
0 0.0558594 0.467969 0.111719 0.770312 0.00116062
0 0.0834473 0.892578 0.166895 0.214844 0.00112915
0 0.801953 0.339453 0.396094 0.621094 0.00112438
0 0.529688 0.132031 0.71875 0.264062 0.00109005
0 0.11416 0.224219 0.22832 0.448438 0.00103188
0 0.1125 0.074707 0.225 0.149414 0.00100803
0 0.106836 0.224414 0.205859 0.448828 0.00100803
0 0.458594 0.534375 0.746875 0.890625 0.849609
1 0.458594 0.534375 0.746875 0.890625 0.0975342
0 0.353711 0.654688 0.533203 0.623438 0.00193405
0 0.622656 0.630859 0.34375 0.639844 0.00144386
0 0.514844 0.550781 0.554688 0.785937 0.00108147
0 0.445312 0.57959 0.720312 0.783008 0.87793
1 0.442578 0.587891 0.722656 0.769531 0.0100937
0 0.435937 0.570312 0.714063 0.801562 0.935059
1 0.438281 0.575879 0.704687 0.787305 0.00643921
0 0.00203857 0.742578 0.00407715 0.166406 0.00219917
0 0.00195312 0.694922 0.00390625 0.160156 0.00208282
0 0.00185547 0.645312 0.00371094 0.151562 0.00183105
0 0.00219727 0.123267 0.00439453 0.180029 0.0017271
0 0.00183105 0.569141 0.00366211 0.142188 0.0017004
0 0.00180664 0.522266 0.00361328 0.128125 0.00141621
0 0.00212402 0.0769531 0.00424805 0.153906 0.0012207
0 0.00203857 0.169434 0.00407715 0.199414 0.00113773
0 0.00183105 0.782812 0.00366211 0.146875 0.00104809
0 0.45 0.571094 0.723437 0.798437 0.912109
1 0.451172 0.576563 0.727344 0.779688 0.00521851
0 0.992188 0.500391 0.015625 0.1625 0.00131512
0 0.991797 0.478906 0.0164062 0.230469 0.00130939
0 0.991406 0.243701 0.0171875 0.243848 0.00116062
0 0.444629 0.540625 0.713867 0.876562 0.910645
1 0.450098 0.533594 0.731055 0.870313 0.0109482
0 0.889063 0.0807617 0.221875 0.161523 0.00221634
0 0.306641 0.197461 0.0367187 0.115625 0.00115108
0 0.0996094 0.130176 0.199219 0.258398 0.00109863
0 0.875 0.771484 0.25 0.457031 0.00104809
0 0.450781 0.562891 0.692187 0.810156 0.921875
0 0.675781 0.292188 0.389062 0.407813 0.00179577
0 0.510938 0.0614746 0.807813 0.120801 0.00169373
0 0.441016 0.573828 0.696094 0.789844 0.865234
1 0.443652 0.569531 0.70332 0.789062 0.00128937
0 0.451172 0.575 0.710156 0.796875 0.883789
1 0.455078 0.576465 0.710156 0.789258 0.00148392
0 0.440527 0.589453 0.704883 0.775781 0.939941
0 0.440625 0.58916 0.704687 0.776367 0.939941
