0 0.474609 0.528125 0.888281 0.871875 0.859863
0 0.761719 0.891406 0.476562 0.217187 0.0479431
0 0.328125 0.538281 0.60625 0.860937 0.0409851
1 0.467578 0.521875 0.935156 0.88125 0.0249329
1 0.761719 0.891406 0.476562 0.217187 0.0103302
0 0.319141 0.150391 0.0554687 0.127344 0.00831604
0 0.789062 0.849023 0.421875 0.301953 0.00561905
0 0.449219 0.396875 0.898438 0.592188 0.00445175
0 0.179102 0.532031 0.328516 0.875 0.00405502
0 0.240625 0.494531 0.475781 0.907812 0.00312424
0 0.8 0.504687 0.4 0.871875 0.00254059
0 0.130469 0.465234 0.260938 0.894531 0.00235939
0 0.930469 0.90625 0.139062 0.1875 0.00201988
0 0.320312 0.165625 0.161719 0.14375 0.00200272
0 0.961719 0.498047 0.0765625 0.847656 0.0019722
0 0.160938 0.492188 0.321875 0.86875 0.00189686
0 0.234766 0.378027 0.429688 0.72207 0.00186729
0 0.946875 0.896875 0.10625 0.20625 0.00183868
0 0.0952148 0.466797 0.19043 0.836719 0.00178242
0 0.103223 0.849219 0.19707 0.301562 0.00153637
1 0.320703 0.161133 0.0585938 0.14375 0.00153065
0 0.812891 0.798633 0.374219 0.402734 0.00152493
0 0.975 0.548437 0.05 0.804688 0.00139427
0 0.855469 0.0817871 0.289062 0.163574 0.00132465
0 0.103516 0.832227 0.207031 0.335547 0.00130939
0 0.650781 0.897656 0.698438 0.204688 0.00124454
0 0.871094 0.159961 0.257812 0.319922 0.00121117
0 0.93125 0.41084 0.1375 0.762695 0.00119209
0 0.861523 0.196484 0.276953 0.392969 0.00119209
0 0.4125 0.839844 0.825 0.320312 0.00116539
0 0.958594 0.894922 0.0828125 0.210156 0.00112057
0 0.507812 0.892578 0.928125 0.214844 0.0011158
0 0.83125 0.421094 0.3375 0.842188 0.0011034
1 0.153027 0.876953 0.306055 0.246094 0.00109005
0 0.840625 0.129102 0.31875 0.258203 0.00109005
1 0.789062 0.849023 0.421875 0.301953 0.00109005
0 0.480469 0.193945 0.89375 0.387891 0.00106049
0 0.0790039 0.112109 0.158008 0.224219 0.00104427
0 0.153027 0.876953 0.306055 0.246094 0.00101185
0 0.473437 0.545313 0.9 0.86875 0.747559
1 0.476562 0.555469 0.896875 0.857813 0.418701
0 0.760938 0.525684 0.310937 0.76582 0.00438309
0 0.693359 0.454297 0.441406 0.675781 0.00242424
0 0.474219 0.530469 0.895312 0.854688 0.89502
1 0.476562 0.535937 0.90625 0.848437 0.0346985
0 0.470313 0.540625 0.875 0.828125 0.930176
1 0.478906 0.560938 0.864062 0.859375 0.0486755
0 0.322852 0.560156 0.582422 0.854688 0.00616837
0 0.470313 0.304688 0.871875 0.389062 0.00143242
0 0.255469 0.371289 0.444531 0.450391 0.00134087
0 0.472656 0.547656 0.910937 0.873438 0.931152
1 0.475781 0.548437 0.901563 0.86875 0.00352478
0 0.541309 0.439453 0.739258 0.669531 0.0018177
0 0.991797 0.500781 0.0164062 0.270312 0.00118828
0 0.479297 0.754297 0.869531 0.464844 0.00100422
0 0.471484 0.55625 0.882031 0.884375 0.888672
1 0.480469 0.546875 0.898438 0.882812 0.0140076
0 0.5 0.0445312 0.904688 0.0890625 0.0016489
0 0.488281 0.100879 0.904688 0.201758 0.00161648
0 0.788867 0.555078 0.272266 0.874219 0.00103664
0 0.476562 0.540625 0.9 0.879687 0.927734
1 0.476172 0.545313 0.891406 0.875 0.0340881
0 0.477344 0.067334 0.839063 0.13252 0.00113392
0 0.470703 0.548437 0.867969 0.875 0.899414
1 0.474609 0.549219 0.875781 0.876562 0.00669098
0 0.477344 0.535937 0.871875 0.86875 0.898926
1 0.48125 0.548437 0.8625 0.89375 0.0142288
0 0.472656 0.551562 0.901563 0.859375 0.919434
1 0.473828 0.546484 0.899219 0.869531 0.0137405
0 0.472656 0.551562 0.901563 0.859375 0.919434
1 0.473828 0.546094 0.899219 0.870313 0.013588
