1 0.460156 0.510938 0.828125 0.914062 0.866211
0 0.476953 0.511719 0.855469 0.904688 0.161011
1 0.314453 0.527734 0.514844 0.944531 0.0139008
0 0.748438 0.779492 0.503125 0.441016 0.00857544
0 0.362305 0.529297 0.644141 0.941406 0.00709534
1 0.396875 0.410937 0.74375 0.708594 0.00498199
0 0.821875 0.742188 0.35625 0.515625 0.00482941
0 0.741406 0.858203 0.517187 0.283594 0.00419998
1 0.748438 0.779492 0.503125 0.441016 0.00342941
1 0.741406 0.858203 0.517187 0.283594 0.00279999
1 0.811328 0.694531 0.377344 0.595312 0.00276756
0 0.106055 0.939844 0.203516 0.120312 0.00243378
0 0.267969 0.513281 0.455469 0.904688 0.00229645
1 0.430469 0.322852 0.8 0.527734 0.00196457
0 0.880859 0.197656 0.238281 0.35625 0.00191212
0 0.858203 0.163672 0.283594 0.327344 0.00150681
0 0.0533203 0.345703 0.106641 0.602344 0.00150108
0 0.907031 0.29082 0.185937 0.476172 0.00143242
1 0.880859 0.197656 0.238281 0.35625 0.00141048
0 0.958984 0.347656 0.0820312 0.4375 0.00134563
0 0.212109 0.889844 0.424219 0.220313 0.00130463
0 0.83418 0.258203 0.331641 0.438281 0.00129986
1 0.958984 0.347656 0.0820312 0.4375 0.00127411
1 0.83418 0.258203 0.331641 0.438281 0.00126457
0 0.838867 0.804688 0.322266 0.390625 0.00123024
0 0.280273 0.642578 0.537891 0.619531 0.00123024
1 0.212109 0.889844 0.424219 0.220313 0.00121117
0 0.801758 0.161914 0.396484 0.317578 0.0012064
1 0.847656 0.34668 0.304688 0.533203 0.00120163
1 0.907031 0.29082 0.185937 0.476172 0.00119686
0 0.930469 0.311719 0.139062 0.426562 0.00119209
1 0.169043 0.896875 0.338086 0.20625 0.00119209
0 0.971484 0.435937 0.0570313 0.552344 0.00117397
0 0.497656 0.84375 0.940625 0.3125 0.0011692
1 0.826367 0.861328 0.347266 0.277344 0.00115585
0 0.862891 0.0491211 0.274219 0.0982422 0.00114727
0 0.847656 0.34668 0.304688 0.533203 0.0011425
0 0.0612793 0.0943359 0.122559 0.188672 0.00113392
1 0.930469 0.311719 0.139062 0.426562 0.00113392
1 0.861328 0.721094 0.277344 0.557813 0.00112915
1 0.971484 0.435937 0.0570313 0.552344 0.00109863
0 0.169043 0.896875 0.338086 0.20625 0.00107765
0 0.056543 0.196484 0.113086 0.392969 0.00107288
0 0.476562 0.640625 0.93125 0.703125 0.00105667
0 0.192383 0.509375 0.352734 0.8875 0.00105286
1 0.239844 0.510156 0.428125 0.895312 0.00102425
0 0.473047 0.286133 0.853906 0.569922 0.00102043
1 0.478906 0.260938 0.826563 0.460156 0.00101185
1 0.498437 0.540625 0.909375 0.915625 0.938477
0 0.501562 0.537891 0.971875 0.913281 0.00784302
1 0.512891 0.14248 0.896094 0.189258 0.00540543
1 0.640234 0.5375 0.596094 0.895312 0.00102043
1 0.495313 0.515625 0.91875 0.915625 0.908203
0 0.495313 0.515625 0.91875 0.915625 0.00496292
1 0.517969 0.534375 0.83125 0.921875 0.928711
0 0.502344 0.531641 0.873438 0.924219 0.00526047
0 0.00200195 0.0743652 0.00400391 0.14873 0.00131989
1 0.494531 0.502344 0.945312 0.921875 0.930176
1 0.510938 0.145142 0.8875 0.178467 0.00428009
1 0.502734 0.184766 0.878906 0.249219 0.00304031
1 0.505469 0.314063 0.904688 0.517969 0.00235939
1 0.506641 0.0739746 0.913281 0.147949 0.00201035
0 0.494531 0.502344 0.945312 0.921875 0.00163555
0 0.991406 0.151855 0.0171875 0.231445 0.00157356
1 0.639941 0.513281 0.599805 0.914062 0.00131512
0 0.991016 0.932813 0.0179687 0.134375 0.00125504
1 0.512109 0.0383301 0.891406 0.0766602 0.00121117
1 0.501172 0.512109 0.880469 0.919531 0.915039
1 0.458594 0.754297 0.854688 0.491406 0.00188923
0 0.501172 0.512109 0.880469 0.919531 0.00116539
1 0.473535 0.381641 0.756055 0.650781 0.00106525
1 0.55 0.526953 0.765625 0.946094 0.938477
1 0.491016 0.517969 0.869531 0.917188 0.894531
0 0.498437 0.517578 0.859375 0.921094 0.006073
1 0.507422 0.523438 0.842969 0.9125 0.92627
1 0.476562 0.522656 0.9 0.920313 0.923828
1 0.476562 0.522656 0.9 0.920313 0.92334
