0 0.437109 0.525781 0.692969 0.8 0.82666
0 0.287451 0.529688 0.397754 0.803125 0.0459595
1 0.446875 0.527344 0.726562 0.792188 0.0375977
0 0.0875 0.494531 0.175 0.873438 0.0145035
0 0.730469 0.942187 0.539062 0.115625 0.0129242
0 0.225195 0.530078 0.278125 0.803906 0.0102921
0 0.919922 0.945312 0.160156 0.109375 0.00963593
1 0.769141 0.940625 0.461719 0.11875 0.00751877
0 0.912891 0.489062 0.174219 0.86875 0.0068779
0 0.883594 0.946094 0.23125 0.107813 0.00677109
0 0.222266 0.496094 0.444531 0.876562 0.00598145
0 0.0591797 0.478906 0.118359 0.835938 0.00475693
1 0.0875 0.494531 0.175 0.873438 0.00438309
0 0.395312 0.128809 0.05625 0.17207 0.00400543
0 0.508984 0.874219 0.939844 0.251563 0.00397491
0 0.950781 0.941406 0.0984375 0.117188 0.00338936
0 0.908203 0.614746 0.183594 0.67832 0.00337601
0 0.861328 0.46875 0.277344 0.871875 0.00336266
1 0.919922 0.945312 0.160156 0.109375 0.00271416
0 0.391309 0.165234 0.131445 0.0917969 0.00270462
1 0.0591797 0.478906 0.118359 0.835938 0.00259018
0 0.857813 0.617188 0.284375 0.66875 0.00256157
0 0.402441 0.190625 0.20293 0.0894531 0.00230598
0 0.482812 0.824023 0.878125 0.351953 0.00225258
0 0.0480469 0.783008 0.0960938 0.390234 0.00213242
1 0.910937 0.474219 0.178125 0.889063 0.00212479
0 0.907812 0.941406 0.184375 0.117188 0.0020504
0 0.501562 0.921094 0.932813 0.157813 0.0020504
0 0.43584 0.382812 0.70332 0.484375 0.00201035
1 0.820508 0.928125 0.358984 0.14375 0.00197983
0 0.397559 0.129858 0.133008 0.134814 0.00185299
0 0.820508 0.928125 0.358984 0.14375 0.00183868
0 0.525781 0.9625 0.948438 0.075 0.00159168
0 0.892969 0.339258 0.214062 0.678516 0.00155449
1 0.222266 0.496094 0.444531 0.876562 0.00152493
0 0.0513184 0.827734 0.102637 0.344531 0.00151253
1 0.681934 0.945312 0.636133 0.109375 0.00150108
1 0.501562 0.921094 0.932813 0.157813 0.00147247
1 0.436719 0.204883 0.395312 0.116016 0.00139427
1 0.508984 0.874219 0.939844 0.251563 0.00137806
1 0.395312 0.128809 0.05625 0.17207 0.00131512
0 0.124121 0.443066 0.248242 0.766992 0.00127888
0 0.402246 0.206201 0.250195 0.115723 0.00126934
0 0.283398 0.36875 0.403516 0.557031 0.00125504
0 0.0875 0.388965 0.175 0.645508 0.00124454
1 0.861328 0.46875 0.277344 0.871875 0.00116062
1 0.391309 0.165234 0.131445 0.0917969 0.00115585
1 0.0507812 0.873438 0.101562 0.253125 0.0011425
0 0.436719 0.204883 0.395312 0.116016 0.00112915
1 0.883594 0.946094 0.23125 0.107813 0.00110722
0 0.0554687 0.816211 0.110937 0.367578 0.00110722
1 0.857813 0.617188 0.284375 0.66875 0.00109482
0 0.862891 0.238672 0.274219 0.477344 0.00109005
1 0.419141 0.188721 0.2625 0.0936523 0.00108624
1 0.525781 0.9625 0.948438 0.075 0.00105667
1 0.482812 0.824023 0.878125 0.351953 0.00104809
0 0.0431152 0.710547 0.0862305 0.527344 0.00104046
1 0.0480469 0.783008 0.0960938 0.390234 0.00101185
0 0.456348 0.53125 0.74668 0.809375 0.598145
1 0.456348 0.53125 0.74668 0.809375 0.495117
0 0.698438 0.525 0.276563 0.765625 0.00669098
0 0.581641 0.529688 0.500781 0.790625 0.00279999
1 0.673437 0.530469 0.3125 0.748438 0.0016613
1 0.467578 0.233203 0.766406 0.192969 0.00160408
0 0.437891 0.230518 0.290625 0.181152 0.00146103
0 0.384766 0.106445 0.0328125 0.116211 0.00109005
1 0.581641 0.529688 0.500781 0.790625 0.00104046
1 0.450879 0.540234 0.749805 0.780469 0.786133
0 0.454004 0.537598 0.760742 0.77168 0.275146
1 0.453027 0.546484 0.74707 0.761719 0.813477
0 0.453125 0.54834 0.746875 0.761133 0.44751
0 0.00194092 0.226221 0.00388184 0.175684 0.00268364
0 0.00198975 0.265234 0.00397949 0.20625 0.00174809
0 0.313672 0.538672 0.447656 0.769531 0.0016489
0 0.00180664 0.177734 0.00361328 0.139453 0.00164223
1 0.467285 0.536816 0.748242 0.788867 0.930664
1 0.502344 0.0862305 0.857813 0.172461 0.00195694
0 0.468848 0.529688 0.729492 0.804688 0.0018034
1 0.489453 0.133398 0.817969 0.266797 0.00160408
0 0.991016 0.118164 0.0179687 0.236328 0.00123978
0 0.991797 0.542188 0.0164062 0.33125 0.00119686
0 0.992188 0.651563 0.015625 0.354688 0.00102425
0 0.402246 0.673437 0.62207 0.50625 0.00101662
1 0.461621 0.5375 0.75332 0.795313 0.90918
0 0.461035 0.544922 0.75293 0.778906 0.163696
0 0.0585938 0.873828 0.113672 0.252344 0.00106907
1 0.461328 0.539844 0.742969 0.801562 0.918457
0 0.465234 0.533496 0.732031 0.781445 0.0064888
1 0.460938 0.534766 0.728125 0.780469 0.829102
0 0.458594 0.531348 0.728125 0.788867 0.21936
1 0.461621 0.536621 0.737695 0.789258 0.924805
0 0.4625 0.535156 0.732813 0.7875 0.0179138
1 0.460547 0.534375 0.744531 0.7875 0.912109
0 0.460938 0.535937 0.746875 0.7875 0.0168457
1 0.460547 0.534375 0.744531 0.7875 0.911621
0 0.460938 0.535937 0.746875 0.7875 0.0167847
