0 0.494141 0.510547 0.819531 0.819531 0.884277
0 0.331055 0.516406 0.533984 0.817187 0.140991
0 0.683984 0.766211 0.632031 0.467578 0.0124283
0 0.233398 0.521875 0.350391 0.8125 0.0123825
1 0.523438 0.517969 0.873438 0.839063 0.0115509
0 0.654297 0.839453 0.691406 0.321094 0.00547028
0 0.763281 0.733984 0.473437 0.532031 0.00503922
0 0.1875 0.503125 0.252344 0.778125 0.00302696
0 0.131421 0.444531 0.151221 0.789062 0.0029583
0 0.840625 0.676562 0.31875 0.635938 0.00292397
0 0.108789 0.416016 0.217578 0.832031 0.00283432
0 0.846094 0.507031 0.307813 0.842188 0.00282288
0 0.516797 0.884375 0.966406 0.23125 0.00277901
0 0.0529297 0.413965 0.105859 0.75957 0.00235939
0 0.488281 0.28125 0.895312 0.5625 0.00230598
1 0.654297 0.839453 0.691406 0.321094 0.00196457
0 0.167383 0.382031 0.241797 0.764063 0.00184631
0 0.503906 0.924219 0.951563 0.151562 0.00158501
0 0.447656 0.362109 0.823438 0.492188 0.00155449
0 0.809961 0.772461 0.380078 0.455078 0.0015192
1 0.683984 0.766211 0.632031 0.467578 0.00148392
0 0.842773 0.187891 0.314453 0.375781 0.00141621
0 0.156836 0.403027 0.197266 0.608008 0.00141048
1 0.194922 0.914844 0.389844 0.170312 0.00139904
0 0.485156 0.192969 0.875 0.385938 0.00137806
0 0.890625 0.49375 0.21875 0.860937 0.00137806
0 0.889063 0.646094 0.221875 0.690625 0.00133514
0 0.866016 0.263281 0.267969 0.526563 0.00133514
0 0.0760254 0.380664 0.152051 0.761328 0.00130939
0 0.822266 0.165723 0.355469 0.331445 0.00130463
0 0.0563477 0.304688 0.112695 0.609375 0.0012846
0 0.5125 0.83457 0.93125 0.277734 0.00126934
0 0.194922 0.914844 0.389844 0.170312 0.00124931
1 0.503906 0.924219 0.951563 0.151562 0.00124931
0 0.0681641 0.211719 0.136328 0.423438 0.00121593
0 0.0662109 0.236328 0.129883 0.472656 0.0012064
0 0.0647949 0.507422 0.12959 0.774219 0.00115108
0 0.855859 0.0829102 0.288281 0.16582 0.00113392
1 0.882227 0.511719 0.235547 0.854688 0.00113392
0 0.789062 0.838867 0.421875 0.322266 0.00109482
1 0.763281 0.733984 0.473437 0.532031 0.00108147
0 0.0693359 0.162891 0.138672 0.325781 0.00105667
0 0.0694824 0.116992 0.138965 0.233984 0.00104046
0 0.240625 0.90625 0.48125 0.1875 0.00103188
0 0.507031 0.363672 0.851562 0.727344 0.00101662
0 0.491016 0.524609 0.839844 0.824219 0.922363
1 0.4875 0.528516 0.835938 0.814844 0.0432739
0 0.751953 0.491504 0.302344 0.73418 0.00898743
0 0.687891 0.483203 0.422656 0.735156 0.00656509
0 0.509375 0.519922 0.865625 0.813281 0.931152
1 0.509375 0.519922 0.865625 0.813281 0.01017
0 0.4875 0.522656 0.8125 0.795313 0.937988
1 0.4875 0.522656 0.8125 0.795313 0.0156708
0 0.00212402 0.118652 0.00424805 0.199414 0.00219917
0 0.00205078 0.0799805 0.00410156 0.159961 0.00190449
0 0.00195312 0.833594 0.00390625 0.164062 0.00124931
0 0.00197754 0.785156 0.00395508 0.189063 0.00107288
0 0.00200195 0.164258 0.00400391 0.221094 0.00106049
0 0.5125 0.521094 0.875 0.804688 0.916016
1 0.511719 0.51875 0.875 0.801562 0.00345612
0 0.991406 0.153809 0.0171875 0.212695 0.0019722
0 0.501172 0.701563 0.797656 0.453125 0.0018177
0 0.991016 0.102051 0.0179687 0.17793 0.00123024
0 0.498828 0.514453 0.839844 0.830469 0.906738
1 0.505469 0.522266 0.8625 0.825781 0.00524139
0 0.514844 0.0972656 0.889063 0.194531 0.00155449
0 0.521094 0.692578 0.823438 0.480469 0.00153637
0 0.0655273 0.130664 0.131055 0.261328 0.00148964
0 0.520312 0.0402344 0.89375 0.0804688 0.00113392
0 0.503906 0.516016 0.834375 0.827344 0.912598
1 0.513281 0.522656 0.814062 0.801562 0.0053215
0 0.511328 0.0592773 0.861719 0.115234 0.00214958
0 0.055957 0.648047 0.0394531 0.0554687 0.00183105
0 0.498437 0.523828 0.828125 0.807031 0.863281
1 0.498437 0.523828 0.828125 0.807031 0.00194168
0 0.502344 0.517187 0.81875 0.817187 0.893066
1 0.503906 0.514844 0.810938 0.817187 0.00199509
0 0.496484 0.521875 0.836719 0.8125 0.936523
1 0.500781 0.51875 0.826563 0.815625 0.0069046
0 0.496484 0.521875 0.836719 0.8125 0.936523
1 0.500781 0.51875 0.826563 0.815625 0.0068779
