0 0.537109 0.5625 0.885156 0.701563 0.82373
0 0.286523 0.866406 0.573047 0.267188 0.0410767
1 0.498437 0.567187 0.971875 0.70625 0.0276947
0 0.108594 0.262109 0.2125 0.484375 0.0197906
0 0.461328 0.559473 0.610937 0.693555 0.0131226
1 0.286523 0.866406 0.573047 0.267188 0.0123367
0 0.430469 0.863281 0.85 0.273438 0.00643921
0 0.861523 0.837891 0.276953 0.324219 0.00568771
0 0.214648 0.469922 0.426172 0.832031 0.0050621
0 0.338867 0.551562 0.373047 0.68125 0.00466537
0 0.311328 0.479688 0.622656 0.853125 0.0041008
0 0.154199 0.282031 0.308398 0.564062 0.00366402
0 0.118945 0.423047 0.2375 0.766406 0.00363541
0 0.528906 0.954687 0.942187 0.090625 0.00317192
1 0.430469 0.863281 0.85 0.273438 0.00304031
0 0.879687 0.785547 0.240625 0.428906 0.00271416
0 0.156641 0.424219 0.313281 0.842188 0.00248146
1 0.861523 0.837891 0.276953 0.324219 0.0024147
0 0.794531 0.876953 0.410937 0.246094 0.0020752
1 0.214648 0.469922 0.426172 0.832031 0.00191212
0 0.530469 0.9125 0.90625 0.175 0.00190449
1 0.311328 0.479688 0.622656 0.853125 0.00189686
1 0.528906 0.954687 0.942187 0.090625 0.0017271
0 0.868164 0.411328 0.263672 0.808594 0.00171375
1 0.794531 0.876953 0.410937 0.246094 0.00168133
1 0.484277 0.558984 0.656445 0.678906 0.00167465
0 0.836914 0.114258 0.326172 0.228516 0.00151253
0 0.873438 0.303125 0.253125 0.60625 0.00137806
0 0.558594 0.788281 0.860937 0.267188 0.00130463
1 0.879687 0.785547 0.240625 0.428906 0.00130463
1 0.118945 0.423047 0.2375 0.766406 0.00130463
1 0.537109 0.932031 0.925781 0.135937 0.00126457
0 0.838281 0.0889648 0.323438 0.17793 0.00117397
0 0.825391 0.463281 0.349219 0.907812 0.00112057
0 0.8625 0.228125 0.275 0.45625 0.00111198
0 0.0771973 0.0958008 0.154395 0.191602 0.00110722
0 0.846289 0.17334 0.307422 0.34668 0.00108147
0 0.478906 0.389453 0.95 0.767969 0.00107288
0 0.847461 0.742969 0.305078 0.514063 0.00104809
0 0.909375 0.101758 0.159375 0.196094 0.00103188
1 0.560938 0.570215 0.853125 0.706445 0.76123
0 0.535937 0.574609 0.896875 0.703906 0.151245
0 0.112109 0.32168 0.224219 0.325391 0.02034
1 0.108887 0.322217 0.217773 0.346191 0.00331116
1 0.357617 0.482812 0.715234 0.814062 0.00107288
0 0.573438 0.565625 0.828125 0.70625 0.520508
1 0.570703 0.564844 0.830469 0.704687 0.480469
0 0.112793 0.324414 0.21582 0.325391 0.016098
0 0.575879 0.575391 0.799805 0.702344 0.833008
1 0.564844 0.575781 0.828125 0.701563 0.0963745
0 0.4 0.579297 0.495313 0.682031 0.0020752
0 0.00197754 0.690625 0.00395508 0.160938 0.00136185
0 0.00222168 0.873438 0.00444336 0.19375 0.00120163
0 0.566797 0.409277 0.799219 0.383008 0.00109863
0 0.567578 0.571484 0.847656 0.699219 0.695801
1 0.574219 0.568359 0.832812 0.697656 0.560059
0 0.577344 0.555566 0.834375 0.710742 0.85791
1 0.573828 0.559473 0.836719 0.706055 0.0626831
0 0.111914 0.300049 0.21875 0.369434 0.00963593
0 0.528906 0.104297 0.91875 0.208594 0.00455475
0 0.527344 0.0473633 0.920313 0.0947266 0.00230598
1 0.528906 0.104297 0.91875 0.208594 0.00130463
0 0.917188 0.891406 0.165625 0.217187 0.00124454
0 0.58125 0.560254 0.798437 0.707617 0.913086
1 0.580469 0.562402 0.803125 0.706445 0.00891876
0 0.11084 0.304639 0.213477 0.373535 0.00387001
0 0.51875 0.113281 0.884375 0.226562 0.00314713
0 0.514844 0.0724609 0.901563 0.144141 0.00198746
0 0.108398 0.525781 0.205078 0.795313 0.00112438
0 0.571875 0.559277 0.803125 0.717383 0.85791
1 0.575781 0.560547 0.798437 0.719531 0.0210419
0 0.583594 0.562109 0.798437 0.707031 0.867188
1 0.578906 0.562109 0.796875 0.708594 0.100891
0 0.570312 0.567578 0.815625 0.705469 0.898438
1 0.574219 0.564453 0.8125 0.696094 0.0432129
0 0.570703 0.567578 0.816406 0.705469 0.898926
1 0.573828 0.564453 0.811719 0.696094 0.0429688
