0 0.486719 0.595703 0.875 0.760156 0.820801
0 0.209375 0.50625 0.41875 0.932813 0.0118713
0 0.939062 0.95 0.121875 0.1 0.0113297
0 0.779883 0.942969 0.440234 0.114063 0.00993347
0 0.458203 0.594922 0.580469 0.747656 0.00793457
0 0.892187 0.950391 0.215625 0.0992187 0.00717545
0 0.120801 0.489453 0.238086 0.878906 0.00714874
1 0.779883 0.942969 0.440234 0.114063 0.00568771
0 0.354736 0.582422 0.376465 0.775781 0.00518036
0 0.204883 0.336914 0.407422 0.605078 0.00518036
0 0.95 0.949219 0.1 0.101562 0.00429916
0 0.483594 0.858203 0.914062 0.283594 0.00411606
1 0.486719 0.595703 0.875 0.760156 0.00395966
0 0.796875 0.482031 0.40625 0.910937 0.00346947
0 0.502344 0.9 0.926562 0.2 0.0030632
1 0.919531 0.949609 0.160938 0.100781 0.00277901
0 0.224219 0.25918 0.428125 0.478516 0.00277901
0 0.32832 0.486719 0.648047 0.951563 0.00273705
1 0.209375 0.50625 0.41875 0.932813 0.00261116
0 0.826367 0.929688 0.347266 0.140625 0.00221634
1 0.826367 0.929688 0.347266 0.140625 0.00219917
0 0.96875 0.55791 0.0625 0.785742 0.00219154
0 0.935547 0.490625 0.128906 0.884375 0.00213242
1 0.111523 0.516406 0.223047 0.939062 0.00203514
1 0.502344 0.9 0.926562 0.2 0.00201988
0 0.124414 0.324609 0.241016 0.524219 0.00198746
0 0.921875 0.947656 0.15625 0.104687 0.00194168
0 0.471094 0.450781 0.870313 0.885938 0.00182438
1 0.483594 0.858203 0.914062 0.283594 0.00177479
0 0.841406 0.597656 0.317187 0.710938 0.00169373
0 0.851758 0.951172 0.296484 0.0976562 0.00159168
0 0.0486816 0.758594 0.0973633 0.448438 0.00138855
0 0.0878906 0.496094 0.175781 0.892187 0.00134563
0 0.910156 0.448828 0.179688 0.855469 0.00129414
0 0.465625 0.441309 0.846875 0.533008 0.00126934
1 0.95 0.949219 0.1 0.101562 0.00122547
0 0.64834 0.9375 0.695508 0.125 0.0011425
0 0.0665039 0.0832031 0.133008 0.166406 0.00113392
1 0.819531 0.474219 0.360938 0.928125 0.00109482
0 0.963281 0.653125 0.0734375 0.595312 0.00109005
1 0.0527832 0.886719 0.105566 0.226562 0.00107288
0 0.749609 0.570703 0.375781 0.761719 0.00104809
0 0.705469 0.95 0.58125 0.1 0.00104427
0 0.561719 0.924219 0.839063 0.151562 0.00102806
0 0.0530273 0.828906 0.106055 0.342187 0.00102806
0 0.550781 0.59834 0.746875 0.706445 0.852051
1 0.550781 0.59834 0.746875 0.706445 0.076416
0 0.54375 0.339453 0.742188 0.201562 0.0042305
0 0.702734 0.590625 0.414844 0.664062 0.00380898
0 0.534375 0.312891 0.226562 0.132812 0.00332451
1 0.54375 0.339453 0.742188 0.201562 0.00328636
0 0.485547 0.241064 0.0320312 0.165527 0.00296974
0 0.486328 0.235547 0.0359375 0.104687 0.00225258
0 0.555469 0.295703 0.265625 0.0929687 0.00151253
1 0.534375 0.312891 0.226562 0.132812 0.00134087
0 0.541504 0.591406 0.757617 0.715625 0.870117
1 0.552344 0.593066 0.748438 0.704492 0.0219421
0 0.54375 0.606641 0.729688 0.705469 0.943359
1 0.536328 0.601172 0.736719 0.696094 0.0201721
0 0.537891 0.342969 0.738281 0.214844 0.00307465
0 0.00192871 0.149414 0.00385742 0.107422 0.00252151
0 0.00212402 0.0549805 0.00424805 0.109961 0.00219154
0 0.00195312 0.364844 0.00390625 0.203125 0.00203514
0 0.00197754 0.128345 0.00395508 0.122998 0.00191879
0 0.536328 0.273047 0.752344 0.29375 0.00164223
0 0.0020752 0.864062 0.00415039 0.254687 0.00150108
0 0.00197754 0.403906 0.00395508 0.221875 0.00142097
0 0.00180664 0.325781 0.00361328 0.164062 0.00136662
0 0.550391 0.423047 0.739844 0.357031 0.00132465
0 0.00201416 0.484766 0.00402832 0.175781 0.00119209
0 0.544141 0.301562 0.749219 0.207031 0.00109863
0 0.00200195 0.817187 0.00400391 0.228125 0.00104046
0 0.550391 0.59375 0.742969 0.704687 0.925781
1 0.550391 0.595703 0.747656 0.705469 0.00619125
0 0.541504 0.595312 0.75293 0.720312 0.928711
0 0.938281 0.117969 0.123438 0.235938 0.00237846
1 0.54541 0.598047 0.74668 0.728906 0.00217438
0 0.936719 0.0665039 0.126563 0.132617 0.00149536
0 0.526563 0.0611328 0.865625 0.122266 0.00146675
0 0.521484 0.141211 0.841406 0.282422 0.00104809
0 0.553125 0.594434 0.728125 0.720508 0.929199
0 0.537891 0.593359 0.725781 0.708594 0.88623
1 0.540234 0.594922 0.721094 0.719531 0.00230598
0 0.548437 0.602246 0.732813 0.720508 0.900879
1 0.551172 0.596875 0.730469 0.717188 0.00274658
0 0.545313 0.600391 0.732813 0.711719 0.927734
1 0.548437 0.600879 0.7375 0.712305 0.00399017
0 0.545313 0.600391 0.732813 0.711719 0.927734
1 0.548437 0.600879 0.7375 0.712305 0.00395966
