1 0.457812 0.514941 0.695312 0.723242 0.538086
0 0.460938 0.513672 0.676562 0.725781 0.369385
0 0.751562 0.945312 0.496875 0.109375 0.012146
1 0.767578 0.939844 0.464844 0.120312 0.00800323
0 0.922266 0.944531 0.155469 0.110937 0.0078125
0 0.889063 0.945703 0.220313 0.108594 0.00595856
1 0.334375 0.504297 0.44375 0.744531 0.00492477
0 0.95 0.941016 0.096875 0.117969 0.00356483
0 0.907031 0.489844 0.185937 0.832812 0.00353813
0 0.334375 0.504297 0.44375 0.744531 0.003088
0 0.490625 0.928125 0.971875 0.14375 0.00251198
0 0.0771484 0.420312 0.154297 0.70625 0.00223351
0 0.902344 0.615625 0.195312 0.65 0.00221634
1 0.204297 0.448438 0.408594 0.771875 0.00219917
1 0.0771484 0.420312 0.154297 0.70625 0.00218201
0 0.867188 0.48125 0.265625 0.807813 0.00212479
0 0.525391 0.985547 0.949219 0.0289063 0.00209999
0 0.841797 0.619141 0.316406 0.639844 0.00206757
1 0.513281 0.982031 0.973437 0.0359375 0.00195694
1 0.922266 0.944531 0.155469 0.110937 0.00192642
0 0.0461914 0.775781 0.0923828 0.360938 0.00191212
0 0.204297 0.448438 0.408594 0.771875 0.00191212
0 0.467969 0.84668 0.923437 0.306641 0.00179577
1 0.907031 0.489844 0.185937 0.832812 0.00166798
0 0.907812 0.940234 0.184375 0.119531 0.00166798
1 0.814844 0.925781 0.370313 0.148438 0.00156689
1 0.490625 0.928125 0.971875 0.14375 0.00153065
1 0.491406 0.967969 0.954687 0.0640625 0.00150681
0 0.491406 0.967969 0.954687 0.0640625 0.00146675
0 0.675 0.96875 0.65 0.0625 0.00146103
0 0.814844 0.925781 0.370313 0.148438 0.00145531
0 0.790625 0.576465 0.41875 0.706445 0.00143814
0 0.0939453 0.354492 0.187891 0.578516 0.0014267
1 0.675 0.96875 0.65 0.0625 0.00142097
1 0.867188 0.48125 0.265625 0.807813 0.00139904
0 0.122363 0.378906 0.244336 0.634375 0.00134087
0 0.065625 0.380078 0.13125 0.616406 0.00133514
0 0.428516 0.131836 0.0617188 0.130859 0.00122547
0 0.889844 0.353125 0.220313 0.70625 0.0012064
0 0.512891 0.952734 0.974219 0.0945313 0.00119686
0 0.0501465 0.829297 0.100293 0.341406 0.00118828
1 0.050293 0.876562 0.100586 0.246875 0.00114727
1 0.841797 0.619141 0.316406 0.639844 0.0011425
1 0.0601074 0.433984 0.120215 0.716406 0.00109863
1 0.0939453 0.354492 0.187891 0.578516 0.00105667
0 0.870313 0.233984 0.259375 0.467969 0.00105667
1 0.04375 0.756641 0.0875 0.383594 0.00104809
0 0.741016 0.678125 0.517969 0.514063 0.00103188
1 0.122363 0.378906 0.244336 0.634375 0.00102425
1 0.467969 0.84668 0.923437 0.306641 0.00100803
1 0.466309 0.517969 0.67832 0.720312 0.930176
0 0.471484 0.515625 0.707031 0.734375 0.0139542
1 0.273047 0.502734 0.546094 0.891406 0.00658798
1 0.195703 0.496875 0.391406 0.90625 0.00117397
1 0.471875 0.51416 0.70625 0.707617 0.858398
0 0.471875 0.51416 0.70625 0.707617 0.00226974
0 0.0067749 0.876953 0.0135498 0.246094 0.00156689
1 0.470313 0.518652 0.704687 0.723633 0.912598
0 0.466016 0.516016 0.697656 0.721094 0.00634003
0 0.00200195 0.242969 0.00400391 0.196875 0.00388527
0 0.00187988 0.201221 0.00375977 0.153809 0.00273705
0 0.00196533 0.285547 0.00393066 0.205469 0.00205803
0 0.00192871 0.491016 0.00385742 0.153906 0.00157928
0 0.00195312 0.335352 0.00390625 0.190234 0.00157356
0 0.00187988 0.440625 0.00375977 0.164844 0.00146675
0 0.0019043 0.387598 0.00380859 0.17793 0.00145531
0 0.00197754 0.887109 0.00395508 0.225781 0.00129414
0 0.00192871 0.151562 0.00385742 0.144531 0.00127411
1 0.482031 0.514941 0.707812 0.726367 0.925293
0 0.991797 0.826563 0.0164062 0.34375 0.00110722
1 0.473047 0.517187 0.697656 0.729688 0.922363
1 0.457031 0.672656 0.667188 0.4125 0.0024147
0 0.477344 0.516797 0.720312 0.747656 0.00142097
1 0.479297 0.514063 0.689844 0.734375 0.913086
1 0.463965 0.513281 0.67832 0.734375 0.877441
0 0.461719 0.513184 0.667188 0.726758 0.00834656
1 0.469531 0.514941 0.695312 0.735742 0.916504
0 0.469141 0.516309 0.686719 0.726758 0.00244331
1 0.469141 0.516016 0.694531 0.725781 0.903809
0 0.466797 0.516406 0.686719 0.728125 0.00634003
1 0.469141 0.516016 0.694531 0.725781 0.903809
0 0.466797 0.516406 0.686719 0.728125 0.00616837
