0 0.566504 0.447656 0.71543 0.851562 0.801758
0 0.441406 0.455469 0.882812 0.851562 0.185913
1 0.566504 0.447656 0.71543 0.851562 0.0965576
0 0.327344 0.454688 0.482031 0.8625 0.0116882
1 0.296094 0.453906 0.565625 0.892187 0.0051384
1 0.163477 0.454688 0.322656 0.903125 0.00500107
0 0.163477 0.454688 0.322656 0.903125 0.00432968
0 0.118652 0.435547 0.237305 0.867969 0.00286674
0 0.169043 0.3 0.106445 0.096875 0.00277901
1 0.169043 0.3 0.106445 0.096875 0.00268364
0 0.903906 0.755859 0.192188 0.488281 0.00263214
0 0.155469 0.290039 0.0738281 0.0832031 0.00219917
0 0.852539 0.151953 0.294922 0.303906 0.00194168
0 0.851367 0.804102 0.297266 0.391797 0.0018034
0 0.856641 0.0737793 0.286719 0.147559 0.0017004
0 0.430078 0.277344 0.860156 0.507812 0.00169373
0 0.872656 0.183008 0.254687 0.366016 0.0016489
0 0.510938 0.911719 0.978125 0.176563 0.00164223
0 0.782031 0.83457 0.435937 0.330859 0.00157928
0 0.839844 0.732813 0.320312 0.526563 0.00156116
0 0.836914 0.115918 0.326172 0.231836 0.00155449
0 0.495313 0.864453 0.965625 0.271094 0.00150681
1 0.441406 0.455469 0.882812 0.851562 0.0014782
0 0.4875 0.153711 0.878125 0.261719 0.00147247
0 0.911719 0.437402 0.176563 0.725195 0.00145531
0 0.0681641 0.257227 0.129688 0.514453 0.00141048
0 0.808984 0.774805 0.382031 0.450391 0.00140476
0 0.949219 0.479297 0.101562 0.777344 0.00140476
0 0.823438 0.481348 0.353125 0.799805 0.00138855
0 0.0651367 0.258594 0.130273 0.517187 0.00135136
1 0.180859 0.9375 0.361719 0.125 0.00131989
1 0.118652 0.435547 0.237305 0.867969 0.00128937
1 0.853516 0.136914 0.292969 0.273828 0.0012846
0 0.800391 0.119531 0.399219 0.239063 0.00123501
1 0.856641 0.0737793 0.286719 0.147559 0.00122547
0 0.831641 0.860742 0.336719 0.278516 0.0012064
1 0.836914 0.115918 0.326172 0.231836 0.00115585
0 0.0582031 0.332031 0.116406 0.615625 0.00115108
1 0.866016 0.170117 0.267969 0.340234 0.00111198
1 0.510938 0.911719 0.978125 0.176563 0.00110722
0 0.180859 0.9375 0.361719 0.125 0.00109482
0 0.483203 0.079248 0.874219 0.158496 0.00107288
0 0.902344 0.223438 0.195312 0.44375 0.00104046
1 0.911719 0.437402 0.176563 0.725195 0.00102806
0 0.0682617 0.363086 0.136523 0.726172 0.00102425
0 0.936328 0.267578 0.127344 0.482031 0.00100803
1 0.563672 0.472656 0.775781 0.870313 0.851562
0 0.552441 0.473437 0.78418 0.875 0.11676
1 0.571875 0.463281 0.732813 0.848437 0.838867
0 0.574609 0.460156 0.747656 0.839063 0.0505981
1 0.57334 0.466406 0.704883 0.839063 0.845215
0 0.572754 0.46875 0.704492 0.842188 0.204956
0 0.00202637 0.711328 0.00405273 0.227344 0.0028553
0 0.00202637 0.755078 0.00405273 0.227344 0.00240517
0 0.00219727 0.118848 0.00439453 0.194336 0.00239754
0 0.00202637 0.828906 0.00405273 0.198437 0.00198746
0 0.00212402 0.0789063 0.00424805 0.157813 0.00183105
0 0.00209961 0.16582 0.00419922 0.210547 0.0014782
0 0.00187988 0.871875 0.00375977 0.164062 0.00116062
0 0.0020752 0.652734 0.00415039 0.196094 0.00102806
1 0.582129 0.457812 0.732617 0.870313 0.873535
0 0.577734 0.457031 0.727344 0.871875 0.0497742
0 0.991016 0.123828 0.0179687 0.217187 0.00232315
1 0.561816 0.350391 0.776367 0.633594 0.00201988
0 0.989062 0.0888672 0.021875 0.177734 0.00110722
1 0.577344 0.457812 0.728125 0.871875 0.887695
0 0.568359 0.4625 0.747656 0.870313 0.048584
0 0.075 0.143164 0.145117 0.286328 0.00426483
1 0.075 0.143164 0.145117 0.286328 0.00341606
1 0.575684 0.631641 0.743945 0.532031 0.00104427
0 0.522266 0.0510254 0.857031 0.102051 0.00102806
1 0.582422 0.469531 0.713281 0.857813 0.925293
0 0.582422 0.469531 0.713281 0.857813 0.00247192
1 0.574219 0.462109 0.714063 0.860156 0.700684
0 0.57041 0.463281 0.712305 0.870313 0.331055
1 0.573438 0.469922 0.728125 0.867969 0.917969
1 0.575879 0.465625 0.718555 0.85 0.913086
0 0.575781 0.465625 0.729688 0.846875 0.00837708
1 0.575879 0.465625 0.718555 0.85 0.913574
0 0.575879 0.465625 0.729492 0.846875 0.00831604
