0 0.487109 0.546094 0.882031 0.804688 0.844727
0 0.377441 0.533594 0.629492 0.839063 0.0190125
0 0.250586 0.539453 0.376953 0.836719 0.0186157
0 0.145996 0.509375 0.291992 0.917188 0.0132751
0 0.782812 0.948047 0.434375 0.103906 0.0127258
0 0.912109 0.949609 0.175781 0.100781 0.0108185
0 0.938281 0.949219 0.123438 0.101562 0.0105667
1 0.487109 0.546094 0.882031 0.804688 0.00769424
1 0.796484 0.944531 0.407031 0.110937 0.00698471
0 0.474219 0.374609 0.876562 0.735156 0.00643921
0 0.0541016 0.494531 0.108203 0.88125 0.0045929
0 0.800781 0.475 0.398438 0.892187 0.00408554
0 0.95 0.948438 0.1 0.103125 0.00391388
1 0.912109 0.949609 0.175781 0.100781 0.00379562
0 0.502344 0.820312 0.889063 0.309375 0.00313568
0 0.882031 0.947656 0.234375 0.104687 0.00288963
0 0.948047 0.509766 0.103906 0.839844 0.00273705
0 0.105664 0.483594 0.211328 0.846875 0.00263214
1 0.832422 0.932031 0.335156 0.135937 0.00253105
0 0.202344 0.490234 0.404687 0.916406 0.00245285
1 0.938281 0.949219 0.123438 0.101562 0.00236893
0 0.877344 0.549609 0.245312 0.788281 0.00233269
0 0.832422 0.932031 0.335156 0.135937 0.00233269
1 0.145996 0.509375 0.291992 0.917188 0.00225258
0 0.517187 0.926953 0.932813 0.146094 0.00222588
0 0.763281 0.0926025 0.220313 0.166357 0.00214958
0 0.513672 0.870703 0.952344 0.258594 0.00212479
1 0.0541016 0.494531 0.108203 0.88125 0.00205803
0 0.707031 0.0876953 0.146875 0.167187 0.00184631
0 0.85332 0.950781 0.293359 0.0984375 0.00173378
0 0.530859 0.953125 0.938281 0.09375 0.00167465
0 0.0986328 0.407031 0.197266 0.692187 0.00156689
0 0.854688 0.0535156 0.290625 0.107031 0.00154877
0 0.932031 0.575781 0.135937 0.745313 0.00154305
0 0.0503906 0.786719 0.100781 0.378125 0.0014782
0 0.827734 0.0884766 0.344531 0.176953 0.00144386
0 0.193018 0.50625 0.263184 0.903125 0.00143242
1 0.496875 0.93125 0.907812 0.1375 0.0014267
0 0.333984 0.396094 0.533594 0.792188 0.00137806
0 0.701563 0.95625 0.596875 0.0875 0.00135136
0 0.0532715 0.835156 0.106543 0.329688 0.0012846
0 0.0423828 0.578906 0.0847656 0.767187 0.0012846
0 0.790625 0.0841797 0.164062 0.161328 0.00127411
1 0.95 0.948438 0.1 0.103125 0.00121117
0 0.9125 0.465234 0.175 0.882031 0.00120163
1 0.0513184 0.880469 0.102637 0.239063 0.0011425
0 0.851953 0.155273 0.296094 0.310547 0.0011158
1 0.854688 0.0535156 0.290625 0.107031 0.00109863
0 0.0513184 0.880469 0.102637 0.239063 0.00107288
0 0.0577637 0.825586 0.115527 0.348828 0.00106525
0 0.664844 0.561719 0.46875 0.751562 0.00103664
0 0.0994141 0.308008 0.198828 0.508203 0.00103188
1 0.769922 0.087207 0.197656 0.166992 0.00103188
1 0.701563 0.95625 0.596875 0.0875 0.00101185
0 0.490234 0.558594 0.828906 0.779688 0.881348
1 0.490625 0.566016 0.828125 0.794531 0.0319214
0 0.750781 0.551562 0.289062 0.729688 0.00723267
0 0.678516 0.520703 0.430469 0.692969 0.0064888
0 0.737891 0.0886719 0.307031 0.177344 0.00356483
0 0.522656 0.0626953 0.182812 0.118359 0.00139904
0 0.486719 0.574219 0.839063 0.776563 0.920898
1 0.476953 0.577734 0.838281 0.769531 0.018692
0 0.482812 0.563184 0.809375 0.770508 0.927246
1 0.482812 0.563184 0.809375 0.770508 0.0102463
0 0.480469 0.455078 0.803125 0.542969 0.00993347
0 0.00200195 0.222314 0.00400391 0.189746 0.00279999
0 0.0019043 0.17583 0.00380859 0.145996 0.00237846
0 0.271094 0.587109 0.395312 0.738281 0.00218201
0 0.00200195 0.263477 0.00400391 0.209766 0.00152493
0 0.00202637 0.12002 0.00405273 0.150586 0.00131512
0 0.00195312 0.335547 0.00390625 0.199219 0.0011034
0 0.494531 0.572559 0.835938 0.761133 0.924805
1 0.488281 0.57041 0.834375 0.776367 0.00418091
0 0.991016 0.118945 0.0179687 0.210547 0.00118828
0 0.991797 0.165918 0.0164062 0.238086 0.00105667
0 0.483984 0.571191 0.825781 0.79043 0.928223
1 0.483984 0.558594 0.825781 0.814062 0.00283432
0 0.82207 0.576563 0.158984 0.778125 0.00219154
0 0.714063 0.565234 0.367188 0.788281 0.00182438
0 0.939062 0.0986328 0.121875 0.197266 0.00174141
0 0.626172 0.564844 0.544531 0.782812 0.0017271
0 0.771094 0.569141 0.253125 0.799219 0.00103188
0 0.937109 0.0706055 0.125781 0.138281 0.00101662
0 0.487109 0.558984 0.824219 0.791406 0.916016
0 0.48125 0.553223 0.801562 0.798242 0.862793
1 0.48125 0.560547 0.80625 0.785156 0.00127411
0 0.4875 0.56416 0.8125 0.795117 0.887207
0 0.483984 0.573828 0.828906 0.775781 0.938477
1 0.483984 0.573828 0.828906 0.775781 0.00372124
0 0.483984 0.574219 0.828906 0.776563 0.938477
1 0.483984 0.574219 0.828906 0.776563 0.00370789
