1 0.469434 0.4875 0.770508 0.929688 0.766113
0 0.507031 0.479688 0.8 0.915625 0.524414
0 0.392969 0.507031 0.53125 0.975 0.0691528
1 0.392969 0.507031 0.53125 0.975 0.048584
0 0.317187 0.485547 0.439063 0.913281 0.0146179
0 0.0703125 0.463672 0.140625 0.927344 0.00952148
0 0.12002 0.478125 0.240039 0.953125 0.00629044
0 0.722266 0.767187 0.555469 0.465625 0.0050621
0 0.824023 0.74375 0.351953 0.5125 0.00484848
1 0.070752 0.466406 0.141504 0.926562 0.0037365
0 0.864844 0.189453 0.270312 0.378906 0.00333786
1 0.12002 0.478125 0.240039 0.953125 0.00291252
0 0.0563965 0.452344 0.112793 0.879687 0.00284576
0 0.507812 0.80332 0.940625 0.349609 0.00275803
0 0.719922 0.84668 0.560156 0.306641 0.00259018
0 0.846484 0.253516 0.307031 0.494531 0.00226021
1 0.0563965 0.452344 0.112793 0.879687 0.00222588
1 0.769922 0.747266 0.460156 0.505469 0.00175476
0 0.0714355 0.299609 0.142871 0.599219 0.0017004
1 0.719922 0.84668 0.560156 0.306641 0.00162315
1 0.864844 0.189453 0.270312 0.378906 0.00161076
0 0.885938 0.417578 0.228125 0.763281 0.00157356
0 0.84375 0.146582 0.3125 0.293164 0.00156689
0 0.86543 0.0734375 0.269141 0.146875 0.00153637
1 0.84375 0.730469 0.3125 0.539062 0.0014782
0 0.186719 0.480859 0.373437 0.933594 0.00147247
1 0.150195 0.940625 0.300391 0.11875 0.00146675
0 0.186914 0.488281 0.260938 0.929688 0.00146675
0 0.871289 0.731641 0.257422 0.536719 0.00144958
0 0.892187 0.258789 0.215625 0.508984 0.00142097
0 0.150195 0.940625 0.300391 0.11875 0.00137234
0 0.848047 0.489062 0.303906 0.88125 0.00137234
0 0.0625 0.352734 0.125 0.682031 0.00136662
0 0.915625 0.309766 0.16875 0.567969 0.00131512
1 0.846484 0.253516 0.307031 0.494531 0.00127411
0 0.858984 0.205859 0.282031 0.411719 0.00124454
0 0.789844 0.278125 0.420312 0.522656 0.00121593
0 0.0766602 0.237695 0.15332 0.475391 0.00117397
0 0.0787842 0.214844 0.149854 0.429688 0.00114727
0 0.442969 0.279883 0.633594 0.512891 0.00113773
1 0.86543 0.0734375 0.269141 0.146875 0.00111198
1 0.304102 0.869922 0.608203 0.260156 0.00109005
1 0.848047 0.489062 0.303906 0.88125 0.00105667
0 0.843359 0.135449 0.313281 0.270898 0.00105667
0 0.274268 0.420312 0.324121 0.785937 0.00105286
0 0.521484 0.868164 0.957031 0.263672 0.00104046
1 0.919922 0.467969 0.160156 0.820312 0.00103188
1 0.525 0.475 0.825 0.882812 0.89209
0 0.522266 0.511719 0.833594 0.973437 0.0761108
0 0.136914 0.317578 0.0710938 0.0695312 0.00127411
1 0.686719 0.453027 0.442187 0.720508 0.00104809
1 0.527734 0.483594 0.875781 0.857813 0.878906
0 0.527734 0.483594 0.875781 0.857813 0.0137939
1 0.512598 0.499219 0.788867 0.910937 0.890137
0 0.508496 0.434375 0.786133 0.80625 0.0312042
1 0.647266 0.460938 0.502344 0.7625 0.00369263
0 0.00222168 0.121094 0.00444336 0.1875 0.00245285
0 0.00212402 0.0787109 0.00424805 0.157422 0.00171375
0 0.00212402 0.166016 0.00424805 0.206641 0.00162315
0 0.0019043 0.857813 0.00380859 0.167187 0.00123501
0 0.00200195 0.809375 0.00400391 0.192188 0.00112438
0 0.00206299 0.214453 0.00412598 0.219141 0.00102043
0 0.00197754 0.766797 0.00395508 0.185156 0.00101185
1 0.528906 0.457422 0.892187 0.871094 0.913086
0 0.530469 0.435547 0.882812 0.835156 0.00226974
0 0.990234 0.107129 0.0195312 0.205273 0.00179577
1 0.680469 0.453125 0.473437 0.820312 0.00109863
1 0.50625 0.445703 0.795313 0.855469 0.911133
0 0.0796631 0.138672 0.153174 0.277344 0.00486755
1 0.0796631 0.138672 0.153174 0.277344 0.00363541
1 0.519922 0.112109 0.863281 0.189063 0.00178242
0 0.519922 0.112109 0.863281 0.189063 0.00171375
1 0.508594 0.729297 0.829687 0.466406 0.00161648
0 0.505469 0.441016 0.810938 0.835156 0.00156116
0 0.511719 0.0569824 0.876562 0.113965 0.00133514
1 0.511719 0.0569824 0.876562 0.113965 0.00109863
1 0.510938 0.497656 0.821875 0.923437 0.941895
0 0.126172 0.316406 0.05625 0.0625 0.00141048
1 0.509375 0.483594 0.817187 0.920313 0.904785
0 0.512891 0.476562 0.817969 0.895312 0.00192642
0 0.908594 0.894531 0.182812 0.210938 0.00144386
1 0.513672 0.500781 0.786719 0.932813 0.923828
1 0.505469 0.491406 0.821875 0.935938 0.918945
1 0.505469 0.491406 0.821875 0.935938 0.918945
