0 0.53125 0.533203 0.6 0.633594 0.672363
1 0.523535 0.543359 0.585742 0.657031 0.286133
0 0.460938 0.733203 0.921875 0.533594 0.0110703
0 0.907812 0.486719 0.184375 0.876562 0.00787354
1 0.907812 0.486719 0.184375 0.876562 0.00328636
0 0.879687 0.433984 0.240625 0.867969 0.00319672
1 0.460938 0.733203 0.921875 0.533594 0.0029583
0 0.674512 0.803125 0.650977 0.39375 0.00218201
0 0.470703 0.806836 0.941406 0.386328 0.0020504
0 0.531641 0.440625 0.586719 0.459375 0.00198746
0 0.766016 0.755859 0.467969 0.488281 0.00172043
0 0.866406 0.28125 0.267188 0.5625 0.00162888
0 0.389062 0.518066 0.325781 0.582617 0.00157356
0 0.445703 0.134473 0.675781 0.268945 0.00154877
0 0.125391 0.45625 0.250781 0.9125 0.00150108
1 0.880469 0.449609 0.239063 0.867969 0.00144386
0 0.624609 0.850195 0.750781 0.299609 0.00141621
0 0.821094 0.561328 0.357812 0.763281 0.00138855
1 0.445703 0.134473 0.675781 0.268945 0.00106525
0 0.50625 0.877344 0.9875 0.245312 0.00105667
1 0.821094 0.561328 0.357812 0.763281 0.00101185
1 0.520703 0.532129 0.577344 0.632617 0.841309
0 0.520703 0.532129 0.577344 0.632617 0.00602722
1 0.696094 0.54541 0.2625 0.610742 0.00233269
0 0.721875 0.542969 0.209375 0.617188 0.00166798
1 0.74375 0.550684 0.16875 0.629883 0.00113773
1 0.528125 0.530469 0.576563 0.615625 0.843262
0 0.530566 0.533594 0.579492 0.628125 0.016922
1 0.527441 0.531641 0.58418 0.614844 0.763672
0 0.527344 0.537598 0.571875 0.610742 0.275879
0 0.0020752 0.119922 0.00415039 0.239844 0.00575256
0 0.00197754 0.0851562 0.00395508 0.170312 0.00403976
0 0.00214844 0.867383 0.00429688 0.265234 0.00366402
0 0.00200195 0.705469 0.00400391 0.290625 0.00345612
0 0.00197754 0.182617 0.00395508 0.283203 0.00327301
0 0.00209961 0.828125 0.00419922 0.28125 0.00322342
0 0.00202637 0.591016 0.00405273 0.252344 0.00269318
0 0.00202637 0.350781 0.00405273 0.282031 0.00246239
0 0.00195312 0.253711 0.00390625 0.291016 0.00214958
0 0.0020752 0.398828 0.00415039 0.260938 0.00202751
0 0.0020752 0.542969 0.00415039 0.232812 0.00182438
0 0.00206299 0.455566 0.00412598 0.249805 0.00168705
0 0.0019165 0.0566895 0.00383301 0.113379 0.0012598
1 0.528809 0.539844 0.589258 0.639063 0.897461
0 0.527344 0.531641 0.589063 0.633594 0.0243378
0 0.992578 0.402734 0.0148437 0.332031 0.00291252
0 0.992188 0.484766 0.015625 0.31875 0.00227928
0 0.992188 0.326367 0.015625 0.349609 0.00195694
0 0.992188 0.892969 0.015625 0.214062 0.0018034
0 0.992578 0.567187 0.0148437 0.290625 0.00178242
0 0.992188 0.725 0.015625 0.298438 0.00168705
0 0.992188 0.250732 0.015625 0.359473 0.0015974
0 0.992188 0.832812 0.015625 0.334375 0.00148392
0 0.990625 0.0931641 0.01875 0.186328 0.00131512
0 0.991406 0.126953 0.0171875 0.253906 0.00131512
0 0.992188 0.176367 0.015625 0.352734 0.0012598
0 1 0.860547 0 0.278906 0.00103664
0 0.991797 0.644922 0.0164062 0.303906 0.00101185
1 0.53125 0.532031 0.598437 0.642187 0.896973
0 0.529785 0.530859 0.601367 0.644531 0.0686646
1 0.530859 0.532812 0.578906 0.639063 0.754883
0 0.530371 0.526953 0.57832 0.639844 0.436768
1 0.529297 0.529688 0.585156 0.634375 0.868652
0 0.528516 0.522266 0.582031 0.646094 0.0259094
1 0.422559 0.509277 0.379883 0.587695 0.00104809
1 0.530859 0.531348 0.578906 0.643555 0.908203
0 0.532422 0.522266 0.583594 0.650781 0.0297546
1 0.528125 0.533594 0.59375 0.632812 0.876465
0 0.528223 0.534766 0.59043 0.633594 0.0454407
1 0.528125 0.533594 0.59375 0.632812 0.875977
0 0.528809 0.534473 0.59082 0.63418 0.0461121
