0 0.413281 0.46875 0.770312 0.81875 0.790039
1 0.436719 0.471875 0.807813 0.84375 0.169678
0 0.277734 0.467187 0.527344 0.809375 0.0568542
0 0.458594 0.695312 0.917188 0.609375 0.00898743
0 0.184961 0.479297 0.361719 0.816406 0.00714874
0 0.857422 0.488281 0.285156 0.898438 0.006073
0 0.767187 0.4875 0.465625 0.890625 0.00577545
0 0.429688 0.341797 0.85 0.532031 0.00351143
1 0.458594 0.695312 0.917188 0.609375 0.00217438
0 0.130762 0.444922 0.25332 0.760156 0.0017271
0 0.480078 0.221484 0.916406 0.433594 0.0015974
0 0.497656 0.798047 0.995313 0.403906 0.00146103
1 0.472266 0.286133 0.861719 0.572266 0.00117874
0 0.143652 0.400391 0.287305 0.600781 0.00115585
1 0.441797 0.472656 0.841406 0.814062 0.647949
0 0.444141 0.480469 0.839844 0.817187 0.543945
1 0.475781 0.14707 0.889063 0.198437 0.00557709
0 0.475781 0.14707 0.889063 0.198437 0.00518036
0 0.645312 0.463672 0.453125 0.735156 0.00150108
1 0.451562 0.184375 0.828125 0.271094 0.00119686
0 0.440625 0.439746 0.859375 0.789258 0.744629
1 0.440625 0.439746 0.859375 0.789258 0.194946
0 0.4375 0.338281 0.8375 0.5625 0.0037365
0 0.653125 0.648438 0.442187 0.482812 0.00151253
0 0.588672 0.226172 0.524219 0.332031 0.00126934
0 0.454297 0.466016 0.824219 0.800781 0.90332
1 0.454297 0.466016 0.824219 0.800781 0.0549011
0 0.467969 0.236133 0.809375 0.356641 0.00276756
0 0.00183105 0.117676 0.00366211 0.144336 0.00208282
0 0.00174561 0.0916992 0.00349121 0.143945 0.00201988
0 0.00185547 0.143945 0.00371094 0.146875 0.00194168
0 0.00178223 0.067627 0.00356445 0.127637 0.00185299
0 0.00209961 0.8625 0.00419922 0.2375 0.00176811
0 0.393652 0.273047 0.708008 0.414062 0.0014782
0 0.00181885 0.189258 0.0036377 0.146875 0.00109005
0 0.448438 0.487109 0.865625 0.864844 0.914062
1 0.448828 0.487109 0.864844 0.869531 0.0102081
0 0.990234 0.0896484 0.0195312 0.179297 0.0017271
0 0.992188 0.439453 0.015625 0.227344 0.00170708
0 0.992188 0.238867 0.015625 0.300391 0.00165462
0 0.992188 0.168945 0.015625 0.298828 0.0016489
0 0.992188 0.296533 0.015625 0.267871 0.0015974
0 0.992188 0.354102 0.015625 0.258203 0.0014782
0 0.438281 0.671875 0.820312 0.45625 0.00123501
0 0.991797 0.120508 0.0164062 0.239453 0.00123024
0 0.991797 0.505469 0.0164062 0.259375 0.00111198
0 0.510156 0.477344 0.973437 0.882812 0.872559
1 0.454297 0.475781 0.857031 0.892187 0.0202179
0 0.489844 0.200977 0.932813 0.401953 0.00526047
0 0.502344 0.053125 0.923437 0.10625 0.00428009
0 0.507812 0.108301 0.9375 0.216602 0.00329781
0 0.478906 0.648438 0.885938 0.517187 0.00124454
0 0.442187 0.515625 0.842188 0.932813 0.913574
0 0.691797 0.504687 0.375781 0.828125 0.00379562
1 0.445312 0.488281 0.851562 0.839063 0.00296974
0 0.468359 0.934766 0.872656 0.130469 0.00157928
0 0.452344 0.476562 0.842188 0.83125 0.891602
1 0.452344 0.479688 0.835938 0.83125 0.00323486
0 0.453125 0.498047 0.81875 0.878906 0.897949
1 0.455078 0.479688 0.807031 0.84375 0.00121117
0 0.494531 0.0107422 0.890625 0.0214844 0.00115108
0 0.452344 0.48125 0.851562 0.828125 0.933594
0 0.452344 0.48125 0.851562 0.828125 0.933594
