0 0.494531 0.485156 0.789062 0.839063 0.760742
1 0.459375 0.481641 0.809375 0.822656 0.306641
0 0.294922 0.4875 0.410937 0.828125 0.0100937
1 0.271289 0.489844 0.365234 0.823438 0.00473785
1 0.83125 0.483984 0.3375 0.847656 0.00426483
0 0.83125 0.483984 0.3375 0.847656 0.00359344
0 0.738672 0.852344 0.522656 0.295312 0.00301552
1 0.763672 0.459375 0.472656 0.83125 0.00223351
1 0.738672 0.852344 0.522656 0.295312 0.00188255
0 0.510547 0.8 0.819531 0.2375 0.00182438
0 0.837695 0.810938 0.324609 0.378125 0.00177479
1 0.438281 0.386816 0.709375 0.63418 0.00174809
1 0.790625 0.742188 0.103125 0.246875 0.0015974
0 0.891406 0.77207 0.217187 0.455859 0.00150108
0 0.763672 0.459375 0.472656 0.83125 0.00148964
0 0.475391 0.939062 0.950781 0.121875 0.0014267
0 0.889844 0.482031 0.220313 0.832812 0.00137234
1 0.889844 0.482031 0.220313 0.832812 0.00133514
1 0.438672 0.0447266 0.724219 0.0894531 0.00129414
0 0.841016 0.148438 0.317969 0.296875 0.00124454
0 0.853906 0.687109 0.292188 0.594531 0.0012064
1 0.80625 0.721484 0.123438 0.277344 0.00116539
0 0.795508 0.779883 0.408984 0.440234 0.0011034
1 0.475391 0.939062 0.950781 0.121875 0.00109863
0 0.230273 0.4875 0.289453 0.815625 0.00109482
0 0.786328 0.873828 0.427344 0.252344 0.00107765
0 0.438672 0.0447266 0.724219 0.0894531 0.00107288
0 0.862891 0.221289 0.274219 0.442578 0.00106049
0 0.882422 0.599316 0.235156 0.701367 0.00105286
0 0.0499023 0.430469 0.0998047 0.682813 0.00100803
1 0.498828 0.496484 0.808594 0.847656 0.903809
0 0.501172 0.494141 0.828906 0.830469 0.0119171
1 0.199023 0.499609 0.26875 0.896094 0.00937653
1 0.148047 0.498437 0.296094 0.921875 0.00471878
1 0.801562 0.515234 0.26875 0.850781 0.00214958
1 0.510156 0.148022 0.879687 0.162549 0.0017004
1 0.82793 0.513281 0.344141 0.873438 0.00167465
0 0.199023 0.499609 0.26875 0.896094 0.00127411
1 0.496777 0.487109 0.77832 0.811719 0.889648
0 0.496777 0.487109 0.77832 0.811719 0.00352478
1 0.645312 0.485156 0.514063 0.810938 0.00115108
1 0.488379 0.496875 0.782617 0.809375 0.904297
0 0.488672 0.496094 0.800781 0.820312 0.0215302
0 0.00194092 0.117188 0.00388184 0.164844 0.0051384
0 0.00198975 0.164355 0.00397949 0.17832 0.00340271
0 0.00183105 0.0699219 0.00366211 0.132812 0.00317192
0 0.00197754 0.569141 0.00395508 0.167187 0.00311089
0 0.00187988 0.51875 0.00375977 0.148438 0.00245285
0 0.00197754 0.619922 0.00395508 0.185156 0.00239754
0 0.00192871 0.338281 0.00385742 0.155469 0.00227928
0 0.00198975 0.667969 0.00397949 0.209375 0.00206757
0 0.00192871 0.212109 0.00385742 0.182812 0.0019722
0 0.00184326 0.492969 0.00368652 0.1375 0.00189686
0 0.00181885 0.380469 0.0036377 0.150781 0.00189686
0 0.00202637 0.7125 0.00405273 0.226562 0.00174141
0 0.0020752 0.782812 0.00415039 0.234375 0.00168705
0 0.0019165 0.292969 0.00383301 0.173438 0.00165462
0 0.00178223 0.413281 0.00356445 0.153125 0.0014267
0 0.00178223 0.449219 0.00356445 0.135937 0.00133038
1 0.495703 0.491406 0.814844 0.839063 0.933105
0 0.499219 0.482031 0.80625 0.853125 0.00500107
1 0.505469 0.183398 0.829687 0.229297 0.00369263
1 0.501953 0.0840332 0.850781 0.168066 0.00195694
1 0.243555 0.494531 0.315234 0.832812 0.00142097
1 0.504687 0.0570313 0.846875 0.114063 0.00134563
1 0.678125 0.501562 0.448438 0.821875 0.00124454
0 0.990234 0.0890625 0.0195312 0.178125 0.00122547
0 0.991406 0.9125 0.0171875 0.175 0.00119209
1 0.5 0.361328 0.815625 0.582031 0.00109005
1 0.497656 0.488672 0.810938 0.841406 0.941406
1 0.5125 0.238477 0.853125 0.476953 0.00695801
1 0.510156 0.219727 0.832812 0.307813 0.00279045
1 0.521875 0.139453 0.857813 0.278906 0.00168705
0 0.500391 0.495313 0.811719 0.839063 0.00156116
1 0.428516 0.689844 0.678906 0.44375 0.00104046
0 0.5125 0.238477 0.853125 0.476953 0.00102425
1 0.49209 0.504687 0.787695 0.860937 0.936035
0 0.495703 0.491016 0.786719 0.821094 0.00978088
1 0.500781 0.489453 0.778125 0.836719 0.89502
0 0.495703 0.489844 0.771094 0.835938 0.0214539
1 0.325391 0.562891 0.445312 0.667969 0.0011158
1 0.501562 0.494531 0.784375 0.851562 0.931152
0 0.500781 0.494141 0.782812 0.846094 0.00172043
1 0.496875 0.488281 0.80625 0.826563 0.932617
0 0.494922 0.493359 0.808594 0.832031 0.00256157
1 0.496484 0.488281 0.805469 0.826563 0.932617
0 0.494922 0.493359 0.808594 0.832031 0.00247192
