0 0.521094 0.532031 0.795313 0.83125 0.858398
0 0.392578 0.540234 0.558594 0.822656 0.112427
1 0.516406 0.529688 0.81875 0.857813 0.0207977
0 0.788477 0.819531 0.423047 0.360938 0.0129242
0 0.835742 0.768359 0.328516 0.463281 0.0116425
0 0.283984 0.543359 0.34375 0.822656 0.0106964
0 0.0652832 0.459375 0.130566 0.91875 0.00492477
0 0.824805 0.51875 0.350391 0.840625 0.00488663
0 0.514063 0.823242 0.946875 0.353516 0.00391388
1 0.775 0.867969 0.45 0.264062 0.00338936
0 0.533594 0.18418 0.189063 0.0949219 0.00279999
1 0.824023 0.802148 0.351953 0.395703 0.00274658
0 0.0595215 0.439063 0.119043 0.8375 0.00259018
0 0.761328 0.880664 0.477344 0.238672 0.00214958
0 0.519531 0.7375 0.917188 0.51875 0.00212479
0 0.926172 0.533203 0.147656 0.824219 0.0020504
0 0.148438 0.471094 0.296875 0.942187 0.00194168
0 0.221484 0.469531 0.442969 0.939062 0.00191212
1 0.571094 0.106836 0.0671875 0.186328 0.00184631
0 0.835156 0.851562 0.329688 0.296875 0.00176811
0 0.380469 0.85332 0.760938 0.293359 0.00160408
0 0.894531 0.74375 0.210938 0.5125 0.00156116
0 0.277344 0.863672 0.554688 0.272656 0.0015192
1 0.0689941 0.463281 0.137988 0.926562 0.00146675
1 0.0595215 0.439063 0.119043 0.8375 0.00141048
1 0.533594 0.18418 0.189063 0.0949219 0.00138283
1 0.835156 0.851562 0.329688 0.296875 0.00136185
1 0.844727 0.759766 0.310547 0.480469 0.00133514
0 0.530078 0.888281 0.916406 0.223438 0.00133514
0 0.391016 0.192188 0.571875 0.384375 0.00131989
0 0.489062 0.377344 0.801562 0.496094 0.00131512
0 0.233594 0.522656 0.24375 0.8 0.00130939
0 0.873828 0.174023 0.252344 0.348047 0.00129414
0 0.885547 0.464453 0.228906 0.842969 0.00129414
0 0.0680664 0.378906 0.136133 0.748438 0.00123501
0 0.839063 0.125684 0.321875 0.251367 0.0011425
0 0.855664 0.0994141 0.288672 0.198828 0.00112057
1 0.326172 0.878711 0.652344 0.242578 0.0011158
0 0.767969 0.535156 0.360938 0.790625 0.00109863
0 0.0912109 0.386523 0.182422 0.773047 0.00108147
0 0.803906 0.85918 0.392188 0.281641 0.00107288
0 0.898047 0.26582 0.203906 0.531641 0.00105286
0 0.947656 0.698828 0.104687 0.602344 0.00101662
1 0.564844 0.181641 0.253125 0.101562 0.00101662
0 0.533594 0.552344 0.821875 0.845312 0.928223
0 0.79668 0.539062 0.294141 0.8 0.0595398
0 0.730859 0.517187 0.417969 0.76875 0.0170441
1 0.533594 0.552344 0.821875 0.845312 0.0151291
0 0.419922 0.55 0.605469 0.809375 0.00252151
0 0.459766 0.177148 0.536719 0.05625 0.00230598
0 0.523828 0.185742 0.483594 0.0792969 0.00178242
0 0.835742 0.557813 0.225391 0.710938 0.00133038
0 0.760156 0.444531 0.351562 0.622656 0.00132465
0 0.769531 0.682813 0.35 0.570312 0.00123501
0 0.557813 0.664453 0.734375 0.608594 0.00104809
0 0.521094 0.559375 0.823438 0.821875 0.936523
1 0.521094 0.559375 0.823438 0.821875 0.0106964
0 0.523438 0.562891 0.795313 0.789844 0.928223
1 0.523438 0.562891 0.795313 0.789844 0.00948334
0 0.319531 0.565625 0.397656 0.78125 0.00548935
0 0.00211182 0.753516 0.00422363 0.264844 0.00323486
0 0.00211182 0.177734 0.00422363 0.192969 0.00279999
0 0.00202637 0.233936 0.00405273 0.246973 0.00196457
0 0.00211182 0.807031 0.00422363 0.264062 0.00192642
0 0.00187988 0.0616211 0.00375977 0.123242 0.00188255
0 0.00212402 0.691406 0.00424805 0.240625 0.00186729
0 0.422266 0.379297 0.592969 0.444531 0.00173378
0 0.00178223 0.0931641 0.00356445 0.176172 0.00171375
0 0.527246 0.346484 0.793945 0.414844 0.00158501
0 0.00214844 0.874219 0.00429688 0.251563 0.00157356
0 0.00212402 0.620313 0.00424805 0.204688 0.00150108
0 0.310596 0.378516 0.372559 0.432031 0.00129414
0 0.00205078 0.544531 0.00410156 0.209375 0.00116062
0 0.986719 0.580078 0.0265625 0.142188 0.00109005
0 0.542188 0.555859 0.83125 0.819531 0.939941
1 0.533594 0.519531 0.840625 0.757812 0.00612259
0 0.991016 0.0912109 0.0179687 0.182422 0.00176144
0 0.992188 0.13252 0.015625 0.265039 0.00126934
0 0.992188 0.905078 0.015625 0.189844 0.00124931
0 0.992188 0.292139 0.015625 0.325098 0.00117874
0 0.992188 0.183594 0.015625 0.334375 0.00109005
0 0.985156 0.0621094 0.0296875 0.124219 0.00104046
0 0.528906 0.55625 0.825 0.840625 0.920898
1 0.526563 0.544922 0.817187 0.841406 0.00473785
0 0.775 0.546875 0.339063 0.8125 0.00321007
0 0.842188 0.566504 0.20625 0.793555 0.00283432
0 0.51416 0.748828 0.781055 0.452344 0.00118828
0 0.525 0.550781 0.803125 0.848437 0.93457
1 0.530078 0.552734 0.816406 0.821094 0.00385475
0 0.503906 0.0686523 0.8375 0.137305 0.00120163
0 0.525098 0.561719 0.79668 0.835938 0.868652
1 0.523438 0.55 0.803125 0.829687 0.00127411
0 0.533594 0.554688 0.810938 0.845312 0.89502
0 0.527344 0.5625 0.814062 0.828125 0.932129
1 0.527344 0.5625 0.814062 0.828125 0.00174809
0 0.527344 0.5625 0.814062 0.828125 0.932129
1 0.527344 0.5625 0.814062 0.828125 0.00174141
