1 0.453809 0.558984 0.729883 0.735156 0.79248
0 0.466797 0.559375 0.755469 0.76875 0.0607605
1 0.319141 0.560938 0.449219 0.746875 0.0170441
0 0.915625 0.483984 0.16875 0.864844 0.0050621
0 0.687891 0.84375 0.624219 0.3125 0.00397491
1 0.915625 0.483984 0.16875 0.864844 0.00341606
0 0.496094 0.838086 0.889063 0.323828 0.00312424
0 0.752734 0.803516 0.494531 0.392969 0.00293541
1 0.441406 0.115137 0.590625 0.230273 0.00226021
0 0.441406 0.115137 0.590625 0.230273 0.00219154
1 0.903125 0.380469 0.19375 0.701563 0.00205803
0 0.903125 0.380469 0.19375 0.701563 0.00201035
1 0.687891 0.84375 0.624219 0.3125 0.00181007
0 0.498437 0.896875 0.871875 0.20625 0.00178242
0 0.341016 0.566406 0.492969 0.751562 0.00174141
0 0.815234 0.359375 0.369531 0.708594 0.00166798
1 0.815234 0.359375 0.369531 0.708594 0.00157356
1 0.498437 0.896875 0.871875 0.20625 0.00146675
1 0.496094 0.838086 0.889063 0.323828 0.00142097
1 0.407031 0.117773 0.692187 0.235547 0.00141048
0 0.133496 0.4875 0.266992 0.8625 0.00140476
0 0.297656 0.953906 0.20625 0.0921875 0.00137806
1 0.63125 0.111914 0.190625 0.148828 0.00133514
1 0.752734 0.803516 0.494531 0.392969 0.00132465
1 0.456641 0.400781 0.707031 0.544531 0.00131989
0 0.655078 0.880469 0.689844 0.239063 0.00126457
0 0.445215 0.847656 0.762695 0.251563 0.00122547
0 0.407031 0.117773 0.692187 0.235547 0.00122547
0 0.0541504 0.488672 0.108301 0.775781 0.00119686
0 0.0758301 0.467187 0.15166 0.878125 0.00109482
0 0.307031 0.953125 0.33125 0.09375 0.00107288
1 0.653906 0.101953 0.146875 0.128516 0.00106907
0 0.810156 0.221289 0.379687 0.442578 0.00103188
1 0.655078 0.880469 0.689844 0.239063 0.00102043
1 0.466016 0.570312 0.733594 0.753125 0.922363
1 0.25625 0.510156 0.382812 0.910937 0.0026207
1 0.764453 0.46875 0.471094 0.9375 0.00149536
0 0.466016 0.570312 0.733594 0.753125 0.00131512
1 0.698828 0.548047 0.289844 0.721094 0.00109863
0 0.686328 0.0703125 0.0898438 0.0654297 0.00103188
1 0.457715 0.558594 0.742383 0.740625 0.819336
0 0.595703 0.955078 0.225781 0.0898438 0.0053215
0 0.297852 0.957422 0.211328 0.0851562 0.00332451
0 0.459766 0.559375 0.742969 0.745313 0.0020752
0 0.284375 0.983594 0.248437 0.0328125 0.00116062
1 0.460938 0.569531 0.742188 0.729688 0.893555
0 0.00196533 0.0907227 0.00393066 0.173242 0.00372124
0 0.459375 0.568848 0.7375 0.735742 0.00304031
0 0.0019043 0.514063 0.00380859 0.1375 0.00293541
0 0.00189209 0.488672 0.00378418 0.141406 0.00286674
0 0.00192871 0.539844 0.00385742 0.1375 0.0026722
0 0.00197754 0.285937 0.00395508 0.182031 0.00254059
0 0.00197754 0.647656 0.00395508 0.132812 0.00235939
0 0.0019043 0.589063 0.00380859 0.148438 0.00219917
0 0.00205078 0.8125 0.00410156 0.192188 0.00209999
0 0.00197754 0.244336 0.00395508 0.172266 0.00208282
0 0.00206299 0.133569 0.00412598 0.19458 0.0020504
0 0.00189209 0.438672 0.00378418 0.157813 0.0019722
0 0.0019043 0.336719 0.00380859 0.173438 0.00187492
0 0.00196533 0.058252 0.00393066 0.116504 0.00183105
0 0.00195312 0.689844 0.00390625 0.153906 0.00178242
0 0.00205078 0.776563 0.00410156 0.175 0.00170708
0 0.00185547 0.386816 0.00371094 0.16543 0.0015974
0 0.00197754 0.724219 0.00395508 0.165625 0.00133514
0 0.00200195 0.854688 0.00400391 0.195312 0.00122547
0 0.00195312 0.195508 0.00390625 0.184375 0.00105667
1 0.480469 0.561328 0.7375 0.739844 0.931152
0 0.992188 0.433594 0.015625 0.334375 0.00213242
0 0.992188 0.567187 0.015625 0.3125 0.0019722
0 0.992578 0.51709 0.0148437 0.30957 0.00192642
1 0.485938 0.109473 0.832812 0.218945 0.00179577
0 0.992578 0.646484 0.0148437 0.280469 0.00178909
0 0.992578 0.926562 0.0148437 0.146875 0.00175476
0 0.992188 0.331836 0.015625 0.335547 0.00174809
0 0.992188 0.703516 0.015625 0.255469 0.00162315
0 0.992188 0.259033 0.015625 0.327246 0.00154877
0 0.992188 0.198877 0.015625 0.34834 0.00137806
0 0.992188 0.882031 0.015625 0.235938 0.00136662
0 0.990625 0.0880859 0.01875 0.176172 0.00135612
0 0.992188 0.755078 0.015625 0.257031 0.00123024
0 0.991406 0.123242 0.0171875 0.246484 0.00113392
0 0.991797 0.806445 0.0164062 0.258984 0.00111198
0 0.985937 0.0628906 0.028125 0.125781 0.00103188
1 0.470313 0.571094 0.73125 0.767187 0.918457
1 0.458594 0.728125 0.729688 0.435937 0.00219917
0 0.466504 0.569922 0.741992 0.758594 0.0017271
1 0.330078 0.736328 0.464063 0.416406 0.00125504
1 0.475879 0.570312 0.760742 0.775 0.930664
1 0.471094 0.561816 0.732813 0.748242 0.89502
0 0.472266 0.562891 0.735156 0.757031 0.00854492
0 0.328906 0.949609 0.267969 0.100781 0.00125504
0 0.564844 0.952344 0.299219 0.0953125 0.00125504
1 0.284717 0.539453 0.359473 0.707031 0.00118351
1 0.471094 0.571777 0.739062 0.762695 0.928711
0 0.471484 0.569629 0.738281 0.760742 0.00319672
1 0.466797 0.566016 0.739844 0.742969 0.901855
0 0.466016 0.568848 0.742969 0.74668 0.0166626
1 0.466797 0.566016 0.739844 0.742969 0.902344
0 0.466016 0.568848 0.742969 0.74668 0.0161591
