1 0.46875 0.428125 0.55625 0.646875 0.762207
0 0.475 0.428125 0.561719 0.635156 0.499023
0 0.523828 0.818164 0.888281 0.363672 0.0594177
0 0.87168 0.503516 0.256641 0.963281 0.0216522
1 0.87168 0.503516 0.256641 0.963281 0.0174408
1 0.5125 0.835938 0.975 0.328125 0.00712204
0 0.870117 0.356445 0.259766 0.712891 0.00402451
0 0.477734 0.764844 0.741406 0.470313 0.00226021
1 0.465234 0.332422 0.548437 0.460156 0.00185299
1 0.870117 0.356445 0.259766 0.712891 0.00173378
0 0.475 0.854492 0.803125 0.291016 0.0017004
0 0.826953 0.656152 0.346094 0.679883 0.00155449
0 0.367773 0.421094 0.358984 0.604688 0.00118828
0 0.0959961 0.432031 0.191992 0.8625 0.0011692
0 0.85332 0.256055 0.293359 0.512109 0.0011034
1 0.516797 0.785156 0.860156 0.429688 0.00105286
1 0.465625 0.42959 0.549219 0.636133 0.925293
1 0.692187 0.466309 0.615625 0.792383 0.00229645
1 0.469141 0.17793 0.557813 0.155078 0.00176811
1 0.343359 0.433984 0.3125 0.649219 0.00173378
0 0.446875 0.140234 0.065625 0.0894531 0.00153637
0 0.470703 0.178516 0.317187 0.145313 0.00141621
0 0.462891 0.139453 0.0929687 0.107422 0.00117874
0 0.469922 0.185352 0.552344 0.172266 0.00114727
1 0.478125 0.425781 0.557031 0.628906 0.837402
0 0.478125 0.430469 0.564062 0.639063 0.0523376
1 0.474609 0.419531 0.569531 0.625 0.873047
0 0.471484 0.429688 0.555469 0.623438 0.0762939
0 0.00205078 0.116113 0.00410156 0.209961 0.00471878
0 0.00203857 0.786719 0.00407715 0.270312 0.00365067
0 0.00200195 0.162793 0.00400391 0.235352 0.00351143
0 0.00192871 0.0789063 0.00385742 0.157813 0.00340271
0 0.00203857 0.736719 0.00407715 0.260938 0.00329781
0 0.00202637 0.208984 0.00405273 0.246094 0.00300407
0 0.00209961 0.871875 0.00419922 0.25625 0.00293541
0 0.00200195 0.686719 0.00400391 0.25 0.00265312
0 0.00200195 0.638281 0.00400391 0.235938 0.00237846
0 0.00205078 0.257227 0.00410156 0.248047 0.00230598
0 0.00202637 0.588281 0.00405273 0.226562 0.00223351
0 0.00200195 0.538672 0.00400391 0.224219 0.00200272
0 0.00202637 0.306445 0.00405273 0.252734 0.00184631
0 0.00202637 0.380859 0.00405273 0.242188 0.00183105
0 0.00200195 0.486816 0.00400391 0.226367 0.00179577
0 0.00200195 0.435059 0.00400391 0.229883 0.00174809
0 0.0017334 0.0541016 0.0034668 0.108203 0.00106049
1 0.480566 0.429688 0.57168 0.653125 0.901367
0 0.478223 0.419922 0.570117 0.650781 0.0137405
0 0.992188 0.365576 0.015625 0.386035 0.00167465
0 0.992188 0.497656 0.015625 0.371875 0.0016613
0 0.992188 0.296094 0.015625 0.38125 0.00161076
0 0.990625 0.0916016 0.01875 0.183203 0.00141621
0 0.992188 0.61875 0.015625 0.364062 0.00139904
0 0.992188 0.220752 0.015625 0.374121 0.00130463
0 0.991406 0.120898 0.0171875 0.241797 0.00129414
0 1 0.496094 0 0.295312 0.0011692
0 0.992188 0.725 0.015625 0.354688 0.0011425
0 0.992188 0.89375 0.015625 0.2125 0.00102043
1 0.482812 0.434277 0.573438 0.662695 0.890625
0 0.473828 0.427246 0.56875 0.654883 0.0195007
0 0.537891 0.860937 0.792969 0.276563 0.00322342
1 0.484277 0.428516 0.55957 0.652344 0.912598
0 0.478125 0.424219 0.564062 0.644531 0.117981
0 0.494922 0.863281 0.849219 0.273438 0.00363541
1 0.477344 0.423047 0.559375 0.638281 0.853516
0 0.473047 0.425391 0.549219 0.641406 0.0700684
0 0.473047 0.861719 0.594531 0.276563 0.0188293
1 0.473047 0.861719 0.594531 0.276563 0.00193405
1 0.480469 0.428027 0.553906 0.64707 0.885742
0 0.478223 0.422266 0.556055 0.652344 0.0725098
0 0.448047 0.869531 0.666406 0.260938 0.0153046
0 0.449219 0.825 0.625 0.2 0.00146675
1 0.476953 0.428906 0.565625 0.6375 0.903809
0 0.474902 0.429785 0.562695 0.64043 0.0145035
0 0.469629 0.867383 0.631055 0.265234 0.00498199
1 0.476953 0.428906 0.564844 0.6375 0.903809
0 0.474902 0.429785 0.562695 0.64043 0.0147324
0 0.469629 0.867969 0.631055 0.264062 0.00496292
