0 0.475684 0.453027 0.67832 0.756445 0.854004
1 0.475684 0.453027 0.67832 0.756445 0.0759888
0 0.75 0.488281 0.5 0.904688 0.0473328
0 0.85957 0.488281 0.280859 0.914062 0.0331421
0 0.343359 0.44375 0.419531 0.759375 0.0130234
1 0.75 0.488281 0.5 0.904688 0.00878143
0 0.484375 0.741797 0.96875 0.516406 0.00796509
1 0.85957 0.488281 0.280859 0.914062 0.00616837
0 0.285156 0.467187 0.570312 0.890625 0.00436401
1 0.484375 0.741797 0.96875 0.516406 0.00376511
0 0.0854492 0.449609 0.170898 0.888281 0.00358009
0 0.258398 0.424609 0.252734 0.702344 0.00348282
0 0.467187 0.307422 0.629687 0.486719 0.00211525
0 0.510938 0.836328 0.978125 0.327344 0.00150681
0 0.0687012 0.430469 0.137402 0.814062 0.00136662
0 0.658105 0.457031 0.683789 0.859375 0.00129986
1 0.0854492 0.449609 0.170898 0.888281 0.00120163
0 0.19043 0.432031 0.380859 0.864062 0.00116062
0 0.458594 0.294531 0.917188 0.589063 0.00107288
1 0.285156 0.467187 0.570312 0.890625 0.00106525
0 0.480566 0.451562 0.674805 0.757812 0.666504
1 0.471094 0.457422 0.667188 0.741406 0.563965
0 0.60625 0.455078 0.434375 0.725781 0.0085144
0 0.685938 0.456934 0.289062 0.720508 0.0037365
0 0.471191 0.144629 0.670117 0.165039 0.00226021
1 0.666406 0.456152 0.314063 0.733008 0.00218201
0 0.808008 0.475391 0.383984 0.824219 0.00213242
0 0.730078 0.470703 0.227344 0.758594 0.00213242
1 0.808008 0.475391 0.383984 0.824219 0.00192642
1 0.471191 0.144629 0.670117 0.165039 0.00126457
1 0.730078 0.470703 0.227344 0.758594 0.00108147
0 0.486328 0.421094 0.678906 0.698438 0.825684
1 0.484766 0.422656 0.680469 0.707812 0.0690308
0 0.484375 0.446191 0.682813 0.745117 0.937988
1 0.484375 0.446191 0.682813 0.745117 0.0205688
0 0.00202637 0.114941 0.00405273 0.163477 0.0037365
0 0.00192871 0.0707031 0.00385742 0.140234 0.00239754
0 0.00202637 0.162134 0.00405273 0.174951 0.00228691
0 0.00200195 0.804492 0.00400391 0.297266 0.00218201
0 0.00202637 0.734375 0.00405273 0.282813 0.00216484
0 0.0020752 0.867773 0.00415039 0.264453 0.00203514
0 0.00202637 0.684375 0.00405273 0.271875 0.00193405
0 0.0020752 0.272656 0.00415039 0.177344 0.00152493
0 0.00205078 0.611719 0.00410156 0.248437 0.00133514
0 0.00198975 0.313086 0.00397949 0.206641 0.0012846
0 0.00202637 0.565234 0.00405273 0.232031 0.00125504
0 0.00198975 0.517187 0.00397949 0.215625 0.00112915
0 0.00203857 0.218701 0.00407715 0.192285 0.00109482
0 0.479297 0.440625 0.691406 0.7375 0.929199
1 0.476562 0.435156 0.692187 0.720312 0.0167847
0 0.992188 0.355469 0.015625 0.330469 0.00226021
0 0.990625 0.0826172 0.01875 0.165234 0.00201988
0 0.992188 0.294336 0.015625 0.300391 0.00190449
0 0.987891 0.0663086 0.0242187 0.132617 0.0017271
0 0.992188 0.434766 0.015625 0.325781 0.00154877
0 0.992188 0.207861 0.015625 0.253809 0.00153065
0 0.991016 0.116797 0.0179687 0.233594 0.00140476
0 0.992188 0.537109 0.015625 0.321094 0.00139427
0 0.992188 0.64375 0.015625 0.296875 0.00109005
0 0.991797 0.913281 0.0164062 0.173438 0.00100803
0 0.480469 0.44375 0.692187 0.765625 0.893066
1 0.483203 0.451172 0.689844 0.791406 0.00731659
0 0.476172 0.610156 0.691406 0.43125 0.00155449
0 0.489062 0.4625 0.667188 0.798437 0.907227
1 0.489062 0.4625 0.667188 0.798437 0.00298119
0 0.487891 0.443359 0.667969 0.741406 0.875977
1 0.484375 0.440234 0.676562 0.753906 0.00178242
0 0.482812 0.444434 0.651563 0.745508 0.898926
1 0.482812 0.444434 0.651563 0.745508 0.00105667
0 0.485547 0.443848 0.682031 0.735742 0.933105
1 0.486328 0.445996 0.688281 0.739258 0.00131989
0 0.485547 0.443848 0.682031 0.735742 0.933105
1 0.485938 0.445703 0.6875 0.739844 0.00130463
