0 0.481641 0.476562 0.771094 0.83125 0.825684
1 0.4875 0.479297 0.803125 0.853906 0.117981
0 0.290625 0.482812 0.394531 0.825 0.0122375
0 0.476172 0.760547 0.952344 0.478906 0.00948334
0 0.0661133 0.454688 0.132227 0.859375 0.00728989
1 0.476172 0.760547 0.952344 0.478906 0.00540543
0 0.449609 0.324023 0.813281 0.533984 0.00502014
0 0.711719 0.853906 0.576563 0.292188 0.00452042
0 0.219922 0.455469 0.439844 0.896875 0.00317192
0 0.0563477 0.432129 0.112695 0.793555 0.00271416
1 0.0661133 0.454688 0.132227 0.859375 0.0026722
0 0.228906 0.482031 0.276172 0.817187 0.00265312
0 0.818945 0.83125 0.362109 0.3375 0.00225258
1 0.744141 0.829687 0.511719 0.340625 0.00214958
1 0.251367 0.467187 0.502734 0.8625 0.0018177
1 0.720703 0.869727 0.558594 0.260547 0.0017004
0 0.948438 0.458984 0.103125 0.803906 0.00165462
0 0.856055 0.797266 0.287891 0.405469 0.0015974
0 0.898047 0.193359 0.203906 0.386719 0.00157356
1 0.0563477 0.432129 0.112695 0.793555 0.00155449
0 0.497656 0.867969 0.954687 0.264062 0.00144386
0 0.800977 0.116992 0.398047 0.233984 0.00133514
0 0.777344 0.801562 0.445312 0.396875 0.00124454
0 0.882031 0.253906 0.235938 0.507812 0.00123501
0 0.937109 0.364062 0.125781 0.667188 0.00113773
0 0.852734 0.163086 0.294531 0.326172 0.00111198
1 0.818945 0.83125 0.362109 0.3375 0.00109863
0 0.782422 0.872461 0.435156 0.255078 0.00102425
0 0.789844 0.295508 0.420312 0.566797 0.00100803
1 0.501953 0.491797 0.805469 0.853906 0.630859
0 0.504004 0.496094 0.798242 0.826563 0.510742
1 0.750781 0.49375 0.292188 0.80625 0.00282288
0 0.750781 0.49375 0.292188 0.80625 0.00274658
0 0.687109 0.49375 0.410156 0.810938 0.00153637
1 0.495313 0.151465 0.870313 0.208789 0.00148392
0 0.460156 0.764453 0.901563 0.283594 0.00121593
1 0.481641 0.475 0.800781 0.825 0.809082
0 0.487109 0.470703 0.807031 0.817969 0.155396
1 0.497656 0.487891 0.795313 0.808594 0.782227
0 0.499219 0.486328 0.807813 0.817969 0.33374
0 0.00196533 0.113379 0.00393066 0.15918 0.00319672
0 0.00203857 0.170898 0.00407715 0.180078 0.00218201
0 0.0020752 0.714063 0.00415039 0.245312 0.00216484
0 0.00178223 0.071875 0.00356445 0.139453 0.00214958
0 0.0020752 0.669531 0.00415039 0.221875 0.00185299
0 0.00203857 0.219971 0.00407715 0.175684 0.00184631
0 0.00209961 0.850781 0.00419922 0.267188 0.00174809
0 0.0019165 0.491406 0.00383301 0.16875 0.00168705
0 0.00205078 0.781055 0.00410156 0.275391 0.00154305
0 0.00195312 0.291797 0.00390625 0.192188 0.00144386
0 0.00192871 0.441016 0.00385742 0.180469 0.00141048
0 0.00192871 0.360547 0.00385742 0.194531 0.00138855
0 0.0019165 0.543359 0.00383301 0.176563 0.0011425
0 0.360742 0.488281 0.524609 0.810938 0.00107765
0 0.00202637 0.889063 0.00405273 0.221875 0.00104809
1 0.495703 0.469922 0.783594 0.869531 0.893066
0 0.496094 0.46875 0.782812 0.865625 0.120422
1 0.501562 0.167285 0.823438 0.242773 0.00397491
0 0.497754 0.657812 0.795117 0.473437 0.00282288
0 0.992578 0.309375 0.0148437 0.23125 0.00225258
0 0.990625 0.0891602 0.01875 0.17832 0.00198746
0 0.992578 0.352539 0.0148437 0.248047 0.00166798
0 0.988281 0.0755371 0.0234375 0.151074 0.00153065
0 0.992188 0.558594 0.015625 0.270312 0.00149536
0 0.992188 0.497656 0.015625 0.232812 0.00147247
0 0.992188 0.638281 0.015625 0.257812 0.00143814
0 0.992188 0.263867 0.015625 0.241016 0.00142097
0 0.992188 0.153125 0.015625 0.255469 0.00141048
0 0.992188 0.930469 0.015625 0.139062 0.00136185
1 0.500781 0.0886719 0.870313 0.177344 0.00135612
0 0.992188 0.784375 0.015625 0.253125 0.00133038
1 0.507812 0.0413086 0.867188 0.0826172 0.00124454
0 0.985156 0.0604492 0.0296875 0.120898 0.00121117
0 0.992188 0.405078 0.015625 0.269531 0.00118828
0 0.992188 0.868945 0.015625 0.224609 0.00116062
0 0.992188 0.733594 0.015625 0.273438 0.0011425
0 0.991797 0.202686 0.0164062 0.25791 0.00111198
0 0.921875 0.392969 0.14375 0.461719 0.00108624
1 0.489062 0.472266 0.796875 0.855469 0.921875
0 0.497656 0.478125 0.792188 0.853125 0.00616837
1 0.495313 0.221094 0.846875 0.442187 0.00179577
1 0.499609 0.108301 0.841406 0.216602 0.00106525
1 0.497266 0.4875 0.794531 0.865625 0.925293
0 0.499609 0.482422 0.800781 0.827344 0.0457764
1 0.5 0.475781 0.79375 0.8375 0.742188
0 0.496094 0.480859 0.779688 0.838281 0.309082
0 0.317969 0.584277 0.425781 0.61582 0.00152493
1 0.505469 0.4875 0.79375 0.857813 0.924316
0 0.500391 0.489062 0.789844 0.845312 0.00955963
1 0.501562 0.478125 0.8 0.839063 0.910156
0 0.495996 0.48125 0.798633 0.845312 0.0668335
1 0.501562 0.478516 0.8 0.839844 0.910156
0 0.496094 0.48125 0.798437 0.845312 0.0685425
