0 0.470313 0.487109 0.804688 0.853906 0.904785
0 0.322266 0.492188 0.541406 0.853125 0.0523376
1 0.458594 0.482812 0.85 0.865625 0.0344238
0 0.662988 0.831055 0.674023 0.337891 0.0141754
0 0.228955 0.494922 0.358496 0.853906 0.00941467
0 0.721484 0.760547 0.557031 0.478906 0.00837708
0 0.944922 0.503906 0.110156 0.867188 0.00379562
0 0.478906 0.868945 0.95625 0.262109 0.00305176
1 0.662988 0.831055 0.674023 0.337891 0.00287819
0 0.648535 0.87793 0.70293 0.244141 0.00274658
0 0.168652 0.494922 0.235352 0.863281 0.002388
0 0.0405762 0.44209 0.0811523 0.75957 0.00236893
0 0.187891 0.448438 0.375781 0.86875 0.00220871
1 0.721484 0.760547 0.557031 0.478906 0.00215721
0 0.819531 0.727734 0.360938 0.544531 0.00182438
0 0.35 0.320898 0.575 0.520703 0.00174809
0 0.886523 0.15625 0.226953 0.3125 0.00167465
0 0.896875 0.225781 0.20625 0.451562 0.00162888
0 0.441016 0.278516 0.858594 0.557031 0.00154877
1 0.648535 0.87793 0.70293 0.244141 0.00153065
0 0.876172 0.677441 0.247656 0.645117 0.00152493
0 0.425391 0.194141 0.817969 0.388281 0.00130939
0 0.747656 0.861719 0.504687 0.276563 0.0012598
0 0.475391 0.81543 0.916406 0.325391 0.0012207
0 0.83125 0.312891 0.3375 0.625781 0.00111198
0 0.401563 0.0421875 0.714063 0.084375 0.00110722
0 0.0470703 0.358984 0.0941406 0.685938 0.00109863
0 0.857031 0.122461 0.285937 0.244922 0.00108624
0 0.461328 0.265625 0.758594 0.440625 0.00106525
0 0.854492 0.0626953 0.291016 0.125391 0.00104809
0 0.482422 0.502734 0.824219 0.858594 0.90625
1 0.482422 0.502734 0.824219 0.858594 0.0632324
0 0.751172 0.500781 0.285156 0.814062 0.0381165
0 0.492969 0.137671 0.882812 0.16958 0.012825
1 0.492969 0.137671 0.882812 0.16958 0.0088501
0 0.683203 0.492871 0.414844 0.789258 0.00769424
0 0.78418 0.519141 0.228516 0.702344 0.00294685
1 0.484766 0.198779 0.842969 0.288379 0.00174809
1 0.751172 0.500781 0.285156 0.814062 0.00159168
0 0.305469 0.500781 0.517969 0.823438 0.00132465
0 0.484766 0.198779 0.842969 0.288379 0.00131512
0 0.597266 0.480859 0.572656 0.810156 0.0011158
0 0.460938 0.5 0.8375 0.8375 0.94043
1 0.460938 0.5 0.8375 0.8375 0.01297
0 0.474219 0.489062 0.807813 0.846875 0.873047
1 0.474219 0.489062 0.807813 0.846875 0.0979004
0 0.279492 0.505469 0.436328 0.842188 0.0150757
0 0.00198975 0.144629 0.00397949 0.168164 0.00380898
0 0.00185547 0.093457 0.00371094 0.154492 0.00284576
0 0.352148 0.274219 0.558203 0.423438 0.00232315
0 0.00184326 0.0676758 0.00368652 0.126563 0.00225258
0 0.263867 0.291797 0.393359 0.463281 0.00224304
0 0.00192871 0.191992 0.00385742 0.176953 0.00221634
0 0.418359 0.324023 0.695312 0.530078 0.00221634
0 0.00194092 0.240674 0.00388184 0.185059 0.00137806
0 0.00200195 0.80625 0.00400391 0.275 0.00119209
0 0.00205078 0.870508 0.00410156 0.258984 0.00103188
0 0.475 0.493359 0.835938 0.871094 0.925781
1 0.476562 0.495703 0.8375 0.861719 0.031311
0 0.920313 0.39873 0.14375 0.483789 0.00174809
0 0.989844 0.0833496 0.0203125 0.166699 0.00174141
0 0.991406 0.115137 0.0171875 0.185742 0.00130463
0 0.985156 0.060498 0.0296875 0.120996 0.00121593
0 0.451562 0.673828 0.76875 0.505469 0.00104809
0 0.476562 0.495313 0.83125 0.867188 0.893066
1 0.472656 0.485156 0.83125 0.870313 0.0623169
0 0.821875 0.528125 0.151562 0.784375 0.00299263
0 0.476953 0.195703 0.871094 0.391406 0.00117874
0 0.476172 0.180469 0.850781 0.246484 0.0011034
0 0.4875 0.697656 0.834375 0.454688 0.00104046
0 0.478125 0.496094 0.817187 0.876562 0.939453
1 0.478906 0.505469 0.828125 0.854688 0.0086441
0 0.476562 0.496094 0.80625 0.860937 0.893066
1 0.477344 0.497266 0.815625 0.861719 0.00161648
0 0.481641 0.496875 0.816406 0.875 0.89502
0 0.474609 0.497656 0.844531 0.8625 0.939453
1 0.470313 0.489844 0.84375 0.857813 0.00462723
0 0.474609 0.497656 0.844531 0.8625 0.939453
1 0.470313 0.489844 0.84375 0.857813 0.00457382
