1 0.486719 0.487891 0.826563 0.855469 0.829102
0 0.482812 0.498437 0.817187 0.840625 0.248047
0 0.310937 0.503125 0.489062 0.834375 0.0319214
1 0.429004 0.385938 0.726367 0.650781 0.00405502
0 0.736719 0.864844 0.526563 0.270312 0.00385475
0 0.222461 0.500781 0.323828 0.826563 0.00319672
1 0.736719 0.864844 0.526563 0.270312 0.00290108
0 0.891406 0.148828 0.217187 0.297656 0.00239754
0 0.485938 0.896875 0.9375 0.20625 0.00229645
0 0.808008 0.85625 0.383984 0.2875 0.00226021
1 0.891406 0.148828 0.217187 0.297656 0.00215721
1 0.485938 0.896875 0.9375 0.20625 0.00188255
1 0.351758 0.499219 0.548047 0.873438 0.00185299
0 0.849414 0.112305 0.301172 0.224609 0.00185299
1 0.839063 0.228711 0.321875 0.455859 0.00162315
1 0.808008 0.85625 0.383984 0.2875 0.00157356
0 0.911719 0.200781 0.176563 0.401563 0.00156116
0 0.789453 0.111035 0.421094 0.22207 0.00146103
0 0.840625 0.786523 0.31875 0.426953 0.00141621
0 0.839063 0.228711 0.321875 0.455859 0.00141621
1 0.9125 0.254687 0.175 0.496875 0.00134087
0 0.0430664 0.449316 0.0861328 0.657617 0.00130463
0 0.491797 0.823242 0.896094 0.303516 0.00130463
0 0.850391 0.0637207 0.299219 0.127441 0.00129414
1 0.484375 0.961719 0.925 0.0765625 0.0012598
0 0.457812 0.0530762 0.834375 0.106152 0.0012598
1 0.457812 0.0530762 0.834375 0.106152 0.00123024
1 0.269727 0.503125 0.417578 0.828125 0.00122547
1 0.98125 0.349023 0.0375 0.308984 0.00121117
0 0.778906 0.108008 0.442187 0.216016 0.0011692
1 0.977344 0.308594 0.0453125 0.335938 0.00113773
1 0.981641 0.414062 0.0367187 0.271875 0.00112915
0 0.484375 0.961719 0.925 0.0765625 0.00107765
1 0.465625 0.279492 0.904688 0.558984 0.00106907
1 0.957812 0.244922 0.084375 0.404687 0.00106525
0 0.465625 0.279492 0.904688 0.558984 0.00105286
1 0.849414 0.112305 0.301172 0.224609 0.00104809
0 0.0514648 0.335938 0.10293 0.609375 0.00102425
1 0.782031 0.783594 0.435937 0.432813 0.00101662
0 0.957812 0.244922 0.084375 0.404687 0.00101185
1 0.850391 0.0637207 0.299219 0.127441 0.00101185
0 0.977344 0.308594 0.0453125 0.335938 0.00100803
1 0.498828 0.510156 0.830469 0.845312 0.915039
0 0.489062 0.507812 0.8625 0.86875 0.0147858
1 0.059668 0.494531 0.119336 0.889063 0.00138855
1 0.495313 0.144922 0.89375 0.177344 0.00122547
1 0.197314 0.501562 0.288184 0.865625 0.00112057
1 0.0894531 0.484375 0.178906 0.928125 0.00109863
1 0.5 0.497656 0.853125 0.84375 0.833496
0 0.5 0.497656 0.853125 0.84375 0.0130692
1 0.672266 0.498437 0.491406 0.84375 0.00182438
1 0.494922 0.504687 0.832031 0.845312 0.905762
0 0.492188 0.505078 0.8375 0.846094 0.0115051
0 0.00187988 0.120117 0.00375977 0.173438 0.00258064
0 0.00180664 0.0716797 0.00361328 0.136328 0.00216484
0 0.00195312 0.16582 0.00390625 0.189453 0.00201035
0 0.00205078 0.857031 0.00410156 0.220313 0.00186729
0 0.00202637 0.81875 0.00405273 0.203125 0.00168133
0 0.0019043 0.31543 0.00380859 0.178516 0.0016489
0 0.00194092 0.696875 0.00388184 0.178125 0.00161648
0 0.0019165 0.358984 0.00383301 0.164844 0.00150108
0 0.00198975 0.212158 0.00397949 0.188184 0.00139427
0 0.00205078 0.900391 0.00410156 0.199219 0.00136185
0 0.00195312 0.26543 0.00390625 0.196094 0.00134563
0 0.00178223 0.619531 0.00356445 0.151562 0.00132465
0 0.0017334 0.593359 0.0034668 0.146875 0.00130939
0 0.00202637 0.739453 0.00405273 0.202344 0.00121117
0 0.00178223 0.647656 0.00356445 0.159375 0.00115108
0 0.00183105 0.409473 0.00366211 0.148242 0.00102043
0 0.00167236 0.547656 0.00334473 0.142188 0.00100803
1 0.492188 0.495313 0.853125 0.865625 0.924805
1 0.5 0.158569 0.8625 0.18833 0.00486755
0 0.498437 0.492188 0.853125 0.875 0.00397491
1 0.641797 0.490625 0.558594 0.859375 0.00342941
1 0.500781 0.248242 0.845312 0.367578 0.0017271
1 0.490234 0.0687988 0.885156 0.137598 0.00147247
0 0.989844 0.0890625 0.0203125 0.178125 0.00146675
1 0.496094 0.043457 0.873438 0.0869141 0.00131512
0 0.991406 0.122168 0.0171875 0.236133 0.00107288
0 0.992188 0.168848 0.015625 0.250586 0.00104809
1 0.486719 0.489453 0.826563 0.866406 0.925293
1 0.428809 0.71875 0.711133 0.43125 0.00135136
1 0.492969 0.501562 0.835938 0.875 0.927246
0 0.494531 0.500391 0.832812 0.874219 0.00588989
1 0.494141 0.501172 0.836719 0.866406 0.881836
0 0.495313 0.493359 0.8375 0.863281 0.0228424
1 0.303711 0.636719 0.459766 0.589063 0.00253105
1 0.501953 0.511328 0.821094 0.880469 0.922852
0 0.501172 0.497656 0.833594 0.873438 0.00621796
1 0.495703 0.499219 0.841406 0.860937 0.92334
0 0.495703 0.499219 0.841406 0.860937 0.00268364
1 0.496094 0.498828 0.842188 0.861719 0.92334
0 0.496094 0.498828 0.842188 0.861719 0.0026207
