0 0.467187 0.502344 0.809375 0.871875 0.751953
1 0.480859 0.490234 0.833594 0.872656 0.142456
0 0.275781 0.5125 0.43125 0.85625 0.0341797
0 0.691406 0.836914 0.617188 0.326172 0.0270081
0 0.426465 0.367969 0.767383 0.609375 0.0142288
0 0.738281 0.769531 0.523438 0.460938 0.0124283
0 0.906641 0.48125 0.186719 0.901563 0.00575256
0 0.651563 0.877344 0.696875 0.245312 0.00429916
0 0.473828 0.825 0.947656 0.35 0.00426483
0 0.735937 0.869922 0.528125 0.260156 0.00345612
1 0.698438 0.867969 0.603125 0.264062 0.00344276
0 0.938281 0.476562 0.123438 0.896875 0.00341606
0 0.812891 0.703906 0.374219 0.592188 0.00246239
0 0.193799 0.509375 0.26709 0.871875 0.00233269
0 0.780859 0.488281 0.438281 0.889063 0.00210762
0 0.482031 0.273633 0.879687 0.411328 0.0019722
0 0.859961 0.660547 0.280078 0.678906 0.00190449
0 0.48125 0.320703 0.929688 0.641406 0.00182438
0 0.903906 0.660449 0.192188 0.679102 0.00167465
1 0.738281 0.769531 0.523438 0.460938 0.00163555
0 0.801172 0.826367 0.397656 0.347266 0.00148392
0 0.478125 0.765234 0.88125 0.458594 0.00138283
0 0.951563 0.634375 0.096875 0.73125 0.00123978
0 0.496875 0.878516 0.95 0.242969 0.00122547
1 0.482031 0.273633 0.879687 0.411328 0.00119686
0 0.960156 0.535937 0.0796875 0.8625 0.00112057
0 0.814258 0.142871 0.371484 0.285742 0.00109863
0 0.877344 0.232031 0.245312 0.464063 0.00108624
1 0.275781 0.5125 0.43125 0.85625 0.00103188
0 0.500781 0.192773 0.926562 0.385547 0.00102425
0 0.489844 0.519531 0.851562 0.885938 0.819824
1 0.492578 0.510547 0.846094 0.888281 0.29834
0 0.747656 0.515234 0.309375 0.842969 0.0120544
0 0.688672 0.482031 0.419531 0.773438 0.00881195
0 0.501562 0.148926 0.896875 0.172461 0.00190449
0 0.497266 0.368359 0.830469 0.596875 0.00176811
0 0.597266 0.497656 0.600781 0.809375 0.00144958
0 0.675781 0.358984 0.440625 0.564844 0.00129414
1 0.501562 0.148926 0.896875 0.172461 0.00108147
0 0.485547 0.503516 0.850781 0.869531 0.768555
1 0.484766 0.505078 0.846094 0.869531 0.256836
0 0.494141 0.508203 0.824219 0.871094 0.832031
1 0.492969 0.51875 0.835938 0.88125 0.147339
0 0.304297 0.522656 0.461719 0.870313 0.00441742
0 0.00185547 0.119434 0.00371094 0.155273 0.00215721
0 0.00200195 0.720312 0.00400391 0.167187 0.00181007
0 0.00200195 0.76875 0.00400391 0.185937 0.00171375
0 0.00192871 0.168164 0.00385742 0.164453 0.00168705
0 0.0020752 0.889844 0.00415039 0.215625 0.00167465
0 0.00175781 0.0705078 0.00351562 0.135937 0.00162888
0 0.00202637 0.817187 0.00405273 0.203125 0.0015974
0 0.0019043 0.670313 0.00380859 0.155469 0.00156689
0 0.00181885 0.520312 0.0036377 0.1375 0.00152493
0 0.00180664 0.418359 0.00361328 0.126563 0.00150108
0 0.00183105 0.392188 0.00366211 0.128906 0.00148964
0 0.00180664 0.494922 0.00361328 0.130469 0.00148392
0 0.00180664 0.470313 0.00361328 0.125781 0.00147247
0 0.00178223 0.444531 0.00356445 0.125 0.00146675
0 0.00185547 0.56875 0.00371094 0.145313 0.00141048
0 0.00183105 0.365625 0.00366211 0.133594 0.00137806
0 0.00186768 0.642969 0.00373535 0.146094 0.00135612
0 0.00183105 0.339844 0.00366211 0.138281 0.0012846
0 0.00186768 0.616406 0.00373535 0.142188 0.00126934
0 0.00184326 0.314844 0.00368652 0.142188 0.00123978
0 0.00187988 0.215625 0.00375977 0.1625 0.00119209
0 0.00184326 0.266016 0.00368652 0.155469 0.00116062
0 0.492969 0.505469 0.842188 0.876562 0.852539
1 0.489844 0.503125 0.851562 0.876562 0.27124
0 0.5 0.718359 0.834375 0.460156 0.00674438
0 0.368359 0.732031 0.577344 0.428125 0.00189686
0 0.990234 0.0912109 0.0195312 0.182422 0.00171375
0 0.992188 0.288867 0.015625 0.311328 0.00153065
0 0.991406 0.12207 0.0171875 0.244141 0.00148964
0 0.992188 0.210156 0.015625 0.326172 0.00145531
0 0.992188 0.343164 0.015625 0.296484 0.00136185
0 0.992188 0.39834 0.015625 0.287695 0.00117874
0 0.991797 0.914453 0.0164062 0.171094 0.00116539
0 0.489844 0.510547 0.848437 0.888281 0.903809
1 0.509766 0.501953 0.892969 0.885156 0.0197601
0 0.511328 0.120508 0.908594 0.233984 0.00424957
0 0.524219 0.0440918 0.898438 0.0881836 0.00307465
0 0.526172 0.158984 0.928906 0.317969 0.00227928
0 0.512109 0.141406 0.882031 0.161719 0.00151253
0 0.530078 0.311719 0.889844 0.492188 0.00106525
0 0.721875 0.518359 0.376563 0.875781 0.00101185
0 0.485938 0.505469 0.817187 0.895312 0.927246
0 0.505469 0.0566406 0.88125 0.113281 0.00211525
0 0.503906 0.0396484 0.870313 0.0792969 0.00181007
0 0.494531 0.666016 0.826563 0.566406 0.0011425
0 0.361328 0.720703 0.555469 0.455469 0.00110722
0 0.4875 0.508594 0.821875 0.879687 0.889648
0 0.488281 0.517969 0.826563 0.904688 0.901367
1 0.490234 0.520312 0.830469 0.9 0.00127411
0 0.513281 0.0133301 0.88125 0.0266602 0.00109482
0 0.482031 0.511328 0.864062 0.892969 0.94043
0 0.482031 0.511328 0.864062 0.892969 0.94043
