1 0.434277 0.498535 0.575195 0.76543 0.902832
0 0.479297 0.503516 0.669531 0.778906 0.0479431
1 0.471094 0.757031 0.942187 0.485938 0.0183411
1 0.484375 0.8375 0.96875 0.325 0.00572968
0 0.477344 0.820312 0.954687 0.359375 0.00526047
1 0.329346 0.503125 0.37334 0.7625 0.00351143
0 0.458984 0.761523 0.902344 0.476953 0.00245285
0 0.934375 0.458496 0.13125 0.783008 0.00183105
1 0.48584 0.340234 0.69082 0.511719 0.00167465
1 0.934375 0.458496 0.13125 0.783008 0.0016489
0 0.0820312 0.434375 0.164062 0.829687 0.00156116
0 0.734375 0.860156 0.53125 0.279687 0.00153637
0 0.199609 0.442969 0.399219 0.832812 0.0015192
1 0.889844 0.223828 0.220313 0.44375 0.00144958
1 0.846094 0.264453 0.307813 0.514844 0.0014267
0 0.772656 0.829492 0.454688 0.341016 0.0014267
0 0.889844 0.223828 0.220313 0.44375 0.00141048
1 0.0820312 0.434375 0.164062 0.829687 0.0012846
1 0.199609 0.442969 0.399219 0.832812 0.00125504
1 0.407129 0.196484 0.779492 0.392969 0.00117397
1 0.405469 0.0732422 0.748438 0.146484 0.0011158
0 0.846094 0.264453 0.307813 0.514844 0.00111198
1 0.772656 0.829492 0.454688 0.341016 0.00111198
0 0.914453 0.323828 0.171094 0.639063 0.00110722
1 0.733984 0.876562 0.532031 0.246875 0.00108624
1 0.914453 0.323828 0.171094 0.639063 0.00108147
1 0.77793 0.308984 0.444141 0.58125 0.00105667
0 0.899219 0.792969 0.201562 0.414062 0.00103188
0 0.113477 0.430371 0.226953 0.770508 0.00103188
0 0.113184 0.411719 0.226367 0.823438 0.00101185
1 0.507812 0.508984 0.759375 0.782031 0.87793
0 0.517187 0.509473 0.735937 0.781055 0.0106506
0 0.60625 0.116406 0.06875 0.0771484 0.00566483
0 0.616406 0.110937 0.0703125 0.0671875 0.00130939
1 0.498828 0.500391 0.727344 0.764844 0.8125
0 0.507031 0.496875 0.745313 0.775 0.00638962
0 0.612109 0.815625 0.149219 0.164062 0.00564194
1 0.607031 0.811719 0.139062 0.171875 0.00366402
1 0.642969 0.502344 0.485938 0.770312 0.0024929
1 0.504297 0.504297 0.749219 0.782031 0.919434
0 0.515625 0.505469 0.75 0.78125 0.00651169
0 0.00200195 0.14043 0.00400391 0.208984 0.00376511
0 0.00187988 0.0983398 0.00375977 0.183008 0.00314713
0 0.00197754 0.186914 0.00395508 0.219141 0.00217438
0 0.00202637 0.714844 0.00405273 0.214062 0.00191212
0 0.00202637 0.811719 0.00405273 0.2375 0.0018177
0 0.00200195 0.667188 0.00400391 0.203906 0.00178909
0 0.00200195 0.763281 0.00400391 0.23125 0.00175476
0 0.00195312 0.235547 0.00390625 0.21875 0.00174141
0 0.00198975 0.283984 0.00397949 0.211719 0.00163555
0 0.00197754 0.618359 0.00395508 0.192969 0.00162888
0 0.0020752 0.856445 0.00415039 0.237109 0.00162315
0 0.00195312 0.56875 0.00390625 0.18125 0.00153065
0 0.00192871 0.517969 0.00385742 0.175 0.00144386
0 0.00196533 0.333594 0.00393066 0.203125 0.00143242
0 0.00192871 0.466016 0.00385742 0.174219 0.00134563
0 0.00195312 0.385547 0.00390625 0.189844 0.00130463
0 0.00187988 0.0605469 0.00375977 0.121094 0.00129414
0 0.00205078 0.896094 0.00410156 0.207813 0.00115108
1 0.515625 0.491406 0.75 0.795313 0.922852
1 0.509375 0.09375 0.873438 0.1875 0.00898743
1 0.522656 0.0596191 0.870313 0.119238 0.00484848
1 0.517969 0.145215 0.832812 0.249414 0.00431442
1 0.511328 0.296289 0.769531 0.366016 0.00266266
1 0.5125 0.232861 0.78125 0.295215 0.00194931
0 0.992188 0.30708 0.015625 0.33584 0.0014782
0 0.992188 0.389453 0.015625 0.317187 0.00136662
0 0.992188 0.445312 0.015625 0.309375 0.00128937
0 0.515625 0.491406 0.75 0.795313 0.0012846
0 0.990234 0.0918945 0.0195312 0.183789 0.0012846
0 0.992188 0.22793 0.015625 0.351953 0.00124931
0 0.991797 0.497266 0.0164062 0.310156 0.00123978
0 0.991406 0.124805 0.0171875 0.249609 0.00113392
0 0.991797 0.572266 0.0164062 0.310937 0.00112057
1 0.528906 0.0335938 0.839063 0.0671875 0.00100803
1 0.505469 0.503906 0.751562 0.826563 0.91748
1 0.519531 0.266406 0.823438 0.532812 0.00421524
1 0.368359 0.685938 0.457812 0.426562 0.00210762
1 0.503516 0.678906 0.738281 0.439063 0.00186729
0 0.519531 0.266406 0.823438 0.532812 0.00110722
1 0.51084 0.513672 0.737695 0.814844 0.938477
1 0.511719 0.507812 0.728125 0.80625 0.884277
0 0.510547 0.507715 0.725781 0.798633 0.0161591
1 0.514453 0.511719 0.739844 0.801562 0.935059
1 0.510059 0.507715 0.750195 0.78457 0.908691
0 0.513965 0.503906 0.74707 0.776563 0.0158997
1 0.509473 0.507715 0.749805 0.78457 0.908203
0 0.513965 0.503906 0.74707 0.776563 0.0161591
