0 0.4625 0.505469 0.821875 0.829687 0.916992
0 0.282031 0.516797 0.474219 0.824219 0.0288696
0 0.833398 0.483594 0.333203 0.926562 0.0195007
1 0.436328 0.498047 0.872656 0.841406 0.0190125
0 0.903125 0.479297 0.19375 0.896094 0.00803375
0 0.175195 0.516406 0.266797 0.828125 0.00769424
0 0.658203 0.850781 0.683594 0.298438 0.00723267
0 0.721094 0.779297 0.557813 0.441406 0.00530243
0 0.0508789 0.476172 0.101758 0.863281 0.00492477
0 0.433691 0.16582 0.187305 0.112109 0.00418091
0 0.179102 0.467187 0.358203 0.934375 0.00366402
1 0.833398 0.483594 0.333203 0.926562 0.00348282
0 0.476562 0.9 0.953125 0.2 0.00234985
1 0.903125 0.479297 0.19375 0.896094 0.00227928
0 0.899219 0.688672 0.201562 0.622656 0.00223351
0 0.808203 0.402344 0.383594 0.732813 0.00210762
0 0.776953 0.734375 0.446094 0.53125 0.0020752
0 0.455469 0.849023 0.910937 0.301953 0.00203514
0 0.753125 0.469141 0.3875 0.877344 0.0019722
0 0.379687 0.364062 0.703125 0.54375 0.00191879
0 0.726172 0.261914 0.428906 0.451172 0.00184631
0 0.863281 0.118945 0.273438 0.237891 0.00168133
0 0.451562 0.248047 0.903125 0.496094 0.00166798
1 0.685059 0.824609 0.629883 0.350781 0.00164223
0 0.858008 0.0640137 0.283984 0.128027 0.00157356
0 0.811133 0.108691 0.377734 0.217383 0.00148392
1 0.0508789 0.476172 0.101758 0.863281 0.00147247
0 0.117188 0.463281 0.234375 0.926562 0.00144958
0 0.0584961 0.414062 0.116992 0.828125 0.00136662
1 0.257422 0.464844 0.514844 0.926562 0.00128937
0 0.747656 0.0933594 0.504687 0.186719 0.00126934
0 0.458594 0.181543 0.917188 0.363086 0.00126457
0 0.427734 0.203711 0.21875 0.183594 0.0011425
0 0.739062 0.87168 0.521875 0.256641 0.00113773
1 0.858008 0.0640137 0.283984 0.128027 0.00106525
0 0.46875 0.137598 0.05625 0.124414 0.00105667
0 0.585547 0.874023 0.828906 0.251953 0.00105286
0 0.447656 0.060791 0.867188 0.121582 0.00104046
0 0.305859 0.378027 0.514844 0.531445 0.00102043
0 0.457422 0.521094 0.832031 0.817187 0.924316
1 0.457422 0.521094 0.832031 0.817187 0.0279083
0 0.473437 0.107031 0.0671875 0.0417969 0.0064621
0 0.475 0.107788 0.0671875 0.0660645 0.00559998
0 0.484375 0.172266 0.253906 0.155469 0.00391388
0 0.630859 0.504785 0.475781 0.737305 0.00369263
0 0.483594 0.128906 0.0984375 0.0675781 0.00345612
0 0.46875 0.185498 0.8375 0.186035 0.00246239
0 0.482812 0.10957 0.103125 0.0429688 0.00219917
1 0.46875 0.185498 0.8375 0.186035 0.00213242
0 0.701563 0.594922 0.332812 0.599219 0.00167465
0 0.482812 0.129199 0.126563 0.0568359 0.0016613
0 0.491406 0.149048 0.903125 0.163623 0.00161076
0 0.483203 0.139062 0.101562 0.0503906 0.00129414
1 0.484375 0.172266 0.253906 0.155469 0.00121593
0 0.477344 0.109473 0.103125 0.0730469 0.00107288
1 0.491406 0.149048 0.903125 0.163623 0.00104427
0 0.453906 0.524902 0.857813 0.792383 0.935547
1 0.453906 0.524902 0.857813 0.792383 0.008255
0 0.423047 0.167187 0.252344 0.121094 0.00154305
0 0.458691 0.160156 0.170117 0.110547 0.00118828
0 0.339453 0.21875 0.616406 0.219531 0.0011692
0 0.415723 0.189795 0.27793 0.154785 0.00105286
0 0.461328 0.522266 0.811719 0.811719 0.90332
1 0.460938 0.511719 0.80625 0.817187 0.0318604
0 0.296289 0.51875 0.497266 0.809375 0.00881195
0 0.00183105 0.122754 0.00366211 0.163086 0.00192642
0 0.0017334 0.071582 0.0034668 0.13457 0.00152493
0 0.00187988 0.170117 0.00375977 0.182422 0.00137806
0 0.457031 0.509766 0.823438 0.842969 0.913574
1 0.461719 0.515625 0.835938 0.81875 0.00391388
0 0.989844 0.0892578 0.0203125 0.178516 0.00134563
0 0.991797 0.483984 0.0164062 0.346875 0.00109005
0 0.991797 0.567969 0.0164062 0.315625 0.00105286
0 0.459375 0.508594 0.825 0.84375 0.931641
1 0.460156 0.502734 0.828125 0.844531 0.0103302
0 0.465234 0.513281 0.816406 0.839063 0.897949
1 0.464844 0.513672 0.81875 0.850781 0.00751877
0 0.464063 0.517187 0.7875 0.807813 0.900391
0 0.467285 0.513281 0.795117 0.839063 0.897461
0 0.502344 0.00987549 0.853125 0.019751 0.00119686
0 0.458594 0.513281 0.839063 0.828125 0.931641
1 0.458594 0.510938 0.839063 0.826563 0.00128937
0 0.458594 0.513281 0.839063 0.828125 0.931641
1 0.458594 0.511328 0.839063 0.827344 0.00129414
