0 0.463281 0.572266 0.807813 0.702344 0.657715
1 0.48125 0.576563 0.790625 0.71875 0.442627
1 0.335352 0.146875 0.114453 0.180859 0.0238647
1 0.325195 0.132837 0.096875 0.151904 0.00941467
0 0.335352 0.146875 0.114453 0.180859 0.00775528
0 0.325195 0.132837 0.096875 0.151904 0.00370789
0 0.308203 0.58291 0.432031 0.68418 0.00358009
0 0.466406 0.829687 0.932813 0.340625 0.00296974
1 0.349805 0.160742 0.123047 0.224219 0.00286674
1 0.466406 0.829687 0.932813 0.340625 0.00271416
0 0.474316 0.135352 0.77168 0.270703 0.00265312
1 0.308203 0.58291 0.432031 0.68418 0.00251198
0 0.933594 0.478125 0.132812 0.875 0.0024147
1 0.31875 0.111694 0.0867188 0.110596 0.00209999
0 0.31875 0.111694 0.0867188 0.110596 0.0020504
1 0.463281 0.892187 0.926562 0.215625 0.00186729
1 0.474316 0.135352 0.77168 0.270703 0.00168705
0 0.134863 0.480469 0.269727 0.875 0.00168705
0 0.907031 0.441797 0.185937 0.863281 0.00165462
0 0.728516 0.8625 0.542969 0.275 0.00162888
0 0.0807129 0.465234 0.161426 0.900781 0.00162315
0 0.0564941 0.482812 0.112988 0.820312 0.00161076
0 0.818359 0.395312 0.363281 0.790625 0.00156116
0 0.349805 0.160742 0.123047 0.224219 0.00154877
0 0.463281 0.892187 0.926562 0.215625 0.00152493
0 0.335547 0.848828 0.671094 0.302344 0.00151253
0 0.243164 0.515625 0.486328 0.840625 0.00148392
1 0.725 0.882422 0.55 0.235156 0.00145531
1 0.0807129 0.465234 0.161426 0.900781 0.00134563
1 0.308203 0.14248 0.194531 0.185742 0.00132465
0 0.0666016 0.430469 0.133203 0.825 0.00132465
1 0.0564941 0.482812 0.112988 0.820312 0.00132465
0 0.304883 0.164844 0.205859 0.239063 0.0012846
1 0.935938 0.482812 0.128125 0.865625 0.00125504
1 0.134863 0.480469 0.269727 0.875 0.00123501
0 0.847656 0.280078 0.304688 0.560156 0.00117397
0 0.229102 0.582031 0.277734 0.665625 0.00109482
0 0.817773 0.857813 0.364453 0.284375 0.00109005
0 0.764453 0.463281 0.471094 0.889063 0.00108624
0 0.080957 0.363281 0.161914 0.70625 0.00108147
0 0.407422 0.82832 0.138281 0.215234 0.00106525
1 0.907031 0.441797 0.185937 0.863281 0.00104809
1 0.471094 0.598535 0.785937 0.706055 0.924805
0 0.482812 0.586035 0.795313 0.720117 0.117188
1 0.503125 0.176563 0.884375 0.353125 0.0091629
1 0.529688 0.152539 0.85 0.267578 0.00286674
0 0.503125 0.176563 0.884375 0.353125 0.00146103
1 0.504687 0.237109 0.8625 0.474219 0.00131512
1 0.494922 0.380078 0.838281 0.489844 0.00102043
1 0.471484 0.582422 0.802344 0.692969 0.800781
0 0.471484 0.582422 0.802344 0.692969 0.0354919
1 0.476562 0.591504 0.784375 0.688867 0.863281
0 0.478906 0.594629 0.776563 0.682617 0.253906
0 0.00195312 0.113867 0.00390625 0.195312 0.00254059
0 0.00183105 0.617969 0.00366211 0.139062 0.00232315
0 0.00187988 0.644531 0.00375977 0.148438 0.00228691
0 0.00178223 0.591406 0.00356445 0.134375 0.00228691
0 0.00195312 0.671094 0.00390625 0.15625 0.00225258
0 0.00178223 0.566406 0.00356445 0.132812 0.00217438
0 0.00178223 0.541016 0.00356445 0.133594 0.00201035
0 0.00187988 0.0729004 0.00375977 0.145801 0.00198746
0 0.00180664 0.515625 0.00361328 0.134375 0.00191212
0 0.00200195 0.816992 0.00400391 0.209766 0.00188923
0 0.00200195 0.71875 0.00400391 0.16875 0.00186729
0 0.00198975 0.771094 0.00397949 0.19375 0.00181007
0 0.00194092 0.162207 0.00388184 0.19707 0.00179577
0 0.00185547 0.490625 0.00371094 0.135156 0.00178242
0 0.00185547 0.465625 0.00371094 0.1375 0.00162888
0 0.00185547 0.440723 0.00371094 0.14043 0.00149536
0 0.00185547 0.415723 0.00371094 0.143555 0.00137234
0 0.00205078 0.857617 0.00410156 0.222266 0.00135612
0 0.0019043 0.211914 0.00380859 0.189844 0.00129414
0 0.0019043 0.262695 0.00380859 0.176953 0.00118828
0 0.00186768 0.365625 0.00373535 0.153125 0.00118351
0 0.00187988 0.313867 0.00375977 0.165234 0.00113773
1 0.486621 0.573535 0.770508 0.704492 0.911621
0 0.481641 0.578809 0.785156 0.692383 0.0185394
1 0.510156 0.161035 0.865625 0.32207 0.00156689
0 0.992188 0.530469 0.015625 0.276563 0.00154877
0 0.992188 0.480859 0.015625 0.270312 0.00149536
0 0.992188 0.400391 0.015625 0.277344 0.00146675
0 0.992188 0.341602 0.015625 0.299609 0.00144386
0 0.992188 0.283594 0.015625 0.326562 0.00132465
0 0.992188 0.601562 0.015625 0.292188 0.00131512
0 0.992188 0.671875 0.015625 0.298438 0.00108147
0 0.991797 0.904688 0.0164062 0.190625 0.00103188
1 0.480859 0.583984 0.788281 0.721094 0.91748
0 0.483203 0.583984 0.796094 0.728906 0.00619125
1 0.54375 0.144531 0.8875 0.289062 0.00536346
0 0.54375 0.144531 0.8875 0.289062 0.00413513
0 0.54375 0.0931641 0.89375 0.186328 0.00167465
1 0.54375 0.0931641 0.89375 0.186328 0.00133514
1 0.326953 0.733594 0.475 0.420312 0.00132465
1 0.57666 0.151562 0.641992 0.291016 0.00129414
1 0.48916 0.576953 0.762305 0.711719 0.823242
0 0.4875 0.576953 0.773438 0.717969 0.117371
1 0.481641 0.576563 0.772656 0.725 0.552734
0 0.478906 0.576563 0.767187 0.720312 0.445557
1 0.490234 0.580566 0.769531 0.71543 0.922852
0 0.489746 0.580859 0.775195 0.724219 0.00593567
1 0.483594 0.58125 0.79375 0.715625 0.896973
0 0.48291 0.577344 0.799805 0.717188 0.011734
1 0.483594 0.58125 0.79375 0.715625 0.896973
0 0.483203 0.577344 0.799219 0.717188 0.011467
