1 0.483594 0.48125 0.820312 0.876562 0.933594
1 0.384375 0.509766 0.609375 0.953906 0.833496
0 0.483594 0.48125 0.820312 0.876562 0.0407715
1 0.286133 0.4875 0.423828 0.870313 0.035614
0 0.384375 0.509766 0.609375 0.953906 0.00577545
0 0.666016 0.837695 0.667969 0.324609 0.00345612
0 0.479297 0.843555 0.911719 0.250391 0.00296974
0 0.478516 0.798242 0.930469 0.356641 0.00294685
1 0.230664 0.443848 0.326172 0.774805 0.00291252
1 0.478906 0.804102 0.957812 0.391797 0.0026722
1 0.479297 0.843555 0.911719 0.250391 0.00258064
1 0.428809 0.281641 0.726758 0.507812 0.002388
1 0.496875 0.613672 0.85625 0.644531 0.00216484
0 0.903906 0.182031 0.192188 0.35625 0.00209045
0 0.503906 0.841797 0.971875 0.316406 0.00205803
1 0.283594 0.339063 0.423438 0.594531 0.00203514
0 0.286133 0.4875 0.423828 0.870313 0.0018034
0 0.751953 0.815625 0.496094 0.36875 0.00174809
1 0.903906 0.182031 0.192188 0.35625 0.00162888
0 0.810742 0.782812 0.378516 0.434375 0.00150681
0 0.849023 0.113281 0.301953 0.226562 0.00145531
0 0.961719 0.359766 0.0765625 0.619531 0.00143814
0 0.82168 0.694531 0.356641 0.610937 0.00140476
0 0.973437 0.415234 0.053125 0.650781 0.00139427
1 0.477344 0.925 0.95 0.15 0.00137234
1 0.844141 0.245312 0.311719 0.479688 0.00136185
0 0.942187 0.298633 0.115625 0.537891 0.00132465
1 0.666016 0.837695 0.667969 0.324609 0.00130463
0 0.826953 0.146484 0.346094 0.2875 0.00126457
0 0.844141 0.245312 0.311719 0.479688 0.00122547
0 0.454297 0.803906 0.819531 0.278125 0.0012064
0 0.903906 0.338672 0.192188 0.646094 0.0011692
1 0.447266 0.0256592 0.817969 0.0513184 0.00116062
0 0.884375 0.132617 0.23125 0.265234 0.00116062
0 0.446875 0.036377 0.840625 0.0727539 0.0011425
0 0.875391 0.671484 0.249219 0.657031 0.00112438
0 0.862695 0.425781 0.274609 0.789062 0.0011158
0 0.795313 0.108594 0.409375 0.217187 0.00111198
0 0.912109 0.233203 0.175781 0.457031 0.00110722
0 0.469141 0.677344 0.861719 0.534375 0.00106049
1 0.447656 0.143555 0.834375 0.236328 0.00104427
0 0.945703 0.633203 0.108594 0.700781 0.00101662
0 0.978906 0.536816 0.0421875 0.735742 0.00100803
1 0.849023 0.113281 0.301953 0.226562 0.00100803
1 0.490625 0.492969 0.853125 0.9 0.933594
1 0.188281 0.486328 0.376563 0.949219 0.0104065
1 0.260352 0.496094 0.452734 0.9375 0.0101318
0 0.492969 0.510938 0.853125 0.920313 0.00229645
1 0.488281 0.219678 0.910937 0.362207 0.00157928
1 0.724219 0.451562 0.367188 0.773438 0.00154877
1 0.0966797 0.489062 0.193359 0.921875 0.00126457
1 0.498047 0.489844 0.857031 0.870313 0.858887
0 0.498047 0.489844 0.857031 0.870313 0.00508118
1 0.303906 0.492969 0.460938 0.867188 0.00198746
1 0.693359 0.509766 0.435156 0.821094 0.0017271
1 0.496875 0.498047 0.825 0.883594 0.918945
0 0.0019043 0.144556 0.00380859 0.157373 0.00337601
0 0.00175781 0.0948242 0.00351562 0.148633 0.00269318
0 0.0019043 0.191016 0.00380859 0.169141 0.00222588
0 0.00175781 0.0700195 0.00351562 0.133008 0.00209999
0 0.00183105 0.289062 0.00366211 0.157031 0.0020504
0 0.00184326 0.239893 0.00368652 0.164746 0.00191212
0 0.00183105 0.339063 0.00366211 0.149219 0.00189686
0 0.00183105 0.365039 0.00366211 0.144922 0.00167465
0 0.496875 0.498047 0.825 0.883594 0.00157356
0 0.00180664 0.392188 0.00361328 0.139844 0.00149536
0 0.00192871 0.816992 0.00385742 0.184766 0.00145531
0 0.0019043 0.767969 0.00380859 0.179688 0.00141048
0 0.00178223 0.418359 0.00356445 0.134375 0.00133514
0 0.00195312 0.861133 0.00390625 0.183984 0.0012207
0 0.00177002 0.44375 0.00354004 0.13125 0.00121593
0 0.00189209 0.719141 0.00378418 0.169531 0.00118828
0 0.00169678 0.469141 0.00339355 0.133594 0.00112915
0 0.00168457 0.494531 0.00336914 0.1375 0.00101662
1 0.490234 0.480469 0.855469 0.914062 0.925293
1 0.503125 0.340234 0.85 0.610156 0.650391
1 0.648047 0.477344 0.524219 0.89375 0.00234985
1 0.258008 0.485156 0.376953 0.9 0.00211525
0 0.498437 0.478516 0.85625 0.914844 0.00132465
1 0.49375 0.249414 0.8375 0.413672 0.00127411
1 0.507031 0.974219 0.875 0.0515625 0.00116062
1 0.491797 0.480859 0.825781 0.916406 0.935547
1 0.433203 0.722266 0.708594 0.444531 0.00221634
1 0.312109 0.732422 0.464844 0.424219 0.00171375
1 0.498437 0.494922 0.832812 0.902344 0.935059
1 0.489062 0.483984 0.8375 0.905469 0.902344
0 0.4875 0.476562 0.820312 0.88125 0.00419998
1 0.498437 0.495313 0.828125 0.90625 0.931641
1 0.489453 0.484375 0.850781 0.909375 0.917969
1 0.489453 0.484375 0.850781 0.909375 0.917969
