1 0.454297 0.489062 0.746094 0.84375 0.922363
1 0.332031 0.485938 0.475 0.840625 0.463867
0 0.454297 0.489062 0.746094 0.84375 0.046814
1 0.444629 0.325586 0.707617 0.519141 0.00985718
0 0.332031 0.485938 0.475 0.840625 0.00717545
0 0.645215 0.84668 0.70957 0.306641 0.00679779
0 0.482812 0.824609 0.965625 0.350781 0.00651169
0 0.716016 0.815625 0.567969 0.36875 0.00602722
0 0.488281 0.740234 0.945312 0.519531 0.00369263
1 0.249561 0.467285 0.319629 0.787305 0.00282288
1 0.482812 0.824609 0.965625 0.350781 0.00226974
1 0.472266 0.215186 0.827344 0.292285 0.00214005
1 0.335742 0.322656 0.476953 0.517187 0.00209999
1 0.716016 0.815625 0.567969 0.36875 0.0020504
1 0.488281 0.740234 0.945312 0.519531 0.00186062
1 0.645215 0.84668 0.70957 0.306641 0.00178242
0 0.942187 0.471875 0.115625 0.814062 0.0017271
0 0.462891 0.24668 0.925781 0.493359 0.00166798
0 0.816602 0.783203 0.366797 0.433594 0.0016489
0 0.472266 0.215186 0.827344 0.292285 0.00159168
0 0.152051 0.414941 0.304102 0.791992 0.0014267
0 0.514063 0.890625 0.964063 0.21875 0.00139427
1 0.462891 0.24668 0.925781 0.493359 0.00138855
0 0.873828 0.186719 0.252344 0.373437 0.00135136
0 0.466406 0.666797 0.85 0.466406 0.00133514
0 0.833984 0.239844 0.332031 0.478906 0.00126457
1 0.152051 0.414941 0.304102 0.791992 0.0012598
0 0.911328 0.429004 0.177344 0.781055 0.0012598
0 0.842578 0.708984 0.314844 0.582031 0.00120163
0 0.054834 0.378906 0.109668 0.685938 0.0011425
0 0.786328 0.120312 0.427344 0.240625 0.0011425
0 0.764844 0.328516 0.470313 0.619531 0.00110722
0 0.329102 0.806055 0.658203 0.387891 0.00109005
0 0.827734 0.152344 0.344531 0.304688 0.00106907
1 0.833984 0.239844 0.332031 0.478906 0.00104809
0 0.930469 0.362109 0.139062 0.666406 0.00104809
0 0.713281 0.339844 0.417188 0.539062 0.00104427
0 0.733203 0.868359 0.533594 0.263281 0.00103188
0 0.577734 0.870117 0.844531 0.259766 0.00100803
1 0.504297 0.492969 0.811719 0.810938 0.916504
1 0.268164 0.4875 0.419922 0.903125 0.0240479
1 0.198437 0.489453 0.396875 0.908594 0.0132751
0 0.504297 0.492969 0.811719 0.810938 0.0100555
1 0.495313 0.143457 0.896875 0.15918 0.00445175
0 0.766797 0.478906 0.255469 0.760938 0.00372124
1 0.766797 0.478906 0.255469 0.760938 0.0029583
0 0.268164 0.4875 0.419922 0.903125 0.00256157
0 0.81875 0.513184 0.157813 0.72832 0.00166798
1 0.368945 0.482422 0.549609 0.774219 0.00126934
1 0.81875 0.513184 0.157813 0.72832 0.00113392
1 0.487109 0.472656 0.810156 0.823438 0.767578
1 0.348633 0.478516 0.501172 0.814844 0.0354004
0 0.487109 0.472656 0.810156 0.823438 0.0050621
1 0.486719 0.483594 0.801562 0.807813 0.933594
0 0.00194092 0.145605 0.00388184 0.163867 0.00300407
0 0.00175781 0.0959961 0.00351562 0.153516 0.00232315
0 0.00183105 0.417285 0.00366211 0.137305 0.00209999
0 0.00185547 0.391309 0.00371094 0.139258 0.00204277
0 0.00181885 0.442578 0.0036377 0.135156 0.00204277
0 0.00192871 0.191602 0.00385742 0.171484 0.00197983
0 0.00179443 0.467969 0.00358887 0.135156 0.00191879
0 0.00183105 0.36543 0.00366211 0.141797 0.00191879
0 0.00183105 0.339844 0.00366211 0.146094 0.00185299
0 0.00179443 0.492969 0.00358887 0.1375 0.00181007
0 0.00185547 0.288672 0.00371094 0.158594 0.00174809
0 0.00179443 0.517969 0.00358887 0.142969 0.00173378
0 0.00197754 0.792969 0.00395508 0.209375 0.0016489
0 0.0019043 0.239258 0.00380859 0.169922 0.00161076
0 0.00185547 0.56875 0.00371094 0.15625 0.00150681
0 0.00195312 0.743359 0.00390625 0.194531 0.00143814
0 0.00202637 0.8375 0.00405273 0.215625 0.00135612
0 0.0019043 0.694531 0.00380859 0.18125 0.00125504
0 0.0019043 0.61875 0.00380859 0.167187 0.0012064
0 0.00175781 0.05625 0.00351562 0.1125 0.00101185
1 0.487891 0.471094 0.802344 0.823438 0.931152
1 0.494141 0.322656 0.808594 0.514063 0.018158
1 0.501172 0.181641 0.842969 0.227344 0.00572968
1 0.497656 0.0871094 0.867188 0.174219 0.0019722
0 0.992188 0.413379 0.015625 0.248242 0.00162315
0 0.992188 0.359375 0.015625 0.254687 0.00157928
0 0.992188 0.463672 0.015625 0.250781 0.00152493
0 0.992188 0.304297 0.015625 0.267969 0.00150681
0 0.992188 0.245117 0.015625 0.291797 0.00138283
1 0.503906 0.0515137 0.864062 0.103027 0.00134563
0 0.992188 0.189648 0.015625 0.312109 0.00123501
0 0.992188 0.5125 0.015625 0.259375 0.00122547
0 0.989844 0.0923828 0.0203125 0.184766 0.0012207
0 0.991406 0.123438 0.0171875 0.246875 0.00121117
0 0.991797 0.558594 0.0164062 0.276563 0.00102425
1 0.485938 0.476172 0.8 0.835156 0.934082
1 0.452344 0.676953 0.729688 0.435156 0.00294685
1 0.322656 0.685156 0.460938 0.41875 0.00124454
1 0.495996 0.491406 0.798633 0.854688 0.932617
1 0.490234 0.477344 0.799219 0.820312 0.898926
0 0.489844 0.473828 0.784375 0.830469 0.00841522
1 0.493066 0.485938 0.787305 0.829687 0.926758
1 0.488672 0.478125 0.814844 0.832812 0.918945
1 0.488672 0.478516 0.814844 0.832031 0.918457
