1 0.445996 0.482031 0.723633 0.864062 0.751953
0 0.345117 0.486328 0.520703 0.861719 0.408203
1 0.332031 0.492578 0.496875 0.892969 0.0284424
0 0.455469 0.482812 0.767187 0.865625 0.00706482
0 0.682715 0.770508 0.63457 0.458984 0.00595856
0 0.929688 0.485547 0.140625 0.874219 0.00530243
0 0.26875 0.496875 0.371094 0.8375 0.00473785
1 0.925781 0.485938 0.148438 0.875 0.00355148
0 0.785547 0.733594 0.428906 0.532812 0.00276756
1 0.498437 0.794531 0.901563 0.396875 0.00263214
1 0.682715 0.770508 0.63457 0.458984 0.00261116
1 0.26875 0.496875 0.371094 0.8375 0.00211525
0 0.277734 0.371094 0.394531 0.63125 0.00201988
0 0.837109 0.681641 0.325781 0.627344 0.00197983
0 0.607031 0.841797 0.785937 0.316406 0.00196457
0 0.498437 0.794531 0.901563 0.396875 0.00189686
0 0.417969 0.816992 0.835938 0.366016 0.00175476
0 0.502344 0.778125 0.779688 0.295312 0.00174809
0 0.890625 0.475391 0.21875 0.833594 0.00167465
0 0.910937 0.408203 0.178125 0.800781 0.00146103
1 0.660059 0.836133 0.679883 0.327734 0.00145531
1 0.890625 0.475391 0.21875 0.833594 0.00139427
0 0.0470703 0.405078 0.0941406 0.736719 0.00139427
0 0.843164 0.444531 0.313672 0.817187 0.00138283
0 0.133398 0.441016 0.266797 0.846094 0.00136185
0 0.915625 0.252344 0.16875 0.495313 0.00131512
0 0.439746 0.302734 0.70957 0.507812 0.00126934
0 0.776953 0.111523 0.446094 0.223047 0.00119686
1 0.417969 0.816992 0.835938 0.366016 0.00109863
0 0.844336 0.0568359 0.311328 0.113672 0.00107288
1 0.777344 0.711719 0.445312 0.567187 0.00106525
0 0.759375 0.100586 0.48125 0.201172 0.00106525
1 0.473437 0.500781 0.771875 0.851562 0.865234
0 0.471973 0.49375 0.793555 0.870313 0.0469055
0 0.498437 0.0575195 0.0625 0.0623047 0.0147324
1 0.478906 0.132129 0.876562 0.187305 0.0091629
0 0.50625 0.0602661 0.0773437 0.0716553 0.00714874
0 0.500781 0.0727051 0.0703125 0.0967773 0.00664139
0 0.524219 0.120117 0.290625 0.164453 0.00452042
1 0.238281 0.506641 0.39375 0.916406 0.00366402
1 0.191406 0.500781 0.382812 0.935938 0.003088
1 0.480078 0.236719 0.830469 0.396094 0.00270462
0 0.478906 0.132129 0.876562 0.187305 0.00201988
0 0.238281 0.506641 0.39375 0.916406 0.00126934
1 0.480469 0.161328 0.7875 0.247656 0.00121117
1 0.494141 0.327148 0.832031 0.566797 0.00116062
1 0.457715 0.489062 0.76582 0.854688 0.808105
0 0.463965 0.484375 0.783008 0.859375 0.0391235
1 0.466309 0.494531 0.77832 0.8375 0.905762
0 0.465234 0.492188 0.774219 0.859375 0.0411377
0 0.00192871 0.147632 0.00385742 0.167236 0.00286674
0 0.00175781 0.0960938 0.00351562 0.151953 0.00243378
0 0.00175781 0.070752 0.00351562 0.132324 0.0019722
0 0.00192871 0.193945 0.00385742 0.184375 0.00188923
0 0.00202637 0.788281 0.00405273 0.229687 0.00171375
0 0.00195312 0.335938 0.00390625 0.178906 0.00165462
0 0.00200195 0.740625 0.00400391 0.21875 0.00163555
0 0.00202637 0.833008 0.00405273 0.227734 0.00153065
0 0.00189209 0.389844 0.00378418 0.157813 0.00152493
0 0.00195312 0.287695 0.00390625 0.187891 0.0015192
0 0.00201416 0.69375 0.00402832 0.203125 0.00151253
0 0.00192871 0.240576 0.00385742 0.18916 0.00148392
0 0.00178223 0.44209 0.00356445 0.145508 0.00134563
0 0.0017334 0.491406 0.0034668 0.148438 0.00126457
0 0.00200195 0.645312 0.00400391 0.192188 0.00126457
0 0.00202637 0.882812 0.00405273 0.232812 0.00119209
0 0.0019165 0.596094 0.00383301 0.174219 0.0011034
0 0.00183105 0.544141 0.00366211 0.160156 0.00108624
1 0.475781 0.476562 0.789062 0.873438 0.936523
1 0.473828 0.360352 0.758594 0.628516 0.0209656
0 0.478906 0.472656 0.754687 0.882812 0.00143242
0 0.992188 0.276367 0.015625 0.365234 0.0011692
1 0.468848 0.477344 0.774805 0.870313 0.93457
1 0.486035 0.709375 0.768555 0.409375 0.00130463
1 0.477734 0.49375 0.757031 0.867188 0.930664
0 0.476465 0.484375 0.767383 0.870313 0.00292397
1 0.468652 0.478516 0.762695 0.864844 0.842773
0 0.466504 0.477344 0.763867 0.854688 0.0894775
1 0.474219 0.485547 0.773438 0.877344 0.9375
1 0.473828 0.480859 0.782031 0.878906 0.921387
1 0.474121 0.48125 0.781445 0.878125 0.921875
