0 0.491406 0.54375 0.807813 0.815625 0.86377
0 0.319531 0.545313 0.45 0.8 0.0302124
1 0.491406 0.541797 0.8625 0.819531 0.0200195
0 0.0914062 0.469531 0.182812 0.939062 0.0107346
0 0.231055 0.548047 0.275391 0.797656 0.00717545
0 0.31875 0.475 0.6375 0.95 0.006073
0 0.457812 0.114355 0.0765625 0.177539 0.00416565
0 0.0577148 0.467187 0.11543 0.8875 0.00379562
0 0.867969 0.489062 0.264062 0.896875 0.00322342
1 0.0914062 0.469531 0.182812 0.939062 0.00302696
0 0.905469 0.516406 0.189063 0.859375 0.00298119
0 0.957812 0.51875 0.084375 0.85625 0.00298119
0 0.701563 0.843555 0.596875 0.312891 0.0029583
0 0.446484 0.419629 0.877344 0.526367 0.00291252
1 0.0577148 0.467187 0.11543 0.8875 0.0020752
0 0.476562 0.825781 0.93125 0.295312 0.0019722
0 0.0608398 0.392969 0.12168 0.785937 0.00162315
1 0.703906 0.876562 0.592188 0.246875 0.0015974
0 0.192578 0.45625 0.385156 0.9125 0.00153637
0 0.675488 0.883984 0.649023 0.232031 0.00153637
1 0.49375 0.208545 0.367969 0.111816 0.0014267
0 0.86582 0.786328 0.268359 0.427344 0.00142097
0 0.504297 0.955859 0.935156 0.0882813 0.00138855
0 0.764453 0.527734 0.403906 0.842969 0.00138283
0 0.49375 0.208545 0.367969 0.111816 0.00133038
0 0.494922 0.869727 0.960156 0.260547 0.00127411
0 0.921094 0.737891 0.157813 0.524219 0.00123978
0 0.475 0.190283 0.253125 0.0811523 0.0012064
0 0.934375 0.409375 0.13125 0.81875 0.00116062
0 0.458594 0.0822998 0.078125 0.124463 0.00115108
0 0.371094 0.398047 0.554688 0.50625 0.0011425
0 0.4625 0.124707 0.103125 0.161914 0.00112438
1 0.31875 0.475 0.6375 0.95 0.00112057
1 0.457812 0.114355 0.0765625 0.177539 0.0011158
1 0.476953 0.957812 0.938281 0.084375 0.0011034
0 0.945703 0.683984 0.108594 0.600781 0.00109482
0 0.76875 0.427344 0.4625 0.83125 0.00101662
0 0.497656 0.554688 0.826563 0.8 0.885742
1 0.499219 0.563281 0.814062 0.775 0.0354919
0 0.747656 0.551172 0.307813 0.747656 0.0051384
0 0.680469 0.546094 0.440625 0.751562 0.00448608
0 0.493359 0.252783 0.838281 0.232715 0.00201988
0 0.500781 0.18418 0.1125 0.0480469 0.00189686
1 0.497656 0.24668 0.810938 0.218359 0.00179577
0 0.496094 0.180518 0.135156 0.0600586 0.00175476
0 0.499219 0.303906 0.829687 0.329688 0.00146675
1 0.497266 0.295752 0.802344 0.316309 0.00130463
0 0.499219 0.550684 0.842188 0.789258 0.9375
1 0.499219 0.550684 0.842188 0.789258 0.00963593
0 0.498437 0.561328 0.803125 0.769531 0.921387
1 0.498437 0.561328 0.803125 0.769531 0.0204163
0 0.00192871 0.14646 0.00385742 0.176221 0.00216484
0 0.344141 0.545703 0.489844 0.769531 0.00199509
0 0.00175781 0.0958984 0.00351562 0.163672 0.00191879
0 0.313281 0.386621 0.428125 0.448633 0.00179577
0 0.496875 0.347852 0.8 0.392578 0.00141048
0 0.00192871 0.193555 0.00385742 0.185937 0.00131989
0 0.00180664 0.494531 0.00361328 0.170312 0.00112915
0 0.00185547 0.441504 0.00371094 0.17793 0.00104046
0 0.507422 0.546875 0.822656 0.80625 0.933594
1 0.504687 0.552344 0.83125 0.807813 0.00390053
0 0.510547 0.714844 0.811719 0.470313 0.0015974
0 0.990234 0.0927734 0.0195312 0.185547 0.00136185
0 0.992188 0.905469 0.015625 0.189063 0.00132465
0 0.991406 0.125195 0.0171875 0.250391 0.00114727
0 0.991797 0.399121 0.0164062 0.306445 0.0011425
0 0.991797 0.470703 0.0164062 0.332031 0.00113392
0 0.992188 0.344531 0.015625 0.309375 0.0011158
0 0.992188 0.263721 0.015625 0.319434 0.00107288
0 0.501562 0.559766 0.815625 0.817969 0.919434
1 0.499219 0.551562 0.821875 0.826563 0.00536346
0 0.82168 0.559766 0.169141 0.808594 0.00146103
0 0.503125 0.555469 0.807813 0.826563 0.926758
1 0.507031 0.552441 0.803125 0.79043 0.00230598
0 0.501465 0.54375 0.787695 0.81875 0.891602
1 0.500879 0.544922 0.791992 0.813281 0.00131989
0 0.506152 0.551562 0.793945 0.832812 0.901367
1 0.504687 0.555469 0.7875 0.832812 0.00374985
0 0.499219 0.55625 0.810938 0.820312 0.923828
1 0.498828 0.553125 0.811719 0.809375 0.00703812
0 0.499219 0.55625 0.810938 0.820312 0.923828
1 0.498828 0.553125 0.811719 0.807813 0.0069313
