1 0.516016 0.573047 0.646094 0.819531 0.790527
0 0.579687 0.578516 0.784375 0.824219 0.201172
1 0.418066 0.570312 0.443555 0.8125 0.0401611
0 0.453516 0.572266 0.514844 0.827344 0.0246124
0 0.373633 0.571094 0.357422 0.807813 0.00658798
1 0.590625 0.624219 0.81875 0.739062 0.00240517
1 0.842773 0.882031 0.314453 0.235938 0.00224304
0 0.837305 0.886719 0.325391 0.226562 0.00213242
1 0.546875 0.447266 0.75625 0.567969 0.00198746
0 0.567578 0.681641 0.864844 0.630469 0.00186729
0 0.558594 0.860547 0.882812 0.278906 0.00153065
1 0.335547 0.566016 0.286719 0.796094 0.00149536
1 0.788867 0.889453 0.422266 0.221094 0.00131989
0 0.482812 0.110352 0.965625 0.220703 0.00131989
0 0.433594 0.876172 0.739062 0.247656 0.00125504
1 0.379297 0.879492 0.673437 0.241016 0.00122547
1 0.838672 0.571484 0.322656 0.758594 0.00122547
1 0.494531 0.0894531 0.920313 0.178906 0.00113773
0 0.840039 0.621191 0.319922 0.704492 0.00107288
1 0.482812 0.110352 0.965625 0.220703 0.00105286
1 0.558984 0.868945 0.882031 0.262109 0.00101185
0 0.575781 0.783984 0.848437 0.432031 0.00100803
0 0.876172 0.386328 0.247656 0.538281 0.00100803
1 0.593359 0.584375 0.813281 0.828125 0.889648
0 0.589063 0.584375 0.8125 0.829687 0.0277405
1 0.482422 0.588965 0.582031 0.793945 0.00250244
1 0.360352 0.58125 0.335547 0.803125 0.00226974
1 0.58125 0.569922 0.815625 0.797656 0.789062
0 0.578906 0.572266 0.801562 0.811719 0.0112
0 0.00517578 0.872266 0.0103516 0.255469 0.00135612
1 0.766016 0.574609 0.458594 0.786719 0.00104427
1 0.592871 0.587109 0.79707 0.813281 0.911621
0 0.00222168 0.133203 0.00444336 0.23125 0.00787354
0 0.00206299 0.187695 0.00412598 0.226172 0.00508118
0 0.00205078 0.23418 0.00410156 0.233203 0.00397491
0 0.00229492 0.0824219 0.00458984 0.164844 0.00332451
0 0.00205078 0.861719 0.00410156 0.203125 0.00322342
0 0.00205078 0.814062 0.00410156 0.20625 0.00311089
0 0.00205078 0.284717 0.00410156 0.229785 0.0029583
0 0.00200195 0.715234 0.00400391 0.202344 0.00283432
0 0.00202637 0.765234 0.00405273 0.207031 0.00282288
0 0.00196533 0.665625 0.00393066 0.204688 0.00268364
0 0.592871 0.587109 0.79707 0.813281 0.00264168
0 0.00202637 0.336914 0.00405273 0.226953 0.00255013
0 0.00209961 0.908203 0.00419922 0.183594 0.00239754
0 0.00197754 0.386719 0.00395508 0.225781 0.00228691
0 0.0427246 0.139062 0.0831055 0.183594 0.00226974
0 0.00195312 0.614844 0.00390625 0.207813 0.00225258
0 0.00196533 0.435937 0.00393066 0.223438 0.00193405
0 0.00195312 0.564453 0.00390625 0.210156 0.00191212
0 0.00195312 0.487109 0.00390625 0.217969 0.00173378
0 0.0428711 0.187305 0.0839844 0.195703 0.0014267
0 0.0456543 0.669922 0.0848633 0.246094 0.00123501
0 0.0458008 0.246826 0.0845703 0.254004 0.00118828
0 0.0454224 0.796094 0.0853271 0.2375 0.00114727
0 0.0442871 0.14209 0.0823242 0.277539 0.00113773
0 0.04552 0.720312 0.0851318 0.242188 0.00106907
0 0.0457886 0.621484 0.0845947 0.250781 0.00104809
1 0.666406 0.339258 0.585938 0.351953 0.00104046
1 0.588184 0.571875 0.798633 0.823438 0.942871
1 0.591016 0.425391 0.796094 0.533594 0.0875854
0 0.991797 0.116406 0.0164062 0.216016 0.00226021
1 0.317773 0.555469 0.273828 0.857813 0.00131512
0 0.989844 0.0922852 0.0203125 0.18457 0.00125504
1 0.572266 0.278955 0.792969 0.231934 0.00124931
1 0.5875 0.576563 0.801562 0.846875 0.943359
1 0.544531 0.0452637 0.870313 0.0905273 0.0012207
1 0.405859 0.757422 0.425 0.485156 0.00106049
1 0.542969 0.744531 0.707812 0.510938 0.00105667
0 0.544531 0.0452637 0.870313 0.0905273 0.00105667
1 0.598828 0.579687 0.786719 0.840625 0.936523
1 0.591797 0.581641 0.769531 0.821094 0.876953
0 0.590234 0.571094 0.769531 0.820312 0.0126266
1 0.447266 0.662109 0.488281 0.638281 0.00109863
1 0.595215 0.575 0.789258 0.835938 0.936035
0 0.607129 0.575391 0.77168 0.835156 0.00102043
1 0.589844 0.579297 0.804688 0.833594 0.923828
1 0.589844 0.579687 0.804688 0.832812 0.923828
