1 0.560547 0.553125 0.635156 0.864062 0.925781
1 0.469922 0.549219 0.454688 0.901563 0.282227
0 0.560547 0.553125 0.635156 0.864062 0.0144501
1 0.569531 0.373828 0.628125 0.557031 0.0142822
1 0.476953 0.426562 0.466406 0.657812 0.00407028
1 0.596875 0.702344 0.715625 0.584375 0.00353813
1 0.378223 0.554297 0.281055 0.877344 0.00265312
0 0.815039 0.864062 0.369922 0.271875 0.00235939
1 0.783984 0.886328 0.432031 0.227344 0.00225258
1 0.794531 0.484375 0.329688 0.676562 0.00154305
0 0.571191 0.863281 0.788867 0.273438 0.00153065
1 0.822461 0.88125 0.355078 0.2375 0.00149536
1 0.7875 0.379297 0.342187 0.526563 0.00137234
0 0.432031 0.554297 0.38125 0.886719 0.00133038
1 0.868164 0.2875 0.263672 0.435937 0.00126934
1 0.4625 0.0868652 0.915625 0.17373 0.00124454
0 0.910937 0.212061 0.178125 0.275098 0.00123978
0 0.848633 0.169531 0.302734 0.232812 0.00123501
1 0.836133 0.252344 0.327734 0.36875 0.00118828
1 0.558594 0.886133 0.814062 0.227734 0.00116062
1 0.804688 0.589453 0.332812 0.596094 0.0011425
1 0.965625 0.29375 0.06875 0.234375 0.00112438
1 0.974219 0.3375 0.0515625 0.219531 0.00111198
0 0.4625 0.0868652 0.915625 0.17373 0.00109863
1 0.830078 0.329688 0.339844 0.473437 0.00106525
0 0.470703 0.147656 0.941406 0.295312 0.00104809
0 0.841016 0.0425781 0.317969 0.0851562 0.00104046
0 0.836133 0.252344 0.327734 0.36875 0.00100422
1 0.594434 0.547656 0.726758 0.901563 0.910156
0 0.583594 0.548047 0.690625 0.903906 0.0029583
1 0.477246 0.539453 0.473633 0.911719 0.00191879
1 0.593652 0.540625 0.70957 0.88125 0.827637
0 0.593652 0.540625 0.70957 0.88125 0.00527954
1 0.480078 0.553906 0.471094 0.867188 0.00324821
1 0.639063 0.473828 0.11875 0.180469 0.00178242
0 0.0067749 0.891406 0.0135498 0.217187 0.00176811
0 0.00559082 0.85332 0.0111816 0.293359 0.00109863
1 0.588379 0.563281 0.724805 0.873438 0.941406
0 0.00209961 0.138477 0.00419922 0.241406 0.00591278
0 0.00179443 0.189502 0.00358887 0.253027 0.00400543
0 0.00219727 0.100195 0.00439453 0.200391 0.00387001
0 0.00178223 0.237695 0.00356445 0.260156 0.00349617
0 0.00178223 0.885938 0.00356445 0.228125 0.00312424
0 0.0017334 0.813281 0.0034668 0.245312 0.0029583
0 0.0017334 0.285352 0.0034668 0.263672 0.00288963
0 0.0336426 0.192578 0.062207 0.20625 0.00263214
0 0.0335938 0.241797 0.0623047 0.210938 0.00254059
0 0.00163574 0.764063 0.00327148 0.253125 0.00247192
0 0.00164795 0.713672 0.0032959 0.250781 0.00223351
0 0.00166016 0.335742 0.00332031 0.266797 0.00217438
0 0.0335449 0.290625 0.0624023 0.2125 0.00211525
0 0.0015625 0.664062 0.003125 0.254687 0.00190449
0 0.0015625 0.385156 0.003125 0.267188 0.00176144
0 0.0336914 0.895312 0.0623047 0.203125 0.0017271
0 0.0334961 0.340625 0.0625 0.216406 0.00160408
0 0.594141 0.560156 0.714844 0.879687 0.00156116
0 0.033606 0.790625 0.0624756 0.207813 0.00141621
0 0.00151367 0.614062 0.00302734 0.257812 0.00141048
0 0.00148926 0.434277 0.00297852 0.267383 0.00139904
0 0.0334473 0.389453 0.0626953 0.217969 0.00131512
0 0.0335815 0.838281 0.0623291 0.198437 0.00125504
0 0.0341919 0.135547 0.0634521 0.221875 0.00125504
0 0.00146484 0.562891 0.00292969 0.260156 0.00121593
0 0.00144043 0.485059 0.00288086 0.26582 0.00119686
0 0.0022583 0.0633789 0.0045166 0.126758 0.00117874
0 0.0334839 0.740625 0.0625244 0.209375 0.00115585
0 0.0335449 0.689453 0.0625 0.208594 0.0011425
0 0.989844 0.570312 0.0203125 0.101562 0.00110722
0 0.990625 0.545313 0.01875 0.101562 0.00106525
1 0.657422 0.320703 0.536719 0.426562 0.00103188
1 0.603516 0.526172 0.730469 0.869531 0.922363
1 0.598437 0.396484 0.735937 0.603906 0.15918
1 0.525391 0.0344971 0.864844 0.0689941 0.00370789
0 0.991797 0.118066 0.0164062 0.20332 0.00236893
1 0.395215 0.546094 0.308008 0.85625 0.00159168
0 0.991406 0.55625 0.0171875 0.348437 0.0014267
0 0.989844 0.0927734 0.0203125 0.185547 0.00116539
1 0.532812 0.174805 0.871875 0.198828 0.0011425
0 0.596094 0.5375 0.723437 0.909375 0.00107765
1 0.591016 0.545313 0.714844 0.909375 0.927734
1 0.53125 0.191797 0.876562 0.383594 0.00182438
0 0.0325195 0.861328 0.0601562 0.277344 0.00130463
1 0.586328 0.776563 0.710156 0.446875 0.00128937
1 0.532031 0.0594238 0.876562 0.118848 0.00118351
0 0.532031 0.0594238 0.876562 0.118848 0.00109863
1 0.597266 0.547266 0.721094 0.905469 0.925293
1 0.540625 0.0416016 0.853125 0.0832031 0.00174141
1 0.592285 0.547656 0.704492 0.895312 0.897949
0 0.588379 0.548437 0.698242 0.895312 0.00399017
1 0.59209 0.550781 0.70332 0.898438 0.920898
1 0.591504 0.546875 0.712305 0.8875 0.916504
1 0.591504 0.546875 0.712305 0.8875 0.916504
