0 0.607129 0.630078 0.738867 0.739844 0.878906
1 0.621582 0.6375 0.756836 0.725 0.0965576
0 0.416406 0.627344 0.370313 0.717188 0.00891876
0 0.23125 0.482812 0.4625 0.965625 0.00787354
1 0.23125 0.482812 0.4625 0.965625 0.00346947
0 0.186133 0.483594 0.372266 0.967188 0.0029583
0 0.111719 0.491016 0.223438 0.952344 0.00260162
0 0.300781 0.433203 0.601562 0.866406 0.00250244
0 0.617871 0.805078 0.764258 0.389844 0.00243378
0 0.491309 0.640625 0.512695 0.710938 0.00240517
0 0.608594 0.866016 0.782812 0.267969 0.00164223
0 0.534375 0.424609 0.89375 0.335156 0.00158501
0 0.591797 0.516016 0.724219 0.501562 0.00150108
0 0.380859 0.565625 0.65625 0.85 0.00148964
0 0.5 0.169531 1 0.339063 0.00137806
0 0.766797 0.632812 0.466406 0.721875 0.00122547
0 0.2875 0.358398 0.575 0.716797 0.0011425
0 0.358594 0.630859 0.254687 0.716406 0.00113773
1 0.0994141 0.903125 0.198828 0.19375 0.00106907
0 0.566406 0.346094 0.809375 0.166406 0.00102043
0 0.618066 0.627246 0.72793 0.717383 0.884766
1 0.591309 0.642578 0.729883 0.714844 0.10614
0 0.807031 0.607031 0.370313 0.6625 0.00139904
0 0.609473 0.625 0.754492 0.7125 0.856934
1 0.609473 0.625 0.754492 0.7125 0.037262
0 0.645312 0.439746 0.678125 0.34707 0.00214958
0 0.760547 0.45459 0.475781 0.381445 0.00175476
0 0.0046875 0.846484 0.009375 0.307031 0.00108147
0 0.61875 0.637109 0.728125 0.725781 0.937988
1 0.616016 0.637207 0.739844 0.725586 0.0133286
0 0.00244141 0.125 0.00488281 0.25 0.00468063
0 0.00241699 0.857813 0.00483398 0.26875 0.00366402
0 0.00239258 0.808594 0.00478516 0.26875 0.00346947
0 0.00234375 0.758594 0.0046875 0.273438 0.00296974
0 0.00233154 0.179688 0.00466309 0.297266 0.00284576
0 0.00231934 0.707422 0.00463867 0.275781 0.00255013
0 0.00229492 0.458203 0.00458984 0.283594 0.00240517
0 0.00229492 0.252002 0.00458984 0.299121 0.00234222
0 0.00229492 0.407422 0.00458984 0.279687 0.00231361
0 0.00231934 0.354688 0.00463867 0.284375 0.00218201
0 0.00224609 0.530469 0.00449219 0.29375 0.00188255
0 0.00229492 0.655469 0.00458984 0.282813 0.00185299
0 0.969141 0.789844 0.0617188 0.134375 0.00160408
0 0.970312 0.767969 0.059375 0.134375 0.00157356
0 0.00231934 0.0727539 0.00463867 0.145508 0.00146675
0 0.0022583 0.604688 0.0045166 0.290625 0.00139904
0 0.00238037 0.90625 0.00476074 0.1875 0.00138855
0 0.971094 0.742969 0.0578125 0.132812 0.00134563
0 0.640723 0.453516 0.69043 0.379687 0.00118351
0 0.971484 0.716406 0.0570313 0.126563 0.00107765
0 0.618066 0.636328 0.751367 0.727344 0.929199
1 0.615527 0.632031 0.731445 0.715625 0.00252151
0 0.991797 0.216797 0.0164062 0.3 0.0017004
0 0.613281 0.748047 0.740625 0.503906 0.00136662
0 0.991797 0.161523 0.0164062 0.323047 0.0012064
0 0.618848 0.632031 0.760742 0.735937 0.912109
1 0.618262 0.625781 0.763477 0.748438 0.0118713
0 0.892969 0.911328 0.214062 0.177344 0.00183105
0 0.511719 0.812305 0.53125 0.375391 0.00104046
0 0.575781 0.0943359 0.739062 0.188672 0.00103188
0 0.901172 0.873047 0.197656 0.253906 0.00101185
0 0.623438 0.626172 0.735937 0.744531 0.937012
0 0.428516 0.680078 0.369531 0.639844 0.00131512
0 0.613281 0.636426 0.735937 0.727148 0.868164
0 0.901563 0.920313 0.196875 0.159375 0.00228691
1 0.6125 0.634082 0.745313 0.731836 0.00205803
0 0.622266 0.633203 0.741406 0.733594 0.913574
0 0.615625 0.631934 0.75 0.736133 0.942383
1 0.615625 0.631934 0.75 0.736133 0.00109482
0 0.616016 0.631738 0.750781 0.736523 0.942383
1 0.616016 0.631738 0.750781 0.736523 0.00107765
