0 0.607813 0.573438 0.734375 0.83125 0.849609
1 0.607813 0.573438 0.734375 0.83125 0.0604248
0 0.83125 0.851562 0.3375 0.296875 0.00526047
0 0.227783 0.310937 0.276465 0.302344 0.00452042
1 0.824219 0.877734 0.351562 0.244531 0.00299263
0 0.437109 0.578125 0.409375 0.84375 0.0029583
0 0.286523 0.375391 0.395703 0.444531 0.00206757
0 0.795508 0.88125 0.408984 0.2375 0.00175476
0 0.3375 0.392871 0.496875 0.508008 0.00168133
0 0.402734 0.562891 0.630469 0.824219 0.00147247
0 0.29375 0.527734 0.4125 0.747656 0.00131989
0 0.118457 0.516797 0.236914 0.872656 0.00123501
1 0.834375 0.810938 0.33125 0.378125 0.00112057
0 0.841016 0.58291 0.317969 0.77168 0.0011158
0 0.401563 0.86543 0.803125 0.269141 0.0011034
0 0.358203 0.576172 0.314844 0.842969 0.00106907
0 0.842773 0.436328 0.314453 0.649219 0.00104046
1 0.611719 0.576172 0.767187 0.838281 0.488281
0 0.613281 0.575781 0.767187 0.848437 0.307373
0 0.251514 0.307227 0.33291 0.275391 0.00171375
0 0.652344 0.261719 0.257812 0.160938 0.00127411
0 0.608984 0.579004 0.767969 0.773242 0.422607
1 0.606641 0.585156 0.767969 0.792188 0.380371
0 0.00860596 0.889063 0.0172119 0.221875 0.00122547
1 0.739453 0.572754 0.511719 0.773242 0.00101185
0 0.00563965 0.247852 0.0112793 0.348828 0.00100803
0 0.604688 0.585156 0.746875 0.817187 0.904297
1 0.60625 0.586719 0.760938 0.815625 0.047699
0 0.0345703 0.895312 0.0630859 0.204688 0.00392914
0 0.00179443 0.886328 0.00358887 0.227344 0.00318527
0 0.00170898 0.84043 0.00341797 0.234766 0.00283432
0 0.00203857 0.118066 0.00407715 0.170508 0.00271416
0 0.0344849 0.838281 0.0632568 0.198437 0.0026722
0 0.00158691 0.795313 0.00317383 0.239063 0.00253105
0 0.0343628 0.792188 0.0633057 0.204688 0.00237846
0 0.00142822 0.697266 0.00285645 0.216406 0.00221634
0 0.00151367 0.746875 0.00302734 0.229687 0.00214958
0 0.00219727 0.0699707 0.00439453 0.139941 0.00209045
0 0.00131836 0.648047 0.00263672 0.207031 0.00203514
0 0.00126953 0.596875 0.00253906 0.195312 0.00195694
0 0.00168457 0.169238 0.00336914 0.177539 0.00188255
0 0.0012207 0.546484 0.00244141 0.189844 0.00186062
0 0.00115967 0.396094 0.00231934 0.175781 0.0018177
0 0.0343262 0.742188 0.0633789 0.198437 0.0017271
0 0.00118408 0.496484 0.00236816 0.185156 0.00172043
0 0.00112305 0.446973 0.00224609 0.179492 0.00171375
0 0.00117188 0.344336 0.00234375 0.176953 0.0017004
0 0.0343628 0.693359 0.0633057 0.188281 0.0016613
0 0.00128174 0.294141 0.00256348 0.177344 0.00137806
0 0.0343262 0.645312 0.0632813 0.182812 0.00123978
0 0.00144043 0.242627 0.00288086 0.181934 0.00116062
0 0.694922 0.352734 0.508594 0.340625 0.00116062
0 0.0350098 0.928125 0.0633789 0.14375 0.00102043
0 0.610156 0.594531 0.767187 0.798437 0.775391
1 0.612891 0.571777 0.752344 0.77832 0.42627
1 0.603516 0.433594 0.750781 0.5125 0.00227928
0 0.991016 0.106348 0.0179687 0.196289 0.00214958
1 0.752734 0.582422 0.482031 0.800781 0.00162315
0 0.597266 0.753125 0.721094 0.48125 0.00148392
0 0.752734 0.582422 0.482031 0.800781 0.00132465
0 0.17793 0.525 0.210938 0.75625 0.0011034
0 0.614062 0.585547 0.76875 0.828906 0.825195
1 0.613281 0.583594 0.773438 0.832812 0.108948
0 0.0352051 0.852148 0.0644531 0.295703 0.00518036
0 0.0352417 0.798633 0.0627197 0.402734 0.0030632
0 0.0353516 0.729688 0.0635742 0.432813 0.00279999
0 0.0358887 0.295508 0.0642578 0.433984 0.0020504
0 0.541016 0.132422 0.902344 0.264844 0.00191879
0 0.0350586 0.471777 0.0630859 0.400195 0.00187492
0 0.538281 0.0740723 0.882812 0.148145 0.00153065
0 0.0353516 0.653906 0.0636719 0.423438 0.00151253
0 0.0350586 0.552441 0.0638672 0.391992 0.0014267
0 0.0352417 0.170215 0.0674072 0.34043 0.00130939
0 0.0352661 0.400098 0.0636475 0.410742 0.00121593
0 0.0324707 0.892578 0.0649414 0.214844 0.00115108
0 0.62041 0.586719 0.749805 0.826563 0.932617
1 0.621094 0.590625 0.757812 0.801562 0.0177765
0 0.533594 0.0504883 0.86875 0.100977 0.00492477
0 0.532031 0.0382813 0.864062 0.0765625 0.00165462
0 0.180078 0.573438 0.176563 0.784375 0.00124454
0 0.609473 0.58125 0.743555 0.820312 0.849121
1 0.616406 0.585156 0.748438 0.814062 0.00542831
0 0.622656 0.590234 0.742188 0.819531 0.900879
1 0.622656 0.590234 0.742188 0.819531 0.00319672
0 0.611719 0.586719 0.754687 0.81875 0.92627
1 0.611719 0.61416 0.764063 0.77168 0.00619125
0 0.611719 0.586719 0.754687 0.81875 0.92627
1 0.611719 0.614746 0.764063 0.770508 0.00609589
