0 0.553125 0.668848 0.75625 0.657617 0.830078
0 0.36875 0.279102 0.422656 0.354297 0.012146
1 0.552441 0.662891 0.754492 0.674219 0.0077858
0 0.513379 0.533984 0.666992 0.917969 0.00500107
0 0.298242 0.237305 0.280078 0.269141 0.00498199
0 0.444434 0.669141 0.56582 0.636719 0.00441742
0 0.243164 0.207031 0.169141 0.194922 0.00359344
0 0.373828 0.550781 0.422656 0.898438 0.00271416
0 0.820312 0.865234 0.359375 0.269531 0.00233269
0 0.343555 0.645312 0.362891 0.696875 0.00216484
0 0.36875 0.362891 0.423438 0.515625 0.00203514
0 0.227344 0.216992 0.250391 0.231641 0.0018034
0 0.148145 0.492578 0.296289 0.867969 0.0018034
0 0.554004 0.870703 0.773242 0.258594 0.00164223
1 0.777344 0.884375 0.445312 0.23125 0.00145531
0 0.858594 0.830469 0.282813 0.339063 0.00141048
0 0.916406 0.515625 0.167187 0.8375 0.00137806
0 0.845508 0.495703 0.308984 0.886719 0.00136185
0 0.96875 0.549219 0.0625 0.789062 0.00134087
0 0.982813 0.686719 0.034375 0.473437 0.00121117
0 0.98125 0.598437 0.0375 0.715625 0.00117874
0 0.887109 0.408594 0.225781 0.776563 0.00115108
0 0.9125 0.81543 0.175 0.369141 0.00113392
0 0.34375 0.884766 0.55 0.230469 0.00101662
0 0.559766 0.66416 0.761719 0.654492 0.716797
1 0.553027 0.664844 0.75957 0.65625 0.329346
0 0.358203 0.235547 0.416406 0.266016 0.00757599
1 0.350586 0.231445 0.399609 0.270703 0.00746155
0 0.513672 0.236328 0.725781 0.276563 0.00265312
1 0.513672 0.236328 0.725781 0.276563 0.00225258
0 0.530078 0.995703 0.413281 0.00859375 0.00174141
1 0.553027 0.49375 0.781445 0.317187 0.00127411
0 0.553027 0.49375 0.781445 0.317187 0.0011692
0 0.546191 0.667578 0.770117 0.664844 0.903809
1 0.549609 0.668848 0.772656 0.649805 0.0580139
0 0.0064209 0.873633 0.0128418 0.252734 0.00125504
0 0.546777 0.673047 0.748633 0.639844 0.90332
1 0.548047 0.670996 0.744531 0.639258 0.0496826
0 0.00214844 0.1375 0.00429688 0.200391 0.00746155
0 0.00209961 0.862305 0.00419922 0.203516 0.00542831
0 0.0020752 0.81543 0.00415039 0.200391 0.0051384
0 0.00220947 0.0948242 0.00441895 0.186133 0.0049057
0 0.00202637 0.767969 0.00405273 0.195312 0.0046463
0 0.00197754 0.71875 0.00395508 0.184375 0.00439835
0 0.00198975 0.187695 0.00397949 0.204688 0.00418091
0 0.00212402 0.907812 0.00424805 0.184375 0.00392914
0 0.00195312 0.66875 0.00390625 0.182812 0.00365067
0 0.00195312 0.235547 0.00390625 0.207031 0.00312424
0 0.0019043 0.617969 0.00380859 0.179688 0.00282288
0 0.0019043 0.568359 0.00380859 0.177344 0.00243378
0 0.00195312 0.285352 0.00390625 0.205078 0.00234222
0 0.0019043 0.338672 0.00380859 0.197656 0.00218201
0 0.00186768 0.389941 0.00373535 0.193555 0.00218201
0 0.0019043 0.517187 0.00380859 0.176563 0.00216484
0 0.0019043 0.440234 0.00380859 0.186719 0.00208282
0 0.0431152 0.14021 0.0852539 0.162158 0.0016613
0 0.617969 0.530566 0.603125 0.368555 0.00145531
0 0.00222168 0.0642578 0.00444336 0.128516 0.00123978
0 0.0429199 0.10791 0.0848633 0.175977 0.00123978
0 0.0440552 0.895312 0.087085 0.19375 0.00112915
0 0.0457886 0.665234 0.0859619 0.222656 0.00104046
0 0.55625 0.666797 0.76875 0.666406 0.929199
1 0.553809 0.670313 0.770508 0.659375 0.0254669
0 0.991797 0.120703 0.0164062 0.241406 0.00291252
0 0.238867 0.571094 0.276172 0.857813 0.00131989
0 0.992188 0.180273 0.015625 0.360547 0.0011425
0 1 0.116211 0 0.232422 0.00110722
0 0.552734 0.677344 0.767969 0.645312 0.930176
1 0.551953 0.671973 0.758594 0.656055 0.00390053
0 0.546484 0.204297 0.811719 0.408594 0.00387001
0 0.557031 0.107031 0.823438 0.214062 0.00167465
0 0.851367 0.685156 0.181641 0.589063 0.00106049
0 0.554004 0.66416 0.756055 0.65918 0.901367
1 0.554688 0.668848 0.759375 0.657617 0.00542831
0 0.548828 0.666016 0.752344 0.667969 0.879883
1 0.549609 0.664941 0.741406 0.670117 0.00181007
0 0.553516 0.664844 0.749219 0.667188 0.895996
1 0.553516 0.664844 0.749219 0.667188 0.00172043
0 0.0456543 0.133203 0.0907227 0.266406 0.00102806
0 0.551172 0.670313 0.760156 0.659375 0.919434
1 0.551953 0.673047 0.764844 0.653906 0.0188293
0 0.551172 0.670313 0.760156 0.659375 0.919434
1 0.551953 0.673047 0.764844 0.653906 0.0186157
