0 0.516016 0.601172 0.858594 0.788281 0.896484
1 0.511719 0.601953 0.945312 0.788281 0.0991211
0 0.373828 0.603516 0.592188 0.760156 0.019455
0 0.230664 0.607422 0.305078 0.766406 0.00757599
0 0.16748 0.497656 0.334961 0.985937 0.00656509
0 0.274219 0.504687 0.548437 0.984375 0.00641251
0 0.11543 0.489062 0.230859 0.978125 0.00619125
0 0.471094 0.139746 0.0828125 0.0982422 0.00366402
0 0.689062 0.814844 0.164062 0.217187 0.00327301
1 0.482031 0.158008 0.10625 0.128125 0.00307465
0 0.525391 0.492969 0.911719 0.553125 0.00256157
0 0.482031 0.158008 0.10625 0.128125 0.00243378
0 0.0445312 0.524219 0.0890625 0.884375 0.00223351
1 0.11543 0.489062 0.230859 0.978125 0.00218201
1 0.16748 0.497656 0.334961 0.985937 0.00194168
0 0.0499512 0.453906 0.0999023 0.889063 0.00187492
0 0.844531 0.886133 0.310937 0.227734 0.00171375
1 0.846094 0.879883 0.307813 0.240234 0.00163555
0 0.4875 0.154395 0.964063 0.308789 0.00157356
0 0.525 0.8125 0.95 0.375 0.00141621
1 0.4875 0.185937 0.121875 0.179688 0.00136662
1 0.4875 0.154395 0.964063 0.308789 0.00136662
1 0.232422 0.508594 0.464844 0.940625 0.00127888
0 0.811719 0.592578 0.375 0.721094 0.00119209
0 0.523438 0.870313 0.953125 0.259375 0.00117874
1 0.525 0.260938 0.240625 0.0804688 0.0011425
1 0.0445312 0.524219 0.0890625 0.884375 0.00113392
0 0.525 0.260938 0.240625 0.0804688 0.00113392
0 0.836914 0.455078 0.326172 0.644531 0.00111198
1 0.0939453 0.896094 0.187891 0.207813 0.00109005
0 0.686719 0.764844 0.15625 0.217187 0.00108624
0 0.500391 0.190869 0.935156 0.302637 0.00106907
1 0.500391 0.190869 0.935156 0.302637 0.00105286
1 0.836914 0.455078 0.326172 0.644531 0.00104427
1 0.811719 0.592578 0.375 0.721094 0.00104046
0 0.0939453 0.896094 0.187891 0.207813 0.00103664
0 0.466406 0.115234 0.889063 0.230469 0.00103188
0 0.538281 0.608594 0.923437 0.776563 0.721191
1 0.539844 0.616797 0.920313 0.766406 0.412109
1 0.599219 0.254297 0.540625 0.0554687 0.00413513
0 0.540625 0.263672 0.889063 0.0984375 0.0039444
1 0.540625 0.263672 0.889063 0.0984375 0.00376511
1 0.816992 0.564844 0.347266 0.679688 0.00358009
1 0.490234 0.16582 0.119531 0.133984 0.0024929
0 0.598828 0.2625 0.467969 0.0742188 0.00200272
0 0.490234 0.16582 0.119531 0.133984 0.00169373
0 0.61709 0.254297 0.56582 0.0554687 0.00168705
1 0.486719 0.192383 0.121875 0.205859 0.0016613
1 0.598828 0.2625 0.467969 0.0742188 0.00156116
1 0.532812 0.406348 0.904688 0.37168 0.00145531
0 0.509766 0.308984 0.905469 0.1875 0.00119209
1 0.537891 0.602246 0.924219 0.773633 0.472656
0 0.5 0.605078 0.840625 0.755469 0.440674
0 0.361328 0.609473 0.546094 0.77168 0.0130692
1 0.361328 0.609473 0.546094 0.77168 0.00703812
1 0.741016 0.6125 0.486719 0.775 0.00626373
0 0.695312 0.82832 0.178125 0.193359 0.00370789
0 0.798242 0.725 0.378516 0.55 0.00153637
1 0.79668 0.672266 0.378516 0.655469 0.0014267
0 0.741016 0.6125 0.486719 0.775 0.00142097
1 0.689844 0.821875 0.170312 0.203125 0.00109005
0 0.684375 0.793945 0.154687 0.249609 0.00108624
0 0.751172 0.853125 0.466406 0.29375 0.00101185
1 0.5375 0.615527 0.9 0.761133 0.926758
0 0.527734 0.613672 0.894531 0.769531 0.23584
0 0.394922 0.616406 0.621094 0.767187 0.00494385
0 0.00178223 0.144922 0.00356445 0.215625 0.00259018
0 0.303516 0.610937 0.435156 0.759375 0.00242424
0 0.00187988 0.0982422 0.00375977 0.195703 0.00211525
1 0.540723 0.291211 0.79043 0.161328 0.00138855
0 0.00141602 0.844531 0.00283203 0.196875 0.00137806
0 0.00125732 0.694922 0.00251465 0.199219 0.00136662
0 0.0015625 0.192969 0.003125 0.228906 0.00133514
0 0.00135498 0.797656 0.00270996 0.203125 0.00123978
0 0.00148926 0.89375 0.00297852 0.201562 0.00120163
0 0.00129395 0.745313 0.00258789 0.201562 0.00119686
1 0.53125 0.323633 0.828125 0.225391 0.00112915
0 0.00150146 0.239844 0.00300293 0.232812 0.00108147
1 0.538281 0.606934 0.920313 0.786133 0.79248
0 0.534766 0.607813 0.921094 0.773438 0.704102
1 0.682813 0.605859 0.609375 0.778906 0.00945282
1 0.775781 0.603027 0.445312 0.768945 0.00229645
0 0.991406 0.110352 0.0171875 0.201953 0.00225258
0 0.279736 0.771875 0.378027 0.45 0.0019722
1 0.279736 0.771875 0.378027 0.45 0.00118828
1 0.541406 0.605078 0.917188 0.789844 0.88916
0 0.538672 0.596484 0.922656 0.807031 0.106689
1 0.533984 0.162305 0.889844 0.324609 0.01017
0 0.523047 0.156152 0.878906 0.312305 0.0036068
1 0.540234 0.107422 0.869531 0.214844 0.00337601
0 0.533594 0.100488 0.870313 0.200977 0.00230598
1 0.539844 0.613672 0.920313 0.766406 0.866211
0 0.539062 0.604297 0.921875 0.791406 0.306641
1 0.803906 0.604297 0.392188 0.766406 0.0222931
1 0.531641 0.609766 0.902344 0.780469 0.831055
0 0.528125 0.604297 0.885938 0.791406 0.624512
0 0.276123 0.719141 0.364941 0.561719 0.00143242
1 0.538281 0.611816 0.9 0.776367 0.920898
0 0.53125 0.608203 0.89375 0.783594 0.173828
1 0.483594 0.15 0.110937 0.105078 0.00436401
1 0.539844 0.615234 0.920313 0.769531 0.927246
0 0.528906 0.607031 0.9 0.785937 0.10321
1 0.539844 0.615234 0.920313 0.769531 0.927246
0 0.528906 0.607031 0.9 0.785937 0.104309
