1 0.535156 0.600781 0.620313 0.746875 0.904297
0 0.535156 0.600781 0.620313 0.746875 0.0141754
1 0.375391 0.596875 0.309375 0.73125 0.00292397
0 0.759375 0.876172 0.48125 0.247656 0.00279045
1 0.748438 0.889844 0.503125 0.220313 0.00263214
1 0.442578 0.603516 0.444531 0.746094 0.00226021
0 0.482422 0.129297 0.907031 0.258594 0.00131512
1 0.453125 0.858984 0.8375 0.282031 0.00130463
0 0.864062 0.816992 0.271875 0.366016 0.00128937
0 0.971875 0.510938 0.05625 0.682813 0.0012207
0 0.382129 0.932813 0.19668 0.134375 0.00117874
0 0.581934 0.826563 0.679883 0.317187 0.00117397
0 0.957812 0.475098 0.084375 0.62793 0.0011425
0 0.469531 0.830469 0.860937 0.339063 0.00112057
0 0.430078 0.870313 0.767969 0.259375 0.00105286
1 0.81875 0.878516 0.3625 0.242969 0.00102425
1 0.482422 0.129297 0.907031 0.258594 0.00102425
1 0.566406 0.606641 0.679688 0.763281 0.885742
1 0.466406 0.61084 0.485938 0.743945 0.00182438
1 0.552344 0.599219 0.68125 0.729688 0.821777
0 0.555469 0.608594 0.667188 0.742188 0.00431442
0 0.00623779 0.870898 0.0124756 0.258203 0.00145531
1 0.561719 0.612598 0.684375 0.74668 0.931152
0 0.00231934 0.128711 0.00463867 0.248047 0.00945282
0 0.00211182 0.185596 0.00422363 0.238184 0.00510025
0 0.0451172 0.176563 0.0830078 0.234375 0.00457382
0 0.00212402 0.234424 0.00424805 0.240527 0.00434875
0 0.00231934 0.0846191 0.00463867 0.169238 0.00416565
0 0.00209961 0.861133 0.00419922 0.224609 0.00370789
0 0.0020752 0.813281 0.00415039 0.226562 0.00356483
0 0.0412964 0.136426 0.0801025 0.185352 0.00345612
0 0.00209961 0.284375 0.00419922 0.239063 0.00337601
0 0.00205078 0.764063 0.00410156 0.228125 0.00321007
0 0.00202637 0.714453 0.00405273 0.221094 0.00312424
0 0.0447144 0.246875 0.0828369 0.240234 0.00300407
0 0.00205078 0.903125 0.00410156 0.19375 0.0028553
0 0.00202637 0.335938 0.00405273 0.238281 0.00265312
0 0.00197754 0.665625 0.00395508 0.223438 0.00258064
0 0.0450195 0.696094 0.0835937 0.240625 0.00258064
0 0.0447144 0.297266 0.0828369 0.239844 0.00253105
0 0.0447388 0.372461 0.0827881 0.244141 0.00233269
0 0.0450317 0.647656 0.083374 0.245312 0.00224304
0 0.0450317 0.747266 0.0837646 0.239844 0.00217438
0 0.0449219 0.79707 0.0837891 0.237109 0.00216484
0 0.00197754 0.385938 0.00395508 0.2375 0.00216484
0 0.0447388 0.421973 0.0827881 0.24668 0.00214005
0 0.0443848 0.127344 0.081543 0.254687 0.00202751
0 0.04375 0.892969 0.08125 0.214062 0.00194931
0 0.00195312 0.614844 0.00390625 0.223438 0.00190449
0 0.0449707 0.597656 0.0831055 0.245312 0.00185299
0 0.0448242 0.471875 0.0828125 0.245312 0.00182438
0 0.044873 0.547656 0.0829102 0.245312 0.00172043
0 0.00195312 0.435547 0.00390625 0.236719 0.00171375
0 0.00192871 0.564062 0.00385742 0.226562 0.00158501
0 0.0448242 0.84375 0.0837891 0.229687 0.00156689
0 0.0019043 0.486816 0.00380859 0.232617 0.00148964
1 0.0433594 0.180469 0.0802734 0.246094 0.00138283
0 0.0411621 0.209961 0.0805664 0.194531 0.00132465
1 0.00231934 0.128711 0.00463867 0.248047 0.00108624
0 0.00214844 0.0532227 0.00429688 0.106445 0.00102806
1 0.573047 0.606934 0.689844 0.736133 0.922363
0 0.991797 0.115625 0.0164062 0.209375 0.00301552
0 0.569922 0.601562 0.685156 0.739062 0.00191212
0 0.991797 0.50459 0.0164062 0.298633 0.00147247
0 0.991797 0.576953 0.0164062 0.313281 0.00131989
0 0.991797 0.425781 0.0164062 0.290625 0.00128937
0 0.991797 0.203906 0.0164062 0.280469 0.00119686
0 0.989844 0.0919922 0.0203125 0.183984 0.00117397
0 0.991797 0.649219 0.0164062 0.320312 0.0011425
1 0.425391 0.594141 0.408594 0.738281 0.00113773
0 0.991797 0.922656 0.0164062 0.154687 0.00112915
0 0.992188 0.368555 0.015625 0.300391 0.00106907
0 0.992578 0.158008 0.0148437 0.257812 0.00106049
1 0.559375 0.611035 0.689062 0.768555 0.916016
0 0.569531 0.610156 0.703125 0.770312 0.00301552
1 0.571973 0.605469 0.687305 0.760938 0.940918
1 0.563672 0.603516 0.682031 0.742969 0.880371
0 0.566016 0.601172 0.685156 0.753906 0.00624084
1 0.566016 0.608984 0.686719 0.755469 0.932617
0 0.563672 0.612109 0.688281 0.760156 0.00102806
1 0.566016 0.616016 0.689844 0.746094 0.924805
0 0.565234 0.60625 0.688281 0.746875 0.00166798
1 0.566016 0.616016 0.689844 0.746094 0.924805
0 0.565234 0.60625 0.688281 0.746875 0.00169373
