0 0.549609 0.545313 0.835156 0.85 0.878906
0 0.374219 0.553125 0.471875 0.832812 0.0344849
1 0.545313 0.541406 0.86875 0.851562 0.0272675
0 0.271094 0.550391 0.272656 0.836719 0.0125732
0 0.0862305 0.473828 0.172461 0.947656 0.0125275
0 0.198828 0.475781 0.397656 0.951563 0.0116882
0 0.780469 0.836719 0.439063 0.326562 0.0102463
0 0.735937 0.882812 0.528125 0.234375 0.00591278
0 0.806055 0.783008 0.387891 0.433984 0.00582123
1 0.0955078 0.484375 0.191016 0.96875 0.00342941
1 0.735937 0.882812 0.528125 0.234375 0.00340271
0 0.0487305 0.476953 0.0974609 0.917969 0.00254059
0 0.497266 0.4125 0.825781 0.565625 0.00242424
1 0.780469 0.836719 0.439063 0.326562 0.00235939
0 0.808203 0.870898 0.383594 0.258203 0.00231361
0 0.492969 0.283252 0.90625 0.316309 0.00209045
0 0.478125 0.207861 0.8875 0.164746 0.00182438
1 0.808203 0.870898 0.383594 0.258203 0.0017004
1 0.0487305 0.476953 0.0974609 0.917969 0.00157356
0 0.48125 0.221875 0.940625 0.309375 0.00154305
0 0.113086 0.475781 0.226172 0.951563 0.00149536
0 0.48125 0.338281 0.9625 0.571875 0.00148964
1 0.492969 0.283252 0.90625 0.316309 0.00144958
1 0.806055 0.783008 0.387891 0.433984 0.00144958
0 0.482812 0.180762 0.965625 0.361523 0.00137234
0 0.487891 0.117969 0.974219 0.235938 0.00123501
0 0.871094 0.534277 0.257812 0.79707 0.00122547
1 0.198828 0.475781 0.397656 0.951563 0.0012207
1 0.478125 0.207861 0.8875 0.164746 0.00116062
0 0.951953 0.39375 0.0960938 0.648438 0.00115585
0 0.46875 0.0768555 0.9375 0.153711 0.00115585
0 0.927344 0.459766 0.145313 0.760156 0.00107765
0 0.333984 0.466016 0.396094 0.663281 0.00105286
0 0.29668 0.49375 0.593359 0.948438 0.00104809
0 0.844727 0.731641 0.310547 0.536719 0.00103188
1 0.0793945 0.495313 0.158789 0.91875 0.00103188
0 0.939062 0.310937 0.121875 0.495313 0.00100422
0 0.549219 0.56875 0.842188 0.859375 0.919922
1 0.549219 0.56875 0.842188 0.859375 0.0267639
0 0.808594 0.545215 0.328125 0.764258 0.0165863
0 0.540625 0.234766 0.83125 0.185937 0.0107803
1 0.540625 0.234766 0.83125 0.185937 0.0088501
0 0.740625 0.533496 0.459375 0.748633 0.00818634
1 0.544531 0.28667 0.835938 0.291504 0.00411606
0 0.544531 0.28667 0.835938 0.291504 0.00316048
0 0.855469 0.528809 0.246875 0.742383 0.00156116
0 0.427734 0.561719 0.582031 0.8125 0.00112915
0 0.55 0.566406 0.846875 0.83125 0.928711
1 0.555078 0.569531 0.846094 0.835938 0.0100555
0 0.375781 0.558984 0.453125 0.838281 0.00130939
0 0.00769043 0.892187 0.0153809 0.215625 0.00105667
0 0.552344 0.565625 0.826563 0.851562 0.933105
1 0.551562 0.564062 0.823438 0.84375 0.0192719
0 0.00187988 0.146094 0.00375977 0.209375 0.00443268
0 0.00195312 0.0977539 0.00390625 0.19043 0.00345612
0 0.416016 0.559766 0.550781 0.846094 0.00268364
0 0.352539 0.366602 0.419922 0.435547 0.00261116
0 0.00166016 0.194336 0.00332031 0.224609 0.00231361
0 0.00161133 0.24082 0.00322266 0.233594 0.00177479
0 0.00169678 0.878906 0.00339355 0.242188 0.00165462
0 0.0337402 0.168457 0.0625 0.198242 0.00148392
0 0.986719 0.596875 0.0265625 0.1 0.0014782
0 0.9875 0.571094 0.025 0.0953125 0.00145531
0 0.00161133 0.833594 0.00322266 0.264062 0.00144386
0 0.988281 0.544922 0.0234375 0.09375 0.00141048
0 0.985937 0.621875 0.028125 0.104687 0.00135136
0 0.989844 0.519922 0.0203125 0.0929687 0.00129414
0 0.00148926 0.288623 0.00297852 0.24541 0.00126934
0 0.00150146 0.763281 0.00300293 0.278125 0.00123501
0 0.00141602 0.692578 0.00283203 0.263281 0.00113773
0 0.335742 0.509375 0.387109 0.73125 0.00110722
0 0.990625 0.496094 0.01875 0.096875 0.00106525
0 0.666016 0.325342 0.486719 0.361816 0.00105667
0 0.00134277 0.337695 0.00268555 0.244922 0.00100422
0 0.554297 0.555469 0.828906 0.870313 0.942871
1 0.555469 0.558594 0.845312 0.832812 0.00894928
0 0.991406 0.623438 0.0171875 0.439063 0.00577545
0 0.991797 0.100879 0.0164062 0.172461 0.00450516
0 0.991016 0.534766 0.0179687 0.397656 0.00345612
0 0.9875 0.0762695 0.025 0.152539 0.00156116
0 0.554297 0.751953 0.822656 0.467969 0.00144386
0 0.992188 0.19043 0.015625 0.239453 0.00132465
0 0.992578 0.144336 0.0148437 0.216406 0.00128937
0 0.736719 0.393066 0.454688 0.49668 0.00126457
0 0.557813 0.566016 0.83125 0.866406 0.916504
1 0.553906 0.55 0.839063 0.84375 0.00841522
0 0.495313 0.379785 0.709375 0.495117 0.00133514
0 0.540234 0.138867 0.853906 0.277734 0.00125504
0 0.557813 0.559375 0.821875 0.853125 0.919434
0 0.525 0.0456055 0.870313 0.0912109 0.00205803
1 0.565625 0.565625 0.825 0.848437 0.00138283
0 0.558594 0.560938 0.80625 0.860937 0.904785
0 0.563672 0.564844 0.810156 0.870313 0.902344
0 0.0321777 0.133984 0.0643555 0.267969 0.00141048
0 0.55 0.562891 0.828125 0.857031 0.930664
1 0.55625 0.560156 0.81875 0.870313 0.00208282
0 0.55 0.5625 0.828125 0.85625 0.930664
1 0.55625 0.560156 0.81875 0.870313 0.00205803
