1 0.506641 0.560938 0.652344 0.826563 0.925781
0 0.506641 0.560938 0.652344 0.826563 0.025177
1 0.367969 0.557031 0.379687 0.817187 0.00734711
0 0.475781 0.0947266 0.951563 0.189453 0.0016613
0 0.55625 0.851172 0.809375 0.297656 0.00163555
0 0.811523 0.867773 0.376953 0.264453 0.0015974
1 0.533691 0.395312 0.707617 0.521875 0.0014782
0 0.474219 0.0592773 0.926562 0.118555 0.00146675
1 0.877734 0.226514 0.244531 0.336816 0.00142097
1 0.791992 0.613965 0.328516 0.67207 0.00139904
1 0.562402 0.646875 0.75332 0.696875 0.00138855
1 0.760938 0.886914 0.478125 0.226172 0.00130463
0 0.760938 0.886914 0.478125 0.226172 0.00129414
0 0.877734 0.226514 0.244531 0.336816 0.00125504
1 0.954297 0.471484 0.0914062 0.348437 0.00121117
1 0.967188 0.434766 0.065625 0.347656 0.00119686
1 0.805664 0.327344 0.388672 0.479688 0.00119686
1 0.474219 0.0592773 0.926562 0.118555 0.00119686
1 0.964063 0.370313 0.071875 0.325 0.00113392
1 0.86875 0.371094 0.2625 0.507812 0.0011158
1 0.475781 0.0947266 0.951563 0.189453 0.00110722
1 0.973047 0.553125 0.0539063 0.316406 0.00108147
1 0.802734 0.526172 0.394531 0.713281 0.00105286
1 0.820117 0.407813 0.359766 0.5625 0.00105286
1 0.820117 0.876953 0.359766 0.246094 0.00100803
1 0.565625 0.573438 0.778125 0.840625 0.913086
1 0.551172 0.237061 0.819531 0.187598 0.00154305
1 0.798437 0.551562 0.292188 0.771875 0.00144958
0 0.571094 0.571484 0.773438 0.857031 0.00144958
1 0.437109 0.565625 0.516406 0.85 0.00130463
1 0.555078 0.556641 0.767969 0.814844 0.836426
0 0.555078 0.556641 0.767969 0.814844 0.00806427
0 0.00678711 0.896875 0.0135742 0.20625 0.00234222
0 0.00565186 0.861523 0.0113037 0.276953 0.00161648
0 0.0057251 0.270508 0.0114502 0.358203 0.0014782
0 0.00600586 0.726562 0.0120117 0.346875 0.00139904
0 0.00600586 0.823438 0.0120117 0.353125 0.00137806
0 0.00617676 0.345898 0.0123535 0.356641 0.00129414
0 0.00695801 0.65 0.013916 0.35 0.00126457
0 0.00556641 0.192773 0.0111328 0.369922 0.0012598
0 0.00679932 0.42041 0.0135986 0.357617 0.0011692
0 0.00809326 0.574219 0.0161865 0.35625 0.00103664
0 0.00769043 0.497656 0.0153809 0.35625 0.00103188
1 0.558496 0.567969 0.764258 0.832812 0.915039
0 0.0352051 0.172046 0.0643555 0.194971 0.00530243
0 0.0351562 0.9 0.0637695 0.196875 0.0050621
0 0.0350586 0.218555 0.0640625 0.199609 0.00494385
0 0.0350586 0.26875 0.0641602 0.200781 0.00471878
0 0.0020752 0.141309 0.00415039 0.222852 0.00455475
0 0.0350098 0.794531 0.0640625 0.198437 0.00407028
0 0.0350098 0.317969 0.0641602 0.2 0.00400543
0 0.0349609 0.719141 0.0640625 0.194531 0.00367928
0 0.0351074 0.842383 0.0639648 0.190234 0.00367928
0 0.0349121 0.670313 0.0641602 0.197656 0.00332451
0 0.00214844 0.0979492 0.00429688 0.195898 0.00311089
0 0.0350098 0.367188 0.0641602 0.2 0.00299263
0 0.00178223 0.19082 0.00356445 0.234766 0.00292397
0 0.00178223 0.890625 0.00356445 0.21875 0.00243378
0 0.00170898 0.238867 0.00341797 0.2375 0.00234222
0 0.0348633 0.619922 0.0641602 0.196875 0.00232315
0 0.0350098 0.417285 0.0641602 0.199805 0.00223351
0 0.0017334 0.841406 0.0034668 0.220313 0.00221634
0 0.554004 0.567969 0.754492 0.8375 0.00209999
0 0.00162354 0.794531 0.00324707 0.225 0.00206757
0 0.0348633 0.569531 0.0641602 0.195312 0.00193405
0 0.00163574 0.289258 0.00327148 0.237109 0.00183105
0 0.00148926 0.91875 0.00297852 0.1625 0.00181007
0 0.0015625 0.744531 0.003125 0.220313 0.00177479
0 0.0349121 0.467578 0.0641602 0.196094 0.00177479
0 0.0348755 0.519141 0.0642334 0.194531 0.00165462
0 0.00148926 0.694922 0.00297852 0.216406 0.0015974
0 0.0353516 0.93125 0.0638672 0.1375 0.00157928
0 0.0015625 0.339648 0.003125 0.233203 0.00146675
0 0.00136719 0.645312 0.00273437 0.21875 0.00118828
0 0.00146484 0.389062 0.00292969 0.232812 0.00112438
1 0.566016 0.558203 0.785156 0.857031 0.919434
1 0.568359 0.437109 0.782031 0.592188 0.786621
1 0.529688 0.0610352 0.85625 0.12207 0.00318527
1 0.555078 0.314258 0.792969 0.335547 0.00305176
1 0.552734 0.261523 0.807031 0.244141 0.00251198
0 0.565625 0.559375 0.771875 0.859375 0.00219917
0 0.991406 0.123438 0.0171875 0.246875 0.00218201
1 0.53125 0.0397461 0.809375 0.0794922 0.00146103
1 0.5375 0.119922 0.845312 0.217969 0.00133038
0 0.529688 0.0516113 0.85 0.103223 0.00110722
1 0.557129 0.566406 0.760742 0.860937 0.92627
0 0.0364746 0.174707 0.0700195 0.349414 0.00457382
0 0.0369141 0.85293 0.0675781 0.294141 0.00264168
0 0.0367676 0.7 0.065918 0.44375 0.00254059
0 0.0369263 0.783594 0.0656006 0.432813 0.00243378
0 0.541406 0.0504883 0.846875 0.100977 0.0020504
0 0.0374023 0.24375 0.0665039 0.45625 0.0018034
0 0.0372925 0.344141 0.0668213 0.433594 0.00169373
0 0.533594 0.0845703 0.826563 0.169141 0.00165462
1 0.471094 0.779688 0.5875 0.440625 0.00129414
1 0.533594 0.0845703 0.826563 0.169141 0.00113392
1 0.541406 0.0504883 0.846875 0.100977 0.00109482
0 0.0370605 0.444141 0.0666992 0.421875 0.00106907
0 0.0368652 0.602344 0.0665039 0.429688 0.00104809
1 0.563281 0.569531 0.757812 0.854688 0.934082
1 0.546094 0.0464844 0.846875 0.0929687 0.00105286
1 0.549609 0.570312 0.744531 0.853125 0.875977
0 0.558594 0.557031 0.75 0.826563 0.00891876
1 0.562109 0.570703 0.761719 0.858594 0.928223
0 0.0345703 0.133789 0.0691406 0.267578 0.00351143
0 0.032959 0.164453 0.065918 0.328906 0.00162315
1 0.55625 0.572656 0.760938 0.854688 0.915527
0 0.558984 0.574219 0.764844 0.851562 0.00195694
1 0.55625 0.572656 0.760938 0.854688 0.915527
0 0.558691 0.574219 0.76543 0.851562 0.00192642
