0 0.555371 0.67002 0.739258 0.659961 0.856445
0 0.454688 0.67959 0.545313 0.623633 0.0109482
1 0.553809 0.674219 0.733008 0.651563 0.0109024
0 0.851172 0.539844 0.297656 0.907812 0.00664139
0 0.146094 0.497656 0.292188 0.995313 0.00538635
0 0.492188 0.414941 0.208594 0.0841797 0.00475693
0 0.474902 0.430859 0.264258 0.110156 0.00471878
0 0.78457 0.539062 0.430859 0.915625 0.00418091
1 0.494141 0.429297 0.250781 0.111719 0.00325966
0 0.0799805 0.490234 0.159961 0.960156 0.00300407
0 0.895312 0.552734 0.209375 0.889844 0.0027256
0 0.933984 0.546875 0.132031 0.884375 0.00269318
1 0.78457 0.539062 0.430859 0.915625 0.00239754
0 0.330273 0.676562 0.295703 0.620313 0.00236893
0 0.835938 0.367578 0.328125 0.541406 0.00233269
0 0.839063 0.816992 0.321875 0.366016 0.00226021
1 0.501953 0.410937 0.219531 0.0875 0.00204277
0 0.796875 0.854688 0.40625 0.290625 0.00201988
0 0.950781 0.63125 0.0984375 0.720312 0.00200272
0 0.539844 0.871289 0.789062 0.257422 0.00179577
1 0.146094 0.497656 0.292188 0.995313 0.00167465
1 0.851172 0.539844 0.297656 0.907812 0.00157928
0 0.501562 0.43916 0.288281 0.15293 0.00153637
0 0.459277 0.430859 0.392383 0.1125 0.00152493
0 0.496094 0.387109 0.0976562 0.103906 0.00148964
1 0.7875 0.886328 0.425 0.227344 0.00146675
0 0.920313 0.732031 0.159375 0.535937 0.00143242
0 0.848633 0.0421875 0.302734 0.084375 0.00126934
0 0.94375 0.705078 0.1125 0.589844 0.00121117
0 0.835156 0.875781 0.329688 0.248437 0.00118828
0 0.501562 0.583203 0.703125 0.833594 0.0011692
1 0.0799805 0.490234 0.159961 0.960156 0.00115108
0 0.826367 0.172461 0.166016 0.136719 0.00109863
1 0.542188 0.425 0.4125 0.110937 0.00109005
0 0.123535 0.536328 0.24707 0.908594 0.00104046
1 0.835156 0.875781 0.329688 0.248437 0.00103188
0 0.794531 0.0637695 0.410937 0.127539 0.00102043
0 0.540625 0.679688 0.709375 0.635938 0.855957
1 0.537891 0.67959 0.724219 0.64082 0.0630493
0 0.746875 0.692969 0.298438 0.614062 0.00341606
0 0.566406 0.41084 0.321875 0.0876953 0.00193405
0 0.549609 0.438281 0.282031 0.145313 0.00146103
0 0.542871 0.449609 0.725195 0.171875 0.00132465
0 0.460156 0.996875 0.39375 0.00625 0.0012064
0 0.535937 0.680469 0.721875 0.639063 0.908691
1 0.535937 0.680469 0.721875 0.639063 0.0170441
0 0.535937 0.488672 0.73125 0.253906 0.00212479
0 0.00682373 0.876172 0.0136475 0.247656 0.00150108
0 0.530566 0.680078 0.716992 0.630469 0.931641
1 0.530566 0.680078 0.716992 0.630469 0.0142822
0 0.00241699 0.11875 0.00483398 0.2375 0.00728989
0 0.00223389 0.157617 0.00446777 0.259766 0.00446701
0 0.0417114 0.139746 0.0767334 0.268555 0.00317192
0 0.00214844 0.86582 0.00429688 0.221484 0.00293541
0 0.00212402 0.208008 0.00424805 0.254297 0.00287819
0 0.00206299 0.817969 0.00412598 0.215625 0.00253105
0 0.00203857 0.904688 0.00407715 0.190625 0.00222588
0 0.0020752 0.258789 0.00415039 0.246484 0.00211525
0 0.00202637 0.76875 0.00405273 0.214062 0.00203514
0 0.0416504 0.200977 0.0762695 0.249609 0.00190449
0 0.00196533 0.717578 0.00393066 0.210156 0.00173378
0 0.00234375 0.0712402 0.0046875 0.14248 0.00167465
0 0.0420898 0.89375 0.0769531 0.2125 0.0016489
0 0.0393066 0.134741 0.0762695 0.189893 0.00159168
0 0.00200195 0.311328 0.00400391 0.241406 0.00157356
0 0.0416504 0.250391 0.0764648 0.250781 0.00135136
0 0.0019043 0.667969 0.00380859 0.217187 0.00127411
0 0.00194092 0.364062 0.00388184 0.239063 0.00126457
0 0.0419434 0.825 0.0766602 0.23125 0.00108624
0 0.547559 0.685938 0.720508 0.628125 0.929199
1 0.542188 0.68125 0.715625 0.6375 0.00345612
0 0.991406 0.122363 0.0171875 0.244727 0.00173378
0 0.991797 0.649219 0.0164062 0.309375 0.00123501
0 0.992188 0.419434 0.015625 0.300195 0.00118828
0 0.991797 0.918359 0.0164062 0.163281 0.00115108
0 0.991797 0.580469 0.0164062 0.2875 0.0011425
0 0.991797 0.359375 0.0164062 0.334375 0.0011158
0 0.992188 0.480078 0.015625 0.277344 0.0011158
0 0.914062 0.832617 0.1625 0.312891 0.00110722
0 0.992188 0.53125 0.015625 0.279687 0.00109863
0 0.534766 0.680469 0.721094 0.639063 0.916016
1 0.538672 0.673828 0.725781 0.652344 0.00408554
0 0.0404297 0.192383 0.0761719 0.384766 0.00247192
0 0.823242 0.674219 0.156641 0.592188 0.00188923
0 0.0418457 0.836719 0.0749023 0.326562 0.00188255
0 0.942969 0.665234 0.109375 0.644531 0.00119686
0 0.0394531 0.900781 0.0777344 0.198437 0.00100803
0 0.544531 0.671777 0.709375 0.654883 0.936523
0 0.542188 0.0443359 0.803125 0.0886719 0.00344276
0 0.54209 0.107813 0.79082 0.215625 0.00181007
0 0.54375 0.231641 0.784375 0.463281 0.00108147
0 0.53584 0.673047 0.704883 0.653906 0.868164
1 0.53584 0.673047 0.704883 0.653906 0.00311089
0 0.543848 0.672754 0.70918 0.651367 0.884766
0 0.0381714 0.15 0.076001 0.3 0.00137234
1 0.543848 0.672754 0.70918 0.651367 0.00106525
0 0.541406 0.678125 0.720312 0.64375 0.924316
1 0.544922 0.683203 0.725781 0.633594 0.0109024
0 0.541406 0.678125 0.720312 0.64375 0.924316
1 0.544922 0.683203 0.725781 0.633594 0.0108185
