1 0.498437 0.508984 0.75625 0.982031 0.813965
0 0.494531 0.516016 0.723437 0.967969 0.233032
0 0.339453 0.51875 0.423438 0.9625 0.0426331
1 0.339453 0.51875 0.423438 0.9625 0.0309601
0 0.668066 0.84043 0.663867 0.319141 0.0176392
0 0.710156 0.774805 0.579687 0.450391 0.0166626
0 0.5 0.811719 1 0.376563 0.00712204
0 0.878516 0.113086 0.242969 0.226172 0.00698471
0 0.803125 0.743359 0.39375 0.513281 0.00582123
0 0.509375 0.880469 0.98125 0.239063 0.00365067
1 0.49375 0.386328 0.817187 0.720312 0.00325966
1 0.878516 0.113086 0.242969 0.226172 0.00311089
0 0.491797 0.675781 0.983594 0.589063 0.00300407
0 0.841016 0.150195 0.317969 0.300391 0.0029583
1 0.841016 0.150195 0.317969 0.300391 0.00251198
0 0.742188 0.819531 0.515625 0.360938 0.00234985
1 0.5 0.811719 1 0.376563 0.00219154
1 0.668066 0.84043 0.663867 0.319141 0.00217438
1 0.710156 0.774805 0.579687 0.450391 0.00201035
0 0.813672 0.111035 0.372656 0.22207 0.00201035
0 0.915625 0.101953 0.16875 0.192578 0.00172043
0 0.862695 0.217187 0.274609 0.434375 0.00154877
0 0.941797 0.226562 0.116406 0.429688 0.00143814
0 0.121973 0.821484 0.238867 0.357031 0.00137806
1 0.501562 0.895312 0.996875 0.209375 0.00135612
1 0.862695 0.217187 0.274609 0.434375 0.00135136
0 0.842383 0.0480469 0.315234 0.0960938 0.00123501
1 0.813672 0.111035 0.372656 0.22207 0.00121593
0 0.769141 0.0873047 0.461719 0.174609 0.00112057
0 0.818945 0.256641 0.362109 0.513281 0.00109863
0 0.347461 0.829102 0.694922 0.341797 0.00109863
0 0.957812 0.270898 0.084375 0.391016 0.00109482
0 0.742969 0.875781 0.514063 0.248437 0.00109482
0 0.065918 0.594922 0.127539 0.175781 0.00106907
1 0.4625 0.273828 0.748438 0.513281 0.00106049
0 0.421094 0.0458984 0.732813 0.0917969 0.00105667
1 0.826172 0.725391 0.347656 0.549219 0.00105667
1 0.842383 0.0480469 0.315234 0.0960938 0.00100803
1 0.818945 0.256641 0.362109 0.513281 0.00100803
1 0.538281 0.485938 0.846875 0.90625 0.76123
0 0.541797 0.489844 0.847656 0.909375 0.197388
1 0.810156 0.459375 0.282813 0.828125 0.00438309
0 0.810156 0.459375 0.282813 0.828125 0.00281143
1 0.538281 0.464844 0.839063 0.909375 0.867676
0 0.538281 0.464844 0.839063 0.909375 0.0113297
0 0.669531 0.666406 0.554688 0.492188 0.00104046
1 0.533594 0.478906 0.814062 0.88125 0.803711
0 0.533203 0.477734 0.814844 0.891406 0.227417
1 0.620996 0.18833 0.593945 0.345996 0.00324821
0 0.620996 0.18833 0.593945 0.345996 0.00219154
1 0.634375 0.161914 0.482812 0.294531 0.00102043
1 0.545313 0.465234 0.851562 0.908594 0.90918
0 0.544141 0.464063 0.836719 0.9125 0.0174408
0 0.321143 0.717188 0.378809 0.423438 0.00763702
0 0.543359 0.7 0.825781 0.45 0.00429916
0 0.754687 0.69375 0.396875 0.421875 0.00223351
1 0.754687 0.69375 0.396875 0.421875 0.00149536
0 0.296826 0.758203 0.316504 0.338281 0.0011158
1 0.533984 0.465625 0.822656 0.915625 0.868652
0 0.533203 0.478125 0.832031 0.898438 0.0177155
0 0.355078 0.725391 0.470313 0.417969 0.00226974
1 0.355078 0.725391 0.470313 0.417969 0.00220871
1 0.530078 0.712891 0.817969 0.435156 0.00174809
0 0.530078 0.712891 0.817969 0.435156 0.00164223
1 0.540234 0.480859 0.819531 0.907031 0.92627
1 0.53125 0.465625 0.815625 0.884375 0.795898
0 0.53125 0.469141 0.8125 0.875781 0.124634
1 0.535937 0.469531 0.815625 0.904688 0.903809
0 0.535937 0.467969 0.815625 0.907812 0.0156021
1 0.535156 0.46875 0.821875 0.89375 0.90918
0 0.535156 0.46875 0.821875 0.89375 0.0106506
1 0.535156 0.46875 0.821875 0.89375 0.90918
0 0.535156 0.46875 0.821875 0.89375 0.0107803
