1 0.512891 0.482812 0.758594 0.832812 0.556641
0 0.531641 0.482031 0.742969 0.839063 0.399902
1 0.316992 0.488672 0.330078 0.841406 0.00844574
0 0.316992 0.488672 0.330078 0.841406 0.00390053
0 0.69375 0.871484 0.6125 0.257031 0.00250244
0 0.481641 0.389844 0.777344 0.645312 0.00244331
0 0.780664 0.864062 0.438672 0.271875 0.0018177
0 0.733594 0.837695 0.532812 0.324609 0.00178909
0 0.884766 0.143848 0.230469 0.287695 0.00161648
0 0.0805664 0.454688 0.161133 0.83125 0.00161076
0 0.81543 0.82793 0.369141 0.344141 0.00159168
1 0.704687 0.88125 0.590625 0.2375 0.0015192
1 0.0805664 0.454688 0.161133 0.83125 0.00146103
1 0.858984 0.213867 0.282031 0.420703 0.00144386
0 0.0889648 0.433594 0.17793 0.775 0.00136662
0 0.858984 0.213867 0.282031 0.420703 0.00130463
0 0.870703 0.780273 0.258594 0.439453 0.00127411
1 0.884766 0.143848 0.230469 0.287695 0.00125504
1 0.0889648 0.433594 0.17793 0.775 0.00123501
0 0.475 0.861328 0.95 0.277344 0.00123024
1 0.978125 0.358398 0.04375 0.447266 0.00121593
0 0.978125 0.358398 0.04375 0.447266 0.00119209
1 0.982031 0.416309 0.0359375 0.412695 0.00115585
1 0.474219 0.295703 0.845312 0.454688 0.00114727
0 0.543359 0.787305 0.767969 0.259766 0.0011425
1 0.964844 0.297266 0.0703125 0.416406 0.00112438
0 0.832812 0.116016 0.334375 0.232031 0.00112057
0 0.964844 0.297266 0.0703125 0.416406 0.00108147
1 0.733594 0.837695 0.532812 0.324609 0.00108147
0 0.982031 0.416309 0.0359375 0.412695 0.00108147
0 0.901172 0.197852 0.197656 0.393359 0.00107765
0 0.844141 0.0584961 0.311719 0.116992 0.00107288
1 0.793555 0.265234 0.412891 0.516406 0.00102425
0 0.930469 0.239063 0.139062 0.441406 0.00100803
0 0.755078 0.112793 0.489844 0.225586 0.00100422
1 0.553516 0.499219 0.736719 0.826563 0.902832
0 0.542285 0.492578 0.76543 0.841406 0.0404663
1 0.500391 0.142749 0.911719 0.156689 0.00279999
1 0.843945 0.498437 0.171484 0.80625 0.00109863
1 0.533984 0.493359 0.766406 0.830469 0.782715
0 0.528027 0.489453 0.775195 0.833594 0.0127258
1 0.538281 0.496094 0.748438 0.832812 0.901367
0 0.538672 0.492969 0.757031 0.854688 0.110657
0 0.00202637 0.14541 0.00405273 0.194336 0.00337601
0 0.00185547 0.096875 0.00371094 0.175 0.00263214
0 0.00200195 0.190625 0.00400391 0.213281 0.00230598
0 0.00200195 0.684375 0.00400391 0.275 0.00193405
0 0.00202637 0.236328 0.00405273 0.223438 0.00185299
0 0.00200195 0.804883 0.00400391 0.280859 0.00176144
0 0.00200195 0.615625 0.00400391 0.253125 0.00156689
0 0.00200195 0.283789 0.00400391 0.224609 0.00152493
0 0.00209961 0.873438 0.00419922 0.253125 0.00145531
0 0.00197754 0.569531 0.00395508 0.23125 0.00134563
0 0.00198975 0.332227 0.00397949 0.219141 0.00125504
0 0.00198975 0.519531 0.00397949 0.214062 0.00121593
0 0.00196533 0.466406 0.00393066 0.203125 0.00117874
0 0.0019043 0.0592285 0.00380859 0.118457 0.00115108
0 0.00196533 0.411621 0.00393066 0.206445 0.00112438
1 0.546777 0.491406 0.74707 0.846875 0.941406
1 0.528125 0.176172 0.801562 0.217578 0.00775528
1 0.519531 0.0844727 0.842188 0.168945 0.00426483
0 0.548437 0.489453 0.745313 0.850781 0.00281143
1 0.524219 0.0510254 0.840625 0.102051 0.0017271
1 0.54209 0.343555 0.756445 0.545703 0.00126457
1 0.536328 0.485156 0.764844 0.845312 0.925293
0 0.536621 0.492578 0.770508 0.855469 0.00400543
1 0.542285 0.678516 0.762305 0.461719 0.00150681
1 0.526563 0.203516 0.821875 0.407031 0.00123501
1 0.547656 0.498437 0.74375 0.845312 0.92041
0 0.552344 0.491406 0.740625 0.832812 0.00367928
1 0.538281 0.4875 0.732813 0.835938 0.875977
0 0.537598 0.482031 0.737305 0.840625 0.0116425
1 0.412891 0.500879 0.491406 0.791992 0.0014267
1 0.543848 0.491406 0.743555 0.859375 0.927734
0 0.546777 0.492578 0.733008 0.855469 0.00159168
1 0.540625 0.485547 0.759375 0.847656 0.915039
0 0.540625 0.485547 0.759375 0.847656 0.00186729
1 0.540625 0.485547 0.759375 0.847656 0.915039
0 0.540625 0.485547 0.759375 0.847656 0.00185299
