0 0.459375 0.497656 0.914062 0.759375 0.651367
1 0.466797 0.485254 0.928906 0.748242 0.280518
0 0.523047 0.394434 0.778906 0.570508 0.00600433
0 0.503906 0.887109 0.989062 0.225781 0.00469971
0 0.668848 0.861914 0.662305 0.276172 0.00321007
0 0.110645 0.576172 0.218945 0.594531 0.00279045
0 0.46875 0.808984 0.9375 0.382031 0.00247192
1 0.503906 0.887109 0.989062 0.225781 0.0024147
0 0.386523 0.575781 0.773047 0.670313 0.002388
0 0.155859 0.582812 0.308984 0.61875 0.00232315
0 0.108887 0.333203 0.175586 0.0859375 0.00195694
0 0.77832 0.824414 0.443359 0.351172 0.00181007
0 0.867383 0.178906 0.265234 0.35625 0.00172043
0 0.406934 0.484766 0.439258 0.760156 0.00152493
1 0.514844 0.807813 0.946875 0.384375 0.00148964
0 0.833594 0.786719 0.332812 0.426562 0.00145531
1 0.381836 0.586328 0.763672 0.658594 0.00138855
0 0.458984 0.221094 0.917969 0.442187 0.0012846
0 0.850391 0.30332 0.299219 0.597266 0.00127411
0 0.953906 0.383691 0.0921875 0.60293 0.0012598
0 0.803125 0.260547 0.39375 0.519531 0.00121593
0 0.889063 0.236328 0.221875 0.472656 0.00121593
1 0.803125 0.260547 0.39375 0.519531 0.00118351
0 0.928125 0.334766 0.14375 0.571094 0.00117874
1 0.11084 0.335352 0.175977 0.0886719 0.00112915
0 0.274609 0.479785 0.480469 0.75918 0.0011158
0 0.799805 0.397656 0.400391 0.753125 0.00108147
0 0.849609 0.710938 0.300781 0.578125 0.00107288
1 0.687891 0.874805 0.624219 0.250391 0.00107288
1 0.122461 0.597266 0.244922 0.655469 0.00100803
1 0.477344 0.496094 0.954687 0.75625 0.840332
0 0.482031 0.501562 0.964063 0.757812 0.00919342
1 0.404687 0.530078 0.809375 0.858594 0.00296974
0 0.800781 0.490234 0.282813 0.741406 0.00168133
1 0.800781 0.490234 0.282813 0.741406 0.00155449
1 0.566504 0.481641 0.748242 0.728906 0.461914
0 0.566504 0.481641 0.748242 0.728906 0.00365067
1 0.559766 0.386035 0.677344 0.53418 0.00168705
0 0.690625 0.622656 0.495313 0.476562 0.00168133
1 0.689844 0.488672 0.496875 0.724219 0.00152493
1 0.557422 0.302295 0.678906 0.365723 0.00127888
1 0.571191 0.489844 0.720117 0.721875 0.896484
0 0.569922 0.490527 0.724219 0.742383 0.0124283
0 0.00200195 0.760547 0.00400391 0.246094 0.00259018
0 0.00194092 0.116431 0.00388184 0.197607 0.00251198
0 0.00200195 0.714063 0.00400391 0.232812 0.00245285
0 0.00200195 0.809375 0.00400391 0.254687 0.00234222
0 0.00206299 0.874023 0.00412598 0.251953 0.0019722
0 0.00200195 0.663281 0.00400391 0.229687 0.00195694
0 0.00185547 0.0761719 0.00371094 0.152344 0.00192642
0 0.00196533 0.159668 0.00393066 0.211914 0.00138855
1 0.579687 0.476953 0.753125 0.733594 0.901855
1 0.415625 0.494141 0.795313 0.764844 0.00269318
0 0.559766 0.483594 0.786719 0.732813 0.00186729
1 0.511328 0.044043 0.899219 0.0880859 0.00116062
1 0.509375 0.0691406 0.903125 0.138281 0.0011425
1 0.574316 0.48584 0.70918 0.756445 0.911133
1 0.579004 0.489941 0.707617 0.73418 0.914551
1 0.569531 0.478125 0.71875 0.740625 0.868164
0 0.566504 0.486035 0.713867 0.735742 0.0384521
1 0.569531 0.487402 0.729688 0.75332 0.925293
0 0.578223 0.484277 0.70293 0.74082 0.00115585
1 0.567285 0.489453 0.724805 0.739844 0.911621
0 0.560547 0.489453 0.728906 0.742969 0.00609589
1 0.567285 0.489453 0.724805 0.739844 0.911621
0 0.560547 0.489453 0.728906 0.742969 0.00591278
