1 0.555469 0.416797 0.685938 0.736719 0.931641
1 0.441504 0.410937 0.473242 0.739062 0.0440063
0 0.555469 0.416797 0.685938 0.736719 0.0154266
1 0.538379 0.301562 0.648242 0.5125 0.00452042
1 0.890625 0.151465 0.21875 0.30293 0.00186729
1 0.341016 0.3875 0.269531 0.70625 0.00168705
0 0.890625 0.151465 0.21875 0.30293 0.00161648
1 0.478125 0.760938 0.940625 0.45 0.00148392
0 0.482031 0.801172 0.964063 0.397656 0.00141048
1 0.817969 0.226562 0.364062 0.445312 0.00137806
0 0.77832 0.775586 0.443359 0.448828 0.00133038
0 0.854102 0.770312 0.291797 0.459375 0.0012846
0 0.947656 0.334375 0.104687 0.5625 0.00123978
0 0.827344 0.103711 0.345313 0.207422 0.00123501
1 0.951953 0.367969 0.0960938 0.613281 0.00122547
0 0.817969 0.226562 0.364062 0.445312 0.00110722
0 0.85 0.0381836 0.3 0.0763672 0.00109863
1 0.77832 0.775586 0.443359 0.448828 0.00106907
0 0.916797 0.216406 0.166406 0.428125 0.00106049
1 0.936719 0.281641 0.126563 0.516406 0.00104427
1 0.579297 0.691797 0.135156 0.216406 0.00104046
1 0.784375 0.109961 0.43125 0.219922 0.00101662
0 0.759375 0.0931641 0.48125 0.186328 0.00101662
1 0.388281 0.0342285 0.5625 0.068457 0.00101662
0 0.735547 0.0446289 0.528906 0.0892578 0.00101185
0 0.760938 0.0617188 0.478125 0.123438 0.00100803
1 0.553906 0.424121 0.704687 0.736133 0.878906
1 0.465625 0.742969 0.93125 0.514063 0.00211525
1 0.399219 0.416016 0.400781 0.761719 0.00163555
0 0.539453 0.427441 0.719531 0.763867 0.00123501
1 0.544629 0.424121 0.679492 0.748633 0.78125
0 0.542285 0.426562 0.67168 0.748438 0.00107288
1 0.550879 0.436035 0.676367 0.738867 0.915527
0 0.00202637 0.142383 0.00405273 0.227734 0.00503922
0 0.0019043 0.100293 0.00380859 0.194727 0.00403976
0 0.00200195 0.186328 0.00400391 0.248437 0.00341606
0 0.00202637 0.685938 0.00405273 0.253125 0.00279999
0 0.00202637 0.232617 0.00405273 0.257422 0.00269318
0 0.00200195 0.639063 0.00400391 0.245312 0.00256157
0 0.00202637 0.734766 0.00405273 0.264844 0.00247192
0 0.00202637 0.808008 0.00405273 0.271484 0.00239754
0 0.00200195 0.589063 0.00400391 0.234375 0.00232315
0 0.00202637 0.28125 0.00405273 0.257031 0.00230598
0 0.00200195 0.539062 0.00400391 0.232031 0.0020752
0 0.00202637 0.330664 0.00405273 0.254297 0.00200272
0 0.0020874 0.873438 0.0041748 0.253125 0.00200272
0 0.00200195 0.4875 0.00400391 0.23125 0.0018034
0 0.00200195 0.381152 0.00400391 0.248633 0.00175476
0 0.00192871 0.0631836 0.00385742 0.126367 0.00169373
0 0.00200195 0.434473 0.00400391 0.238867 0.00162315
0 0.553516 0.435254 0.667969 0.754492 0.00110722
1 0.5625 0.420312 0.692187 0.75 0.92041
1 0.482422 0.824219 0.872656 0.278125 0.0019722
1 0.524609 0.0480469 0.821094 0.0960938 0.00144386
1 0.514844 0.0789063 0.835938 0.157813 0.00141048
1 0.411621 0.425 0.40957 0.753125 0.0011425
1 0.552344 0.430566 0.673437 0.776367 0.924316
1 0.559277 0.428125 0.687695 0.765625 0.933105
1 0.553223 0.420996 0.681055 0.75332 0.880859
1 0.551172 0.429297 0.683594 0.752344 0.924316
1 0.548828 0.427734 0.685156 0.749219 0.917969
1 0.548828 0.427734 0.685156 0.749219 0.91748
