0 0.475391 0.492578 0.696094 0.861719 0.858887
1 0.475391 0.492578 0.696094 0.861719 0.0309143
0 0.911328 0.480469 0.177344 0.901563 0.0122375
0 0.458203 0.810352 0.916406 0.379297 0.0053215
0 0.298828 0.502344 0.353125 0.878125 0.0049057
0 0.254297 0.486719 0.508594 0.954687 0.00367928
1 0.911328 0.480469 0.177344 0.901563 0.00316048
0 0.430371 0.331641 0.768945 0.546094 0.00313568
0 0.076709 0.471484 0.153418 0.935156 0.00277901
0 0.475 0.885547 0.95 0.228906 0.00185299
1 0.458203 0.810352 0.916406 0.379297 0.00151253
0 0.664062 0.860352 0.671875 0.279297 0.00147247
0 0.470703 0.259961 0.930469 0.519922 0.00136662
0 0.840039 0.40625 0.319922 0.792188 0.0012846
1 0.254297 0.486719 0.508594 0.954687 0.00126934
0 0.231445 0.495313 0.255859 0.8625 0.0012598
1 0.076709 0.471484 0.153418 0.935156 0.00124931
0 0.0658203 0.449219 0.131641 0.842188 0.00113392
1 0.475 0.885547 0.95 0.228906 0.00110722
0 0.478516 0.503906 0.683594 0.867188 0.711426
1 0.470215 0.50625 0.679883 0.84375 0.349609
0 0.697266 0.48125 0.274219 0.814062 0.00293541
1 0.78457 0.501562 0.430859 0.871875 0.00186729
0 0.797852 0.505859 0.404297 0.849219 0.00144386
1 0.723828 0.502344 0.230469 0.792188 0.00109863
0 0.480469 0.475 0.682813 0.81875 0.834473
1 0.480469 0.475 0.682813 0.81875 0.0961914
0 0.483984 0.492578 0.689844 0.847656 0.927734
1 0.481348 0.492969 0.695117 0.851562 0.0397949
0 0.00195312 0.116406 0.00390625 0.215625 0.00351143
0 0.00197754 0.161133 0.00395508 0.235156 0.00251198
0 0.00184326 0.0794922 0.00368652 0.158984 0.00240517
0 0.00195312 0.209424 0.00390625 0.24209 0.00175476
0 0.720312 0.502344 0.232812 0.8625 0.0017271
0 0.485547 0.250586 0.617969 0.385547 0.00154305
0 0.00200195 0.80293 0.00400391 0.297266 0.00150681
0 0.00195312 0.257617 0.00390625 0.247266 0.00147247
0 0.00200195 0.707812 0.00400391 0.290625 0.00143814
0 0.00209961 0.867188 0.00419922 0.265625 0.00128937
0 0.00197754 0.634375 0.00395508 0.272656 0.00121593
0 0.00197754 0.305664 0.00395508 0.248047 0.00118828
0 0.00197754 0.585938 0.00395508 0.25625 0.00109863
0 0.00198975 0.536328 0.00397949 0.244531 0.00103664
0 0.00195312 0.484766 0.00390625 0.2375 0.00100803
0 0.486328 0.498437 0.714844 0.8625 0.927734
1 0.482812 0.492969 0.69375 0.867188 0.0304413
0 0.992188 0.328076 0.015625 0.34541 0.00219154
0 0.992188 0.409375 0.015625 0.33125 0.00216484
0 0.992188 0.485547 0.015625 0.332812 0.00211525
0 0.992188 0.561719 0.015625 0.31875 0.00194168
0 0.992188 0.246094 0.015625 0.371094 0.00187492
0 0.992188 0.692187 0.015625 0.3 0.00186729
0 0.992188 0.747656 0.015625 0.279687 0.00153065
0 0.990234 0.0962891 0.0195312 0.192578 0.00140476
0 0.991406 0.130859 0.0171875 0.261719 0.00133514
0 0.992188 0.182031 0.015625 0.364062 0.0012064
0 0.482031 0.495313 0.714063 0.884375 0.909668
1 0.483594 0.5 0.714063 0.903125 0.0263519
0 0.482422 0.714844 0.710156 0.457812 0.00157928
0 0.48584 0.509375 0.681445 0.909375 0.90332
1 0.48584 0.509375 0.681445 0.909375 0.0124283
0 0.485156 0.489844 0.679688 0.860937 0.89209
1 0.481152 0.491797 0.69082 0.850781 0.00677109
0 0.4875 0.502734 0.684375 0.888281 0.880859
1 0.4875 0.502734 0.684375 0.888281 0.00439835
0 0.4875 0.481641 0.7 0.836719 0.925293
1 0.4875 0.481641 0.7 0.836719 0.0026207
0 0.4875 0.482031 0.7 0.8375 0.925293
1 0.4875 0.482031 0.7 0.8375 0.00261116
