1 0.383203 0.525781 0.619531 0.801562 0.888184
1 0.279297 0.529297 0.41875 0.788281 0.0352173
0 0.460938 0.53125 0.740625 0.817187 0.0271759
0 0.922656 0.497656 0.154687 0.854688 0.00336266
0 0.291016 0.821875 0.199219 0.226562 0.00302696
0 0.452344 0.838867 0.875 0.247266 0.00279045
0 0.244922 0.813867 0.246875 0.241016 0.00243378
0 0.324219 0.530469 0.499219 0.803125 0.00229645
0 0.470313 0.845898 0.940625 0.308203 0.00226974
0 0.342187 0.826563 0.14375 0.21875 0.00188255
1 0.913281 0.480859 0.173438 0.860156 0.00184631
1 0.195898 0.533984 0.257422 0.763281 0.00174141
0 0.36875 0.835156 0.146875 0.198437 0.00138283
0 0.823047 0.445215 0.353906 0.75332 0.00136662
1 0.452344 0.838867 0.875 0.247266 0.00131989
1 0.470313 0.845898 0.940625 0.308203 0.00126934
0 0.908203 0.341016 0.183594 0.682031 0.00126934
0 0.473437 0.118359 0.83125 0.236719 0.00123501
0 0.658691 0.861719 0.682617 0.276563 0.00123024
0 0.856445 0.304688 0.287109 0.578906 0.00118828
0 0.888281 0.273633 0.223438 0.532422 0.00113392
1 0.291016 0.821875 0.199219 0.226562 0.00113392
0 0.229492 0.721094 0.301172 0.423438 0.00109482
0 0.404297 0.841406 0.139844 0.185937 0.00109005
1 0.342187 0.826563 0.14375 0.21875 0.00107765
0 0.0454102 0.390625 0.0908203 0.645312 0.00104809
1 0.458594 0.540625 0.784375 0.80625 0.902832
0 0.46709 0.540234 0.792383 0.832031 0.0136871
1 0.698438 0.529004 0.295312 0.774805 0.00173378
1 0.472656 0.0685059 0.939062 0.137012 0.00104046
0 0.722266 0.527441 0.249219 0.791992 0.00102043
1 0.450684 0.533594 0.761133 0.7875 0.850586
0 0.446875 0.535937 0.75625 0.795313 0.00374985
1 0.453027 0.532129 0.762695 0.791992 0.902832
0 0.454688 0.534375 0.759375 0.796875 0.0158997
0 0.00187988 0.117871 0.00375977 0.176367 0.00228691
0 0.00192871 0.167187 0.00385742 0.18125 0.00172043
0 0.00179443 0.0728516 0.00358887 0.145703 0.0015974
0 0.00185547 0.289844 0.00371094 0.163281 0.00136662
0 0.00198975 0.817383 0.00397949 0.183984 0.00131512
0 0.00187988 0.21582 0.00375977 0.177734 0.00129414
0 0.00189209 0.337891 0.00378418 0.151562 0.00126457
0 0.00198975 0.8625 0.00397949 0.178125 0.00123978
0 0.00197754 0.767969 0.00395508 0.176563 0.00123501
0 0.00195312 0.71875 0.00390625 0.165625 0.00121593
0 0.00187988 0.389941 0.00375977 0.14043 0.00119686
0 0.00185547 0.417188 0.00371094 0.135937 0.00118828
0 0.00178223 0.444531 0.00356445 0.134375 0.0011425
0 0.0017334 0.471484 0.0034668 0.135156 0.00109482
0 0.00187988 0.671094 0.00375977 0.15625 0.00101662
0 0.00166016 0.496875 0.00332031 0.135937 0.00101185
1 0.460156 0.525781 0.775 0.814062 0.919922
0 0.992188 0.339648 0.015625 0.309766 0.00196457
0 0.992188 0.417188 0.015625 0.307813 0.00191879
0 0.992188 0.493848 0.015625 0.30918 0.0018034
0 0.990234 0.0912109 0.0195312 0.182422 0.00171375
0 0.992188 0.568359 0.015625 0.308594 0.00168705
0 0.992188 0.263867 0.015625 0.313672 0.00165462
0 0.992188 0.639844 0.015625 0.315625 0.00150681
0 0.991406 0.12207 0.0171875 0.244141 0.0014782
0 0.992188 0.186328 0.015625 0.321875 0.00134563
0 0.992188 0.713672 0.015625 0.314844 0.00132465
0 0.992188 0.907031 0.015625 0.185937 0.00124931
0 0.992188 0.785937 0.015625 0.33125 0.00109005
0 0.991797 0.849805 0.0164062 0.300391 0.00102425
1 0.457031 0.530078 0.767187 0.821094 0.922363
0 0.459375 0.528516 0.771875 0.824219 0.00264168
1 0.456348 0.724219 0.762305 0.432813 0.00236893
1 0.343359 0.727344 0.535156 0.428125 0.00159168
1 0.467187 0.53125 0.776563 0.81875 0.92627
1 0.461719 0.528906 0.767187 0.814062 0.888184
0 0.461719 0.528906 0.767187 0.814062 0.00296974
1 0.464063 0.532812 0.770312 0.823438 0.939453
1 0.454297 0.532812 0.767969 0.803125 0.920898
1 0.45459 0.532422 0.767383 0.802344 0.920898
