1 0.439844 0.495703 0.814062 0.838281 0.727051
0 0.50625 0.482812 0.798437 0.840625 0.336426
1 0.361523 0.491797 0.511328 0.844531 0.086792
1 0.414844 0.383984 0.807813 0.63125 0.0157776
0 0.298047 0.4875 0.399219 0.83125 0.00584412
1 0.272998 0.490234 0.349316 0.832031 0.00516129
0 0.685938 0.830078 0.628125 0.339844 0.00270462
0 0.166895 0.438281 0.333789 0.842188 0.00163555
1 0.166895 0.438281 0.333789 0.842188 0.00156689
1 0.429688 0.0444336 0.80625 0.0888672 0.00151253
0 0.50625 0.801758 0.84375 0.237109 0.00150681
0 0.891406 0.141113 0.217187 0.282227 0.00149536
0 0.479688 0.936719 0.959375 0.126563 0.00146103
0 0.813672 0.803711 0.372656 0.392578 0.00140476
0 0.857422 0.782031 0.285156 0.435937 0.00136662
1 0.722656 0.801953 0.554688 0.396094 0.00132465
1 0.973437 0.34375 0.053125 0.546875 0.00129414
1 0.842773 0.229687 0.314453 0.451562 0.00124454
0 0.973437 0.34375 0.053125 0.546875 0.00121117
1 0.978516 0.411816 0.0429688 0.582617 0.0012064
0 0.821094 0.115527 0.357812 0.231055 0.00119209
1 0.700781 0.8625 0.598437 0.275 0.00118351
0 0.962891 0.293359 0.0742188 0.491406 0.00117874
1 0.962891 0.293359 0.0742188 0.491406 0.00117874
0 0.822656 0.721875 0.354688 0.546875 0.00115108
0 0.842773 0.229687 0.314453 0.451562 0.0011425
1 0.891406 0.141113 0.217187 0.282227 0.00113392
0 0.84668 0.0547363 0.306641 0.109473 0.00112438
0 0.978516 0.411816 0.0429688 0.582617 0.00110722
0 0.411719 0.80918 0.823438 0.381641 0.00109482
0 0.939062 0.25 0.121875 0.471875 0.00109482
1 0.450781 0.231055 0.895312 0.322266 0.00106049
0 0.0704102 0.429688 0.14082 0.7625 0.00105667
0 0.750781 0.111133 0.498437 0.222266 0.00105286
1 0.460547 0.281641 0.921094 0.563281 0.00103188
0 0.429688 0.0444336 0.80625 0.0888672 0.00102425
1 0.939062 0.25 0.121875 0.471875 0.00102043
1 0.509375 0.498437 0.814062 0.85 0.897461
1 0.29082 0.509375 0.581641 0.946875 0.0476074
1 0.206836 0.502344 0.413672 0.939062 0.0137405
0 0.509375 0.498437 0.814062 0.85 0.00416565
0 0.29082 0.509375 0.581641 0.946875 0.00355148
1 0.497266 0.144141 0.907031 0.157813 0.0012598
1 0.463672 0.82832 0.927344 0.318359 0.00105286
1 0.513379 0.486719 0.79668 0.814062 0.851562
0 0.516797 0.482031 0.807031 0.817187 0.00240517
1 0.348047 0.484375 0.457031 0.81875 0.00123024
1 0.505859 0.49375 0.780469 0.815625 0.913086
0 0.509375 0.494141 0.79375 0.824219 0.00277901
0 0.00194092 0.146973 0.00388184 0.174805 0.00271416
0 0.00177002 0.097168 0.00354004 0.15957 0.00231361
0 0.00194092 0.191992 0.00388184 0.193359 0.00168705
0 0.00200195 0.813281 0.00400391 0.217187 0.00159168
0 0.00200195 0.764063 0.00400391 0.214062 0.00144958
0 0.0019043 0.389746 0.00380859 0.16582 0.00143814
0 0.00192871 0.3375 0.00385742 0.179688 0.00139427
0 0.00201416 0.715234 0.00402832 0.207031 0.00137806
0 0.00187988 0.441797 0.00375977 0.157031 0.00134563
0 0.00202637 0.857617 0.00405273 0.209766 0.00132465
0 0.00194092 0.238623 0.00388184 0.198535 0.00132465
0 0.00195312 0.286914 0.00390625 0.193359 0.00130463
0 0.00187988 0.492969 0.00375977 0.159375 0.00127888
0 0.0019165 0.544531 0.00383301 0.170312 0.00124931
0 0.00200195 0.667969 0.00400391 0.201562 0.00123024
0 0.00195312 0.594531 0.00390625 0.183594 0.0011692
0 0.00178223 0.0566406 0.00356445 0.113281 0.00106049
1 0.507812 0.493359 0.8375 0.842969 0.933105
1 0.510156 0.164453 0.835938 0.187109 0.00955963
1 0.502734 0.0786621 0.857031 0.157324 0.00527954
1 0.516406 0.0536621 0.854688 0.107324 0.00171375
1 0.665625 0.491406 0.496875 0.84375 0.00112438
0 0.989453 0.0919922 0.0210938 0.183984 0.00107765
1 0.255664 0.490234 0.344922 0.863281 0.00102806
1 0.502344 0.485156 0.814062 0.85 0.94873
1 0.500781 0.226367 0.851562 0.452734 0.00521851
1 0.507812 0.197266 0.83125 0.265234 0.00235939
1 0.424609 0.685547 0.658594 0.452344 0.00134563
1 0.510156 0.0872559 0.848437 0.174512 0.0011158
1 0.505078 0.507812 0.805469 0.873438 0.941895
1 0.508203 0.48125 0.788281 0.834375 0.905762
0 0.501172 0.480859 0.774219 0.835156 0.00527954
1 0.509766 0.489062 0.802344 0.85 0.932129
1 0.499219 0.487891 0.817187 0.839844 0.916016
1 0.499609 0.487891 0.816406 0.839844 0.916016
