1 0.524121 0.329297 0.45957 0.496094 0.448486
0 0.582031 0.324219 0.34375 0.500781 0.240112
1 0.607813 0.324609 0.2875 0.507031 0.0631104
0 0.29043 0.733594 0.207422 0.532812 0.0274811
0 0.258643 0.601562 0.24834 0.23125 0.0261078
0 0.611719 0.373047 0.282813 0.404687 0.0172424
0 0.946094 0.735156 0.107813 0.3625 0.0139542
0 0.710547 0.799219 0.210156 0.260938 0.0121002
0 0.754297 0.79707 0.114844 0.255859 0.0102081
0 0.311328 0.552344 0.139062 0.111719 0.00837708
1 0.754297 0.79707 0.114844 0.255859 0.00796509
1 0.329102 0.55625 0.108203 0.110937 0.00763702
1 0.35 0.255908 0.104687 0.231152 0.00734711
0 0.525684 0.303516 0.458008 0.446094 0.00682449
1 0.710547 0.799219 0.210156 0.260938 0.0064888
1 0.710938 0.221484 0.0765625 0.209375 0.00624084
1 0.75 0.764063 0.0984375 0.178125 0.00614548
1 0.946094 0.735156 0.107813 0.3625 0.00593567
1 0.367383 0.257227 0.149609 0.333203 0.0055542
1 0.292969 0.733984 0.207031 0.532031 0.00534439
0 0.7 0.841602 0.290625 0.316797 0.00518036
1 0.3375 0.245312 0.084375 0.202344 0.00518036
0 0.928906 0.900781 0.142188 0.198437 0.00503922
0 0.332031 0.553125 0.103125 0.117188 0.00498199
0 0.7625 0.859766 0.378125 0.280469 0.00481033
0 0.373828 0.254883 0.157031 0.328516 0.00477219
0 0.382422 0.861719 0.403125 0.276563 0.00468063
1 0.7625 0.859766 0.378125 0.280469 0.00452042
1 0.357031 0.303125 0.110156 0.197656 0.00432968
0 0.350781 0.819141 0.346875 0.361719 0.00426483
0 0.94375 0.861328 0.1125 0.277344 0.00419998
0 0.942187 0.93125 0.115625 0.132812 0.00367928
1 0.254346 0.593359 0.246777 0.214062 0.00366402
0 0.291016 0.8 0.229687 0.4 0.00346947
0 0.895312 0.886914 0.209375 0.226172 0.00324821
0 0.934766 0.710938 0.130469 0.43125 0.00316048
0 0.344531 0.558594 0.0757812 0.110937 0.00307465
1 0.688281 0.204736 0.109375 0.213184 0.00302696
0 0.592969 0.854297 0.354688 0.291406 0.00287819
1 0.366992 0.28125 0.120703 0.251563 0.00268364
0 0.879687 0.736719 0.226562 0.396875 0.00268364
1 0.7 0.841602 0.290625 0.316797 0.00264168
1 0.934766 0.710938 0.130469 0.43125 0.00263214
1 0.344531 0.558594 0.0757812 0.110937 0.00263214
0 0.644922 0.798437 0.192188 0.214062 0.00252151
1 0.448438 0.25918 0.313281 0.357422 0.0024147
0 0.48291 0.857422 0.49668 0.285156 0.00235939
1 0.268359 0.720312 0.222656 0.470313 0.00234222
1 0.340625 0.296484 0.0882813 0.155469 0.00220871
0 0.740625 0.727344 0.084375 0.114063 0.00219917
0 0.516797 0.644141 0.467187 0.485156 0.00217438
1 0.398438 0.856445 0.445312 0.287109 0.00215721
1 0.923437 0.883203 0.153125 0.233594 0.0020504
1 0.740234 0.733594 0.0835937 0.120312 0.00203514
1 0.860156 0.888281 0.279687 0.223438 0.00195694
1 0.94375 0.861328 0.1125 0.277344 0.00195694
1 0.607422 0.415234 0.285937 0.315625 0.00190449
0 0.96875 0.707031 0.0625 0.440625 0.00188923
0 0.611719 0.438281 0.2875 0.278125 0.0018177
1 0.366602 0.236719 0.124609 0.232812 0.00175476
1 0.644531 0.858789 0.471875 0.282422 0.00170708
1 0.879687 0.736719 0.226562 0.396875 0.00170708
0 0.403027 0.257422 0.223633 0.35625 0.00163555
0 0.596875 0.801562 0.0671875 0.1875 0.0015974
1 0.917188 0.891406 0.165625 0.217187 0.00155449
1 0.550391 0.857617 0.549219 0.284766 0.00152493
0 0.790625 0.804688 0.171875 0.278125 0.00146675
1 0.942969 0.803125 0.114063 0.334375 0.00146675
0 0.942969 0.803125 0.114063 0.334375 0.00145531
1 0.96875 0.707031 0.0625 0.440625 0.00143814
1 0.950391 0.154102 0.0992187 0.308203 0.00143242
1 0.790625 0.804688 0.171875 0.278125 0.00143242
1 0.350781 0.819141 0.346875 0.361719 0.00135612
0 0.950391 0.154102 0.0992187 0.308203 0.00130463
0 0.3375 0.245312 0.084375 0.202344 0.00130463
0 0.983594 0.660156 0.0328125 0.548437 0.00123978
0 0.75 0.764063 0.0984375 0.178125 0.00121593
1 0.716406 0.253564 0.075 0.199121 0.00121593
1 0.661719 0.206689 0.108594 0.220996 0.00117397
1 0.378027 0.311328 0.0970703 0.2125 0.0011692
1 0.516797 0.644141 0.467187 0.485156 0.00115585
0 0.0336914 0.916406 0.0673828 0.167187 0.00115585
0 0.608594 0.823633 0.0898438 0.155859 0.00115108
0 0.947656 0.825781 0.104687 0.135937 0.00112915
0 0.650391 0.719922 0.317969 0.397656 0.00112915
0 0.268945 0.679297 0.233203 0.416406 0.00110722
0 0.280859 0.889063 0.204688 0.221875 0.0011034
0 0.983984 0.227734 0.0320312 0.455469 0.00109482
1 0.930469 0.902344 0.139062 0.195312 0.00109005
1 0.982031 0.202148 0.0359375 0.404297 0.00108147
1 0.397266 0.258936 0.214062 0.367285 0.00107288
0 0.00843506 0.90625 0.0168701 0.1875 0.00106907
1 0.511621 0.194727 0.32207 0.214062 0.00106525
0 0.313477 0.719141 0.286328 0.561719 0.00105667
0 0.916406 0.703906 0.167187 0.482812 0.00104809
0 0.917188 0.891406 0.165625 0.217187 0.00104046
0 0.441016 0.811719 0.414062 0.240625 0.00103188
0 0.0192871 0.0830078 0.0385742 0.166016 0.00103188
1 0.307813 0.553516 0.148438 0.117969 0.00102806
1 0.281641 0.793164 0.199219 0.413672 0.00102425
0 0.552344 0.800195 0.278125 0.215234 0.00101185
1 0.517187 0.328125 0.466406 0.4625 0.428223
1 0.259766 0.555469 0.257812 0.139062 0.0784912
0 0.258789 0.554688 0.258984 0.11875 0.0718384
1 0.262305 0.594531 0.260547 0.221875 0.0315552
1 0.268945 0.834375 0.168359 0.326562 0.0276947
0 0.293555 0.552344 0.183203 0.11875 0.0230713
0 0.230859 0.555469 0.199219 0.134375 0.0218658
1 0.94375 0.721484 0.1125 0.357031 0.0161591
0 0.259961 0.572656 0.252734 0.179688 0.0132751
0 0.281641 0.636328 0.1875 0.127344 0.0118713
0 0.263281 0.909375 0.170312 0.18125 0.0115967
1 0.281641 0.636328 0.1875 0.127344 0.00997162
1 0.424219 0.335156 0.692187 0.499219 0.00993347
1 0.891406 0.7125 0.217187 0.370313 0.00981903
0 0.328516 0.555469 0.113281 0.117969 0.00878143
0 0.268945 0.834375 0.168359 0.326562 0.00818634
1 0.742969 0.713281 0.514063 0.375 0.00775528
0 0.20542 0.570312 0.140723 0.158594 0.00695801
0 0.94375 0.721484 0.1125 0.357031 0.00561905
1 0.279492 0.8125 0.212891 0.365625 0.00544739
1 0.35918 0.224023 0.131641 0.192188 0.00500107
1 0.20542 0.570312 0.140723 0.158594 0.00403976
1 0.345264 0.804688 0.361035 0.389062 0.0037365
1 0.296094 0.657031 0.224219 0.0867188 0.00367928
0 0.891406 0.7125 0.217187 0.370313 0.00298119
1 0.217383 0.559375 0.179297 0.142188 0.00291252
0 0.94375 0.778125 0.1125 0.235938 0.00243378
1 0.26543 0.882812 0.170703 0.234375 0.00236893
1 0.542578 0.827344 0.821094 0.253125 0.00226974
1 0.75625 0.725391 0.123438 0.111719 0.00226974
1 0.629785 0.811719 0.612305 0.221875 0.00217438
0 0.342187 0.547656 0.08125 0.0984375 0.00204277
0 0.496094 0.719531 0.175 0.0359375 0.00172043
0 0.283203 0.80918 0.134375 0.287891 0.00167465
1 0.293555 0.552344 0.183203 0.11875 0.00154877
1 0.70625 0.810938 0.389062 0.198437 0.00154877
1 0.463281 0.564062 0.679688 0.1625 0.00153637
0 0.296094 0.657031 0.224219 0.0867188 0.00141048
1 0.857031 0.69375 0.285937 0.410937 0.00121593
1 0.357031 0.790625 0.520312 0.40625 0.00117874
0 0.322852 0.545313 0.165234 0.10625 0.00104809
0 0.742969 0.713281 0.514063 0.375 0.00102425
1 0.458691 0.335547 0.585742 0.51875 0.384033
1 0.261719 0.590625 0.249219 0.204688 0.201172
1 0.526465 0.32207 0.464258 0.457422 0.171631
0 0.261328 0.907812 0.158594 0.18125 0.127686
1 0.262109 0.902344 0.160938 0.195312 0.100525
0 0.258984 0.59375 0.244531 0.210938 0.0567627
0 0.94375 0.773438 0.1125 0.235938 0.0316162
1 0.359766 0.238086 0.125 0.169922 0.0253754
1 0.269922 0.553516 0.228906 0.126563 0.0188293
0 0.269922 0.553516 0.228906 0.126563 0.00837708
1 0.42334 0.399121 0.681445 0.661133 0.008255
1 0.609766 0.853906 0.675781 0.292188 0.00763702
1 0.528809 0.230078 0.464258 0.289062 0.00542831
1 0.94375 0.773438 0.1125 0.235938 0.00482941
1 0.448047 0.226758 0.299219 0.2625 0.00341606
1 0.798437 0.713281 0.384375 0.379687 0.00332451
1 0.374609 0.220752 0.161719 0.233496 0.00327301
1 0.646094 0.359961 0.201562 0.166016 0.00324821
0 0.458691 0.335547 0.585742 0.51875 0.00302696
1 0.707031 0.777344 0.523438 0.309375 0.00247192
1 0.65 0.725781 0.646875 0.398438 0.00244331
1 0.696094 0.235352 0.101562 0.133203 0.00198746
0 0.947656 0.741406 0.104687 0.33125 0.00178242
1 0.935156 0.710547 0.11875 0.369531 0.00170708
1 0.451172 0.58125 0.6375 0.284375 0.0015192
1 0.44834 0.520312 0.64707 0.411719 0.00145531
1 0.555469 0.188086 0.382031 0.204688 0.0012846
1 0.546875 0.845117 0.398438 0.275391 0.00124931
1 0.528906 0.302734 0.467969 0.421094 0.842773
0 0.262109 0.555469 0.260938 0.134375 0.158936
0 0.261328 0.599219 0.260156 0.225 0.100342
0 0.283398 0.550391 0.199609 0.109375 0.0970459
0 0.312109 0.552344 0.149219 0.110937 0.0668335
1 0.262109 0.555469 0.260938 0.134375 0.0628052
0 0.257812 0.907812 0.153906 0.184375 0.0596619
0 0.522656 0.296875 0.467969 0.425781 0.0588989
1 0.261328 0.599219 0.260156 0.225 0.0417786
0 0.340234 0.554688 0.0929687 0.114063 0.0178528
0 0.255859 0.639063 0.132422 0.120312 0.0160217
1 0.283398 0.550391 0.199609 0.109375 0.0152512
0 0.65625 0.810938 0.248437 0.198437 0.0107346
1 0.257422 0.6375 0.133594 0.121875 0.0103683
0 0.715625 0.80957 0.404687 0.208984 0.0103302
1 0.312109 0.552344 0.149219 0.110937 0.00963593
1 0.715625 0.80957 0.404687 0.208984 0.00695801
1 0.65625 0.810938 0.248437 0.198437 0.0068512
0 0.946094 0.779492 0.107813 0.231641 0.00568771
0 0.349609 0.546875 0.084375 0.0851562 0.00548935
0 0.273096 0.883984 0.200684 0.232031 0.00486755
1 0.257812 0.907812 0.153906 0.184375 0.00329781
0 0.242383 0.542969 0.195703 0.110937 0.00328636
0 0.572266 0.850391 0.719531 0.299219 0.00195694
1 0.340234 0.554688 0.0929687 0.114063 0.00182438
1 0.572266 0.850391 0.719531 0.299219 0.00176811
0 0.328516 0.546484 0.117188 0.0859375 0.0017271
0 0.450391 0.812305 0.480469 0.237891 0.00167465
0 0.644531 0.853125 0.525 0.292188 0.0016489
1 0.273096 0.883984 0.200684 0.232031 0.00155449
0 0.291797 0.83125 0.230469 0.3375 0.00155449
1 0.358594 0.233203 0.13125 0.224609 0.00154877
0 0.199805 0.592969 0.138672 0.107031 0.00136662
1 0.644531 0.853125 0.525 0.292188 0.00136185
0 0.160938 0.592969 0.0617188 0.090625 0.00130939
0 0.223633 0.553906 0.183984 0.128125 0.0012598
0 0.205078 0.573438 0.152734 0.132812 0.00124931
0 0.629297 0.80625 0.471094 0.220313 0.00123024
1 0.450391 0.812305 0.480469 0.237891 0.00116062
0 0.946094 0.738281 0.107813 0.326562 0.0011425
1 0.291797 0.83125 0.230469 0.3375 0.00103188
1 0.419531 0.276563 0.253906 0.335156 0.00102043
0 0.28457 0.630078 0.203516 0.1375 0.00100422
1 0.628906 0.327344 0.704687 0.497656 0.754883
1 0.525879 0.323047 0.493555 0.477344 0.648926
1 0.252734 0.582422 0.257031 0.197656 0.290283
0 0.253125 0.554688 0.254687 0.140625 0.282227
1 0.257812 0.637891 0.142969 0.136719 0.180664
0 0.263672 0.882031 0.157813 0.229687 0.129883
1 0.247461 0.553125 0.269141 0.1375 0.124207
0 0.257422 0.588281 0.252344 0.205469 0.0897827
1 0.208008 0.577344 0.151562 0.153125 0.0284424
1 0.273633 0.721875 0.262109 0.414062 0.0182953
0 0.628906 0.327344 0.704687 0.497656 0.0142288
0 0.525879 0.323047 0.493555 0.477344 0.0139542
0 0.271484 0.839063 0.192969 0.315625 0.0103302
1 0.265039 0.87832 0.160938 0.237109 0.0102921
1 0.201758 0.598437 0.145703 0.114063 0.0100937
1 0.769531 0.745703 0.460938 0.442969 0.00967407
1 0.271484 0.839063 0.192969 0.315625 0.00763702
0 0.185107 0.592188 0.111035 0.140625 0.00763702
1 0.290576 0.778906 0.254004 0.439063 0.00709534
1 0.265674 0.613281 0.31084 0.2625 0.0068779
1 0.185107 0.592188 0.111035 0.140625 0.0064888
1 0.2125 0.621875 0.342187 0.277344 0.00593567
1 0.226221 0.637891 0.125684 0.125 0.00453949
1 0.295264 0.553125 0.309473 0.11875 0.00436401
0 0.201758 0.598437 0.145703 0.114063 0.00419998
0 0.295264 0.553125 0.309473 0.11875 0.00391388
0 0.115039 0.784375 0.219922 0.425 0.00387001
0 0.769531 0.745703 0.460938 0.442969 0.00370789
1 0.243359 0.588672 0.189844 0.182031 0.00332451
0 0.290576 0.778906 0.254004 0.439063 0.00259018
1 0.580469 0.84668 0.789062 0.300391 0.00230598
0 0.273633 0.721875 0.262109 0.414062 0.00211525
0 0.580469 0.84668 0.789062 0.300391 0.00192642
0 0.346875 0.551953 0.0921875 0.096875 0.00183105
0 0.208008 0.577344 0.151562 0.153125 0.00181007
1 0.11543 0.76875 0.221484 0.45625 0.0017271
1 0.27207 0.629687 0.198047 0.151562 0.00165462
1 0.186719 0.262109 0.373437 0.524219 0.00150108
0 0.265674 0.613281 0.31084 0.2625 0.00119686
0 0.257031 0.638672 0.140625 0.134375 0.0011692
1 0.543652 0.262695 0.52832 0.351172 0.00104427
1 0.526953 0.321094 0.45625 0.471875 0.886719
1 0.263281 0.596094 0.263281 0.226562 0.187134
0 0.265234 0.584375 0.257812 0.203125 0.108582
0 0.263721 0.553125 0.243652 0.13125 0.029541
1 0.414746 0.264062 0.237695 0.314063 0.0124817
0 0.344531 0.555078 0.0851562 0.124219 0.00837708
0 0.267383 0.895312 0.162109 0.209375 0.00766754
0 0.735547 0.716797 0.0648438 0.103125 0.00653839
1 0.571777 0.850391 0.781445 0.299219 0.00621796
1 0.331201 0.766406 0.317285 0.467187 0.006073
0 0.325391 0.553906 0.127344 0.11875 0.00486755
1 0.583594 0.709766 0.8 0.408594 0.0036068
1 0.519922 0.791406 0.678906 0.414062 0.00314713
1 0.467969 0.253857 0.344531 0.334473 0.00296974
1 0.593652 0.780469 0.673633 0.265625 0.00290108
0 0.528027 0.333594 0.46582 0.489062 0.00279999
1 0.267383 0.895312 0.162109 0.209375 0.00239754
1 0.289453 0.664062 0.284375 0.35 0.00226974
0 0.269141 0.861523 0.178906 0.276953 0.00210762
1 0.269141 0.861523 0.178906 0.276953 0.00186729
1 0.289453 0.560156 0.264844 0.16875 0.0014267
1 0.263721 0.553125 0.243652 0.13125 0.00142097
1 0.566797 0.226758 0.553906 0.281641 0.00129986
0 0.710156 0.502734 0.10625 0.0882813 0.00118828
1 0.837695 0.711719 0.318359 0.4 0.00104427
0 0.348047 0.782031 0.340625 0.435937 0.00104046
1 0.523535 0.291406 0.46543 0.4125 0.685059
1 0.585938 0.283203 0.329688 0.400781 0.336426
1 0.262109 0.577344 0.258594 0.184375 0.243652
0 0.267188 0.550781 0.232812 0.125 0.169922
0 0.262109 0.577344 0.258594 0.184375 0.0645142
1 0.267188 0.550781 0.232812 0.125 0.0501404
1 0.284766 0.637891 0.195312 0.125781 0.0458679
1 0.526172 0.369922 0.488281 0.582031 0.0193024
1 0.280469 0.663281 0.18125 0.160938 0.0180511
1 0.44375 0.503516 0.653906 0.842969 0.0120544
1 0.844922 0.739844 0.310156 0.46875 0.00891876
1 0.565234 0.847461 0.786719 0.305078 0.00861359
0 0.321875 0.551953 0.132812 0.114063 0.00775528
0 0.262109 0.900781 0.166016 0.196875 0.00701141
0 0.731641 0.719531 0.0765625 0.0875 0.00547028
0 0.535156 0.299023 0.4375 0.428516 0.00473785
0 0.585938 0.283203 0.329688 0.400781 0.00439835
1 0.559473 0.175391 0.404492 0.175 0.00309944
1 0.263086 0.615625 0.255859 0.270312 0.00208282
1 0.382031 0.742969 0.420312 0.514063 0.00205803
1 0.278906 0.670703 0.260156 0.372656 0.00197983
1 0.321875 0.551953 0.132812 0.114063 0.00192642
1 0.524609 0.220703 0.467969 0.269531 0.00191879
1 0.258203 0.639844 0.138281 0.125 0.00175476
0 0.842969 0.726562 0.3125 0.440625 0.0016489
0 0.177734 0.599219 0.0949219 0.1125 0.00136662
0 0.565234 0.847461 0.786719 0.305078 0.00126457
1 0.314844 0.7375 0.302344 0.510938 0.0012207
0 0.162988 0.594141 0.0650391 0.0898438 0.0011692
1 0.467871 0.766406 0.589258 0.467187 0.00113773
1 0.522266 0.145801 0.297656 0.123242 0.00106907
0 0.284766 0.637891 0.195312 0.125781 0.00106525
0 0.339453 0.546875 0.0960938 0.09375 0.00105667
1 0.750391 0.722266 0.114844 0.103906 0.00104809
1 0.410937 0.207422 0.248437 0.205469 0.00100803
1 0.588281 0.294531 0.315625 0.41875 0.728516
1 0.525391 0.301758 0.446094 0.423828 0.554688
1 0.589063 0.391406 0.3125 0.223438 0.443604
1 0.282373 0.558594 0.215723 0.142188 0.194946
1 0.276123 0.585938 0.232129 0.192188 0.133423
0 0.278564 0.564062 0.221777 0.146875 0.106323
1 0.423047 0.220117 0.299219 0.412891 0.042572
1 0.160938 0.603125 0.0699219 0.114063 0.0362244
1 0.476953 0.25542 0.380469 0.346973 0.0332642
0 0.160938 0.603125 0.0699219 0.114063 0.0302124
0 0.283594 0.595312 0.214844 0.210938 0.0239563
1 0.843555 0.723437 0.312891 0.4125 0.0233307
1 0.539062 0.795703 0.74375 0.408594 0.0231934
1 0.382422 0.237695 0.217969 0.399609 0.0223694
1 0.348828 0.241016 0.692969 0.478125 0.0222473
1 0.269336 0.636719 0.158984 0.134375 0.0181274
0 0.263867 0.924219 0.166797 0.151562 0.016098
1 0.319141 0.750781 0.278125 0.498437 0.0157166
1 0.424609 0.22832 0.483594 0.448047 0.0119629
1 0.341406 0.339063 0.682813 0.675 0.0115509
1 0.258008 0.605859 0.279297 0.239844 0.00926971
0 0.75 0.724219 0.114063 0.114063 0.00912476
1 0.75 0.724219 0.114063 0.114063 0.00803375
1 0.252783 0.748828 0.356152 0.502344 0.00784302
0 0.589063 0.338721 0.309375 0.328809 0.0068512
0 0.588672 0.396094 0.315625 0.214062 0.00674438
0 0.730469 0.71875 0.071875 0.101562 0.00575256
1 0.319092 0.357422 0.363379 0.547656 0.00481033
1 0.442187 0.411328 0.746875 0.664844 0.00416565
1 0.56875 0.254346 0.376563 0.359277 0.00399017
1 0.460938 0.753125 0.564062 0.49375 0.00346947
0 0.310742 0.555078 0.152734 0.125781 0.00314713
1 0.785156 0.748047 0.410937 0.460156 0.00291252
1 0.294141 0.66875 0.207031 0.15 0.00273705
0 0.258008 0.605859 0.279297 0.239844 0.00258064
1 0.630469 0.397266 0.229687 0.204688 0.00231361
0 0.430371 0.519141 0.168945 0.169531 0.00226974
1 0.263281 0.924219 0.160938 0.151562 0.00168133
0 0.323242 0.756641 0.290234 0.486719 0.00157356
0 0.444629 0.561719 0.163867 0.147656 0.00156116
1 0.263281 0.896094 0.166406 0.207813 0.00154305
0 0.341992 0.544531 0.0957031 0.096875 0.00153065
1 0.551953 0.85 0.774219 0.3 0.00148392
1 0.678223 0.287109 0.643555 0.564062 0.00141048
0 0.844141 0.707031 0.311719 0.370313 0.00140476
0 0.539062 0.795703 0.74375 0.408594 0.00137806
1 0.529004 0.20542 0.457617 0.215723 0.00137234
1 0.300781 0.554297 0.173438 0.123438 0.00134563
1 0.537109 0.824219 0.682031 0.259375 0.00124454
1 0.730469 0.71875 0.071875 0.101562 0.00121593
1 0.277002 0.768359 0.245996 0.463281 0.00120163
1 0.572656 0.952344 0.810938 0.0953125 0.00119209
0 0.947656 0.779883 0.103125 0.218359 0.00102425
0 0.704297 0.504687 0.107813 0.078125 0.00100803
1 0.519434 0.297656 0.464258 0.420312 0.760742
0 0.276563 0.556641 0.215625 0.135937 0.0538025
0 0.166602 0.602344 0.0707031 0.109375 0.0339661
1 0.277393 0.607813 0.227246 0.2375 0.0198669
1 0.319727 0.755469 0.276172 0.4875 0.0165253
1 0.296289 0.666016 0.233984 0.352344 0.0157776
0 0.271484 0.597656 0.234375 0.220313 0.0153656
1 0.166602 0.602344 0.0707031 0.109375 0.0150146
0 0.325781 0.553125 0.124219 0.115625 0.0135345
1 0.276563 0.556641 0.215625 0.135937 0.012291
1 0.834766 0.720703 0.330469 0.417969 0.0103302
0 0.53125 0.298438 0.440625 0.416406 0.00634003
1 0.449219 0.268311 0.328906 0.354004 0.00631332
0 0.287109 0.628906 0.221875 0.284375 0.00575256
0 0.321094 0.769922 0.282813 0.460156 0.0053215
1 0.591797 0.297852 0.316406 0.416797 0.0053215
1 0.469629 0.770703 0.57793 0.458594 0.00322342
1 0.569141 0.842969 0.791406 0.282813 0.00287819
0 0.307031 0.699609 0.251563 0.416406 0.00266266
1 0.534375 0.811719 0.70625 0.373437 0.00258064
0 0.84043 0.714453 0.319141 0.405469 0.00218201
1 0.328516 0.554688 0.119531 0.11875 0.00214958
1 0.751562 0.740625 0.496875 0.45 0.0020752
0 0.2625 0.910937 0.163281 0.178125 0.00188923
0 0.196045 0.588281 0.119629 0.126563 0.00161648
0 0.469629 0.770703 0.57793 0.458594 0.00139904
1 0.39375 0.264014 0.215625 0.334473 0.00126457
0 0.297266 0.82168 0.239063 0.356641 0.00124931
1 0.297266 0.82168 0.239063 0.356641 0.00124454
1 0.603906 0.811719 0.476562 0.221875 0.00123024
0 0.569141 0.842969 0.791406 0.282813 0.00118828
0 0.534375 0.811719 0.70625 0.373437 0.00118828
0 0.429004 0.51875 0.170117 0.157813 0.0011692
0 0.344922 0.546875 0.0820312 0.096875 0.00113392
1 0.285742 0.646875 0.194141 0.148438 0.00109482
1 0.517187 0.299609 0.46875 0.424219 0.529297
1 0.582422 0.850781 0.678906 0.292188 0.111816
1 0.448535 0.323047 0.69668 0.4625 0.074646
0 0.273486 0.557031 0.220215 0.132812 0.0397949
0 0.319141 0.550781 0.134375 0.110937 0.0317383
1 0.262842 0.564062 0.240723 0.15 0.029541
0 0.164551 0.602344 0.0708984 0.107813 0.0264587
1 0.16543 0.602734 0.0714844 0.108594 0.0244293
0 0.548828 0.851367 0.746094 0.297266 0.0202484
0 0.256445 0.574219 0.259766 0.171875 0.0187683
1 0.590234 0.297656 0.320312 0.409375 0.0123825
1 0.821484 0.71875 0.357031 0.398438 0.0102921
1 0.319336 0.761328 0.276953 0.477344 0.00912476
1 0.695312 0.740234 0.604688 0.444531 0.00763702
1 0.234424 0.589063 0.311621 0.207813 0.00740433
0 0.266602 0.868945 0.162891 0.262109 0.00731659
0 0.319336 0.761328 0.276953 0.477344 0.00682449
1 0.562891 0.911719 0.755469 0.176563 0.00653839
0 0.422266 0.530469 0.167187 0.180469 0.00534439
0 0.946875 0.697656 0.096875 0.396875 0.00534439
1 0.286328 0.696875 0.238281 0.420312 0.00526047
0 0.234424 0.589063 0.311621 0.207813 0.00376511
0 0.402734 0.521875 0.180469 0.154687 0.00367928
1 0.438379 0.406641 0.770117 0.646094 0.00327301
1 0.319141 0.550781 0.134375 0.110937 0.0028553
1 0.245898 0.753906 0.343359 0.492188 0.00258064
0 0.544922 0.301562 0.411719 0.41875 0.0024929
0 0.307422 0.764063 0.189844 0.2875 0.00247192
0 0.286328 0.696875 0.238281 0.420312 0.00216484
0 0.277344 0.847266 0.200781 0.305469 0.00209999
1 0.414062 0.77168 0.464844 0.456641 0.00208282
1 0.605859 0.765625 0.763281 0.420312 0.00191879
0 0.294922 0.807422 0.233594 0.385156 0.00179577
1 0.266016 0.854883 0.175781 0.290234 0.00174809
0 0.360156 0.791406 0.130469 0.251563 0.00170708
1 0.281641 0.582031 0.235156 0.189063 0.00167465
1 0.307422 0.764063 0.189844 0.2875 0.0016489
0 0.435937 0.563281 0.172656 0.128125 0.00161648
0 0.484766 0.838281 0.230469 0.259375 0.0015974
1 0.570703 0.939844 0.766406 0.120312 0.00154877
1 0.946875 0.697656 0.096875 0.396875 0.00151253
0 0.453906 0.793945 0.545313 0.412109 0.00146103
1 0.263672 0.557813 0.175781 0.141406 0.00136662
0 0.562891 0.911719 0.755469 0.176563 0.00134563
0 0.245898 0.753906 0.343359 0.492188 0.0012846
1 0.213086 0.592969 0.157813 0.120312 0.00124454
1 0.265576 0.771484 0.246973 0.457031 0.00123978
1 0.294922 0.807422 0.233594 0.385156 0.00118351
0 0.840625 0.705469 0.314063 0.36875 0.0011034
0 0.328711 0.546875 0.105859 0.0953125 0.00102425
0 0.353125 0.85625 0.0914062 0.125 0.00100803
1 0.519531 0.297656 0.464063 0.420312 0.760742
0 0.276563 0.557031 0.215625 0.135937 0.0528259
0 0.166602 0.602344 0.0707031 0.109375 0.033844
1 0.277539 0.607813 0.226953 0.2375 0.0200195
1 0.319922 0.755469 0.275781 0.4875 0.0167236
1 0.296289 0.666016 0.233984 0.352344 0.0157776
0 0.271484 0.597266 0.234375 0.219531 0.0153046
1 0.166602 0.602344 0.0707031 0.109375 0.0151901
0 0.325781 0.553125 0.124219 0.115625 0.0133743
1 0.276563 0.557031 0.215625 0.135937 0.0124283
1 0.834766 0.720312 0.330469 0.41875 0.0104065
0 0.531348 0.298438 0.44043 0.416406 0.00631332
1 0.45 0.268311 0.330469 0.354004 0.00621796
0 0.287305 0.628906 0.221484 0.284375 0.00570679
0 0.321094 0.769922 0.282813 0.460156 0.00536346
1 0.591797 0.297852 0.316406 0.416797 0.00526047
1 0.469141 0.770703 0.577344 0.458594 0.00322342
1 0.569141 0.842969 0.791406 0.282813 0.0028553
0 0.307031 0.699609 0.251563 0.416406 0.00265312
1 0.534766 0.811719 0.707031 0.373437 0.00254059
0 0.84043 0.714063 0.319141 0.40625 0.00218201
1 0.328516 0.554688 0.119531 0.119531 0.00209999
1 0.751172 0.740625 0.497656 0.45 0.00209999
0 0.2625 0.910937 0.163281 0.178125 0.00179577
0 0.195703 0.588281 0.119141 0.126563 0.0015974
0 0.469141 0.770703 0.577344 0.458594 0.00139904
0 0.297266 0.82168 0.239063 0.356641 0.00125504
1 0.297266 0.82168 0.239063 0.356641 0.00125504
1 0.394141 0.264062 0.217187 0.335156 0.00123978
1 0.603906 0.811719 0.476562 0.221875 0.00123501
0 0.569141 0.842969 0.791406 0.282813 0.00117874
0 0.534766 0.811719 0.707031 0.373437 0.0011692
0 0.428906 0.51875 0.169531 0.157813 0.00115585
0 0.344922 0.546875 0.0820312 0.096875 0.00113773
1 0.285937 0.646875 0.194531 0.148438 0.00109863
