0 0.382031 0.760156 0.401563 0.479688 0.680176
0 0.0923828 0.755469 0.184766 0.445312 0.422607
0 0.188477 0.289844 0.373047 0.571875 0.260498
0 0.276953 0.295312 0.194922 0.590625 0.074646
1 0.381641 0.759375 0.409375 0.48125 0.0229797
1 0.0947266 0.751953 0.185937 0.442969 0.0179901
0 0.305859 0.301562 0.139844 0.5875 0.016922
0 0.0435547 0.365625 0.0871094 0.332812 0.0150146
0 0.485938 0.763672 0.195312 0.472656 0.0120544
0 0.310937 0.183984 0.132031 0.355469 0.00728989
1 0.188477 0.289844 0.373047 0.571875 0.00575256
0 0.0515625 0.672656 0.103125 0.279687 0.00561905
0 0.124707 0.754687 0.133789 0.453125 0.00481033
0 0.308594 0.117578 0.132812 0.232812 0.00473785
0 0.273047 0.372266 0.175781 0.446094 0.0042305
0 0.316602 0.759375 0.273828 0.48125 0.00408554
0 0.0961914 0.279883 0.192383 0.546484 0.00379562
1 0.276953 0.295312 0.194922 0.590625 0.00351143
0 0.0901367 0.123242 0.145117 0.242188 0.00301552
0 0.0199707 0.373437 0.0399414 0.31875 0.00290108
0 0.210547 0.759375 0.05625 0.43125 0.00283432
0 0.161621 0.288867 0.144727 0.544141 0.0027256
1 0.0435547 0.365625 0.0871094 0.332812 0.00236893
0 0.515234 0.771875 0.146875 0.45625 0.00227928
0 0.0379883 0.396094 0.0759766 0.250781 0.00211525
0 0.198242 0.742578 0.0503906 0.433594 0.00201035
0 0.104712 0.14043 0.18667 0.280859 0.0017271
0 0.114478 0.671094 0.0925293 0.259375 0.00169373
1 0.0199707 0.373437 0.0399414 0.31875 0.00167465
0 0.876758 0.672266 0.246484 0.655469 0.00167465
0 0.229102 0.790625 0.0996094 0.396875 0.0016489
0 0.139062 0.742188 0.0867188 0.479688 0.00163555
0 0.0919678 0.325781 0.121143 0.448438 0.00161076
0 0.0492676 0.318164 0.0985352 0.424609 0.00154305
0 0.0648926 0.112012 0.0889648 0.224023 0.0014267
0 0.139648 0.203906 0.250391 0.40625 0.00141048
1 0.139062 0.742188 0.0867188 0.479688 0.00140476
0 0.837305 0.704687 0.319141 0.590625 0.00135612
0 0.141406 0.665625 0.0785156 0.246875 0.00127411
0 0.7875 0.718359 0.335938 0.563281 0.00126457
0 0.272656 0.794141 0.190625 0.411719 0.00125504
0 0.267969 0.895312 0.182812 0.209375 0.00121593
0 0.0330078 0.614844 0.0660156 0.185937 0.00118351
1 0.0344971 0.903125 0.0689941 0.19375 0.00116062
0 0.944531 0.882031 0.110937 0.235938 0.0011158
0 0.0151855 0.0881836 0.0303711 0.176367 0.00110722
0 0.00827637 0.0900391 0.0165527 0.180078 0.00110722
0 0.0344971 0.903125 0.0689941 0.19375 0.00106525
0 0.106152 0.391016 0.0912109 0.298438 0.00104427
0 0.128735 0.125195 0.187061 0.250391 0.00103188
0 0.081543 0.901563 0.163086 0.196875 0.00103188
0 0.375781 0.835547 0.4 0.328906 0.00102806
0 0.944531 0.155566 0.110937 0.311133 0.00102806
0 0.875781 0.885547 0.248437 0.228906 0.00102043
1 0.944531 0.155566 0.110937 0.311133 0.00100803
0 0.378906 0.761719 0.407813 0.471875 0.914062
0 0.182715 0.311133 0.36543 0.608984 0.84668
0 0.0958008 0.763281 0.191602 0.432813 0.751465
1 0.176367 0.308984 0.352734 0.589844 0.0284424
1 0.096582 0.761719 0.193164 0.43125 0.0281067
1 0.377246 0.759766 0.406445 0.480469 0.00844574
0 0.108765 0.652344 0.135205 0.223438 0.00415039
0 0.121851 0.678906 0.124658 0.276563 0.00336266
0 0.0386719 0.650781 0.0773437 0.257812 0.00324821
0 0.0170898 0.175293 0.0341797 0.350586 0.00239754
0 0.11709 0.628906 0.136133 0.174219 0.00230598
0 0.311914 0.76875 0.273828 0.454688 0.00226021
0 0.614453 0.751562 0.625781 0.49375 0.00226021
0 0.0967041 0.676562 0.180029 0.28125 0.00226021
0 0.280908 0.811719 0.218652 0.376563 0.00217438
0 0.00933838 0.17793 0.0186768 0.355859 0.00191212
0 0.0303223 0.703125 0.0606445 0.348437 0.00179577
0 0.0926025 0.857031 0.172998 0.239063 0.00167465
0 0.202539 0.486328 0.200391 0.210156 0.00150108
1 0.0170898 0.175293 0.0341797 0.350586 0.00119686
0 0.5625 0.438965 0.685938 0.551758 0.00114727
0 0.450391 0.786133 0.277344 0.421484 0.00108147
0 0.198437 0.235352 0.359375 0.462109 0.00107765
0 0.948828 0.764844 0.102344 0.470313 0.00105667
0 0.0232422 0.163086 0.0464844 0.326172 0.00104046
0 0.00314941 0.61875 0.00629883 0.323438 0.00103188
0 0.383203 0.766016 0.394531 0.467969 0.85791
0 0.187109 0.279297 0.367578 0.558594 0.820801
0 0.0935547 0.760938 0.187109 0.429688 0.458008
1 0.378516 0.76875 0.399219 0.4625 0.123169
0 0.0935547 0.686719 0.183203 0.284375 0.0242767
1 0.0928711 0.758594 0.185742 0.432813 0.0233307
1 0.187695 0.283594 0.369141 0.567187 0.0159607
0 0.441406 0.502344 0.0375 0.121094 0.0137405
0 0.0919922 0.851758 0.173438 0.230859 0.00658798
0 0.494141 0.879687 0.159375 0.223438 0.00382423
0 0.123438 0.824219 0.10625 0.340625 0.00282288
1 0.0898438 0.821875 0.179688 0.309375 0.00251198
0 0.496875 0.847656 0.157813 0.304688 0.00154877
0 0.446875 0.510938 0.0234375 0.14375 0.00109482
0 0.383691 0.764453 0.395117 0.471094 0.876953
0 0.1875 0.271484 0.372656 0.522656 0.808105
0 0.0973633 0.757812 0.19043 0.43125 0.669922
1 0.387598 0.763672 0.398242 0.472656 0.0404663
1 0.187305 0.26875 0.374609 0.525 0.0307922
1 0.0955078 0.761719 0.189453 0.426562 0.0184784
0 0.0919922 0.696484 0.178516 0.325781 0.00508118
0 0.0938477 0.811133 0.176758 0.327734 0.0030632
0 0.0043457 0.582812 0.00869141 0.357812 0.002388
0 0.44375 0.490625 0.040625 0.078125 0.0020752
0 0.00474854 0.645703 0.00949707 0.324219 0.00179577
0 0.00424805 0.39834 0.00849609 0.323633 0.00128937
0 0.656934 0.374219 0.64082 0.692187 0.0011158
0 0.0722168 0.829687 0.13877 0.292188 0.00103664
0 0.00443115 0.818555 0.0088623 0.331641 0.00101662
0 0.374609 0.7625 0.413281 0.471875 0.88623
0 0.191797 0.284375 0.369531 0.56875 0.883789
0 0.0955322 0.760547 0.181592 0.436719 0.78125
0 0.742969 0.724219 0.389062 0.551562 0.0289764
0 0.442969 0.50625 0.0375 0.1125 0.0119629
1 0.185791 0.283398 0.362012 0.566797 0.00547028
1 0.381152 0.763281 0.387695 0.473437 0.00538635
1 0.0900391 0.757422 0.176953 0.444531 0.00538635
0 0.4375 0.501172 0.0601562 0.100781 0.00415039
0 0.998438 0.915625 0.003125 0.16875 0.00141621
0 1 0.710547 0 0.239844 0.00135612
0 0.994531 0.648438 0.0109375 0.515625 0.00133514
0 1 0.895312 0 0.209375 0.00126934
0 0.658594 0.287891 0.623438 0.575781 0.00123978
0 1 0.760547 0 0.239844 0.0012064
1 0.442969 0.50625 0.0375 0.1125 0.00116062
0 0.999219 0.887109 0.0015625 0.225781 0.00112438
0 1 0.660937 0 0.239063 0.00110722
0 1 0.836133 0 0.240234 0.00108624
0 0.383594 0.761719 0.4125 0.476562 0.816895
0 0.188086 0.295312 0.376172 0.575 0.699219
0 0.0985352 0.757422 0.19707 0.439844 0.585938
1 0.383594 0.761719 0.4125 0.476562 0.0328979
0 0.445312 0.507031 0.0375 0.135937 0.0226288
1 0.0967773 0.751172 0.193555 0.450781 0.016098
0 0.440625 0.5 0.0414063 0.117188 0.0158997
1 0.190625 0.292773 0.38125 0.579297 0.0137405
0 0.262061 0.276953 0.257129 0.551562 0.0017271
0 0.444141 0.491797 0.028125 0.141406 0.00145531
0 0.382715 0.762109 0.40332 0.475781 0.845215
0 0.0973633 0.7625 0.192773 0.45625 0.74707
0 0.193799 0.284766 0.374902 0.569531 0.740234
1 0.384375 0.761719 0.40625 0.476562 0.0439453
0 0.442969 0.507812 0.0390625 0.110937 0.0383301
1 0.192383 0.288867 0.370703 0.577734 0.0196381
1 0.0927734 0.756641 0.185547 0.463281 0.011116
0 0.441406 0.505859 0.0546875 0.103125 0.00609589
0 0.120508 0.306641 0.240234 0.553906 0.00536346
0 0.442969 0.496875 0.0320312 0.11875 0.00351143
0 0.448438 0.491016 0.0375 0.078125 0.00338936
0 0.447656 0.510547 0.028125 0.121094 0.00279999
1 0.442969 0.507812 0.0390625 0.110937 0.0012064
0 0.380469 0.764063 0.411719 0.471875 0.795898
0 0.192773 0.283789 0.383203 0.562109 0.715332
0 0.0958984 0.759766 0.191797 0.430469 0.626953
1 0.378906 0.761719 0.414062 0.476562 0.0678101
1 0.0928711 0.754297 0.185742 0.441406 0.00997162
0 0.442187 0.505078 0.0375 0.110937 0.00878143
1 0.194727 0.288281 0.377734 0.576563 0.00867462
0 0.879687 0.525 0.18125 0.2625 0.00232315
0 0.321289 0.891406 0.283984 0.217187 0.0016489
1 0.442187 0.505078 0.0375 0.110937 0.00158501
0 0.386719 0.7625 0.395312 0.475 0.839355
0 0.191797 0.275 0.376563 0.55 0.722656
0 0.0949219 0.758984 0.189453 0.444531 0.648926
1 0.38584 0.762109 0.39707 0.475781 0.0294189
1 0.195264 0.283008 0.375098 0.566016 0.0116425
1 0.0932617 0.753906 0.186523 0.45 0.00881195
0 0.442578 0.499219 0.0367187 0.0953125 0.0017271
0 0.379297 0.763281 0.408594 0.473437 0.851562
0 0.0952148 0.761719 0.19043 0.442187 0.813477
0 0.192969 0.283984 0.385938 0.563281 0.801758
1 0.379297 0.766016 0.411719 0.467969 0.0630493
1 0.09375 0.762109 0.1875 0.442969 0.0432129
1 0.192529 0.292773 0.383691 0.580078 0.0237732
0 0.744141 0.725 0.374219 0.55 0.00146103
0 0.386719 0.7625 0.395312 0.475 0.839355
0 0.191797 0.275 0.376563 0.55 0.722656
0 0.0948975 0.758984 0.189111 0.444531 0.648926
1 0.38584 0.762109 0.39707 0.475781 0.0294189
1 0.195264 0.282813 0.375098 0.565625 0.0116882
1 0.0932617 0.753906 0.186523 0.45 0.00881195
0 0.442578 0.499219 0.0367187 0.0945313 0.00173378
