0 0.203906 0.6375 0.184375 0.340625 0.666992
0 0.761328 0.351172 0.177344 0.355469 0.666504
0 0.434766 0.707031 0.191406 0.334375 0.637207
0 0.611719 0.452246 0.179688 0.27832 0.328613
0 0.642187 0.156055 0.178125 0.300781 0.327637
0 0.494531 0.323242 0.140625 0.259766 0.172729
0 0.594141 0.821875 0.1625 0.345313 0.106689
1 0.7625 0.354883 0.171875 0.357422 0.0994873
1 0.434766 0.707031 0.191406 0.334375 0.0822754
1 0.203076 0.639844 0.177441 0.334375 0.0762939
1 0.610156 0.460156 0.175781 0.298438 0.069397
1 0.642187 0.156055 0.178125 0.300781 0.0403748
0 0.599219 0.747266 0.134375 0.207031 0.0284424
1 0.581641 0.819531 0.1875 0.345313 0.0281067
0 0.627344 0.3125 0.175 0.560938 0.0252686
1 0.496875 0.317383 0.141406 0.251172 0.0157776
0 0.642969 0.259375 0.175 0.496094 0.0118256
0 0.927344 0.728906 0.145313 0.542188 0.0110703
0 0.947656 0.711719 0.104687 0.571875 0.0108566
0 0.864062 0.818555 0.078125 0.219141 0.0106506
1 0.599219 0.747266 0.134375 0.207031 0.00959778
0 0.879687 0.792383 0.109375 0.415234 0.00871277
0 0.525391 0.749219 0.177344 0.417188 0.00837708
0 0.407031 0.698438 0.146875 0.326562 0.00834656
1 0.864062 0.818555 0.078125 0.219141 0.00787354
0 0.569531 0.772266 0.20625 0.442969 0.00600433
1 0.627344 0.3125 0.175 0.560938 0.00530243
0 0.183789 0.444922 0.23125 0.785156 0.00527954
1 0.525391 0.749219 0.177344 0.417188 0.00526047
1 0.810156 0.344531 0.075 0.296875 0.0051384
0 0.708203 0.299805 0.149219 0.463672 0.00511932
0 0.889063 0.126563 0.178125 0.253125 0.0050621
0 0.9 0.78125 0.146875 0.432813 0.00498199
0 0.510938 0.373437 0.165625 0.370313 0.00468063
1 0.93125 0.7375 0.1375 0.525 0.0045929
0 0.900781 0.174414 0.196875 0.348828 0.0045929
0 0.629297 0.861719 0.071875 0.259375 0.00438309
0 0.954687 0.644141 0.090625 0.664844 0.00408554
0 0.807813 0.344922 0.0703125 0.313281 0.00385475
0 0.482422 0.654688 0.0914062 0.235156 0.00369263
1 0.569531 0.772266 0.20625 0.442969 0.00359344
0 0.979688 0.325391 0.040625 0.521094 0.00318527
1 0.947656 0.711719 0.104687 0.571875 0.00312424
0 0.305469 0.658594 0.071875 0.329688 0.00305176
0 0.866406 0.492188 0.1375 0.372656 0.00302696
0 0.608594 0.782812 0.1 0.271875 0.0029583
0 0.0640625 0.790234 0.128125 0.419531 0.00291252
0 0.620313 0.816406 0.115625 0.367188 0.00290108
1 0.482422 0.654688 0.0914062 0.235156 0.00282288
0 0.14043 0.440625 0.157422 0.70625 0.00276756
0 0.0504883 0.566797 0.0970703 0.632031 0.00264168
1 0.879687 0.792383 0.109375 0.415234 0.00257111
1 0.634766 0.818945 0.0765625 0.362109 0.00256157
0 0.773438 0.847656 0.217187 0.304688 0.0024929
1 0.866406 0.492188 0.1375 0.372656 0.00244331
0 0.973047 0.57334 0.0539063 0.675195 0.00239754
0 0.855469 0.797852 0.117188 0.404297 0.00239754
1 0.478125 0.703516 0.0953125 0.316406 0.00231361
1 0.954687 0.644141 0.090625 0.664844 0.00228691
0 0.800195 0.373828 0.155859 0.395312 0.00227928
0 0.876562 0.179102 0.1375 0.319922 0.00216484
1 0.608594 0.782812 0.1 0.271875 0.00216484
1 0.629297 0.861719 0.071875 0.259375 0.00210762
0 0.460156 0.311133 0.18125 0.246484 0.00208282
0 0.101733 0.474219 0.193018 0.735937 0.0020504
0 0.964063 0.303906 0.071875 0.521094 0.00202751
0 0.980469 0.43125 0.0390625 0.607031 0.00201035
0 0.0503906 0.740625 0.100781 0.467187 0.00194168
0 0.0478027 0.650781 0.0911133 0.490625 0.00186729
0 0.481641 0.328516 0.1125 0.224219 0.00185299
0 0.748047 0.0947266 0.0757812 0.179297 0.0018034
0 0.608984 0.427734 0.105469 0.224219 0.0018034
1 0.642187 0.44375 0.1 0.267969 0.0018034
1 0.180518 0.446777 0.261621 0.79707 0.0018034
0 0.884375 0.482031 0.109375 0.31875 0.00179577
1 0.407031 0.698438 0.146875 0.326562 0.00178909
0 0.586719 0.771875 0.090625 0.253125 0.00176811
0 0.633594 0.832031 0.078125 0.334375 0.00176811
0 0.714453 0.107227 0.157031 0.211328 0.00173378
1 0.9 0.78125 0.146875 0.432813 0.0017271
0 0.540234 0.849609 0.250781 0.300781 0.00168133
0 0.605469 0.732813 0.140625 0.310937 0.00166798
0 0.0483398 0.466797 0.0966797 0.567969 0.0016613
0 0.467578 0.650781 0.0875 0.232812 0.0016489
0 0.980469 0.114258 0.0390625 0.228516 0.00164223
0 0.80332 0.792578 0.208984 0.414844 0.00162888
1 0.190674 0.525 0.221777 0.63125 0.00162888
1 0.889063 0.126563 0.178125 0.253125 0.00161076
0 0.907812 0.177734 0.146875 0.322266 0.00160408
0 0.417188 0.155273 0.1375 0.310547 0.00157928
1 0.979688 0.325391 0.040625 0.521094 0.00157928
0 0.512109 0.301221 0.127344 0.269434 0.00156116
0 0.970703 0.166895 0.0585938 0.333789 0.00151253
1 0.973047 0.57334 0.0539063 0.675195 0.00150681
0 0.75 0.825391 0.173438 0.349219 0.00148964
1 0.605469 0.732813 0.140625 0.310937 0.0014782
1 0.655469 0.465723 0.0898438 0.218555 0.00144958
0 0.935938 0.783594 0.128125 0.432813 0.00144386
1 0.828906 0.45625 0.209375 0.645312 0.00143242
0 0.471875 0.706641 0.08125 0.333594 0.00139427
0 0.829687 0.276758 0.0859375 0.306641 0.00139427
0 0.0708496 0.842188 0.141699 0.315625 0.00138283
1 0.65 0.639453 0.132031 0.392969 0.00137806
0 0.65 0.639453 0.132031 0.392969 0.00137234
0 0.524609 0.433984 0.136719 0.317187 0.00134087
0 0.898438 0.406152 0.084375 0.318945 0.00133038
1 0.254687 0.621094 0.071875 0.354688 0.00132465
0 0.742188 0.626562 0.173438 0.314063 0.00130939
0 0.501562 0.241016 0.126563 0.421094 0.00130463
0 0.642187 0.44375 0.1 0.267969 0.00130463
1 0.800195 0.373828 0.155859 0.395312 0.00130463
0 0.811719 0.111816 0.084375 0.223633 0.00129986
0 0.840625 0.535937 0.19375 0.503125 0.00129414
1 0.620313 0.816406 0.115625 0.367188 0.00128937
0 0.304297 0.866797 0.171094 0.266406 0.00126457
0 0.356836 0.877344 0.161328 0.245312 0.00125504
0 0.375 0.70625 0.0648438 0.2875 0.00124931
0 0.460938 0.154687 0.178906 0.309375 0.00122547
0 0.15332 0.414746 0.120703 0.625195 0.00122547
0 0.500391 0.701172 0.252344 0.363281 0.0012207
0 0.251172 0.607813 0.071875 0.39375 0.00121593
0 0.790625 0.509375 0.223438 0.525 0.00121593
0 0.234717 0.372656 0.185254 0.710938 0.0012064
0 0.0222412 0.0974609 0.0444824 0.194922 0.0012064
0 0.429688 0.632031 0.194531 0.528125 0.00120163
0 0.928906 0.260938 0.142188 0.5 0.00120163
0 0.971094 0.135059 0.0578125 0.270117 0.00120163
1 0.740625 0.582812 0.167187 0.409375 0.00119209
0 0.187158 0.401953 0.136621 0.690625 0.00117874
1 0.510938 0.373437 0.165625 0.370313 0.00117397
0 0.983594 0.253906 0.0328125 0.507812 0.00116062
1 0.443359 0.610937 0.196875 0.55625 0.00115108
1 0.980469 0.483984 0.0390625 0.660156 0.0011425
0 0.270312 0.339844 0.138281 0.642187 0.0011425
1 0.900781 0.174414 0.196875 0.348828 0.00113773
1 0.632031 0.544531 0.18125 0.585938 0.00113773
0 0.533594 0.372656 0.172656 0.426562 0.00113392
1 0.864062 0.857813 0.078125 0.15 0.00113392
0 0.454297 0.881836 0.198437 0.236328 0.00112915
1 0.642969 0.259375 0.175 0.496094 0.00112438
0 0.791992 0.617188 0.250391 0.410937 0.0011158
0 0.867188 0.595996 0.140625 0.501758 0.00109863
0 0.960156 0.749219 0.0796875 0.501562 0.00109005
0 0.411621 0.8875 0.168945 0.225 0.00106049
0 0.513672 0.835938 0.0765625 0.196875 0.00105667
1 0.921094 0.679297 0.157813 0.633594 0.00105286
1 0.0222412 0.0974609 0.0444824 0.194922 0.00104809
0 0.116992 0.223828 0.115625 0.447656 0.00104046
0 0.902344 0.725781 0.167187 0.451562 0.00104046
1 0.840625 0.535937 0.19375 0.503125 0.00103188
0 0.0481445 0.122461 0.0962891 0.244922 0.00103188
1 0.964063 0.303906 0.071875 0.521094 0.00102425
1 0.54375 0.865039 0.26875 0.269922 0.00101185
0 0.0111572 0.111914 0.0223145 0.223828 0.00100803
0 0.446875 0.788672 0.1875 0.422656 0.00100422
1 0.971094 0.135059 0.0578125 0.270117 0.00100422
0 0.199023 0.632812 0.189453 0.31875 0.702637
0 0.440234 0.703125 0.194531 0.326562 0.696777
0 0.642187 0.16543 0.198437 0.284766 0.6875
0 0.602734 0.442187 0.177344 0.245312 0.606934
0 0.757812 0.333984 0.175 0.31875 0.583008
0 0.582812 0.810156 0.172656 0.329688 0.482422
0 0.499219 0.308789 0.159375 0.246484 0.430176
1 0.576563 0.817187 0.196094 0.328125 0.403564
1 0.200391 0.636719 0.188672 0.3375 0.32251
1 0.437402 0.704687 0.19082 0.315625 0.27124
1 0.758594 0.336133 0.178125 0.323828 0.270508
0 0.761328 0.0478027 0.149219 0.093457 0.201782
0 0.598437 0.707812 0.125 0.126563 0.136108
0 0.632812 0.115234 0.164062 0.185156 0.0933228
0 0.537891 0.842188 0.116406 0.203125 0.0869141
0 0.864844 0.826563 0.08125 0.196875 0.0639648
0 0.884375 0.0454102 0.128125 0.0876953 0.0600891
1 0.605469 0.442871 0.182812 0.242383 0.0535889
0 0.488281 0.27207 0.128125 0.164062 0.0518494
0 0.530078 0.815625 0.103125 0.145313 0.049408
0 0.970312 0.409473 0.0578125 0.231055 0.0472412
0 0.51875 0.308984 0.126563 0.120312 0.041626
1 0.597656 0.807813 0.139062 0.328125 0.0307312
1 0.499219 0.308789 0.159375 0.246484 0.0306702
1 0.867188 0.82832 0.078125 0.190234 0.0304413
1 0.642578 0.166699 0.192188 0.293164 0.0298157
0 0.890625 0.213086 0.2125 0.239453 0.0270691
0 0.782812 0.0474609 0.101562 0.0921875 0.0254669
0 0.732031 0.0524536 0.210938 0.0923584 0.0250854
0 0.592578 0.73125 0.134375 0.173438 0.0245209
0 0.433594 0.645312 0.174219 0.214062 0.0220337
1 0.892969 0.212109 0.209375 0.25 0.0205688
0 0.752734 0.271289 0.152344 0.198047 0.0177155
0 0.538281 0.306641 0.0875 0.108984 0.0172424
0 0.489453 0.233398 0.127344 0.0863281 0.0167236
1 0.785937 0.855859 0.2375 0.288281 0.0153656
1 0.755469 0.0509277 0.153125 0.0969727 0.0146713
0 0.463281 0.640625 0.132812 0.205469 0.0132217
0 0.20332 0.680469 0.182812 0.23125 0.0125732
1 0.179004 0.317969 0.358008 0.58125 0.0113297
1 0.537891 0.842188 0.116406 0.203125 0.0110703
0 0.551562 0.299609 0.0632813 0.0976562 0.0104904
0 0.553906 0.84707 0.15625 0.218359 0.00978088
1 0.106934 0.402246 0.213867 0.68457 0.00923157
1 0.970312 0.409473 0.0578125 0.231055 0.00818634
1 0.598437 0.707812 0.125 0.126563 0.00806427
0 0.203857 0.570312 0.179004 0.198437 0.00763702
0 0.596094 0.786719 0.1125 0.278125 0.00728989
0 0.753516 0.65625 0.192969 0.214062 0.00677109
0 0.419531 0.740625 0.139844 0.2375 0.00638962
1 0.530078 0.815625 0.103125 0.145313 0.00595856
1 0.0634766 0.457031 0.126953 0.782812 0.00579834
0 0.860156 0.156055 0.135937 0.145313 0.00568771
1 0.824219 0.820508 0.157813 0.271484 0.00561905
0 0.741797 0.682813 0.160156 0.164844 0.00557709
1 0.553906 0.84707 0.15625 0.218359 0.00521851
0 0.771094 0.337305 0.125 0.297266 0.00494385
1 0.446875 0.742578 0.217969 0.396094 0.00432968
0 0.39375 0.259766 0.0960938 0.14375 0.00432968
0 0.106934 0.402246 0.213867 0.68457 0.00431442
0 0.797656 0.0511719 0.317187 0.0960938 0.00424957
1 0.51875 0.308984 0.126563 0.120312 0.0042305
0 0.682031 0.112329 0.110156 0.169873 0.00415039
1 0.795313 0.817187 0.223438 0.275 0.00397491
0 0.168262 0.366797 0.336523 0.632031 0.00379562
0 0.878125 0.517969 0.1375 0.3 0.00372124
0 0.0634766 0.457031 0.126953 0.782812 0.00367928
1 0.635156 0.119751 0.16875 0.192139 0.00363541
0 0.61875 0.463379 0.171875 0.199805 0.00362206
0 0.478906 0.940625 0.11875 0.110937 0.00337601
0 0.722656 0.264062 0.234375 0.255469 0.00333786
0 0.920313 0.250977 0.159375 0.177734 0.00331116
0 0.619531 0.225781 0.134375 0.169141 0.00325966
0 0.657422 0.119629 0.153906 0.157227 0.00312424
1 0.478906 0.940625 0.11875 0.110937 0.00302696
0 0.790625 0.841992 0.239063 0.309766 0.00299263
0 0.216602 0.491797 0.160547 0.0414063 0.00293541
1 0.141406 0.726172 0.282813 0.547656 0.00291252
0 0.999219 0.428125 0.0015625 0.188281 0.00291252
1 0.771094 0.337305 0.125 0.297266 0.00275803
0 0.605469 0.408496 0.151562 0.179883 0.00273705
0 0.773438 0.0539063 0.135937 0.107813 0.0026722
0 0.814844 0.185547 0.154687 0.183594 0.00255013
1 0.488281 0.27207 0.128125 0.164062 0.00255013
0 0.575 0.877344 0.19375 0.198437 0.00245285
0 0.549219 0.822656 0.1375 0.16875 0.00237846
0 0.860156 0.0533691 0.229687 0.100488 0.00218201
0 0.764844 0.406348 0.154687 0.195117 0.00216484
0 0.209766 0.495313 0.125391 0.0453125 0.00212479
1 0.948438 0.600781 0.1 0.7125 0.00183868
1 0.8875 0.0464355 0.134375 0.0866211 0.0018034
1 0.20332 0.680469 0.182812 0.23125 0.00179577
0 0.342969 0.300195 0.05625 0.134766 0.00169373
0 0.595703 0.83125 0.101562 0.26875 0.00168705
0 0.971875 0.369727 0.0546875 0.339453 0.00158501
1 0.797656 0.0511719 0.317187 0.0960938 0.00156689
0 0.758203 0.246533 0.149219 0.147559 0.00152493
1 0.595703 0.83125 0.101562 0.26875 0.00148392
1 0.878125 0.517969 0.1375 0.3 0.00147247
1 0.592578 0.73125 0.134375 0.173438 0.00147247
1 0.971875 0.425684 0.05625 0.551758 0.00146103
0 0.204102 0.535937 0.142969 0.128125 0.00144958
0 0.205273 0.715625 0.169531 0.1625 0.00144386
0 0.95625 0.662891 0.078125 0.311719 0.00138283
0 0.210352 0.512891 0.141797 0.0804688 0.00135612
1 0.773438 0.0539063 0.135937 0.107813 0.00134563
1 0.419531 0.740625 0.139844 0.2375 0.00133514
1 0.0874023 0.724219 0.174805 0.551562 0.00132465
0 0.480469 0.644531 0.10625 0.177344 0.00131512
0 0.854688 0.178906 0.121875 0.18125 0.00131512
0 0.890625 0.166211 0.196875 0.164453 0.00129414
0 0.824219 0.820508 0.157813 0.271484 0.00127411
1 0.549219 0.822656 0.1375 0.16875 0.00126457
0 0.221143 0.486328 0.138965 0.0289063 0.00126457
0 0.229346 0.61875 0.138184 0.253125 0.00124454
1 0.206055 0.749219 0.377734 0.501562 0.00121593
1 0.753516 0.65625 0.192969 0.214062 0.00121593
1 0.947656 0.210938 0.104687 0.272266 0.00119686
0 0.238672 0.591406 0.11875 0.154687 0.00119686
0 0.837695 0.825 0.146484 0.198437 0.00118351
1 0.964453 0.642187 0.0710938 0.617188 0.00118351
0 0.451465 0.555078 0.175195 0.0398437 0.00118351
1 0.489453 0.233398 0.127344 0.0863281 0.00115585
0 0.971875 0.425684 0.05625 0.551758 0.00115108
0 0.796875 0.0544434 0.114063 0.103418 0.00115108
0 0.651563 0.0896484 0.165625 0.1375 0.00112057
0 0.885938 0.510156 0.103125 0.35 0.00109863
0 0.0526855 0.162207 0.105371 0.324414 0.00109482
1 0.885938 0.510156 0.103125 0.35 0.00109005
0 0.9375 0.221289 0.120312 0.274219 0.00108147
0 0.400781 0.698438 0.120312 0.3 0.00106907
1 0.0546387 0.575 0.109277 0.740625 0.00106525
0 0.617969 0.212939 0.090625 0.201465 0.00105667
1 0.596094 0.786719 0.1125 0.278125 0.00104809
0 0.619531 0.171094 0.140625 0.270703 0.00102425
0 0.687891 0.148047 0.286719 0.204297 0.00101662
0 0.419531 0.174316 0.140625 0.156055 0.00100422
1 0.575 0.814844 0.194531 0.328125 0.688477
1 0.199414 0.632031 0.187891 0.310937 0.67041
1 0.757031 0.330664 0.171875 0.302734 0.640625
0 0.639453 0.167187 0.191406 0.2875 0.488281
1 0.435547 0.702344 0.189063 0.315625 0.425293
1 0.604688 0.445703 0.179688 0.253125 0.297363
0 0.503125 0.308984 0.159375 0.226562 0.269775
0 0.603125 0.444141 0.16875 0.253906 0.264404
0 0.8625 0.819531 0.075 0.196875 0.247314
1 0.641016 0.171875 0.188281 0.287109 0.196167
0 0.434473 0.692969 0.191992 0.298438 0.174927
0 0.201562 0.63125 0.189063 0.309375 0.141235
1 0.500781 0.307422 0.1625 0.228906 0.135254
0 0.75625 0.328125 0.178125 0.3 0.124207
1 0.545313 0.851562 0.139062 0.220313 0.0653687
1 0.8625 0.819531 0.075 0.196875 0.0653687
0 0.645703 0.12207 0.178906 0.184766 0.0499573
0 0.575 0.814844 0.194531 0.328125 0.0437622
1 0.200781 0.691797 0.186719 0.192969 0.0422363
1 0.475391 0.948438 0.114063 0.1 0.0409851
0 0.545313 0.851562 0.139062 0.220313 0.0306702
1 0.167773 0.8625 0.102734 0.134375 0.0299835
1 0.553906 0.774219 0.209375 0.345313 0.0257568
1 0.635938 0.206836 0.173438 0.199609 0.0256653
1 0.520703 0.837695 0.0914062 0.199609 0.0227966
1 0.574219 0.864844 0.198437 0.215625 0.0222931
1 0.421484 0.722656 0.150781 0.278125 0.0205688
1 0.759766 0.378125 0.177344 0.198437 0.0193481
0 0.917188 0.251514 0.159375 0.179785 0.0157166
0 0.965625 0.39834 0.0625 0.17207 0.0155411
0 0.607031 0.453516 0.184375 0.174219 0.0154266
1 0.467187 0.642969 0.126563 0.182812 0.0144501
1 0.448047 0.633203 0.159375 0.192188 0.0141754
1 0.434766 0.652344 0.189063 0.178125 0.0116425
0 0.635938 0.206836 0.173438 0.199609 0.0105286
0 0.520703 0.837695 0.0914062 0.199609 0.0103302
1 0.607031 0.453516 0.184375 0.174219 0.00985718
1 0.158691 0.836719 0.0998047 0.13125 0.00919342
1 0.884375 0.150195 0.217187 0.130859 0.00844574
1 0.610156 0.866992 0.120312 0.209766 0.00828552
0 0.759766 0.378125 0.177344 0.198437 0.00746155
0 0.434766 0.652344 0.189063 0.178125 0.00723267
0 0.247656 0.588281 0.0898438 0.169531 0.00679779
0 0.574219 0.864844 0.198437 0.215625 0.00636292
0 0.200781 0.691797 0.186719 0.192969 0.00624084
1 0.8875 0.203516 0.215625 0.239063 0.00595856
0 0.474219 0.948047 0.110937 0.103906 0.00577545
1 0.148047 0.871094 0.06875 0.146875 0.00559998
0 0.307422 0.754687 0.0796875 0.170312 0.00534439
0 0.748438 0.0491211 0.15625 0.0982422 0.00530243
0 0.409375 0.457031 0.171875 0.178906 0.00521851
1 0.917188 0.251514 0.159375 0.179785 0.00508118
0 0.782031 0.0479492 0.214062 0.0958984 0.00453949
0 0.854688 0.832812 0.065625 0.170312 0.00445175
0 0.467187 0.642969 0.126563 0.182812 0.00416565
1 0.596094 0.796094 0.138281 0.2875 0.00413513
1 0.645703 0.12207 0.178906 0.184766 0.00367928
1 0.087085 0.873438 0.058252 0.178125 0.00362206
1 0.307422 0.754687 0.0796875 0.170312 0.00351143
0 0.889844 0.147754 0.210938 0.14668 0.00351143
0 0.546875 0.289844 0.0570313 0.0804688 0.00346947
0 0.384375 0.250781 0.084375 0.155469 0.00332451
0 0.337109 0.305859 0.0515625 0.128125 0.00331116
0 0.448047 0.633203 0.159375 0.192188 0.00324821
1 0.187842 0.879687 0.0696289 0.146875 0.00321007
1 0.0408325 0.863867 0.0816162 0.212891 0.00311089
0 0.8625 0.84707 0.04375 0.183984 0.00294685
1 0.432422 0.755469 0.160938 0.210938 0.00291252
0 0.422656 0.754297 0.161719 0.207031 0.00291252
0 0.597656 0.779492 0.134375 0.269141 0.00291252
0 0.633203 0.91875 0.059375 0.115625 0.00269318
1 0.0396484 0.572656 0.0792969 0.307813 0.00255013
0 0.620313 0.476562 0.164062 0.188281 0.00254059
0 0.513672 0.810742 0.0757812 0.162891 0.0024929
1 0.620313 0.476562 0.164062 0.188281 0.00245285
1 0.598437 0.752734 0.142188 0.208594 0.00243378
0 0.848633 0.0457031 0.221484 0.0914062 0.0024147
0 0.872656 0.857813 0.059375 0.15 0.00228691
1 0.0391602 0.866406 0.0751953 0.267188 0.00228691
0 0.176514 0.86875 0.0875977 0.145313 0.00226974
0 0.965625 0.381348 0.065625 0.248242 0.00224304
0 0.329688 0.276953 0.0378906 0.125781 0.00223351
0 0.978125 0.95625 0.040625 0.0875 0.00218201
0 0.510938 0.285742 0.140625 0.173828 0.00216484
1 0.112476 0.88125 0.107471 0.18125 0.00216484
1 0.965625 0.39834 0.0625 0.17207 0.00216484
1 0.553906 0.376465 0.209375 0.14082 0.00208282
1 0.120117 0.854688 0.113281 0.167187 0.0020504
0 0.478516 0.658594 0.107813 0.145313 0.00197983
0 0.683594 0.110522 0.102344 0.168018 0.00197983
0 0.339063 0.307813 0.04375 0.164062 0.0019722
1 0.86875 0.81875 0.1 0.217187 0.00190449
1 0.478516 0.658594 0.107813 0.145313 0.00188255
1 0.513672 0.810742 0.0757812 0.162891 0.00182438
1 0.377734 0.903125 0.1125 0.184375 0.00182438
0 0.0396484 0.572656 0.0792969 0.307813 0.00182438
0 0.498047 0.960938 0.0578125 0.078125 0.0017271
0 0.847656 0.841406 0.05 0.15625 0.00171375
0 0.141602 0.875 0.028125 0.173438 0.00167465
1 0.300391 0.310742 0.110937 0.181641 0.0016613
0 0.133398 0.875781 0.0408203 0.132812 0.00157356
1 0.247656 0.588281 0.0898438 0.169531 0.00155449
1 0.804688 0.951563 0.103125 0.09375 0.00153637
0 0.553906 0.376465 0.209375 0.14082 0.00152493
0 0.0947266 0.880469 0.0332031 0.190625 0.0014782
0 0.625 0.910156 0.0625 0.154687 0.00143242
1 0.145605 0.817969 0.12793 0.18125 0.0014267
0 0.9625 0.420312 0.053125 0.111719 0.00141048
1 0.409375 0.457031 0.171875 0.178906 0.00139904
0 0.879687 0.864062 0.0375 0.178125 0.00136662
0 0.973437 0.964063 0.05 0.06875 0.00135612
0 0.598437 0.427734 0.163281 0.164062 0.00133514
1 0.0375488 0.890625 0.072168 0.2125 0.00128937
0 0.253125 0.735156 0.0554687 0.123438 0.00127411
1 0.460156 0.960547 0.189844 0.0789063 0.0012598
1 0.832812 0.0510254 0.30625 0.0856445 0.0012598
1 0.137793 0.899219 0.0619141 0.185937 0.0012207
1 0.0525269 0.423828 0.0968994 0.388281 0.00120163
0 0.0380371 0.877734 0.0743164 0.244531 0.00120163
1 0.520312 0.28667 0.176563 0.242285 0.00119686
0 0.861719 0.864062 0.0828125 0.1375 0.00116062
0 0.965625 0.425879 0.06875 0.187305 0.00115585
1 0.471191 0.302734 0.204492 0.253906 0.00115108
0 0.458594 0.56875 0.0953125 0.065625 0.00115108
0 0.300391 0.310742 0.110937 0.181641 0.00113773
0 0.610156 0.866992 0.120312 0.209766 0.00112438
1 0.458594 0.56875 0.0953125 0.065625 0.00110722
0 0.196045 0.860156 0.0547852 0.145313 0.00109005
1 0.384375 0.250781 0.084375 0.155469 0.00107765
1 0.880469 0.11521 0.226562 0.123096 0.00107765
1 0.591406 0.822656 0.1625 0.228125 0.00106525
0 0.136328 0.854688 0.0453125 0.13125 0.00105667
1 0.505859 0.34043 0.14375 0.186328 0.00105667
0 0.867188 0.138843 0.189063 0.127783 0.00103188
0 0.953906 0.567969 0.0796875 0.2 0.00103188
0 0.85 0.82168 0.053125 0.206641 0.00102806
1 0.175781 0.892969 0.0933594 0.148438 0.00102043
1 0.466406 0.935938 0.103906 0.114063 0.00101662
1 0.0501953 0.553906 0.0978516 0.3375 0.00101662
0 0.434473 0.697656 0.18418 0.314063 0.646973
0 0.639453 0.169141 0.178906 0.275391 0.625977
0 0.760938 0.344336 0.18125 0.315234 0.612305
0 0.607813 0.441016 0.171875 0.234375 0.57373
0 0.203906 0.636719 0.196484 0.320312 0.525391
1 0.584766 0.813867 0.16875 0.325391 0.46582
0 0.500781 0.305078 0.154687 0.221094 0.427246
1 0.202734 0.639063 0.19375 0.321875 0.284668
1 0.760938 0.33418 0.18125 0.305078 0.255371
1 0.426562 0.704297 0.167187 0.307031 0.194946
0 0.584766 0.813867 0.16875 0.325391 0.183594
1 0.500391 0.305078 0.157813 0.222656 0.0985718
1 0.611328 0.44375 0.182031 0.239844 0.0941772
1 0.639453 0.169141 0.178906 0.275391 0.0899048
0 0.638672 0.123242 0.183594 0.188672 0.0869141
0 0.608594 0.419434 0.142188 0.20957 0.0637207
1 0.574219 0.766797 0.201562 0.332031 0.022583
0 0.491406 0.319531 0.13125 0.179688 0.0164642
0 0.863281 0.80625 0.0671875 0.232812 0.0124283
0 0.434473 0.650781 0.182617 0.228125 0.00834656
1 0.595312 0.79043 0.135937 0.278516 0.00740433
1 0.608594 0.419434 0.142188 0.20957 0.00677109
1 0.268311 0.384473 0.200098 0.331055 0.00674438
0 0.628906 0.1625 0.157813 0.215625 0.00582123
1 0.865625 0.81582 0.0703125 0.221484 0.00534439
0 0.268311 0.384473 0.200098 0.331055 0.00530243
0 0.451953 0.47959 0.153906 0.226758 0.00494385
0 0.626562 0.189893 0.13125 0.238184 0.00492477
0 0.595312 0.79043 0.135937 0.278516 0.00471878
1 0.194971 0.370703 0.350684 0.339063 0.00424957
0 0.971094 0.424609 0.0578125 0.378906 0.00416565
0 0.574219 0.766797 0.201562 0.332031 0.00408554
1 0.186328 0.401172 0.372656 0.474219 0.00367928
0 0.432422 0.297607 0.289062 0.248535 0.0036068
0 0.577344 0.857031 0.182812 0.226562 0.00329781
1 0.642187 0.121509 0.179688 0.185498 0.00327301
1 0.434473 0.650781 0.182617 0.228125 0.00324821
0 0.424902 0.524121 0.173633 0.32207 0.00316048
0 0.596875 0.719531 0.114063 0.135937 0.00292397
1 0.428906 0.479297 0.185937 0.225781 0.00273705
1 0.79082 0.84375 0.243359 0.3125 0.0027256
0 0.501562 0.285937 0.153125 0.151562 0.00244331
1 0.432422 0.297607 0.289062 0.248535 0.00237846
0 0.194971 0.370703 0.350684 0.339063 0.00225258
0 0.521094 0.27207 0.164062 0.285547 0.00213242
0 0.18418 0.639453 0.136328 0.313281 0.0020504
0 0.186328 0.401172 0.372656 0.474219 0.00188923
0 0.291797 0.403906 0.140234 0.289062 0.00172043
1 0.424902 0.524121 0.173633 0.32207 0.00159168
0 0.457031 0.638281 0.14375 0.201562 0.00154877
1 0.971094 0.424609 0.0578125 0.378906 0.00142097
1 0.79707 0.761328 0.280859 0.467969 0.00133038
1 0.491406 0.319531 0.13125 0.179688 0.00131989
0 0.446875 0.603906 0.128125 0.1375 0.00124931
0 0.413672 0.702734 0.132812 0.300781 0.00124454
1 0.280273 0.359375 0.155078 0.267188 0.00119686
1 0.291797 0.403906 0.140234 0.289062 0.00109482
0 0.204492 0.671484 0.166016 0.241406 0.00108624
0 0.435156 0.700781 0.189844 0.320312 0.783203
0 0.205273 0.635938 0.184766 0.320312 0.741699
0 0.759375 0.34082 0.176563 0.323828 0.6875
0 0.641016 0.172852 0.185156 0.301172 0.687012
0 0.609375 0.442871 0.175 0.243945 0.580566
0 0.498437 0.306836 0.154687 0.238672 0.463867
0 0.576172 0.823633 0.196094 0.330859 0.456055
1 0.574219 0.817383 0.198437 0.330859 0.341553
0 0.894531 0.214648 0.204688 0.248828 0.179565
1 0.499219 0.307617 0.153125 0.235547 0.168335
1 0.609375 0.442871 0.175 0.243945 0.10376
1 0.758203 0.336133 0.172656 0.320703 0.093689
1 0.433203 0.698438 0.186719 0.3125 0.0892944
1 0.636719 0.166797 0.188281 0.285937 0.0621033
0 0.864062 0.820312 0.078125 0.215625 0.0560303
1 0.205859 0.635938 0.179688 0.31875 0.0559387
1 0.860937 0.8 0.09375 0.25625 0.0375366
0 0.645312 0.119531 0.175 0.183984 0.036499
1 0.90625 0.210938 0.182812 0.246094 0.0211182
1 0.861719 0.821094 0.078125 0.21875 0.02034
1 0.81875 0.79375 0.192188 0.264062 0.0192413
1 0.795508 0.754297 0.249609 0.366406 0.00746155
0 0.81875 0.79375 0.192188 0.264062 0.00629044
1 0.463965 0.711719 0.245508 0.339063 0.00498199
1 0.181641 0.250049 0.363281 0.359277 0.00479126
0 0.43584 0.458203 0.170508 0.213281 0.00441742
0 0.474609 0.948438 0.108594 0.103125 0.00338936
1 0.219141 0.258984 0.4 0.273438 0.00269318
1 0.43584 0.458203 0.170508 0.213281 0.00244331
0 0.0689941 0.541406 0.130176 0.433594 0.00211525
0 0.444434 0.948828 0.168945 0.102344 0.00205803
0 0.625 0.260742 0.117188 0.129297 0.00201988
0 0.865625 0.879687 0.0828125 0.107813 0.00188923
0 0.795508 0.754297 0.249609 0.366406 0.0018034
1 0.181055 0.327539 0.362109 0.523828 0.00175476
0 0.592969 0.713281 0.129688 0.128125 0.00168705
0 0.870313 0.884375 0.06875 0.0875 0.00154305
1 0.474609 0.948438 0.108594 0.103125 0.00145531
0 0.967969 0.409375 0.0640625 0.21875 0.00144386
0 0.857031 0.0496948 0.225 0.0924072 0.00140476
0 0.804688 0.998438 0.1625 0.003125 0.00135612
1 0.0689941 0.541406 0.130176 0.433594 0.00133514
1 0.803906 0.703906 0.285937 0.45625 0.00133038
1 0.885156 0.731641 0.225 0.402344 0.00131989
1 0.733594 0.861719 0.1375 0.257812 0.00129414
0 0.181641 0.250049 0.363281 0.359277 0.0012846
0 0.894531 0.298438 0.210938 0.410156 0.00115585
0 0.867969 0.998438 0.173438 0.003125 0.00115108
1 0.882031 0.764453 0.175 0.327344 0.00115108
0 0.987109 0.0106934 0.0257812 0.0213867 0.00113392
1 0.84668 0.719531 0.291016 0.425 0.00113392
1 0.865625 0.873438 0.075 0.109375 0.00108147
0 0.219141 0.258984 0.4 0.273438 0.00106907
1 0.645312 0.119531 0.175 0.183984 0.00103664
1 0.967969 0.409375 0.0640625 0.21875 0.00103664
0 1 0.760938 0 0.240625 0.00102425
1 0.577344 0.821875 0.214062 0.3375 0.57959
0 0.2 0.635156 0.201172 0.320312 0.575684
0 0.645312 0.163965 0.190625 0.296289 0.543945
1 0.442187 0.701172 0.197656 0.316406 0.486328
1 0.760547 0.335938 0.178906 0.326562 0.437744
0 0.503125 0.315625 0.159375 0.2375 0.360352
0 0.617188 0.446484 0.190625 0.257031 0.336426
0 0.440625 0.700781 0.200781 0.317187 0.325195
0 0.761719 0.339844 0.178125 0.327344 0.221313
1 0.202148 0.637891 0.198437 0.325781 0.186523
1 0.645312 0.168066 0.190625 0.293945 0.143433
1 0.503125 0.315625 0.159375 0.2375 0.105591
1 0.617969 0.446973 0.192188 0.260742 0.0819702
0 0.578906 0.823633 0.210156 0.340234 0.0558167
1 0.794531 0.767187 0.265625 0.4125 0.0112
1 0.808594 0.714844 0.303125 0.514063 0.00912476
0 0.875 0.877344 0.0609375 0.107813 0.00584412
0 0.550781 0.296094 0.053125 0.129688 0.00494385
0 0.870313 0.885938 0.0734375 0.0859375 0.00453949
1 0.788281 0.826563 0.257812 0.346875 0.00337601
0 0.859375 0.799219 0.096875 0.260938 0.00286674
0 0.648828 0.114429 0.185156 0.190674 0.00286674
1 0.457129 0.919922 0.176367 0.160156 0.00248146
0 0.789844 0.807813 0.254687 0.310937 0.00191212
1 0.859375 0.799219 0.096875 0.260938 0.00174141
1 0.854297 0.167578 0.291406 0.335156 0.00165462
0 0.826563 0.7125 0.33125 0.482812 0.00159168
0 0.411328 0.475684 0.232812 0.24082 0.00148964
1 0.596875 0.816992 0.154687 0.319141 0.00118828
0 0.204688 0.632031 0.193359 0.304688 0.657715
0 0.610547 0.442969 0.185156 0.239844 0.601074
0 0.642969 0.168164 0.19375 0.275781 0.583008
0 0.437598 0.699219 0.19043 0.317187 0.558105
0 0.760156 0.333398 0.179688 0.307422 0.509766
1 0.575 0.815625 0.201562 0.328125 0.509766
1 0.760938 0.333984 0.18125 0.313281 0.406494
0 0.498437 0.307813 0.153125 0.239063 0.400635
1 0.203711 0.634766 0.192578 0.317969 0.191284
1 0.434766 0.695312 0.189844 0.31875 0.189575
0 0.575 0.815625 0.201562 0.328125 0.157715
1 0.639844 0.165234 0.189063 0.272266 0.143921
1 0.498437 0.310156 0.153125 0.234375 0.112976
1 0.611719 0.440723 0.1875 0.238867 0.0808105
0 0.640625 0.126196 0.182812 0.193701 0.0566406
1 0.864062 0.825 0.078125 0.198437 0.0507202
0 0.864062 0.820312 0.0765625 0.20625 0.0253754
1 0.761719 0.939062 0.182812 0.121875 0.0131683
1 0.484766 0.752734 0.290625 0.383594 0.00905609
0 0.521875 0.34707 0.198437 0.217578 0.00837708
1 0.875781 0.520312 0.135937 0.240625 0.00775528
0 0.484766 0.752734 0.290625 0.383594 0.00638962
0 0.541406 0.301953 0.0671875 0.103125 0.006073
0 0.406152 0.459766 0.243945 0.205469 0.00448608
0 0.898438 0.206641 0.2 0.253516 0.00237846
0 0.761719 0.939062 0.182812 0.121875 0.00225258
1 0.789062 0.950391 0.135937 0.0992187 0.00224304
0 0.85625 0.820312 0.075 0.245312 0.00223351
1 0.895312 0.219482 0.209375 0.233691 0.00218201
1 0.969141 0.471484 0.0617188 0.269531 0.00214958
1 0.408496 0.467969 0.245508 0.210938 0.00212479
1 0.846875 0.519922 0.195312 0.253125 0.00208282
1 0.758984 0.914062 0.177344 0.16875 0.00204277
1 0.85625 0.820312 0.075 0.245312 0.00181007
1 0.640625 0.126196 0.182812 0.193701 0.00162315
0 0.969141 0.471484 0.0617188 0.269531 0.00152493
0 0.400781 0.513672 0.25 0.317969 0.0012846
1 0.533203 0.8125 0.280469 0.323438 0.00126934
1 0.470313 0.946094 0.11875 0.107813 0.00119686
0 0.865625 0.864062 0.075 0.120312 0.00118351
1 0.7875 0.821094 0.240625 0.353125 0.00107765
0 0.967188 0.392969 0.065625 0.103906 0.00105667
1 0.576172 0.809375 0.202344 0.31875 0.587891
1 0.760938 0.335547 0.18125 0.303906 0.559082
0 0.639063 0.165723 0.196875 0.28457 0.50293
0 0.610937 0.441406 0.190625 0.245312 0.486328
0 0.202393 0.632812 0.195215 0.310937 0.424316
0 0.436719 0.700781 0.190625 0.3125 0.413086
1 0.202148 0.6375 0.187891 0.310937 0.294189
1 0.434766 0.700391 0.192188 0.305469 0.293457
0 0.502344 0.307422 0.165625 0.244531 0.160278
1 0.635156 0.170801 0.186719 0.27207 0.156128
0 0.758594 0.333594 0.184375 0.301562 0.141479
1 0.498047 0.308594 0.158594 0.235156 0.098938
1 0.611719 0.443066 0.184375 0.245117 0.0651245
1 0.880469 0.169629 0.234375 0.336523 0.0647583
1 0.8625 0.792969 0.078125 0.270312 0.0630493
0 0.8625 0.792969 0.078125 0.270312 0.0389099
0 0.577344 0.811719 0.2 0.320312 0.0307922
0 0.880469 0.169629 0.234375 0.336523 0.0179901
0 0.905078 0.208594 0.189844 0.256641 0.00677109
1 0.535937 0.804492 0.286719 0.316016 0.00519943
1 0.875 0.525 0.142188 0.253125 0.00502014
1 0.843555 0.138184 0.306641 0.268164 0.00469971
0 0.527344 0.842383 0.107813 0.208984 0.00291252
1 0.84375 0.084375 0.30625 0.160938 0.00281143
0 0.843555 0.138184 0.306641 0.268164 0.0024929
1 0.79043 0.79375 0.234766 0.321875 0.0024147
0 0.84375 0.084375 0.30625 0.160938 0.00231361
1 0.905078 0.208594 0.189844 0.256641 0.00206757
1 0.81543 0.525879 0.269141 0.34043 0.00158501
1 0.32793 0.309766 0.601953 0.610156 0.00148964
1 0.181055 0.351562 0.362109 0.697656 0.00127888
0 0.539453 0.345703 0.197656 0.236719 0.00121117
1 0.976562 0.953516 0.040625 0.0929687 0.00119686
0 0.967188 0.387598 0.065625 0.137305 0.00112438
0 0.976562 0.953516 0.040625 0.0929687 0.00109005
1 0.576563 0.817969 0.201562 0.334375 0.705078
0 0.644531 0.166211 0.183594 0.288281 0.525391
1 0.4375 0.701172 0.189063 0.321094 0.519531
0 0.202539 0.637109 0.183594 0.324219 0.470703
0 0.608594 0.444141 0.175 0.249219 0.39502
0 0.503125 0.307422 0.157813 0.236719 0.389648
0 0.758594 0.340625 0.178125 0.320312 0.379395
1 0.757812 0.341797 0.178125 0.326562 0.353027
1 0.202539 0.636719 0.189844 0.321875 0.344238
0 0.437891 0.70625 0.188281 0.328125 0.23584
1 0.641406 0.166602 0.185937 0.282422 0.148071
1 0.498437 0.310742 0.160156 0.236328 0.118408
1 0.613281 0.442578 0.185937 0.250781 0.0638428
1 0.865625 0.8 0.0765625 0.260938 0.0227203
0 0.542188 0.296875 0.0640625 0.09375 0.00989532
0 0.577734 0.821094 0.197656 0.3375 0.00844574
0 0.867188 0.789844 0.078125 0.282813 0.00834656
1 0.882812 0.524609 0.120312 0.253125 0.00602722
1 0.788867 0.830859 0.244141 0.338281 0.00598145
1 0.867188 0.835938 0.075 0.19375 0.00547028
0 0.866406 0.833594 0.08125 0.196875 0.00415039
0 0.845508 0.0492065 0.227734 0.0935791 0.00239754
1 0.542188 0.296875 0.0640625 0.09375 0.00154877
0 0.882812 0.524609 0.120312 0.253125 0.00139904
0 0.874219 0.180127 0.248437 0.326465 0.00110722
1 0.576563 0.819531 0.196094 0.326562 0.728516
0 0.640234 0.168262 0.185156 0.281445 0.65332
1 0.434473 0.701172 0.185742 0.316406 0.587891
0 0.602344 0.439063 0.167187 0.239063 0.544922
1 0.200781 0.637109 0.188672 0.322656 0.533203
1 0.758594 0.333594 0.176563 0.311719 0.410156
0 0.496875 0.305859 0.153125 0.2375 0.387695
0 0.757031 0.334375 0.176563 0.308594 0.362061
0 0.435156 0.702344 0.1875 0.321875 0.270508
0 0.201123 0.636328 0.183691 0.321094 0.254639
1 0.863281 0.819531 0.0765625 0.220313 0.212036
1 0.496484 0.308594 0.157031 0.235938 0.109131
1 0.639453 0.168555 0.185156 0.280859 0.104126
1 0.603906 0.438965 0.172656 0.245508 0.0662231
0 0.903125 0.203711 0.190625 0.262891 0.0505066
1 0.904688 0.202344 0.184375 0.264062 0.0385437
0 0.864062 0.803906 0.075 0.25 0.0204926
1 0.789844 0.80957 0.248437 0.299609 0.0149536
0 0.580078 0.814844 0.189063 0.326562 0.0113297
0 0.824219 0.0481567 0.25625 0.0952881 0.00937653
0 0.527734 0.844531 0.103125 0.209375 0.00677109
0 0.541406 0.297461 0.0609375 0.0996094 0.00481033
1 0.527734 0.844531 0.103125 0.209375 0.00439835
0 0.523438 0.804688 0.09375 0.13125 0.00301552
1 0.762109 0.842188 0.200781 0.315625 0.00275803
1 0.523438 0.804688 0.09375 0.13125 0.0014782
1 0.759375 0.923828 0.184375 0.152344 0.00129414
0 0.860937 0.852344 0.078125 0.121875 0.0012846
1 0.595312 0.721484 0.126563 0.152344 0.00125504
1 0.873438 0.522656 0.128125 0.260156 0.00124931
0 0.874805 0.175244 0.244141 0.326074 0.00123501
0 0.967188 0.397754 0.065625 0.118555 0.0011158
1 0.576563 0.817969 0.201562 0.334375 0.705078
0 0.644531 0.166016 0.183594 0.288281 0.525391
1 0.4375 0.701172 0.188281 0.321094 0.519531
0 0.202539 0.637109 0.183594 0.324219 0.46875
0 0.608594 0.443652 0.175 0.248633 0.394287
0 0.503125 0.307422 0.157813 0.236719 0.388672
0 0.758594 0.340625 0.178125 0.319531 0.377441
1 0.757422 0.341797 0.177344 0.326562 0.355713
1 0.202686 0.636719 0.189941 0.321875 0.345947
0 0.437891 0.70625 0.188281 0.328125 0.23584
1 0.641406 0.166602 0.185937 0.282422 0.149048
1 0.498437 0.310742 0.160156 0.236328 0.119385
1 0.613281 0.442578 0.185937 0.250781 0.0640869
1 0.865625 0.8 0.0765625 0.260938 0.0228882
0 0.542188 0.296875 0.0640625 0.09375 0.00993347
0 0.577734 0.821094 0.197656 0.3375 0.00847626
0 0.867188 0.789844 0.078125 0.282813 0.00837708
1 0.788867 0.830859 0.244141 0.338281 0.00605011
1 0.882812 0.524609 0.120312 0.253125 0.00602722
1 0.867188 0.835938 0.075 0.19375 0.00548935
0 0.866406 0.833594 0.08125 0.196875 0.00411606
0 0.844531 0.0492676 0.228125 0.0936523 0.00237846
1 0.542188 0.296875 0.0640625 0.09375 0.00154877
0 0.882812 0.524609 0.120312 0.253125 0.00138855
0 0.874219 0.180078 0.248437 0.326562 0.00110722
