1 0.512109 0.508203 0.803906 0.874219 0.169434
0 0.531152 0.687891 0.712695 0.566406 0.165283
0 0.504785 0.509375 0.79668 0.8625 0.157104
0 0.652344 0.53125 0.514063 0.85 0.118408
0 0.323047 0.509375 0.464063 0.853125 0.0846558
1 0.323047 0.509375 0.464063 0.853125 0.032959
1 0.531152 0.687891 0.712695 0.566406 0.0205688
0 0.744922 0.521094 0.339844 0.839063 0.0185394
0 0.225781 0.504687 0.271875 0.839063 0.0153046
1 0.652344 0.53125 0.514063 0.85 0.0116425
0 0.294727 0.603809 0.393359 0.706445 0.00784302
0 0.796875 0.526563 0.240625 0.825 0.00653839
0 0.395703 0.712891 0.588281 0.510156 0.00624084
0 0.159375 0.568359 0.145313 0.624219 0.00547028
0 0.333203 0.684375 0.440625 0.553125 0.00534439
0 0.114063 0.522656 0.0662109 0.485156 0.00488663
1 0.505371 0.367188 0.756445 0.603906 0.00382423
0 0.151758 0.445703 0.121484 0.419531 0.00299263
1 0.744922 0.521094 0.339844 0.839063 0.00251198
1 0.267773 0.537402 0.341016 0.798633 0.00248146
0 0.505371 0.367188 0.756445 0.603906 0.00177479
0 0.64209 0.147852 0.54707 0.295703 0.0016613
0 0.725391 0.144922 0.549219 0.289844 0.00161076
0 0.987109 0.321875 0.0257812 0.417188 0.00159168
0 0.109473 0.446973 0.0527344 0.418555 0.00157356
0 0.805469 0.896094 0.389062 0.207813 0.00154305
0 0.191797 0.901172 0.383594 0.197656 0.00150681
0 0.122949 0.896094 0.245898 0.207813 0.00144386
1 0.904297 0.138672 0.191406 0.277344 0.00142097
0 0.904297 0.138672 0.191406 0.277344 0.00136185
0 0.494141 0.845117 0.705469 0.253516 0.00130463
0 0.162402 0.378809 0.127148 0.39082 0.00127888
0 0.982422 0.464063 0.0351562 0.610937 0.00127411
0 0.630078 0.143066 0.392969 0.208789 0.00126457
0 0.267529 0.439844 0.350879 0.748438 0.0012598
0 0.866406 0.894141 0.267188 0.211719 0.00124931
0 0.0500122 0.457422 0.0923584 0.375 0.00122547
0 0.614453 0.193359 0.517969 0.378906 0.0012207
0 0.0852051 0.892578 0.17041 0.214844 0.0012064
0 0.00856934 0.328467 0.0171387 0.315723 0.00119209
0 0.983594 0.185352 0.0328125 0.370703 0.00118351
0 0.494141 0.0433594 0.755469 0.0867188 0.00116062
0 0.834961 0.181934 0.330078 0.363867 0.00113392
0 0.0532227 0.516016 0.0921875 0.407031 0.00112915
0 0.271875 0.9125 0.328125 0.175 0.0011158
0 0.676562 0.89375 0.55625 0.2125 0.0011034
0 0.00803223 0.401563 0.0160645 0.353906 0.00107765
0 0.0467773 0.398438 0.0935547 0.35 0.00107288
1 0.333203 0.684375 0.440625 0.553125 0.00106907
0 0.203125 0.4625 0.232031 0.664062 0.00106907
0 0.967969 0.515625 0.0640625 0.6875 0.00106049
0 0.17793 0.623828 0.167969 0.582031 0.00105667
0 0.779688 0.140625 0.440625 0.28125 0.00104809
1 0.979688 0.171289 0.040625 0.342578 0.00104809
1 0.436328 0.714063 0.652344 0.503125 0.00104046
0 0.607422 0.13418 0.283594 0.158203 0.00102806
0 0.578906 0.744531 0.628125 0.457812 0.00102425
0 0.94375 0.304102 0.1125 0.397266 0.00102425
0 0.0158691 0.090625 0.0317383 0.18125 0.00101662
1 0.842188 0.896094 0.315625 0.207813 0.00101185
0 0.900781 0.538379 0.198437 0.776367 0.00101185
0 0.777148 0.180957 0.445703 0.361914 0.00100803
0 0.941406 0.882031 0.117188 0.235938 0.00100803
1 0.500781 0.517578 0.825 0.896094 0.887695
0 0.5 0.515234 0.83125 0.889844 0.0368347
0 0.823438 0.467187 0.18125 0.735937 0.00181007
1 0.499219 0.692578 0.814062 0.533594 0.00165462
1 0.823438 0.467187 0.18125 0.735937 0.0014782
1 0.760547 0.506152 0.299219 0.781445 0.00124931
1 0.492969 0.529688 0.8375 0.895312 0.713867
0 0.491016 0.520312 0.828906 0.88125 0.311523
1 0.509375 0.528516 0.81875 0.914844 0.708008
0 0.506641 0.517969 0.816406 0.885938 0.271973
0 0.510156 0.8125 0.839063 0.314063 0.00265312
0 0.670703 0.80918 0.446094 0.316016 0.00115585
1 0.494531 0.516406 0.801562 0.889063 0.830566
0 0.49375 0.515625 0.821875 0.890625 0.144409
1 0.501465 0.515234 0.793945 0.885156 0.904785
0 0.505859 0.522656 0.803906 0.889063 0.0324707
1 0.5 0.519531 0.825 0.904688 0.746094
0 0.492188 0.516797 0.8125 0.896094 0.185303
1 0.501172 0.516406 0.825781 0.879687 0.782227
0 0.501562 0.514063 0.828125 0.88125 0.131592
1 0.50625 0.519531 0.803125 0.892187 0.725586
0 0.5125 0.521094 0.81875 0.901563 0.157349
0 0.298877 0.702344 0.389746 0.5 0.0011158
0 0.503125 0.521875 0.821875 0.89375 0.698242
1 0.499219 0.521484 0.817187 0.892969 0.319092
1 0.506641 0.519531 0.803906 0.892187 0.727051
0 0.5125 0.521094 0.81875 0.901563 0.155029
0 0.298877 0.701563 0.389746 0.5 0.0011158
