1 0.546875 0.387109 0.196875 0.552344 0.21936
1 0.55 0.504004 0.192188 0.749805 0.0808105
1 0.117871 0.346289 0.196289 0.515234 0.0789185
1 0.450684 0.3375 0.37832 0.502344 0.0381165
0 0.617969 0.557813 0.0632813 0.204688 0.0377502
1 0.346094 0.367578 0.146094 0.564844 0.0346069
1 0.378516 0.324023 0.382812 0.477734 0.0273743
0 0.546875 0.387109 0.196875 0.552344 0.0262604
1 0.150195 0.321484 0.257031 0.475781 0.0236053
0 0.118262 0.349609 0.199414 0.477344 0.0197906
1 0.617969 0.557813 0.0632813 0.204688 0.0194244
0 0.0814453 0.376563 0.130859 0.417969 0.0194244
0 0.15957 0.661719 0.204297 0.270312 0.0177155
1 0.0814453 0.376563 0.130859 0.417969 0.0151291
1 0.351562 0.466016 0.111719 0.374219 0.0136871
0 0.55 0.504004 0.192188 0.749805 0.0110703
1 0.386328 0.727344 0.174219 0.414062 0.0110703
1 0.15957 0.661719 0.204297 0.270312 0.00993347
0 0.0584473 0.376172 0.0915039 0.489062 0.00941467
1 0.280078 0.274951 0.185156 0.381348 0.00941467
1 0.601172 0.456641 0.105469 0.485156 0.00941467
1 0.31875 0.277686 0.264062 0.388379 0.00841522
0 0.0503906 0.8625 0.100781 0.275 0.00837708
0 0.402344 0.728906 0.146094 0.384375 0.00806427
1 0.0584473 0.376172 0.0915039 0.489062 0.0077858
0 0.875 0.220117 0.13125 0.440234 0.00751877
0 0.0964844 0.116211 0.192969 0.228516 0.0069313
1 0.570312 0.482715 0.153906 0.631445 0.00641251
0 0.150195 0.321484 0.257031 0.475781 0.00626373
0 0.954687 0.800586 0.090625 0.398828 0.00621796
0 0.351562 0.466016 0.111719 0.374219 0.00544739
1 0.312891 0.370313 0.211719 0.576563 0.0050621
0 0.450684 0.3375 0.37832 0.502344 0.00503922
0 0.601172 0.456641 0.105469 0.485156 0.0049057
1 0.360156 0.514063 0.0820312 0.160938 0.00482941
1 0.613281 0.579687 0.0640625 0.173438 0.00471878
1 0.258154 0.347656 0.213379 0.530469 0.00443268
0 0.8625 0.813867 0.107813 0.350391 0.00439835
0 0.915625 0.539453 0.16875 0.350781 0.00438309
0 0.903125 0.240234 0.153125 0.460156 0.00429916
1 0.41416 0.722656 0.123242 0.392188 0.00424957
1 0.425684 0.652344 0.101758 0.19375 0.00416565
1 0.390625 0.380859 0.0625 0.575 0.00411606
0 0.908594 0.675879 0.182812 0.64043 0.00395966
0 0.8625 0.823633 0.09375 0.246484 0.0039444
0 0.960156 0.9 0.0796875 0.189063 0.00385475
1 0.237891 0.383203 0.0859375 0.144531 0.00383949
1 0.157617 0.445703 0.0902344 0.225781 0.00365067
1 0.259766 0.347656 0.133594 0.496094 0.00352478
1 0.355078 0.539844 0.0796875 0.224219 0.00342941
1 0.860937 0.815625 0.09375 0.25 0.00340271
1 0.602734 0.585938 0.075 0.165625 0.00337601
0 0.289062 0.276172 0.199219 0.378125 0.00332451
0 0.330078 0.278516 0.288281 0.383594 0.00325966
0 0.305908 0.905469 0.306934 0.189063 0.00324821
0 0.636719 0.106836 0.107813 0.213672 0.00317192
1 0.0503906 0.8625 0.100781 0.275 0.00317192
0 0.425684 0.652344 0.101758 0.19375 0.00312424
1 0.314648 0.901563 0.294141 0.196875 0.00311089
0 0.356055 0.726562 0.225391 0.403125 0.00307465
0 0.936719 0.742188 0.126563 0.515625 0.0030632
1 0.0964844 0.116211 0.192969 0.228516 0.00293541
0 0.537109 0.910547 0.166406 0.178906 0.00292397
0 0.8875 0.707812 0.15625 0.4625 0.00290108
0 0.602734 0.585938 0.075 0.165625 0.00273705
1 0.251953 0.352148 0.114844 0.214453 0.00261116
0 0.346094 0.367578 0.146094 0.564844 0.00260162
1 0.266016 0.520312 0.0929687 0.14375 0.00260162
0 0.0415527 0.663281 0.0658203 0.257812 0.00257111
0 0.971094 0.718359 0.0578125 0.563281 0.00247192
1 0.957422 0.895312 0.0851562 0.196875 0.00245285
0 0.73125 0.866797 0.153125 0.266406 0.00243378
1 0.334766 0.735937 0.25625 0.396875 0.00240517
0 0.237891 0.383203 0.0859375 0.144531 0.00235939
1 0.908594 0.675879 0.182812 0.64043 0.00234985
1 0.88125 0.223828 0.134375 0.441406 0.00233269
0 0.910937 0.354688 0.1625 0.709375 0.00230598
0 0.964063 0.766016 0.071875 0.467969 0.00230598
1 0.538281 0.900781 0.185156 0.198437 0.00228691
0 0.0663086 0.870703 0.132617 0.258594 0.00222588
1 0.954687 0.800586 0.090625 0.398828 0.00221634
0 0.982031 0.406152 0.0359375 0.38457 0.00215721
1 0.983594 0.367773 0.0328125 0.631641 0.00214958
0 0.570312 0.482715 0.153906 0.631445 0.00211525
0 0.764063 0.576563 0.126563 0.3125 0.00211525
0 0.983594 0.367773 0.0328125 0.631641 0.00210762
0 0.0801758 0.891406 0.160352 0.217187 0.00209999
0 0.0457031 0.619531 0.0722656 0.323438 0.00206757
0 0.613281 0.579687 0.0640625 0.173438 0.0020504
0 0.349219 0.535937 0.107813 0.222656 0.0020504
1 0.28125 0.350195 0.120312 0.217578 0.00202751
0 0.985156 0.185547 0.0296875 0.371094 0.00200272
1 0.519922 0.342187 0.234375 0.503906 0.00197983
0 0.251953 0.352148 0.114844 0.214453 0.00195694
1 0.124194 0.460059 0.18833 0.683008 0.00195694
1 0.337109 0.537891 0.11875 0.225 0.00195694
1 0.0576172 0.460938 0.0808594 0.253906 0.00194168
0 0.378516 0.324023 0.382812 0.477734 0.00193405
0 0.91875 0.43584 0.1625 0.554883 0.00192642
0 0.0485352 0.485938 0.0802734 0.449219 0.00191212
1 0.286523 0.734375 0.189453 0.385938 0.00190449
1 0.915625 0.539453 0.16875 0.350781 0.00189686
1 0.258545 0.719531 0.292285 0.409375 0.00188923
0 0.0445312 0.479297 0.0619141 0.240625 0.00188255
0 0.933203 0.191797 0.133594 0.383594 0.00183868
0 0.0112305 0.668359 0.0224609 0.238281 0.00183105
0 0.0441895 0.824219 0.087793 0.335938 0.00183105
0 0.657812 0.245312 0.129688 0.342969 0.00183105
0 0.96875 0.914844 0.0625 0.167187 0.00182438
0 0.970312 0.184766 0.059375 0.369531 0.0018034
0 0.753906 0.296533 0.101562 0.378809 0.00176144
0 0.75625 0.281592 0.090625 0.25791 0.0017271
0 0.716406 0.299268 0.120312 0.380371 0.00170708
1 0.982031 0.406152 0.0359375 0.38457 0.0017004
0 0.903125 0.792383 0.171875 0.415234 0.00169373
1 0.167773 0.430859 0.0742188 0.203125 0.00167465
1 0.8875 0.707812 0.15625 0.4625 0.00166798
0 0.957812 0.876367 0.084375 0.219141 0.00165462
0 0.717969 0.835547 0.142188 0.328906 0.00161648
0 0.232031 0.897266 0.271484 0.205469 0.00161648
0 0.284766 0.767187 0.201562 0.329688 0.0015974
0 0.745703 0.825781 0.117969 0.348437 0.00157928
1 0.917188 0.372266 0.165625 0.744531 0.00157356
0 0.870313 0.142188 0.13125 0.284375 0.00154877
0 0.00827637 0.119238 0.0165527 0.238477 0.00154877
1 0.238623 0.529688 0.133691 0.207813 0.00154305
1 0.970312 0.184766 0.059375 0.369531 0.00153065
0 0.957031 0.855273 0.0859375 0.289453 0.00153065
1 0.419531 0.691016 0.0898438 0.260156 0.00148964
1 0.0485352 0.485938 0.0802734 0.449219 0.00148964
1 0.00926514 0.459375 0.0185303 0.4 0.0014782
0 0.364453 0.905469 0.317969 0.189063 0.00147247
1 0.0441895 0.824219 0.087793 0.335938 0.00146675
1 0.971094 0.718359 0.0578125 0.563281 0.00146103
0 0.975391 0.621875 0.0492188 0.678125 0.00144386
0 0.423438 0.113477 0.350781 0.226953 0.00143242
1 0.236914 0.908594 0.311328 0.182812 0.00141048
1 0.0350098 0.887109 0.0700195 0.225781 0.00138855
1 0.441406 0.494922 0.103125 0.674219 0.00138855
0 0.125977 0.870703 0.239844 0.258594 0.00138855
0 0.320117 0.764063 0.276953 0.371875 0.00138855
0 0.0251709 0.720312 0.0503418 0.254687 0.00136662
1 0.365234 0.291602 0.5125 0.407422 0.00135612
1 0.0602661 0.419141 0.0806396 0.364062 0.00135612
1 0.00981445 0.557031 0.0196289 0.339063 0.00135612
0 0.979688 0.473828 0.040625 0.314844 0.00134563
1 0.8625 0.813867 0.107813 0.350391 0.00134087
1 0.512891 0.701563 0.0765625 0.201562 0.00133038
1 0.657812 0.245312 0.129688 0.342969 0.00132465
1 0.394141 0.896094 0.375781 0.207813 0.00132465
0 0.639063 0.191846 0.119531 0.359277 0.00132465
1 0.445312 0.65 0.071875 0.185937 0.00131989
0 0.0672363 0.143359 0.134473 0.275 0.00131989
1 0.75625 0.281592 0.090625 0.25791 0.00131512
1 0.716406 0.299268 0.120312 0.380371 0.00131512
0 0.68125 0.889844 0.132812 0.220313 0.00129414
1 0.0107178 0.638281 0.0214355 0.242188 0.00128937
0 0.258545 0.719531 0.292285 0.409375 0.0012846
1 0.985156 0.185547 0.0296875 0.371094 0.00127888
0 0.390625 0.380859 0.0625 0.575 0.00127411
1 0.964063 0.766016 0.071875 0.467969 0.00127411
1 0.936719 0.742188 0.126563 0.515625 0.00127411
0 0.904688 0.815234 0.132812 0.369531 0.00126934
1 0.975391 0.621875 0.0492188 0.678125 0.00126457
1 0.0415527 0.663281 0.0658203 0.257812 0.00125504
1 0.00830078 0.382715 0.0166016 0.381445 0.00124454
0 0.259766 0.347656 0.133594 0.496094 0.00124454
0 0.559766 0.898438 0.194531 0.203125 0.00123978
1 0.00827637 0.119238 0.0165527 0.238477 0.00123501
1 0.0729492 0.892187 0.145898 0.215625 0.00122547
0 0.826563 0.223047 0.090625 0.446094 0.0012064
1 0.0457031 0.619531 0.0722656 0.323438 0.0012064
1 0.178467 0.719531 0.214941 0.434375 0.0012064
0 0.105078 0.152441 0.210156 0.304883 0.00119686
0 0.178467 0.719531 0.214941 0.434375 0.00119686
0 0.974609 0.54375 0.0507812 0.453125 0.00119686
0 0.180518 0.892969 0.349902 0.214062 0.0011692
0 0.28125 0.350195 0.120312 0.217578 0.0011692
1 0.764063 0.576563 0.126563 0.3125 0.00116539
1 0.17207 0.480078 0.23125 0.633594 0.00115585
1 0.903125 0.240234 0.153125 0.460156 0.00115108
0 0.00981445 0.557031 0.0196289 0.339063 0.00115108
0 0.0113525 0.814062 0.0227051 0.371875 0.0011425
0 0.132715 0.755469 0.189258 0.442187 0.00113773
0 0.013916 0.862305 0.027832 0.275391 0.00113392
0 0.530078 0.869922 0.15 0.260156 0.00112057
0 0.797656 0.826367 0.139062 0.347266 0.00112057
0 0.93125 0.356641 0.1375 0.633594 0.00110722
1 0.63125 0.108301 0.105469 0.216602 0.0011034
0 0.404785 0.154077 0.32168 0.185596 0.00109005
0 0.75625 0.157617 0.09375 0.315234 0.00109005
0 0.78457 0.551562 0.108984 0.332812 0.00107288
0 0.157617 0.445703 0.0902344 0.225781 0.00107288
0 0.49375 0.10127 0.20625 0.202539 0.00107288
0 0.419531 0.691016 0.0898438 0.260156 0.00106907
1 0.30957 0.82207 0.293359 0.355859 0.00106049
0 0.105176 0.78125 0.175195 0.390625 0.00105667
1 0.515625 0.690625 0.114063 0.28125 0.00105667
1 0.717969 0.897656 0.167187 0.204688 0.00105286
0 0.00802002 0.355469 0.01604 0.35625 0.00104809
0 0.00926514 0.459375 0.0185303 0.4 0.00104427
1 0.59375 0.625391 0.075 0.196094 0.00102806
0 0.989844 0.928906 0.0203125 0.142188 0.00101662
1 0.331641 0.513672 0.613281 0.855469 0.871582
0 0.625391 0.229102 0.120312 0.137109 0.320068
0 0.758203 0.230859 0.105469 0.160547 0.0600891
1 0.625391 0.229102 0.120312 0.137109 0.0413208
1 0.120898 0.216016 0.241797 0.432031 0.0241852
1 0.758203 0.230859 0.105469 0.160547 0.0116425
0 0.0604492 0.869531 0.114453 0.248437 0.00978088
1 0.122266 0.153125 0.244531 0.304688 0.00974274
1 0.91875 0.500391 0.15625 0.190625 0.00905609
0 0.332617 0.525 0.623828 0.853125 0.00602722
1 0.12207 0.108594 0.244141 0.214844 0.00579834
0 0.653125 0.106274 0.129688 0.159326 0.00575256
0 0.864062 0.789844 0.1125 0.217187 0.00508118
1 0.101367 0.845312 0.202734 0.309375 0.00479126
0 0.91875 0.500391 0.15625 0.190625 0.00452042
1 0.817969 0.370703 0.351562 0.68125 0.00443268
1 0.0681152 0.850195 0.13623 0.299609 0.00382423
1 0.860937 0.784375 0.10625 0.21875 0.00345612
1 0.954687 0.812891 0.090625 0.374219 0.00305176
1 0.917969 0.630078 0.164062 0.667969 0.00294685
0 0.12207 0.108594 0.244141 0.214844 0.00266266
0 0.120898 0.216016 0.241797 0.432031 0.00244331
0 0.954687 0.812891 0.090625 0.374219 0.00234222
1 0.851562 0.140039 0.08125 0.279297 0.00212479
0 0.978125 0.447559 0.04375 0.24082 0.00189686
1 0.960156 0.453027 0.0796875 0.776758 0.00183868
1 0.638672 0.230078 0.139062 0.203906 0.0018034
1 0.944531 0.541016 0.110937 0.777344 0.00178242
1 0.971094 0.389453 0.0578125 0.727344 0.00170708
0 0.0547363 0.235352 0.109473 0.349609 0.00168705
1 0.884375 0.166699 0.114063 0.23418 0.0016489
1 0.0604492 0.869531 0.114453 0.248437 0.0015974
0 0.0681152 0.850195 0.13623 0.299609 0.00159168
1 0.653125 0.106274 0.129688 0.159326 0.00157356
0 0.0454102 0.249951 0.0908203 0.256348 0.00156116
1 0.225 0.525391 0.420312 0.855469 0.00155449
1 0.923437 0.303906 0.153125 0.179688 0.00155449
1 0.903125 0.187549 0.1125 0.205371 0.00153637
1 0.916406 0.329883 0.167187 0.143359 0.0014782
0 0.122266 0.153125 0.244531 0.304688 0.00144386
1 0.733594 0.281445 0.120312 0.224609 0.00141048
0 0.635938 0.177783 0.126563 0.23584 0.00139904
0 0.733594 0.281445 0.120312 0.224609 0.00135612
0 0.558594 0.910937 0.182812 0.175 0.00134087
1 0.0681641 0.785937 0.136328 0.421875 0.00133514
1 0.732813 0.763281 0.0875 0.096875 0.00133038
1 0.917969 0.467969 0.164062 0.857813 0.00129414
1 0.736719 0.74375 0.1 0.123438 0.00125504
1 0.803125 0.304297 0.385938 0.458594 0.00119686
1 0.558594 0.910937 0.182812 0.175 0.00117397
0 0.101367 0.845312 0.202734 0.309375 0.0011425
1 0.935938 0.209766 0.084375 0.177734 0.00108624
1 0.914062 0.158398 0.171875 0.316797 0.00108147
1 0.831641 0.161133 0.336719 0.322266 0.00106907
1 0.978125 0.447559 0.04375 0.24082 0.00105667
1 0.334766 0.542188 0.619531 0.889063 0.89502
1 0.567187 0.561719 0.164062 0.178125 0.0469055
0 0.951563 0.892187 0.0921875 0.2 0.0467224
0 0.667969 0.84375 0.040625 0.0875 0.0422363
1 0.951563 0.892187 0.0921875 0.2 0.0334778
1 0.507422 0.682813 0.075 0.107813 0.018692
1 0.517187 0.692578 0.102344 0.09375 0.0165253
1 0.547266 0.721094 0.158594 0.15625 0.0136871
1 0.586719 0.571875 0.109375 0.175 0.011734
0 0.673047 0.8375 0.0484375 0.109375 0.00841522
0 0.953125 0.0762207 0.0796875 0.152441 0.00757599
0 0.975781 0.462891 0.0484375 0.26875 0.00725937
0 0.950781 0.13623 0.0921875 0.256445 0.00701141
1 0.548437 0.544531 0.2 0.154687 0.0068512
0 0.671875 0.835938 0.05 0.06875 0.00605011
1 0.554688 0.54375 0.195312 0.214062 0.00521851
1 0.539062 0.740234 0.154687 0.130469 0.00518036
1 0.501953 0.697266 0.0992187 0.08125 0.0046463
1 0.658984 0.836719 0.0757812 0.120312 0.00445175
1 0.50625 0.676562 0.107031 0.10625 0.00387001
0 0.0374512 0.846484 0.0706055 0.307031 0.00337601
0 0.769922 0.575391 0.121094 0.145313 0.00324821
1 0.0712891 0.8375 0.142578 0.325 0.00312424
1 0.0374512 0.846484 0.0706055 0.307031 0.00298119
1 0.578125 0.527734 0.140625 0.274219 0.00265312
0 0.696094 0.914062 0.0546875 0.078125 0.00264168
1 0.535547 0.567187 0.185937 0.1125 0.00263214
1 0.507812 0.660156 0.09375 0.145313 0.00261116
1 0.953125 0.0762207 0.0796875 0.152441 0.00250244
1 0.642969 0.83418 0.109375 0.128516 0.00239754
1 0.950781 0.13623 0.0921875 0.256445 0.00232315
1 0.419531 0.635938 0.107031 0.154687 0.00230598
1 0.667969 0.84375 0.040625 0.0875 0.00229645
1 0.567969 0.696875 0.201562 0.139062 0.00229645
0 0.0592285 0.854688 0.118457 0.290625 0.00227928
1 0.546875 0.582812 0.15625 0.114063 0.00224304
0 0.58125 0.561328 0.123438 0.188281 0.00224304
1 0.55 0.479785 0.190625 0.37793 0.00215721
0 0.979688 0.44375 0.034375 0.184375 0.00209999
1 0.51875 0.542969 0.166406 0.1125 0.00201988
1 0.536328 0.513672 0.217969 0.121094 0.00198746
0 0.658984 0.836719 0.0757812 0.120312 0.00193405
1 0.892187 0.168164 0.20625 0.256641 0.00193405
1 0.301367 0.254687 0.441016 0.332031 0.00189686
1 0.0838867 0.894922 0.167773 0.210156 0.00174809
0 0.727344 0.755078 0.090625 0.0539063 0.0017271
0 0.575 0.75 0.0734375 0.104687 0.00165462
0 0.973437 0.436816 0.05 0.207617 0.0016489
0 0.666406 0.826563 0.053125 0.107813 0.0015974
0 0.0856445 0.120605 0.166016 0.233008 0.00159168
0 0.617969 0.948438 0.0382813 0.1 0.00158501
0 0.632031 0.816406 0.0671875 0.075 0.00154877
0 0.628125 0.235107 0.125 0.138379 0.00153637
0 0.698047 0.925 0.0507812 0.0578125 0.00153637
1 0.770703 0.58125 0.117969 0.140625 0.00151253
0 0.508594 0.678906 0.0375 0.128125 0.00145531
0 0.7 0.827344 0.0390625 0.153125 0.0014267
1 0.975781 0.462891 0.0484375 0.26875 0.00142097
0 0.694531 0.853906 0.021875 0.160938 0.00127888
0 0.716016 0.838281 0.0484375 0.101562 0.0012598
1 0.692187 0.928125 0.0578125 0.059375 0.00119686
1 0.0601562 0.868945 0.119727 0.255859 0.00119209
0 0.478516 0.943359 0.0546875 0.113281 0.00116062
1 0.515625 0.582422 0.120312 0.0945313 0.00110722
1 0.63125 0.820312 0.129688 0.0984375 0.00109863
1 0.0856445 0.120605 0.166016 0.233008 0.00104809
0 0.88125 0.835938 0.065625 0.0875 0.00103188
1 0.442187 0.640234 0.09375 0.13125 0.00102806
1 0.727344 0.755078 0.090625 0.0539063 0.00102425
0 0.592188 0.601562 0.0546875 0.146875 0.00101662
1 0.979297 0.421777 0.0414063 0.343945 0.00101185
1 0.326953 0.528125 0.611719 0.889063 0.888184
0 0.246436 0.849219 0.237598 0.132812 0.0105286
0 0.0505371 0.860937 0.0977539 0.278125 0.00978088
1 0.231641 0.726562 0.4125 0.376563 0.00945282
0 0.958594 0.87168 0.0828125 0.256641 0.00919342
1 0.576563 0.532031 0.140625 0.246875 0.00471878
1 0.375391 0.924219 0.647656 0.151562 0.00460815
0 0.272266 0.946094 0.172656 0.0484375 0.00307465
0 0.328125 0.529688 0.622656 0.89375 0.00300407
1 0.18125 0.708594 0.320312 0.339063 0.00290108
1 0.798828 0.457812 0.402344 0.834375 0.00219917
1 0.246436 0.849219 0.237598 0.132812 0.00198746
0 0.270312 0.959375 0.153125 0.053125 0.00192642
0 0.231641 0.726562 0.4125 0.376563 0.00186062
0 0.279297 0.985547 0.0796875 0.0289063 0.00185299
1 0.640234 0.225342 0.144531 0.142285 0.00175476
1 0.958594 0.87168 0.0828125 0.256641 0.00174141
1 0.326172 0.392871 0.600781 0.598633 0.0017271
1 0.201172 0.773438 0.361719 0.320312 0.00160408
0 0.952344 0.8125 0.0953125 0.375 0.00158501
0 0.979688 0.872461 0.040625 0.255078 0.00138855
0 0.18125 0.708594 0.320312 0.339063 0.00134087
0 0.244141 0.964844 0.157813 0.06875 0.00127411
0 0.0416992 0.882812 0.0806641 0.234375 0.00122547
0 0.380078 0.957031 0.0875 0.075 0.00116062
1 0.953906 0.844336 0.0921875 0.311328 0.00114727
0 0.282813 0.939844 0.151562 0.065625 0.00109863
0 0.205664 0.985937 0.124219 0.028125 0.00105667
0 0.26543 0.951563 0.135547 0.046875 0.00104809
1 0.0505371 0.860937 0.0977539 0.278125 0.00102425
1 0.341211 0.521484 0.623828 0.878906 0.872559
1 0.582812 0.882031 0.235938 0.225 0.277588
1 0.728516 0.759766 0.0835937 0.0960938 0.0869141
1 0.865625 0.778906 0.107813 0.223438 0.0710449
1 0.916406 0.504297 0.167187 0.385156 0.0545959
1 0.236328 0.722266 0.472656 0.391406 0.0388184
1 0.717969 0.93125 0.1625 0.13125 0.024704
0 0.728125 0.930469 0.15625 0.139062 0.0243378
1 0.952344 0.878125 0.0953125 0.225 0.0240479
0 0.980469 0.463281 0.0390625 0.134375 0.0232391
1 0.769531 0.305078 0.235938 0.438281 0.0186157
0 0.990625 0.470313 0.01875 0.205469 0.0181885
0 0.582812 0.882031 0.235938 0.225 0.018158
1 0.921875 0.425 0.15625 0.557813 0.0153656
1 0.771484 0.270703 0.346094 0.505469 0.0153656
0 0.979688 0.441797 0.040625 0.142188 0.0133286
1 0.914062 0.665234 0.171875 0.616406 0.0107803
1 0.514844 0.392578 0.265625 0.53125 0.00959778
0 0.973828 0.473047 0.0523437 0.304688 0.00941467
1 0.566406 0.916406 0.1625 0.154687 0.0088501
1 0.562109 0.510254 0.175781 0.28418 0.00881195
0 0.949219 0.885156 0.101562 0.210938 0.00861359
0 0.984375 0.482422 0.03125 0.180469 0.00803375
0 0.925781 0.653906 0.148438 0.167187 0.00775528
0 0.729297 0.749219 0.0867188 0.0859375 0.00698471
1 0.9125 0.528906 0.140625 0.240625 0.00669098
1 0.978906 0.399121 0.0421875 0.587695 0.0064888
1 0.53125 0.471484 0.23125 0.364844 0.00638962
1 0.725781 0.415527 0.139062 0.229883 0.00547028
0 0.341797 0.519922 0.632031 0.882031 0.00542831
0 0.864062 0.778125 0.1125 0.225 0.00494385
1 0.070752 0.835742 0.132715 0.325391 0.00441742
0 0.998438 0.514063 0.003125 0.220313 0.00431442
1 0.333203 0.352344 0.617969 0.53125 0.0042305
0 0.0616211 0.857617 0.123242 0.284766 0.00419998
1 0.8125 0.757812 0.05625 0.245312 0.00366402
0 0.990625 0.512891 0.01875 0.229687 0.00355148
1 0.635156 0.228516 0.135937 0.145703 0.00352478
0 0.978516 0.469531 0.0429688 0.409375 0.00337601
0 0.73125 0.76875 0.0875 0.06875 0.00329781
1 0.925781 0.653906 0.148438 0.167187 0.00327301
1 0.508984 0.734375 0.0882813 0.220313 0.00319672
0 1 0.661328 0 0.239844 0.00307465
0 1 0.573438 0 0.239063 0.00302696
1 0.964453 0.472656 0.0710938 0.584375 0.00290108
0 0.916406 0.504297 0.167187 0.385156 0.00268364
1 0.823047 0.273633 0.353906 0.469141 0.0026722
1 0.973828 0.473047 0.0523437 0.304688 0.00256157
0 0.997656 0.475684 0.0046875 0.220508 0.00254059
1 0.511719 0.735156 0.132031 0.239063 0.00253105
1 0.939844 0.78125 0.120312 0.432813 0.00243378
1 0.751562 0.834375 0.096875 0.0890625 0.00240517
0 0.657031 0.998438 0.164062 0.003125 0.00234222
0 0.976172 0.435937 0.0476562 0.125 0.00222588
1 0.873438 0.787695 0.11875 0.383984 0.00209045
1 0.980469 0.463281 0.0390625 0.134375 0.00203514
0 0.694531 0.917969 0.0640625 0.090625 0.00185299
0 0.998438 0.658594 0.003125 0.44375 0.00181007
1 0.334375 0.276758 0.613281 0.374609 0.00178909
1 0.629687 0.89375 0.21875 0.203125 0.00176144
0 1 0.435547 0 0.239844 0.00174141
1 0.0899414 0.811719 0.170898 0.375 0.00172043
1 0.990625 0.475098 0.01875 0.224805 0.0017004
0 1 0.710938 0 0.239063 0.00168705
0 1 0.760547 0 0.239844 0.00166798
0 1 0.510156 0 0.239063 0.00164223
0 0.973437 0.41875 0.053125 0.120312 0.00162315
0 0.998438 0.539844 0.003125 0.214062 0.0015974
0 1 0.907812 0 0.184375 0.00156689
0 0.0796875 0.827344 0.152344 0.34375 0.00154877
1 0.823438 0.770703 0.05 0.227344 0.00144386
1 0.522656 0.724219 0.117188 0.19375 0.0014267
1 0.60625 0.875195 0.378125 0.246484 0.00141048
0 0.205811 0.997656 0.15791 0.0046875 0.00140476
1 0.513281 0.696094 0.0796875 0.132812 0.00139904
0 0.705859 0.998438 0.171094 0.003125 0.00139904
0 0.857813 0.361914 0.0546875 0.144922 0.00138855
1 0.713281 0.759375 0.0890625 0.103125 0.00137806
1 0.979688 0.441797 0.040625 0.142188 0.00135612
1 0.374023 0.666016 0.200391 0.225781 0.00135612
0 0.562109 0.510254 0.175781 0.28418 0.00134563
0 0.0871094 0.0925781 0.174219 0.184375 0.00131989
0 0.677734 0.848437 0.0570313 0.1 0.00129414
0 0.878906 0.94375 0.125 0.109375 0.00128937
0 1 0.836133 0 0.240234 0.00127411
0 0.817969 0.998438 0.171875 0.003125 0.00124931
1 1 0.573438 0 0.239063 0.00117397
0 1 0.148047 0 0.239453 0.0011158
1 0.873438 0.735156 0.14375 0.385938 0.00110722
1 0.740625 0.388281 0.15625 0.175781 0.00109482
1 0.975391 0.441797 0.0492188 0.441406 0.00109005
0 0.635156 0.228516 0.135937 0.145703 0.00108147
1 0.399316 0.939062 0.257617 0.109375 0.00106525
0 0.845312 0.369922 0.028125 0.134375 0.00104809
1 1 0.661328 0 0.239844 0.00103664
1 0.117383 0.482031 0.205859 0.421875 0.00100803
1 0.330273 0.535547 0.644141 0.913281 0.91748
1 0.242578 0.710156 0.454688 0.423438 0.033905
1 0.921875 0.528906 0.140625 0.275781 0.0233307
1 0.828906 0.323438 0.342187 0.514063 0.0165863
0 0.732031 0.752734 0.0765625 0.0992187 0.0164642
1 0.919531 0.551172 0.160938 0.344531 0.00473785
1 0.373828 0.914062 0.492969 0.171875 0.00399017
1 0.914062 0.499219 0.171875 0.39375 0.00353813
0 0.336719 0.53125 0.620313 0.914062 0.00314713
1 0.732422 0.754687 0.0867188 0.1 0.0027256
1 0.441016 0.895312 0.749219 0.209375 0.00239754
0 0.726172 0.932031 0.167969 0.135937 0.00212479
1 0.846094 0.255664 0.30625 0.444141 0.00209045
1 0.553906 0.739844 0.103125 0.151562 0.00192642
1 0.402344 0.928125 0.594531 0.14375 0.0017271
1 0.834961 0.434473 0.330078 0.74668 0.00162315
1 0.953906 0.8375 0.0921875 0.307813 0.00158501
0 0.920703 0.541406 0.158594 0.321875 0.00151253
1 0.873828 0.576172 0.252344 0.36875 0.00146675
0 0.957812 0.857813 0.084375 0.26875 0.00141048
0 0.242578 0.710156 0.454688 0.423438 0.00107288
1 0.9375 0.774219 0.125 0.45 0.00103188
1 0.339844 0.527734 0.635938 0.867969 0.902832
1 0.917969 0.556641 0.15 0.261719 0.139404
1 0.519531 0.726562 0.125 0.189063 0.108948
1 0.728906 0.932813 0.148438 0.128125 0.0409851
0 0.730078 0.93125 0.155469 0.135937 0.0390625
1 0.530469 0.741406 0.158594 0.140625 0.0354004
1 0.572656 0.903906 0.153125 0.192188 0.0299835
1 0.409766 0.922656 0.180469 0.146875 0.0204163
1 0.514844 0.719531 0.0875 0.176563 0.0200958
1 0.8625 0.792188 0.10625 0.240625 0.0131683
0 0.0910156 0.111328 0.175781 0.219531 0.0053215
1 0.50625 0.739453 0.121875 0.157031 0.0046463
0 0.957422 0.868945 0.0851562 0.252734 0.00413513
1 0.909375 0.688281 0.175 0.565625 0.00365067
1 0.516016 0.698438 0.0789063 0.13125 0.00348282
1 0.954687 0.892969 0.0875 0.210938 0.00340271
1 0.436328 0.925 0.1375 0.140625 0.00329781
1 0.726172 0.762109 0.0851562 0.0835937 0.00314713
1 0.972656 0.455078 0.0546875 0.757031 0.00313568
1 0.920313 0.528125 0.13125 0.204688 0.00291252
0 0.8625 0.792188 0.10625 0.240625 0.00284576
1 0.910937 0.559375 0.175 0.8 0.0027256
0 0.342969 0.517969 0.6375 0.870313 0.00265312
1 0.239648 0.733984 0.420703 0.380469 0.0024929
1 0.554688 0.445215 0.203125 0.431445 0.00244331
1 0.278125 0.541797 0.090625 0.147656 0.00236893
0 0.100366 0.0824219 0.195361 0.157422 0.00221634
0 0.989844 0.476562 0.0203125 0.210156 0.00219917
0 0.917188 0.560938 0.146875 0.246875 0.00214958
1 0.545313 0.758594 0.13125 0.104687 0.00200272
1 0.563672 0.88125 0.161719 0.15625 0.0019722
1 0.40625 0.641016 0.148438 0.176563 0.00185299
1 0.975391 0.416406 0.0492188 0.45625 0.00176811
0 0.409766 0.922656 0.180469 0.146875 0.00176811
1 0.542188 0.904297 0.153125 0.191406 0.00171375
1 0.149805 0.676172 0.227344 0.257031 0.0016613
1 0.274805 0.582422 0.0984375 0.191406 0.00162315
1 0.576563 0.524609 0.115625 0.267188 0.00158501
0 0.728125 0.750781 0.084375 0.084375 0.00129414
0 0.0169189 0.0522461 0.0338379 0.1 0.00125504
1 0.326172 0.679297 0.600781 0.492969 0.00125504
0 0.946875 0.896094 0.0875 0.203125 0.00123501
1 0.945312 0.726562 0.109375 0.5375 0.00119686
1 0.47334 0.374902 0.351758 0.581445 0.00113773
0 0.954687 0.826172 0.0875 0.347656 0.00113392
1 0.407031 0.68125 0.142188 0.259375 0.00113392
1 0.217383 0.601953 0.189063 0.157813 0.00112057
1 0.954687 0.826172 0.0875 0.347656 0.00105286
0 0.975391 0.416406 0.0492188 0.45625 0.00103188
1 0.338867 0.512109 0.629297 0.853906 0.885254
1 0.653516 0.399609 0.680469 0.786719 0.00821686
1 0.25 0.723828 0.449219 0.396094 0.00815582
0 0.093457 0.1 0.186914 0.197266 0.00636292
1 0.9125 0.544922 0.16875 0.267969 0.00527954
1 0.428125 0.659375 0.123438 0.192188 0.00521851
1 0.0628418 0.795508 0.121582 0.405859 0.00402451
0 0.99375 0.470996 0.0125 0.248633 0.0029583
1 0.806055 0.487891 0.387891 0.910156 0.00284576
0 0.982813 0.446094 0.03125 0.20625 0.00275803
0 0.985937 0.460547 0.0234375 0.210156 0.00247192
1 0.560156 0.755469 0.0929687 0.110937 0.00237846
1 0.94375 0.74375 0.1125 0.498437 0.00234222
1 0.553906 0.492578 0.203125 0.333594 0.00234222
1 0.5875 0.532031 0.126563 0.253906 0.00230598
0 0.0611328 0.814844 0.120117 0.365625 0.00226974
0 0.675 0.829687 0.053125 0.096875 0.00221634
1 0.530859 0.446094 0.242188 0.429688 0.00221634
0 0.736719 0.933594 0.142188 0.13125 0.00221634
0 0.978125 0.428906 0.040625 0.213281 0.00219917
1 0.575 0.920313 0.15625 0.153125 0.00203514
1 0.901563 0.539453 0.19375 0.830469 0.00194168
1 0.791211 0.390723 0.417578 0.626367 0.00163555
1 0.417188 0.68125 0.133594 0.25625 0.00156116
0 0.728516 0.742969 0.078125 0.0875 0.00144386
0 0.338867 0.512109 0.629297 0.853906 0.00137806
1 0.676172 0.835938 0.05625 0.1125 0.0011692
0 0.949219 0.745313 0.101562 0.496875 0.0011425
1 0.605469 0.7375 0.328125 0.525 0.0011425
0 0.977344 0.410937 0.0453125 0.209375 0.00112915
1 0.110352 0.106152 0.218359 0.205273 0.00112057
0 0.992969 0.438184 0.0140625 0.237695 0.00109005
1 0.338672 0.527344 0.625 0.885938 0.902832
0 0.0907227 0.104492 0.17832 0.205078 0.012825
1 0.249219 0.718359 0.451562 0.421094 0.00959778
0 0.73125 0.93125 0.153125 0.1375 0.00837708
1 0.73125 0.93125 0.153125 0.1375 0.00651169
0 0.336914 0.54375 0.621484 0.909375 0.00256157
1 0.557031 0.747656 0.10625 0.134375 0.00255013
1 0.948438 0.759766 0.103125 0.480469 0.00229645
1 0.730469 0.752344 0.0796875 0.10625 0.00213242
0 0.948438 0.759766 0.103125 0.480469 0.00191212
1 0.975781 0.405859 0.0484375 0.439063 0.00172043
1 0.0907227 0.104492 0.17832 0.205078 0.00162888
0 0.727344 0.749219 0.08125 0.090625 0.00137806
1 0.794531 0.357812 0.410937 0.460938 0.0011425
1 0.430371 0.669141 0.123633 0.227344 0.0011034
1 0.577344 0.913281 0.15 0.16875 0.00100422
1 0.3375 0.516016 0.625781 0.860156 0.905273
1 0.953125 0.815625 0.090625 0.36875 0.0126266
1 0.9125 0.507812 0.1625 0.946875 0.00748825
1 0.237891 0.732813 0.424219 0.382812 0.00619125
0 0.334766 0.527344 0.620313 0.876562 0.0049057
1 0.422559 0.676562 0.129883 0.246875 0.00379562
1 0.948438 0.760156 0.103125 0.476562 0.00355148
0 0.953125 0.815625 0.090625 0.36875 0.00283432
0 0.0916016 0.105469 0.178516 0.210156 0.00265312
1 0.83125 0.501953 0.332812 0.949219 0.00260162
1 0.326367 0.392285 0.592578 0.606055 0.00107288
1 0.338672 0.526953 0.625 0.886719 0.902832
0 0.0908203 0.104492 0.178516 0.205078 0.0130692
1 0.249219 0.718359 0.451562 0.421094 0.00959778
0 0.73125 0.93125 0.153125 0.1375 0.00831604
1 0.73125 0.93125 0.153125 0.1375 0.00651169
0 0.336719 0.54375 0.621875 0.909375 0.00255013
1 0.557031 0.747656 0.10625 0.134375 0.00251198
1 0.948438 0.760156 0.103125 0.479688 0.00229645
1 0.730469 0.752344 0.0796875 0.10625 0.00210762
0 0.948438 0.760156 0.103125 0.479688 0.00191212
1 0.975781 0.405859 0.0484375 0.439844 0.0017004
1 0.0908203 0.104492 0.178516 0.205078 0.0016489
0 0.727344 0.749219 0.08125 0.090625 0.00136662
1 0.794531 0.357812 0.410937 0.461719 0.0011425
1 0.430371 0.66875 0.123633 0.226562 0.0011158
