0 0.275 0.397656 0.522656 0.70625 0.760742
0 0.795703 0.372266 0.408594 0.654688 0.696777
1 0.796875 0.383984 0.40625 0.627344 0.186279
1 0.277539 0.429785 0.528516 0.674805 0.131836
0 0.166211 0.411035 0.332422 0.687305 0.0374756
0 0.698438 0.37959 0.234375 0.64707 0.00621796
1 0.166211 0.411035 0.332422 0.687305 0.00457382
0 0.678906 0.428906 0.198437 0.535937 0.00281143
0 0.110352 0.403516 0.220703 0.660156 0.00259018
0 0.644531 0.43291 0.132812 0.43418 0.0024929
0 0.0317383 0.933594 0.0634766 0.132812 0.00194931
0 0.788281 0.278516 0.423438 0.449219 0.00178909
0 0.084668 0.383594 0.168555 0.335938 0.00158501
0 0.433594 0.757422 0.447656 0.485156 0.00153637
0 0.243408 0.928516 0.258496 0.142969 0.00148964
0 0.108203 0.938281 0.216406 0.123438 0.00148392
0 0.188623 0.935156 0.250098 0.129688 0.00148392
0 0.492578 0.142188 0.360938 0.284375 0.00146103
0 0.0666016 0.119727 0.133203 0.239453 0.0014267
0 0.00944824 0.914453 0.0188965 0.171094 0.00141048
0 0.867578 0.100098 0.264844 0.200195 0.00140476
0 0.285742 0.924609 0.266797 0.150781 0.00139904
1 0.0317383 0.933594 0.0634766 0.132812 0.00137806
0 0.00800781 0.116406 0.0160156 0.232812 0.00136662
1 0.867578 0.100098 0.264844 0.200195 0.00133514
0 0.403906 0.144727 0.454688 0.289453 0.00130463
0 0.0151367 0.101172 0.0302734 0.202344 0.00127888
0 0.691406 0.305859 0.207813 0.511719 0.00127411
0 0.7875 0.0990234 0.425 0.198047 0.00126934
0 0.275 0.284375 0.516406 0.482031 0.00126934
0 0.68125 0.502441 0.19375 0.374805 0.00126457
0 0.649219 0.305273 0.139844 0.478516 0.00124454
0 0.0756348 0.945312 0.15127 0.109375 0.00123978
0 0.0826172 0.323779 0.164648 0.358691 0.00122547
0 0.344727 0.920703 0.291797 0.158594 0.0012064
0 0.971875 0.128125 0.05625 0.25625 0.00120163
0 0.538281 0.168945 0.223438 0.337891 0.00119686
0 0.402734 0.0632813 0.605469 0.126563 0.00119686
0 0.00874023 0.867773 0.0174805 0.264453 0.00119209
0 0.0768066 0.0998047 0.153613 0.199609 0.00118828
0 0.772656 0.0733887 0.454688 0.146777 0.0011692
0 0.814062 0.912109 0.371875 0.175781 0.00115108
0 0.131934 0.330859 0.263867 0.580469 0.00113773
0 0.396191 0.11123 0.526367 0.222461 0.00113392
0 0.0986328 0.178223 0.197266 0.356445 0.00112915
1 0.0151367 0.101172 0.0302734 0.202344 0.00110722
0 0.982813 0.15 0.034375 0.3 0.00109005
0 0.0873047 0.921875 0.174609 0.15625 0.00106907
0 0.508984 0.75918 0.320312 0.481641 0.00106907
0 0.0582031 0.93125 0.116406 0.1375 0.00106049
0 0.281836 0.531934 0.506641 0.473633 0.00102425
0 0.009021 0.698047 0.018042 0.336719 0.00101662
0 0.00865479 0.803125 0.0173096 0.3375 0.00101185
1 0.788867 0.377344 0.419141 0.632812 0.807617
1 0.273828 0.399609 0.534375 0.682031 0.779297
0 0.280469 0.402246 0.526563 0.687695 0.242188
0 0.788867 0.377344 0.419141 0.632812 0.053009
0 0.229883 0.139648 0.243359 0.150391 0.0390625
1 0.229883 0.139648 0.243359 0.150391 0.00616837
0 0.692969 0.396094 0.221875 0.607031 0.00169373
0 0.861719 0.124316 0.2375 0.107617 0.0015192
0 0.430469 0.400684 0.227344 0.620508 0.00143242
0 0.0988281 0.409277 0.190625 0.683008 0.00137806
0 0.26875 0.401953 0.525 0.683594 0.830078
0 0.789844 0.382031 0.414062 0.628125 0.493164
1 0.789844 0.382031 0.414062 0.628125 0.418701
1 0.26875 0.401953 0.525 0.683594 0.137817
0 0.126953 0.960938 0.0453125 0.05625 0.00754929
0 0.062793 0.960938 0.046875 0.05625 0.00473785
0 0.115137 0.959375 0.0824219 0.0578125 0.00316048
0 0.162891 0.960156 0.046875 0.05625 0.00309944
0 0.0976807 0.960938 0.0507324 0.0515625 0.00305176
0 0.0324341 0.961719 0.0581787 0.05625 0.00266266
0 0.053418 0.959375 0.0681641 0.0625 0.00244331
0 0.0250488 0.964844 0.0495117 0.0546875 0.00219917
0 0.0883789 0.959375 0.0539063 0.05625 0.00203514
0 0.198437 0.959375 0.0445312 0.053125 0.00196457
0 0.2 0.910937 0.0460938 0.05 0.00188255
0 0.0823975 0.958594 0.0887207 0.0578125 0.00179577
0 0.151953 0.958594 0.0703125 0.0640625 0.00174141
0 0.0311279 0.871875 0.0622559 0.053125 0.00168705
0 0.182031 0.957031 0.0863281 0.0578125 0.00148964
0 0.189111 0.957031 0.0530273 0.0625 0.00143242
0 0.227734 0.959375 0.04375 0.059375 0.00143242
0 0.0443848 0.832812 0.0588867 0.0375 0.00137806
0 0.0480957 0.870313 0.046875 0.05625 0.00126457
0 0.0621094 0.834375 0.0666016 0.034375 0.00112915
0 0.254297 0.147852 0.025 0.191406 0.0011158
0 0.777344 0.932813 0.059375 0.059375 0.00106525
0 0.0733887 0.910937 0.0456055 0.053125 0.00104809
0 0.173828 0.910156 0.0546875 0.053125 0.00102425
0 0.0382324 0.865625 0.0571289 0.065625 0.00101662
1 0.126953 0.960938 0.0453125 0.05625 0.00101662
0 0.794922 0.391797 0.410156 0.639063 0.844238
0 0.285937 0.405078 0.521875 0.677344 0.747559
1 0.285937 0.405078 0.521875 0.677344 0.140381
1 0.794922 0.391797 0.410156 0.639063 0.0723877
0 0.795313 0.517578 0.409375 0.367969 0.00502014
0 0.274219 0.576563 0.507031 0.36875 0.00288963
0 0.00395508 0.55625 0.00791016 0.334375 0.00192642
0 0.998438 0.878906 0.003125 0.242188 0.00112057
0 0.265234 0.388672 0.524219 0.685156 0.930664
0 0.789258 0.38125 0.421484 0.638281 0.905762
1 0.265234 0.388672 0.524219 0.685156 0.0112457
1 0.789844 0.381934 0.41875 0.636133 0.00383949
0 0.998438 0.848633 0.003125 0.302734 0.0026722
0 0.998438 0.895703 0.003125 0.208594 0.0020504
0 0.998438 0.935156 0.003125 0.129688 0.00160408
0 0.783594 0.942187 0.05625 0.046875 0.00124454
0 0.997656 0.786523 0.0046875 0.426953 0.00115108
0 0.276953 0.406152 0.528125 0.70957 0.857422
0 0.789844 0.382715 0.41875 0.63457 0.664551
1 0.789258 0.382031 0.418359 0.628906 0.325928
1 0.276953 0.407422 0.542188 0.705469 0.069519
0 0.960547 0.0554687 0.0789063 0.110937 0.00284576
0 0.497656 0.802344 0.982813 0.395312 0.00150108
0 0.808984 0.031958 0.382031 0.063916 0.00130463
0 0.281641 0.399121 0.541406 0.69707 0.901855
0 0.791602 0.38125 0.416797 0.629687 0.880859
1 0.79043 0.382031 0.419141 0.624219 0.029541
1 0.278711 0.398535 0.542578 0.698242 0.00614548
0 0.339063 0.95625 0.0390625 0.046875 0.00276756
0 0.348828 0.929688 0.0554687 0.0546875 0.00271416
0 0.705469 0.209375 0.245312 0.195703 0.00136662
0 0.334961 0.93125 0.0410156 0.06875 0.00135136
0 0.293359 0.957812 0.0859375 0.046875 0.00133514
0 0.332031 0.95625 0.102344 0.04375 0.0012064
0 0.231836 0.128711 0.301953 0.156641 0.00104809
0 0.274219 0.402734 0.528125 0.702344 0.873047
0 0.791016 0.382031 0.417969 0.628125 0.869141
1 0.789844 0.377344 0.420312 0.621875 0.0330811
1 0.273828 0.401465 0.535937 0.698633 0.0315552
0 0.507422 0.790625 0.985156 0.41875 0.00178242
0 0.27207 0.408203 0.520703 0.710938 0.902832
0 0.793164 0.377344 0.413672 0.625 0.877441
1 0.792188 0.380566 0.410937 0.629492 0.0432739
1 0.271875 0.408984 0.521875 0.711719 0.0132751
0 0.502344 0.771094 0.946875 0.457812 0.00189686
0 0.273242 0.403906 0.530078 0.697656 0.918945
0 0.789062 0.380078 0.41875 0.626562 0.894043
1 0.788867 0.380078 0.416016 0.621094 0.0384521
1 0.273242 0.403906 0.530078 0.697656 0.0170441
0 0.27207 0.408203 0.520703 0.711719 0.902832
0 0.793164 0.377441 0.413672 0.624805 0.87793
1 0.792188 0.380469 0.410937 0.629687 0.0430298
1 0.271875 0.408984 0.521875 0.711719 0.0131683
0 0.501953 0.771094 0.946094 0.457812 0.00188255
