0 0.716016 0.553516 0.338281 0.360156 0.885254
0 0.343359 0.551562 0.332812 0.363281 0.861816
1 0.716016 0.553516 0.338281 0.360156 0.0388184
1 0.343359 0.551562 0.332812 0.363281 0.0314331
0 0.633594 0.541406 0.172656 0.3375 0.00161648
0 0.586719 0.908594 0.551562 0.182812 0.00156689
0 0.263281 0.544531 0.169531 0.363281 0.00150108
0 0.852344 0.334375 0.204688 0.303125 0.00143814
0 0.691016 0.908594 0.449219 0.182812 0.00143814
0 0.987109 0.490723 0.0257812 0.55918 0.00135136
0 0.345654 0.379687 0.392285 0.666406 0.00122547
1 0.935156 0.160352 0.129688 0.320703 0.0012064
0 0.8375 0.313672 0.165625 0.117188 0.00119686
0 0.8625 0.914062 0.275 0.171875 0.00119686
0 0.935156 0.160352 0.129688 0.320703 0.00119209
0 0.759766 0.913672 0.375781 0.172656 0.00118828
0 0.942969 0.500781 0.114063 0.459375 0.0011692
0 0.84043 0.289062 0.181641 0.260938 0.00115108
0 0.775781 0.349414 0.264062 0.574609 0.00109005
0 0.567187 0.491406 0.0695312 0.249219 0.00105286
0 0.985547 0.317187 0.0289063 0.634375 0.00104046
0 0.87168 0.279297 0.247266 0.494531 0.00100803
0 0.34707 0.546094 0.339453 0.351562 0.905762
0 0.71875 0.55 0.3375 0.371094 0.890137
1 0.343359 0.548828 0.338281 0.35625 0.0138474
0 0.732031 0.394922 0.345313 0.0625 0.00323486
0 0.489844 0.275391 0.81875 0.478125 0.00293541
0 0.721484 0.387891 0.278906 0.0734375 0.00243378
0 0.719922 0.38584 0.172656 0.0533203 0.00235939
0 0.517969 0.390625 0.801562 0.542969 0.00206757
1 0.717578 0.54541 0.336719 0.362305 0.00202751
0 0.139648 0.466016 0.279297 0.824219 0.00191879
0 0.804688 0.528516 0.390625 0.477344 0.00138855
0 0.773438 0.452344 0.453125 0.446094 0.00132465
1 0.721484 0.387891 0.278906 0.0734375 0.0012598
0 0.702344 0.381348 0.142188 0.0388672 0.00123024
0 0.488281 0.139941 0.939062 0.278711 0.00119686
0 0.185156 0.511719 0.370313 0.7 0.00113392
0 0.345898 0.55 0.341016 0.358594 0.875488
0 0.714063 0.553516 0.339063 0.372656 0.85498
1 0.714844 0.55 0.340625 0.363281 0.0278015
1 0.348633 0.549121 0.338672 0.35332 0.0232391
0 0.717188 0.55 0.345313 0.353906 0.879883
0 0.346094 0.550391 0.328906 0.352344 0.862305
1 0.721484 0.550781 0.350781 0.359375 0.0131683
1 0.346484 0.545703 0.333594 0.347656 0.00674438
0 0.496094 0.18418 0.835938 0.368359 0.00333786
0 0.598047 0.233203 0.641406 0.424219 0.00183105
0 0.12793 0.432422 0.252734 0.632812 0.00123501
0 0.345508 0.549219 0.335547 0.355469 0.854004
0 0.715234 0.55 0.344531 0.364062 0.837402
0 0.342773 0.355273 0.685547 0.710547 0.00803375
1 0.713281 0.551953 0.332812 0.363281 0.00236893
1 0.339795 0.54834 0.348535 0.348633 0.00214958
0 0.253125 0.684766 0.504687 0.630469 0.00124454
0 0.174414 0.689453 0.340625 0.621094 0.00117397
0 0.717969 0.551172 0.345313 0.3625 0.859375
0 0.347607 0.550781 0.34541 0.360938 0.82959
1 0.35 0.551953 0.35 0.360938 0.0252228
1 0.720312 0.55166 0.35 0.366992 0.0119629
0 0.715625 0.55 0.34375 0.35625 0.865723
0 0.343018 0.549902 0.339746 0.35332 0.865234
1 0.343018 0.549902 0.339746 0.35332 0.0191956
1 0.716406 0.550098 0.334375 0.357617 0.00993347
0 0.714844 0.550781 0.342187 0.357812 0.849609
0 0.34707 0.55 0.336328 0.352344 0.795898
1 0.34707 0.55 0.336328 0.352344 0.0104065
1 0.714844 0.550391 0.34375 0.360156 0.0041008
0 0.349219 0.552734 0.335938 0.357812 0.855469
0 0.717188 0.553809 0.33125 0.362695 0.849609
1 0.349219 0.552734 0.335938 0.357812 0.0170441
1 0.717969 0.553809 0.33125 0.364258 0.00948334
0 0.713672 0.552246 0.339844 0.364258 0.87207
0 0.347266 0.549609 0.334375 0.355469 0.829102
1 0.35 0.551172 0.333594 0.35625 0.0740967
1 0.717188 0.551172 0.339063 0.366406 0.039856
0 0.511621 0.213672 0.764258 0.427344 0.00247192
0 0.292578 0.687891 0.585156 0.624219 0.00157356
0 0.925 0.474219 0.140625 0.745313 0.00118828
0 0.349219 0.552246 0.335938 0.358008 0.85498
0 0.717188 0.553906 0.33125 0.363281 0.849121
1 0.349219 0.552246 0.335938 0.358008 0.0171051
1 0.717969 0.553906 0.33125 0.364062 0.00952148
