1 0.229687 0.455078 0.185547 0.425781 0.549805
0 0.582812 0.502441 0.170312 0.441992 0.494141
1 0.162109 0.451172 0.321875 0.424219 0.457031
0 0.446094 0.832812 0.366406 0.334375 0.436768
0 0.520703 0.496875 0.286719 0.446875 0.345215
0 0.799219 0.416797 0.257812 0.424219 0.301514
1 0.582812 0.502441 0.170312 0.441992 0.255371
0 0.926562 0.835547 0.146875 0.328906 0.240112
1 0.7375 0.771094 0.228125 0.457812 0.210083
0 0.546875 0.181445 0.151562 0.249219 0.205566
0 0.462402 0.473047 0.27832 0.407031 0.165894
1 0.160352 0.775781 0.240234 0.448438 0.147339
1 0.446094 0.832812 0.366406 0.334375 0.147339
0 0.733984 0.769141 0.224219 0.461719 0.147095
1 0.520703 0.496875 0.286719 0.446875 0.129639
1 0.107813 0.640625 0.215625 0.185156 0.123169
1 0.0711426 0.639844 0.142285 0.1875 0.116943
0 0.163281 0.793359 0.231641 0.413281 0.115173
1 0.79375 0.416797 0.246875 0.421875 0.101257
0 0.416797 0.467187 0.19375 0.39375 0.0948486
0 0.907812 0.391797 0.109375 0.361719 0.0706787
1 0.926562 0.835547 0.146875 0.328906 0.0686646
0 0.679688 0.142773 0.108594 0.273047 0.0648804
1 0.546875 0.179492 0.153906 0.250391 0.0563354
0 0.740625 0.11936 0.0859375 0.181592 0.0539856
0 0.0711426 0.639844 0.142285 0.1875 0.0503235
0 0.366406 0.833203 0.199219 0.333594 0.0500488
0 0.229687 0.455078 0.185547 0.425781 0.0498657
0 0.852344 0.116016 0.135937 0.224219 0.0437622
1 0.462402 0.473047 0.27832 0.407031 0.0436096
0 0.107813 0.640625 0.215625 0.185156 0.0423889
0 0.0453613 0.123926 0.087793 0.245117 0.0295868
0 0.725391 0.108594 0.121094 0.214062 0.0294189
1 0.907812 0.391797 0.109375 0.361719 0.028656
0 0.162109 0.451172 0.321875 0.424219 0.0282135
1 0.187549 0.798437 0.181934 0.403125 0.0231476
0 0.216211 0.145117 0.289453 0.290234 0.0215302
1 0.216211 0.145117 0.289453 0.290234 0.0209656
0 0.916406 0.767578 0.167187 0.464844 0.0207977
1 0.41709 0.467969 0.195508 0.39375 0.0185394
0 0.977344 0.549609 0.0453125 0.25 0.016922
1 0.679688 0.142773 0.108594 0.273047 0.0164642
1 0.977344 0.549609 0.0453125 0.25 0.0158997
1 0.740625 0.11936 0.0859375 0.181592 0.0158386
1 0.0611816 0.839844 0.122168 0.240625 0.0155411
1 0.104883 0.751953 0.208984 0.416406 0.0144501
1 0.0442383 0.128125 0.0884766 0.25625 0.0141144
1 0.916406 0.767578 0.167187 0.464844 0.0131226
1 0.38291 0.830078 0.226367 0.339844 0.0126724
1 0.0783203 0.400391 0.156641 0.310937 0.0112915
0 0.0611816 0.839844 0.122168 0.240625 0.0109863
1 0.978906 0.497754 0.0421875 0.274805 0.0101318
0 0.584375 0.182812 0.08125 0.246094 0.00963593
1 0.208984 0.251367 0.303906 0.502734 0.00948334
0 0.9125 0.44541 0.1 0.249805 0.00926971
0 0.314258 0.207617 0.0886719 0.3125 0.00898743
0 0.978906 0.497754 0.0421875 0.274805 0.00894928
1 0.852344 0.116016 0.135937 0.224219 0.00844574
1 0.725391 0.108594 0.121094 0.214062 0.00818634
0 0.161328 0.130078 0.166406 0.255469 0.00803375
1 0.314258 0.207617 0.0886719 0.3125 0.00793457
0 0.495703 0.833984 0.260156 0.332031 0.00793457
0 0.694141 0.111328 0.126563 0.222656 0.00661469
0 0.0783203 0.400391 0.156641 0.310937 0.00653839
0 0.66875 0.163672 0.0898438 0.242969 0.00619125
0 0.49375 0.174609 0.226562 0.242188 0.00600433
1 0.582422 0.186133 0.0804688 0.239844 0.00591278
1 0.974219 0.595703 0.0515625 0.196094 0.00591278
1 0.250586 0.475391 0.138672 0.475781 0.00577545
0 0.974219 0.595703 0.0515625 0.196094 0.00538635
0 0.955469 0.118359 0.0890625 0.236719 0.0051384
1 0.016748 0.638672 0.0334961 0.196094 0.00488663
1 0.324609 0.22583 0.075 0.260059 0.00486755
0 0.514844 0.901563 0.232812 0.196875 0.00477219
1 0.980078 0.409766 0.0398437 0.413281 0.00462723
0 0.576563 0.914062 0.101562 0.171875 0.00432968
0 0.433203 0.174805 0.124219 0.240234 0.00431442
0 0.104883 0.751953 0.208984 0.416406 0.00429916
0 0.980078 0.409766 0.0398437 0.413281 0.00419998
1 0.532812 0.333984 0.192188 0.554688 0.00416565
1 0.12832 0.584375 0.256641 0.289062 0.00405502
1 0.495703 0.833984 0.260156 0.332031 0.00399017
1 0.66875 0.163672 0.0898438 0.242969 0.00391388
1 0.882812 0.138477 0.078125 0.236719 0.00376511
0 0.977344 0.130469 0.0453125 0.260938 0.0037365
1 0.353906 0.84082 0.182031 0.318359 0.00366402
0 0.806445 0.769141 0.365234 0.461719 0.00346947
0 0.710938 0.141309 0.1625 0.279102 0.00344276
0 0.882812 0.132031 0.078125 0.253125 0.00344276
1 0.694141 0.111328 0.126563 0.222656 0.00341606
1 0.0122314 0.13418 0.0244629 0.268359 0.00322342
1 0.124023 0.635156 0.159766 0.176563 0.00317192
1 0.9125 0.44541 0.1 0.249805 0.00314713
0 0.917969 0.436035 0.125 0.406055 0.00311089
0 0.346094 0.489746 0.05625 0.289258 0.00309944
0 0.977344 0.603125 0.0453125 0.2375 0.00305176
1 0.964844 0.513281 0.0703125 0.417969 0.00305176
0 0.602734 0.527734 0.139062 0.384375 0.00301552
0 0.0753662 0.874805 0.149268 0.250391 0.00293541
0 0.264062 0.45625 0.117969 0.417969 0.00288963
1 0.27168 0.437891 0.0707031 0.435937 0.00288963
1 0.977344 0.603125 0.0453125 0.2375 0.0028553
0 0.208984 0.251367 0.303906 0.502734 0.0028553
0 0.115991 0.120312 0.11958 0.240625 0.00279999
1 0.157227 0.634375 0.108984 0.173438 0.00277901
1 0.917969 0.436035 0.125 0.406055 0.00276756
0 0.0122314 0.13418 0.0244629 0.268359 0.00275803
0 0.355859 0.500781 0.0726563 0.275 0.00273705
0 0.45625 0.93125 0.10625 0.134375 0.00271416
0 0.550781 0.20625 0.06875 0.189844 0.0026722
1 0.977344 0.130469 0.0453125 0.260938 0.00265312
0 0.911719 0.670313 0.126563 0.129688 0.00257111
0 0.419531 0.147266 0.104687 0.208984 0.00257111
1 0.806445 0.769141 0.365234 0.461719 0.00253105
1 0.236719 0.814062 0.0820312 0.307813 0.00248146
0 0.607813 0.576563 0.117188 0.29375 0.00243378
1 0.49375 0.174609 0.226562 0.242188 0.0024147
1 0.710938 0.141309 0.1625 0.279102 0.00240517
1 0.0912109 0.510938 0.182422 0.453906 0.00237846
1 0.269531 0.471973 0.084375 0.33418 0.00237846
1 0.955469 0.118359 0.0890625 0.236719 0.00235939
1 0.911719 0.670313 0.126563 0.129688 0.00234222
0 0.016748 0.638672 0.0334961 0.196094 0.00228691
1 0.965625 0.6 0.06875 0.271875 0.00227928
0 0.957812 0.219727 0.084375 0.287891 0.00222588
1 0.00709228 0.823438 0.0141846 0.184375 0.00222588
1 0.325391 0.252148 0.0609375 0.262891 0.00222588
0 0.542188 0.917188 0.053125 0.165625 0.00219917
0 0.983594 0.307861 0.0328125 0.352246 0.00219154
0 0.476172 0.925391 0.0859375 0.149219 0.00214958
1 0.137695 0.817969 0.269922 0.364062 0.00213242
0 0.965625 0.6 0.06875 0.271875 0.00209045
0 0.250586 0.488965 0.11875 0.300195 0.00208282
1 0.145898 0.3875 0.291797 0.291406 0.00206757
0 0.324609 0.22583 0.075 0.260059 0.0020504
0 0.194141 0.127148 0.230469 0.254297 0.00204277
0 0.976562 0.237549 0.046875 0.281934 0.00203514
1 0.239453 0.481641 0.114063 0.370313 0.00201988
1 0.609375 0.548535 0.117188 0.349805 0.00200272
1 0.161328 0.130078 0.166406 0.255469 0.00199509
0 0.0505371 0.112109 0.0985352 0.224219 0.00196457
1 0.00701904 0.738281 0.0140381 0.360938 0.00194168
1 0.250586 0.488965 0.11875 0.300195 0.00194168
0 0.56875 0.182471 0.0796875 0.245996 0.00194168
1 0.936328 0.789844 0.127344 0.335938 0.00191212
0 0.754687 0.672266 0.245312 0.264844 0.00191212
0 0.869531 0.14502 0.117188 0.290039 0.00189686
1 0.819531 0.266992 0.209375 0.533984 0.00188923
1 0.194531 0.349219 0.270703 0.225 0.00186729
0 0.977344 0.16084 0.0453125 0.32168 0.00185299
0 0.555859 0.921875 0.0835937 0.153125 0.00183868
1 0.969922 0.673047 0.0601562 0.277344 0.00183868
0 0.957031 0.281641 0.0859375 0.280469 0.00183868
0 0.53125 0.183398 0.1 0.247266 0.00183105
0 0.936328 0.789844 0.127344 0.335938 0.00178909
0 0.535156 0.358203 0.198437 0.586719 0.00177479
0 0.122949 0.131445 0.220508 0.262891 0.00174141
0 0.0387695 0.194141 0.0767578 0.225 0.0017271
0 0.552344 0.185156 0.101562 0.237891 0.00171375
1 0.977344 0.16084 0.0453125 0.32168 0.00170708
1 0.00871582 0.639453 0.0174316 0.199219 0.00169373
0 0.239453 0.481641 0.114063 0.370313 0.00168705
0 0.224414 0.825391 0.130859 0.349219 0.00168133
0 0.575 0.870313 0.107813 0.254687 0.00165462
0 0.839063 0.107813 0.09375 0.214844 0.0016489
1 0.0505371 0.112109 0.0985352 0.224219 0.0016489
0 0.946875 0.639844 0.10625 0.221875 0.0016489
1 0.873438 0.123047 0.075 0.235547 0.00163555
1 0.0994141 0.885742 0.198828 0.228516 0.00163555
0 0.926562 0.377441 0.109375 0.370117 0.00162888
0 0.00709228 0.823438 0.0141846 0.184375 0.00162315
1 0.577344 0.9125 0.101562 0.173438 0.00162315
1 0.976562 0.237549 0.046875 0.281934 0.00159168
1 0.983594 0.307861 0.0328125 0.352246 0.00159168
1 0.0900391 0.642969 0.1375 0.169531 0.00159168
0 0.883594 0.679688 0.0765625 0.123438 0.00155449
1 0.957812 0.219727 0.084375 0.287891 0.00155449
1 0.915625 0.825391 0.16875 0.349219 0.00154877
0 0.785937 0.929688 0.096875 0.1375 0.00154877
1 0.301367 0.472656 0.0675781 0.45625 0.00154877
0 0.974219 0.551562 0.0515625 0.271875 0.00153637
0 0.438281 0.933594 0.071875 0.132812 0.00152493
1 0.909375 0.39375 0.09375 0.275 0.00151253
0 0.926562 0.465625 0.071875 0.242188 0.00151253
1 0.115991 0.120312 0.11958 0.240625 0.00151253
0 0.757422 0.357812 0.180469 0.317187 0.00150108
1 0.925 0.426953 0.078125 0.285937 0.00149536
0 0.969922 0.673047 0.0601562 0.277344 0.00149536
0 0.0459961 0.180273 0.0919922 0.321875 0.00147247
0 0.964844 0.513281 0.0703125 0.417969 0.00147247
1 0.946875 0.814062 0.10625 0.234375 0.00146675
1 0.0459961 0.180273 0.0919922 0.321875 0.00146675
0 0.040332 0.639453 0.0806641 0.18125 0.00144386
0 0.0994141 0.885742 0.198828 0.228516 0.00143242
0 0.86875 0.908594 0.0578125 0.179688 0.00142097
0 0.359375 0.909375 0.164062 0.179688 0.00141048
0 0.914062 0.592188 0.11875 0.272656 0.00139904
1 0.00861816 0.18042 0.0172363 0.314941 0.00138283
0 0.846875 0.261328 0.15625 0.517969 0.00136662
0 0.901563 0.398828 0.090625 0.303125 0.00136662
0 0.521094 0.923437 0.08125 0.153125 0.00136662
0 0.0257812 0.814844 0.0515625 0.159375 0.00135612
1 0.361133 0.509375 0.0824219 0.264062 0.00134563
0 0.0192871 0.106152 0.0385742 0.212305 0.00134563
1 0.417969 0.141211 0.1 0.20625 0.00134563
1 0.0753662 0.874805 0.149268 0.250391 0.00133038
1 0.648438 0.835547 0.357812 0.328906 0.00133038
0 0.535937 0.877148 0.189063 0.245703 0.00131989
1 0.946875 0.639844 0.10625 0.221875 0.00131512
1 0.0192871 0.106152 0.0385742 0.212305 0.00130939
0 0.629297 0.49375 0.0820312 0.4125 0.00130463
1 0.427344 0.215625 0.0617188 0.157031 0.00129986
1 0.433203 0.163086 0.113281 0.229687 0.00129414
0 0.714453 0.829492 0.192969 0.341016 0.00129414
1 0.0209961 0.885156 0.0419922 0.229687 0.00128937
1 0.224414 0.825391 0.130859 0.349219 0.00126457
1 0.232617 0.838086 0.297266 0.323828 0.0012598
1 0.869531 0.14502 0.117188 0.290039 0.00125504
0 0.468359 0.807031 0.289844 0.282813 0.00124454
1 0.00698242 0.395703 0.0139648 0.309375 0.00123978
0 0.711719 0.761719 0.178125 0.389062 0.00123501
1 0.575 0.870313 0.107813 0.254687 0.00123501
1 0.514844 0.901563 0.232812 0.196875 0.00123024
1 0.0662109 0.36543 0.132422 0.248828 0.00122547
0 0.694922 0.17207 0.139062 0.329688 0.00121117
0 0.525781 0.925781 0.142188 0.145313 0.00118351
0 0.435156 0.181689 0.0765625 0.203809 0.00117874
0 0.403516 0.398828 0.150781 0.255469 0.00115585
1 0.600781 0.541504 0.129688 0.460742 0.00115108
0 0.917188 0.639063 0.134375 0.201562 0.00115108
1 0.904688 0.646094 0.114063 0.175 0.00113773
0 0.201562 0.811719 0.163281 0.364062 0.00113392
1 0.56875 0.182471 0.0796875 0.245996 0.00112915
1 0.957031 0.281641 0.0859375 0.280469 0.0011158
1 0.974219 0.551562 0.0515625 0.271875 0.00110722
1 0.27168 0.265039 0.172266 0.530078 0.00109482
0 0.00698242 0.395703 0.0139648 0.309375 0.00109482
0 0.707031 0.108594 0.135937 0.217187 0.00107765
0 0.00861816 0.18042 0.0172363 0.314941 0.00107288
1 0.257812 0.548828 0.096875 0.20625 0.00107288
0 0.95 0.135449 0.1 0.270898 0.00106907
1 0.435156 0.204102 0.075 0.172266 0.00106049
0 0.270703 0.453906 0.0765625 0.36875 0.00105667
0 0.283594 0.12207 0.152734 0.244141 0.00105286
1 0.792188 0.50625 0.240625 0.63125 0.00103664
0 0.375879 0.539062 0.0998047 0.221875 0.00103188
0 0.946875 0.814062 0.10625 0.234375 0.00102043
0 0.975781 0.629297 0.0484375 0.248437 0.00101185
0 0.783594 0.645312 0.164062 0.232812 0.00100803
0 0.860937 0.118555 0.0921875 0.221484 0.00100803
1 0.561719 0.283594 0.1625 0.525 0.00100422
0 0.48916 0.474609 0.35293 0.397656 0.820801
0 0.809375 0.393848 0.296875 0.356055 0.732422
1 0.163672 0.445312 0.317969 0.392188 0.714844
0 0.501953 0.182617 0.227344 0.254297 0.689453
1 0.810156 0.771875 0.376563 0.451562 0.599121
0 0.7 0.120898 0.16875 0.219531 0.592773
0 0.446875 0.835156 0.364062 0.329688 0.588867
0 0.859375 0.118848 0.145313 0.218555 0.44165
0 0.5 0.831055 0.2625 0.337891 0.438721
0 0.738281 0.116602 0.096875 0.183203 0.393311
0 0.216602 0.166406 0.290625 0.324609 0.355713
1 0.214844 0.141016 0.299219 0.273438 0.338867
0 0.112305 0.635156 0.224609 0.172656 0.315674
1 0.142578 0.77793 0.285156 0.437891 0.280518
1 0.446875 0.835156 0.364062 0.329688 0.245117
0 0.402734 0.86875 0.123438 0.140625 0.199951
1 0.747656 0.793555 0.254687 0.409766 0.196777
0 0.559375 0.507715 0.232812 0.42832 0.173828
1 0.5 0.831055 0.2625 0.337891 0.157349
0 0.595312 0.585156 0.152344 0.273438 0.156372
0 0.810156 0.776563 0.378125 0.439063 0.155884
1 0.814062 0.394629 0.301562 0.357617 0.150024
0 0.489062 0.928125 0.178125 0.14375 0.137573
1 0.491309 0.472754 0.354883 0.38418 0.130005
1 0.935938 0.852344 0.125 0.295312 0.129883
0 0.914844 0.644922 0.145313 0.169531 0.12085
0 0.707812 0.0983398 0.153125 0.168555 0.112427
1 0.7 0.120898 0.16875 0.219531 0.111816
1 0.859375 0.118848 0.145313 0.218555 0.107422
0 0.300586 0.186133 0.120703 0.287109 0.10321
0 0.486719 0.18667 0.175 0.206348 0.0997925
0 0.935938 0.848633 0.125 0.299609 0.0938721
1 0.507031 0.185352 0.228125 0.240234 0.0859985
0 0.163672 0.445312 0.317969 0.392188 0.0855713
1 0.8125 0.839063 0.371875 0.31875 0.0810547
0 0.9375 0.79082 0.115625 0.193359 0.0658569
1 0.118164 0.632422 0.236328 0.169531 0.0608521
0 0.582031 0.557422 0.178125 0.341406 0.0606384
0 0.744531 0.783594 0.251563 0.423438 0.0549927
1 0.144531 0.844531 0.285547 0.310937 0.0531921
0 0.792969 0.641797 0.165625 0.205469 0.0432129
0 0.675 0.136328 0.121875 0.272656 0.0381775
0 0.246094 0.475098 0.139844 0.341992 0.0352783
0 0.517578 0.897266 0.241406 0.205469 0.0351562
0 0.6875 0.0924072 0.117188 0.167139 0.0335999
0 0.356641 0.840234 0.185937 0.319531 0.0335999
0 0.0655273 0.364258 0.131055 0.162891 0.0313721
0 0.267578 0.0866211 0.102344 0.16582 0.0304413
0 0.441406 0.0857422 0.128125 0.0701172 0.0288696
0 0.430859 0.468359 0.233594 0.385938 0.0287628
1 0.738281 0.116602 0.096875 0.183203 0.0283356
0 0.142578 0.77793 0.285156 0.437891 0.0280609
0 0.408203 0.500781 0.188281 0.317969 0.0278473
0 0.389062 0.832031 0.239063 0.325 0.0278473
0 0.800781 0.645703 0.110937 0.197656 0.0258636
1 0.300586 0.186133 0.120703 0.287109 0.0243378
0 0.535156 0.927344 0.204688 0.145313 0.0239563
0 0.909375 0.435547 0.096875 0.228906 0.0224609
0 0.88125 0.635938 0.16875 0.189063 0.0213623
1 0.595312 0.585156 0.152344 0.273438 0.0192719
0 0.144531 0.844531 0.285547 0.310937 0.0177765
1 0.246094 0.475098 0.139844 0.341992 0.0173035
0 0.569531 0.924219 0.129688 0.15 0.0163422
0 0.184912 0.129004 0.234863 0.255664 0.0150757
1 0.907812 0.853125 0.179688 0.292188 0.0147858
1 0.231641 0.179297 0.259766 0.309375 0.0147324
0 0.0790039 0.638281 0.14668 0.165625 0.0146179
0 0.372656 0.0331543 0.096875 0.0662109 0.0137405
0 0.529688 0.203564 0.192188 0.195996 0.0136337
0 0.387109 0.876562 0.0953125 0.134375 0.0133286
0 0.149829 0.116895 0.156982 0.231055 0.0132217
0 0.79375 0.612891 0.23125 0.142188 0.01297
1 0.559375 0.507715 0.232812 0.42832 0.0127258
0 0.225391 0.46416 0.185937 0.368555 0.0118713
0 0.596875 0.0342773 0.141406 0.0685547 0.0118713
0 0.358984 0.889844 0.178125 0.21875 0.0116882
1 0.120312 0.730469 0.240625 0.364062 0.0112457
0 0.409375 0.753125 0.227344 0.175 0.0109863
0 0.472656 0.202295 0.153906 0.159473 0.0108566
1 0.535156 0.927344 0.204688 0.145313 0.0105667
0 0.839844 0.651563 0.295312 0.223438 0.00955963
0 0.325 0.686719 0.0648438 0.110937 0.00937653
1 0.402734 0.86875 0.123438 0.140625 0.00933838
0 0.80625 0.295117 0.235938 0.157422 0.00878143
1 0.348633 0.840625 0.179297 0.31875 0.00821686
1 0.582031 0.557422 0.178125 0.341406 0.00784302
0 0.354883 0.811133 0.156641 0.265234 0.0078125
0 0.367969 0.0234863 0.1 0.0420898 0.00772476
1 0.914844 0.644922 0.145313 0.169531 0.00760651
0 0.289062 0.114551 0.116797 0.22168 0.00751877
0 0.364062 0.85332 0.175781 0.221484 0.00743103
1 0.225391 0.46416 0.185937 0.368555 0.00737381
0 0.2375 0.496484 0.121094 0.26875 0.00712204
1 0.682031 0.135645 0.135937 0.271289 0.00709534
1 0.0814453 0.636328 0.162109 0.169531 0.00698471
1 0.517578 0.897266 0.241406 0.205469 0.00698471
1 0.0655273 0.364258 0.131055 0.162891 0.00679779
0 0.835938 0.11582 0.096875 0.216797 0.00643921
1 0.489062 0.928125 0.178125 0.14375 0.00595856
1 0.707812 0.0983398 0.153125 0.168555 0.00572968
0 0.298438 0.148438 0.1 0.282813 0.00570679
0 0.8875 0.652344 0.084375 0.165625 0.00553513
0 0.151147 0.0756836 0.157471 0.151367 0.00547028
1 0.389062 0.832031 0.239063 0.325 0.00538635
1 0.420703 0.475781 0.211719 0.359375 0.00538635
0 0.976562 0.548437 0.046875 0.140625 0.00538635
0 0.532031 0.0185059 0.154687 0.0370117 0.00530243
0 0.455078 0.753125 0.282031 0.167187 0.00496292
0 0.93125 0.90625 0.134375 0.182812 0.0049057
0 0.120312 0.730469 0.240625 0.364062 0.00468063
0 0.308984 0.208203 0.110937 0.223438 0.00453949
0 0.940625 0.763281 0.115625 0.1375 0.00426483
1 0.946094 0.857227 0.107813 0.285547 0.00419998
0 0.0457031 0.134961 0.0720703 0.269922 0.00415039
1 0.0469238 0.142383 0.0713867 0.25625 0.00411606
0 0.721094 0.0957031 0.128125 0.138086 0.00400543
0 0.596094 0.619531 0.134375 0.207813 0.00400543
0 0.449219 0.0315186 0.1375 0.0630371 0.0039444
1 0.9375 0.79082 0.115625 0.193359 0.00385475
1 0.486719 0.18667 0.175 0.206348 0.0037365
1 0.156934 0.134375 0.177539 0.253906 0.00356483
0 0.436328 0.0134521 0.130469 0.0269043 0.00352478
0 0.54375 0.0145508 0.132812 0.0291016 0.00342941
0 0.542188 0.178125 0.135937 0.237891 0.00329781
0 0.503516 0.530371 0.335938 0.387695 0.00324821
0 0.621094 0.0186523 0.16875 0.0373047 0.00318527
0 0.386035 0.0212402 0.118555 0.0368164 0.00316048
0 0.495703 0.013916 0.141406 0.027832 0.00312424
0 0.745703 0.344531 0.167969 0.221875 0.00312424
0 0.753125 0.432813 0.175 0.225781 0.00309944
0 0.454688 0.0775635 0.157031 0.0515137 0.003088
1 0.441406 0.0857422 0.128125 0.0701172 0.00301552
0 0.415625 0.544531 0.196094 0.228125 0.00298119
0 0.45791 0.80625 0.30293 0.273438 0.0029583
0 0.907812 0.853125 0.179688 0.292188 0.00281143
0 0.88125 0.436719 0.165625 0.332812 0.00277901
0 0.93125 0.670703 0.109375 0.246094 0.00274658
0 0.420703 0.382129 0.191406 0.21543 0.00269318
1 0.80332 0.644141 0.127734 0.200781 0.0026722
0 0.446875 0.724609 0.267188 0.111719 0.00253105
0 0.191357 0.259375 0.179785 0.0320312 0.00248146
0 0.471875 0.0302246 0.160156 0.0604492 0.00248146
1 0.267578 0.0866211 0.102344 0.16582 0.00239754
0 0.451562 0.0693359 0.1 0.0382813 0.00235939
0 0.178125 0.777344 0.155469 0.184375 0.00232315
0 0.203906 0.266602 0.169141 0.053125 0.00231361
0 0.386719 0.0148926 0.110156 0.0297852 0.00229645
0 0.379297 0.0191162 0.0898438 0.0382324 0.00220871
0 0.33125 0.90625 0.155469 0.179688 0.00219154
0 0.998047 0.122168 0.00390625 0.244336 0.00214958
0 0.460938 0.072168 0.153125 0.0318359 0.00214958
0 0.807031 0.620313 0.335938 0.229687 0.00214958
0 0.608594 0.0282227 0.122656 0.0525391 0.00209999
0 0.606641 0.557813 0.111719 0.334375 0.00208282
0 0.452344 0.200049 0.109375 0.156934 0.00208282
0 0.5875 0.0143555 0.125 0.0287109 0.00205803
0 0.76875 0.896875 0.153125 0.20625 0.00195694
1 0.346094 0.889063 0.183594 0.221875 0.00194168
0 0.6125 0.0493652 0.126563 0.0333008 0.00192642
0 0.6875 0.0421997 0.0875 0.068335 0.00189686
1 0.6875 0.0924072 0.117188 0.167139 0.00185299
1 0.325 0.686719 0.0648438 0.110937 0.00185299
0 0.0358398 0.161523 0.0716797 0.323047 0.00183868
0 0.558594 0.0177734 0.16875 0.0355469 0.00179577
0 0.946094 0.857227 0.107813 0.285547 0.00178242
0 0.645312 0.0173584 0.173438 0.0347168 0.00178242
0 0.0450684 0.463184 0.0834961 0.21582 0.00176811
0 0.853906 0.15498 0.153125 0.158789 0.00176144
0 0.688281 0.071875 0.0921875 0.136328 0.00176144
0 0.437891 0.14043 0.121875 0.178125 0.0017004
0 0.5375 0.0781494 0.159375 0.0440918 0.00169373
0 0.601562 0.00964355 0.1375 0.0192871 0.00169373
0 0.691016 0.028125 0.0929687 0.0501953 0.00163555
0 0.37207 0.77793 0.186328 0.200391 0.00163555
1 0.976562 0.548437 0.046875 0.140625 0.00158501
0 0.983984 0.167578 0.0320312 0.299219 0.00157356
0 0.469531 0.0200928 0.167187 0.0354004 0.00154305
0 0.248828 0.0889648 0.0570313 0.170703 0.00153065
0 0.766797 0.124194 0.0523437 0.171143 0.00151253
1 0.364453 0.811719 0.172656 0.264062 0.00151253
1 0.372656 0.0331543 0.096875 0.0662109 0.00150681
0 0.0264648 0.857031 0.0521484 0.267188 0.00149536
1 0.0384277 0.140137 0.0768555 0.280273 0.00148964
0 0.600391 0.038916 0.111719 0.069043 0.00148392
0 0.835938 0.703516 0.320312 0.328906 0.0014782
0 0.608984 0.0521484 0.136719 0.0451172 0.0014782
1 0.909375 0.435547 0.096875 0.228906 0.0014782
0 1 0.557813 0 0.132812 0.00146103
0 0.448828 0.00550537 0.139062 0.0110107 0.00144386
0 0.374023 0.0328125 0.0839844 0.065625 0.00141621
0 0.982813 0.126855 0.034375 0.244336 0.00140476
1 0.88125 0.436719 0.165625 0.332812 0.00136662
0 0.5875 0.017627 0.170312 0.0352539 0.00135612
0 0.434375 0.0827148 0.107813 0.0470703 0.00134563
0 0.85 0.0757812 0.128125 0.15 0.00134563
0 0.721094 0.728906 0.1875 0.270312 0.00134087
0 0.352734 0.796094 0.139844 0.1875 0.00131512
0 0.689062 0.0566895 0.0921875 0.0911133 0.00130463
0 0.672656 0.200586 0.11875 0.143359 0.00130463
1 0.0444336 0.814062 0.0888672 0.371875 0.00128937
0 0.505078 0.0310547 0.161719 0.0621094 0.00127411
0 0.392188 0.0323242 0.135156 0.0646484 0.00125504
0 0.535547 0.106738 0.153125 0.0982422 0.00124454
0 0.0465942 0.182812 0.074585 0.175391 0.00124454
0 0.7125 0.0313477 0.125 0.0573242 0.00124454
0 0.75 0.102637 0.0734375 0.150586 0.00123978
0 0.532031 0.0363281 0.0984375 0.0679687 0.00123024
1 0.2375 0.496484 0.121094 0.26875 0.0012207
0 0.903125 0.440625 0.134375 0.307031 0.0012064
1 0.983984 0.167578 0.0320312 0.299219 0.00119209
1 0.913281 0.124609 0.171875 0.223438 0.00118828
0 0.525781 0.770703 0.101562 0.192969 0.00118351
0 0.417188 0.187305 0.0390625 0.175 0.00118351
1 0.982813 0.126855 0.034375 0.244336 0.00117874
1 0.0465942 0.182812 0.074585 0.175391 0.00117874
0 0.0561035 0.433594 0.10459 0.266406 0.00116539
0 0.503906 0.758594 0.171875 0.179688 0.00114727
0 0.742969 0.89375 0.220313 0.209375 0.00114727
0 0.0389648 0.161523 0.0779297 0.257812 0.00114727
0 0.754297 0.65 0.199219 0.197656 0.0011425
0 0.979688 0.569531 0.040625 0.214062 0.00113773
0 0.529688 0.0138672 0.107813 0.0277344 0.00113773
0 0.913281 0.124609 0.171875 0.223438 0.00113392
0 0.923437 0.703516 0.140625 0.246094 0.00113392
0 0.441797 0.178711 0.210156 0.262891 0.00110722
1 0.88125 0.635938 0.16875 0.189063 0.0011034
0 1 0.6 0 0.1875 0.00109005
0 0.470313 0.00849609 0.145313 0.0169922 0.00107288
0 0.269141 0.125 0.0867188 0.24375 0.00107288
1 0.596875 0.0342773 0.141406 0.0685547 0.00106525
0 0.964453 0.428223 0.0710938 0.241992 0.00105286
0 0.508594 0.0173096 0.175 0.0339355 0.00102425
0 0.904688 0.902344 0.134375 0.18125 0.00100803
1 0.166211 0.432813 0.311328 0.375 0.80127
1 0.816406 0.38125 0.301562 0.335938 0.780762
1 0.494531 0.5 0.35 0.441406 0.655762
1 0.144238 0.796094 0.268555 0.398438 0.63623
1 0.80957 0.771875 0.380859 0.440625 0.620605
1 0.500781 0.183545 0.235938 0.246191 0.59375
1 0.812695 0.667969 0.371484 0.245312 0.53125
1 0.445312 0.832031 0.349219 0.335938 0.511719
1 0.117773 0.639063 0.230859 0.175 0.453369
1 0.703516 0.140234 0.163281 0.240625 0.44751
1 0.500391 0.831641 0.252344 0.336719 0.332031
0 0.496094 0.181445 0.236719 0.251172 0.191284
0 0.463965 0.832031 0.32207 0.335938 0.168823
1 0.91875 0.896875 0.15 0.20625 0.153564
0 0.915625 0.89375 0.160938 0.185937 0.153564
1 0.848633 0.647656 0.274609 0.214062 0.126953
0 0.510938 0.860937 0.234375 0.278125 0.126831
1 0.213867 0.141699 0.298047 0.264648 0.125122
1 0.580859 0.509375 0.188281 0.419531 0.10968
1 0.738281 0.114038 0.101562 0.179736 0.108582
1 0.776563 0.132031 0.303125 0.233203 0.0895996
0 0.493359 0.5 0.357812 0.435156 0.0794678
1 0.84082 0.635156 0.224609 0.182812 0.0663452
1 0.85 0.122363 0.14375 0.194336 0.0603027
0 0.580859 0.509375 0.188281 0.419531 0.043457
1 0.707812 0.119922 0.151562 0.179688 0.0403748
1 0.105273 0.61875 0.210547 0.15 0.0383301
1 0.140918 0.669141 0.272852 0.239844 0.0371094
1 0.851562 0.156348 0.14375 0.174805 0.0354004
0 0.213281 0.141406 0.297656 0.259375 0.0307922
1 0.409375 0.544922 0.179688 0.199219 0.0307922
0 0.498437 0.8 0.05625 0.101562 0.0297546
0 0.483594 0.921094 0.175 0.157813 0.0278015
1 0.903125 0.422656 0.128125 0.189844 0.0248871
0 0.704687 0.148145 0.167187 0.264648 0.0239105
0 0.81875 0.376563 0.307813 0.328125 0.0226288
1 0.87207 0.660156 0.205859 0.140625 0.0222931
1 0.241357 0.483594 0.158691 0.207813 0.0196381
0 0.903125 0.422656 0.128125 0.189844 0.0187683
1 0.948438 0.236719 0.0734375 0.173438 0.0173798
0 0.9375 0.101172 0.0640625 0.202344 0.016983
1 0.0759033 0.634375 0.148975 0.16875 0.0167236
1 0.939062 0.126953 0.071875 0.253906 0.0163422
1 0.484766 0.75 0.224219 0.165625 0.0160217
1 0.86875 0.173438 0.109375 0.152734 0.0142822
0 0.288867 0.195117 0.151953 0.189844 0.012146
1 0.533594 0.193164 0.176563 0.208203 0.0118256
1 0.697266 0.173926 0.166406 0.210352 0.0106125
0 0.0935547 0.638672 0.187109 0.177344 0.0104523
1 0.582031 0.603125 0.178125 0.2 0.0104065
1 0.95 0.256836 0.078125 0.248047 0.0102463
0 0.409375 0.544922 0.179688 0.199219 0.00985718
0 0.582031 0.603125 0.178125 0.2 0.00963593
1 0.7625 0.826563 0.170312 0.146875 0.00945282
1 0.0835937 0.660156 0.166602 0.121875 0.0091629
1 0.821875 0.304297 0.240625 0.133203 0.00891876
0 0.975781 0.543359 0.0484375 0.163281 0.00837708
1 0.975781 0.543359 0.0484375 0.163281 0.008255
1 0.150586 0.867969 0.198828 0.167187 0.00775528
1 0.288867 0.195117 0.151953 0.189844 0.00772476
1 0.108594 0.665234 0.192578 0.107813 0.00757599
0 0.164453 0.439063 0.314844 0.385938 0.00737381
1 0.549219 0.216748 0.1375 0.179785 0.0069046
0 0.939062 0.754687 0.1125 0.126563 0.0069046
0 0.523828 0.917188 0.210156 0.165625 0.00682449
0 0.860937 0.164453 0.123438 0.152344 0.00669098
1 0.447754 0.728906 0.268555 0.125 0.00669098
1 0.358008 0.834375 0.186328 0.33125 0.0064621
0 0.484766 0.75 0.224219 0.165625 0.00634003
1 0.340625 0.916797 0.167969 0.166406 0.00629044
1 0.845312 0.0887695 0.148438 0.17168 0.00605011
0 0.979688 0.55 0.034375 0.173438 0.00582123
0 0.499219 0.782031 0.0648438 0.179688 0.00579834
1 0.832617 0.132422 0.197266 0.244531 0.00566483
0 0.533594 0.193164 0.176563 0.208203 0.00547028
0 0.85 0.122363 0.14375 0.194336 0.00547028
0 0.354102 0.907812 0.187109 0.175 0.00538635
0 0.503906 0.798633 0.0625 0.0777344 0.00524139
1 0.153101 0.142188 0.192236 0.237109 0.00518036
0 0.471875 0.783008 0.028125 0.149609 0.00496292
0 0.84082 0.635156 0.224609 0.182812 0.00471878
1 0.804883 0.842188 0.377734 0.315625 0.00452042
1 0.147168 0.889063 0.174414 0.140625 0.00443268
1 0.510156 0.904297 0.234375 0.191406 0.00443268
1 0.760938 0.852344 0.167187 0.142188 0.00432968
0 0.836133 0.646094 0.299609 0.209375 0.00424957
0 0.0370605 0.166992 0.065625 0.217578 0.00418091
1 0.0370605 0.166992 0.065625 0.217578 0.00413513
0 0.241016 0.499219 0.154687 0.194531 0.0041008
1 0.907812 0.647656 0.175 0.1625 0.00405502
1 0.376172 0.533203 0.122656 0.210156 0.00403976
1 0.186133 0.786133 0.191016 0.212109 0.0039444
1 0.569531 0.217773 0.0953125 0.174609 0.00391388
0 0.320312 0.674609 0.0726563 0.115625 0.00378036
1 0.263281 0.0806885 0.182031 0.154248 0.00376511
0 0.494531 0.803906 0.0453125 0.08125 0.00376511
0 0.702734 0.111719 0.160156 0.182812 0.00376511
0 0.447754 0.728906 0.268555 0.125 0.00369263
0 0.9375 0.13125 0.075 0.2625 0.00367928
0 0.46875 0.781445 0.0296875 0.174609 0.00366402
1 0.109937 0.865625 0.130127 0.159375 0.00346947
1 0.95 0.202344 0.06875 0.221875 0.00345612
0 0.144238 0.796094 0.268555 0.398438 0.00345612
1 0.232031 0.059375 0.120312 0.108984 0.00340271
1 0.908594 0.443652 0.110937 0.17832 0.00329781
1 0.828906 0.325 0.245312 0.107031 0.00322342
1 0.138281 0.645312 0.2125 0.114063 0.00319672
0 0.738281 0.114038 0.101562 0.179736 0.00318527
0 0.914844 0.748438 0.164062 0.128125 0.00302696
1 0.654297 0.802344 0.0804688 0.170312 0.00294685
0 0.847656 0.783008 0.296875 0.433984 0.00287819
1 0.094165 0.858594 0.141748 0.217187 0.00282288
0 0.216406 0.0543945 0.0332031 0.108789 0.00282288
1 0.95625 0.297656 0.075 0.275 0.00279045
1 0.738281 0.140918 0.09375 0.135742 0.00274658
0 0.449219 0.78125 0.0421875 0.142188 0.0027256
1 0.320312 0.673437 0.0703125 0.096875 0.00269318
0 0.153101 0.142188 0.192236 0.237109 0.0026722
1 0.242529 0.517969 0.146973 0.184375 0.00261116
1 0.208594 0.798437 0.152344 0.204688 0.00256157
1 0.483594 0.921094 0.175 0.157813 0.00248146
1 0.9 0.400879 0.134375 0.262305 0.00247192
1 0.838281 0.346094 0.225 0.192188 0.00245285
1 0.498437 0.8 0.05625 0.101562 0.00244331
0 0.586719 0.545313 0.173438 0.225 0.00237846
1 0.510156 0.766797 0.164062 0.157031 0.00234222
1 0.946875 0.158984 0.075 0.239063 0.00228691
0 0.215234 0.0669922 0.0242187 0.119141 0.00227928
1 0.172168 0.363672 0.25293 0.136719 0.00223351
0 0.975 0.575781 0.05 0.2 0.00222588
1 0.669531 0.799219 0.107813 0.175 0.00219917
0 0.358008 0.834375 0.186328 0.33125 0.00214005
0 0.510156 0.766797 0.164062 0.157031 0.00212479
1 0.504687 0.208008 0.21875 0.150391 0.00209999
1 0.836719 0.0613281 0.160938 0.122656 0.00209045
1 0.160547 0.331055 0.267969 0.129297 0.0020752
1 0.74375 0.083374 0.0859375 0.118799 0.0020504
1 0.807813 0.614062 0.251563 0.14375 0.00201035
1 0.349219 0.881641 0.175781 0.236719 0.00200272
0 0.95 0.256836 0.078125 0.248047 0.00198746
1 0.235938 0.470215 0.177344 0.30957 0.00197983
1 0.733594 0.945312 0.223438 0.109375 0.00197983
1 0.109985 0.8375 0.139014 0.153125 0.00194931
1 0.173242 0.86875 0.198047 0.196875 0.00194168
1 0.936719 0.103418 0.0625 0.204102 0.00192642
1 0.882812 0.194141 0.103125 0.138281 0.00192642
1 0.198437 0.489453 0.228516 0.15625 0.00191879
0 0.364648 0.882812 0.196484 0.1375 0.00188923
1 0.453516 0.773047 0.296875 0.221094 0.00186729
0 0.908594 0.443652 0.110937 0.17832 0.00183868
1 0.272656 0.0644531 0.161719 0.128906 0.00181007
0 0.948438 0.236719 0.0734375 0.173438 0.00181007
0 0.655469 0.9625 0.059375 0.075 0.0018034
0 0.87207 0.660156 0.205859 0.140625 0.00174141
0 0.504687 0.208008 0.21875 0.150391 0.00173378
0 0.865625 0.771094 0.065625 0.0875 0.00173378
1 0.915625 0.678516 0.165625 0.116406 0.00171375
0 0.65 0.804492 0.0765625 0.169141 0.00170708
0 0.549219 0.216748 0.1375 0.179785 0.00168705
1 0.975 0.575781 0.05 0.2 0.00168705
1 0.851758 0.383984 0.221484 0.221094 0.00166798
0 0.596094 0.964063 0.0609375 0.071875 0.0016613
0 0.453516 0.773047 0.296875 0.221094 0.0016489
0 0.575391 0.910937 0.110156 0.178125 0.00162315
0 0.37959 0.213281 0.0376953 0.178906 0.00161648
0 0.391797 0.183203 0.0625 0.170703 0.00154877
0 0.504687 0.934375 0.19375 0.128125 0.00150681
0 0.389453 0.864844 0.152344 0.125 0.00150108
0 0.549219 0.901563 0.157813 0.19375 0.00149536
0 0.605078 0.926562 0.053125 0.146875 0.00146675
1 0.707031 0.176221 0.165625 0.153027 0.00145531
0 0.602344 0.942187 0.0546875 0.115625 0.00143242
1 0.940234 0.890625 0.119531 0.20625 0.00140476
1 0.223633 0.779492 0.120312 0.187891 0.00138855
1 0.694922 0.821094 0.142969 0.1375 0.00138855
0 0.569531 0.217773 0.0953125 0.174609 0.00137806
0 0.30332 0.211279 0.117578 0.177441 0.00133038
0 0.376172 0.533203 0.122656 0.210156 0.00132465
0 0.263672 0.0835937 0.203125 0.167187 0.00130939
0 0.383203 0.190967 0.0460938 0.179785 0.00129986
0 0.390234 0.213477 0.01875 0.214453 0.00129414
0 0.977344 0.526563 0.0453125 0.223438 0.0012846
0 0.9 0.400879 0.134375 0.262305 0.00127411
1 0.873438 0.402734 0.190625 0.20625 0.00127411
1 0.156738 0.308008 0.267773 0.126172 0.0012598
1 0.829687 0.676172 0.15 0.141406 0.00124454
0 0.669531 0.799219 0.107813 0.175 0.00123501
1 0.19082 0.422656 0.222266 0.0914062 0.00122547
0 0.812695 0.667969 0.371484 0.245312 0.00122547
1 0.759375 0.882812 0.171875 0.19375 0.00119686
1 0.436035 0.536328 0.145117 0.196094 0.00119209
1 0.194531 0.386035 0.203125 0.12168 0.0011692
1 0.977344 0.526563 0.0453125 0.223438 0.00116539
1 0.818555 0.122949 0.156641 0.156055 0.00115108
0 0.510156 0.790625 0.0734375 0.078125 0.00112915
1 0.200439 0.402441 0.193652 0.0935547 0.00112915
0 0.390234 0.199414 0.0304688 0.207422 0.0011158
0 0.95625 0.297656 0.075 0.275 0.00110722
1 0.131152 0.860937 0.262305 0.278125 0.00109482
0 0.390234 0.1875 0.046875 0.194141 0.00108147
1 0.723437 0.0927734 0.129688 0.133984 0.00108147
1 0.432813 0.747656 0.260156 0.164062 0.00106525
1 0.117163 0.889844 0.153955 0.151562 0.00106525
1 0.819531 0.0908447 0.159375 0.152295 0.00106525
0 0.845312 0.768359 0.0359375 0.0929687 0.00106525
1 0.93125 0.75625 0.134375 0.139062 0.00106049
0 0.455469 0.558594 0.107031 0.207813 0.00104809
0 0.760938 0.852344 0.167187 0.142188 0.00103664
1 0.145923 0.617188 0.194092 0.121875 0.00101185
0 0.432813 0.747656 0.260156 0.164062 0.00101185
0 0.446484 0.474609 0.258594 0.386719 0.795898
0 0.492578 0.482715 0.353906 0.404883 0.792969
0 0.813281 0.396973 0.298438 0.35918 0.695312
0 0.43125 0.8375 0.324219 0.325 0.641602
0 0.578516 0.528516 0.18125 0.350781 0.583008
1 0.138867 0.83125 0.276172 0.3375 0.551758
0 0.159766 0.431152 0.319531 0.364258 0.520508
0 0.142773 0.843359 0.285547 0.313281 0.517578
0 0.504687 0.178906 0.228125 0.239063 0.513672
1 0.8125 0.775 0.375 0.45 0.475586
0 0.488281 0.837109 0.282813 0.325781 0.403564
1 0.0798828 0.632031 0.15293 0.159375 0.383057
0 0.368359 0.839258 0.203125 0.321484 0.356689
0 0.811328 0.773047 0.377344 0.453906 0.332764
1 0.158984 0.438184 0.317969 0.383008 0.275146
1 0.106055 0.641797 0.207422 0.186719 0.265137
1 0.716406 0.112793 0.189063 0.216602 0.222046
0 0.216016 0.148438 0.292969 0.294141 0.190674
1 0.812305 0.385547 0.303516 0.350781 0.181274
0 0.860156 0.791406 0.279687 0.417188 0.154053
0 0.486328 0.925 0.178906 0.146875 0.150513
1 0.728125 0.115259 0.121875 0.176514 0.132935
0 0.0798828 0.632031 0.15293 0.159375 0.12085
1 0.42666 0.837695 0.307617 0.324609 0.097229
1 0.507422 0.179102 0.228906 0.233203 0.0803833
1 0.779492 0.112012 0.275391 0.221289 0.0682983
0 0.710547 0.128027 0.180469 0.243555 0.0605164
1 0.488184 0.473535 0.337695 0.388867 0.058136
0 0.728125 0.115259 0.121875 0.176514 0.0558167
1 0.910937 0.638281 0.146875 0.179688 0.053009
0 0.854688 0.650781 0.25 0.21875 0.0523376
0 0.491406 0.747656 0.20625 0.151562 0.0501404
1 0.860156 0.791406 0.279687 0.417188 0.0469055
0 0.462598 0.771875 0.263867 0.201562 0.045105
1 0.848437 0.113281 0.146875 0.221484 0.0431213
1 0.854688 0.650781 0.25 0.21875 0.041687
0 0.106055 0.641797 0.207422 0.186719 0.0409241
0 0.235352 0.45 0.158203 0.352344 0.0362244
0 0.705469 0.110937 0.165625 0.180078 0.0359497
0 0.462598 0.744531 0.287305 0.146875 0.0337219
0 0.523438 0.921875 0.189063 0.15 0.0292053
1 0.434766 0.471875 0.235938 0.383594 0.0259552
1 0.488281 0.837109 0.282813 0.325781 0.0246124
0 0.848437 0.113281 0.146875 0.221484 0.0231018
1 0.386035 0.837109 0.216992 0.325781 0.0220337
1 0.745703 0.113379 0.0882813 0.186133 0.0216217
0 0.416016 0.4875 0.200781 0.346875 0.0213623
1 0.578516 0.528516 0.18125 0.350781 0.0177155
0 0.921094 0.850977 0.157813 0.298047 0.0175781
0 0.675781 0.153906 0.110937 0.235938 0.0175171
0 0.910937 0.638281 0.146875 0.179688 0.0165253
1 0.491406 0.747656 0.20625 0.151562 0.0164642
0 0.345703 0.880469 0.159375 0.234375 0.0162811
0 0.745703 0.113379 0.0882813 0.186133 0.0154266
0 0.779492 0.112012 0.275391 0.221289 0.0151901
1 0.216016 0.148438 0.292969 0.294141 0.0136337
1 0.707812 0.150781 0.178125 0.280469 0.0135345
0 0.733594 0.809766 0.229687 0.380469 0.0134277
0 0.932813 0.822656 0.13125 0.235938 0.0123367
0 0.512891 0.871484 0.242188 0.257031 0.0112457
0 0.269531 0.160449 0.182812 0.292773 0.0104904
1 0.235352 0.45 0.158203 0.352344 0.00993347
1 0.462598 0.744531 0.287305 0.146875 0.0086441
0 0.549609 0.195117 0.139844 0.207422 0.00818634
1 0.133228 0.621094 0.159326 0.14375 0.00793457
0 0.358203 0.86875 0.182031 0.18125 0.0068779
1 0.675781 0.153906 0.110937 0.235938 0.00674438
1 0.486328 0.925 0.178906 0.146875 0.00653839
0 0.525781 0.752734 0.145313 0.157031 0.0064888
1 0.462598 0.771875 0.263867 0.201562 0.00643921
0 0.827734 0.842188 0.344531 0.315625 0.00631332
1 0.121875 0.757422 0.238281 0.416406 0.00579834
0 0.522266 0.923437 0.120312 0.146875 0.00579834
0 0.190576 0.130469 0.22666 0.257812 0.00561905
0 0.492969 0.198779 0.2 0.154785 0.0053215
0 0.550391 0.907031 0.157031 0.182812 0.00519943
0 0.574219 0.576563 0.1625 0.2375 0.00477219
1 0.932813 0.822656 0.13125 0.235938 0.00468063
1 0.853906 0.641406 0.201562 0.184375 0.00455475
0 0.932813 0.784375 0.13125 0.159375 0.0042305
0 0.0592773 0.435059 0.113477 0.254883 0.0039444
1 0.820312 0.205664 0.2125 0.408984 0.00388527
0 0.0581055 0.863867 0.108203 0.250391 0.00385475
1 0.735937 0.794531 0.232812 0.410937 0.00346947
1 0.892187 0.646094 0.1 0.171875 0.00342941
0 0.853906 0.641406 0.201562 0.184375 0.00328636
0 0.93125 0.886719 0.134375 0.223438 0.00317192
1 0.525781 0.752734 0.145313 0.157031 0.00316048
0 0.374609 0.0350098 0.084375 0.0638672 0.00270462
0 0.978906 0.511621 0.0421875 0.764258 0.00266266
1 0.921094 0.850977 0.157813 0.298047 0.00256157
1 0.523438 0.921875 0.189063 0.15 0.0024929
0 0.892187 0.646094 0.1 0.171875 0.00233269
0 0.00445557 0.760938 0.00891113 0.367188 0.00230598
0 0.760156 0.882031 0.167187 0.232812 0.00229645
0 0.0427856 0.15 0.0728271 0.2375 0.00225258
0 0.805469 0.644141 0.279687 0.191406 0.00215721
1 0.133594 0.664844 0.253516 0.217187 0.00210762
0 0.388281 0.838281 0.134375 0.178125 0.00202751
0 0.0043335 0.632031 0.00866699 0.245312 0.00201035
1 0.733594 0.857422 0.229687 0.285156 0.00188923
1 0.805469 0.644141 0.279687 0.191406 0.00188255
0 0.00432129 0.853125 0.00864258 0.29375 0.00181007
0 0.00461426 0.217139 0.00922852 0.32666 0.00176144
0 0.741406 0.171582 0.0921875 0.0822266 0.00171375
1 0.827734 0.842188 0.344531 0.315625 0.00163555
0 0.69375 0.150488 0.14375 0.25918 0.00161648
1 0.269531 0.160449 0.182812 0.292773 0.00148964
1 0.978906 0.523438 0.0421875 0.603125 0.0014782
1 0.354492 0.89375 0.177734 0.2 0.0014782
0 0.335156 0.902344 0.132812 0.19375 0.00142097
0 0.0449341 0.451172 0.0863037 0.235156 0.00133514
0 0.532031 0.904688 0.1125 0.190625 0.00131512
1 0.158789 0.132617 0.169922 0.262109 0.00130939
0 0.0325928 0.84375 0.0651855 0.229687 0.00124454
0 0.98125 0.556641 0.0375 0.488281 0.00123024
1 0.932813 0.784375 0.13125 0.159375 0.00121593
0 0.152148 0.135352 0.178125 0.261719 0.00117874
0 0.996094 0.150977 0.0078125 0.301953 0.0011692
0 0.375781 0.0248047 0.09375 0.046875 0.00110722
0 0.185742 0.814844 0.173047 0.270312 0.00108147
1 0.549609 0.195117 0.139844 0.207422 0.00106049
0 0.36875 0.813281 0.175781 0.245312 0.00104809
0 0.491016 0.489746 0.361719 0.429883 0.875977
0 0.444531 0.832031 0.364844 0.334375 0.843262
0 0.813281 0.380859 0.309375 0.348437 0.776855
0 0.14082 0.839063 0.276563 0.317187 0.762207
0 0.491016 0.178711 0.255469 0.244531 0.716797
1 0.809375 0.771094 0.38125 0.45625 0.628906
0 0.205518 0.15 0.326465 0.294141 0.57666
1 0.704687 0.142578 0.16875 0.276172 0.521484
0 0.803906 0.768359 0.389062 0.458594 0.496094
0 0.160742 0.438672 0.317578 0.399219 0.491211
1 0.161133 0.425879 0.31875 0.36543 0.397949
0 0.703516 0.137109 0.166406 0.269141 0.343262
1 0.126172 0.639844 0.242969 0.1875 0.305664
0 0.851562 0.121484 0.140625 0.233594 0.259033
1 0.142383 0.826563 0.277734 0.346875 0.251709
1 0.813281 0.39209 0.304688 0.367383 0.228882
1 0.211914 0.144824 0.314453 0.285742 0.165649
1 0.0858398 0.629687 0.15332 0.178125 0.150024
0 0.112695 0.632031 0.212109 0.173438 0.144165
1 0.85625 0.121875 0.1375 0.2375 0.121704
1 0.80625 0.125586 0.234375 0.251172 0.0930176
1 0.444141 0.832422 0.351562 0.335156 0.0722656
1 0.492969 0.482422 0.358594 0.414844 0.0537109
1 0.497266 0.177344 0.245312 0.246094 0.051178
0 0.48125 0.930469 0.15 0.139062 0.0386047
1 0.137988 0.673437 0.272461 0.276563 0.031311
0 0.80625 0.125586 0.234375 0.251172 0.0293121
0 0.355273 0.836133 0.186328 0.321484 0.0175171
0 0.137988 0.673437 0.272461 0.276563 0.0142822
0 0.983594 0.438184 0.0296875 0.20332 0.008255
0 0.583594 0.560547 0.176563 0.280469 0.00496292
0 0.996875 0.138867 0.00625 0.277734 0.00294685
0 0.917188 0.86875 0.165625 0.25625 0.00261116
0 0.989844 0.446973 0.0171875 0.23418 0.0024147
0 0.857813 0.14939 0.1375 0.165674 0.00184631
0 0.998438 0.940625 0.003125 0.11875 0.00168133
1 0.0377441 0.14707 0.0601562 0.245703 0.00133514
0 0.45625 0.947656 0.157813 0.104687 0.00126457
0 0.730078 0.833594 0.224219 0.328125 0.00123501
0 0.303516 0.998438 0.161719 0.003125 0.0011692
0 0.278125 0.997656 0.164844 0.0046875 0.00112438
0 0.255273 0.176611 0.221094 0.32959 0.00111198
1 0.930469 0.143945 0.13125 0.287891 0.00109863
0 0.999219 0.91875 0.0015625 0.1625 0.00105667
1 0.0697754 0.648438 0.134277 0.153125 0.00104427
0 0.977344 0.555078 0.0453125 0.139844 0.00101185
1 0.144531 0.773828 0.289062 0.452344 0.819336
1 0.808594 0.771875 0.379687 0.45625 0.817383
0 0.444531 0.83457 0.378125 0.330859 0.731934
0 0.497266 0.49375 0.361719 0.44375 0.712891
1 0.162988 0.435547 0.324805 0.375781 0.708008
0 0.817187 0.380859 0.317187 0.350781 0.625977
0 0.5 0.179297 0.258594 0.250781 0.617676
1 0.765625 0.143164 0.285937 0.277734 0.519531
1 0.81875 0.382812 0.31875 0.353125 0.489258
0 0.166211 0.439453 0.328125 0.396094 0.257568
1 0.493848 0.488965 0.35918 0.437695 0.240723
0 0.213281 0.146875 0.329688 0.289844 0.210083
1 0.444629 0.83125 0.36543 0.3375 0.199341
1 0.71875 0.144141 0.19375 0.272656 0.196777
1 0.198047 0.139648 0.351562 0.271484 0.188354
1 0.499219 0.183447 0.257812 0.252637 0.137939
0 0.14668 0.773438 0.293359 0.453125 0.123352
0 0.807813 0.773047 0.382812 0.453906 0.0957031
0 0.765625 0.143164 0.285937 0.277734 0.0566406
0 0.714453 0.14082 0.185156 0.269531 0.0500488
0 0.293555 0.15332 0.173047 0.284766 0.0259094
1 0.138574 0.632812 0.268945 0.184375 0.0219421
0 0.589063 0.523535 0.178125 0.406055 0.0204926
1 0.133691 0.136621 0.240039 0.260742 0.0113297
1 0.724219 0.109766 0.15 0.207031 0.00959778
0 0.724219 0.109766 0.15 0.207031 0.00878143
1 0.241211 0.155273 0.278516 0.287891 0.00818634
1 0.857813 0.113867 0.1375 0.223828 0.00800323
1 0.0467773 0.1375 0.071875 0.259375 0.00793457
0 0.366992 0.853906 0.175391 0.292188 0.00723267
0 0.741797 0.113647 0.105469 0.194971 0.00674438
0 0.492969 0.896094 0.180469 0.207813 0.00658798
1 0.293555 0.15332 0.173047 0.284766 0.00656509
0 0.138574 0.632812 0.268945 0.184375 0.00631332
0 0.133691 0.136621 0.240039 0.260742 0.00588989
0 0.976172 0.552734 0.0476562 0.158594 0.00524139
0 0.857813 0.113867 0.1375 0.223828 0.00443268
1 0.836719 0.135156 0.198437 0.256641 0.00438309
0 0.154102 0.123535 0.159766 0.242773 0.0039444
0 0.742969 0.151953 0.1 0.114453 0.00380898
0 0.836719 0.135156 0.198437 0.256641 0.00321007
1 0.35957 0.857227 0.169141 0.285547 0.00288963
0 0.0520996 0.141016 0.0938477 0.25625 0.0026207
0 0.418359 0.528125 0.189063 0.259375 0.00245285
0 0.460547 0.470215 0.285156 0.392383 0.00226021
0 0.536719 0.857031 0.20625 0.285937 0.00219154
1 0.589063 0.523535 0.178125 0.406055 0.00209045
1 0.794531 0.124023 0.284375 0.233984 0.00202751
0 0.55 0.184326 0.145313 0.236816 0.00195694
1 0.059082 0.137695 0.104492 0.257422 0.00177479
0 0.0439453 0.140137 0.0728516 0.280273 0.00157928
0 0.456641 0.760156 0.325781 0.196875 0.00138855
0 0.483203 0.174219 0.180469 0.237109 0.00119209
0 0.477344 0.935156 0.167187 0.129688 0.00103188
1 0.164453 0.438281 0.310156 0.394531 0.737793
0 0.49375 0.506934 0.351562 0.461133 0.679199
1 0.14668 0.841406 0.273438 0.309375 0.64502
0 0.508594 0.183936 0.226562 0.25166 0.62793
0 0.814062 0.395703 0.296875 0.365625 0.556641
1 0.771094 0.122168 0.301562 0.24082 0.550781
1 0.810156 0.769922 0.379687 0.460156 0.44458
1 0.129004 0.632812 0.248633 0.175 0.404541
1 0.0897461 0.632031 0.175586 0.16875 0.363037
0 0.444141 0.833008 0.349219 0.327734 0.357666
1 0.814844 0.390723 0.3 0.360742 0.348633
0 0.142676 0.837695 0.274805 0.324609 0.219971
0 0.514844 0.917188 0.225 0.1625 0.217285
0 0.509375 0.842188 0.242188 0.315625 0.210815
1 0.219092 0.139258 0.296191 0.276172 0.19873
1 0.49375 0.506934 0.351562 0.461133 0.191284
0 0.811523 0.770312 0.376953 0.459375 0.169678
0 0.769922 0.128711 0.297656 0.245703 0.163696
1 0.444141 0.833008 0.349219 0.327734 0.143677
0 0.84375 0.642969 0.284375 0.204688 0.124023
1 0.848437 0.647266 0.29375 0.214844 0.111023
0 0.721094 0.135742 0.201562 0.2375 0.105042
0 0.219092 0.139258 0.296191 0.276172 0.103577
0 0.130176 0.632422 0.25293 0.175781 0.0722656
1 0.873438 0.639063 0.203125 0.195312 0.0661011
1 0.510938 0.180273 0.225 0.245312 0.0561218
1 0.70625 0.118848 0.171875 0.220898 0.0474243
0 0.46416 0.749219 0.27793 0.157813 0.0460205
0 0.158398 0.429297 0.304688 0.380469 0.0435181
1 0.142188 0.697266 0.270312 0.311719 0.0414734
0 0.743359 0.774219 0.249219 0.451562 0.0261993
0 0.582812 0.526172 0.165625 0.385938 0.022934
0 0.0897461 0.632031 0.175586 0.16875 0.0191956
1 0.854688 0.119922 0.13125 0.225781 0.0177765
0 0.456641 0.764063 0.319531 0.2 0.0153046
1 0.743359 0.774219 0.249219 0.451562 0.0153046
0 0.357227 0.881055 0.171484 0.237891 0.0126266
0 0.853125 0.121582 0.1375 0.238086 0.0113297
1 0.732813 0.134082 0.221875 0.242383 0.0104904
0 0.873438 0.639063 0.203125 0.195312 0.00919342
1 0.842188 0.644141 0.13125 0.204688 0.0091629
0 0.934375 0.833008 0.126563 0.258984 0.00809479
0 0.708203 0.117871 0.164844 0.207227 0.00706482
1 0.46416 0.749219 0.27793 0.157813 0.00703812
0 0.421094 0.469531 0.214062 0.365625 0.00695801
1 0.509375 0.842188 0.242188 0.315625 0.00671768
0 0.786133 0.301367 0.252734 0.183203 0.00600433
1 0.923437 0.858203 0.134375 0.283594 0.00551224
0 0.150952 0.124609 0.162939 0.245312 0.00471878
1 0.456641 0.764063 0.319531 0.2 0.00390053
0 0.142188 0.697266 0.270312 0.311719 0.00366402
0 0.365625 0.837695 0.214844 0.324609 0.00290108
0 0.752344 0.875 0.184375 0.25 0.00259018
1 0.934375 0.833008 0.126563 0.258984 0.00240517
0 0.573047 0.560938 0.130469 0.317187 0.00232315
1 0.582812 0.526172 0.165625 0.385938 0.00220871
0 0.923437 0.858203 0.134375 0.283594 0.00216484
1 0.357422 0.873633 0.176563 0.252734 0.00194931
1 0.514844 0.917188 0.225 0.1625 0.00178242
0 0.973437 0.5625 0.053125 0.182812 0.00174809
1 0.824219 0.650391 0.0875 0.198437 0.00169373
1 0.421094 0.469531 0.214062 0.365625 0.00150681
1 0.0686035 0.138965 0.116895 0.260742 0.00148964
1 0.8 0.291406 0.234375 0.164844 0.00148964
0 0.553125 0.503125 0.229687 0.447656 0.00123501
0 0.728125 0.82832 0.221875 0.343359 0.00121593
1 0.104492 0.134961 0.184766 0.262109 0.00113392
1 0.177002 0.347266 0.290527 0.210156 0.00113392
1 0.717969 0.746094 0.160938 0.325 0.00112915
0 0.185937 0.804492 0.183594 0.247266 0.00106049
0 0.84375 0.642969 0.148438 0.204688 0.00104046
0 0.471191 0.453125 0.306055 0.354688 0.00101662
1 0.162305 0.429688 0.320703 0.375 0.794434
1 0.807813 0.772656 0.382812 0.454688 0.747559
0 0.493066 0.49541 0.357617 0.435742 0.676758
0 0.446777 0.835938 0.36582 0.326562 0.662109
1 0.771094 0.129102 0.304688 0.251172 0.650391
1 0.141016 0.771875 0.282031 0.453125 0.62793
1 0.815625 0.39375 0.310937 0.374219 0.550781
1 0.214453 0.138281 0.300391 0.269922 0.541016
0 0.502344 0.184424 0.241406 0.25459 0.446533
0 0.814062 0.400098 0.309375 0.37793 0.346924
1 0.132031 0.63125 0.264062 0.167187 0.21936
1 0.493066 0.491797 0.35918 0.43125 0.191284
1 0.446094 0.835938 0.371875 0.328125 0.182739
0 0.216406 0.141016 0.303906 0.276953 0.136108
1 0.503125 0.186328 0.245312 0.256641 0.0996704
0 0.81582 0.772461 0.368359 0.455078 0.0686646
0 0.772266 0.132422 0.303906 0.257812 0.0499573
0 0.357031 0.882422 0.190625 0.235156 0.0253754
1 0.706641 0.129883 0.180469 0.236719 0.0226288
0 0.124023 0.632031 0.244141 0.170312 0.0209656
0 0.507812 0.933594 0.214062 0.132812 0.0191956
0 0.16084 0.430469 0.32168 0.372656 0.0177765
1 0.844531 0.133984 0.160938 0.264453 0.0162811
1 0.188281 0.815625 0.189844 0.282813 0.0127716
0 0.738672 0.886133 0.232031 0.227734 0.0069046
0 0.140234 0.765625 0.280469 0.4625 0.00564194
0 0.706641 0.129883 0.180469 0.236719 0.00534439
1 0.360938 0.876172 0.196875 0.247656 0.00510025
0 0.188281 0.815625 0.189844 0.282813 0.0049057
1 0.141309 0.84043 0.282227 0.316016 0.00403976
0 0.529688 0.569531 0.282813 0.285937 0.00367928
0 0.975781 0.545313 0.0484375 0.21875 0.00284576
0 0.844531 0.133984 0.160938 0.264453 0.00279045
0 0.514453 0.892969 0.23125 0.214062 0.00277901
0 0.569141 0.604688 0.199219 0.210938 0.00264168
0 0.9875 0.459375 0.01875 0.248437 0.00244331
0 0.420703 0.534766 0.211719 0.246094 0.00214958
1 0.829883 0.679688 0.321484 0.275 0.00201988
0 0.988281 0.420215 0.0171875 0.25332 0.00195694
0 0.576172 0.544141 0.194531 0.316406 0.00173378
0 0.141309 0.84043 0.282227 0.316016 0.00167465
0 0.825781 0.677344 0.328125 0.26875 0.00154877
0 0.99375 0.458594 0.0125 0.255469 0.00151253
0 0.978516 0.509375 0.0429688 0.223438 0.0014782
0 0.979688 0.608594 0.0375 0.23125 0.00145531
0 0.923437 0.879297 0.153125 0.241406 0.00145531
1 0.975781 0.545313 0.0484375 0.21875 0.00136662
0 0.9875 0.382031 0.015625 0.257812 0.00133514
0 0.994141 0.621094 0.0117188 0.254687 0.00126457
0 0.456348 0.797656 0.326367 0.270312 0.00125504
1 0.0555664 0.155371 0.0917969 0.30332 0.00116539
1 0.738672 0.878906 0.225781 0.240625 0.0011425
0 0.984375 0.495996 0.028125 0.242383 0.00112438
0 0.9875 0.332422 0.015625 0.255469 0.00111198
1 0.0425781 0.133789 0.0761719 0.267578 0.00110722
1 0.103345 0.635156 0.187842 0.173438 0.00108147
1 0.16582 0.440527 0.315234 0.392383 0.875977
1 0.811719 0.773047 0.373437 0.453906 0.786133
1 0.142285 0.772656 0.277148 0.446875 0.776855
1 0.816992 0.397559 0.306641 0.376758 0.75
0 0.49375 0.495313 0.359375 0.440625 0.712891
0 0.446875 0.835156 0.367188 0.329688 0.669922
0 0.500781 0.18418 0.246875 0.256641 0.572754
1 0.22207 0.155273 0.301172 0.304297 0.489258
1 0.762109 0.138965 0.288281 0.27207 0.436768
1 0.446191 0.834375 0.363867 0.33125 0.325195
1 0.118945 0.636328 0.231641 0.176563 0.304932
0 0.817187 0.398047 0.307813 0.374219 0.257568
0 0.814062 0.771094 0.371875 0.457812 0.205566
0 0.222656 0.157715 0.3 0.307617 0.19812
1 0.495313 0.490625 0.357812 0.43125 0.185303
1 0.710938 0.147461 0.182812 0.266016 0.115173
1 0.500781 0.18418 0.246875 0.256641 0.107605
0 0.760156 0.141992 0.279687 0.272266 0.0681763
1 0.135645 0.678516 0.264648 0.261719 0.0528259
0 0.710938 0.147461 0.182812 0.266016 0.0509033
0 0.143555 0.835938 0.279297 0.325 0.0437622
1 0.0858398 0.632422 0.163867 0.180469 0.0411377
0 0.164453 0.426953 0.319141 0.376563 0.0131226
0 0.113281 0.635547 0.220313 0.177344 0.0064888
1 0.810156 0.14082 0.23125 0.275781 0.00356483
1 0.849219 0.127148 0.14375 0.251172 0.00178242
1 0.0447754 0.138867 0.0741211 0.277734 0.00167465
1 0.153027 0.832812 0.259961 0.332812 0.0016489
0 0.742188 0.789844 0.240625 0.420312 0.00163555
0 0.810156 0.14082 0.23125 0.275781 0.0015974
0 0.354102 0.875781 0.179297 0.248437 0.00156689
0 0.0447754 0.138867 0.0741211 0.277734 0.00148392
0 0.578125 0.596094 0.1875 0.242188 0.00124931
0 0.496875 0.922266 0.190625 0.155469 0.00112438
0 0.974219 0.533594 0.0515625 0.167187 0.00107288
1 0.742188 0.789844 0.240625 0.420312 0.00106525
1 0.807813 0.773047 0.373437 0.453906 0.878418
1 0.163672 0.434375 0.316406 0.38125 0.857422
1 0.138477 0.773047 0.276953 0.453906 0.825684
1 0.815625 0.402246 0.301562 0.379883 0.791016
0 0.492871 0.495703 0.35332 0.433594 0.712891
0 0.443359 0.835938 0.360156 0.328125 0.65918
0 0.500781 0.185156 0.239844 0.251563 0.641602
1 0.773047 0.136719 0.302344 0.271875 0.633301
1 0.21875 0.14707 0.297656 0.288672 0.632324
1 0.710156 0.142578 0.179688 0.272656 0.401611
1 0.442285 0.835156 0.35918 0.329688 0.370117
1 0.49375 0.491016 0.349219 0.432031 0.337158
0 0.219873 0.151855 0.300879 0.296289 0.250977
1 0.843555 0.132324 0.162891 0.262695 0.194336
1 0.121582 0.632422 0.239648 0.176563 0.10614
1 0.500781 0.184717 0.239063 0.255566 0.0878906
0 0.812695 0.774414 0.371484 0.451172 0.0831299
0 0.815625 0.403809 0.304688 0.379883 0.081543
0 0.705469 0.149219 0.173438 0.273438 0.058136
1 0.130664 0.705469 0.258203 0.326562 0.0306244
0 0.140039 0.835938 0.280078 0.328125 0.0258026
0 0.843555 0.132324 0.162891 0.262695 0.0226288
0 0.762891 0.14043 0.286719 0.276953 0.0124283
1 0.750781 0.788477 0.254687 0.423047 0.0112457
0 0.356445 0.86875 0.183984 0.2625 0.00706482
0 0.161133 0.430859 0.317969 0.377344 0.00600433
0 0.740234 0.881055 0.210156 0.237891 0.00572968
1 0.73125 0.829687 0.217187 0.340625 0.00544739
1 0.360352 0.854492 0.180078 0.291016 0.00428009
1 0.923437 0.857031 0.146875 0.285937 0.00312424
1 0.854688 0.14541 0.140625 0.200195 0.00288963
0 0.73125 0.829687 0.217187 0.340625 0.00279999
0 0.119824 0.632812 0.236133 0.182812 0.00257111
0 0.748438 0.779492 0.257812 0.441016 0.00202751
1 0.719531 0.12832 0.140625 0.233203 0.00185299
0 0.804492 0.131836 0.231641 0.258984 0.00134563
1 0.905469 0.398828 0.11875 0.285937 0.00134563
1 0.0652344 0.857813 0.123828 0.246875 0.00129414
0 0.777344 0.890625 0.134375 0.21875 0.00118351
0 0.502344 0.9125 0.20625 0.175 0.00106907
1 0.867969 0.642969 0.207813 0.196875 0.00100422
1 0.16582 0.440527 0.315234 0.392383 0.875977
1 0.811719 0.773047 0.373437 0.453906 0.785156
1 0.142188 0.772656 0.276953 0.446875 0.777344
1 0.816992 0.397559 0.306641 0.376758 0.750488
0 0.49375 0.495215 0.359375 0.44082 0.713867
0 0.446875 0.835156 0.367188 0.329688 0.668945
0 0.500781 0.18418 0.246875 0.256641 0.57373
1 0.22207 0.155273 0.301172 0.304297 0.488281
1 0.761719 0.138965 0.2875 0.27207 0.437744
1 0.446191 0.834375 0.363867 0.33125 0.326904
1 0.119043 0.636328 0.231445 0.176563 0.30249
0 0.817187 0.398047 0.307813 0.374219 0.257568
0 0.814062 0.771094 0.371875 0.457812 0.206299
0 0.222607 0.157715 0.300098 0.307617 0.19812
1 0.495313 0.490625 0.357812 0.43125 0.185913
1 0.710938 0.147461 0.182812 0.266016 0.115356
1 0.500781 0.18418 0.246875 0.256641 0.107422
0 0.760156 0.141797 0.279687 0.271875 0.0680542
1 0.135645 0.680078 0.264648 0.264844 0.0523376
0 0.710938 0.147461 0.182812 0.266016 0.0508118
0 0.143555 0.835938 0.279297 0.325 0.0435181
1 0.0857178 0.632422 0.163721 0.180469 0.0409851
0 0.164453 0.426953 0.319141 0.376563 0.0130234
0 0.113281 0.635547 0.220313 0.177344 0.00643921
1 0.810156 0.14082 0.23125 0.275391 0.00358009
1 0.849219 0.127148 0.14375 0.251172 0.00178242
1 0.153027 0.832812 0.259961 0.332812 0.0016613
1 0.0447754 0.138672 0.0741211 0.277344 0.0016613
0 0.742188 0.789844 0.240625 0.420312 0.00162315
0 0.810156 0.14082 0.23125 0.275391 0.0015974
0 0.354102 0.875781 0.179297 0.248437 0.00155449
0 0.0447754 0.138672 0.0741211 0.277344 0.0014782
0 0.578125 0.596094 0.1875 0.242188 0.00125504
0 0.496875 0.922266 0.190625 0.155469 0.0011158
0 0.974219 0.533594 0.0515625 0.167187 0.00106525
1 0.742188 0.789844 0.240625 0.420312 0.00105667
