1 0.508594 0.505859 0.44375 0.566406 0.578613
0 0.505859 0.496875 0.446094 0.596875 0.168091
0 0.11543 0.33418 0.230859 0.558984 0.117554
0 0.451953 0.511328 0.326562 0.553906 0.0650024
0 0.938672 0.783984 0.122656 0.432031 0.03302
1 0.449219 0.532715 0.31875 0.50957 0.02034
0 0.125977 0.44541 0.251953 0.798242 0.0193481
0 0.685156 0.854492 0.378125 0.291016 0.0138474
1 0.684766 0.848828 0.378906 0.302344 0.0068512
1 0.115625 0.319336 0.23125 0.559766 0.00661469
0 0.235547 0.851562 0.213281 0.296875 0.00488663
1 0.938672 0.783984 0.122656 0.432031 0.00471878
0 0.295703 0.874805 0.311719 0.250391 0.00390053
0 0.396875 0.522266 0.210938 0.511719 0.00348282
0 0.427344 0.553516 0.251563 0.460156 0.00342941
1 0.675781 0.448047 0.101562 0.394531 0.00325966
0 0.216797 0.884766 0.180078 0.230469 0.0029583
1 0.125977 0.44541 0.251953 0.798242 0.00288963
0 0.202783 0.440234 0.164746 0.774219 0.00279045
0 0.340234 0.89375 0.269531 0.2125 0.00266266
0 0.232227 0.805859 0.174219 0.388281 0.00239754
0 0.838281 0.835938 0.2375 0.328125 0.00215721
0 0.615234 0.886914 0.284375 0.226172 0.00210762
0 0.142969 0.580859 0.285937 0.813281 0.00179577
0 0.986719 0.16543 0.0265625 0.330859 0.00169373
1 0.280273 0.867188 0.333203 0.265625 0.00162888
0 0.189795 0.866797 0.216504 0.266406 0.00161076
0 0.669531 0.452734 0.0828125 0.417188 0.00156689
0 0.0964844 0.398535 0.192969 0.635742 0.00154305
0 0.330469 0.551465 0.1125 0.52207 0.00153637
1 0.406934 0.499121 0.24707 0.581445 0.0015192
0 0.346484 0.520312 0.139844 0.498437 0.00151253
0 0.607031 0.852344 0.25625 0.295312 0.00146675
0 0.839844 0.806641 0.320312 0.386719 0.00144386
0 0.0550293 0.102734 0.110059 0.205469 0.0014267
1 0.93125 0.813672 0.1375 0.372656 0.0014267
0 0.0290527 0.100488 0.0581055 0.200977 0.00139904
0 0.169922 0.771094 0.261719 0.457812 0.00138855
0 0.953125 0.753906 0.09375 0.492188 0.00133514
0 0.0862305 0.782812 0.172461 0.404687 0.00131512
1 0.23457 0.491309 0.0917969 0.31582 0.00128937
1 0.351172 0.886914 0.333594 0.226172 0.0012846
0 0.246094 0.766016 0.121094 0.460156 0.00127411
0 0.973437 0.133398 0.053125 0.266797 0.00125504
1 0.0290527 0.100488 0.0581055 0.200977 0.00123978
1 0.973437 0.133398 0.053125 0.266797 0.00122547
1 0.905469 0.816406 0.189063 0.367188 0.00121593
0 0.564844 0.903125 0.239063 0.19375 0.00120163
1 0.986719 0.16543 0.0265625 0.330859 0.00119686
0 0.0801758 0.576563 0.160352 0.721875 0.00118828
1 0.633594 0.879492 0.351562 0.241016 0.00118351
0 0.0112793 0.105469 0.0225586 0.210938 0.00115585
0 0.938281 0.144922 0.123438 0.289844 0.0011425
0 0.825195 0.855664 0.340234 0.288672 0.00113392
0 0.93125 0.813672 0.1375 0.372656 0.00112438
0 0.3875 0.89375 0.451562 0.2125 0.00112057
0 0.308008 0.576172 0.0761719 0.533594 0.00109863
0 0.972656 0.619531 0.0546875 0.639063 0.00109863
1 0.235547 0.851562 0.213281 0.296875 0.00108624
0 0.298828 0.117871 0.295312 0.235742 0.00108147
0 0.905469 0.816406 0.189063 0.367188 0.00108147
0 0.248828 0.449219 0.115625 0.579687 0.00107288
1 0.4 0.529785 0.200781 0.493555 0.00105667
0 0.0323486 0.902734 0.0646973 0.194531 0.00102806
1 0.825195 0.855664 0.340234 0.288672 0.00102425
1 0.50625 0.506152 0.457812 0.556445 0.81543
0 0.10752 0.315234 0.215039 0.476562 0.267334
0 0.0619629 0.0680176 0.120605 0.136035 0.0747681
1 0.118066 0.313281 0.236133 0.471875 0.059967
0 0.84707 0.190186 0.155859 0.12041 0.0393372
0 0.241016 0.0631836 0.248047 0.124219 0.0326538
0 0.239453 0.436328 0.114063 0.255469 0.0301056
0 0.508984 0.504687 0.439063 0.56875 0.0189056
0 0.742188 0.843945 0.289062 0.277734 0.0184326
0 0.373828 0.175195 0.253906 0.129297 0.016098
0 0.466797 0.914062 0.497656 0.171875 0.0126266
1 0.742188 0.843945 0.289062 0.277734 0.0106506
0 0.401563 0.161426 0.314844 0.155273 0.00963593
0 0.151562 0.32207 0.303125 0.489453 0.00952148
0 0.171191 0.365625 0.244336 0.408594 0.00926971
1 0.237695 0.429785 0.103906 0.266992 0.00857544
0 0.797656 0.42959 0.120312 0.123633 0.008255
0 0.427734 0.153125 0.171094 0.167969 0.00806427
1 0.466797 0.914062 0.497656 0.171875 0.00793457
0 0.230664 0.385938 0.133203 0.355469 0.00717545
0 0.336914 0.161328 0.177734 0.138672 0.00695801
0 0.717188 0.0249756 0.0609375 0.0449707 0.0068779
0 0.394922 0.199219 0.294531 0.0808594 0.0068512
0 0.065625 0.620313 0.107813 0.129688 0.00643921
0 0.453027 0.142993 0.426758 0.188232 0.00621796
0 0.825 0.191016 0.103125 0.121875 0.00570679
0 0.254297 0.793945 0.169531 0.405859 0.00540543
0 0.222656 0.803906 0.220313 0.382812 0.00538635
0 0.710156 0.0357422 0.0742188 0.0640625 0.00524139
1 0.373828 0.175195 0.253906 0.129297 0.00496292
0 0.208398 0.896875 0.172266 0.20625 0.0049057
1 0.254297 0.793945 0.169531 0.405859 0.0046463
1 0.222656 0.803906 0.220313 0.382812 0.00462723
1 0.230664 0.385938 0.133203 0.355469 0.00445175
1 0.171191 0.365625 0.244336 0.408594 0.00434875
0 0.930469 0.7 0.139062 0.185937 0.00413513
1 0.0619629 0.0680176 0.120605 0.136035 0.00400543
0 0.93125 0.721484 0.128125 0.253906 0.00397491
0 0.678516 0.85625 0.438281 0.285937 0.00392914
0 0.722266 0.0431152 0.0546875 0.0856445 0.00363541
1 0.248242 0.0625977 0.266016 0.125195 0.00356483
1 0.30918 0.789648 0.328516 0.420703 0.00338936
1 0.401563 0.161426 0.314844 0.155273 0.00296974
0 0.88125 0.186719 0.065625 0.0894531 0.00290108
1 0.678516 0.85625 0.438281 0.285937 0.00284576
0 0.8875 0.327539 0.14375 0.123047 0.00284576
0 0.30918 0.789648 0.328516 0.420703 0.00282288
0 0.467285 0.864453 0.481055 0.271094 0.00255013
0 0.877344 0.177734 0.0578125 0.0703125 0.00247192
0 0.902344 0.308984 0.182812 0.153125 0.00245285
1 0.453027 0.142993 0.426758 0.188232 0.00244331
1 0.394922 0.199219 0.294531 0.0808594 0.00239754
0 0.814062 0.563672 0.371875 0.782031 0.002388
0 0.720312 0.0225586 0.0835937 0.0443359 0.00225258
0 0.439063 0.94375 0.603125 0.1125 0.00221634
0 0.431641 0.135352 0.560156 0.205078 0.00204277
1 0.814062 0.563672 0.371875 0.782031 0.00203514
0 0.773438 0.0617188 0.0875 0.119922 0.00195694
0 0.882031 0.123633 0.078125 0.0394531 0.00192642
1 0.396484 0.538281 0.2375 0.582812 0.00192642
0 0.882812 0.15918 0.065625 0.0355469 0.00189686
0 0.318164 0.0189209 0.158203 0.0378418 0.00189686
1 0.427734 0.153125 0.171094 0.167969 0.00181007
0 0.09729 0.433594 0.192529 0.213281 0.00176811
0 0.875 0.465625 0.05 0.0617188 0.00167465
0 0.730859 0.239844 0.0875 0.0683594 0.00166798
0 0.257227 0.83125 0.263672 0.3375 0.00161076
0 0.412891 0.822852 0.442969 0.354297 0.00157356
0 0.642187 0.128027 0.142969 0.164258 0.00157356
0 0.717188 0.231445 0.0953125 0.0726563 0.00153065
0 0.218945 0.849805 0.162109 0.284766 0.0015192
0 0.694531 0.0295898 0.0671875 0.0519531 0.00150108
0 0.374609 0.206445 0.238281 0.0695312 0.00149536
1 0.45 0.881445 0.45625 0.237109 0.00149536
0 0.0505859 0.0864258 0.101172 0.172852 0.00144386
0 0.764063 0.0390625 0.0546875 0.0541992 0.00143242
0 0.714063 0.24668 0.13125 0.0867188 0.0014267
1 0.84707 0.190186 0.155859 0.12041 0.00139904
0 0.129395 0.183203 0.148633 0.213281 0.00138855
0 0.879687 0.118359 0.08125 0.0738281 0.00138283
0 0.778906 0.867188 0.240625 0.265625 0.00130463
0 0.495703 0.700781 0.230469 0.15625 0.00130463
0 0.850781 0.549219 0.298438 0.670313 0.00129986
0 0.809375 0.170703 0.06875 0.0796875 0.00126934
0 0.878125 0.13457 0.08125 0.0613281 0.0012598
0 0.734375 0.0462036 0.0859375 0.0562256 0.0012598
1 0.208398 0.896875 0.172266 0.20625 0.00122547
0 0.71875 0.0327026 0.0585938 0.04104 0.0012064
0 0.396484 0.538281 0.2375 0.582812 0.00119686
0 0.127637 0.266797 0.233398 0.382031 0.00118828
0 0.669922 0.0427246 0.0492188 0.0745117 0.00117874
0 0.85 0.666797 0.132812 0.224219 0.00117397
0 0.876562 0.334375 0.059375 0.090625 0.00117397
0 0.9375 0.733984 0.11875 0.349219 0.00115108
0 0.90625 0.194727 0.04375 0.0960938 0.00109005
0 0.729688 0.255078 0.084375 0.075 0.00109005
0 0.307422 0.0661133 0.383594 0.132227 0.00108624
0 0.879687 0.114063 0.065625 0.0505859 0.00107288
0 0.819531 0.686719 0.360938 0.517187 0.00106049
1 0.336914 0.161328 0.177734 0.138672 0.00105667
0 0.6625 0.0328613 0.06875 0.0561523 0.00104809
1 0.714063 0.0379395 0.065625 0.0670898 0.00103188
0 0.751953 0.643359 0.496094 0.616406 0.00101185
0 0.7125 0.0106323 0.0734375 0.0212646 0.00100803
1 0.50625 0.494531 0.438281 0.564062 0.748535
0 0.507129 0.491406 0.432617 0.565625 0.119995
0 0.155273 0.595312 0.0917969 0.1375 0.0900879
0 0.176172 0.59375 0.130859 0.148438 0.0836182
0 0.168945 0.603906 0.0402344 0.0835937 0.0433655
0 0.176953 0.617969 0.0289063 0.129688 0.0427246
0 0.832812 0.634375 0.096875 0.128125 0.0283356
0 0.794531 0.427344 0.121875 0.139062 0.0219421
0 0.791992 0.584375 0.0441406 0.0851562 0.0218658
0 0.235156 0.473047 0.119531 0.191406 0.0171051
0 0.0925781 0.690625 0.0371094 0.071875 0.0165863
0 0.857813 0.622266 0.05625 0.139844 0.016098
0 0.717969 0.0243652 0.0578125 0.0487305 0.0129242
0 0.0237549 0.758594 0.0472168 0.0984375 0.0120087
0 0.110254 0.296484 0.217773 0.445312 0.0119171
0 0.185498 0.0407349 0.0508789 0.068335 0.0116882
0 0.977344 0.619531 0.0421875 0.117188 0.00905609
0 0.119238 0.228076 0.233398 0.31416 0.00854492
1 0.155273 0.595312 0.0917969 0.1375 0.00800323
0 0.8125 0.166992 0.046875 0.0816406 0.00766754
0 0.0889648 0.761719 0.111914 0.151562 0.00760651
0 0.975 0.779883 0.05 0.0964844 0.00743103
0 0.405469 0.914062 0.0359375 0.065625 0.00682449
1 0.176172 0.59375 0.130859 0.148438 0.00677109
0 0.723437 0.0455078 0.0710938 0.0910156 0.00674438
0 0.914844 0.966406 0.04375 0.0640625 0.00619125
0 0.611719 0.95625 0.135156 0.0875 0.00547028
0 0.889063 0.451562 0.0828125 0.0953125 0.00542831
0 0.854688 0.60625 0.04375 0.0875 0.00536346
0 0.978125 0.633984 0.040625 0.0804688 0.00508118
0 0.875 0.458594 0.05 0.071875 0.00492477
0 0.0266113 0.760156 0.0345703 0.09375 0.00448608
0 0.885938 0.123633 0.078125 0.0587891 0.00446701
0 0.167773 0.0495605 0.0921875 0.0833008 0.00446701
0 0.795508 0.594531 0.0496094 0.0984375 0.00443268
1 0.639844 0.501172 0.182812 0.185156 0.00434875
0 0.252734 0.772656 0.113672 0.229687 0.00432968
1 0.670313 0.499609 0.120312 0.199219 0.00419998
0 0.168457 0.588281 0.0427734 0.1 0.00403976
0 0.667969 0.0359375 0.0453125 0.0714844 0.00395966
0 0.865625 0.626562 0.028125 0.132812 0.0039444
0 0.0612305 0.592188 0.107617 0.170312 0.00388527
0 0.763281 0.0508789 0.157813 0.101758 0.00387001
0 0.093457 0.701563 0.0351562 0.05625 0.00370789
0 0.670313 0.499609 0.120312 0.199219 0.00359344
0 0.829687 0.321875 0.040625 0.104687 0.00345612
0 0.38584 0.90625 0.162695 0.18125 0.00332451
0 0.866406 0.634375 0.0234375 0.175781 0.003088
0 0.365234 0.817969 0.169531 0.167187 0.00307465
0 0.0781494 0.630469 0.072998 0.0835937 0.00305176
0 0.911719 0.423438 0.129688 0.145313 0.00304031
0 0.836719 0.680859 0.115625 0.202344 0.00302696
0 0.0644653 0.615625 0.0991943 0.128125 0.00291252
0 0.773438 0.0821289 0.053125 0.0667969 0.0028553
0 0.0794922 0.777344 0.134375 0.184375 0.00284576
1 0.794531 0.427344 0.121875 0.139062 0.00281143
0 0.0383911 0.761719 0.073999 0.145313 0.00279999
1 0.235156 0.473047 0.119531 0.191406 0.00276756
0 0.9125 0.975781 0.04375 0.0484375 0.00265312
0 0.842969 0.170508 0.0359375 0.0851562 0.00258064
0 0.757422 0.592969 0.0710938 0.107813 0.00250244
0 0.0888672 0.269482 0.177734 0.382129 0.0024929
0 0.577734 0.96875 0.0601562 0.059375 0.00243378
0 0.639844 0.501172 0.182812 0.185156 0.0024147
0 0.100391 0.684375 0.0457031 0.071875 0.00239754
0 0.174805 0.610937 0.040625 0.1 0.00237846
0 0.866406 0.589063 0.071875 0.195312 0.00229645
1 0.838281 0.628906 0.090625 0.132812 0.00225258
0 0.672656 0.0297852 0.0515625 0.0568359 0.00225258
0 0.0338867 0.742188 0.0629883 0.134375 0.00218201
0 0.802344 0.277148 0.0421875 0.05 0.00214958
0 0.338867 0.953906 0.262891 0.0921875 0.00214005
0 0.413672 0.917969 0.0195312 0.065625 0.00208282
0 0.198242 0.609766 0.0480469 0.1375 0.00208282
0 0.95 0.907812 0.04375 0.06875 0.00208282
0 0.861719 0.610156 0.0375 0.096875 0.0020504
0 0.155078 0.682813 0.0308594 0.0804688 0.00194168
0 0.890625 0.145898 0.1 0.108594 0.00189686
0 0.828125 0.166895 0.05 0.0841797 0.00186729
0 0.89375 0.127344 0.103125 0.05 0.00182438
0 0.928906 0.767969 0.046875 0.101562 0.0018177
0 0.0218506 0.756641 0.0437012 0.0742188 0.00181007
0 0.336914 0.966797 0.0558594 0.0664062 0.00179577
0 0.89375 0.191797 0.065625 0.0933594 0.00174809
1 0.857813 0.622266 0.05625 0.139844 0.00173378
0 0.898438 0.629687 0.05 0.134375 0.0017271
0 0.455371 0.685938 0.256445 0.184375 0.0016489
0 0.176123 0.585156 0.0399414 0.0953125 0.00162315
0 0.087207 0.627734 0.0486328 0.0898438 0.00161076
0 0.782031 0.0856445 0.046875 0.0623047 0.0015974
0 0.9875 0.608984 0.01875 0.170312 0.0015974
0 0.792969 0.616016 0.065625 0.148438 0.0015974
0 0.904688 0.972656 0.0578125 0.0546875 0.00157356
1 0.791992 0.584375 0.0441406 0.0851562 0.00157356
0 0.551562 0.141309 0.0484375 0.0673828 0.00157356
0 0.710156 0.024707 0.115625 0.0494141 0.00156689
0 0.829687 0.30957 0.046875 0.0855469 0.00154877
0 0.686328 0.854883 0.403906 0.283984 0.00152493
0 0.726562 0.0321777 0.34375 0.0643555 0.00151253
1 0.889063 0.128125 0.08125 0.0521484 0.00150681
1 0.713281 0.0239014 0.053125 0.0478027 0.00144386
0 0.0985352 0.759375 0.0931641 0.126563 0.00142097
0 0.86875 0.742578 0.046875 0.0945313 0.00141048
0 0.19375 0.038855 0.0367187 0.0773682 0.00133514
0 0.904688 0.9625 0.046875 0.071875 0.00132465
0 0.182373 0.60625 0.0305664 0.135937 0.00131512
0 0.665625 0.0293945 0.075 0.0587891 0.00131512
0 0.792969 0.713672 0.0375 0.09375 0.00130463
0 0.940625 0.649219 0.059375 0.0984375 0.0012846
0 0.890625 0.130664 0.06875 0.0566406 0.00127411
0 0.823438 0.61875 0.096875 0.153125 0.00126934
0 0.96875 0.708203 0.059375 0.0757812 0.00124454
0 0.7125 0.0257568 0.0734375 0.0515137 0.00124454
0 0.0918213 0.721875 0.038623 0.0609375 0.00124454
0 0.88125 0.458594 0.06875 0.078125 0.00122547
0 0.88125 0.183008 0.046875 0.0886719 0.00119686
1 0.252734 0.772656 0.113672 0.229687 0.00119686
0 0.717188 0.915625 0.0296875 0.1125 0.00119686
1 0.875 0.457031 0.05 0.06875 0.00118828
0 0.807031 0.162695 0.0703125 0.0769531 0.00113392
0 0.15918 0.576563 0.078125 0.08125 0.00112438
0 0.808008 0.174414 0.0746094 0.10625 0.00112438
0 0.692187 0.026355 0.0945313 0.0488525 0.0011158
0 0.760938 0.625 0.071875 0.165625 0.0011034
0 0.764453 0.56875 0.0898438 0.1375 0.00109863
0 0.239844 0.806445 0.136328 0.246484 0.00109863
0 0.221875 0.378125 0.163281 0.3875 0.00107765
1 0.455371 0.685938 0.256445 0.184375 0.00106525
0 0.967188 0.934375 0.0625 0.075 0.00106525
0 0.228955 0.419531 0.128809 0.30625 0.00106525
0 0.350586 0.917578 0.236328 0.164844 0.00106525
0 0.0985352 0.694531 0.0478516 0.053125 0.00105667
0 0.185156 0.0512573 0.0464844 0.0558838 0.00105286
1 0.139453 0.305273 0.275 0.464453 0.00105286
0 0.921094 0.40459 0.151562 0.158008 0.00104809
0 0.746875 0.112891 0.0578125 0.0746094 0.00104809
0 0.767187 0.0875977 0.06875 0.0564453 0.00104046
0 0.550781 0.0389648 0.04375 0.0477539 0.00104046
0 0.0986328 0.7 0.0375 0.0484375 0.00103664
0 0.594141 0.628516 0.0492188 0.0679687 0.00103188
0 0.8875 0.546094 0.1125 0.120312 0.00102806
1 0.0925781 0.690625 0.0371094 0.071875 0.00102806
1 0.807813 0.166797 0.0625 0.0796875 0.00102425
0 0.901563 0.582031 0.128125 0.177344 0.00102043
0 0.967188 0.624219 0.0625 0.0796875 0.00100803
0 0.988281 0.625 0.015625 0.157813 0.00100422
0 0.509766 0.501172 0.433594 0.563281 0.63623
0 0.116895 0.313477 0.231055 0.460547 0.397949
1 0.509766 0.497266 0.433594 0.553906 0.245117
0 0.106641 0.370703 0.207031 0.351562 0.0259552
1 0.116895 0.313477 0.231055 0.460547 0.0115051
0 0.183154 0.0390137 0.0633789 0.0733398 0.00132465
0 0.717188 0.0292969 0.0617188 0.0519531 0.00101662
0 0.505469 0.489746 0.446094 0.579883 0.835449
0 0.855469 0.599316 0.289062 0.749805 0.296631
0 0.130469 0.312695 0.251563 0.491797 0.23938
1 0.503125 0.489844 0.440625 0.585938 0.0713501
0 0.163379 0.724609 0.313086 0.535156 0.0277405
1 0.855469 0.599316 0.289062 0.749805 0.016922
0 0.152734 0.478906 0.297266 0.729688 0.0112
0 0.717969 0.848633 0.342187 0.293359 0.00446701
1 0.163672 0.732813 0.314063 0.5125 0.00376511
1 0.130469 0.312695 0.251563 0.491797 0.00274658
0 0.179297 0.60625 0.0410156 0.075 0.00156116
0 0.174414 0.601953 0.040625 0.0585938 0.00118828
1 0.50625 0.490625 0.450781 0.592188 0.533203
0 0.50625 0.494922 0.451562 0.582031 0.506836
0 0.133887 0.313672 0.267773 0.485938 0.0487671
0 0.106445 0.337891 0.203125 0.421094 0.0114212
1 0.133887 0.313672 0.267773 0.485938 0.00888062
0 0.183984 0.0397461 0.0621094 0.0794922 0.00378036
0 0.181445 0.607813 0.0398437 0.10625 0.00333786
0 0.176367 0.596094 0.0429688 0.110937 0.0020752
0 0.100415 0.423535 0.193701 0.238867 0.0012064
0 0.506348 0.496875 0.445117 0.564062 0.508789
1 0.510156 0.498047 0.447656 0.566406 0.486328
0 0.102148 0.357812 0.200781 0.380469 0.0210419
0 0.127246 0.316016 0.247852 0.480469 0.0196075
0 0.178125 0.604688 0.0421875 0.0703125 0.00557709
0 0.715234 0.843555 0.353906 0.278516 0.00496292
0 0.188623 0.041394 0.0532227 0.0730713 0.00301552
0 0.097168 0.441309 0.188477 0.22207 0.00279999
0 0.179297 0.0381348 0.0753906 0.0762695 0.00227928
1 0.131836 0.3125 0.254297 0.478125 0.00218201
1 0.715234 0.843555 0.353906 0.278516 0.00211525
1 0.102148 0.357812 0.200781 0.380469 0.00179577
0 0.461328 0.311719 0.294531 0.197656 0.00173378
0 0.662109 0.854297 0.489844 0.291406 0.00173378
0 0.511328 0.297852 0.347656 0.173047 0.00105286
1 0.503125 0.494141 0.445312 0.569531 0.71875
0 0.502344 0.493848 0.45 0.568555 0.215332
0 0.131543 0.305469 0.263086 0.492188 0.00481033
0 0.847266 0.528125 0.305469 0.94375 0.00118828
0 0.899219 0.0935547 0.201562 0.186328 0.00102043
1 0.508691 0.492969 0.441992 0.570312 0.656738
0 0.12334 0.3125 0.241211 0.488281 0.489258
0 0.507422 0.495703 0.444531 0.574219 0.190674
1 0.12334 0.3125 0.241211 0.488281 0.0935059
0 0.0660156 0.0748047 0.129688 0.14707 0.0201721
0 0.0967529 0.351172 0.189307 0.407813 0.00314713
0 0.0649414 0.622266 0.110742 0.159375 0.00282288
1 0.0664551 0.0740234 0.125293 0.146094 0.00276756
0 0.238623 0.421777 0.175879 0.295508 0.00245285
0 0.671094 0.853906 0.482812 0.292188 0.00183868
0 0.728906 0.853125 0.339063 0.29375 0.00141048
1 0.238623 0.421777 0.175879 0.295508 0.0011692
0 0.175342 0.319336 0.329785 0.494141 0.00109005
0 0.166113 0.766797 0.322461 0.466406 0.00100803
1 0.507031 0.497266 0.44375 0.567969 0.634277
0 0.505469 0.497656 0.445312 0.56875 0.350342
0 0.132812 0.312891 0.265625 0.474219 0.0350037
1 0.132812 0.312891 0.265625 0.474219 0.00232315
1 0.508691 0.492969 0.441992 0.570312 0.657715
0 0.123145 0.3125 0.24082 0.488281 0.493164
0 0.507422 0.495703 0.444531 0.574219 0.190674
1 0.123145 0.3125 0.24082 0.488281 0.0943604
0 0.0660156 0.0747559 0.129688 0.146973 0.0201721
0 0.0967773 0.351172 0.189258 0.407813 0.00312424
0 0.0648926 0.621875 0.110645 0.159375 0.00290108
1 0.0664062 0.0740234 0.125195 0.146094 0.00276756
0 0.239014 0.421973 0.175098 0.295117 0.00253105
0 0.671094 0.853906 0.482812 0.292188 0.00185299
0 0.729297 0.853125 0.339844 0.29375 0.00142097
1 0.239014 0.421973 0.175098 0.295117 0.00119686
0 0.175195 0.319336 0.330078 0.494141 0.00109005
0 0.16582 0.766797 0.322266 0.466406 0.00102043
