0 0.183203 0.571094 0.325 0.645312 0.168579
0 0.35625 0.570215 0.192188 0.62832 0.158447
0 0.876562 0.592578 0.109375 0.739844 0.148315
1 0.597656 0.570703 0.225 0.728906 0.123779
0 0.251953 0.54541 0.424219 0.581055 0.09552
0 0.597656 0.570703 0.225 0.728906 0.049408
0 0.555469 0.657031 0.134375 0.473437 0.0325928
0 0.400391 0.570312 0.13125 0.60625 0.0303345
0 0.575781 0.619141 0.184375 0.535156 0.0268097
1 0.875 0.557129 0.10625 0.62168 0.0261536
0 0.829883 0.585156 0.202734 0.714063 0.025177
1 0.575781 0.619141 0.184375 0.535156 0.0204163
0 0.22793 0.595703 0.149219 0.700781 0.0198669
0 0.348437 0.558984 0.111719 0.567969 0.0139008
1 0.555469 0.657031 0.134375 0.473437 0.0132217
1 0.798437 0.5875 0.207813 0.71875 0.0128708
0 0.137891 0.582812 0.235156 0.673437 0.0114212
1 0.694141 0.558496 0.425781 0.686133 0.0103302
1 0.366016 0.540234 0.149219 0.567969 0.0103302
0 0.694141 0.558496 0.425781 0.686133 0.00905609
1 0.764453 0.577344 0.149219 0.667188 0.00867462
0 0.933594 0.377734 0.132812 0.727344 0.00766754
0 0.764453 0.577344 0.149219 0.667188 0.00737381
0 0.761719 0.560156 0.298438 0.685938 0.00728989
0 0.916406 0.595312 0.167187 0.765625 0.0068512
1 0.832617 0.586719 0.194141 0.684375 0.00626373
1 0.716406 0.5875 0.253125 0.7375 0.00614548
0 0.418066 0.600098 0.0904297 0.662305 0.00584412
0 0.445312 0.571094 0.078125 0.5625 0.00579834
0 0.565625 0.631641 0.170312 0.382031 0.00572968
1 0.183203 0.571094 0.325 0.645312 0.00561905
0 0.95 0.456934 0.1 0.798633 0.00498199
0 0.446094 0.631641 0.084375 0.388281 0.0045929
1 0.251953 0.54541 0.424219 0.581055 0.00445175
0 0.10293 0.560254 0.169922 0.599805 0.00439835
0 0.345508 0.674219 0.0949219 0.576563 0.00432968
1 0.761719 0.560156 0.298438 0.685938 0.0042305
0 0.448047 0.698438 0.0851562 0.389062 0.00370789
0 0.901563 0.66084 0.15 0.625195 0.00323486
0 0.907812 0.346484 0.184375 0.660937 0.00322342
0 0.217529 0.817187 0.152441 0.365625 0.00313568
0 0.901563 0.741016 0.196875 0.517969 0.00309944
0 0.0672852 0.569629 0.0947266 0.448242 0.0029583
1 0.647656 0.523047 0.33125 0.611719 0.00288963
1 0.751562 0.63125 0.154687 0.45625 0.00271416
1 0.400391 0.570312 0.13125 0.60625 0.00270462
0 0.329688 0.556934 0.101562 0.573633 0.00268364
1 0.350977 0.542188 0.216797 0.567187 0.00260162
1 0.22793 0.595703 0.149219 0.700781 0.00257111
1 0.948047 0.416016 0.103906 0.780469 0.0024929
0 0.85293 0.828125 0.294141 0.34375 0.0024929
0 0.154297 0.363281 0.266406 0.726562 0.00247192
1 0.917969 0.377441 0.164062 0.718555 0.00246239
1 0.565625 0.631641 0.170312 0.382031 0.00243378
0 0.647656 0.523047 0.33125 0.611719 0.00226974
0 0.592578 0.371875 0.217969 0.328125 0.00225258
0 0.241211 0.611719 0.101953 0.678125 0.00220871
0 0.716406 0.5875 0.253125 0.7375 0.00209999
0 0.905469 0.452734 0.134375 0.775781 0.00203514
0 0.342187 0.80332 0.101562 0.374609 0.00197983
0 0.751562 0.63125 0.154687 0.45625 0.00196457
1 0.901563 0.66084 0.15 0.625195 0.00192642
0 0.416406 0.647754 0.0734375 0.54668 0.00191879
1 0.653906 0.616797 0.115625 0.486719 0.00191879
0 0.817969 0.599121 0.157813 0.59707 0.00191212
1 0.346094 0.629297 0.1 0.650781 0.00186729
1 0.916406 0.595312 0.167187 0.765625 0.00185299
0 0.161133 0.51709 0.263672 0.545508 0.00183868
1 0.557813 0.759375 0.0953125 0.226562 0.00183105
1 0.6375 0.771875 0.0796875 0.148438 0.00175476
0 0.292383 0.309375 0.533203 0.61875 0.00173378
0 0.935938 0.658594 0.128125 0.667188 0.0017271
0 0.229736 0.757422 0.133496 0.461719 0.00168705
0 0.0612305 0.145508 0.12207 0.291016 0.00162315
1 0.446094 0.631641 0.084375 0.388281 0.00161076
0 0.0589355 0.689453 0.109082 0.378906 0.00159168
1 0.418066 0.600098 0.0904297 0.662305 0.00159168
0 0.577344 0.335547 0.179688 0.424219 0.00148392
1 0.604688 0.582812 0.0914062 0.235938 0.0014782
0 0.0646484 0.903906 0.127344 0.192188 0.00143814
1 0.896094 0.721094 0.207813 0.557813 0.00143242
0 0.78125 0.34375 0.4375 0.660937 0.0014267
1 0.448047 0.698438 0.0851562 0.389062 0.00141048
0 0.220313 0.355273 0.414062 0.710547 0.00140476
0 0.738672 0.741016 0.185156 0.517969 0.00139904
0 0.180713 0.787305 0.226074 0.425391 0.00139904
1 0.344531 0.748047 0.0953125 0.446094 0.00138283
0 0.0574707 0.775781 0.11123 0.340625 0.00135612
1 0.946484 0.547266 0.107031 0.796094 0.00130939
1 0.445312 0.571094 0.078125 0.5625 0.00130939
1 0.863477 0.866211 0.273047 0.267578 0.00130463
0 0.0502441 0.233789 0.0991211 0.363672 0.00129414
0 0.324609 0.760938 0.0996094 0.453125 0.00128937
0 0.653906 0.616797 0.115625 0.486719 0.0012846
0 0.313281 0.807617 0.127344 0.381641 0.0012846
1 0.329688 0.556934 0.101562 0.573633 0.00127411
0 0.557813 0.759375 0.0953125 0.226562 0.00126457
0 0.935156 0.166992 0.129688 0.333984 0.00125504
0 0.740625 0.810547 0.209375 0.378906 0.00124931
1 0.850977 0.762891 0.298047 0.474219 0.00123501
0 0.379297 0.336719 0.366406 0.657812 0.00122547
0 0.435156 0.660937 0.0796875 0.25625 0.00121593
0 0.6375 0.771875 0.0796875 0.148438 0.0012064
1 0.935156 0.166992 0.129688 0.333984 0.00119686
1 0.875781 0.541309 0.0984375 0.45957 0.00116062
0 0.804492 0.876172 0.303516 0.247656 0.00115108
0 0.750781 0.875977 0.240625 0.248047 0.00115108
0 0.705859 0.876562 0.242969 0.246875 0.00114727
1 0.137891 0.582812 0.235156 0.673437 0.00113392
1 0.819531 0.877734 0.360938 0.244531 0.00112438
1 0.641406 0.571875 0.1125 0.270312 0.00112057
0 0.965625 0.191406 0.06875 0.382812 0.00109863
0 0.106055 0.149512 0.212109 0.299023 0.00109482
1 0.935938 0.658594 0.128125 0.667188 0.00109005
0 0.0826172 0.651465 0.139062 0.558008 0.00106525
1 0.728516 0.735547 0.200781 0.527344 0.00106525
1 0.883008 0.835547 0.233984 0.328906 0.00105667
0 0.863477 0.866211 0.273047 0.267578 0.00104427
1 0.0212158 0.9 0.0424316 0.2 0.00104046
0 0.0591797 0.85625 0.114844 0.284375 0.00104046
1 0.218555 0.798242 0.146484 0.400391 0.00103188
0 0.451172 0.754687 0.0953125 0.43125 0.00102425
1 0.829492 0.829297 0.341016 0.341406 0.00102425
0 0.205859 0.883203 0.207813 0.233594 0.00102043
0 0.555469 0.364258 0.176563 0.427734 0.00100422
0 0.0139648 0.084668 0.0279297 0.169336 0.00100422
0 0.255469 0.597266 0.469531 0.683594 0.462891
1 0.660937 0.599316 0.35 0.712305 0.443604
1 0.256641 0.610059 0.466406 0.725195 0.344238
0 0.142969 0.596875 0.255859 0.6875 0.0176392
1 0.620313 0.666406 0.435937 0.621875 0.00748825
1 0.142969 0.596875 0.255859 0.6875 0.0068779
1 0.869531 0.630469 0.120312 0.60625 0.00624084
1 0.510938 0.604297 0.965625 0.739844 0.0039444
0 0.867969 0.648047 0.0828125 0.557031 0.00345612
1 0.871094 0.666016 0.090625 0.522656 0.00344276
0 0.940625 0.77793 0.103125 0.362891 0.0026722
1 0.757031 0.59541 0.353125 0.67168 0.0024147
0 0.595312 0.328125 0.232812 0.196094 0.00222588
1 0.871094 0.617188 0.090625 0.315625 0.00206757
1 0.110327 0.614844 0.186377 0.710938 0.00193405
0 0.660937 0.599316 0.35 0.712305 0.00192642
0 0.871094 0.617188 0.090625 0.315625 0.00182438
0 0.110327 0.614844 0.186377 0.710938 0.00160408
1 0.850195 0.619922 0.208984 0.628906 0.00157928
1 0.901563 0.605078 0.159375 0.642969 0.00151253
0 0.183545 0.333398 0.219629 0.165234 0.00116539
1 0.936719 0.604004 0.115625 0.64043 0.00112057
1 0.58125 0.530469 0.16875 0.185937 0.00112057
0 0.934375 0.778906 0.1125 0.275 0.0011034
0 0.636719 0.330273 0.145313 0.191797 0.00109863
1 0.677344 0.54209 0.392188 0.633008 0.819336
0 0.251367 0.51875 0.457422 0.529688 0.739258
1 0.657812 0.616797 0.353125 0.371094 0.600098
1 0.251563 0.523828 0.449219 0.527344 0.503906
1 0.5625 0.678906 0.167187 0.169531 0.0518494
0 0.398828 0.546094 0.148438 0.203125 0.018692
0 0.716406 0.0955322 0.0375 0.0558105 0.0157776
0 0.0665039 0.0770508 0.0412109 0.0705078 0.0127258
1 0.65625 0.757812 0.110937 0.120312 0.00919342
1 0.870313 0.647266 0.0984375 0.292969 0.00905609
1 0.729688 0.747656 0.15 0.134375 0.00717545
1 0.758203 0.628906 0.135156 0.188281 0.00701141
1 0.680859 0.760156 0.158594 0.121875 0.00679779
0 0.203906 0.0882813 0.0382813 0.0517578 0.00664139
1 0.363672 0.792188 0.0671875 0.176563 0.00538635
1 0.365234 0.753906 0.0648438 0.107813 0.0050621
0 0.853125 0.560156 0.090625 0.325781 0.00486755
0 0.870313 0.647266 0.0984375 0.292969 0.00484848
1 0.735156 0.725 0.175 0.1875 0.00450516
1 0.558594 0.612891 0.164062 0.321875 0.00413513
1 0.398828 0.546094 0.148438 0.203125 0.00407028
1 0.706641 0.760547 0.090625 0.125781 0.00402451
1 0.691406 0.354492 0.421875 0.250391 0.00378036
0 0.660937 0.542969 0.35625 0.528125 0.00345612
0 0.0682617 0.0775391 0.0505859 0.0902344 0.00319672
0 0.401953 0.473828 0.107031 0.305469 0.0029583
1 0.437891 0.769922 0.103125 0.152344 0.0029583
0 0.604297 0.330859 0.2 0.191406 0.00287819
1 0.751953 0.667969 0.155469 0.148438 0.00275803
1 0.691406 0.427344 0.41875 0.382812 0.00257111
1 0.344922 0.807617 0.1 0.203516 0.00257111
0 0.104102 0.0888672 0.0392578 0.0542969 0.00254059
1 0.853125 0.560156 0.090625 0.325781 0.00248146
0 0.410937 0.445312 0.0945313 0.239844 0.00247192
1 0.764063 0.836719 0.15 0.15 0.00239754
1 0.792383 0.837695 0.149609 0.162109 0.00239754
0 0.864062 0.579687 0.1 0.390625 0.00228691
1 0.864062 0.579687 0.1 0.390625 0.00209999
1 0.704687 0.871094 0.13125 0.115625 0.00208282
1 0.867969 0.662109 0.0984375 0.196875 0.00194931
1 0.375 0.744531 0.0796875 0.123438 0.00189686
1 0.696094 0.776367 0.1 0.0941406 0.00183868
1 0.555469 0.655469 0.148438 0.242188 0.00183868
0 0.621094 0.353516 0.277344 0.257812 0.00175476
0 0.657812 0.616797 0.353125 0.371094 0.00174141
0 0.704687 0.871094 0.13125 0.115625 0.00174141
0 0.564062 0.675781 0.16875 0.170312 0.00168133
0 0.921875 0.798242 0.151562 0.203516 0.00161076
1 0.570312 0.573438 0.157813 0.160938 0.00161076
1 0.618359 0.518848 0.269531 0.466992 0.00160408
1 0.429688 0.755469 0.0875 0.121875 0.0015974
0 0.85 0.482031 0.103125 0.364062 0.00153637
1 0.70625 0.746875 0.20625 0.14375 0.00150108
1 0.6 0.347656 0.235156 0.239844 0.00145531
1 0.0665039 0.0770508 0.0412109 0.0705078 0.00145531
0 0.326953 0.380078 0.153906 0.188281 0.00143242
0 0.398047 0.509766 0.13125 0.321094 0.00139427
1 0.388672 0.79707 0.113281 0.158984 0.00138855
0 0.65625 0.757812 0.110937 0.120312 0.00135136
1 0.737109 0.617188 0.180469 0.209375 0.00134563
0 0.0668945 0.0761475 0.0509766 0.0566895 0.0012846
1 0.358203 0.817187 0.0929687 0.20625 0.0012598
1 0.583594 0.53125 0.186719 0.157813 0.00123024
0 0.694141 0.0915039 0.0398437 0.104883 0.00122547
0 0.722656 0.0835937 0.0539063 0.0818359 0.00122547
0 0.555078 0.0853271 0.0375 0.0793457 0.00121593
1 0.702344 0.534375 0.220313 0.142969 0.0012064
0 0.575781 0.832031 0.0484375 0.13125 0.00115108
1 0.617188 0.514844 0.251563 0.135937 0.0011158
0 0.691406 0.357812 0.414062 0.261719 0.00111198
0 0.100195 0.072168 0.0472656 0.0707031 0.00109005
0 0.13457 0.928125 0.0488281 0.0625 0.00106049
1 0.557031 0.833594 0.09375 0.104687 0.00104809
1 0.556641 0.703125 0.152344 0.1375 0.00103664
0 0.867969 0.662109 0.0984375 0.196875 0.00100422
1 0.657812 0.680469 0.35 0.507812 0.777344
0 0.245898 0.521484 0.456641 0.521094 0.730957
1 0.666406 0.591406 0.36875 0.728125 0.373047
1 0.252344 0.612109 0.453906 0.707031 0.164307
1 0.251563 0.497656 0.449219 0.471875 0.139648
1 0.752344 0.667969 0.117188 0.204688 0.0656128
0 0.657031 0.61875 0.339063 0.38125 0.0621033
1 0.754687 0.704687 0.140625 0.25 0.0583496
0 0.669531 0.612891 0.36875 0.596094 0.0337219
1 0.742188 0.625781 0.096875 0.31875 0.0290833
0 0.257422 0.622266 0.471875 0.742969 0.026062
1 0.659766 0.605469 0.344531 0.370313 0.0226288
1 0.758594 0.647656 0.129688 0.273438 0.0140076
1 0.604297 0.595312 0.227344 0.335938 0.0106964
0 0.604297 0.595312 0.227344 0.335938 0.00468063
0 0.616406 0.328906 0.248437 0.2 0.00446701
1 0.525 0.669922 0.621875 0.657031 0.00379562
1 0.685938 0.37207 0.403125 0.289453 0.003088
1 0.556641 0.622656 0.133594 0.2875 0.0029583
0 0.678125 0.363477 0.385938 0.273047 0.00219917
1 0.729688 0.707031 0.157813 0.225 0.00216484
0 0.742188 0.625781 0.096875 0.31875 0.00215721
0 0.752344 0.667969 0.117188 0.204688 0.0020504
1 0.442187 0.62002 0.848437 0.759961 0.00151253
0 0.678516 0.330078 0.358594 0.200781 0.00150681
1 0.749609 0.595312 0.121094 0.325 0.00144958
0 0.181445 0.442969 0.333984 0.36875 0.00144386
0 0.00444336 0.113477 0.00888672 0.226953 0.00143814
1 0.671875 0.772656 0.140625 0.151562 0.00139904
1 0.616406 0.328906 0.248437 0.2 0.00139427
1 0.735937 0.672266 0.08125 0.145313 0.00136662
1 0.877344 0.542969 0.117188 0.651563 0.00124454
1 0.761719 0.54375 0.164062 0.557813 0.00124454
0 0.754687 0.704687 0.140625 0.25 0.00119686
1 0.678516 0.330078 0.358594 0.200781 0.00118828
0 0.488281 0.15293 0.920313 0.305859 0.00118351
0 0.875781 0.621875 0.1 0.28125 0.00100422
1 0.730859 0.587598 0.513281 0.716992 0.796387
0 0.244531 0.554004 0.461719 0.585742 0.780762
1 0.664062 0.566797 0.371875 0.699219 0.609375
1 0.245312 0.544629 0.457812 0.574805 0.248657
0 0.725391 0.583203 0.499219 0.733594 0.0281677
1 0.701563 0.776758 0.167187 0.127734 0.00717545
0 0.658203 0.5625 0.361719 0.665625 0.00561905
1 0.566406 0.625 0.171875 0.415625 0.00526047
0 0.998047 0.876367 0.00390625 0.247266 0.00468063
1 0.707031 0.765625 0.204688 0.135937 0.00340271
1 0.728125 0.340234 0.525 0.591406 0.00311089
0 0.998438 0.904688 0.003125 0.190625 0.00260162
1 0.212305 0.782617 0.415234 0.422266 0.00228691
1 0.28125 0.447266 0.53125 0.422656 0.00200272
0 0.204297 0.820312 0.399219 0.348437 0.0017004
1 0.564062 0.572656 0.148438 0.278125 0.0016613
1 0.65625 0.781055 0.121875 0.141016 0.00152493
0 0.99375 0.149121 0.0125 0.298242 0.00150108
1 0.710156 0.739844 0.220313 0.176563 0.00146675
0 0.874219 0.632422 0.110937 0.244531 0.00137806
1 0.728906 0.438672 0.523438 0.408594 0.00133038
0 0.995313 0.182031 0.009375 0.364062 0.00117874
0 0.995703 0.82168 0.00859375 0.356641 0.0011425
1 0.644922 0.642969 0.328906 0.496875 0.00108147
1 0.694531 0.792969 0.135937 0.1 0.00107288
0 0.28125 0.447266 0.53125 0.422656 0.00105667
1 0.670313 0.800781 0.148438 0.154687 0.00103188
0 1 0.760547 0 0.239844 0.00101662
1 0.653906 0.562598 0.367188 0.673242 0.80127
1 0.262109 0.632422 0.489062 0.735156 0.53125
0 0.252148 0.624316 0.461328 0.731055 0.377441
1 0.651172 0.689844 0.357031 0.595312 0.0358276
0 0.655859 0.542969 0.366406 0.6375 0.014061
0 0.329688 0.631641 0.647656 0.736719 0.0117798
1 0.694141 0.480078 0.453906 0.514844 0.00519943
0 0.210938 0.551562 0.3875 0.565625 0.00174141
1 0.691016 0.38125 0.441406 0.314844 0.00174141
0 0.694141 0.480078 0.453906 0.514844 0.00138283
1 0.465234 0.638281 0.913281 0.723437 0.00134087
0 0.691016 0.38125 0.441406 0.314844 0.00104427
1 0.657812 0.623047 0.359375 0.650781 0.668945
0 0.259766 0.590234 0.46875 0.663281 0.403564
1 0.267578 0.629297 0.485938 0.741406 0.328613
1 0.690625 0.350781 0.428125 0.248437 0.09552
1 0.688281 0.435059 0.4375 0.417383 0.0858765
0 0.690625 0.350781 0.428125 0.248437 0.0380249
0 0.688281 0.435059 0.4375 0.417383 0.0179901
0 0.654688 0.666406 0.353125 0.532812 0.0115967
0 0.589844 0.332422 0.221875 0.200781 0.00941467
1 0.684375 0.758594 0.161719 0.140625 0.00854492
1 0.692969 0.562891 0.435937 0.669531 0.00593567
1 0.573438 0.548437 0.159375 0.2375 0.00460815
1 0.715234 0.757812 0.117969 0.1375 0.00378036
0 0.328516 0.63125 0.616406 0.7375 0.0036068
1 0.736328 0.411328 0.344531 0.371094 0.00247192
0 0.576563 0.365234 0.2125 0.196094 0.00187492
0 0.736328 0.411328 0.344531 0.371094 0.00178909
1 0.722656 0.732031 0.132812 0.195312 0.00118828
0 0.684375 0.758594 0.161719 0.140625 0.00115108
0 0.829883 0.386328 0.127734 0.259375 0.00109863
1 0.433203 0.633203 0.821094 0.733594 0.00104046
1 0.698828 0.570312 0.442969 0.684375 0.773438
0 0.248437 0.557813 0.453906 0.61875 0.320068
1 0.248437 0.557813 0.453906 0.61875 0.303955
1 0.339844 0.631934 0.650781 0.736133 0.0825195
1 0.664453 0.571484 0.374219 0.466406 0.06427
1 0.59375 0.590625 0.232812 0.39375 0.0560303
1 0.654297 0.669531 0.369531 0.56875 0.0512695
1 0.467187 0.667188 0.878125 0.665625 0.0357361
1 0.585547 0.660254 0.289844 0.631055 0.0264587
0 0.694141 0.547266 0.435156 0.641406 0.00385475
0 0.339844 0.631934 0.650781 0.736133 0.00342941
1 0.5625 0.663281 0.16875 0.228125 0.0017271
0 0.63125 0.535547 0.30625 0.536719 0.00168705
0 0.59375 0.590625 0.232812 0.39375 0.00132465
0 0.583594 0.369922 0.228125 0.249219 0.00128937
0 0.585547 0.660254 0.289844 0.631055 0.00104427
1 0.707031 0.587109 0.442187 0.714844 0.821777
0 0.257422 0.524609 0.466406 0.535156 0.676758
1 0.257812 0.51875 0.467187 0.534375 0.193726
1 0.651563 0.627734 0.342187 0.419531 0.00989532
1 0.572656 0.628906 0.184375 0.3875 0.00803375
1 0.679297 0.590234 0.392969 0.517969 0.00453949
0 0.167773 0.524121 0.300391 0.53457 0.00366402
1 0.707812 0.444629 0.43125 0.43418 0.00314713
1 0.864062 0.569922 0.145313 0.425781 0.00269318
1 0.643359 0.763281 0.0835937 0.126563 0.00251198
0 0.70625 0.563672 0.440625 0.669531 0.00222588
0 0.572656 0.628906 0.184375 0.3875 0.00135612
0 0.247656 0.542188 0.445312 0.557813 0.705078
1 0.694922 0.529688 0.432031 0.598437 0.692871
1 0.25 0.543359 0.448438 0.560156 0.147827
1 0.654688 0.596094 0.35 0.467187 0.140137
0 0.304248 0.514746 0.338379 0.481445 0.0291443
1 0.304248 0.514746 0.338379 0.481445 0.0139542
1 0.690234 0.441797 0.436719 0.423438 0.0134277
1 0.874219 0.591797 0.104687 0.342969 0.0088501
0 0.694922 0.529688 0.432031 0.598437 0.0036068
0 0.173828 0.5375 0.307813 0.551562 0.00292397
0 0.874219 0.591797 0.104687 0.342969 0.00228691
1 0.597656 0.635938 0.235938 0.351562 0.00151253
0 0.676172 0.433984 0.407031 0.413281 0.00129414
1 0.707031 0.587109 0.442187 0.714844 0.821777
0 0.257422 0.524609 0.466406 0.535156 0.676758
1 0.257812 0.51875 0.467187 0.534375 0.194336
1 0.651563 0.628125 0.342187 0.41875 0.0100937
1 0.572266 0.628516 0.184375 0.386719 0.00806427
0 0.169043 0.528027 0.30332 0.539258 0.00370789
1 0.707812 0.444629 0.43125 0.43418 0.00316048
1 0.864062 0.569922 0.145313 0.425781 0.00268364
1 0.643359 0.763281 0.0835937 0.126563 0.00252151
0 0.70625 0.563672 0.440625 0.669531 0.00222588
1 0.692578 0.596094 0.417969 0.515625 0.00156116
0 0.572266 0.628516 0.184375 0.386719 0.00136662
