1 0.51875 0.560938 0.58125 0.479688 0.504883
0 0.521875 0.561328 0.571875 0.477344 0.388672
0 0.400098 0.557715 0.362305 0.467383 0.00809479
1 0.400098 0.557715 0.362305 0.467383 0.00344276
0 0.508691 0.89375 0.693555 0.2125 0.00290108
0 0.3375 0.557031 0.238281 0.464063 0.00263214
0 0.824219 0.895312 0.339063 0.209375 0.00210762
0 0.495313 0.491797 0.542188 0.335938 0.00206757
0 0.679688 0.896875 0.521875 0.20625 0.00179577
0 0.461719 0.854883 0.596875 0.290234 0.00174809
0 0.764844 0.898438 0.298438 0.203125 0.00171375
0 0.703125 0.903125 0.348437 0.19375 0.00146675
1 0.548828 0.897266 0.735156 0.205469 0.00145531
1 0.824219 0.895312 0.339063 0.209375 0.00138855
0 0.895312 0.8875 0.209375 0.225 0.00135136
1 0.91875 0.150391 0.1625 0.300781 0.00127888
0 0.91875 0.150391 0.1625 0.300781 0.00123501
1 0.738281 0.897656 0.403125 0.204688 0.00115108
0 0.286719 0.900781 0.428906 0.198437 0.00113392
0 0.185352 0.896875 0.319141 0.20625 0.00113392
0 0.837109 0.838477 0.325781 0.323047 0.00112438
0 0.510156 0.296094 0.525781 0.553125 0.00111198
0 0.436328 0.903125 0.509375 0.19375 0.00109005
0 0.447266 0.495215 0.375781 0.343945 0.00104809
1 0.515527 0.563281 0.606445 0.448438 0.822266
0 0.514844 0.567285 0.584375 0.443555 0.00731659
1 0.517187 0.573438 0.6125 0.439063 0.849609
0 0.522656 0.573047 0.592188 0.428906 0.0278473
1 0.53584 0.190234 0.786133 0.380469 0.00111198
0 0.53584 0.190234 0.786133 0.380469 0.00105667
1 0.520703 0.574316 0.602344 0.445117 0.825195
0 0.522656 0.570312 0.598437 0.45 0.107056
0 0.325781 0.489844 0.224219 0.203125 0.00245285
1 0.521875 0.685938 0.61875 0.217187 0.00120163
0 0.523828 0.6875 0.611719 0.217187 0.00104046
0 0.499316 0.566406 0.648242 0.439063 0.572754
1 0.58125 0.562598 0.74375 0.43418 0.400635
0 0.837305 0.716406 0.322266 0.567187 0.006073
0 0.845508 0.79707 0.308984 0.402734 0.00492477
1 0.837305 0.716406 0.322266 0.567187 0.00385475
0 0.476172 0.167187 0.952344 0.331641 0.00370789
1 0.811914 0.806445 0.376172 0.387109 0.00296974
0 0.776563 0.825195 0.446875 0.346484 0.00142097
0 0.450781 0.258594 0.901563 0.514063 0.00116062
0 0.998438 0.926562 0.003125 0.146875 0.00109863
1 0.524609 0.5625 0.611719 0.464063 0.918945
0 0.522266 0.553809 0.610156 0.458008 0.00717545
1 0.522656 0.564844 0.607813 0.476562 0.878906
0 0.522656 0.564844 0.607813 0.476562 0.0549927
1 0.517187 0.446777 0.585938 0.242383 0.00304031
0 0.361328 0.432813 0.278906 0.183594 0.00244331
0 0.394922 0.411719 0.330469 0.148438 0.00230598
0 0.339063 0.461719 0.260156 0.170312 0.0015974
0 0.517187 0.446777 0.585938 0.242383 0.00141048
1 0.516797 0.564844 0.613281 0.465625 0.818848
0 0.519531 0.5625 0.614062 0.46875 0.0918579
1 0.519922 0.562109 0.607031 0.457031 0.870117
0 0.517871 0.558691 0.604883 0.45918 0.0932007
1 0.520312 0.563281 0.6125 0.460938 0.861328
0 0.516797 0.564844 0.608594 0.460938 0.0396423
1 0.519922 0.562109 0.607031 0.457031 0.870117
0 0.517578 0.558691 0.605469 0.45918 0.0923462
