0 0.260547 0.477246 0.139062 0.245508 0.476562
0 0.379687 0.255908 0.115625 0.230371 0.418701
0 0.166504 0.303906 0.123633 0.19375 0.202393
0 0.862891 0.73125 0.274219 0.5375 0.137939
0 0.641016 0.15459 0.485156 0.30918 0.0422363
0 0.885547 0.64541 0.228906 0.70918 0.0381165
1 0.260547 0.477246 0.139062 0.245508 0.0361633
1 0.378516 0.253711 0.116406 0.23125 0.0309601
1 0.16875 0.302734 0.119531 0.185156 0.0301056
1 0.865039 0.708203 0.269922 0.583594 0.0175781
0 0.866797 0.811523 0.266406 0.376953 0.0142822
1 0.641016 0.15459 0.485156 0.30918 0.0121002
0 0.856445 0.348828 0.287109 0.697656 0.00754929
0 0.816797 0.277344 0.366406 0.554688 0.0069046
0 0.909375 0.37793 0.18125 0.755859 0.00551224
0 0.828906 0.206641 0.342187 0.413281 0.00494385
1 0.862109 0.797266 0.275781 0.405469 0.00391388
0 0.362891 0.264648 0.0890625 0.244141 0.00388527
0 0.285547 0.471191 0.184375 0.25918 0.00367928
0 0.583984 0.12959 0.388281 0.25918 0.00355148
0 0.911719 0.532031 0.176563 0.751562 0.00335121
0 0.199805 0.288477 0.18125 0.215234 0.00322342
0 0.662109 0.162598 0.497656 0.325195 0.00319672
1 0.897656 0.671094 0.204688 0.635938 0.00314713
0 0.17373 0.216406 0.170117 0.397656 0.00312424
0 0.371875 0.20083 0.136719 0.338965 0.00309944
0 0.570703 0.137988 0.455469 0.275977 0.0026207
0 0.853125 0.67041 0.29375 0.65918 0.0024929
0 0.133789 0.240039 0.197266 0.344141 0.00243378
0 0.851562 0.867383 0.240625 0.265234 0.00236893
1 0.900781 0.365625 0.198437 0.73125 0.00225258
1 0.861133 0.263672 0.277734 0.514063 0.00219917
1 0.662109 0.162598 0.497656 0.325195 0.00219917
0 0.349805 0.255127 0.0644531 0.220215 0.00214005
0 0.378125 0.296094 0.107813 0.153125 0.00200272
0 0.357422 0.244336 0.163281 0.257422 0.00198746
0 0.776367 0.892969 0.228516 0.214062 0.00191212
0 0.246094 0.474316 0.0960938 0.237305 0.00190449
0 0.722656 0.911328 0.160938 0.177344 0.00168133
1 0.828906 0.206641 0.342187 0.413281 0.00164223
0 0.340234 0.187305 0.304688 0.374609 0.00163555
0 0.494531 0.121484 0.419531 0.242969 0.00161076
1 0.877148 0.603125 0.245703 0.771875 0.00151253
1 0.583984 0.12959 0.388281 0.25918 0.00151253
1 0.816797 0.277344 0.366406 0.554688 0.00148392
0 0.146191 0.296875 0.0779297 0.184375 0.0014267
1 0.297461 0.478516 0.0660156 0.253125 0.00136185
0 0.0498535 0.254639 0.099707 0.317285 0.00131989
0 0.0637695 0.15332 0.127539 0.306641 0.00121117
1 0.371875 0.20083 0.136719 0.338965 0.00121117
0 0.963281 0.184668 0.0734375 0.369336 0.00120163
0 0.844336 0.842578 0.311328 0.314844 0.00120163
0 0.403906 0.250342 0.171875 0.246973 0.00118828
0 0.707031 0.485938 0.31875 0.704687 0.00117874
0 0.544531 0.113672 0.301562 0.227344 0.0011692
0 0.295703 0.477344 0.0703125 0.238281 0.00116062
1 0.362891 0.264648 0.0890625 0.244141 0.00116062
0 0.240283 0.390527 0.164746 0.423633 0.00115108
0 0.0224121 0.0878906 0.0448242 0.175781 0.00115108
0 0.469141 0.10498 0.327344 0.209961 0.00114727
0 0.858398 0.25 0.283203 0.5 0.00113773
1 0.570703 0.137988 0.455469 0.275977 0.00113773
0 0.896094 0.226953 0.207813 0.453906 0.00113392
1 0.853125 0.67041 0.29375 0.65918 0.00111198
0 0.0548828 0.202783 0.109766 0.377246 0.00109005
1 0.856836 0.358789 0.286328 0.717578 0.00108624
0 0.775781 0.208984 0.448438 0.417969 0.00108624
1 0.963281 0.184668 0.0734375 0.369336 0.00104809
0 0.00852051 0.172656 0.017041 0.344531 0.00102043
0 0.944531 0.227344 0.110937 0.454688 0.00100803
0 0.263477 0.479688 0.141016 0.238281 0.816406
0 0.373047 0.253076 0.121094 0.225879 0.780762
0 0.166895 0.301953 0.131836 0.176563 0.747559
1 0.167383 0.299023 0.131641 0.178516 0.0549927
0 0.518652 0.541406 0.77207 0.854688 0.0401611
1 0.262305 0.475391 0.131641 0.232031 0.0249939
1 0.375879 0.252686 0.120117 0.22666 0.0218658
1 0.665234 0.150684 0.475781 0.301367 0.0177155
0 0.423047 0.251221 0.207031 0.228809 0.0175781
0 0.0557617 0.0516602 0.111523 0.10332 0.014061
0 0.263281 0.4375 0.126563 0.173438 0.0121002
0 0.66875 0.14375 0.465625 0.2875 0.0118713
0 0.195312 0.293555 0.180859 0.176172 0.00981903
0 0.376953 0.223242 0.117969 0.164062 0.00638962
0 0.832812 0.512109 0.334375 0.863281 0.00530243
1 0.832812 0.512109 0.334375 0.863281 0.00518036
0 0.00185547 0.125586 0.00371094 0.251172 0.00518036
0 0.331641 0.255273 0.15625 0.218359 0.0050621
1 0.518652 0.541406 0.77207 0.854688 0.00484848
0 0.00202637 0.0771973 0.00405273 0.154395 0.00416565
0 0.173828 0.240625 0.119531 0.0617188 0.00380898
1 0.924219 0.4875 0.151562 0.84375 0.00370789
0 0.924219 0.4875 0.151562 0.84375 0.00370789
0 0.268555 0.370313 0.156641 0.0351562 0.00352478
0 0.175977 0.24375 0.0941406 0.0734375 0.00304031
0 0.0439453 0.052002 0.0878906 0.104004 0.00299263
0 0.172559 0.2625 0.116602 0.103906 0.00291252
0 0.314453 0.464844 0.242188 0.221094 0.00284576
0 0.165625 0.230078 0.144531 0.0414063 0.00253105
0 0.854688 0.797656 0.290625 0.404687 0.00223351
0 0.175781 0.223047 0.102734 0.0320312 0.00206757
0 0.429688 0.609375 0.859375 0.675 0.00205803
0 0.261133 0.383203 0.148828 0.0625 0.00197983
0 0.375391 0.16582 0.146875 0.0503906 0.00168133
0 0.381641 0.159375 0.141406 0.0328125 0.0015974
0 0.181055 0.275391 0.104687 0.132812 0.00158501
1 0.849219 0.777734 0.301562 0.444531 0.00148392
0 0.0297363 0.0870117 0.0594727 0.174023 0.0014782
0 0.25625 0.369727 0.107031 0.0363281 0.00139904
0 0.145898 0.311719 0.136719 0.179688 0.00137234
0 0.380078 0.664062 0.760156 0.51875 0.0012064
0 0.0121826 0.327148 0.0243652 0.441016 0.00104046
0 0.132715 0.166602 0.261523 0.310156 0.00101662
0 0.163867 0.305469 0.125 0.183594 0.494141
1 0.163867 0.305469 0.125 0.183594 0.492188
0 0.376563 0.255908 0.126563 0.217871 0.464844
0 0.260547 0.477344 0.135156 0.230469 0.464844
1 0.376563 0.255908 0.126563 0.217871 0.180054
1 0.264648 0.476172 0.137109 0.233594 0.170532
1 0.815625 0.833984 0.360938 0.332031 0.00271416
1 0.127051 0.301172 0.206445 0.192969 0.0024929
1 0.195117 0.292578 0.165234 0.160156 0.00205803
0 0.268359 0.276953 0.117188 0.169531 0.00174141
0 0.127051 0.301172 0.206445 0.192969 0.00124931
1 0.234766 0.461328 0.197656 0.260938 0.00115585
0 0.270312 0.476953 0.15625 0.25 0.65332
0 0.168555 0.301562 0.135937 0.192188 0.618652
0 0.381641 0.253906 0.135156 0.224609 0.584961
1 0.166699 0.301758 0.130273 0.184766 0.0665894
1 0.26875 0.477441 0.152344 0.248242 0.0650024
1 0.380566 0.252539 0.129492 0.229297 0.0631104
0 0.600391 0.529688 0.788281 0.884375 0.00536346
0 0.378223 0.211719 0.116992 0.140625 0.00534439
0 0.152832 0.290234 0.161523 0.225 0.00471878
0 0.652734 0.108398 0.619531 0.216797 0.00256157
0 0.258203 0.444141 0.127344 0.178906 0.00251198
0 0.767187 0.766406 0.121875 0.1625 0.00244331
1 0.767187 0.766406 0.121875 0.1625 0.00216484
0 0.774609 0.735937 0.113281 0.159375 0.00205803
0 0.823828 0.812695 0.352344 0.374609 0.0015974
1 0.652734 0.108398 0.619531 0.216797 0.00153637
0 0.813281 0.691406 0.145313 0.151562 0.00152493
0 0.800195 0.721875 0.146484 0.1625 0.00148964
0 0.748828 0.810938 0.119531 0.157813 0.0014782
1 0.774609 0.735937 0.113281 0.159375 0.00139904
1 0.800195 0.721875 0.146484 0.1625 0.00127411
0 0.741406 0.837305 0.134375 0.159766 0.00121593
0 0.168164 0.338672 0.134766 0.314844 0.00121593
0 0.760156 0.792188 0.126563 0.170312 0.00116539
0 0.00411377 0.154297 0.00822754 0.308594 0.00109863
1 0.760156 0.792188 0.126563 0.170312 0.00109863
1 0.813281 0.691406 0.145313 0.151562 0.00106525
0 0.78125 0.709375 0.109375 0.142188 0.00104046
0 0.260156 0.475391 0.133594 0.238281 0.770508
0 0.37959 0.248877 0.129883 0.214746 0.652344
0 0.165234 0.304102 0.123438 0.173047 0.618652
1 0.261133 0.475684 0.142578 0.233008 0.0243378
1 0.169336 0.3 0.124609 0.177344 0.0150146
1 0.379785 0.250439 0.129492 0.224121 0.0139542
0 0.155273 0.196875 0.248828 0.385938 0.00981903
0 0.860156 0.756641 0.276563 0.483594 0.0068512
0 0.705078 0.10791 0.347656 0.205273 0.00614548
0 0.201562 0.290039 0.174219 0.185547 0.00432968
0 0.198096 0.268359 0.24834 0.230469 0.00225258
0 0.890625 0.557813 0.209375 0.840625 0.00192642
0 0.124609 0.298438 0.203906 0.182031 0.00177479
0 0.616406 0.514453 0.710938 0.880469 0.00157356
0 0.670703 0.136133 0.438281 0.255859 0.00146103
0 0.176758 0.190674 0.353516 0.377246 0.00142097
0 0.873438 0.672656 0.24375 0.598437 0.00134563
0 0.170117 0.307813 0.129688 0.188281 0.771973
0 0.383594 0.256641 0.1375 0.227344 0.693359
0 0.266211 0.479688 0.146094 0.255469 0.674805
1 0.170117 0.307813 0.129688 0.188281 0.0438538
1 0.385156 0.254492 0.128125 0.229687 0.042572
1 0.266211 0.479688 0.146094 0.255469 0.0191193
0 0.187305 0.301172 0.178516 0.176563 0.00369263
1 0.817187 0.757422 0.3625 0.485156 0.00160408
0 0.817187 0.757422 0.3625 0.485156 0.00144386
0 0.380371 0.255811 0.118945 0.232129 0.800781
0 0.167383 0.303125 0.126563 0.185156 0.774414
0 0.2625 0.476562 0.142969 0.24375 0.736328
1 0.380371 0.255811 0.118945 0.232129 0.0348816
1 0.167578 0.299805 0.132422 0.187109 0.0279541
1 0.261719 0.474902 0.142188 0.243945 0.0255127
0 0.202148 0.294531 0.209766 0.177344 0.00734711
0 0.362109 0.256201 0.169531 0.236035 0.00619125
0 0.395703 0.251172 0.176563 0.244922 0.00206757
0 0.374805 0.258252 0.128516 0.228809 0.888184
0 0.168164 0.304492 0.131641 0.187109 0.862305
0 0.262891 0.477246 0.145313 0.243945 0.801758
1 0.262891 0.477246 0.145313 0.243945 0.0405273
1 0.376172 0.257422 0.13125 0.235938 0.025177
1 0.168164 0.304492 0.131641 0.187109 0.012146
0 0.748438 0.110352 0.328125 0.216016 0.0069313
1 0.748438 0.110352 0.328125 0.216016 0.00250244
0 0.169141 0.30332 0.128125 0.184766 0.831055
0 0.263281 0.476953 0.141406 0.245312 0.755859
0 0.378223 0.254639 0.131055 0.228223 0.680664
1 0.166992 0.301172 0.128906 0.186719 0.0831299
1 0.380566 0.256055 0.135742 0.233203 0.0451965
1 0.263477 0.475879 0.141406 0.243555 0.0323486
0 0.818555 0.717188 0.362891 0.565625 0.00341606
1 0.818555 0.717188 0.362891 0.565625 0.00260162
0 0.842188 0.590234 0.315625 0.772656 0.00168705
1 0.842188 0.590234 0.315625 0.772656 0.00104809
0 0.16543 0.303516 0.123438 0.182812 0.830078
0 0.259766 0.476465 0.136719 0.242383 0.808105
0 0.378125 0.254687 0.127344 0.225 0.789062
1 0.164062 0.30293 0.125391 0.187109 0.0218658
1 0.260156 0.475391 0.1375 0.244531 0.021698
1 0.377734 0.252539 0.133594 0.229687 0.0091629
0 0.823438 0.683984 0.353125 0.632031 0.0029583
1 0.823438 0.683984 0.353125 0.632031 0.00203514
0 0.857031 0.516016 0.285937 0.921094 0.00190449
0 0.787109 0.5 0.425781 0.940625 0.00150108
0 0.199219 0.291016 0.180469 0.192188 0.0012064
0 0.7375 0.11084 0.36875 0.22168 0.00109005
0 0.664844 0.542969 0.617188 0.876562 0.00105667
0 0.169141 0.303125 0.128125 0.185156 0.832031
0 0.263281 0.476953 0.141406 0.245312 0.756348
0 0.378223 0.254639 0.131055 0.228223 0.679199
1 0.166797 0.301172 0.128906 0.186719 0.0817871
1 0.380566 0.256055 0.135742 0.233203 0.0450134
1 0.263477 0.475879 0.141406 0.243555 0.0321045
0 0.818555 0.717188 0.362891 0.565625 0.00341606
1 0.818555 0.717188 0.362891 0.565625 0.00260162
0 0.842188 0.590625 0.315625 0.773438 0.0017004
1 0.842188 0.590625 0.315625 0.773438 0.00105667
