0 0.489062 0.542188 0.859375 0.71875 0.776855
1 0.478125 0.54375 0.85625 0.732813 0.0409851
0 0.578125 0.573438 0.651563 0.676562 0.014061
0 0.252148 0.541406 0.416016 0.667188 0.0107346
0 0.280469 0.759375 0.0992187 0.189063 0.00498199
0 0.190674 0.538672 0.295996 0.660156 0.00395966
0 0.387402 0.235156 0.626758 0.470313 0.00340271
0 0.461328 0.926562 0.764844 0.146875 0.00290108
0 0.741406 0.301562 0.517187 0.601562 0.00261116
0 0.455078 0.398438 0.767969 0.796875 0.00261116
0 0.740625 0.561816 0.314063 0.673242 0.00220871
0 0.758594 0.879687 0.482812 0.240625 0.00218201
0 0.989844 0.535937 0.0203125 0.725 0.00214958
0 0.783984 0.249023 0.432031 0.487891 0.0020752
0 0.628125 0.898438 0.476562 0.203125 0.00188923
0 0.817578 0.303125 0.364844 0.528906 0.00183868
1 0.23208 0.536035 0.375684 0.676367 0.00181007
1 0.285156 0.758984 0.0867188 0.180469 0.00167465
0 0.0645996 0.526953 0.0749023 0.336719 0.0016489
0 0.234375 0.651563 0.307031 0.429688 0.00156689
0 0.0562988 0.495703 0.0573242 0.338281 0.00155449
0 0.904688 0.232422 0.190625 0.455469 0.00153637
0 0.465723 0.203125 0.606055 0.40625 0.0015192
1 0.486719 0.921875 0.767187 0.15625 0.00150108
0 0.416016 0.109863 0.64375 0.219727 0.0014782
0 0.292383 0.670703 0.464453 0.407031 0.00146675
0 0.744141 0.828906 0.511719 0.342187 0.00146675
0 0.828516 0.107129 0.342969 0.214258 0.00136185
0 0.989062 0.389453 0.021875 0.674219 0.00134563
0 0.925 0.326562 0.15 0.503125 0.00133038
0 0.300391 0.759375 0.0640625 0.19375 0.0012846
0 0.889063 0.123828 0.221875 0.247656 0.00126934
0 0.432715 0.809375 0.701758 0.209375 0.0012598
0 0.82168 0.81875 0.356641 0.3625 0.00121593
0 0.732422 0.206641 0.535156 0.413281 0.00121593
0 0.0105225 0.462891 0.0210449 0.325 0.00120163
1 0.828516 0.107129 0.342969 0.214258 0.00120163
0 0.0079834 0.896875 0.0159668 0.20625 0.0011425
0 0.942969 0.411035 0.114063 0.474805 0.0011034
0 0.00876465 0.286133 0.0175293 0.348828 0.00109863
0 0.988281 0.633203 0.0234375 0.539844 0.00108147
0 0.337109 0.616016 0.589844 0.535156 0.00106525
0 0.884375 0.353516 0.2125 0.501562 0.00106049
0 0.0169434 0.9125 0.0338867 0.175 0.00104427
0 0.0590332 0.90625 0.118066 0.1875 0.00104046
0 0.538379 0.176758 0.581055 0.353516 0.00102425
0 0.124805 0.569531 0.183203 0.391406 0.00102425
1 0.387402 0.235156 0.626758 0.470313 0.00102425
0 0.476562 0.571094 0.903125 0.692187 0.92627
1 0.4875 0.571191 0.921875 0.698242 0.0115509
0 0.230469 0.534375 0.4 0.601562 0.00246239
0 0.50625 0.772266 0.80625 0.274219 0.00216484
0 0.164062 0.578809 0.263672 0.63457 0.00142097
0 0.476172 0.721484 0.888281 0.377344 0.00133514
0 0.301172 0.487891 0.536719 0.509375 0.0012207
0 0.472266 0.169727 0.878906 0.339453 0.00119686
0 0.647266 0.772656 0.494531 0.273438 0.00118828
0 0.473437 0.574609 0.870313 0.692969 0.933105
1 0.466406 0.568652 0.870313 0.70332 0.00818634
0 0.419531 0.427734 0.75625 0.389844 0.00276756
0 0.600781 0.960156 0.601562 0.0796875 0.00156116
0 0.207227 0.554785 0.340234 0.65918 0.00125504
0 0.277734 0.420312 0.474219 0.371875 0.00125504
0 0.476562 0.594922 0.8875 0.730469 0.937988
0 0.467969 0.46416 0.860937 0.468555 0.283691
1 0.477344 0.593848 0.890625 0.72793 0.00731659
0 0.371094 0.420996 0.6625 0.38457 0.00214958
0 0.469922 0.740625 0.888281 0.340625 0.00163555
0 0.00452881 0.489453 0.00905762 0.395312 0.00122547
0 0.452344 0.568359 0.895312 0.692969 0.921875
0 0.465625 0.573047 0.890625 0.697656 0.92627
1 0.459375 0.565527 0.88125 0.686133 0.0085144
0 0.244922 0.726562 0.425 0.31875 0.00120163
0 0.471094 0.56875 0.885938 0.6875 0.924805
0 0.511719 0.0701172 0.976562 0.140234 0.011734
0 0.457422 0.698828 0.866406 0.547656 0.00355148
0 0.516406 0.0501465 0.967188 0.100293 0.00174809
0 0.0820557 0.594922 0.108154 0.675781 0.00124931
0 0.458594 0.571191 0.864062 0.695117 0.909668
0 0.874219 0.0763916 0.251563 0.151514 0.00253105
0 0.957031 0.0328125 0.0859375 0.065625 0.00153065
0 0.4625 0.570996 0.846875 0.701758 0.929199
0 0.242188 0.616406 0.402344 0.58125 0.00176811
0 0.467187 0.57041 0.878125 0.69043 0.962891
0 0.4625 0.398828 0.876562 0.346094 0.0017271
0 0.4625 0.570996 0.846875 0.701758 0.929199
0 0.242188 0.616406 0.403125 0.58125 0.00177479
