1 0.510156 0.485156 0.86875 0.903125 0.432129
0 0.510156 0.485156 0.86875 0.903125 0.138916
0 0.774219 0.495313 0.29375 0.85625 0.116333
1 0.6875 0.486719 0.465625 0.889063 0.100159
1 0.288281 0.4875 0.4125 0.878125 0.0803833
1 0.774219 0.495313 0.29375 0.85625 0.0730591
0 0.6875 0.486719 0.465625 0.889063 0.0508118
0 0.288281 0.4875 0.4125 0.878125 0.0224609
0 0.830469 0.853125 0.339063 0.29375 0.0176392
0 0.852344 0.514063 0.146875 0.78125 0.0170441
0 0.216406 0.501562 0.276953 0.85625 0.012291
1 0.21875 0.486719 0.279687 0.879687 0.0105667
0 0.417969 0.719141 0.58125 0.467969 0.00643921
0 0.660547 0.719922 0.511719 0.467969 0.00452042
0 0.298438 0.635938 0.41875 0.609375 0.00434875
0 0.156055 0.577441 0.158984 0.435742 0.00391388
1 0.852344 0.514063 0.146875 0.78125 0.00370789
0 0.180469 0.564941 0.207813 0.673242 0.00358009
1 0.830469 0.853125 0.339063 0.29375 0.00292397
0 0.775781 0.111523 0.448438 0.223047 0.00291252
1 0.549219 0.292578 0.692187 0.546094 0.00253105
0 0.989062 0.289453 0.021875 0.410156 0.00251198
1 0.775781 0.111523 0.448438 0.223047 0.00240517
0 0.817187 0.149414 0.365625 0.298828 0.00226974
1 0.424121 0.725 0.604883 0.454688 0.00216484
0 0.492188 0.6875 0.428125 0.534375 0.00214005
0 0.549219 0.292578 0.692187 0.546094 0.00211525
1 0.298438 0.635938 0.41875 0.609375 0.00208282
0 0.985937 0.361914 0.028125 0.407422 0.00205803
1 0.660547 0.719922 0.511719 0.467969 0.00195694
0 0.95 0.29707 0.1 0.380859 0.00191879
0 0.660547 0.258594 0.467969 0.482031 0.00176811
1 0.989062 0.289453 0.021875 0.410156 0.0017004
1 0.701563 0.267969 0.4 0.492188 0.00162315
0 0.580078 0.897656 0.688281 0.204688 0.00160408
0 0.00881348 0.352344 0.017627 0.319531 0.0015974
1 0.884375 0.122559 0.23125 0.245117 0.00157928
0 0.15625 0.644531 0.155469 0.34375 0.00154305
0 0.884375 0.122559 0.23125 0.245117 0.00153637
0 0.133203 0.515625 0.107031 0.5125 0.0015192
0 0.766406 0.650781 0.301562 0.595312 0.00149536
0 0.9875 0.223828 0.025 0.447656 0.00148964
0 0.984375 0.157324 0.03125 0.314648 0.00148964
0 0.986328 0.474219 0.0273438 0.476562 0.00146675
0 0.88125 0.499609 0.09375 0.766406 0.00145531
0 0.975781 0.140137 0.0484375 0.280273 0.00145531
0 0.877539 0.18623 0.244922 0.372461 0.00143814
0 0.953125 0.359375 0.09375 0.423438 0.00140476
1 0.985937 0.361914 0.028125 0.407422 0.00138855
0 0.325391 0.703906 0.432031 0.482812 0.00135612
1 0.521484 0.905859 0.691406 0.188281 0.00134087
0 0.707422 0.10918 0.511719 0.218359 0.00133514
0 0.177393 0.669531 0.199902 0.454688 0.00133514
0 0.0442871 0.411719 0.0875977 0.382812 0.00133038
0 0.489941 0.9125 0.60293 0.175 0.00132465
0 0.00891113 0.450098 0.0178223 0.401367 0.00131512
0 0.933594 0.221875 0.132812 0.432813 0.00130463
0 0.987891 0.590625 0.0242187 0.479688 0.00130463
1 0.975781 0.140137 0.0484375 0.280273 0.00126934
1 0.9875 0.223828 0.025 0.447656 0.00126934
1 0.817187 0.149414 0.365625 0.298828 0.00124931
0 0.0470703 0.328711 0.0941406 0.320703 0.00121593
1 0.984375 0.157324 0.03125 0.314648 0.00121117
0 0.450098 0.874805 0.643555 0.250391 0.00118828
0 0.745313 0.16582 0.509375 0.331641 0.00115108
0 0.04552 0.481641 0.0831787 0.395312 0.00114727
1 0.707422 0.10918 0.511719 0.218359 0.0011158
0 0.184717 0.452344 0.19541 0.528125 0.00111198
0 0.952344 0.490625 0.0953125 0.61875 0.00110722
1 0.766406 0.650781 0.301562 0.595312 0.00109863
0 0.0688477 0.125195 0.137695 0.250391 0.00109005
0 0.739453 0.895312 0.330469 0.209375 0.00108624
0 0.399121 0.842188 0.536133 0.229687 0.00106907
1 0.95 0.29707 0.1 0.380859 0.00105667
0 0.598437 0.870898 0.540625 0.258203 0.00105286
0 0.731641 0.0862793 0.536719 0.172559 0.00104809
1 0.670313 0.896094 0.49375 0.207813 0.00104809
0 0.00864258 0.264795 0.0172852 0.331348 0.00104809
0 0.825781 0.884375 0.278125 0.23125 0.00103664
1 0.503125 0.500781 0.845312 0.923437 0.89502
1 0.872656 0.148633 0.254687 0.297266 0.0136871
0 0.503125 0.500781 0.845312 0.923437 0.00388527
0 0.869141 0.152832 0.261719 0.305664 0.00301552
1 0.341406 0.499609 0.517187 0.914844 0.00116062
1 0.49375 0.501953 0.84375 0.913281 0.935059
0 0.492188 0.490625 0.832812 0.926562 0.0100098
1 0.263086 0.497266 0.362891 0.921094 0.00372124
1 0.087207 0.483984 0.174414 0.713281 0.00197983
1 0.3625 0.233984 0.43125 0.411719 0.00194168
1 0.676562 0.277344 0.442187 0.5 0.00175476
1 0.139429 0.506641 0.167236 0.875781 0.00165462
1 0.087793 0.405469 0.175195 0.454688 0.00144386
1 0.456641 0.239453 0.529688 0.432813 0.00125504
0 0.087207 0.483984 0.174414 0.713281 0.00123501
1 0.34668 0.496094 0.534766 0.920313 0.00115108
1 0.112988 0.440625 0.185742 0.658594 0.0011425
0 0.087793 0.405469 0.175195 0.454688 0.00100803
1 0.500781 0.497656 0.848437 0.951563 0.934082
0 0.503125 0.820117 0.834375 0.281641 0.00809479
1 0.503125 0.820117 0.834375 0.281641 0.00725937
0 0.507031 0.496875 0.835938 0.93125 0.00379562
1 0.491016 0.478125 0.847656 0.909375 0.90332
0 0.496094 0.482812 0.845312 0.920313 0.0115967
1 0.483203 0.141406 0.894531 0.236719 0.00336266
1 0.491406 0.105859 0.920313 0.163281 0.00279999
1 0.484375 0.196924 0.878125 0.34834 0.0024147
0 0.8625 0.764063 0.273438 0.465625 0.00181007
0 0.999219 0.887305 0.0015625 0.225391 0.00174809
1 0.8625 0.764063 0.273438 0.465625 0.00172043
1 0.498437 0.0693359 0.940625 0.101953 0.0016489
0 0.998438 0.919531 0.003125 0.160938 0.0016489
1 0.500391 0.482812 0.832031 0.925 0.939453
1 0.504687 0.11377 0.846875 0.195898 0.00551224
1 0.303125 0.680078 0.435156 0.527344 0.00246239
1 0.499219 0.482812 0.84375 0.921875 0.93457
1 0.510547 0.107983 0.886719 0.183252 0.00156116
1 0.497266 0.489453 0.839844 0.919531 0.880859
1 0.505078 0.489453 0.838281 0.930469 0.910156
1 0.487891 0.485156 0.825781 0.920313 0.924316
0 0.487891 0.485156 0.825781 0.920313 0.00118828
1 0.505078 0.489453 0.838281 0.930469 0.910156
