0 0.509375 0.505469 0.8125 0.914062 0.813477
1 0.521094 0.508203 0.878125 0.921094 0.0647583
0 0.63916 0.5 0.58418 0.884375 0.037384
0 0.820312 0.833008 0.359375 0.333984 0.037323
0 0.742188 0.500781 0.36875 0.878125 0.0224609
0 0.191797 0.504687 0.257812 0.878125 0.0171051
0 0.353906 0.504297 0.589063 0.880469 0.0108566
0 0.80625 0.508203 0.253125 0.846094 0.00748825
1 0.820312 0.833008 0.359375 0.333984 0.00369263
0 0.84375 0.541406 0.16875 0.753125 0.00247192
0 0.860547 0.132617 0.278906 0.265234 0.00228691
0 0.88125 0.173828 0.2375 0.347656 0.00222588
0 0.936719 0.338281 0.126563 0.503125 0.0017004
0 0.986719 0.339648 0.0265625 0.546484 0.0017004
0 0.479688 0.43125 0.634375 0.803125 0.00156116
0 0.76875 0.133496 0.4625 0.266992 0.00152493
0 0.461328 0.889844 0.605469 0.220313 0.00151253
0 0.157813 0.587109 0.186719 0.703906 0.00149536
0 0.984766 0.441406 0.0304688 0.723437 0.00148392
0 0.888281 0.133496 0.223438 0.266992 0.00145531
0 0.901172 0.223633 0.197656 0.447266 0.00143814
0 0.980469 0.161133 0.0390625 0.322266 0.00139904
0 0.800391 0.136523 0.399219 0.273047 0.00139427
1 0.673437 0.497266 0.509375 0.896094 0.00131989
0 0.941406 0.427734 0.117188 0.686719 0.00126934
1 0.888281 0.133496 0.223438 0.266992 0.00126457
0 0.986719 0.644434 0.0265625 0.633008 0.0012598
0 0.5 0.690234 0.789062 0.597656 0.00119686
0 0.983203 0.245703 0.0335938 0.491406 0.00116062
0 0.0770508 0.135742 0.154102 0.271484 0.00112438
0 0.925781 0.261719 0.148438 0.523438 0.00112057
0 0.00895996 0.372656 0.0179199 0.336719 0.0011034
0 0.88125 0.542969 0.107813 0.757812 0.00108147
0 0.827344 0.886328 0.260938 0.227344 0.00106525
0 0.0749512 0.89375 0.149902 0.2125 0.00102425
0 0.0107178 0.541797 0.0214355 0.488281 0.00100422
0 0.499219 0.514844 0.845312 0.926562 0.953613
0 0.453125 0.727344 0.76875 0.515625 0.00763702
1 0.501562 0.514453 0.859375 0.919531 0.0069046
0 0.191797 0.539062 0.255469 0.7625 0.00411606
0 0.308594 0.517187 0.475 0.851562 0.00407028
1 0.873633 0.143262 0.252734 0.286523 0.00327301
0 0.873633 0.143262 0.252734 0.286523 0.00261116
0 0.348828 0.648828 0.557031 0.647656 0.00237846
0 0.477734 0.80293 0.722656 0.381641 0.00232315
0 0.78125 0.496484 0.314063 0.852344 0.00182438
1 0.857227 0.149023 0.285547 0.298047 0.00181007
0 0.955469 0.478027 0.0890625 0.770508 0.00159168
0 0.466406 0.858789 0.854688 0.282422 0.00144958
0 0.492969 0.224609 0.835938 0.372656 0.00139427
0 0.857227 0.149023 0.285547 0.298047 0.00135612
0 0.844922 0.492188 0.310156 0.832812 0.00130939
0 0.24375 0.600391 0.349219 0.688281 0.0012064
0 0.515234 0.522266 0.847656 0.908594 0.935059
1 0.515234 0.522266 0.847656 0.908594 0.00874329
0 0.347852 0.290625 0.521484 0.471094 0.00723267
0 0.500391 0.297266 0.702344 0.490625 0.00653839
0 0.623535 0.273633 0.599805 0.462109 0.00214005
0 0.259326 0.319141 0.355566 0.526563 0.00194931
0 0.380371 0.542578 0.60957 0.886719 0.00136185
0 0.212451 0.50625 0.281348 0.88125 0.00136185
0 0.496484 0.525781 0.852344 0.929688 0.895508
1 0.501562 0.523047 0.86875 0.953906 0.0262604
0 0.617969 0.253516 0.610937 0.422656 0.00151253
0 0.486719 0.513281 0.845312 0.929688 0.919922
0 0.999219 0.8875 0.0015625 0.225 0.00219154
0 0.998438 0.919531 0.003125 0.160938 0.00193405
0 0.86543 0.765625 0.266016 0.460938 0.00132465
0 0.996875 0.143359 0.00625 0.286719 0.00123978
0 0.997656 0.766797 0.0046875 0.466406 0.00115108
0 0.490625 0.510938 0.875 0.940625 0.901367
1 0.494531 0.506641 0.871875 0.942969 0.011116
0 0.511328 0.14375 0.883594 0.245312 0.00109863
0 0.497656 0.508594 0.854688 0.942187 0.912109
1 0.497266 0.509766 0.861719 0.939844 0.0216522
0 0.144556 0.551562 0.175732 0.84375 0.00582123
1 0.144556 0.551562 0.175732 0.84375 0.00107288
0 0.60625 0.285547 0.610937 0.490625 0.00103188
0 0.500781 0.517969 0.853125 0.910937 0.901367
1 0.497266 0.512109 0.861719 0.911719 0.0115051
0 0.609375 0.404687 0.625 0.739844 0.00150681
0 0.621875 0.255469 0.557813 0.4375 0.00104427
0 0.504297 0.505078 0.841406 0.932031 0.915039
1 0.504297 0.509766 0.844531 0.933594 0.00225258
0 0.496875 0.515234 0.85625 0.925781 0.944824
1 0.495313 0.521484 0.85625 0.910156 0.00109005
0 0.504297 0.505078 0.841406 0.932031 0.915039
1 0.504297 0.509375 0.844531 0.934375 0.00226021
