1 0.509375 0.480078 0.875 0.830469 0.482422
0 0.495313 0.489062 0.85 0.821875 0.290283
0 0.358203 0.484766 0.535937 0.792969 0.134033
0 0.85 0.507031 0.096875 0.823438 0.13208
0 0.263086 0.478125 0.347266 0.779688 0.108215
1 0.358203 0.484766 0.535937 0.792969 0.0731812
0 0.601465 0.483984 0.561133 0.838281 0.0394897
1 0.263086 0.478125 0.347266 0.779688 0.0332642
1 0.601465 0.483984 0.561133 0.838281 0.0281067
1 0.85 0.507031 0.096875 0.823438 0.0246124
0 0.828906 0.502344 0.120312 0.829687 0.00891876
0 0.825195 0.88125 0.349609 0.2375 0.0086441
0 0.696875 0.496875 0.370313 0.8375 0.00653839
0 0.764844 0.498047 0.248437 0.835156 0.00524139
0 0.544141 0.665625 0.632031 0.528125 0.00391388
1 0.828906 0.502344 0.120312 0.829687 0.00387001
1 0.696875 0.496875 0.370313 0.8375 0.0030632
0 0.842188 0.619531 0.096875 0.617188 0.00281143
0 0.989062 0.412109 0.021875 0.520312 0.0027256
0 0.874219 0.457812 0.084375 0.784375 0.00256157
0 0.989062 0.3 0.021875 0.425 0.00254059
0 0.201904 0.470313 0.238379 0.698438 0.00215721
1 0.817578 0.883398 0.364844 0.233203 0.00206757
0 0.9875 0.185547 0.025 0.371094 0.00202751
0 0.633984 0.913281 0.486719 0.173438 0.00196457
1 0.989062 0.3 0.021875 0.425 0.00186062
0 0.986719 0.508594 0.0265625 0.714063 0.00182438
1 0.544141 0.665625 0.632031 0.528125 0.00181007
0 0.95 0.417969 0.1 0.455469 0.0018034
0 0.894531 0.387109 0.0625 0.608594 0.00177479
0 0.935938 0.16709 0.128125 0.33418 0.0017271
1 0.874219 0.457812 0.084375 0.784375 0.0017004
1 0.9875 0.185547 0.025 0.371094 0.0017004
1 0.989062 0.412109 0.021875 0.520312 0.00167465
0 0.130664 0.481641 0.0984375 0.332031 0.00167465
0 0.948438 0.491406 0.103125 0.684375 0.00167465
1 0.970312 0.149805 0.059375 0.299609 0.00158501
0 0.3875 0.666406 0.373437 0.484375 0.00157356
0 0.510156 0.919141 0.495313 0.161719 0.00156689
0 0.947656 0.313477 0.104687 0.360547 0.00155449
0 0.725781 0.909375 0.4 0.18125 0.00153637
1 0.633984 0.913281 0.486719 0.173438 0.00152493
1 0.764844 0.498047 0.248437 0.835156 0.0014782
0 0.117383 0.437891 0.0703125 0.346094 0.00147247
0 0.970312 0.149805 0.059375 0.299609 0.00146103
0 0.757031 0.898047 0.292188 0.203906 0.00146103
0 0.907031 0.284375 0.084375 0.4375 0.00144958
0 0.00861816 0.355859 0.0172363 0.319531 0.0014267
1 0.838281 0.625781 0.0859375 0.460938 0.00141048
1 0.894531 0.387109 0.0625 0.608594 0.00136662
0 0.921094 0.116797 0.157813 0.233594 0.00132465
0 0.0454224 0.428906 0.0872803 0.338281 0.00130463
0 0.00859375 0.444141 0.0171875 0.33125 0.00123501
0 0.881641 0.125781 0.236719 0.251563 0.00119686
0 0.946875 0.22207 0.10625 0.387109 0.0011692
0 0.00844727 0.27583 0.0168945 0.303027 0.00116539
1 0.510156 0.919141 0.495313 0.161719 0.00113773
1 0.921094 0.116797 0.157813 0.233594 0.00112915
1 0.725781 0.909375 0.4 0.18125 0.00112438
0 0.405859 0.917188 0.405469 0.165625 0.0011158
0 0.915625 0.237939 0.103125 0.397559 0.00111198
0 0.144531 0.50791 0.125 0.32793 0.00110722
1 0.986719 0.508594 0.0265625 0.714063 0.00107288
0 0.507422 0.902344 0.605469 0.195312 0.00106907
0 0.8875 0.108789 0.209375 0.217578 0.00106525
0 0.00820312 0.117773 0.0164062 0.235547 0.00106525
1 0.825 0.641406 0.065625 0.434375 0.00106525
1 0.935938 0.16709 0.128125 0.33418 0.00105667
0 0.842188 0.674219 0.0875 0.475 0.00102425
0 0.0151367 0.105664 0.0302734 0.211328 0.00101662
0 0.0600586 0.112305 0.120117 0.224609 0.00101185
1 0.881641 0.125781 0.236719 0.251563 0.00101185
0 0.186523 0.515625 0.204297 0.453906 0.00100803
0 0.983594 0.746484 0.0328125 0.507031 0.00100422
1 0.483203 0.496094 0.785156 0.854688 0.805664
0 0.485156 0.5125 0.7875 0.810938 0.15918
1 0.901172 0.180859 0.197656 0.361719 0.00223351
1 0.827344 0.49375 0.140625 0.840625 0.00222588
1 0.967188 0.477734 0.065625 0.816406 0.00158501
1 0.925781 0.486719 0.148438 0.867188 0.00124454
0 0.967188 0.477734 0.065625 0.816406 0.00119209
1 0.474609 0.672656 0.767969 0.503125 0.00106049
1 0.883203 0.484375 0.233594 0.85625 0.00104046
1 0.471484 0.501562 0.791406 0.835938 0.88916
0 0.482812 0.502344 0.79375 0.842188 0.0408325
1 0.634375 0.283789 0.485938 0.458203 0.0016489
1 0.665625 0.364648 0.432813 0.620703 0.00147247
1 0.0875 0.372461 0.175 0.502734 0.00135612
1 0.489062 0.50625 0.803125 0.846875 0.756836
0 0.490625 0.504297 0.8 0.844531 0.257568
1 0.619141 0.764453 0.528906 0.314844 0.00112438
1 0.5125 0.193359 0.834375 0.283984 0.00102425
0 0.469922 0.496875 0.752344 0.859375 0.76709
1 0.489453 0.493359 0.803906 0.853906 0.514648
0 0.263477 0.796875 0.523047 0.403125 0.00253105
0 0.999219 0.884375 0.0015625 0.23125 0.00187492
0 0.998438 0.916797 0.003125 0.166406 0.00174141
0 0.890625 0.51875 0.2125 0.848437 0.0017004
0 0.876367 0.615234 0.241016 0.641406 0.00157356
1 0.26582 0.763281 0.530859 0.46875 0.00148964
0 0.922656 0.549219 0.154687 0.8 0.00125504
0 0.996875 0.143457 0.00625 0.286914 0.0011158
0 0.915234 0.653223 0.169531 0.581055 0.00101662
1 0.492285 0.492969 0.787305 0.851562 0.927734
0 0.491504 0.496484 0.793555 0.863281 0.0281677
1 0.515625 0.163574 0.809375 0.20332 0.00101662
1 0.485156 0.496094 0.810938 0.873438 0.923828
0 0.484375 0.510156 0.807813 0.86875 0.00706482
1 0.504687 0.0461914 0.878125 0.0923828 0.00133038
1 0.489941 0.495313 0.78418 0.834375 0.852539
0 0.485059 0.492188 0.792383 0.814062 0.0162201
1 0.94375 0.48125 0.1125 0.8875 0.00151253
1 0.493652 0.496875 0.793945 0.865625 0.914062
0 0.493652 0.494531 0.793945 0.859375 0.00325966
1 0.489062 0.498828 0.803125 0.842969 0.897461
0 0.489844 0.496875 0.801562 0.848437 0.0189056
1 0.493652 0.496875 0.793945 0.865625 0.914062
0 0.493652 0.494531 0.793945 0.859375 0.00323486
