0 0.6 0.514844 0.69375 0.807813 0.792969
1 0.579297 0.514063 0.728906 0.8125 0.0368958
0 0.192773 0.489844 0.267969 0.817187 0.0280151
0 0.835547 0.861328 0.328906 0.277344 0.0176392
0 0.511719 0.527344 0.459375 0.80625 0.00800323
1 0.192773 0.489844 0.267969 0.817187 0.00482941
0 0.229687 0.422656 0.351562 0.6625 0.00462723
0 0.707031 0.517187 0.475 0.784375 0.00457382
0 0.558496 0.676562 0.783008 0.507812 0.00421524
0 0.643359 0.414062 0.616406 0.615625 0.00328636
1 0.832031 0.859766 0.335938 0.280469 0.00279045
0 0.52666 0.91875 0.701367 0.1625 0.00264168
0 0.784766 0.167773 0.430469 0.335547 0.00199509
0 0.746875 0.20625 0.50625 0.4125 0.00197983
0 0.406641 0.521484 0.235156 0.800781 0.00191879
0 0.983203 0.321094 0.0335938 0.504687 0.00178242
0 0.551953 0.374219 0.528906 0.554688 0.00171375
1 0.543066 0.9125 0.75293 0.175 0.0017004
0 0.572266 0.885547 0.530469 0.228906 0.00161076
0 0.807031 0.884766 0.3125 0.230469 0.00156689
0 0.670703 0.902344 0.461719 0.195312 0.00152493
0 0.767578 0.9 0.247656 0.2 0.00150681
0 0.984375 0.403516 0.03125 0.558594 0.00148964
0 0.708984 0.894922 0.280469 0.210156 0.00146103
0 0.816211 0.23125 0.367578 0.4625 0.0014267
0 0.960547 0.272656 0.0789063 0.545313 0.00135136
0 0.891406 0.155859 0.217187 0.311719 0.00131989
0 0.815234 0.823828 0.369531 0.352344 0.00131989
0 0.847656 0.291016 0.304688 0.582031 0.00131989
0 0.487109 0.891016 0.719531 0.217969 0.00131512
0 0.465625 0.926953 0.492188 0.146094 0.00130463
0 0.655078 0.172363 0.533594 0.344727 0.00124454
0 0.882031 0.330078 0.235938 0.583594 0.00124454
0 0.0783691 0.12832 0.156738 0.256641 0.00123501
0 0.481348 0.187109 0.443555 0.374219 0.00122547
0 0.551562 0.198047 0.407813 0.396094 0.0012207
1 0.891406 0.155859 0.217187 0.311719 0.0012064
0 0.123022 0.500391 0.126611 0.805469 0.00118828
0 0.866016 0.834961 0.267969 0.330078 0.00118351
0 0.643359 0.27793 0.530469 0.512891 0.00117874
0 0.447266 0.126074 0.661719 0.252148 0.00117397
0 0.983594 0.528906 0.0328125 0.707812 0.00114727
0 0.546191 0.630469 0.626367 0.598437 0.00112915
0 0.95625 0.183691 0.0875 0.367383 0.00110722
0 0.921875 0.247266 0.15625 0.494531 0.00109005
0 0.00893555 0.323047 0.0178711 0.295312 0.00106049
0 0.938281 0.366797 0.123438 0.545313 0.00100803
0 0.50625 0.513281 0.870313 0.823438 0.939453
1 0.50625 0.513281 0.870313 0.823438 0.0147858
1 0.858984 0.15625 0.282031 0.3125 0.0077858
0 0.489062 0.679688 0.815625 0.4875 0.00751877
1 0.844141 0.162695 0.311719 0.325391 0.00488663
0 0.857227 0.156348 0.285547 0.312695 0.00324821
0 0.832812 0.163477 0.334375 0.326953 0.00162315
0 0.164844 0.492969 0.329688 0.89375 0.00153637
1 0.467578 0.680469 0.736719 0.485938 0.00146103
0 0.507422 0.75 0.746094 0.351562 0.00145531
0 0.500781 0.2125 0.876562 0.223438 0.00137806
0 0.239453 0.499219 0.478906 0.839063 0.00113392
0 0.918359 0.491797 0.163281 0.700781 0.00108147
0 0.535937 0.522656 0.846875 0.823438 0.9375
0 0.286133 0.533594 0.351953 0.79375 0.0139008
1 0.536719 0.528516 0.848437 0.813281 0.00419998
0 0.225586 0.519531 0.279297 0.817187 0.00216484
0 0.565234 0.330273 0.785156 0.458203 0.00136185
0 0.510938 0.528906 0.8625 0.810938 0.924316
1 0.510938 0.528906 0.8625 0.810938 0.00479126
0 0.525 0.748438 0.809375 0.35625 0.0024929
0 0.356836 0.735156 0.473828 0.373437 0.00155449
0 0.529688 0.823633 0.85 0.221484 0.00123501
0 0.133398 0.82207 0.258984 0.355859 0.00109863
0 0.467187 0.520312 0.934375 0.817187 0.875977
0 0.292773 0.509375 0.402734 0.815625 0.0103683
0 0.16748 0.515625 0.310352 0.840625 0.00740433
0 0.420801 0.512891 0.509961 0.821094 0.00276756
0 0.999219 0.885547 0.0015625 0.228906 0.0024929
0 0.998438 0.917969 0.003125 0.164062 0.00233269
0 0.100488 0.520312 0.200977 0.834375 0.00214958
0 0.336914 0.40625 0.442578 0.61875 0.00175476
0 0.867188 0.766406 0.2625 0.4625 0.00125504
0 0.996484 0.519531 0.00703125 0.465625 0.00124454
0 0.999219 0.836133 0.0015625 0.327734 0.00118828
0 0.998047 0.791406 0.00390625 0.417188 0.00106049
0 1 0.895312 0 0.209375 0.00100803
0 0.517969 0.519141 0.848437 0.832031 0.905762
1 0.533203 0.513281 0.842969 0.835938 0.0160217
0 0.517187 0.512891 0.853125 0.828906 0.901367
0 0.417285 0.523828 0.606055 0.814844 0.0514526
0 0.0916016 0.532031 0.183203 0.864062 0.00226974
0 0.317383 0.376563 0.493359 0.5625 0.00220871
0 0.315625 0.498437 0.4875 0.807813 0.00154305
1 0.523828 0.5125 0.855469 0.826563 0.00151253
0 0.0902344 0.117676 0.171094 0.233789 0.00135612
0 0.133301 0.521875 0.186523 0.865625 0.00112057
0 0.524219 0.527344 0.80625 0.809375 0.835449
0 0.0902344 0.118652 0.175 0.236914 0.00577545
1 0.546094 0.523438 0.764063 0.814062 0.00359344
0 0.340234 0.519531 0.457812 0.814062 0.00186062
0 0.0758789 0.517578 0.151758 0.827344 0.00168705
0 0.627441 0.365039 0.616992 0.518359 0.00154305
0 0.655859 0.507715 0.566406 0.79707 0.00102806
0 0.519922 0.517187 0.838281 0.821875 0.90625
0 0.0875977 0.119531 0.165234 0.239063 0.00225258
0 0.196875 0.409375 0.246484 0.589063 0.00127888
0 0.241357 0.424609 0.27041 0.625781 0.00109482
0 0.232422 0.32832 0.258594 0.438672 0.00103664
0 0.53125 0.519531 0.834375 0.817187 0.930176
0 0.418848 0.344531 0.54043 0.476562 0.00144386
0 0.0869141 0.514063 0.173828 0.846875 0.00131512
0 0.624219 0.311328 0.645312 0.405469 0.00111198
0 0.330469 0.335938 0.414062 0.460156 0.00109863
0 0.325781 0.481348 0.411719 0.756055 0.00104427
0 0.519922 0.517187 0.838281 0.821875 0.90625
0 0.0875977 0.119531 0.165234 0.239063 0.00224304
0 0.196875 0.410156 0.246484 0.590625 0.00128937
0 0.241357 0.425391 0.27041 0.627344 0.00109482
0 0.232422 0.32832 0.258594 0.438672 0.00103664
