0 0.604688 0.524609 0.760938 0.700781 0.834961
0 0.486816 0.523438 0.582617 0.678125 0.0196075
0 0.7625 0.530469 0.471875 0.679688 0.0143356
1 0.604688 0.524609 0.760938 0.700781 0.0136871
0 0.128711 0.286719 0.257422 0.539062 0.00978088
0 0.363086 0.556152 0.330078 0.60957 0.00561905
0 0.593359 0.510547 0.552344 0.672656 0.0036068
0 0.100781 0.373828 0.201562 0.369531 0.00344276
0 0.903516 0.537402 0.192969 0.675195 0.00311089
0 0.921484 0.892187 0.157031 0.215625 0.00309944
1 0.128711 0.286719 0.257422 0.539062 0.00286674
0 0.500781 0.928906 0.632812 0.142188 0.00265312
0 0.131641 0.448438 0.263281 0.429688 0.00233269
0 0.79082 0.291406 0.418359 0.582812 0.00231361
0 0.864062 0.308984 0.271875 0.617969 0.00201988
0 0.909375 0.421094 0.18125 0.700781 0.00196457
0 0.552734 0.915625 0.666406 0.16875 0.00191212
0 0.914844 0.838867 0.170312 0.322266 0.00189686
0 0.665625 0.219141 0.539062 0.438281 0.00188923
0 0.1 0.435059 0.2 0.233008 0.0017004
0 0.887109 0.623047 0.225781 0.497656 0.00168705
0 0.622266 0.153027 0.521094 0.306055 0.0016489
0 0.842773 0.406641 0.314453 0.709375 0.00149536
0 0.183008 0.313672 0.366016 0.582031 0.00147247
0 0.648438 0.927734 0.45625 0.144531 0.00146103
0 0.614453 0.284375 0.488281 0.501562 0.00141621
0 0.926953 0.758203 0.146094 0.483594 0.00138855
0 0.945312 0.460059 0.109375 0.72207 0.00131512
0 0.131934 0.560938 0.263867 0.545313 0.00129986
1 0.914062 0.890234 0.171875 0.219531 0.00121117
0 0.109863 0.516016 0.219727 0.403906 0.00120163
0 0.726172 0.327734 0.547656 0.639844 0.00116539
0 0.960938 0.325 0.078125 0.65 0.00116539
0 0.32793 0.593359 0.259766 0.528906 0.00115585
0 0.88125 0.914062 0.2375 0.171875 0.00115108
0 0.940625 0.144531 0.11875 0.289062 0.00114727
1 0.552734 0.915625 0.666406 0.16875 0.00110722
0 0.589453 0.382129 0.485156 0.468555 0.00110722
0 0.723047 0.925 0.366406 0.15 0.00106907
1 0.940625 0.144531 0.11875 0.289062 0.00106525
0 0.0648438 0.435937 0.129688 0.219531 0.00106049
0 0.105957 0.625684 0.211914 0.643945 0.00105286
0 0.269922 0.618359 0.136719 0.403906 0.00104046
0 0.587402 0.53291 0.79707 0.69668 0.935547
0 0.567969 0.685938 0.753125 0.367188 0.00763702
0 0.344336 0.63125 0.289453 0.440625 0.00634003
0 0.407031 0.566309 0.41875 0.586133 0.00466537
1 0.587402 0.53291 0.79707 0.69668 0.00344276
0 0.445312 0.644922 0.492188 0.439844 0.0026722
0 0.308398 0.611328 0.234766 0.419531 0.00245285
0 0.501562 0.34668 0.876562 0.325391 0.00178909
0 0.516406 0.43291 0.789062 0.49668 0.00166798
0 0.0601074 0.142969 0.120215 0.285937 0.00134563
0 0.933984 0.449219 0.132031 0.751562 0.00121593
1 0.933984 0.449219 0.132031 0.751562 0.0011425
0 0.173242 0.606152 0.346484 0.568945 0.00107288
0 0.592969 0.528906 0.809375 0.679688 0.957031
0 0.24668 0.483203 0.476172 0.742969 0.0123825
0 0.271289 0.516016 0.326953 0.721094 0.00288963
0 0.622266 0.311133 0.630469 0.535547 0.00212479
0 0.632422 0.389844 0.688281 0.402344 0.00167465
0 0.348242 0.535937 0.294141 0.654688 0.00134563
0 0.149805 0.499219 0.293359 0.779688 0.00119686
1 0.587891 0.530078 0.791406 0.682031 0.00104809
0 0.589844 0.541797 0.809375 0.705469 0.948242
0 0.170898 0.87832 0.338672 0.243359 0.0146179
0 0.117578 0.873438 0.227344 0.253125 0.0132751
0 0.246484 0.879687 0.492969 0.240625 0.0064621
0 0.516016 0.697266 0.630469 0.339844 0.00284576
1 0.170898 0.87832 0.338672 0.243359 0.00212479
1 0.117578 0.873438 0.227344 0.253125 0.00202751
1 0.588281 0.534473 0.815625 0.701367 0.00168133
1 0.246484 0.879687 0.492969 0.240625 0.00143242
0 0.5875 0.771875 0.825 0.220313 0.00130463
0 0.713672 0.384277 0.549219 0.39707 0.00127888
0 0.728125 0.491406 0.528125 0.595312 0.00125504
0 0.405566 0.700781 0.404492 0.326562 0.00113773
0 0.245312 0.306641 0.4875 0.508594 0.00109863
0 0.545313 0.525391 0.89375 0.678906 0.908203
0 0.243164 0.300781 0.486328 0.6 0.0125732
0 0.401563 0.303125 0.803125 0.603125 0.00266266
0 0.999219 0.890234 0.0015625 0.219531 0.00237846
0 0.998438 0.917969 0.003125 0.164062 0.00217438
0 0.480469 0.52959 0.598437 0.67207 0.00186729
0 0.251953 0.219141 0.502344 0.433594 0.00137234
0 0.998828 0.84043 0.00234375 0.319141 0.00103188
0 0.59375 0.524316 0.809375 0.691992 0.90332
1 0.601172 0.525879 0.797656 0.685742 0.00301552
0 0.920313 0.912109 0.159375 0.175781 0.00240517
0 0.914062 0.942969 0.171875 0.114063 0.00105286
0 0.594922 0.530859 0.800781 0.713281 0.895508
0 0.282813 0.605469 0.178125 0.714063 0.00379562
0 0.140332 0.570703 0.248633 0.792969 0.00372124
0 0.0850342 0.657422 0.169385 0.644531 0.00362206
0 0.195898 0.578125 0.222266 0.778125 0.00362206
0 0.0914062 0.529297 0.182812 0.886719 0.00355148
0 0.265625 0.563281 0.269531 0.764063 0.00168705
0 0.504297 0.0647461 0.949219 0.129492 0.00108147
0 0.214062 0.533203 0.323438 0.821094 0.00102425
0 0.577344 0.526563 0.789062 0.69375 0.858887
1 0.58125 0.525781 0.776563 0.6875 0.00177479
0 0.152148 0.499219 0.299609 0.80625 0.00116062
0 0.5875 0.531641 0.796875 0.686719 0.935059
0 0.211914 0.541309 0.269922 0.750195 0.00230598
0 0.156055 0.533594 0.289453 0.807813 0.00168133
0 0.288672 0.575781 0.194531 0.679688 0.00124454
0 0.367188 0.545215 0.328125 0.664258 0.00103188
0 0.588672 0.534277 0.797656 0.68457 0.94043
0 0.165234 0.497266 0.330469 0.832031 0.0112457
0 0.104102 0.500781 0.208203 0.873438 0.00156116
0 0.27832 0.542969 0.223828 0.7375 0.00123024
0 0.235938 0.524219 0.309375 0.748438 0.00101662
0 0.5875 0.531641 0.796875 0.686719 0.935059
0 0.211768 0.541406 0.269434 0.75 0.00226974
0 0.155957 0.533594 0.289258 0.807813 0.0016613
0 0.288672 0.576172 0.194531 0.678906 0.00123501
0 0.367188 0.545215 0.328125 0.664258 0.00103188
