1 0.529297 0.491406 0.749219 0.907812 0.325195
0 0.798437 0.494531 0.196875 0.873438 0.244385
0 0.529297 0.491406 0.749219 0.907812 0.0878906
1 0.398438 0.739453 0.479688 0.489844 0.0508118
1 0.798437 0.494531 0.196875 0.873438 0.0458679
0 0.815234 0.826758 0.369531 0.346484 0.0333252
1 0.242969 0.510547 0.339844 0.891406 0.0269165
1 0.487891 0.724219 0.675781 0.526563 0.0255585
0 0.720312 0.491406 0.354688 0.885938 0.0227203
1 0.361328 0.508984 0.580469 0.903906 0.0167847
0 0.444629 0.733984 0.61543 0.505469 0.0126724
1 0.328467 0.740234 0.37666 0.475781 0.00993347
1 0.720312 0.491406 0.354688 0.885938 0.00837708
1 0.194971 0.477734 0.253027 0.869531 0.00734711
0 0.213721 0.485156 0.289746 0.895312 0.00712204
0 0.348828 0.745703 0.40625 0.467969 0.00656509
1 0.815234 0.826758 0.369531 0.346484 0.00424957
0 0.124512 0.515234 0.111914 0.403906 0.00383949
0 0.361328 0.508984 0.580469 0.903906 0.00367928
0 0.611719 0.448438 0.573438 0.828125 0.00322342
1 0.223242 0.600781 0.269922 0.725 0.00282288
0 0.270312 0.503906 0.382812 0.904688 0.00247192
0 0.560938 0.711719 0.585938 0.542188 0.00245285
0 0.114355 0.465625 0.0921875 0.427344 0.00235939
0 0.988281 0.352148 0.0234375 0.435547 0.00218201
0 0.805273 0.112305 0.389453 0.224609 0.00203514
1 0.611719 0.448438 0.573438 0.828125 0.00201035
0 0.174805 0.510254 0.208984 0.72793 0.0019722
0 0.9875 0.441504 0.025 0.613867 0.0019722
0 0.710547 0.711719 0.308594 0.535937 0.00188255
1 0.536621 0.507812 0.51582 0.909375 0.00183868
1 0.124512 0.515234 0.111914 0.403906 0.00178242
0 0.123633 0.574609 0.0964844 0.347656 0.0017271
1 0.350977 0.576563 0.294141 0.782812 0.00172043
0 0.986719 0.269531 0.0265625 0.482812 0.00171375
1 0.293408 0.632812 0.394434 0.671875 0.0017004
0 0.944531 0.309424 0.110937 0.381934 0.0016613
0 0.889844 0.159766 0.220313 0.319531 0.0016613
0 0.00964355 0.500781 0.0192871 0.389062 0.00165462
0 0.0651367 0.892187 0.130273 0.215625 0.00163555
1 0.371484 0.728516 0.2375 0.482031 0.00152493
0 0.928516 0.12959 0.142969 0.25918 0.00148964
1 0.928516 0.12959 0.142969 0.25918 0.00147247
0 0.0492188 0.864844 0.0984375 0.270312 0.00144958
0 0.0092041 0.391016 0.0184082 0.341406 0.00143814
0 0.985937 0.172168 0.028125 0.344336 0.00143242
0 0.796094 0.61875 0.182812 0.675 0.00141621
1 0.805273 0.112305 0.389453 0.224609 0.00140476
1 0.174805 0.510254 0.208984 0.72793 0.00138855
0 0.650781 0.683984 0.345313 0.580469 0.00136185
0 0.864062 0.141016 0.271875 0.282031 0.00135612
0 0.00880127 0.599219 0.0176025 0.295312 0.00131512
1 0.9875 0.301172 0.025 0.439844 0.00131512
0 0.00866699 0.298389 0.017334 0.340723 0.00130939
0 0.186133 0.389062 0.226953 0.582031 0.00130463
0 0.729688 0.0973633 0.540625 0.194727 0.00130463
0 0.433594 0.873633 0.564844 0.240234 0.00130463
0 0.824805 0.152344 0.350391 0.304688 0.00130463
0 0.00838623 0.826758 0.0167725 0.274609 0.00129414
0 0.687109 0.124512 0.553906 0.249023 0.0012846
0 0.797461 0.123242 0.405078 0.246484 0.00127888
0 0.923437 0.252734 0.134375 0.474219 0.00124931
0 0.536621 0.507812 0.51582 0.909375 0.00123978
0 0.00817871 0.87207 0.0163574 0.255859 0.0012207
0 0.0755859 0.128906 0.151172 0.257812 0.00121593
1 0.9875 0.396875 0.025 0.514063 0.0012064
1 0.0248291 0.897656 0.0496582 0.204688 0.0012064
0 0.9125 0.201953 0.175 0.403906 0.00118828
0 0.0431763 0.357812 0.0784912 0.332812 0.00118828
0 0.0461426 0.530078 0.0702148 0.417188 0.00116539
0 0.548047 0.887109 0.547656 0.225781 0.00116062
0 0.00866699 0.194922 0.017334 0.335938 0.00115585
0 0.740625 0.181543 0.51875 0.363086 0.00115585
0 0.111035 0.377344 0.0748047 0.30625 0.00115108
0 0.948828 0.444531 0.102344 0.620313 0.00115108
0 0.821094 0.882031 0.2875 0.235938 0.00113773
0 0.987109 0.554297 0.0257812 0.680469 0.00113392
1 0.985937 0.172168 0.028125 0.344336 0.00112915
0 0.671094 0.890625 0.351562 0.21875 0.0011158
1 0.114355 0.465625 0.0921875 0.427344 0.00111198
0 0.910156 0.266406 0.09375 0.455469 0.00109863
0 0.0883789 0.902344 0.176758 0.195312 0.00109005
1 0.276953 0.905078 0.248437 0.189844 0.00108624
1 0.563281 0.891406 0.592188 0.217187 0.00108147
0 0.186279 0.338672 0.217285 0.415625 0.00108147
0 0.639453 0.160547 0.524219 0.321094 0.00107765
0 0.00821533 0.701172 0.0164307 0.305469 0.00106907
0 0.0248291 0.897656 0.0496582 0.204688 0.00106049
1 0.00964355 0.500781 0.0192871 0.389062 0.00105667
1 0.435254 0.869531 0.607617 0.260938 0.00104046
0 0.0439453 0.78418 0.0837891 0.269141 0.00102806
1 0.0886719 0.901953 0.177344 0.196094 0.00100803
1 0.49375 0.521484 0.840625 0.922656 0.88916
1 0.887109 0.13916 0.225781 0.27832 0.0147858
0 0.49375 0.521484 0.840625 0.922656 0.00557709
0 0.887109 0.13916 0.225781 0.27832 0.0039444
1 0.484375 0.503906 0.829687 0.932813 0.936035
0 0.484375 0.497266 0.825 0.947656 0.0100937
1 0.251611 0.511719 0.351465 0.932813 0.00317192
1 0.358203 0.238477 0.519531 0.416016 0.00171375
1 0.677344 0.278906 0.41875 0.5 0.00150108
1 0.630078 0.235938 0.502344 0.415625 0.00109863
1 0.483594 0.507812 0.820312 0.96875 0.957031
0 0.489062 0.514453 0.834375 0.944531 0.00428009
1 0.510547 0.885156 0.850781 0.217187 0.00228691
1 0.48125 0.496875 0.804688 0.951563 0.914062
0 0.48125 0.496875 0.804688 0.951563 0.0134811
1 0.857813 0.735937 0.28125 0.507812 0.00269318
0 0.856445 0.755078 0.283984 0.482031 0.00248146
0 0.999219 0.903906 0.0015625 0.192188 0.00195694
1 0.482812 0.141113 0.901563 0.230273 0.0015974
0 0.999219 0.865039 0.0015625 0.269922 0.00127411
1 0.48125 0.200195 0.871875 0.345703 0.0011692
1 0.484375 0.507031 0.817187 0.939062 0.937988
1 0.306445 0.716406 0.423047 0.484375 0.00190449
1 0.485938 0.496094 0.828125 0.95 0.945312
1 0.0612793 0.674121 0.116113 0.651758 0.00109005
1 0.147827 0.53125 0.160205 0.898438 0.00100422
1 0.479688 0.498437 0.80625 0.9375 0.903809
1 0.0679199 0.633594 0.127832 0.673437 0.00166798
1 0.594141 0.358789 0.574219 0.673047 0.00119686
1 0.4875 0.495313 0.815625 0.94375 0.912109
1 0.304297 0.721484 0.409375 0.485156 0.00135612
1 0.48125 0.500781 0.817187 0.95625 0.925293
1 0.483594 0.678906 0.801562 0.604688 0.0029583
1 0.4875 0.494531 0.815625 0.94375 0.912109
1 0.304297 0.721484 0.409375 0.485156 0.00135612
