0 0.501172 0.535156 0.850781 0.85 0.62793
0 0.635156 0.533594 0.570312 0.826563 0.157715
0 0.317187 0.523828 0.573438 0.819531 0.0910645
1 0.501172 0.535156 0.850781 0.85 0.0679321
0 0.207617 0.519141 0.356641 0.802344 0.0321045
0 0.751172 0.5375 0.350781 0.809375 0.0117798
0 0.816211 0.89375 0.367578 0.2125 0.00775528
0 0.518359 0.746094 0.766406 0.50625 0.00411606
1 0.635156 0.533594 0.570312 0.826563 0.00385475
1 0.285156 0.538672 0.505469 0.836719 0.00382423
0 0.831445 0.558203 0.187109 0.735156 0.00205803
0 0.985937 0.347461 0.028125 0.456641 0.00182438
0 0.147266 0.53584 0.239063 0.768945 0.0015974
0 0.982813 0.449121 0.034375 0.606445 0.00150681
0 0.946875 0.366016 0.10625 0.417188 0.00150108
0 0.693359 0.609277 0.438281 0.742383 0.0014782
0 0.651563 0.164844 0.453125 0.329688 0.0014267
0 0.842188 0.156348 0.315625 0.312695 0.00142097
1 0.814062 0.890625 0.371875 0.21875 0.00139904
0 0.648438 0.703125 0.526563 0.5875 0.00138855
0 0.9125 0.194141 0.175 0.388281 0.00137806
0 0.692969 0.457422 0.434375 0.735156 0.00137234
0 0.959375 0.149902 0.08125 0.299805 0.00134563
0 0.984766 0.273828 0.0304688 0.547656 0.00134087
0 0.984375 0.186523 0.03125 0.373047 0.00123501
1 0.959375 0.149902 0.08125 0.299805 0.00123501
0 0.749219 0.150195 0.501562 0.300391 0.00121593
0 0.374219 0.742188 0.583594 0.515625 0.0011692
0 0.0615234 0.402734 0.071875 0.357031 0.00116062
0 0.982031 0.550781 0.0359375 0.620313 0.00115108
0 0.426562 0.892187 0.511719 0.215625 0.00112438
1 0.204639 0.533984 0.346973 0.835156 0.00109005
0 0.6125 0.11875 0.514063 0.2375 0.00107765
0 0.649219 0.214648 0.509375 0.429297 0.00107288
0 0.95 0.520703 0.1 0.724219 0.00105286
0 0.100415 0.461328 0.148779 0.438281 0.00104427
0 0.513672 0.101855 0.622656 0.203711 0.00104046
0 0.279102 0.741406 0.382422 0.49375 0.00103188
0 0.85625 0.141504 0.2875 0.283008 0.00100803
0 0.478516 0.527344 0.889844 0.864062 0.936523
1 0.478125 0.540625 0.88125 0.875 0.0132217
0 0.164258 0.535937 0.286719 0.779688 0.00307465
0 0.253125 0.53291 0.451562 0.798242 0.00268364
0 0.769141 0.474219 0.294531 0.757812 0.00248146
0 0.469922 0.742188 0.833594 0.490625 0.00203514
1 0.892187 0.202734 0.215625 0.405469 0.00176811
0 0.373437 0.15332 0.409375 0.0867188 0.00171375
0 0.342969 0.161426 0.321094 0.0810547 0.00168705
1 0.373437 0.15332 0.409375 0.0867188 0.0015974
0 0.337891 0.165527 0.435937 0.11582 0.00150681
1 0.469922 0.742188 0.833594 0.490625 0.00137806
1 0.342969 0.161426 0.321094 0.0810547 0.00136185
0 0.475 0.35625 0.8625 0.505469 0.0012846
0 0.313672 0.425781 0.575781 0.604688 0.00113773
0 0.418066 0.155762 0.618555 0.0931641 0.00113392
1 0.337891 0.165527 0.435937 0.11582 0.00103188
0 0.892187 0.202734 0.215625 0.405469 0.00100422
0 0.483203 0.548828 0.880469 0.866406 0.775391
1 0.4875 0.553125 0.859375 0.865625 0.321777
0 0.422656 0.322266 0.771875 0.413281 0.00486755
0 0.310156 0.312939 0.545313 0.367871 0.00137234
0 0.639746 0.319336 0.54082 0.447266 0.00132465
0 0.247266 0.340625 0.424219 0.407813 0.00105667
0 0.476953 0.545313 0.892969 0.839063 0.861328
1 0.476562 0.549219 0.9 0.901563 0.0731812
0 0.657031 0.314844 0.504687 0.422656 0.0011158
0 0.452344 0.539844 0.904688 0.854688 0.897461
1 0.458594 0.541406 0.917188 0.859375 0.00228691
0 0.999219 0.889063 0.0015625 0.221875 0.00203514
0 0.998438 0.917188 0.003125 0.165625 0.00168133
0 0.998438 0.852734 0.003125 0.294531 0.00108147
0 0.471484 0.541797 0.885156 0.888281 0.769531
1 0.473437 0.535547 0.90625 0.869531 0.110657
0 0.471484 0.534766 0.902344 0.871094 0.875977
1 0.476953 0.548047 0.899219 0.897656 0.0358276
0 0.620996 0.354688 0.583008 0.517187 0.00100422
0 0.475391 0.539844 0.896094 0.85 0.777832
1 0.476562 0.549219 0.892187 0.864062 0.144653
0 0.552441 0.449121 0.713867 0.714258 0.00153065
0 0.479688 0.542578 0.890625 0.861719 0.916504
1 0.482031 0.54375 0.876562 0.876562 0.0173035
0 0.472656 0.549219 0.892187 0.865625 0.921387
1 0.472266 0.545313 0.889844 0.865625 0.0244751
0 0.479688 0.542188 0.890625 0.8625 0.916504
1 0.482031 0.54375 0.876562 0.876562 0.0174408
