0 0.289062 0.482812 0.464063 0.776563 0.144653
0 0.243799 0.478516 0.314746 0.764844 0.0742188
0 0.343555 0.510938 0.301953 0.803125 0.0587769
0 0.535937 0.450391 0.283594 0.699219 0.0541077
0 0.566797 0.473437 0.15 0.748438 0.0509033
0 0.602344 0.447559 0.207813 0.692383 0.0325317
0 0.401172 0.508496 0.194531 0.789258 0.0321655
0 0.396094 0.459766 0.489062 0.721094 0.0227203
0 0.663672 0.47959 0.192969 0.758008 0.0129242
0 0.721875 0.483496 0.120312 0.750195 0.012825
1 0.289062 0.482812 0.464063 0.776563 0.0120544
0 0.328516 0.40459 0.492969 0.623633 0.0112915
0 0.516797 0.480469 0.152344 0.770312 0.00945282
1 0.343555 0.510938 0.301953 0.803125 0.00837708
0 0.5875 0.51875 0.128125 0.803125 0.00790405
0 0.531641 0.410937 0.407813 0.639063 0.00757599
0 0.903125 0.473047 0.19375 0.785156 0.00728989
0 0.742969 0.441309 0.121875 0.689258 0.00664139
1 0.234424 0.512109 0.290527 0.810156 0.00534439
1 0.566797 0.473437 0.15 0.748438 0.00496292
0 0.186377 0.520703 0.21084 0.796094 0.00462723
0 0.139258 0.52959 0.120703 0.554883 0.00402451
0 0.117676 0.482422 0.0798828 0.439844 0.00367928
0 0.552344 0.542871 0.1125 0.77207 0.00355148
0 0.521875 0.508594 0.090625 0.782812 0.00331116
0 0.764844 0.404004 0.1625 0.663867 0.00314713
0 0.710547 0.613965 0.128906 0.63457 0.00294685
0 0.429688 0.540625 0.136719 0.795313 0.00279045
1 0.535937 0.450391 0.283594 0.699219 0.0026722
1 0.401172 0.508496 0.194531 0.789258 0.00246239
0 0.153125 0.570215 0.150781 0.74082 0.00234985
0 0.893359 0.881641 0.213281 0.236719 0.00201988
0 0.814844 0.4 0.204688 0.669531 0.00201988
0 0.725391 0.401172 0.166406 0.672656 0.00198746
0 0.881641 0.402344 0.236719 0.667188 0.00188923
0 0.69375 0.66875 0.15625 0.5625 0.00182438
0 0.730469 0.605078 0.101562 0.653906 0.00174809
1 0.903125 0.474902 0.19375 0.781445 0.00163555
0 0.357617 0.766016 0.331641 0.433594 0.00160408
0 0.125879 0.569141 0.0972656 0.561719 0.00153637
0 0.537109 0.908594 0.560156 0.182812 0.0015192
0 0.683984 0.896875 0.367969 0.20625 0.00149536
0 0.616797 0.900781 0.458594 0.198437 0.0014782
1 0.602344 0.447559 0.207813 0.692383 0.00144958
0 0.448828 0.908594 0.466406 0.182812 0.00144386
0 0.252344 0.560156 0.230078 0.807813 0.00144386
0 0.935156 0.11582 0.129688 0.231641 0.00141048
1 0.516797 0.480469 0.152344 0.770312 0.00135612
0 0.795313 0.476562 0.15 0.770312 0.00134563
0 0.88457 0.0943359 0.230859 0.188672 0.00129414
1 0.396094 0.459766 0.489062 0.721094 0.00127888
1 0.935156 0.11582 0.129688 0.231641 0.00126457
0 0.980859 0.136133 0.0382813 0.272266 0.0012598
0 0.888281 0.586719 0.223438 0.740625 0.00124454
0 0.0898438 0.130664 0.179688 0.261328 0.00123501
0 0.879297 0.841797 0.241406 0.316406 0.00123501
0 0.916406 0.119434 0.167187 0.238867 0.00123501
0 0.847461 0.112207 0.305078 0.224414 0.00123024
0 0.28208 0.723047 0.28584 0.500781 0.00117874
0 0.792969 0.897656 0.335938 0.204688 0.00115585
0 0.509375 0.599316 0.0914062 0.723242 0.00115585
0 0.733594 0.68125 0.0921875 0.51875 0.00114727
0 0.39375 0.363672 0.554688 0.597656 0.0011425
1 0.721875 0.483496 0.120312 0.750195 0.00112438
0 0.690625 0.540625 0.151562 0.8 0.0011158
0 0.0471558 0.44541 0.0873291 0.356055 0.00107288
0 0.150391 0.658594 0.132812 0.515625 0.00104046
0 0.973828 0.186523 0.0523437 0.373047 0.00101662
1 0.663672 0.47959 0.192969 0.758008 0.00100803
0 0.430859 0.529688 0.716406 0.864062 0.646973
1 0.422754 0.539453 0.691992 0.846094 0.454346
0 0.425684 0.721875 0.693945 0.5 0.0159607
1 0.853125 0.107813 0.29375 0.215625 0.005867
1 0.416016 0.708594 0.646875 0.523438 0.0051384
1 0.826758 0.10957 0.346484 0.219141 0.00399017
0 0.853125 0.107813 0.29375 0.215625 0.00376511
0 0.826758 0.10957 0.346484 0.219141 0.00279045
0 0.120703 0.480469 0.241406 0.945312 0.00244331
0 0.0771973 0.478906 0.154395 0.926562 0.00204277
0 0.700391 0.513281 0.599219 0.865625 0.00174141
0 0.301172 0.523438 0.450781 0.853125 0.0017271
0 0.337891 0.692187 0.485156 0.55 0.00126934
1 0.0771973 0.478906 0.154395 0.926562 0.00117397
0 0.232422 0.511328 0.310156 0.861719 0.00106907
0 0.392969 0.636328 0.614062 0.653906 0.00106525
0 0.452441 0.532812 0.707617 0.853125 0.823242
1 0.449121 0.533594 0.714258 0.85 0.17749
0 0.453906 0.304297 0.679688 0.394531 0.00383949
0 0.446484 0.548828 0.722656 0.849219 0.927734
1 0.447656 0.548437 0.735937 0.85625 0.00948334
0 0.4125 0.775 0.634375 0.38125 0.00358009
0 0.32832 0.798242 0.446484 0.341016 0.0015974
0 0.46709 0.333984 0.70957 0.432031 0.00115108
0 0.440625 0.532812 0.714063 0.829687 0.885742
1 0.442285 0.529688 0.713867 0.834375 0.00488663
0 0.8875 0.80957 0.221875 0.377734 0.00226021
0 0.999219 0.902344 0.0015625 0.195312 0.00171375
0 1 0.698438 0 0.239063 0.00126934
0 0.997656 0.696484 0.0046875 0.485156 0.00113773
0 0.999219 0.861719 0.0015625 0.276563 0.00109863
0 0.876758 0.5 0.246484 0.909375 0.00109005
0 1 0.748438 0 0.239063 0.00108624
0 0.0836914 0.903125 0.161914 0.1875 0.00102806
0 0.452246 0.536328 0.711133 0.883594 0.561035
1 0.457129 0.5375 0.732617 0.8625 0.483398
0 0.884766 0.0920898 0.230469 0.18418 0.00614548
0 0.451953 0.532812 0.738281 0.842188 0.913574
1 0.451953 0.532812 0.738281 0.842188 0.00276756
0 0.100391 0.10957 0.200781 0.219141 0.00168133
0 0.513281 0.0458008 0.923437 0.0916016 0.00127888
0 0.523438 0.0654297 0.926562 0.130859 0.00111198
0 0.455371 0.535937 0.729883 0.8375 0.86084
1 0.45 0.536719 0.720312 0.834375 0.00952148
0 0.10166 0.128711 0.20332 0.257422 0.00273705
0 0.467285 0.547656 0.741992 0.85625 0.930176
0 0.492969 0.0190918 0.8625 0.0381836 0.00145531
0 0.464063 0.545313 0.73125 0.853125 0.931152
0 0.467578 0.547656 0.741406 0.85625 0.930176
0 0.492969 0.0190918 0.8625 0.0381836 0.00145531
