0 0.478516 0.575391 0.738281 0.746094 0.790039
0 0.312891 0.579297 0.464844 0.753906 0.0587769
0 0.669531 0.580078 0.382812 0.711719 0.0249939
1 0.464063 0.574316 0.78125 0.749805 0.0117798
0 0.218311 0.586328 0.274316 0.744531 0.00712204
0 0.751562 0.905469 0.496875 0.189063 0.00206757
0 0.797461 0.932031 0.405078 0.135937 0.0019722
0 0.333984 0.178906 0.146094 0.167969 0.00188255
0 0.0529297 0.8875 0.105859 0.225 0.00183868
0 0.12959 0.587598 0.107227 0.562305 0.00155449
0 0.20293 0.465625 0.215234 0.78125 0.00151253
0 0.619531 0.921094 0.495313 0.157813 0.00150108
0 0.0473145 0.838086 0.0944336 0.323828 0.00139904
0 0.675781 0.901172 0.489062 0.197656 0.00138283
0 0.258008 0.47959 0.335547 0.76582 0.00135612
0 0.91875 0.417285 0.15625 0.520117 0.0012598
0 0.922656 0.534375 0.154687 0.620313 0.00125504
0 0.728516 0.603125 0.280469 0.665625 0.00124931
0 0.966406 0.163379 0.0671875 0.326758 0.00123501
0 0.983594 0.206055 0.0328125 0.412109 0.0012207
0 0.162207 0.627441 0.17207 0.651367 0.00113773
1 0.966406 0.163379 0.0671875 0.326758 0.00113392
1 0.333984 0.178906 0.146094 0.167969 0.0011158
1 0.733984 0.901563 0.532031 0.196875 0.00108147
0 0.632031 0.238477 0.496875 0.476953 0.00105667
0 0.00861816 0.414941 0.0172363 0.354492 0.00105667
0 0.969531 0.512109 0.0609375 0.625781 0.00104809
0 0.750781 0.806445 0.498437 0.387109 0.00103664
1 0.0296143 0.889844 0.0592285 0.220313 0.00103664
0 0.00842285 0.338477 0.0168457 0.329297 0.00100803
0 0.981641 0.285156 0.0367187 0.544531 0.00100422
0 0.473828 0.591406 0.780469 0.723437 0.928223
0 0.342187 0.309375 0.500781 0.114063 0.0113297
0 0.415234 0.318164 0.279687 0.0824219 0.00740433
0 0.31875 0.578516 0.484375 0.650781 0.00551224
0 0.472559 0.756641 0.776758 0.452344 0.00395966
1 0.474902 0.588379 0.783008 0.716992 0.00387001
0 0.425781 0.306055 0.710938 0.132031 0.00322342
1 0.342187 0.309375 0.500781 0.114063 0.00277901
0 0.226562 0.594922 0.303125 0.710156 0.00268364
0 0.297217 0.178174 0.366504 0.160059 0.0017271
0 0.7 0.528223 0.321875 0.601367 0.00167465
0 0.464453 0.392969 0.789844 0.301562 0.00162315
0 0.265576 0.560938 0.386816 0.803125 0.00150681
0 0.214453 0.5125 0.428906 0.870313 0.00140476
0 0.464844 0.212451 0.804688 0.0829102 0.00126457
1 0.425781 0.306055 0.710938 0.132031 0.0012207
0 0.467969 0.169629 0.823438 0.158398 0.00119209
0 0.383594 0.70625 0.592188 0.548437 0.00112057
0 0.702734 0.446094 0.594531 0.585938 0.0011158
0 0.354688 0.476172 0.548437 0.433594 0.00109863
0 0.474609 0.336328 0.794531 0.21875 0.00109863
0 0.363672 0.350195 0.552344 0.186328 0.00109005
0 0.479688 0.595312 0.767187 0.739062 0.918457
1 0.482422 0.59375 0.752344 0.742188 0.0199127
0 0.266016 0.476562 0.348437 0.453125 0.011467
0 0.439453 0.476562 0.699219 0.467187 0.00629044
0 0.325781 0.41875 0.470313 0.339063 0.00452042
0 0.238086 0.426953 0.294141 0.344531 0.00312424
0 0.324805 0.595703 0.469141 0.699219 0.00175476
0 0.468359 0.607031 0.782031 0.75 0.947754
1 0.460938 0.596973 0.76875 0.75918 0.00553513
0 0.504687 0.103418 0.903125 0.206836 0.00268364
0 0.31582 0.80957 0.434766 0.346484 0.00189686
0 0.459766 0.394629 0.749219 0.33418 0.00111198
0 0.251563 0.304688 0.475 0.43125 0.00110722
0 0.466406 0.582715 0.773438 0.729883 0.878906
1 0.471191 0.576953 0.776367 0.710156 0.00226021
0 0.998438 0.941406 0.003125 0.117188 0.00202751
0 0.999219 0.916406 0.0015625 0.167187 0.00107288
0 0.998438 0.844531 0.003125 0.310937 0.00106525
0 0.923437 0.594922 0.153125 0.689844 0.00104809
0 0.464746 0.596973 0.77207 0.760742 0.86377
1 0.467578 0.604297 0.761719 0.757031 0.109314
0 0.471094 0.603125 0.782812 0.74375 0.907227
1 0.466406 0.597266 0.776563 0.761719 0.00260162
0 0.412109 0.390625 0.647656 0.339063 0.00134563
0 0.0683594 0.559375 0.136719 0.860937 0.00104809
0 0.463965 0.594531 0.762695 0.74375 0.869629
1 0.468652 0.594922 0.776758 0.753906 0.0112457
0 0.479297 0.599902 0.774219 0.75332 0.903809
1 0.47666 0.59541 0.756055 0.749805 0.00102806
0 0.471094 0.600781 0.767187 0.754687 0.924805
0 0.472656 0.442187 0.754687 0.440625 0.00208282
1 0.471094 0.599121 0.765625 0.745508 0.00188923
0 0.479688 0.599902 0.775 0.75332 0.90332
1 0.47666 0.595215 0.756055 0.748633 0.00102806
