0 0.659766 0.526563 0.472656 0.771875 0.630859
0 0.273877 0.524316 0.324121 0.788867 0.377441
1 0.273877 0.524316 0.324121 0.788867 0.250977
1 0.657422 0.538672 0.475781 0.777344 0.137329
0 0.551562 0.639063 0.626562 0.615625 0.117798
1 0.551562 0.639063 0.626562 0.615625 0.0269623
0 0.478125 0.502344 0.144531 0.782812 0.0154266
0 0.507812 0.499316 0.147656 0.760742 0.0104904
0 0.557422 0.523828 0.250781 0.774219 0.0100555
0 0.384766 0.478906 0.425 0.720312 0.00857544
0 0.478906 0.510547 0.103125 0.763281 0.00854492
0 0.28457 0.627344 0.312109 0.615625 0.00728989
0 0.729297 0.547559 0.325781 0.751758 0.00621796
0 0.225732 0.506348 0.244629 0.770117 0.00619125
0 0.508594 0.764453 0.695312 0.371094 0.00602722
0 0.804688 0.546094 0.195312 0.75625 0.00559998
1 0.28457 0.627344 0.312109 0.615625 0.00544739
1 0.478125 0.502344 0.144531 0.782812 0.00510025
0 0.166309 0.485156 0.118555 0.615625 0.00408554
0 0.506934 0.828125 0.714258 0.242188 0.00353813
1 0.478906 0.510547 0.103125 0.763281 0.00332451
1 0.508594 0.764453 0.695312 0.371094 0.00251198
1 0.384766 0.478906 0.425 0.720312 0.0024929
0 0.485938 0.622656 0.103125 0.590625 0.0024929
0 0.470313 0.607031 0.0867188 0.629687 0.00214958
1 0.564062 0.89375 0.617188 0.2125 0.00191879
0 0.564062 0.89375 0.617188 0.2125 0.00187492
0 0.989062 0.372266 0.021875 0.533594 0.00178242
0 0.648828 0.416797 0.491406 0.566406 0.00163555
0 0.836523 0.895312 0.326953 0.209375 0.00155449
0 0.14668 0.904297 0.293359 0.191406 0.00153065
1 0.507812 0.499316 0.147656 0.760742 0.00150681
0 0.987891 0.492871 0.0242187 0.645508 0.00146675
1 0.506934 0.828125 0.714258 0.242188 0.00143242
0 0.328125 0.671094 0.385938 0.548437 0.00142097
0 0.677344 0.315039 0.410937 0.396484 0.00136185
0 0.228174 0.914062 0.345215 0.171875 0.00135136
0 0.00869141 0.272461 0.0173828 0.267578 0.00130463
0 0.762109 0.899219 0.349219 0.201562 0.00127411
0 0.00869141 0.324805 0.0173828 0.254297 0.00126457
0 0.441797 0.648438 0.145313 0.603125 0.00124931
0 0.00830078 0.131543 0.0166016 0.243164 0.00124454
0 0.942187 0.301172 0.115625 0.452344 0.0012207
1 0.729297 0.547559 0.325781 0.751758 0.00121593
0 0.00849609 0.185596 0.0169922 0.24834 0.00121593
0 0.0811523 0.107129 0.162305 0.214258 0.00120163
0 0.964453 0.122754 0.0710938 0.245508 0.00118828
0 0.986719 0.268555 0.0265625 0.537109 0.00117874
0 0.183398 0.521191 0.144922 0.593555 0.00117874
0 0.180518 0.3875 0.141309 0.453906 0.00117397
1 0.964453 0.122754 0.0710938 0.245508 0.0011692
1 0.557422 0.523828 0.250781 0.774219 0.00116539
0 0.0743652 0.910156 0.14873 0.179688 0.00115585
0 0.292969 0.917188 0.339063 0.165625 0.00115108
0 0.657422 0.902344 0.466406 0.195312 0.0011425
0 0.984766 0.160938 0.0304688 0.321875 0.00113392
0 0.014209 0.0838867 0.028418 0.167773 0.00112438
0 0.664062 0.1875 0.475 0.375 0.00112057
0 0.983594 0.598828 0.0328125 0.649219 0.00109863
1 0.191992 0.907422 0.380078 0.185156 0.00109005
0 0.00874023 0.39834 0.0174805 0.295508 0.00108624
0 0.502734 0.916797 0.466406 0.166406 0.00108147
0 0.00900879 0.904688 0.0180176 0.190625 0.00108147
0 0.419434 0.923437 0.368945 0.153125 0.00107288
0 0.920313 0.251172 0.153125 0.453125 0.00106525
0 0.0283691 0.916406 0.0567383 0.167187 0.00106049
0 0.0473633 0.432813 0.0947266 0.314063 0.00104809
1 0.223047 0.516504 0.236719 0.763867 0.00104427
1 0.0283691 0.916406 0.0567383 0.167187 0.00104427
0 0.705078 0.116211 0.411719 0.232422 0.00104046
0 0.416406 0.691797 0.541406 0.513281 0.00102425
0 0.0482422 0.337891 0.0964844 0.286719 0.00102425
0 0.0585938 0.198437 0.117188 0.332812 0.00101662
1 0.836523 0.895312 0.326953 0.209375 0.00101662
1 0.014209 0.0838867 0.028418 0.167773 0.00101662
1 0.512891 0.530371 0.780469 0.789258 0.867676
0 0.511328 0.528125 0.786719 0.803125 0.0147858
1 0.771094 0.53291 0.257812 0.743555 0.00201988
0 0.780469 0.528516 0.235938 0.725781 0.00153065
1 0.576563 0.253906 0.48125 0.258594 0.00118351
1 0.533594 0.177344 0.489062 0.1125 0.00117397
1 0.458594 0.251758 0.651563 0.255859 0.00117397
1 0.504297 0.536719 0.803906 0.814062 0.917969
0 0.510938 0.536328 0.778125 0.814844 0.00631332
1 0.302783 0.342187 0.350684 0.438281 0.00173378
1 0.507812 0.542969 0.775 0.832812 0.841797
0 0.508203 0.538672 0.777344 0.817969 0.0705566
1 0.496777 0.824805 0.743945 0.244141 0.00419998
0 0.521484 0.83125 0.796094 0.2375 0.00388527
1 0.358398 0.833008 0.453516 0.227734 0.00185299
0 0.508594 0.78418 0.760938 0.328516 0.00135136
0 0.358398 0.833008 0.453516 0.227734 0.00127411
1 0.516797 0.256641 0.800781 0.2875 0.00106907
1 0.50459 0.526563 0.75957 0.809375 0.816895
0 0.506152 0.533203 0.764258 0.810156 0.341553
0 0.859375 0.767969 0.28125 0.460938 0.00429916
1 0.502344 0.533594 0.784375 0.820312 0.938477
0 0.503223 0.535547 0.781055 0.822656 0.00419998
1 0.358594 0.707031 0.4625 0.460938 0.003088
1 0.50625 0.530859 0.792188 0.816406 0.922363
0 0.507812 0.529688 0.775 0.8125 0.00329781
1 0.503125 0.0515137 0.88125 0.103027 0.00117397
1 0.494141 0.536719 0.777344 0.823438 0.895996
0 0.502344 0.539062 0.76875 0.826563 0.00959778
1 0.510938 0.536719 0.78125 0.826563 0.931641
0 0.507031 0.538281 0.776563 0.821875 0.0164032
1 0.504687 0.534375 0.784375 0.815625 0.880859
0 0.505371 0.534766 0.767383 0.814844 0.0545044
1 0.510938 0.536719 0.78125 0.826563 0.931152
0 0.507129 0.537891 0.776367 0.821094 0.0163422
