0 0.477734 0.565625 0.788281 0.748438 0.773926
0 0.278857 0.56084 0.361035 0.712695 0.0727539
0 0.610547 0.573828 0.536719 0.732031 0.0438538
0 0.707031 0.142773 0.351562 0.242969 0.0238647
0 0.752734 0.575 0.260156 0.721875 0.0205688
1 0.499219 0.549121 0.773438 0.739258 0.0148392
0 0.923437 0.290625 0.153125 0.465625 0.00353813
1 0.707812 0.140234 0.351562 0.244531 0.0026207
0 0.693359 0.385938 0.375781 0.729688 0.00222588
0 0.935156 0.3625 0.129688 0.625 0.00203514
0 0.820117 0.88418 0.359766 0.231641 0.00201035
0 0.632422 0.130859 0.196094 0.236719 0.00199509
1 0.382422 0.561719 0.572656 0.729688 0.00196457
0 0.792969 0.576172 0.171875 0.688281 0.0018034
0 0.454297 0.88125 0.535156 0.2375 0.00174809
0 0.986719 0.388379 0.0265625 0.699805 0.00169373
0 0.859375 0.339453 0.203125 0.595312 0.00161076
0 0.797656 0.325195 0.404687 0.596484 0.00141048
0 0.986719 0.156445 0.0265625 0.312891 0.00137806
0 0.130078 0.900781 0.260156 0.198437 0.00134563
0 0.0505737 0.514941 0.0963135 0.379492 0.00133038
0 0.104297 0.569922 0.0417969 0.407813 0.00131512
0 0.773047 0.878906 0.330469 0.242188 0.00130463
0 0.160352 0.546875 0.133203 0.459375 0.00129986
0 0.927344 0.119434 0.145313 0.238867 0.00129414
0 0.53125 0.898438 0.604688 0.203125 0.00129414
0 0.0486328 0.450781 0.0972656 0.357812 0.00119686
1 0.923437 0.290625 0.153125 0.465625 0.00118828
0 0.0481934 0.334961 0.0963867 0.305078 0.00117874
1 0.927344 0.119434 0.145313 0.238867 0.00117874
0 0.201953 0.565234 0.224219 0.696094 0.00117397
1 0.820117 0.88418 0.359766 0.231641 0.00116539
0 0.0759766 0.891406 0.151953 0.217187 0.00112057
0 0.353906 0.548047 0.51875 0.738281 0.00109005
0 0.986719 0.536621 0.0265625 0.726758 0.00106525
0 0.00812988 0.32168 0.0162598 0.286328 0.00105667
0 0.431641 0.894531 0.366406 0.210938 0.00104809
0 0.700391 0.896484 0.358594 0.207031 0.00104427
0 0.0223633 0.908594 0.0447266 0.182812 0.00103188
0 0.00832519 0.892187 0.0166504 0.215625 0.00102425
0 0.939844 0.152441 0.120312 0.304883 0.00102425
0 0.00773926 0.412891 0.0154785 0.336719 0.00102043
0 0.0162354 0.0847656 0.0324707 0.169531 0.00100803
0 0.481152 0.583594 0.776758 0.745313 0.940918
0 0.456152 0.262695 0.68457 0.120703 0.0578003
0 0.457715 0.298047 0.661133 0.191406 0.0197144
1 0.456152 0.262695 0.68457 0.120703 0.0136337
0 0.833398 0.449121 0.333203 0.786133 0.0105667
0 0.298438 0.572656 0.4125 0.720312 0.00871277
0 0.876562 0.46875 0.246875 0.8375 0.00763702
1 0.457715 0.298047 0.661133 0.191406 0.00572968
0 0.457812 0.754297 0.71875 0.433594 0.00468063
0 0.748438 0.491406 0.503125 0.901563 0.00453949
0 0.211719 0.568359 0.23125 0.753906 0.0042305
0 0.108398 0.494922 0.216797 0.903906 0.00407028
1 0.876562 0.46875 0.246875 0.8375 0.00248146
0 0.481152 0.819531 0.770508 0.33125 0.00239754
1 0.833398 0.449121 0.333203 0.786133 0.00216484
0 0.556641 0.258789 0.450781 0.0785156 0.00206757
0 0.388672 0.412109 0.565625 0.399219 0.00191212
0 0.25542 0.515625 0.362598 0.859375 0.00181007
0 0.701563 0.494141 0.392188 0.842969 0.00171375
0 0.759375 0.410937 0.48125 0.675 0.00157928
0 0.483594 0.219336 0.0546875 0.0886719 0.00157356
0 0.358008 0.516406 0.518359 0.60625 0.00151253
0 0.457812 0.337109 0.675 0.260938 0.00139904
0 0.0770508 0.553906 0.154102 0.803125 0.00138283
0 0.0597168 0.539062 0.119434 0.846875 0.00133514
1 0.48584 0.582031 0.762695 0.742188 0.00129986
1 0.748438 0.491406 0.503125 0.901563 0.00124931
0 0.380469 0.712109 0.546875 0.460156 0.00118828
0 0.471191 0.171484 0.782617 0.114844 0.00118351
0 0.872266 0.338086 0.255469 0.527734 0.00115585
0 0.937109 0.508594 0.125781 0.782812 0.00109863
0 0.144727 0.435156 0.289453 0.845312 0.00104809
0 0.486328 0.586328 0.785156 0.742969 0.952148
1 0.488379 0.585938 0.782617 0.746875 0.00475693
0 0.415723 0.409766 0.61543 0.407031 0.0042305
0 0.29375 0.414453 0.372656 0.4125 0.00337601
0 0.338672 0.552344 0.472656 0.695312 0.00234985
0 0.348437 0.385156 0.46875 0.351562 0.00195694
0 0.487402 0.593359 0.78457 0.746094 0.95459
0 0.496875 0.333008 0.7625 0.254297 0.00363541
1 0.482031 0.596484 0.792188 0.753906 0.00212479
0 0.652344 0.346875 0.454688 0.38125 0.00137234
0 0.351172 0.366211 0.453906 0.320703 0.00118828
0 0.424121 0.417285 0.612695 0.416992 0.00111198
0 0.590625 0.410547 0.570312 0.353125 0.00102043
0 0.480469 0.572656 0.779688 0.715625 0.895996
0 0.913281 0.463281 0.16875 0.854688 0.00598145
0 0.889063 0.401953 0.215625 0.755469 0.0019722
0 0.932422 0.526563 0.135156 0.80625 0.00176811
0 0.852344 0.771094 0.295312 0.453125 0.00116062
0 0.795313 0.263672 0.315625 0.489844 0.0011158
0 0.491797 0.582031 0.782031 0.759375 0.918945
1 0.492188 0.589453 0.790625 0.772656 0.00452042
0 0.4875 0.208594 0.05625 0.0792969 0.00281143
0 0.489062 0.57041 0.784375 0.74043 0.92041
0 0.494141 0.34668 0.758594 0.298047 0.00154877
0 0.483984 0.580469 0.772656 0.754687 0.893066
0 0.565234 0.515527 0.621094 0.618945 0.00147247
0 0.490234 0.583594 0.775781 0.751562 0.919434
0 0.491016 0.588281 0.780469 0.759375 0.938965
0 0.921875 0.5 0.153125 0.825 0.00158501
0 0.490625 0.583594 0.776563 0.751562 0.919434
