0 0.470703 0.429004 0.571094 0.668555 0.791016
0 0.3625 0.41875 0.335938 0.665625 0.392334
1 0.470703 0.429004 0.571094 0.668555 0.0542908
1 0.3625 0.41875 0.335938 0.665625 0.00971222
0 0.598437 0.421094 0.321875 0.6625 0.00564194
0 0.276953 0.458203 0.18125 0.550781 0.00312424
0 0.298828 0.428516 0.225781 0.632812 0.00219917
0 0.236133 0.443848 0.111328 0.532617 0.00203514
0 0.48125 0.889453 0.526563 0.221094 0.00152493
0 0.450684 0.852734 0.495508 0.294531 0.00150108
0 0.54375 0.189453 0.417188 0.378906 0.00135136
0 0.572656 0.891797 0.376563 0.216406 0.00130463
1 0.935156 0.14082 0.129688 0.281641 0.00127411
0 0.487109 0.309375 0.509375 0.429688 0.00125504
0 0.0453125 0.921875 0.090625 0.15625 0.00124931
0 0.935156 0.14082 0.129688 0.281641 0.00122547
0 0.0116455 0.911328 0.023291 0.177344 0.0012207
0 0.63125 0.144824 0.440625 0.289648 0.00118828
0 0.290625 0.355469 0.194531 0.578125 0.00115108
1 0.0453125 0.921875 0.090625 0.15625 0.00112438
0 0.638281 0.896484 0.39375 0.207031 0.00109863
0 0.544922 0.121094 0.502344 0.242188 0.00109005
0 0.085498 0.914062 0.170996 0.171875 0.00105286
0 0.584766 0.242041 0.307813 0.365137 0.00104809
0 0.00910645 0.870898 0.0182129 0.258203 0.00104046
0 0.0175293 0.078418 0.0350586 0.156836 0.00104046
0 0.98125 0.195703 0.0375 0.391406 0.00103188
0 0.836328 0.897656 0.327344 0.204688 0.00101662
1 0.468652 0.425781 0.56582 0.65 0.903809
0 0.471875 0.424609 0.554688 0.644531 0.0197906
0 0.533594 0.8875 0.807813 0.225 0.00143242
0 0.499219 0.611719 0.503125 0.282813 0.00105286
1 0.466504 0.423438 0.55293 0.636719 0.916504
0 0.496484 0.868945 0.533594 0.262109 0.0619812
0 0.46875 0.426953 0.551562 0.6375 0.0250854
1 0.496484 0.868945 0.533594 0.262109 0.0128708
1 0.683594 0.354688 0.146875 0.2 0.003088
0 0.410547 0.875586 0.361719 0.248828 0.00130463
1 0.707812 0.362305 0.104687 0.184766 0.00101662
1 0.475 0.432422 0.569531 0.642969 0.856934
0 0.577344 0.868164 0.751562 0.263672 0.071228
0 0.473828 0.434766 0.566406 0.638281 0.0600891
0 0.469922 0.621094 0.546094 0.257031 0.0131226
1 0.577344 0.868164 0.751562 0.263672 0.00926971
1 0.471973 0.632422 0.543555 0.235156 0.00385475
1 0.473535 0.418066 0.560742 0.64043 0.879883
0 0.470703 0.424219 0.558594 0.646875 0.0225372
0 0.788672 0.703906 0.422656 0.592188 0.00544739
0 0.857031 0.422559 0.279687 0.695508 0.00245285
1 0.788672 0.703906 0.422656 0.592188 0.0011425
0 0.155469 0.518359 0.292188 0.867969 0.00109482
1 0.480469 0.431641 0.56875 0.657031 0.916992
0 0.475 0.421484 0.560938 0.659375 0.0139542
1 0.468359 0.419531 0.557031 0.642187 0.905762
0 0.47334 0.419629 0.564258 0.645117 0.0155411
1 0.517187 0.225 0.465625 0.244531 0.00136185
0 0.474219 0.869531 0.5875 0.260938 0.0011692
1 0.476953 0.421094 0.572656 0.645312 0.882324
0 0.457715 0.867188 0.604883 0.265625 0.0086441
0 0.474219 0.422754 0.570312 0.649805 0.00304031
1 0.460938 0.869922 0.59375 0.260156 0.00163555
1 0.479688 0.421094 0.55 0.640625 0.892578
0 0.478223 0.423828 0.549805 0.647656 0.0255127
1 0.476465 0.424902 0.57207 0.63457 0.897461
0 0.473437 0.867383 0.6625 0.265234 0.0298767
1 0.473437 0.867383 0.6625 0.265234 0.0123367
0 0.476465 0.424902 0.57207 0.63457 0.00930023
1 0.479785 0.421094 0.549805 0.640625 0.892578
0 0.477734 0.423828 0.549219 0.647656 0.0255585
