1 0.500781 0.478809 0.75 0.786133 0.662598
0 0.509766 0.479688 0.713281 0.784375 0.143677
1 0.520312 0.621484 0.671875 0.557031 0.105225
1 0.31543 0.49209 0.330859 0.758008 0.0864868
0 0.846875 0.510156 0.096875 0.73125 0.0670776
0 0.319092 0.478027 0.338379 0.77207 0.0621033
0 0.57334 0.594922 0.59707 0.600781 0.0503235
0 0.695703 0.490234 0.389844 0.760156 0.0421753
1 0.641016 0.558594 0.466406 0.670313 0.0255585
1 0.679297 0.484766 0.410156 0.755469 0.0185394
0 0.821875 0.504004 0.134375 0.741992 0.0119629
1 0.846875 0.510156 0.096875 0.73125 0.0113297
1 0.39541 0.517285 0.49668 0.737305 0.00891876
1 0.587109 0.922656 0.644531 0.154687 0.00614548
0 0.535547 0.93125 0.696094 0.1375 0.00508118
1 0.821875 0.504004 0.134375 0.741992 0.00494385
0 0.258789 0.476465 0.246484 0.775195 0.0042305
0 0.615625 0.909766 0.620313 0.180469 0.00388527
0 0.166602 0.478906 0.0703125 0.446094 0.00335121
0 0.216357 0.543359 0.157129 0.608594 0.00333786
0 0.510938 0.657422 0.704687 0.483594 0.00273705
1 0.68125 0.905078 0.526563 0.189844 0.00261116
0 0.438965 0.220654 0.52832 0.281348 0.00258064
1 0.534375 0.738281 0.657812 0.326562 0.00237846
0 0.86875 0.479004 0.0984375 0.782617 0.00220871
0 0.844531 0.917578 0.310937 0.164844 0.00200272
1 0.287939 0.582812 0.28584 0.59375 0.00198746
0 0.404297 0.580566 0.513281 0.620117 0.00195694
0 0.752344 0.909375 0.439063 0.18125 0.00193405
0 0.769531 0.473437 0.2375 0.79375 0.00191212
0 0.987109 0.491797 0.0257812 0.591406 0.00188923
1 0.533984 0.939062 0.719531 0.121875 0.00188923
0 0.509277 0.79375 0.72207 0.2125 0.00176811
0 0.987891 0.373437 0.0242187 0.51875 0.00164223
0 0.553516 0.174121 0.572656 0.348242 0.00158501
1 0.78457 0.914844 0.430859 0.170312 0.00156689
0 0.884375 0.913281 0.23125 0.173438 0.00154877
0 0.634766 0.143848 0.572656 0.287695 0.00154305
0 0.79668 0.923437 0.347266 0.153125 0.00153637
0 0.287939 0.582812 0.28584 0.59375 0.00148392
0 0.53125 0.216406 0.417969 0.301562 0.00147247
0 0.226221 0.614844 0.163184 0.448438 0.00147247
1 0.844531 0.917578 0.310937 0.164844 0.00144958
1 0.845312 0.546484 0.075 0.469531 0.00144958
0 0.884375 0.467871 0.065625 0.776758 0.00144386
0 0.00881348 0.364062 0.017627 0.271094 0.00136662
0 0.845312 0.546484 0.075 0.469531 0.00135612
0 0.982031 0.581152 0.0359375 0.55332 0.00134087
0 0.945703 0.542578 0.108594 0.599219 0.00133514
0 0.310205 0.917188 0.380371 0.165625 0.00131989
1 0.93125 0.13877 0.1375 0.277539 0.00131512
0 0.570312 0.223828 0.570312 0.316406 0.00130463
0 0.93125 0.13877 0.1375 0.277539 0.00126934
0 0.221484 0.9125 0.325781 0.175 0.00125504
0 0.225049 0.339648 0.166309 0.316797 0.00124454
0 0.723437 0.139844 0.553125 0.279687 0.00123501
1 0.515527 0.792969 0.70332 0.215625 0.00122547
0 0.529004 0.12373 0.641992 0.247461 0.0012207
0 0.499316 0.0660645 0.79668 0.132129 0.0012064
1 0.987891 0.449219 0.0242187 0.585938 0.00118828
0 0.534375 0.738281 0.657812 0.326562 0.00116062
0 0.987109 0.263281 0.0257812 0.5 0.00115585
0 0.0431519 0.366992 0.08479 0.312891 0.00115585
0 0.985156 0.187305 0.0296875 0.374609 0.00113773
1 0.86875 0.479004 0.0984375 0.782617 0.00113392
1 0.166602 0.478906 0.0703125 0.446094 0.00112915
0 0.429004 0.926562 0.438867 0.146875 0.0011158
0 0.00925293 0.452344 0.0185059 0.310156 0.00111198
1 0.508984 0.840234 0.744531 0.319531 0.00109863
0 0.494629 0.159082 0.707617 0.318164 0.00108147
1 0.258789 0.476465 0.246484 0.775195 0.00108147
0 0.00854492 0.275391 0.0170898 0.267969 0.00107288
1 0.310205 0.917188 0.380371 0.165625 0.00106049
0 0.00930176 0.512109 0.0186035 0.311719 0.00104809
0 0.00925293 0.56875 0.0185059 0.285937 0.00104046
1 0.510156 0.93125 0.528125 0.1375 0.00103188
1 0.984375 0.5375 0.03125 0.575 0.00103188
0 0.892969 0.389941 0.0640625 0.624805 0.00102425
0 0.00900879 0.61875 0.0180176 0.269531 0.00100803
1 0.511719 0.480078 0.770312 0.791406 0.819824
1 0.770312 0.495313 0.257812 0.75 0.00117874
0 0.511719 0.484473 0.770312 0.799805 0.00111198
1 0.810938 0.501953 0.167187 0.713281 0.00103664
1 0.509277 0.5 0.750195 0.820312 0.903809
0 0.508496 0.498437 0.758008 0.81875 0.0337219
1 0.516406 0.494922 0.751562 0.816406 0.902832
0 0.509766 0.496094 0.752344 0.81875 0.0142288
1 0.518848 0.799219 0.773242 0.214062 0.00101185
1 0.510059 0.48125 0.75332 0.810938 0.891602
0 0.512109 0.483594 0.757031 0.807813 0.00624084
0 0.84707 0.773438 0.305859 0.448438 0.00279045
1 0.496875 0.25332 0.8 0.319922 0.00245285
1 0.84707 0.773438 0.305859 0.448438 0.00239754
1 0.518066 0.492969 0.741992 0.820312 0.932129
1 0.53125 0.95625 0.86875 0.0875 0.00154877
1 0.364844 0.658203 0.433594 0.450781 0.00109863
1 0.516797 0.500781 0.750781 0.839063 0.911621
1 0.511328 0.216406 0.758594 0.259766 0.0020504
0 0.511328 0.216406 0.758594 0.259766 0.00112915
1 0.607031 0.239063 0.557813 0.30625 0.00101662
1 0.507031 0.4875 0.732813 0.801562 0.886719
0 0.507031 0.4875 0.732813 0.801562 0.00178242
1 0.509375 0.498047 0.75 0.814844 0.921875
1 0.512891 0.492969 0.753906 0.8 0.916016
0 0.512891 0.493848 0.752344 0.793555 0.00161076
1 0.509375 0.498047 0.75 0.814844 0.921875
