1 0.471484 0.514453 0.650781 0.702344 0.33374
0 0.468848 0.510156 0.660742 0.707812 0.146851
0 0.328955 0.506641 0.357715 0.707031 0.10968
1 0.324609 0.509766 0.346094 0.699219 0.0974121
1 0.635156 0.534375 0.359375 0.660937 0.0432739
1 0.521191 0.60166 0.579492 0.545117 0.0424805
0 0.554004 0.539844 0.518555 0.659375 0.0408325
0 0.635156 0.534375 0.359375 0.660937 0.0379028
0 0.257031 0.509473 0.221875 0.699805 0.00460815
0 0.213672 0.517578 0.124609 0.588281 0.00363541
0 0.541797 0.925 0.697656 0.15 0.00312424
0 0.733984 0.515625 0.172656 0.676562 0.00284576
1 0.576953 0.9125 0.677344 0.175 0.00210762
0 0.608203 0.907812 0.649219 0.184375 0.00208282
0 0.795313 0.90625 0.379687 0.1875 0.00183105
0 0.638281 0.917969 0.451562 0.164062 0.00178909
0 0.292236 0.558984 0.278027 0.603906 0.0016613
0 0.84375 0.908594 0.3125 0.182812 0.00164223
0 0.71875 0.912891 0.320312 0.174219 0.00157356
0 0.501172 0.602734 0.616406 0.544531 0.00154877
0 0.22793 0.599219 0.150391 0.395312 0.00147247
1 0.691797 0.90625 0.499219 0.1875 0.00146675
0 0.767187 0.521094 0.1125 0.685938 0.00138283
1 0.795313 0.90625 0.379687 0.1875 0.00134563
0 0.489453 0.9375 0.521094 0.125 0.00124931
1 0.213672 0.517578 0.124609 0.588281 0.00123501
0 0.244531 0.654688 0.178906 0.357812 0.0012207
0 0.00900879 0.427441 0.0180176 0.316992 0.00121593
1 0.733984 0.515625 0.172656 0.676562 0.00121593
0 0.268359 0.915625 0.403906 0.16875 0.00121117
1 0.948438 0.151172 0.103125 0.302344 0.0012064
0 0.16123 0.90625 0.322461 0.1875 0.00118828
1 0.292236 0.558984 0.278027 0.603906 0.00118351
0 0.948438 0.151172 0.103125 0.302344 0.00118351
0 0.0092041 0.486719 0.0184082 0.322656 0.00115585
0 0.885547 0.903125 0.228906 0.19375 0.00112438
0 0.387109 0.921875 0.439844 0.15625 0.00109863
0 0.00874023 0.370703 0.0174805 0.292969 0.00108147
1 0.84375 0.908594 0.3125 0.182812 0.00107765
0 0.267383 0.921094 0.298047 0.157813 0.00104427
0 0.634766 0.149414 0.360156 0.298828 0.00104427
1 0.507031 0.927344 0.53125 0.145313 0.00102425
0 0.328906 0.928125 0.330469 0.14375 0.00100803
1 0.47666 0.519434 0.64668 0.698633 0.822266
0 0.475684 0.520703 0.654883 0.697656 0.00317192
1 0.48916 0.523438 0.657617 0.7125 0.910645
0 0.489844 0.526563 0.651563 0.717188 0.0171051
0 0.528906 0.0703125 0.0382813 0.114063 0.00134087
1 0.475684 0.527734 0.662695 0.708594 0.902832
0 0.475684 0.527734 0.662695 0.708594 0.0106125
1 0.539062 0.520996 0.782812 0.701758 0.884766
0 0.493652 0.519434 0.675195 0.70332 0.103027
0 0.804688 0.751562 0.389062 0.492188 0.00500107
1 0.804688 0.751562 0.389062 0.492188 0.00460815
0 0.865625 0.567578 0.260938 0.764844 0.00374985
1 0.865625 0.567578 0.260938 0.764844 0.0020504
0 0.775781 0.815625 0.445312 0.364062 0.00146675
1 0.500781 0.310547 0.790625 0.26875 0.00140476
1 0.767187 0.812695 0.465625 0.371484 0.00122547
1 0.486719 0.520703 0.675 0.719531 0.916016
0 0.489062 0.524219 0.664062 0.701563 0.00222588
1 0.521094 0.129297 0.807813 0.258594 0.00105286
1 0.487109 0.527344 0.664844 0.714063 0.908691
0 0.486035 0.524316 0.662305 0.718555 0.00106049
1 0.487402 0.514844 0.67207 0.698438 0.873047
0 0.489062 0.507422 0.675 0.685156 0.00701141
1 0.49209 0.519531 0.667383 0.707812 0.914551
0 0.487891 0.517871 0.666406 0.708008 0.00209045
1 0.489453 0.525781 0.674219 0.704687 0.894043
0 0.488672 0.528516 0.685156 0.708594 0.00568771
1 0.49209 0.519531 0.667383 0.707812 0.914062
0 0.488184 0.517578 0.66582 0.708594 0.00208282
