0 0.425879 0.557813 0.745117 0.7875 0.523438
0 0.242578 0.550684 0.432031 0.748633 0.188965
0 0.176953 0.557031 0.309375 0.742188 0.0207672
0 0.545313 0.542578 0.570312 0.813281 0.0146179
1 0.444922 0.550781 0.741406 0.801562 0.0117798
0 0.340625 0.502734 0.6 0.707031 0.00624084
0 0.764063 0.303906 0.471875 0.567969 0.00564194
0 0.809766 0.411328 0.380469 0.758594 0.00316048
0 0.467969 0.883789 0.732813 0.232422 0.003088
1 0.240039 0.563281 0.426172 0.7625 0.00307465
0 0.754297 0.141406 0.491406 0.264844 0.00298119
0 0.819336 0.218945 0.361328 0.390234 0.00268364
0 0.78418 0.145898 0.431641 0.291797 0.00264168
0 0.505078 0.65625 0.646094 0.590625 0.00229645
1 0.467969 0.883789 0.732813 0.232422 0.00220871
1 0.798828 0.122754 0.402344 0.245508 0.00203514
0 0.663672 0.346484 0.546094 0.655469 0.00195694
0 0.438965 0.841406 0.72207 0.234375 0.00190449
0 0.512891 0.440723 0.583594 0.749805 0.00170708
0 0.826563 0.12373 0.346875 0.247461 0.00168133
0 0.880273 0.460938 0.239453 0.784375 0.00168133
0 0.716406 0.104004 0.435937 0.191992 0.00165462
0 0.817578 0.903906 0.364844 0.192188 0.00146103
0 0.125781 0.910937 0.251563 0.178125 0.00127411
1 0.764063 0.303906 0.471875 0.567969 0.0012598
0 0.609375 0.894531 0.535937 0.210938 0.0012064
0 0.759375 0.902344 0.36875 0.195312 0.00116062
0 0.721875 0.175586 0.46875 0.335156 0.0011425
1 0.809766 0.411328 0.380469 0.758594 0.0011425
0 0.620313 0.593359 0.421875 0.713281 0.0011034
1 0.795313 0.149609 0.409375 0.299219 0.00106049
0 0.645312 0.310156 0.401563 0.584375 0.00100803
0 0.435156 0.554004 0.801562 0.768555 0.927246
1 0.435156 0.554004 0.801562 0.768555 0.0051384
0 0.20957 0.555859 0.369141 0.736719 0.00457382
0 0.423535 0.729688 0.749805 0.434375 0.00302696
0 0.132617 0.560156 0.229297 0.751562 0.0028553
0 0.294531 0.552246 0.536719 0.698633 0.00160408
0 0.801172 0.618652 0.397656 0.66582 0.00134087
0 0.449316 0.808008 0.776367 0.302734 0.00108147
0 0.334766 0.473828 0.619531 0.575781 0.00101662
0 0.850781 0.572656 0.298438 0.715625 0.00101185
0 0.425781 0.567969 0.815625 0.776563 0.950195
1 0.430859 0.576172 0.810156 0.760156 0.00298119
0 0.408594 0.40625 0.759375 0.440625 0.00263214
0 0.213672 0.408594 0.378125 0.428125 0.00162315
0 0.335156 0.37666 0.604688 0.37168 0.00153637
0 0.181592 0.375 0.312598 0.355469 0.00131512
0 0.928906 0.0619141 0.142188 0.123828 0.00129986
0 0.190967 0.310547 0.336816 0.401563 0.00127888
0 0.896094 0.000878906 0.207813 0.00175781 0.00102043
0 0.427734 0.579785 0.800781 0.78418 0.936035
1 0.426172 0.580469 0.800781 0.776563 0.00712204
0 0.430859 0.382031 0.791406 0.405469 0.00457382
0 0.808008 0.210205 0.374609 0.36709 0.00431442
0 0.436621 0.824219 0.754883 0.270312 0.00173378
0 0.28457 0.801758 0.434766 0.308984 0.00165462
0 0.00454102 0.605859 0.00908203 0.400781 0.00111198
0 0.420703 0.569531 0.817969 0.723437 0.888184
0 0.896875 0.466406 0.2 0.873438 0.00270462
0 0.832812 0.7625 0.334375 0.473437 0.00224304
0 0.895312 0.6375 0.20625 0.609375 0.00170708
0 0.857031 0.687109 0.285937 0.596094 0.00149536
0 0.805469 0.360156 0.332812 0.68125 0.00124931
0 0.428906 0.578125 0.810938 0.7625 0.904785
1 0.426562 0.580859 0.796875 0.788281 0.00579834
0 0.425781 0.558594 0.804688 0.789062 0.893066
0 0.425 0.571777 0.8 0.77832 0.86084
1 0.427344 0.574219 0.80625 0.771875 0.00194931
0 0.566406 0.522266 0.532812 0.742969 0.0012207
0 0.428906 0.568359 0.801562 0.778906 0.907715
0 0.428125 0.570996 0.815625 0.764258 0.931152
0 0.467578 0.0905273 0.883594 0.181055 0.0012207
0 0.451172 0.450781 0.769531 0.560938 0.00103188
0 0.429297 0.568359 0.800781 0.778906 0.907715
