0 0.546777 0.657031 0.762695 0.685938 0.706543
0 0.653223 0.675781 0.562305 0.634375 0.141968
0 0.758594 0.191992 0.445312 0.255078 0.13208
0 0.370898 0.643359 0.480078 0.697656 0.0750122
0 0.689062 0.192383 0.304688 0.258594 0.0451965
1 0.546094 0.669531 0.760938 0.660937 0.0314941
1 0.758594 0.191992 0.445312 0.255078 0.0174408
1 0.689062 0.192383 0.304688 0.258594 0.00740433
0 0.795117 0.679785 0.281641 0.635742 0.00395966
0 0.269922 0.645703 0.289062 0.669531 0.00342941
0 0.541016 0.882617 0.738281 0.234766 0.00275803
0 0.779297 0.39834 0.441406 0.570508 0.0024929
0 0.782812 0.145117 0.434375 0.290234 0.00244331
0 0.844141 0.124316 0.311719 0.248633 0.00209045
0 0.85625 0.186523 0.2875 0.244141 0.00205803
0 0.606152 0.0736328 0.664258 0.147266 0.00193405
1 0.844141 0.124316 0.311719 0.248633 0.00193405
0 0.744531 0.268359 0.510938 0.403906 0.00190449
0 0.89375 0.178711 0.2125 0.255859 0.00188255
0 0.907812 0.119727 0.184375 0.239453 0.0017271
1 0.370898 0.643359 0.480078 0.697656 0.00167465
1 0.782812 0.145117 0.434375 0.290234 0.00157356
0 0.721094 0.127246 0.557813 0.254492 0.00153065
0 0.831641 0.873438 0.336719 0.253125 0.00149536
0 0.982422 0.136523 0.0351562 0.273047 0.00149536
0 0.599902 0.107227 0.758008 0.214453 0.00146675
1 0.643848 0.688281 0.57793 0.617188 0.00144386
1 0.907812 0.119727 0.184375 0.239453 0.00143814
0 0.436621 0.628223 0.55957 0.61543 0.00129414
0 0.525391 0.0629395 0.857031 0.125879 0.00128937
0 0.985156 0.532031 0.0296875 0.589063 0.00124931
0 0.892969 0.47041 0.214062 0.601367 0.00121593
1 0.982422 0.136523 0.0351562 0.273047 0.0011692
0 0.983984 0.671484 0.0320312 0.572656 0.00113773
1 0.606152 0.0736328 0.664258 0.147266 0.00112438
0 0.547754 0.769531 0.788867 0.460938 0.00109482
0 0.701953 0.448828 0.494531 0.483594 0.00108624
0 0.982422 0.4375 0.0351562 0.610937 0.00108147
1 0.89375 0.178711 0.2125 0.255859 0.00107765
0 0.971094 0.381641 0.0578125 0.596094 0.00107765
0 0.189844 0.669141 0.135156 0.552344 0.00106525
0 0.635938 0.191211 0.182812 0.256641 0.00106525
0 0.770312 0.519629 0.435937 0.573242 0.00102043
0 0.525391 0.659766 0.789844 0.663281 0.916992
0 0.430859 0.464453 0.567969 0.279687 0.0148392
1 0.533594 0.65625 0.782812 0.64375 0.00894928
1 0.430859 0.464453 0.567969 0.279687 0.00462723
0 0.447559 0.382422 0.57832 0.122656 0.00416565
0 0.608984 0.461328 0.591406 0.269531 0.00227928
0 0.308252 0.642871 0.367871 0.626758 0.00222588
1 0.447559 0.382422 0.57832 0.122656 0.00219154
0 0.544922 0.853906 0.794531 0.292188 0.0018034
0 0.557031 0.38916 0.33125 0.0779297 0.00161648
0 0.532422 0.30957 0.761719 0.0660156 0.00146103
0 0.410547 0.61875 0.569531 0.582812 0.00134563
0 0.535156 0.796094 0.765625 0.407813 0.00126457
0 0.966406 0.65 0.0671875 0.484375 0.00125504
0 0.180566 0.492969 0.361133 0.892187 0.0011158
0 0.539062 0.272217 0.828125 0.382129 0.00108624
0 0.539844 0.671582 0.825 0.656836 0.944336
1 0.532812 0.670313 0.83125 0.659375 0.00757599
0 0.412891 0.532812 0.5625 0.394531 0.00313568
0 0.313672 0.548047 0.363281 0.419531 0.00200272
0 0.52959 0.533594 0.770508 0.4 0.00141048
0 0.415625 0.672266 0.58125 0.652344 0.00139904
0 0.371094 0.605566 0.482812 0.541992 0.00139427
0 0.476953 0.605078 0.696094 0.549219 0.00116062
0 0.540625 0.665527 0.79375 0.66582 0.943359
0 0.561719 0.0351562 0.835938 0.0703125 0.012825
0 0.5625 0.0492188 0.846875 0.0984375 0.00818634
1 0.534375 0.667578 0.810938 0.664844 0.00294685
0 0.538672 0.467969 0.783594 0.2875 0.00175476
0 0.910156 0.185547 0.170312 0.175 0.0017271
0 0.430566 0.825 0.595117 0.35 0.00143242
1 0.561719 0.0351562 0.835938 0.0703125 0.00139427
0 0.538281 0.567187 0.782812 0.478125 0.00137234
0 0.541504 0.205469 0.766992 0.321875 0.00116062
1 0.910156 0.185547 0.170312 0.175 0.00102043
0 0.529688 0.659766 0.81875 0.650781 0.887207
0 0.997656 0.0882813 0.0046875 0.176563 0.00191212
0 0.534766 0.661621 0.814844 0.676758 0.886719
1 0.533594 0.666406 0.81875 0.667188 0.0267029
0 0.528125 0.660937 0.809375 0.678125 0.887695
0 0.636719 0.596094 0.589063 0.517187 0.00234985
1 0.525 0.661035 0.80625 0.67793 0.00162888
0 0.547656 0.0383301 0.885938 0.0766602 0.00115108
0 0.526563 0.664453 0.801562 0.671094 0.889648
1 0.526563 0.664453 0.801562 0.671094 0.00348282
0 0.530859 0.664453 0.789844 0.671094 0.910645
1 0.531641 0.664453 0.792969 0.671094 0.00139904
0 0.529688 0.667188 0.804688 0.665625 0.929199
0 0.530859 0.664453 0.789844 0.671094 0.910645
1 0.531641 0.664355 0.792969 0.671289 0.00138855
