0 0.566016 0.646191 0.808594 0.707617 0.801758
0 0.421484 0.669922 0.585156 0.653906 0.0312042
1 0.565234 0.662109 0.810156 0.675781 0.02034
0 0.754687 0.208594 0.335938 0.282813 0.0189056
0 0.669531 0.676953 0.5875 0.646094 0.0152512
0 0.33125 0.648047 0.403125 0.678906 0.00746155
0 0.265186 0.673437 0.272754 0.634375 0.00342941
0 0.726562 0.452344 0.546875 0.728125 0.00292397
0 0.816797 0.429297 0.366406 0.622656 0.00247192
1 0.754687 0.208594 0.335938 0.282813 0.00234985
0 0.8625 0.478223 0.275 0.718555 0.00231361
0 0.983594 0.512598 0.0328125 0.723242 0.00177479
0 0.758984 0.365234 0.482031 0.586719 0.00161648
0 0.569629 0.882422 0.751367 0.235156 0.0015192
0 0.911719 0.123633 0.176563 0.247266 0.0012846
0 0.850977 0.872656 0.298047 0.254687 0.00127411
0 0.880078 0.844336 0.239844 0.311328 0.0012207
0 0.965234 0.408594 0.0695312 0.623438 0.0012207
0 0.905469 0.528027 0.189063 0.745508 0.00116062
1 0.911719 0.123633 0.176563 0.247266 0.00115108
0 0.784766 0.123145 0.430469 0.246289 0.0011425
0 0.664453 0.503125 0.552344 0.684375 0.0011034
0 0.978516 0.141211 0.0429688 0.282422 0.00103664
0 0.985937 0.191211 0.028125 0.382422 0.00103188
0 0.774219 0.227148 0.451562 0.304297 0.00102043
0 0.542969 0.673828 0.820312 0.647656 0.932129
0 0.771875 0.226123 0.35 0.242285 0.0281067
1 0.775 0.223096 0.3625 0.240527 0.0119171
0 0.532031 0.424609 0.729688 0.142969 0.0100098
0 0.518652 0.458594 0.725195 0.207031 0.00821686
0 0.169043 0.489844 0.338086 0.904688 0.00712204
0 0.555859 0.823438 0.807031 0.353125 0.00551224
1 0.532031 0.424609 0.729688 0.142969 0.00518036
0 0.299951 0.671875 0.346973 0.603125 0.00471878
0 0.392871 0.635254 0.529883 0.532617 0.00445175
1 0.518652 0.458594 0.725195 0.207031 0.00385475
0 0.247266 0.664844 0.247656 0.548437 0.00380898
0 0.248828 0.498437 0.497656 0.873438 0.00337601
0 0.493066 0.779492 0.726367 0.441016 0.00299263
0 0.703516 0.198437 0.219531 0.161328 0.00296974
0 0.513672 0.570703 0.713281 0.427344 0.00277901
1 0.169043 0.489844 0.338086 0.904688 0.00243378
0 0.907812 0.484277 0.184375 0.731445 0.00234222
0 0.828906 0.524609 0.342187 0.816406 0.00188923
1 0.544922 0.676562 0.819531 0.634375 0.00151253
1 0.907812 0.484277 0.184375 0.731445 0.00130939
0 0.599609 0.400098 0.507031 0.0810547 0.00129414
0 0.446191 0.838672 0.591992 0.322656 0.00123024
1 0.513672 0.570703 0.713281 0.427344 0.0012064
0 0.564844 0.677344 0.820312 0.645312 0.940918
1 0.553125 0.677344 0.8375 0.645312 0.00274658
0 0.393652 0.688672 0.50957 0.622656 0.00160408
0 0.31167 0.689844 0.349316 0.620313 0.00153637
0 0.535547 0.578906 0.750781 0.432813 0.00139427
0 0.633594 0.48125 0.65625 0.264844 0.00113392
0 0.544141 0.684766 0.811719 0.630469 0.951172
0 0.548828 0.496777 0.789844 0.27207 0.00421524
0 0.566406 0.0396973 0.804688 0.0793945 0.00214005
0 0.757812 0.222852 0.34375 0.232031 0.00214005
0 0.422266 0.817773 0.569531 0.364453 0.00212479
0 0.340039 0.827344 0.394922 0.345313 0.00175476
0 0.998438 0.784375 0.003125 0.38125 0.00153637
1 0.544141 0.684766 0.811719 0.630469 0.00148392
0 0.652344 0.500684 0.565625 0.298633 0.00117397
0 0.549219 0.202734 0.792188 0.405469 0.0011425
0 0.997656 0.7125 0.0046875 0.395312 0.00112915
0 0.535937 0.671191 0.876562 0.631055 0.912598
0 0.998438 0.0791016 0.003125 0.158203 0.00255013
0 0.876367 0.556641 0.244141 0.752344 0.00168133
0 0.997266 0.701563 0.00546875 0.4875 0.00156116
0 0.998438 0.141797 0.003125 0.283594 0.00153637
0 0.55625 0.672656 0.85 0.654688 0.888184
1 0.552344 0.680469 0.840625 0.639063 0.0114212
0 0.55 0.670996 0.845312 0.64707 0.916504
0 0.538281 0.0373779 0.876562 0.0747559 0.00274658
0 0.674219 0.500391 0.5625 0.300781 0.00250244
0 0.476562 0.516406 0.7 0.338281 0.00109863
0 0.548437 0.680469 0.846875 0.639063 0.899902
1 0.548437 0.680469 0.846875 0.639063 0.00217438
0 0.553906 0.680469 0.829687 0.639063 0.92627
0 0.545703 0.678516 0.830469 0.642969 0.931641
1 0.542969 0.681641 0.839063 0.636719 0.00156116
0 0.553906 0.680469 0.829687 0.639063 0.92627
