0 0.562109 0.503516 0.688281 0.817969 0.696777
0 0.316992 0.510156 0.360547 0.8125 0.256836
1 0.341797 0.510547 0.407031 0.811719 0.0776367
1 0.562109 0.503516 0.688281 0.817969 0.0534973
0 0.26582 0.52041 0.260547 0.793555 0.0211182
1 0.266797 0.509766 0.264062 0.808594 0.00974274
0 0.684766 0.515723 0.463281 0.793555 0.00812531
0 0.545996 0.642969 0.70957 0.58125 0.00629044
0 0.426172 0.508203 0.617969 0.817969 0.00353813
0 0.569531 0.909766 0.667188 0.180469 0.0024929
0 0.469531 0.689453 0.671875 0.485156 0.00208282
0 0.230469 0.588672 0.19375 0.567969 0.00182438
0 0.813672 0.882812 0.372656 0.234375 0.00177479
0 0.686719 0.896094 0.439063 0.207813 0.00174141
0 0.632812 0.417871 0.54375 0.623633 0.00166798
1 0.569531 0.909766 0.667188 0.180469 0.0015974
0 0.985937 0.333203 0.028125 0.464063 0.00157356
0 0.840625 0.540527 0.154687 0.737695 0.00154877
0 0.795508 0.172266 0.408984 0.344531 0.00154305
0 0.675 0.154883 0.478125 0.309766 0.00152493
0 0.632031 0.88125 0.48125 0.2375 0.00148964
0 0.502441 0.927344 0.598242 0.145313 0.00144958
0 0.985937 0.46416 0.028125 0.674805 0.00144386
0 0.680078 0.225781 0.438281 0.441406 0.00142097
0 0.196094 0.574609 0.134766 0.500781 0.00137806
0 0.742969 0.205273 0.514063 0.410547 0.00131989
0 0.91875 0.136523 0.1625 0.273047 0.00130463
1 0.91875 0.136523 0.1625 0.273047 0.00128937
0 0.859766 0.864844 0.280469 0.270312 0.0012846
0 0.867969 0.195117 0.264062 0.390234 0.00124454
0 0.503223 0.122656 0.712305 0.245312 0.00121593
0 0.946094 0.304883 0.107813 0.407422 0.00118828
0 0.982031 0.192969 0.0359375 0.385938 0.00118828
0 0.6625 0.305469 0.46875 0.4625 0.00115585
0 0.943359 0.516406 0.113281 0.751562 0.00112438
0 0.5875 0.134961 0.353125 0.269922 0.00110722
0 0.524316 0.165625 0.410742 0.33125 0.00109005
0 0.216211 0.909375 0.296484 0.18125 0.00108624
0 0.619141 0.118945 0.508594 0.237891 0.00107288
0 0.530078 0.0978516 0.571094 0.195703 0.00104427
1 0.828906 0.87793 0.342187 0.244141 0.00102043
0 0.00930176 0.48125 0.0186035 0.335156 0.00101185
0 0.0090332 0.421973 0.0180664 0.30293 0.00101185
1 0.528125 0.511328 0.8 0.814844 0.882324
0 0.531348 0.521875 0.774805 0.801562 0.0493164
1 0.525098 0.627734 0.774805 0.592969 0.00185299
0 0.777344 0.423535 0.26875 0.601367 0.00183868
1 0.405469 0.510547 0.534375 0.800781 0.00149536
0 0.521973 0.704687 0.74668 0.44375 0.00127888
1 0.513672 0.512891 0.772656 0.830469 0.890137
0 0.517969 0.513281 0.779688 0.83125 0.0303802
1 0.517969 0.520703 0.759375 0.817969 0.892578
0 0.512402 0.525781 0.76582 0.826563 0.0900879
0 0.450684 0.764844 0.626758 0.326562 0.0045929
0 0.353516 0.773438 0.415625 0.303125 0.0029583
1 0.353516 0.773438 0.415625 0.303125 0.00176144
1 0.450684 0.764844 0.626758 0.326562 0.00154877
0 0.541016 0.829687 0.827344 0.215625 0.00136185
1 0.521875 0.508594 0.801562 0.8375 0.851074
0 0.522266 0.509375 0.782031 0.834375 0.253906
0 0.860937 0.775 0.278125 0.445312 0.0012846
1 0.521094 0.515625 0.767187 0.839063 0.92334
0 0.524609 0.518359 0.772656 0.839844 0.00379562
1 0.371094 0.676953 0.452344 0.502344 0.00161076
1 0.487891 0.692187 0.685156 0.46875 0.00104046
1 0.518066 0.518359 0.779492 0.847656 0.92334
0 0.515625 0.519922 0.778125 0.828906 0.0104065
1 0.635254 0.337891 0.548242 0.478906 0.00112915
1 0.521484 0.510938 0.782031 0.825 0.872559
0 0.516504 0.514063 0.774805 0.832812 0.008255
1 0.175977 0.402344 0.351953 0.798437 0.00102043
1 0.526563 0.517969 0.771875 0.839063 0.909668
0 0.526563 0.517969 0.771875 0.839063 0.00340271
1 0.52041 0.519141 0.776367 0.821094 0.886719
0 0.521484 0.517187 0.775781 0.835938 0.0709229
1 0.52666 0.517969 0.77168 0.839063 0.909668
0 0.52666 0.517969 0.77168 0.839063 0.00333786
