0 0.519531 0.548047 0.753125 0.744531 0.775391
0 0.380371 0.535547 0.512695 0.778906 0.106689
0 0.662891 0.564941 0.477344 0.748242 0.0531006
1 0.519531 0.548047 0.753125 0.744531 0.0215302
0 0.267383 0.535547 0.280859 0.778906 0.0184784
0 0.769922 0.564453 0.274219 0.738281 0.00500107
0 0.602344 0.901563 0.592188 0.196875 0.00228691
0 0.190625 0.537109 0.135156 0.605469 0.00168133
0 0.82168 0.894531 0.356641 0.210938 0.00167465
0 0.986719 0.521094 0.0265625 0.590625 0.00159168
1 0.560156 0.903906 0.657812 0.192188 0.00154877
0 0.536719 0.877734 0.660937 0.244531 0.00152493
0 0.696094 0.899219 0.4625 0.201562 0.00150681
0 0.219531 0.563965 0.191406 0.706445 0.00143814
0 0.988281 0.392578 0.0234375 0.486719 0.00141048
0 0.866016 0.885156 0.267969 0.229687 0.00137806
0 0.949219 0.143945 0.101562 0.287891 0.00124454
1 0.949219 0.143945 0.101562 0.287891 0.00124454
0 0.505469 0.923828 0.61875 0.152344 0.00123501
0 0.447559 0.116309 0.637695 0.232617 0.00118351
0 0.982031 0.626953 0.0359375 0.596094 0.00114727
1 0.380371 0.535547 0.512695 0.778906 0.00112915
0 0.821094 0.581934 0.179688 0.701758 0.00110722
0 0.749219 0.884766 0.426562 0.230469 0.00109863
0 0.00787354 0.109375 0.0157471 0.21875 0.00109482
0 0.649219 0.274414 0.517187 0.512109 0.00107765
0 0.526953 0.840625 0.646094 0.228125 0.00107765
0 0.0588379 0.107031 0.117676 0.214062 0.00107288
0 0.986328 0.311133 0.0273438 0.505859 0.00106049
0 0.172266 0.903906 0.332422 0.192188 0.00101662
1 0.696094 0.899219 0.4625 0.201562 0.00101185
0 0.742188 0.222461 0.515625 0.444922 0.00101185
0 0.646484 0.878516 0.453906 0.242969 0.00100803
0 0.00863037 0.321484 0.0172607 0.302344 0.00100422
0 0.517969 0.556348 0.770312 0.74668 0.928223
0 0.447754 0.312305 0.654492 0.274609 0.0207672
1 0.514453 0.567578 0.774219 0.763281 0.0141144
0 0.449316 0.212305 0.65293 0.0800781 0.00971222
0 0.457422 0.24668 0.686719 0.151172 0.00600433
0 0.0882813 0.498437 0.176563 0.854688 0.00530243
1 0.447754 0.312305 0.654492 0.274609 0.00521851
0 0.392188 0.400391 0.530469 0.421094 0.00469971
1 0.479297 0.206445 0.685156 0.0667969 0.00434875
0 0.383594 0.527246 0.514063 0.673633 0.00403976
0 0.497754 0.383984 0.760742 0.413281 0.00397491
0 0.500879 0.730078 0.729492 0.427344 0.00362206
0 0.480859 0.177148 0.724219 0.0988281 0.00316048
0 0.454688 0.195898 0.723437 0.146484 0.00287819
0 0.268945 0.548535 0.294922 0.724805 0.00264168
0 0.339648 0.437891 0.433203 0.480469 0.00196457
0 0.219922 0.515625 0.439844 0.85 0.00192642
1 0.457422 0.24668 0.686719 0.151172 0.00182438
0 0.158789 0.521875 0.317578 0.80625 0.0016489
0 0.116211 0.406641 0.232422 0.796094 0.00143814
0 0.442871 0.211523 0.742383 0.208203 0.00139427
1 0.506934 0.171777 0.745508 0.0830078 0.00134087
0 0.140723 0.166699 0.281445 0.333398 0.00126934
0 0.539844 0.338086 0.721875 0.325391 0.00117397
0 0.170508 0.227734 0.341016 0.455469 0.00113773
1 0.0882813 0.498437 0.176563 0.854688 0.00110722
0 0.773438 0.515625 0.275 0.640625 0.0011034
0 0.475 0.1375 0.8 0.217187 0.00107765
0 0.226562 0.163477 0.453125 0.326953 0.00101662
0 0.513672 0.569531 0.769531 0.760938 0.749023
1 0.511035 0.563184 0.77793 0.761133 0.744141
0 0.5125 0.437891 0.760938 0.499219 0.00168133
0 0.342578 0.381152 0.415625 0.373633 0.00126457
0 0.510547 0.582031 0.772656 0.782812 0.921875
1 0.511621 0.57959 0.77207 0.79082 0.0451965
0 0.510254 0.399219 0.773242 0.432813 0.00214005
0 0.629785 0.333789 0.532617 0.291016 0.00169373
0 0.460547 0.219531 0.302344 0.071875 0.00123501
0 0.102832 0.522559 0.175586 0.723633 0.0011425
0 0.642187 0.4 0.517187 0.4125 0.00112438
0 0.447266 0.805469 0.577344 0.307813 0.0011158
0 0.509375 0.563184 0.764063 0.748633 0.859863
1 0.509375 0.563184 0.764063 0.748633 0.00524139
0 0.0892578 0.491797 0.175391 0.847656 0.00271416
0 0.858594 0.771094 0.282813 0.453125 0.0011692
0 0.507812 0.579687 0.7625 0.7875 0.855469
1 0.510156 0.571484 0.779688 0.797656 0.0640869
0 0.563672 0.194482 0.0546875 0.0766602 0.00134563
0 0.433203 0.510547 0.610156 0.647656 0.0012598
0 0.515527 0.562109 0.787695 0.766406 0.904297
1 0.512598 0.561719 0.774805 0.775 0.0435181
0 0.0660156 0.542188 0.132031 0.845312 0.00212479
0 0.626172 0.324805 0.560156 0.273828 0.00156116
0 0.614062 0.526953 0.584375 0.682031 0.00127888
0 0.501953 0.349219 0.764844 0.339063 0.0011034
0 0.510059 0.569141 0.77207 0.780469 0.862793
1 0.510938 0.569629 0.76875 0.77168 0.108765
0 0.627344 0.513281 0.55625 0.648438 0.00329781
0 0.519922 0.574902 0.775781 0.77207 0.905273
1 0.518359 0.564062 0.763281 0.779688 0.0191193
0 0.565234 0.451172 0.683594 0.51875 0.00112438
0 0.512402 0.572266 0.770508 0.774219 0.91748
1 0.512598 0.567187 0.770117 0.76875 0.0064621
0 0.0746094 0.528125 0.149219 0.845312 0.00150108
0 0.588281 0.449219 0.634375 0.528125 0.00112057
0 0.519922 0.574609 0.775781 0.772656 0.905273
1 0.518359 0.564062 0.763281 0.779688 0.0191193
0 0.565234 0.451562 0.683594 0.520312 0.0011158
