0 0.46709 0.467187 0.79707 0.8125 0.629883
0 0.764063 0.491797 0.25 0.803906 0.170532
0 0.801562 0.5 0.170312 0.78125 0.111023
0 0.845312 0.524902 0.096875 0.70332 0.10614
1 0.46709 0.467187 0.79707 0.8125 0.0392761
0 0.653906 0.471875 0.451562 0.821875 0.0358887
0 0.330469 0.471094 0.528125 0.810938 0.0351562
0 0.235205 0.469922 0.328809 0.811719 0.0124817
0 0.0268066 0.375781 0.0536133 0.296875 0.00577545
0 0.0388672 0.394531 0.0720703 0.475 0.00544739
0 0.744531 0.572266 0.254687 0.658594 0.00502014
1 0.764063 0.491406 0.234375 0.817187 0.00486755
0 0.574609 0.425684 0.610156 0.729883 0.00431442
0 0.602344 0.580371 0.53125 0.650195 0.0037365
0 0.543652 0.637109 0.683008 0.547656 0.00366402
1 0.845312 0.524902 0.096875 0.70332 0.00338936
0 0.030249 0.410547 0.060498 0.432813 0.00324821
1 0.801562 0.5 0.170312 0.78125 0.00288963
0 0.477441 0.916406 0.588867 0.167187 0.00283432
0 0.854688 0.503906 0.13125 0.770312 0.00232315
0 0.425391 0.530469 0.607031 0.751562 0.00205803
0 0.0137207 0.432031 0.0274414 0.478125 0.00196457
0 0.0157227 0.345117 0.0314453 0.274609 0.00186062
1 0.283594 0.483984 0.434375 0.816406 0.00176144
0 0.0370361 0.337109 0.0740723 0.327344 0.00161648
0 0.579785 0.907812 0.588867 0.184375 0.00161648
0 0.697656 0.512402 0.345313 0.786133 0.00159168
0 0.453516 0.667188 0.683594 0.485938 0.00157356
1 0.643359 0.491406 0.475781 0.821875 0.00154877
0 0.81582 0.882031 0.368359 0.235938 0.00154305
0 0.83125 0.567969 0.123438 0.698438 0.00148964
1 0.542188 0.914062 0.603125 0.171875 0.00143814
0 0.489062 0.378809 0.715625 0.633008 0.0014267
0 0.645312 0.174219 0.521875 0.348437 0.00140476
0 0.0463867 0.716016 0.0904297 0.342969 0.00135612
0 0.463379 0.0508789 0.749805 0.101758 0.00133514
0 0.883594 0.447266 0.0875 0.658594 0.00129986
0 0.915625 0.133691 0.16875 0.267383 0.00127888
0 0.0131836 0.298047 0.0263672 0.294531 0.00127411
0 0.986328 0.437109 0.0273438 0.625781 0.0012598
0 0.658984 0.899219 0.432031 0.201562 0.00124931
0 0.741797 0.164551 0.516406 0.329102 0.00123501
0 0.799414 0.182422 0.401172 0.364844 0.00122547
1 0.915625 0.133691 0.16875 0.267383 0.0012207
0 0.45625 0.800781 0.55625 0.220313 0.00121117
0 0.690625 0.883398 0.33125 0.233203 0.00116539
0 0.767187 0.889844 0.320312 0.220313 0.00116062
0 0.109668 0.441016 0.0822266 0.453125 0.00113392
0 0.386328 0.311523 0.548437 0.508203 0.00113392
0 0.446094 0.206641 0.671875 0.413281 0.0011158
0 0.0415527 0.476465 0.0741211 0.629883 0.0011158
0 0.90625 0.330469 0.115625 0.528125 0.0011034
0 0.594922 0.339453 0.550781 0.552344 0.00109863
0 0.373437 0.242236 0.527344 0.387402 0.00109863
0 0.979688 0.171289 0.040625 0.342578 0.00109863
0 0.683594 0.223047 0.534375 0.446094 0.00109005
0 0.940625 0.520703 0.11875 0.596094 0.00108147
0 0.0693848 0.124902 0.13877 0.249805 0.00105667
0 0.983203 0.526563 0.0335938 0.634375 0.00104427
0 0.985547 0.316016 0.0289063 0.5375 0.00103664
0 0.876172 0.2 0.247656 0.4 0.00101662
0 0.482812 0.485547 0.853125 0.841406 0.785156
1 0.471875 0.485156 0.840625 0.829687 0.231567
0 0.0322021 0.490625 0.0644043 0.809375 0.00926971
1 0.0322021 0.490625 0.0644043 0.809375 0.00614548
0 0.0460449 0.468359 0.0920898 0.782031 0.00264168
0 0.473437 0.65 0.8375 0.504687 0.00201988
0 0.764063 0.485938 0.260938 0.814062 0.0018177
1 0.473437 0.65 0.8375 0.504687 0.0017271
0 0.267383 0.469141 0.410547 0.796094 0.00141048
1 0.0460449 0.468359 0.0920898 0.782031 0.00134563
1 0.764063 0.485938 0.260938 0.814062 0.00130463
0 0.481152 0.727344 0.789258 0.354688 0.00116062
1 0.474219 0.491406 0.846875 0.846875 0.687012
0 0.473828 0.491797 0.842969 0.850781 0.377441
0 0.0364746 0.435059 0.072168 0.433008 0.00548935
0 0.0283203 0.394141 0.0566406 0.455469 0.00268364
0 0.452734 0.275391 0.753906 0.425781 0.0011158
0 0.34375 0.265674 0.542969 0.399902 0.00108624
0 0.467969 0.498828 0.84375 0.852344 0.853516
1 0.471484 0.498828 0.847656 0.855469 0.067688
0 0.0352051 0.503906 0.0704102 0.45 0.00198746
0 0.0364746 0.443066 0.0729492 0.635742 0.00185299
0 0.00581055 0.508594 0.0116211 0.4375 0.00165462
0 0.619531 0.749219 0.515625 0.323438 0.00161648
0 0.491406 0.748438 0.701563 0.323438 0.00116539
0 0.00568848 0.387109 0.011377 0.433594 0.00112057
1 0.0364746 0.443066 0.0729492 0.635742 0.00112057
0 0.0353271 0.412598 0.0706543 0.44043 0.00108147
0 0.483984 0.190625 0.852344 0.264453 0.00106049
0 0.45 0.479688 0.9 0.821875 0.877441
1 0.444141 0.480859 0.888281 0.822656 0.0560303
0 0.0321777 0.459375 0.0643555 0.528125 0.00189686
0 0.0387207 0.422656 0.075293 0.532812 0.00107765
0 0.85332 0.771094 0.293359 0.454688 0.00107288
0 0.480078 0.496094 0.836719 0.853125 0.662109
1 0.465625 0.496094 0.840625 0.85625 0.325195
0 0.0378906 0.518652 0.0757812 0.737695 0.0109024
1 0.0378906 0.518652 0.0757812 0.737695 0.00706482
0 0.0259277 0.3875 0.0518555 0.592969 0.00197983
0 0.0368164 0.403125 0.0736328 0.56875 0.00173378
1 0.0276611 0.381152 0.0553223 0.518945 0.00141048
0 0.0289551 0.373633 0.0579102 0.430859 0.00106525
0 0.476562 0.495313 0.860937 0.85625 0.854004
1 0.460156 0.508984 0.870313 0.885156 0.098938
0 0.037207 0.512891 0.0744141 0.814844 0.00717545
1 0.0370361 0.514844 0.0740723 0.779688 0.00400543
0 0.465625 0.4875 0.832812 0.83125 0.822754
1 0.478125 0.487891 0.8125 0.838281 0.106323
0 0.037207 0.531641 0.0744141 0.802344 0.00424957
1 0.037207 0.531641 0.0744141 0.802344 0.0011158
0 0.475781 0.489062 0.83125 0.848437 0.902832
1 0.479688 0.4875 0.826563 0.853125 0.0559387
0 0.0370605 0.491406 0.0741211 0.648438 0.0244293
1 0.0370605 0.491406 0.0741211 0.648438 0.00598145
0 0.036377 0.441797 0.0727539 0.564844 0.00135612
0 0.0245361 0.435156 0.0490723 0.544531 0.00126457
0 0.474219 0.485547 0.846875 0.841406 0.926758
0 0.0380859 0.551172 0.0761719 0.782031 0.014389
1 0.474219 0.485547 0.846875 0.841406 0.00751877
1 0.0380859 0.551172 0.0761719 0.782031 0.00141048
0 0.93125 0.486719 0.134375 0.835938 0.00139904
0 0.0350098 0.434473 0.0700195 0.52168 0.00108147
0 0.475781 0.489062 0.83125 0.848437 0.90332
1 0.479688 0.4875 0.826563 0.853125 0.0557251
0 0.0370117 0.491406 0.0740234 0.648438 0.0244751
1 0.0370117 0.491406 0.0740234 0.648438 0.00595856
0 0.036377 0.441797 0.0727539 0.564844 0.00136662
0 0.0245361 0.435156 0.0490723 0.544531 0.00127411
