0 0.344922 0.449121 0.3125 0.320508 0.841797
0 0.788477 0.245312 0.423047 0.490625 0.0461121
1 0.344922 0.449121 0.3125 0.320508 0.0431213
0 0.848633 0.252344 0.302734 0.504687 0.0151291
0 0.860742 0.339063 0.278516 0.678125 0.0133286
0 0.284375 0.485938 0.224219 0.546875 0.00740433
1 0.788672 0.242578 0.422656 0.485156 0.0068779
0 0.912891 0.378516 0.174219 0.757031 0.00682449
1 0.848633 0.252344 0.302734 0.504687 0.00400543
0 0.247656 0.464063 0.142969 0.504687 0.0036068
0 0.969922 0.935938 0.0601562 0.128125 0.00242424
0 0.970312 0.789062 0.059375 0.414062 0.00235939
1 0.9 0.340039 0.2 0.680078 0.00231361
0 0.929688 0.466406 0.140625 0.792188 0.00221634
0 0.936719 0.913281 0.126563 0.173438 0.00218201
0 0.960938 0.883398 0.078125 0.233203 0.00188255
0 0.183203 0.463965 0.240625 0.568945 0.00183868
0 0.0575195 0.154687 0.115039 0.309375 0.00174141
0 0.921875 0.892578 0.15625 0.214844 0.00168705
0 0.298438 0.296484 0.475781 0.592969 0.0016613
0 0.0543945 0.112402 0.108789 0.224805 0.0015974
0 0.719531 0.826172 0.385938 0.347656 0.00148964
0 0.125781 0.5375 0.251563 0.675 0.00144958
0 0.675 0.879687 0.376563 0.240625 0.00135136
0 0.145996 0.305469 0.286523 0.60625 0.00133514
0 0.453809 0.896875 0.406445 0.20625 0.00131512
0 0.0882813 0.505078 0.176563 0.510938 0.00127411
0 0.695312 0.210742 0.442187 0.421484 0.00124454
1 0.921094 0.414844 0.157813 0.765625 0.00123024
0 0.0868164 0.178516 0.173633 0.357031 0.00118828
0 0.548437 0.9 0.473437 0.2 0.00116539
0 0.796094 0.879297 0.31875 0.241406 0.00116539
0 0.946094 0.820898 0.107813 0.358203 0.00115108
1 0.907812 0.902344 0.184375 0.195312 0.00113392
0 0.927734 0.174609 0.144531 0.349219 0.0011158
0 0.786133 0.823047 0.352734 0.353906 0.00109005
0 0.400684 0.297266 0.54707 0.594531 0.00107288
0 0.378906 0.897656 0.360156 0.204688 0.00105286
0 0.952344 0.514844 0.0953125 0.8375 0.00104046
0 0.873828 0.884375 0.252344 0.23125 0.00102043
1 0.284375 0.485938 0.224219 0.546875 0.00101185
0 0.280078 0.310937 0.339844 0.576563 0.00100803
0 0.598828 0.829687 0.421094 0.340625 0.00100422
0 0.344141 0.447754 0.310156 0.299805 0.843262
1 0.341602 0.453906 0.306641 0.298438 0.0797729
1 0.742969 0.278906 0.514063 0.535937 0.00270462
1 0.9625 0.539941 0.075 0.77793 0.0017271
1 0.897656 0.342187 0.204688 0.605469 0.00162315
1 0.927344 0.377734 0.145313 0.608594 0.00151253
1 0.964453 0.394531 0.0710938 0.653125 0.00150108
0 0.34375 0.500781 0.26875 0.189063 0.0012207
0 0.339258 0.44209 0.308984 0.289258 0.851074
1 0.343945 0.446484 0.301172 0.296875 0.0524292
1 0.874219 0.245312 0.240625 0.464844 0.00214958
0 0.960156 0.902734 0.078125 0.194531 0.00182438
0 0.413379 0.449219 0.17168 0.233594 0.00119686
0 0.394922 0.491406 0.202344 0.204688 0.00117397
0 0.34375 0.449316 0.308594 0.301367 0.835938
0 0.699219 0.555078 0.557813 0.692969 0.021698
0 0.516406 0.7625 0.9375 0.464063 0.0166626
0 0.631934 0.414453 0.70332 0.419531 0.0151901
1 0.344727 0.450781 0.308203 0.297656 0.0141754
0 0.765234 0.228125 0.469531 0.40625 0.00299263
1 0.765234 0.228125 0.469531 0.40625 0.0018034
1 0.683984 0.527734 0.591406 0.632031 0.00136185
0 0.270898 0.438379 0.198828 0.34043 0.00117397
0 0.00461426 0.68125 0.00922852 0.385938 0.0011425
0 0.300439 0.442187 0.292871 0.35 0.0011158
1 0.631934 0.414453 0.70332 0.419531 0.00109005
0 0.342969 0.445312 0.314063 0.3 0.86377
0 0.519531 0.569141 0.939062 0.730469 0.0105667
0 0.528906 0.455469 0.914062 0.507812 0.00344276
1 0.342969 0.447266 0.314063 0.307031 0.00211525
0 0.704687 0.594922 0.564062 0.785156 0.00190449
0 0.994922 0.821484 0.0101562 0.357031 0.00165462
0 0.174219 0.604688 0.341016 0.7875 0.00129414
0 1 0.82168 0 0.237891 0.00123501
0 0.998047 0.885547 0.00390625 0.228906 0.00117397
0 0.994922 0.914844 0.0101562 0.170312 0.00110722
0 0.770312 0.203516 0.459375 0.405469 0.00107288
0 0.345313 0.448047 0.314844 0.307031 0.787109
1 0.342187 0.448828 0.315625 0.305469 0.0905762
1 0.518359 0.13916 0.825781 0.27832 0.0011034
0 0.341602 0.44375 0.308984 0.298438 0.858887
1 0.341211 0.443066 0.312109 0.29668 0.0162811
0 0.735547 0.597656 0.525781 0.779688 0.0016489
0 0.558691 0.577734 0.788867 0.757031 0.00126457
1 0.736328 0.565234 0.527344 0.761719 0.0011425
0 0.339844 0.443652 0.3125 0.298633 0.821777
1 0.341797 0.447266 0.310156 0.303125 0.0200195
0 0.342578 0.444922 0.308594 0.304688 0.856934
0 0.727344 0.599219 0.510938 0.773438 0.0164032
1 0.342969 0.445703 0.305469 0.309375 0.0050621
0 0.423047 0.250391 0.314844 0.118359 0.00294685
1 0.727344 0.599219 0.510938 0.773438 0.00131512
0 0.21582 0.446777 0.299609 0.368945 0.00116062
0 0.342773 0.446094 0.306641 0.300781 0.855469
0 0.613672 0.560156 0.732031 0.70625 0.0657349
1 0.340039 0.446094 0.308203 0.30625 0.0513611
0 0.714844 0.564453 0.510938 0.705469 0.0102463
0 0.425098 0.260742 0.335742 0.120703 0.0088501
0 0.725781 0.416797 0.514063 0.425781 0.00847626
1 0.613672 0.560156 0.732031 0.70625 0.00616837
0 0.246484 0.60166 0.492969 0.64043 0.00380898
1 0.734375 0.476172 0.53125 0.599219 0.00208282
0 0.654297 0.393066 0.421094 0.382617 0.0020504
1 0.725781 0.416797 0.514063 0.425781 0.00194168
0 0.582031 0.516406 0.714063 0.503125 0.00106049
0 0.734375 0.433203 0.53125 0.664062 0.00102043
0 0.342578 0.444922 0.308594 0.304688 0.856934
0 0.727344 0.599316 0.510938 0.773242 0.016922
1 0.342969 0.445703 0.305469 0.309375 0.0050621
0 0.423047 0.250391 0.314844 0.118359 0.00298119
1 0.727344 0.599316 0.510938 0.773242 0.00134087
0 0.216016 0.446875 0.3 0.369531 0.00116062
