0 0.788867 0.588672 0.231641 0.428906 0.78418
0 0.456348 0.451953 0.229492 0.516406 0.767578
0 0.297461 0.7 0.221484 0.425 0.649414
0 0.568359 0.732422 0.194531 0.371094 0.606934
1 0.456348 0.451953 0.229492 0.516406 0.0686646
1 0.792188 0.588281 0.232812 0.432813 0.0344849
1 0.568359 0.732422 0.194531 0.371094 0.0343628
1 0.298242 0.694141 0.215234 0.428906 0.0298157
0 0.453027 0.334766 0.186133 0.285156 0.00658798
0 0.749609 0.212939 0.182031 0.389746 0.00600433
0 0.953516 0.656348 0.0929687 0.56543 0.00434875
0 0.766016 0.27793 0.217969 0.519141 0.00418091
0 0.955078 0.823438 0.0898438 0.353125 0.00387001
0 0.724219 0.858008 0.120312 0.283984 0.00346947
0 0.771094 0.3625 0.221875 0.725 0.00342941
0 0.961719 0.683984 0.0765625 0.597656 0.00296974
0 0.155078 0.642969 0.10625 0.54375 0.00266266
0 0.261719 0.634766 0.142969 0.300781 0.00256157
0 0.945312 0.270703 0.109375 0.524219 0.00254059
0 0.838281 0.851562 0.323438 0.296875 0.0024929
0 0.598437 0.263721 0.0929687 0.337402 0.00243378
0 0.951563 0.566406 0.096875 0.382812 0.00233269
0 0.599219 0.709766 0.114063 0.446094 0.00233269
0 0.308594 0.647656 0.2625 0.442187 0.00230598
0 0.74375 0.878906 0.165625 0.242188 0.00226974
0 0.6 0.412891 0.0828125 0.464844 0.00226021
0 0.598047 0.346484 0.078125 0.289844 0.00219917
0 0.975781 0.564941 0.0484375 0.62168 0.00211525
0 0.300781 0.329297 0.107813 0.294531 0.00209999
0 0.894531 0.805078 0.210938 0.389844 0.00204277
0 0.793945 0.871484 0.262109 0.257031 0.00201035
0 0.984375 0.422656 0.03125 0.748438 0.00189686
0 0.457031 0.104297 0.164062 0.207813 0.00178242
0 0.937109 0.851562 0.125781 0.296875 0.00176811
0 0.603125 0.55625 0.0953125 0.74375 0.0017271
0 0.162891 0.499609 0.116797 0.816406 0.00168133
1 0.749609 0.212939 0.182031 0.389746 0.0016489
0 0.3 0.398828 0.108594 0.313281 0.00162888
0 0.335352 0.871875 0.225391 0.25625 0.00157928
0 0.842188 0.365234 0.159375 0.730469 0.00156689
0 0.29707 0.607813 0.135156 0.579687 0.00154877
0 0.890625 0.864062 0.21875 0.271875 0.00153637
0 0.640625 0.245703 0.0578125 0.453906 0.00147247
1 0.953516 0.656348 0.0929687 0.56543 0.00144386
0 0.942578 0.205469 0.114844 0.410937 0.00141048
0 0.371484 0.891406 0.267969 0.217187 0.00141048
0 0.804688 0.458594 0.207813 0.695312 0.00141048
0 0.446094 0.714844 0.08125 0.367188 0.00136662
1 0.957812 0.13916 0.084375 0.27832 0.00136185
0 0.948047 0.364258 0.103906 0.728516 0.00131989
0 0.979688 0.302734 0.040625 0.605469 0.00131989
0 0.641797 0.248633 0.0867188 0.479297 0.00129986
0 0.952734 0.511719 0.0945313 0.564062 0.00128937
0 0.957812 0.13916 0.084375 0.27832 0.0012846
0 0.152051 0.656641 0.0982422 0.394531 0.00123978
0 0.024707 0.0866211 0.0494141 0.173242 0.00123024
0 0.252148 0.696875 0.141797 0.4375 0.00122547
1 0.77832 0.365039 0.205859 0.730078 0.00121117
0 0.982422 0.183008 0.0351562 0.366016 0.00120163
0 0.180518 0.455078 0.114746 0.622656 0.00117397
0 0.962891 0.812305 0.0742188 0.375391 0.0011692
0 0.971875 0.837109 0.05625 0.325781 0.00112438
1 0.024707 0.0866211 0.0494141 0.173242 0.00107288
0 0.917188 0.156738 0.165625 0.313477 0.00106907
0 0.885938 0.330078 0.18125 0.632031 0.00106049
0 0.536719 0.392578 0.06875 0.436719 0.00106049
0 0.00872803 0.8875 0.0174561 0.225 0.00105286
0 0.0209961 0.905469 0.0419922 0.189063 0.00104427
1 0.98125 0.177441 0.0375 0.354883 0.00101662
0 0.789844 0.587109 0.2375 0.419531 0.876953
0 0.456348 0.452734 0.226367 0.490625 0.822754
0 0.567187 0.759375 0.203125 0.304688 0.789062
0 0.299023 0.691406 0.219922 0.407813 0.779785
0 0.717188 0.327734 0.121875 0.150781 0.0600891
1 0.297461 0.693359 0.220703 0.410156 0.0463867
1 0.564844 0.74375 0.195312 0.34375 0.0225372
1 0.457031 0.455371 0.229687 0.48457 0.0165863
1 0.792188 0.591406 0.240625 0.410937 0.0153046
0 0.548437 0.384277 0.186719 0.30332 0.0078125
1 0.854688 0.232812 0.285937 0.429688 0.00754929
1 0.776563 0.244727 0.442187 0.452734 0.00734711
1 0.185986 0.258594 0.32959 0.482812 0.00548935
0 0.274414 0.598437 0.166797 0.220313 0.0051384
0 0.449902 0.332812 0.201758 0.277344 0.00413513
0 0.185986 0.258594 0.32959 0.482812 0.00383949
1 0.717188 0.327734 0.121875 0.150781 0.00356483
0 0.457031 0.532812 0.225 0.338281 0.00293541
0 0.297266 0.777344 0.215625 0.242188 0.00279045
1 0.907812 0.237891 0.178125 0.438281 0.00257111
0 0.586719 0.402734 0.09375 0.297656 0.00255013
0 0.495703 0.417578 0.29375 0.377344 0.00218201
0 0.139551 0.883984 0.207617 0.232031 0.0020504
0 0.7625 0.244482 0.228125 0.352441 0.00201988
0 0.759375 0.314648 0.229687 0.326953 0.00196457
0 0.739844 0.185156 0.151562 0.164062 0.00194168
0 0.776563 0.244727 0.442187 0.452734 0.00179577
0 0.807617 0.878125 0.281641 0.24375 0.00178242
1 0.548437 0.384277 0.186719 0.30332 0.00177479
0 0.284424 0.95 0.233496 0.1 0.00155449
0 0.382812 0.7875 0.383594 0.221875 0.00154877
0 0.907812 0.237891 0.178125 0.438281 0.00153637
0 0.571094 0.8 0.201562 0.220313 0.0014782
0 0.86543 0.226172 0.259766 0.41875 0.0014782
1 0.942969 0.234766 0.114063 0.417969 0.00141048
0 0.674609 0.378516 0.397656 0.332031 0.00135612
0 0.828125 0.60625 0.340625 0.44375 0.00133038
0 0.795508 0.682813 0.227734 0.235938 0.00131512
0 0.576563 0.71875 0.160938 0.373437 0.00127888
1 0.107227 0.466797 0.214453 0.894531 0.00123978
0 0.28125 0.570312 0.167969 0.169531 0.00121593
1 0.7625 0.244482 0.228125 0.352441 0.00119209
0 0.226953 0.118359 0.360156 0.236719 0.00112057
1 0.139551 0.883984 0.207617 0.232031 0.00110722
1 0.803125 0.229346 0.339063 0.374121 0.00107288
0 0.602344 0.686719 0.117188 0.289062 0.00105667
0 0.107227 0.466797 0.214453 0.894531 0.00105286
0 0.864844 0.639844 0.265625 0.473437 0.00104427
0 0.463184 0.576563 0.212695 0.241406 0.00104046
0 0.935938 0.241016 0.121875 0.435156 0.00100803
0 0.789062 0.590625 0.229687 0.409375 0.796875
0 0.29668 0.694922 0.220703 0.400781 0.711426
0 0.454297 0.448828 0.224219 0.497656 0.709961
0 0.565625 0.735937 0.201562 0.359375 0.642578
0 0.564844 0.79375 0.194531 0.245312 0.38501
0 0.597266 0.733984 0.141406 0.371094 0.219971
1 0.458203 0.446484 0.226562 0.491406 0.0933228
1 0.792383 0.589844 0.240234 0.410937 0.0668335
1 0.565625 0.754687 0.200781 0.323438 0.0406799
0 0.456641 0.521875 0.225781 0.335156 0.035614
0 0.279687 0.610937 0.175781 0.25 0.0258636
1 0.299609 0.693359 0.221875 0.400781 0.0253754
0 0.450781 0.330078 0.20625 0.252344 0.0253754
0 0.602344 0.409473 0.078125 0.224805 0.0158997
1 0.597266 0.733984 0.141406 0.371094 0.0154266
0 0.458594 0.567187 0.207031 0.246875 0.0151291
0 0.713281 0.831055 0.096875 0.153516 0.0146179
0 0.791992 0.667188 0.228516 0.260938 0.00857544
1 0.602344 0.409473 0.078125 0.224805 0.00806427
0 0.948438 0.728906 0.096875 0.251563 0.00754929
0 0.502344 0.574219 0.1375 0.307813 0.006073
1 0.713281 0.831055 0.096875 0.153516 0.00547028
1 0.791992 0.667188 0.228516 0.260938 0.00429916
1 0.813867 0.960547 0.344141 0.0789063 0.00428009
0 0.808594 0.697266 0.198437 0.197656 0.0041008
1 0.456641 0.521875 0.225781 0.335156 0.00385475
1 0.453906 0.378906 0.223438 0.351562 0.00380898
0 0.488281 0.578125 0.167187 0.229687 0.00348282
0 0.733594 0.948438 0.16875 0.103125 0.00337601
1 0.56875 0.798633 0.2 0.212109 0.00290108
1 0.592188 0.383691 0.096875 0.273242 0.00279999
0 0.75625 0.19082 0.192188 0.146094 0.00277901
1 0.450781 0.330078 0.20625 0.252344 0.00263214
1 0.201953 0.227539 0.363281 0.410547 0.0026207
0 0.604297 0.442578 0.071875 0.180469 0.00231361
0 0.592188 0.383691 0.096875 0.273242 0.00231361
0 0.296289 0.757812 0.216797 0.271875 0.00221634
0 0.934375 0.246484 0.125 0.213281 0.00213242
0 0.499219 0.0883789 0.0875 0.164258 0.00210762
0 0.789258 0.51875 0.221484 0.273438 0.00190449
1 0.925781 0.212305 0.1375 0.289062 0.00174141
1 0.458594 0.567187 0.207031 0.246875 0.0017004
0 0.739844 0.831445 0.153125 0.152734 0.00168133
1 0.279687 0.610937 0.175781 0.25 0.00167465
0 0.813867 0.960547 0.344141 0.0789063 0.00162888
1 0.810156 0.946094 0.365625 0.107813 0.00162315
1 0.9 0.192578 0.190625 0.333594 0.00155449
1 0.726562 0.0112305 0.515625 0.0224609 0.00138855
1 0.767578 0.962891 0.260156 0.0742188 0.00138283
0 0.578906 0.349219 0.0234375 0.185156 0.00135612
1 0.825 0.889844 0.3375 0.220313 0.00129414
0 0.954687 0.704687 0.0890625 0.33125 0.00127411
0 0.948438 0.582812 0.103125 0.313281 0.00124931
1 0.75625 0.19082 0.192188 0.146094 0.00121593
1 0.767578 0.196094 0.208594 0.283984 0.0012064
0 0.664062 0.00568848 0.325 0.011377 0.00116539
0 0.792969 0.00603027 0.392188 0.0120605 0.0011425
0 0.771875 0.553125 0.2 0.339063 0.0011034
0 0.578125 0.364062 0.0179687 0.19375 0.00109005
1 0.733594 0.948438 0.16875 0.103125 0.00107765
1 0.866992 0.9 0.253516 0.2 0.00107288
0 0.507812 0.523828 0.120312 0.285156 0.00105667
0 0.303125 0.699219 0.217187 0.396875 0.86084
0 0.788867 0.589063 0.237891 0.417188 0.826172
0 0.455469 0.458203 0.229687 0.507031 0.825684
0 0.567187 0.759375 0.201562 0.310937 0.740234
0 0.596875 0.723828 0.125 0.367969 0.174438
1 0.79043 0.589063 0.237891 0.417188 0.0389709
1 0.567187 0.759375 0.201562 0.310937 0.0307312
1 0.303125 0.699219 0.217187 0.396875 0.0302734
1 0.456641 0.450781 0.229687 0.492969 0.0252686
0 0.534766 0.686719 0.164844 0.382812 0.00919342
0 0.795508 0.661328 0.221484 0.274219 0.00837708
1 0.596875 0.723828 0.125 0.367969 0.008255
0 0.4625 0.556641 0.210156 0.283594 0.00415039
0 0.301953 0.759766 0.2125 0.278906 0.00316048
0 0.599609 0.659766 0.1125 0.263281 0.00305176
0 0.869531 0.890625 0.215625 0.21875 0.00213242
0 0.310156 0.940625 0.185937 0.115625 0.00201988
0 0.00444336 0.602344 0.00888672 0.370313 0.0012598
0 0.555859 0.9 0.129688 0.034375 0.00117874
0 0.516406 0.770312 0.1 0.157813 0.00116062
0 0.786719 0.591797 0.232812 0.417969 0.836914
0 0.300586 0.695312 0.219922 0.414062 0.793945
0 0.457422 0.455566 0.228906 0.513867 0.762695
0 0.56875 0.726953 0.198437 0.366406 0.712891
1 0.461719 0.44834 0.221094 0.501758 0.126953
1 0.570312 0.725781 0.209375 0.371875 0.0359497
1 0.301367 0.691406 0.213672 0.415625 0.0331421
1 0.786719 0.591797 0.232812 0.417969 0.0175781
0 0.592578 0.713281 0.146875 0.34375 0.0157166
0 0.199561 0.21875 0.38916 0.430469 0.00579834
0 0.849219 0.848633 0.296875 0.299609 0.00561905
0 0.858594 0.742188 0.28125 0.515625 0.00408554
1 0.592578 0.713281 0.146875 0.34375 0.00271416
0 0.745703 0.00595703 0.508594 0.0119141 0.00247192
1 0.2 0.218164 0.373437 0.433203 0.0017271
0 0.889844 0.855469 0.220313 0.285937 0.00132465
0 0.445703 0.376465 0.201562 0.358008 0.00114727
0 0.898047 0.779492 0.203906 0.437891 0.00104046
0 0.792969 0.586816 0.248437 0.426367 0.832031
0 0.459375 0.454004 0.234375 0.506055 0.788086
0 0.301953 0.691797 0.224219 0.416406 0.737305
0 0.569922 0.721094 0.210156 0.384375 0.706543
1 0.301953 0.691797 0.224219 0.416406 0.0706787
1 0.462891 0.449219 0.232031 0.496875 0.0618896
1 0.792969 0.586816 0.248437 0.426367 0.0217743
1 0.571094 0.725781 0.20625 0.364062 0.0105667
0 0.600391 0.639844 0.129688 0.195312 0.00227928
0 0.571875 0.78125 0.210938 0.26875 0.00202751
0 0.608594 0.390723 0.0828125 0.301367 0.00150108
0 0.790625 0.591016 0.2375 0.427344 0.856934
0 0.455371 0.453125 0.225195 0.517187 0.795898
0 0.301172 0.694141 0.225781 0.421094 0.774414
0 0.567187 0.725391 0.203125 0.374219 0.740723
1 0.455371 0.453125 0.225195 0.517187 0.0505981
1 0.791992 0.592969 0.237891 0.43125 0.0160217
1 0.300391 0.686328 0.219531 0.425781 0.0129242
0 0.594531 0.686328 0.13125 0.303906 0.00800323
1 0.567187 0.721094 0.192188 0.382812 0.00591278
0 0.266846 0.700391 0.211621 0.452344 0.00165462
0 0.59375 0.703906 0.164844 0.407813 0.00145531
0 0.394141 0.428516 0.332812 0.5625 0.00114727
0 0.456641 0.447754 0.229687 0.498242 0.788086
0 0.795313 0.588672 0.229687 0.419531 0.783203
0 0.300781 0.687109 0.21875 0.408594 0.76123
0 0.567187 0.726953 0.201562 0.361719 0.709961
0 0.569531 0.786719 0.20625 0.251563 0.0343628
1 0.455469 0.450684 0.228125 0.495508 0.0253754
1 0.792188 0.588672 0.240625 0.413281 0.012825
1 0.300391 0.690234 0.217969 0.413281 0.00985718
1 0.567187 0.726953 0.201562 0.361719 0.00492477
0 0.462598 0.560938 0.22168 0.26875 0.0037365
0 0.58125 0.678906 0.160938 0.265625 0.00351143
0 0.385547 0.356641 0.361719 0.713281 0.00150681
0 0.306641 0.757422 0.208594 0.278906 0.00134563
1 0.569531 0.786719 0.20625 0.251563 0.00115108
0 0.796094 0.586816 0.232812 0.424805 0.813965
0 0.300977 0.690625 0.221484 0.417188 0.769531
0 0.457812 0.451172 0.233594 0.507031 0.760742
0 0.569922 0.733203 0.207031 0.366406 0.70752
1 0.460547 0.448828 0.228125 0.5 0.110107
1 0.792969 0.589063 0.240625 0.425 0.0387573
1 0.299219 0.694922 0.223438 0.416406 0.0319214
1 0.569531 0.730859 0.207813 0.364844 0.0264587
0 0.313867 0.934375 0.199609 0.128125 0.00221634
0 0.79043 0.590625 0.234766 0.415625 0.794922
0 0.569141 0.730859 0.203906 0.360156 0.724121
0 0.300977 0.69375 0.226172 0.40625 0.723145
0 0.455566 0.453516 0.231055 0.503125 0.692871
1 0.459473 0.448438 0.226367 0.492969 0.427246
1 0.301562 0.692578 0.21875 0.411719 0.166626
1 0.795508 0.590625 0.227734 0.415625 0.079895
1 0.569141 0.730859 0.203906 0.360156 0.0667114
1 0.592969 0.403516 0.107813 0.31875 0.00351143
0 0.935938 0.552734 0.11875 0.667969 0.00154305
0 0.796094 0.586816 0.232812 0.424805 0.813477
0 0.301172 0.690625 0.221875 0.417188 0.769531
0 0.457715 0.451465 0.233008 0.506445 0.759766
0 0.569922 0.733203 0.207031 0.366406 0.70752
1 0.460547 0.448828 0.228125 0.5 0.111267
1 0.792969 0.589063 0.240625 0.425 0.0391235
1 0.299219 0.694922 0.223438 0.416406 0.0322876
1 0.569531 0.730859 0.207813 0.364844 0.0266571
0 0.314063 0.935156 0.2 0.129688 0.00228691
