0 0.237451 0.401953 0.369629 0.474219 0.794922
0 0.758203 0.440234 0.367969 0.450781 0.722656
1 0.237451 0.401953 0.369629 0.474219 0.170288
1 0.757812 0.437891 0.36875 0.450781 0.14856
0 0.904688 0.71875 0.190625 0.451562 0.110107
1 0.904688 0.71875 0.190625 0.451562 0.0184784
0 0.930469 0.707812 0.139062 0.4375 0.00937653
0 0.286914 0.4125 0.267578 0.470313 0.00888062
0 0.946094 0.345117 0.107813 0.562109 0.0077858
0 0.150195 0.690625 0.084375 0.235938 0.0068779
1 0.286914 0.4125 0.267578 0.470313 0.0064888
0 0.661719 0.471191 0.175 0.351367 0.00500107
0 0.136499 0.419922 0.161768 0.377344 0.00484848
0 0.96875 0.370703 0.0625 0.678125 0.00419998
0 0.545313 0.230859 0.160938 0.399219 0.00319672
0 0.161816 0.395703 0.213867 0.460156 0.00313568
0 0.677734 0.446973 0.207031 0.43418 0.00304031
0 0.166211 0.729688 0.123828 0.307813 0.00270462
0 0.984375 0.371875 0.03125 0.707812 0.00247192
0 0.9875 0.504297 0.025 0.716406 0.00239754
1 0.930469 0.707812 0.139062 0.4375 0.00204277
0 0.146582 0.660937 0.0720703 0.179688 0.00201988
0 0.974609 0.607813 0.0507812 0.635938 0.0019722
0 0.942969 0.269336 0.114063 0.437891 0.00183868
1 0.953125 0.353516 0.09375 0.602344 0.00183105
1 0.96875 0.370703 0.0625 0.678125 0.00183105
1 0.150195 0.690625 0.084375 0.235938 0.00175476
0 0.0500488 0.650781 0.097168 0.267188 0.00171375
0 0.948438 0.638281 0.103125 0.55625 0.0017004
0 0.527344 0.266211 0.141406 0.320703 0.00148964
1 0.942969 0.300977 0.114063 0.485547 0.00146675
0 0.480469 0.233936 0.152344 0.389941 0.00138855
0 0.908203 0.112402 0.183594 0.224805 0.00133514
1 0.908203 0.112402 0.183594 0.224805 0.00127411
1 0.9875 0.504297 0.025 0.716406 0.0012598
1 0.984375 0.371875 0.03125 0.707812 0.0012207
1 0.545313 0.230859 0.160938 0.399219 0.00121593
0 0.960156 0.826953 0.0796875 0.346094 0.00119686
0 0.0197754 0.0981445 0.0395508 0.196289 0.00116539
0 0.00961914 0.120898 0.0192383 0.241797 0.00115108
0 0.984375 0.166211 0.03125 0.332422 0.00115108
0 0.976562 0.208984 0.046875 0.417969 0.00113392
0 0.9125 0.228564 0.175 0.386621 0.00113392
0 0.789844 0.105273 0.420312 0.210547 0.00112057
0 0.145117 0.358545 0.176953 0.393848 0.00109005
1 0.661719 0.471191 0.175 0.351367 0.00109005
0 0.967578 0.737109 0.0648438 0.510156 0.00108624
0 0.665625 0.353516 0.167187 0.520312 0.00106525
0 0.682031 0.880078 0.279687 0.239844 0.00106525
0 0.921094 0.362305 0.157813 0.534766 0.00104809
0 0.0116943 0.395703 0.0233887 0.346875 0.00104046
0 0.876562 0.861328 0.245312 0.277344 0.00103664
1 0.0197754 0.0981445 0.0395508 0.196289 0.00102425
0 0.0102417 0.205811 0.0204834 0.33291 0.00102425
0 0.952344 0.522656 0.0953125 0.701563 0.00102043
0 0.0463867 0.433691 0.0591797 0.337305 0.00102043
0 0.753125 0.437109 0.364062 0.430469 0.759277
0 0.240674 0.405371 0.370996 0.461133 0.460938
1 0.240186 0.404297 0.366504 0.466406 0.407227
1 0.759766 0.436621 0.366406 0.436133 0.169678
0 0.934375 0.288281 0.128125 0.216406 0.0670776
1 0.934375 0.288281 0.128125 0.216406 0.0112915
0 0.967969 0.173047 0.0625 0.216797 0.00757599
0 0.89375 0.707422 0.19375 0.300781 0.00740433
1 0.89375 0.707422 0.19375 0.300781 0.00387001
0 0.935938 0.305127 0.11875 0.330371 0.00268364
0 0.890625 0.0978516 0.14375 0.0738281 0.00232315
0 0.157031 0.412891 0.201562 0.452344 0.00208282
0 0.970312 0.134473 0.059375 0.13457 0.00206757
0 0.999219 0.146777 0.0015625 0.163477 0.00162888
1 0.935938 0.305127 0.11875 0.330371 0.00160408
0 0.941797 0.269336 0.116406 0.293359 0.0011425
1 0.955469 0.691406 0.0890625 0.304688 0.00110722
0 0.955469 0.691406 0.0890625 0.304688 0.00106907
0 0.972656 0.203516 0.0546875 0.282031 0.00102043
0 0.758203 0.438281 0.378906 0.447656 0.89502
0 0.24082 0.396875 0.373047 0.473437 0.875488
1 0.243555 0.398828 0.366016 0.465625 0.0458679
1 0.762891 0.441016 0.375781 0.446094 0.036499
0 0.935938 0.281055 0.121875 0.212109 0.00955963
0 0.892187 0.697266 0.1875 0.182031 0.00106525
1 0.935938 0.281055 0.121875 0.212109 0.00101662
0 0.758594 0.438672 0.370313 0.428906 0.920898
0 0.241211 0.398438 0.362109 0.459375 0.901855
1 0.239648 0.394531 0.366016 0.454688 0.0202484
1 0.761328 0.4375 0.372656 0.432813 0.00269318
0 0.504297 0.813672 0.917969 0.372656 0.00138855
0 0.755469 0.433594 0.373437 0.444531 0.907227
0 0.241602 0.399902 0.369922 0.470508 0.897461
0 0.998047 0.869336 0.00390625 0.261328 0.024704
0 0.997266 0.823242 0.00546875 0.353516 0.0164642
0 0.998438 0.903125 0.003125 0.19375 0.0111618
1 0.241602 0.399902 0.369922 0.470508 0.00784302
1 0.753125 0.436719 0.367188 0.444531 0.00598145
0 0.885156 0.750781 0.203125 0.448438 0.00380898
0 0.995313 0.757422 0.009375 0.485156 0.00363541
1 0.998047 0.869336 0.00390625 0.261328 0.00247192
0 1 0.889063 0 0.221875 0.00221634
1 0.997266 0.823242 0.00546875 0.353516 0.00208282
0 0.990625 0.922266 0.01875 0.155469 0.00201988
0 1 0.847656 0 0.239063 0.00152493
0 0.996094 0.688281 0.0078125 0.515625 0.00138283
0 0.996875 0.111328 0.00625 0.222656 0.00113392
0 0.895312 0.7 0.19375 0.207813 0.00113392
0 1 0.914453 0 0.171094 0.00110722
0 1 0.899609 0 0.200781 0.00104046
0 0.24082 0.403516 0.380859 0.461719 0.884277
0 0.755859 0.435547 0.378906 0.449219 0.861328
1 0.755469 0.440234 0.379687 0.439844 0.042572
1 0.243701 0.401172 0.380566 0.464063 0.0348206
1 0.5 0.614844 0.940625 0.770312 0.0104065
0 0.5 0.614844 0.940625 0.770312 0.00930023
0 0.756641 0.440527 0.378906 0.443945 0.887207
0 0.236914 0.398828 0.369922 0.461719 0.878418
1 0.2375 0.397656 0.36875 0.4625 0.0110703
1 0.756641 0.440527 0.378906 0.443945 0.00812531
0 0.226123 0.252148 0.322754 0.169531 0.00385475
0 0.150488 0.414844 0.195898 0.476562 0.0030632
0 0.504687 0.0898438 0.934375 0.179688 0.00199509
0 0.719141 0.486328 0.310156 0.530469 0.00173378
0 0.186719 0.282227 0.263281 0.204297 0.00152493
0 0.775781 0.297656 0.339063 0.157031 0.00131512
0 0.49375 0.793945 0.892187 0.333984 0.0012846
0 0.240186 0.400781 0.379004 0.46875 0.873047
0 0.755469 0.439844 0.373437 0.442187 0.856445
1 0.753906 0.439453 0.370313 0.435156 0.0115509
1 0.241357 0.399609 0.371191 0.463281 0.00754929
0 0.895312 0.725781 0.2 0.25625 0.00271416
0 0.241846 0.400781 0.364746 0.467187 0.889648
0 0.755078 0.436719 0.371094 0.439063 0.874023
1 0.753125 0.440234 0.371875 0.438281 0.00385475
1 0.242383 0.399219 0.364453 0.470313 0.00370789
0 0.236719 0.400684 0.369531 0.46582 0.911621
0 0.752734 0.437109 0.371094 0.436719 0.90332
1 0.754687 0.439063 0.367188 0.432813 0.0444336
1 0.240039 0.401953 0.368359 0.460156 0.0147324
0 0.241846 0.400781 0.364746 0.467187 0.889648
0 0.755078 0.436719 0.371094 0.439063 0.874023
1 0.753125 0.440527 0.371875 0.437695 0.00383949
1 0.242236 0.399219 0.364746 0.470313 0.00370789
