0 0.777344 0.527344 0.178125 0.760938 0.303223
0 0.423047 0.432813 0.259375 0.742188 0.0790405
0 0.662109 0.457812 0.374219 0.820312 0.0613098
0 0.730859 0.490234 0.249219 0.803906 0.0604248
0 0.949609 0.352734 0.100781 0.599219 0.0538025
0 0.193555 0.8125 0.0691406 0.1 0.0490417
0 0.582031 0.455078 0.5125 0.814844 0.0484009
0 0.183789 0.59375 0.0765625 0.103125 0.0296478
0 0.377246 0.903125 0.125195 0.16875 0.0240021
0 0.285156 0.657812 0.0804688 0.124219 0.0171814
0 0.186719 0.125781 0.0882813 0.207422 0.0166626
0 0.876562 0.759375 0.246875 0.473437 0.0138474
0 0.348828 0.453125 0.100781 0.401563 0.0133743
0 0.95 0.240625 0.1 0.471875 0.012146
0 0.121484 0.725391 0.0964844 0.263281 0.012146
0 0.191602 0.460938 0.0832031 0.1125 0.0114212
0 0.946875 0.478906 0.10625 0.579687 0.0114212
0 0.295703 0.165234 0.0882813 0.146094 0.0112
0 0.612891 0.480469 0.207031 0.80625 0.0104904
0 0.278516 0.679688 0.0742188 0.1875 0.01017
0 0.149121 0.936719 0.0767578 0.120312 0.00985718
0 0.698438 0.603125 0.320312 0.634375 0.00971222
1 0.777344 0.527344 0.178125 0.760938 0.00857544
1 0.285156 0.657812 0.0804688 0.124219 0.00831604
1 0.183789 0.59375 0.0765625 0.103125 0.00790405
0 0.419531 0.905469 0.0625 0.140625 0.00769424
0 0.12373 0.658203 0.0970703 0.1125 0.00734711
0 0.266211 0.511816 0.0820312 0.285742 0.0069313
1 0.403125 0.443066 0.225 0.723242 0.00682449
0 0.761719 0.607422 0.204688 0.621094 0.00666809
1 0.193555 0.8125 0.0691406 0.1 0.00624084
0 0.349219 0.542969 0.0851562 0.3125 0.00621796
0 0.909375 0.741797 0.18125 0.442969 0.00609589
0 0.180029 0.628906 0.0680664 0.171875 0.00609589
0 0.386328 0.896875 0.0914062 0.15625 0.00605011
0 0.266211 0.456348 0.0855469 0.368555 0.00600433
0 0.496875 0.421777 0.441406 0.789258 0.00591278
1 0.949609 0.352734 0.100781 0.599219 0.00568771
0 0.277344 0.682813 0.0957031 0.209375 0.0055542
0 0.123438 0.692187 0.0982422 0.189063 0.00553513
1 0.582031 0.455078 0.5125 0.814844 0.00540543
0 0.786719 0.510547 0.15 0.624219 0.00534439
0 0.522266 0.476562 0.217187 0.8 0.00530243
0 0.349609 0.91875 0.0640625 0.121875 0.00510025
0 0.154687 0.911719 0.0898438 0.175 0.00510025
0 0.642969 0.584766 0.228125 0.660156 0.00498199
0 0.875781 0.778125 0.229687 0.34375 0.0046463
0 0.326953 0.821094 0.102344 0.159375 0.0045929
0 0.364453 0.87793 0.115625 0.222266 0.00453949
0 0.269531 0.729297 0.0773437 0.274219 0.00443268
1 0.186719 0.125781 0.0882813 0.207422 0.00443268
0 0.939062 0.308984 0.120312 0.390625 0.00413513
0 0.250391 0.810938 0.0601562 0.164062 0.00400543
0 0.358984 0.909375 0.0828125 0.139062 0.00392914
0 0.850781 0.113477 0.078125 0.226953 0.00382423
0 0.303125 0.463281 0.0433594 0.421875 0.00356483
0 0.287109 0.217969 0.105469 0.260156 0.00356483
0 0.385254 0.902344 0.141992 0.195312 0.00355148
0 0.29375 0.0466797 0.0867188 0.0933594 0.00348282
1 0.374609 0.904688 0.121094 0.175 0.00346947
0 0.812305 0.524121 0.112891 0.698633 0.00341606
0 0.265234 0.539844 0.0757812 0.202344 0.00336266
1 0.662109 0.457812 0.374219 0.820312 0.00331116
1 0.15625 0.939062 0.0824219 0.1125 0.00328636
1 0.522266 0.476562 0.217187 0.8 0.00318527
0 0.255469 0.778125 0.0703125 0.178125 0.00309944
0 0.283203 0.63125 0.075 0.175 0.00300407
0 0.941406 0.21333 0.117188 0.388184 0.00298119
1 0.295703 0.165234 0.0882813 0.146094 0.00293541
1 0.95 0.240625 0.1 0.471875 0.00291252
0 0.475781 0.488672 0.109375 0.807031 0.00281143
0 0.266406 0.396973 0.096875 0.385742 0.00277901
0 0.874805 0.839063 0.247266 0.321875 0.00276756
0 0.930469 0.713281 0.139062 0.421875 0.0027256
0 0.293164 0.567187 0.0585938 0.353125 0.00270462
0 0.119531 0.542578 0.0753906 0.108594 0.0026722
0 0.933594 0.374805 0.128125 0.408203 0.00266266
0 0.948438 0.165527 0.103125 0.331055 0.00264168
0 0.147168 0.281445 0.0638672 0.105859 0.00263214
0 0.197266 0.797656 0.0691406 0.185937 0.00261116
1 0.875586 0.77832 0.248828 0.443359 0.00257111
0 0.978516 0.174414 0.0429688 0.348828 0.00257111
0 0.268945 0.564844 0.0875 0.413281 0.00255013
0 0.193018 0.870508 0.0702148 0.233984 0.00248146
0 0.607813 0.689062 0.170312 0.471875 0.00247192
0 0.351367 0.617969 0.0792969 0.215625 0.00243378
1 0.191602 0.460938 0.0832031 0.1125 0.00234222
0 0.673437 0.509375 0.278125 0.801562 0.00231361
0 0.201953 0.388672 0.103906 0.276563 0.00224304
1 0.180029 0.628906 0.0680664 0.171875 0.00221634
0 0.478125 0.926562 0.0921875 0.09375 0.00218201
0 0.964844 0.476562 0.0703125 0.775 0.00215721
1 0.278516 0.679688 0.0742188 0.1875 0.00214958
0 0.195703 0.745313 0.0632813 0.229687 0.00214958
0 0.279492 0.745703 0.0902344 0.333594 0.00214005
0 0.6375 0.708594 0.221875 0.432813 0.00213242
1 0.121484 0.725391 0.0964844 0.263281 0.00211525
1 0.612891 0.480469 0.207031 0.80625 0.00210762
0 0.400781 0.397266 0.2125 0.560156 0.00206757
0 0.971094 0.653906 0.0578125 0.260938 0.00206757
0 0.256836 0.137695 0.09375 0.214062 0.00206757
1 0.730859 0.490234 0.249219 0.803906 0.0020504
0 0.268359 0.227734 0.120312 0.282422 0.00202751
1 0.348437 0.492969 0.0921875 0.389844 0.00201035
0 0.260547 0.453906 0.0664062 0.164062 0.00198746
0 0.387891 0.0858887 0.1125 0.171777 0.00195694
0 0.486719 0.738281 0.120312 0.328125 0.00188923
0 0.432129 0.4625 0.138867 0.642187 0.00186062
0 0.919531 0.118945 0.151562 0.237891 0.00185299
0 0.977344 0.676172 0.0453125 0.455469 0.00184631
0 0.145703 0.655859 0.0398437 0.123438 0.00184631
1 0.123438 0.692187 0.0982422 0.189063 0.00183868
0 0.180127 0.877344 0.0920898 0.239063 0.00181007
0 0.215039 0.480566 0.122656 0.254492 0.0018034
1 0.349219 0.542969 0.0851562 0.3125 0.0018034
0 0.347852 0.89375 0.146484 0.2125 0.00178909
1 0.419531 0.905469 0.0625 0.140625 0.00173378
1 0.269531 0.729297 0.0773437 0.274219 0.00173378
0 0.339063 0.848242 0.103125 0.247266 0.0017271
0 0.603125 0.519141 0.157813 0.778906 0.00171375
0 0.267969 0.339844 0.115625 0.317187 0.00169373
0 0.917969 0.8 0.164062 0.4 0.00169373
0 0.35957 0.381641 0.123828 0.358594 0.00168705
1 0.12373 0.658203 0.0970703 0.1125 0.00167465
0 0.764844 0.4375 0.184375 0.609375 0.00167465
0 0.371094 0.107031 0.09375 0.214062 0.0016613
0 0.84375 0.827344 0.184375 0.248437 0.00164223
0 0.264453 0.404785 0.0726563 0.224805 0.00163555
0 0.166797 0.35332 0.0835937 0.168359 0.00163555
1 0.908594 0.757422 0.182812 0.482031 0.00161076
0 0.557813 0.509473 0.0984375 0.749805 0.00160408
0 0.307031 0.655078 0.0414063 0.13125 0.00158501
0 0.471094 0.746875 0.109375 0.285937 0.00157356
0 0.35332 0.150391 0.0964844 0.171484 0.00157356
0 0.263086 0.774609 0.0839844 0.241406 0.00154877
1 0.255469 0.778125 0.0703125 0.178125 0.00154877
0 0.932813 0.150977 0.134375 0.301953 0.00153065
1 0.434375 0.386719 0.280469 0.661719 0.00150108
0 0.970312 0.128418 0.059375 0.256836 0.00149536
0 0.982422 0.508203 0.0351562 0.775781 0.00148964
0 0.968359 0.6875 0.0632813 0.38125 0.00148392
0 0.204248 0.696875 0.0750977 0.2625 0.00146675
0 0.55 0.628027 0.09375 0.54707 0.00146103
0 0.81582 0.107813 0.118359 0.215625 0.00144958
1 0.698438 0.603125 0.320312 0.634375 0.00143242
0 0.152148 0.658594 0.0496094 0.132812 0.00143242
0 0.351562 0.661719 0.0742188 0.214062 0.00143242
0 0.415527 0.901563 0.193945 0.196875 0.00142097
0 0.848437 0.31543 0.059375 0.461328 0.00142097
1 0.861719 0.844531 0.276563 0.310937 0.00141048
0 0.148438 0.305859 0.0609375 0.158594 0.00139904
1 0.364453 0.87793 0.115625 0.222266 0.00138283
0 0.171973 0.903906 0.118555 0.192188 0.00136662
1 0.936719 0.337695 0.125 0.406641 0.00136662
1 0.385254 0.902344 0.141992 0.195312 0.00136185
0 0.846094 0.411035 0.0515625 0.543555 0.00135612
0 0.93125 0.447266 0.129688 0.447656 0.00134563
0 0.30332 0.118652 0.0921875 0.237305 0.00134563
0 0.0181641 0.106543 0.0363281 0.213086 0.00133038
0 0.830469 0.210938 0.0671875 0.149219 0.00132465
0 0.341211 0.825 0.0753906 0.157813 0.00129414
0 0.851562 0.149609 0.0875 0.299219 0.00129414
0 0.851562 0.874219 0.209375 0.251563 0.00128937
0 0.854688 0.232422 0.08125 0.410937 0.0012846
0 0.312891 0.810156 0.0851562 0.270312 0.00126934
0 0.176172 0.935938 0.0835937 0.120312 0.00126457
1 0.970312 0.128418 0.059375 0.256836 0.0012598
0 0.851562 0.901563 0.24375 0.196875 0.00125504
0 0.942578 0.124805 0.114844 0.249609 0.00125504
1 0.266211 0.511816 0.0820312 0.285742 0.00124931
0 0.385059 0.846094 0.0892578 0.26875 0.00124454
0 0.841406 0.471191 0.05625 0.632617 0.00124454
1 0.946875 0.478906 0.10625 0.579687 0.00123501
0 0.155762 0.335742 0.0708984 0.239453 0.00122547
0 0.273438 0.953906 0.0640625 0.0859375 0.00121593
0 0.409766 0.9 0.0710938 0.146875 0.00121117
1 0.978516 0.174414 0.0429688 0.348828 0.00121117
1 0.268359 0.227734 0.120312 0.282422 0.00118828
0 0.651563 0.905469 0.28125 0.189063 0.00118828
1 0.272852 0.660937 0.0945313 0.26875 0.00118351
1 0.193018 0.870508 0.0702148 0.233984 0.00118351
0 0.703125 0.913672 0.396875 0.172656 0.0011692
1 0.0181641 0.106543 0.0363281 0.213086 0.00116539
1 0.326953 0.821094 0.102344 0.159375 0.00116062
0 0.00966797 0.119336 0.0193359 0.238672 0.00116062
0 0.409473 0.087793 0.143555 0.175586 0.00115585
0 0.346875 0.746875 0.078125 0.340625 0.00115108
1 0.250391 0.810938 0.0601562 0.164062 0.00114727
1 0.941406 0.21333 0.117188 0.388184 0.0011425
1 0.496875 0.421777 0.441406 0.789258 0.00113392
0 0.406641 0.896875 0.13125 0.16875 0.0011158
0 0.320312 0.8375 0.0914062 0.228125 0.00110722
0 0.200781 0.553906 0.0875 0.259375 0.0011034
0 0.834375 0.796875 0.153125 0.29375 0.00109005
1 0.352734 0.422266 0.111719 0.389062 0.00109005
0 0.383691 0.122266 0.123242 0.216406 0.00108624
0 0.255469 0.839844 0.0867188 0.267188 0.00107288
0 0.0529297 0.903125 0.100781 0.19375 0.00107288
1 0.197266 0.797656 0.0691406 0.185937 0.00106907
0 0.197852 0.646875 0.0734375 0.229687 0.00106525
0 0.302539 0.0626953 0.096875 0.125391 0.00106525
1 0.917188 0.853906 0.165625 0.292188 0.00105667
0 0.430469 0.927344 0.0492188 0.096875 0.00105286
0 0.496484 0.926562 0.117969 0.13125 0.00104809
1 0.265234 0.539844 0.0757812 0.202344 0.00104809
0 0.104858 0.672266 0.0684082 0.153125 0.00104046
0 0.249609 0.853906 0.0554687 0.239063 0.00104046
1 0.293164 0.567187 0.0585938 0.353125 0.00103664
0 0.386328 0.0554687 0.0867188 0.107422 0.00103188
0 0.400391 0.755469 0.0609375 0.26875 0.00103188
0 0.807031 0.192578 0.09375 0.183203 0.00102806
1 0.156738 0.890625 0.0845703 0.215625 0.00102425
0 0.394922 0.899219 0.0648438 0.15 0.00102425
0 0.140527 0.582812 0.0427734 0.145313 0.00100803
0 0.576953 0.501465 0.586719 0.78457 0.774414
0 0.120605 0.655078 0.110352 0.124219 0.560059
0 0.283594 0.65625 0.0914062 0.135937 0.442627
0 0.341992 0.825195 0.138672 0.155859 0.352295
1 0.584766 0.513965 0.608594 0.786133 0.272705
0 0.194482 0.810742 0.0758789 0.106641 0.258301
0 0.185742 0.813281 0.104687 0.103125 0.255371
0 0.160156 0.9375 0.0976562 0.1125 0.181274
0 0.184766 0.594531 0.0835937 0.100781 0.129395
0 0.133105 0.534375 0.0923828 0.104687 0.0907593
0 0.204492 0.452344 0.103906 0.1125 0.0809326
0 0.259766 0.759375 0.09375 0.10625 0.0433655
0 0.163281 0.586328 0.0382813 0.110156 0.0379028
1 0.341992 0.825195 0.138672 0.155859 0.0346069
0 0.204248 0.709766 0.0774414 0.121094 0.0325928
0 0.165137 0.812305 0.136523 0.100391 0.0305634
1 0.283594 0.65625 0.0914062 0.135937 0.0248413
0 0.233203 0.903125 0.0796875 0.084375 0.0241394
0 0.623828 0.736328 0.449219 0.349219 0.0202484
0 0.274609 0.95625 0.0769531 0.071875 0.0184021
1 0.125098 0.652344 0.116211 0.11875 0.0175171
0 0.425781 0.925 0.0734375 0.09375 0.0170441
0 0.270312 0.427441 0.0695312 0.118555 0.0167236
1 0.165039 0.940234 0.108984 0.119531 0.0154266
0 0.911719 0.742969 0.114063 0.196875 0.0145035
0 0.155176 0.657422 0.161914 0.132031 0.0127258
0 0.182764 0.608594 0.0766602 0.08125 0.0126266
0 0.203125 0.849219 0.0625 0.189063 0.0120544
0 0.223047 0.903125 0.0507812 0.084375 0.0107346
0 0.18042 0.310156 0.131348 0.157031 0.00919342
1 0.185742 0.813281 0.104687 0.103125 0.00894928
1 0.184766 0.594531 0.0835937 0.100781 0.0078125
0 0.12207 0.789062 0.071875 0.134375 0.00769424
0 0.561719 0.747266 0.323438 0.335156 0.00746155
0 0.368359 0.929688 0.113281 0.110937 0.00714874
0 0.352344 0.161133 0.205469 0.134766 0.00706482
0 0.262891 0.779688 0.0859375 0.078125 0.0069046
0 0.223633 0.81875 0.13125 0.121875 0.00677109
0 0.365234 0.630469 0.201562 0.189844 0.00614548
0 0.389453 0.922656 0.158594 0.101562 0.00605011
0 0.348047 0.919531 0.185156 0.148438 0.00584412
0 0.248242 0.729297 0.0566406 0.153906 0.00564194
0 0.233203 0.690234 0.0234375 0.0921875 0.00526047
0 0.151562 0.737109 0.0597656 0.0851562 0.00518036
0 0.131152 0.555469 0.0982422 0.126563 0.00516129
0 0.820117 0.853906 0.122266 0.16875 0.0050621
0 0.27168 0.55625 0.0699219 0.146094 0.0050621
0 0.176758 0.810938 0.0523437 0.10625 0.00500107
0 0.0503906 0.878906 0.100781 0.242188 0.00482941
0 0.354688 0.935156 0.0867188 0.1125 0.00479126
0 0.0466797 0.828906 0.0933594 0.342187 0.00429916
0 0.360156 0.867969 0.179688 0.234375 0.00429916
0 0.341797 0.644531 0.183594 0.170312 0.00416565
0 0.161914 0.624219 0.129688 0.132812 0.0041008
1 0.132617 0.534375 0.0933594 0.109375 0.00403976
1 0.194482 0.810742 0.0758789 0.106641 0.00387001
0 0.580078 0.694141 0.471094 0.430469 0.00370789
0 0.149512 0.758594 0.0517578 0.0859375 0.00367928
1 0.911719 0.742969 0.114063 0.196875 0.00335121
1 0.204492 0.452344 0.103906 0.1125 0.00332451
1 0.623828 0.736328 0.449219 0.349219 0.00314713
0 0.305859 0.953125 0.140625 0.0796875 0.00309944
0 0.284961 0.6375 0.0753906 0.171875 0.00309944
0 0.267969 0.639844 0.117969 0.173438 0.00302696
0 0.915625 0.761719 0.128125 0.301562 0.00301552
0 0.42334 0.480469 0.24707 0.729688 0.00296974
0 0.396191 0.615625 0.185742 0.25 0.00277901
0 0.212939 0.815625 0.0819336 0.110937 0.0026722
0 0.352148 0.839063 0.159766 0.121875 0.00261116
1 0.259766 0.759375 0.09375 0.10625 0.00253105
0 0.407129 0.433691 0.20918 0.591992 0.00245285
0 0.195703 0.609375 0.0585938 0.109375 0.0024147
0 0.212891 0.829883 0.160156 0.124609 0.00229645
1 0.360156 0.867969 0.179688 0.234375 0.00227928
0 0.117773 0.162305 0.139062 0.320312 0.00223351
0 0.276172 0.591406 0.0601562 0.123438 0.00216484
0 0.122949 0.686328 0.11543 0.188281 0.00209999
0 0.336914 0.719531 0.0421875 0.0609375 0.00209999
0 0.222461 0.8875 0.0933594 0.1125 0.00206757
0 0.104199 0.809375 0.111523 0.145313 0.00200272
0 0.185937 0.159766 0.0992187 0.138281 0.00199509
0 0.171094 0.942969 0.139062 0.114063 0.00196457
0 0.142383 0.698438 0.0832031 0.165625 0.00190449
1 0.561719 0.747266 0.323438 0.335156 0.00178909
1 0.0466797 0.828906 0.0933594 0.342187 0.00178242
1 0.204248 0.709766 0.0774414 0.121094 0.00176811
1 0.107813 0.185596 0.130469 0.361621 0.00175476
1 0.165137 0.812305 0.136523 0.100391 0.00170708
0 0.591406 0.639063 0.545313 0.514063 0.0016489
0 0.0580566 0.857813 0.109277 0.282813 0.00163555
1 0.0503906 0.878906 0.100781 0.242188 0.00163555
0 0.96875 0.601562 0.0625 0.159375 0.00162888
0 0.210986 0.95 0.181934 0.1 0.00161648
0 0.210547 0.940625 0.065625 0.109375 0.00156116
0 0.381934 0.907031 0.15332 0.126563 0.00152493
0 0.171484 0.930469 0.111719 0.139062 0.00138855
0 0.140039 0.760547 0.135937 0.203906 0.00138283
0 0.159961 0.459766 0.0988281 0.130469 0.00134563
0 0.175 0.569922 0.103125 0.127344 0.00134563
0 0.0453125 0.166797 0.090625 0.330859 0.00133514
0 0.403027 0.526953 0.19707 0.4875 0.00128937
0 0.0429688 0.667188 0.0859375 0.1625 0.00128937
0 0.0355713 0.807031 0.0711426 0.385938 0.0012598
0 0.0676758 0.550781 0.0373047 0.0695312 0.00124931
1 0.915625 0.761719 0.128125 0.301562 0.00124931
0 0.199609 0.74375 0.0679687 0.246875 0.0012207
0 0.0610352 0.941016 0.10625 0.117969 0.00119209
0 0.233203 0.909375 0.0507812 0.084375 0.00118828
0 0.189258 0.134961 0.104297 0.192578 0.00116062
0 0.91875 0.480078 0.1625 0.830469 0.00116062
0 0.274219 0.292578 0.159375 0.150781 0.00112438
0 0.103516 0.214844 0.127344 0.414062 0.00112438
1 0.348047 0.919531 0.185156 0.148438 0.00110722
0 0.0911133 0.541406 0.0470703 0.096875 0.0011034
0 0.101172 0.403125 0.103906 0.160938 0.00109482
0 0.170215 0.95625 0.125195 0.078125 0.00109005
1 0.955078 0.452246 0.0898438 0.77207 0.00109005
0 0.955078 0.452246 0.0898438 0.77207 0.00106525
1 0.580078 0.694141 0.471094 0.430469 0.00104046
0 0.502344 0.927344 0.134375 0.084375 0.00102425
0 0.0316895 0.678125 0.0633789 0.328125 0.00102043
0 0.582129 0.491797 0.574805 0.805469 0.769043
1 0.582129 0.491797 0.574805 0.805469 0.210815
0 0.124585 0.657812 0.110986 0.128125 0.0450134
0 0.193945 0.453516 0.0925781 0.111719 0.00891876
0 0.180664 0.585547 0.0785156 0.124219 0.0078125
0 0.192383 0.809375 0.0773437 0.10625 0.00751877
0 0.146484 0.676562 0.157813 0.170312 0.00725937
0 0.333398 0.71875 0.0457031 0.0796875 0.00661469
0 0.160156 0.932813 0.107813 0.128125 0.00498199
1 0.124585 0.657812 0.110986 0.128125 0.0041008
0 0.279297 0.270312 0.179688 0.186328 0.00257111
0 0.903125 0.761719 0.125 0.264062 0.00191879
0 0.169727 0.307813 0.108594 0.1625 0.00176811
0 0.123242 0.533594 0.0816406 0.101562 0.00134563
0 0.259961 0.413281 0.0710938 0.1375 0.00119209
0 0.562402 0.283594 0.475195 0.35625 0.0011692
0 0.591016 0.325195 0.550781 0.446484 0.00108624
0 0.097876 0.772656 0.0491699 0.126563 0.00104809
0 0.575684 0.499219 0.579883 0.820312 0.844238
1 0.570996 0.495703 0.593945 0.838281 0.0428162
0 0.123535 0.657812 0.112695 0.114063 0.014061
0 0.347852 0.823242 0.155078 0.144141 0.0037365
0 0.630859 0.733594 0.474219 0.346875 0.00265312
0 0.395312 0.898438 0.175781 0.14375 0.00157356
0 0.589063 0.373828 0.553125 0.530469 0.00139427
0 0.183984 0.597656 0.0816406 0.1 0.0011692
1 0.123535 0.657812 0.112695 0.114063 0.00102425
0 0.578027 0.458984 0.56582 0.847656 0.889648
0 0.155273 0.942187 0.104297 0.109375 0.0278015
1 0.585059 0.485938 0.570508 0.810938 0.0179901
0 0.120288 0.689844 0.107861 0.190625 0.0165863
1 0.120312 0.689062 0.1125 0.196875 0.00391388
0 0.386328 0.901563 0.148438 0.1625 0.00265312
0 0.119043 0.662109 0.106445 0.125781 0.00186062
0 0.998438 0.895312 0.003125 0.209375 0.0017271
0 0.997266 0.949219 0.00546875 0.101562 0.00169373
1 0.214502 0.221045 0.378027 0.384473 0.00162888
0 0.999219 0.926562 0.0015625 0.146875 0.00143814
0 0.998438 0.858203 0.003125 0.283594 0.00139427
0 0.582812 0.507812 0.596875 0.821875 0.849121
1 0.581641 0.514844 0.596094 0.817187 0.0389709
0 0.123828 0.649219 0.110547 0.10625 0.0363464
0 0.186719 0.594141 0.0769531 0.1 0.0199432
0 0.338672 0.724219 0.0511719 0.104687 0.0118713
0 0.289844 0.639844 0.09375 0.167187 0.00503922
0 0.444531 0.509375 0.296094 0.8125 0.0042305
0 0.0727539 0.542578 0.0457031 0.108594 0.00367928
0 0.130273 0.533594 0.0664062 0.09375 0.00211525
0 0.621875 0.932813 0.0796875 0.0625 0.00210762
0 0.182031 0.179492 0.0738281 0.101953 0.00145531
0 0.398047 0.895312 0.169531 0.16875 0.00144386
0 0.205518 0.306445 0.197559 0.166016 0.00104427
0 0.589844 0.490234 0.592188 0.785156 0.897461
1 0.585938 0.496875 0.579687 0.803125 0.00959778
0 0.123242 0.657031 0.107422 0.114063 0.00905609
0 0.479688 0.505566 0.363281 0.785742 0.00714874
0 0.183203 0.595312 0.0832031 0.0882813 0.00559998
0 0.121582 0.682031 0.108008 0.165625 0.00475693
0 0.338281 0.719922 0.0523437 0.0726563 0.00352478
0 0.209961 0.928906 0.209375 0.140625 0.00217438
0 0.283594 0.669531 0.0882813 0.101562 0.00129414
0 0.469629 0.226367 0.28418 0.195703 0.0011692
0 0.494922 0.205469 0.294531 0.197266 0.0011425
0 0.0691406 0.547656 0.0410156 0.0632813 0.00106525
0 0.585938 0.502344 0.58125 0.792188 0.813477
1 0.589453 0.508203 0.588281 0.786719 0.0439453
0 0.132983 0.703906 0.134814 0.217187 0.00619125
0 0.181641 0.59375 0.0820312 0.09375 0.00122547
0 0.967188 0.607031 0.065625 0.123438 0.00118351
0 0.160645 0.688672 0.189648 0.178906 0.00108147
0 0.622656 0.398047 0.471875 0.584375 0.00101185
0 0.588379 0.503906 0.573242 0.807813 0.896973
0 0.180469 0.592969 0.08125 0.09375 0.00318527
1 0.588379 0.503906 0.573242 0.807813 0.00178909
0 0.581152 0.499316 0.57832 0.782617 0.916016
0 0.573438 0.371289 0.560938 0.529297 0.00188255
0 0.588281 0.503906 0.573438 0.807813 0.897461
0 0.180469 0.592969 0.08125 0.09375 0.00318527
1 0.588281 0.503906 0.573438 0.807813 0.00179577
