0 0.828125 0.243408 0.328125 0.249902 0.865723
0 0.513281 0.293408 0.313281 0.241309 0.862793
0 0.844531 0.527344 0.30625 0.258594 0.770996
0 0.542969 0.574609 0.29375 0.246094 0.737793
0 0.254102 0.589063 0.266016 0.226562 0.696777
0 0.769141 0.896875 0.332031 0.196875 0.585938
0 0.407031 0.100684 0.296875 0.197852 0.190063
0 0.348047 0.100366 0.182812 0.194971 0.0645142
1 0.516406 0.293555 0.317187 0.242578 0.0390625
1 0.828125 0.243408 0.328125 0.249902 0.0372009
1 0.769141 0.896875 0.332031 0.196875 0.0223236
1 0.84668 0.528516 0.300391 0.258594 0.0208435
1 0.542969 0.574609 0.29375 0.246094 0.0187225
1 0.254102 0.589063 0.266016 0.226562 0.0163422
0 0.196289 0.294336 0.148828 0.555078 0.0110321
0 0.678906 0.896094 0.153906 0.203125 0.00955963
1 0.407031 0.100684 0.296875 0.197852 0.00723267
0 0.178906 0.902734 0.303906 0.194531 0.00432968
0 0.775 0.244141 0.21875 0.25625 0.00356483
0 0.982031 0.784375 0.0359375 0.340625 0.00352478
0 0.446094 0.292969 0.182812 0.241406 0.00337601
0 0.984375 0.835938 0.03125 0.321875 0.00336266
0 0.980469 0.704297 0.0390625 0.385156 0.00329781
0 0.195752 0.731641 0.390527 0.517969 0.00327301
0 0.238281 0.890625 0.417188 0.21875 0.0029583
0 0.203564 0.144727 0.116309 0.289453 0.00294685
0 0.182031 0.353516 0.160938 0.525781 0.00274658
1 0.345313 0.1 0.173438 0.2 0.00271416
0 0.253125 0.772266 0.424219 0.447656 0.00240517
0 0.3 0.910937 0.5375 0.178125 0.00235939
0 0.0886719 0.618359 0.0853516 0.316406 0.00229645
0 0.982422 0.264453 0.0351562 0.420312 0.00203514
0 0.514844 0.789258 0.160938 0.252734 0.00203514
0 0.867188 0.901563 0.13125 0.171875 0.00191879
0 0.214453 0.179297 0.113281 0.358594 0.00182438
0 0.438184 0.802344 0.329883 0.267188 0.00172043
0 0.415234 0.574219 0.0601562 0.229687 0.00168705
0 0.525 0.0898438 0.0796875 0.179688 0.0016613
0 0.907422 0.492188 0.185156 0.253125 0.0016613
0 0.349414 0.930469 0.517578 0.139062 0.00160408
1 0.241211 0.896094 0.419141 0.207813 0.0015974
1 0.982031 0.784375 0.0359375 0.340625 0.00155449
1 0.980469 0.704297 0.0390625 0.385156 0.0014782
0 0.895312 0.526563 0.209375 0.2625 0.00143814
0 0.985937 0.159375 0.028125 0.31875 0.00142097
0 0.54375 0.773438 0.184375 0.296875 0.00141048
0 0.986719 0.197607 0.0265625 0.327441 0.00140476
0 0.078418 0.673047 0.0988281 0.382031 0.00139427
0 0.120801 0.907031 0.238477 0.185937 0.00138283
0 0.0572266 0.710938 0.107031 0.378125 0.00136662
0 0.80332 0.147168 0.393359 0.294336 0.00136662
1 0.179492 0.904297 0.329297 0.191406 0.00136185
0 0.160156 0.75625 0.309375 0.45 0.00135612
0 0.755469 0.526563 0.135937 0.253125 0.00135136
0 0.345703 0.815625 0.465625 0.315625 0.00134087
1 0.984375 0.835938 0.03125 0.321875 0.00130939
0 0.635156 0.895703 0.109375 0.208594 0.00129414
0 0.857227 0.106152 0.285547 0.212305 0.00125504
0 0.0475586 0.627344 0.0792969 0.379687 0.0012064
0 0.210889 0.147461 0.118848 0.294922 0.00118351
0 0.175781 0.217383 0.107031 0.434766 0.00117874
0 0.967188 0.129492 0.065625 0.258984 0.00116062
0 0.900391 0.340625 0.199219 0.440625 0.00116062
1 0.3 0.910937 0.5375 0.178125 0.00116062
0 0.880664 0.89375 0.238672 0.2125 0.00112057
0 0.960938 0.885938 0.078125 0.226562 0.00110722
1 0.982422 0.264453 0.0351562 0.420312 0.00109482
0 0.0149902 0.101367 0.0299805 0.202734 0.00109005
1 0.678906 0.896094 0.153906 0.203125 0.00109005
0 0.976562 0.892969 0.046875 0.214062 0.00108624
1 0.857227 0.106152 0.285547 0.212305 0.00108147
0 0.226172 0.110937 0.0976562 0.221875 0.00107765
1 0.976562 0.892969 0.046875 0.214062 0.00107765
0 0.940625 0.742969 0.11875 0.33125 0.00105667
0 0.00905762 0.127734 0.0181152 0.255469 0.00105286
0 0.141699 0.889063 0.265039 0.203125 0.00105286
0 0.605469 0.101172 0.123438 0.202344 0.00103188
0 0.551562 0.569922 0.301562 0.242969 0.916504
0 0.843555 0.528125 0.306641 0.254687 0.899902
0 0.825 0.243018 0.33125 0.251465 0.881348
0 0.519434 0.295264 0.323633 0.243848 0.845703
0 0.258643 0.585938 0.286621 0.223438 0.819824
0 0.413281 0.0990234 0.314063 0.196484 0.725586
0 0.765234 0.895312 0.333594 0.20625 0.63623
1 0.769531 0.895312 0.334375 0.20625 0.339844
1 0.412891 0.0982422 0.310156 0.196484 0.164307
1 0.849219 0.528906 0.298438 0.252344 0.0401611
1 0.258203 0.588672 0.286719 0.221094 0.0362854
1 0.551562 0.573828 0.298438 0.241406 0.02948
0 0.351562 0.094751 0.194531 0.18667 0.02211
1 0.521191 0.293945 0.324805 0.245703 0.0173035
1 0.825 0.243018 0.33125 0.251465 0.0165863
1 0.323438 0.9375 0.635938 0.125 0.0113754
0 0.187158 0.275781 0.183496 0.485156 0.0106125
0 0.156738 0.294727 0.231445 0.559766 0.00757599
0 0.323438 0.9375 0.635938 0.125 0.00638962
1 0.403125 0.950781 0.753125 0.0984375 0.00416565
0 0.891406 0.828906 0.126563 0.0828125 0.00399017
0 0.403125 0.950781 0.753125 0.0984375 0.00385475
0 0.701172 0.903125 0.199219 0.178125 0.00378036
0 0.852344 0.9125 0.173438 0.159375 0.00358009
1 0.176953 0.273242 0.210938 0.509766 0.00327301
0 0.548828 0.315625 0.250781 0.197656 0.00293541
0 0.472266 0.0987305 0.196875 0.16582 0.00291252
0 0.0842773 0.738281 0.150195 0.429688 0.00265312
0 0.591406 0.586328 0.221875 0.199219 0.00263214
0 0.977344 0.269189 0.0453125 0.209277 0.00239754
0 0.910937 0.83125 0.0890625 0.08125 0.00223351
1 0.299219 0.920313 0.573438 0.125 0.00188923
1 0.0842773 0.738281 0.150195 0.429688 0.00182438
0 0.0818359 0.689453 0.114063 0.502344 0.0018034
0 0.189111 0.758594 0.324902 0.389062 0.00170708
0 0.983594 0.216797 0.0328125 0.240625 0.00169373
0 0.236133 0.757812 0.396484 0.332812 0.00167465
0 0.0837891 0.649219 0.140039 0.61875 0.00163555
0 0.299219 0.920313 0.573438 0.125 0.00143814
0 0.0696289 0.577344 0.139258 0.745313 0.00135612
0 0.934375 0.297852 0.13125 0.217578 0.00133038
0 0.505469 0.566797 0.226562 0.233594 0.00131512
1 0.193359 0.296484 0.170703 0.433594 0.00127411
0 0.932031 0.0602051 0.135937 0.0303711 0.00117874
0 0.107324 0.174805 0.0755859 0.318359 0.0011692
0 0.975 0.803125 0.05 0.229687 0.0011425
0 0.977344 0.347461 0.0453125 0.197266 0.00112438
0 0.868555 0.543359 0.250391 0.216406 0.00108624
0 0.471777 0.292383 0.243945 0.210547 0.00108624
0 0.19043 0.322852 0.158984 0.378516 0.00104809
0 0.972656 0.889063 0.0546875 0.221875 0.00103188
0 0.0881836 0.717969 0.0830078 0.370313 0.00102425
0 0.00718994 0.158887 0.0143799 0.317773 0.00101662
1 0.189111 0.758594 0.324902 0.389062 0.00101662
0 0.055957 0.619141 0.111914 0.721094 0.00101185
0 0.826563 0.24375 0.334375 0.259766 0.844238
0 0.839063 0.53125 0.303125 0.260938 0.839844
0 0.516016 0.295703 0.321094 0.238281 0.82959
0 0.5375 0.570703 0.296875 0.234375 0.823242
0 0.255273 0.594531 0.282422 0.221094 0.779785
0 0.767969 0.9 0.3375 0.2 0.753418
0 0.410547 0.0985352 0.314844 0.186523 0.647949
1 0.411816 0.101855 0.312305 0.17832 0.148804
1 0.764844 0.900781 0.335938 0.198437 0.122742
1 0.516016 0.295703 0.321094 0.238281 0.0215302
1 0.248437 0.592578 0.267188 0.214062 0.0149536
1 0.82793 0.24375 0.328516 0.253125 0.00793457
1 0.540234 0.575781 0.294531 0.235156 0.00698471
0 0.445703 0.297461 0.185937 0.238672 0.00695801
0 0.76875 0.242383 0.21875 0.257422 0.00658798
0 0.465625 0.102173 0.205469 0.169482 0.00643921
1 0.841992 0.533984 0.294141 0.257031 0.00636292
0 0.200586 0.299219 0.157422 0.367188 0.00341606
0 0.764063 0.729688 0.2875 0.135937 0.00321007
1 0.200586 0.299219 0.157422 0.367188 0.00281143
0 0.367969 0.103906 0.230469 0.182422 0.0024147
1 0.191016 0.257422 0.104297 0.420312 0.00218201
0 0.129492 0.682422 0.0390625 0.100781 0.00217438
0 0.191016 0.257422 0.104297 0.420312 0.00201035
0 0.763672 0.532031 0.163281 0.265625 0.0014782
0 0.774219 0.91875 0.3375 0.14375 0.00135612
0 0.131738 0.684766 0.0478516 0.123438 0.00131512
0 0.220508 0.597656 0.212891 0.1875 0.00122547
0 0.8375 0.909375 0.196875 0.171875 0.00119209
0 0.2875 0.594141 0.221094 0.2 0.00108624
0 0.846094 0.53125 0.303125 0.25 0.875
0 0.546094 0.574219 0.30625 0.239844 0.871582
0 0.828125 0.246094 0.334375 0.242969 0.862305
0 0.513281 0.295508 0.321094 0.240234 0.861816
0 0.258203 0.589453 0.277344 0.221094 0.787109
0 0.409766 0.0979492 0.307031 0.195898 0.773438
0 0.758594 0.9 0.325 0.2 0.695801
1 0.764844 0.9 0.339063 0.196875 0.0738525
1 0.255273 0.592188 0.273828 0.21875 0.0165863
1 0.403125 0.10127 0.2875 0.197461 0.0127258
1 0.546094 0.574219 0.30625 0.239844 0.0122375
1 0.846094 0.53125 0.303125 0.25 0.00803375
1 0.827344 0.243701 0.332812 0.241504 0.0078125
0 0.725 0.901563 0.248437 0.18125 0.00609589
1 0.514453 0.293311 0.314844 0.237598 0.00503922
0 0.378125 0.105176 0.235938 0.197461 0.00453949
0 0.155469 0.333008 0.214062 0.355859 0.00337601
0 0.316406 0.933984 0.59375 0.132031 0.00329781
0 0.813281 0.9 0.2375 0.18125 0.00219917
1 0.316406 0.933984 0.59375 0.132031 0.00219917
0 0.445703 0.935938 0.861719 0.128125 0.00213242
0 0.470313 0.560938 0.15625 0.214062 0.00146103
0 0.140918 0.286328 0.260352 0.507031 0.00144386
1 0.445703 0.935938 0.861719 0.128125 0.00131512
0 0.841406 0.526953 0.307813 0.2625 0.90918
0 0.82793 0.241846 0.337891 0.260059 0.866699
0 0.5125 0.292383 0.3125 0.241016 0.861328
0 0.540625 0.568359 0.301562 0.239844 0.839844
0 0.254492 0.590234 0.278516 0.207031 0.801758
0 0.768359 0.89375 0.336719 0.195312 0.775879
0 0.413965 0.0962891 0.308008 0.192578 0.748535
1 0.763281 0.895312 0.339063 0.196875 0.0118713
1 0.413672 0.0949463 0.310937 0.183936 0.00577545
0 0.146094 0.329688 0.25 0.455469 0.00536346
0 0.0831055 0.733203 0.148633 0.403906 0.00365067
0 0.998828 0.884375 0.00234375 0.23125 0.00245285
1 0.254492 0.590234 0.278516 0.207031 0.00244331
0 0.996875 0.12793 0.00625 0.255859 0.00233269
0 0.996875 0.83457 0.00625 0.330859 0.00185299
1 0.8375 0.525781 0.309375 0.260938 0.00175476
0 0.998438 0.916406 0.003125 0.167187 0.00147247
0 0.170801 0.288672 0.211523 0.455469 0.00129414
0 0.991406 0.65 0.0171875 0.521875 0.00109482
0 0.844531 0.528516 0.309375 0.260156 0.891602
0 0.828125 0.241797 0.3375 0.260156 0.872559
0 0.515625 0.292383 0.326562 0.251953 0.860352
0 0.544531 0.570312 0.300781 0.235938 0.841797
0 0.413965 0.0985352 0.312695 0.189648 0.819336
0 0.260547 0.5875 0.289844 0.21875 0.799316
0 0.770312 0.900781 0.345313 0.198437 0.78418
1 0.768359 0.898438 0.338281 0.196875 0.10321
1 0.419141 0.0960938 0.313281 0.182031 0.0661011
1 0.25918 0.585938 0.290234 0.221094 0.0170441
1 0.546875 0.570312 0.307813 0.239063 0.0131683
1 0.518066 0.29668 0.324805 0.252734 0.00997162
0 0.916406 0.83125 0.0671875 0.090625 0.00978088
1 0.829687 0.242578 0.3375 0.266406 0.00737381
1 0.843945 0.532422 0.308984 0.264062 0.00561905
0 0.201123 0.282031 0.179785 0.45 0.00538635
0 0.485156 0.571875 0.172656 0.228125 0.00390053
0 0.086499 0.798242 0.149658 0.272266 0.00178242
0 0.0970703 0.771875 0.178516 0.35 0.0014267
1 0.201123 0.282031 0.179785 0.45 0.00123024
0 0.273438 0.289453 0.13125 0.316406 0.00102043
0 0.84375 0.528906 0.304688 0.257812 0.888184
0 0.82793 0.246484 0.331641 0.254687 0.884277
0 0.513281 0.297705 0.314844 0.245996 0.864746
0 0.412109 0.0928711 0.301562 0.183008 0.848633
0 0.54375 0.56875 0.303125 0.234375 0.84668
0 0.769531 0.898438 0.342187 0.2 0.823242
0 0.255469 0.588281 0.283594 0.217969 0.771973
1 0.771875 0.897656 0.334375 0.198437 0.0538025
1 0.257373 0.589063 0.285254 0.220313 0.0129242
1 0.410547 0.0961182 0.300781 0.188232 0.00952148
0 0.183008 0.337305 0.205859 0.553516 0.00275803
1 0.825781 0.246533 0.329688 0.253027 0.0017271
1 0.510547 0.298633 0.307813 0.243359 0.0015192
0 0.911719 0.832812 0.08125 0.08125 0.00141048
0 0.591406 0.0503906 0.817187 0.100781 0.00139904
1 0.544141 0.566406 0.305469 0.234375 0.00101185
0 0.82793 0.244092 0.328516 0.250879 0.866211
0 0.841406 0.528125 0.307813 0.260938 0.853027
0 0.513672 0.295703 0.317969 0.242188 0.845215
0 0.410547 0.0957275 0.308594 0.185107 0.833984
0 0.539844 0.567969 0.30625 0.2375 0.818848
0 0.254687 0.5875 0.285937 0.2125 0.768555
0 0.767187 0.898438 0.3375 0.2 0.762207
1 0.76875 0.897656 0.33125 0.198437 0.107788
1 0.255469 0.585938 0.291406 0.214844 0.0151291
1 0.410547 0.0957275 0.308594 0.185107 0.00766754
0 0.716016 0.903906 0.232031 0.184375 0.00197983
1 0.515723 0.29668 0.316992 0.244141 0.00183868
1 0.541797 0.571875 0.307031 0.2375 0.00152493
1 0.825781 0.240674 0.329688 0.25459 0.00131512
0 0.826563 0.245898 0.328125 0.252734 0.870605
0 0.844531 0.530469 0.301562 0.260938 0.866211
0 0.51709 0.296484 0.318945 0.24375 0.859375
0 0.545313 0.571875 0.29375 0.240625 0.854004
0 0.416406 0.0957031 0.309375 0.180859 0.812988
0 0.76875 0.898438 0.329688 0.19375 0.808105
0 0.25542 0.585938 0.281348 0.220313 0.787109
1 0.76875 0.898438 0.329688 0.19375 0.0160217
1 0.255469 0.585938 0.282031 0.21875 0.00344276
0 0.316797 0.911719 0.60625 0.176563 0.00257111
1 0.416406 0.0957031 0.309375 0.180859 0.00243378
1 0.316797 0.911719 0.60625 0.176563 0.00230598
1 0.519141 0.297314 0.3125 0.24834 0.00122547
0 0.84082 0.528125 0.305859 0.259375 0.890625
0 0.827344 0.24375 0.325 0.255469 0.889648
0 0.541406 0.571094 0.301562 0.24375 0.88623
0 0.5125 0.294336 0.320312 0.249609 0.86377
0 0.766406 0.898438 0.339063 0.2 0.84082
0 0.412109 0.100098 0.307031 0.195508 0.832031
0 0.254492 0.587109 0.278516 0.220313 0.827637
1 0.769141 0.9 0.327344 0.196875 0.0458679
1 0.255029 0.5875 0.283691 0.221875 0.0064888
1 0.412402 0.100684 0.311133 0.197852 0.00460815
1 0.511816 0.294189 0.320117 0.249121 0.00120163
0 0.826563 0.245898 0.328125 0.252734 0.870605
0 0.844531 0.530469 0.301562 0.260938 0.865723
0 0.516797 0.296484 0.31875 0.24375 0.858887
0 0.545313 0.571875 0.29375 0.240625 0.854004
0 0.416406 0.0957031 0.309375 0.180859 0.812988
0 0.76875 0.898438 0.329688 0.19375 0.808105
0 0.25542 0.585938 0.281348 0.220313 0.788086
1 0.76875 0.898438 0.329688 0.19375 0.0160217
1 0.255469 0.585938 0.282031 0.21875 0.00348282
0 0.316797 0.911719 0.60625 0.176563 0.00256157
1 0.416406 0.0957031 0.309375 0.180859 0.00245285
1 0.316797 0.911719 0.60625 0.176563 0.00229645
1 0.519141 0.297314 0.3125 0.24834 0.00123501
