1 0.492578 0.541797 0.624219 0.771094 0.330322
1 0.335547 0.561328 0.275781 0.749219 0.296631
0 0.335547 0.561328 0.275781 0.749219 0.145386
0 0.765234 0.783008 0.469531 0.433984 0.111633
0 0.49209 0.551562 0.57832 0.771875 0.110107
1 0.590625 0.55 0.445312 0.776563 0.0648804
1 0.721094 0.547656 0.195312 0.776563 0.0472412
1 0.408203 0.565234 0.419531 0.746094 0.0383911
1 0.479004 0.564746 0.341992 0.74707 0.0379639
0 0.590625 0.55 0.445312 0.776563 0.0325928
1 0.765234 0.783008 0.469531 0.433984 0.0276947
0 0.479004 0.564746 0.341992 0.74707 0.0246124
0 0.748047 0.546777 0.141406 0.775195 0.0185852
1 0.56875 0.564062 0.289062 0.75 0.0167847
0 0.772461 0.850977 0.455078 0.298047 0.0159607
0 0.56875 0.564062 0.289062 0.75 0.0157776
1 0.757812 0.539062 0.121875 0.773438 0.0157166
0 0.134766 0.763477 0.269531 0.473047 0.0154877
1 0.772461 0.850977 0.455078 0.298047 0.0137939
0 0.408203 0.565234 0.419531 0.746094 0.0137405
1 0.414844 0.127515 0.0914062 0.178564 0.0132217
0 0.746875 0.866016 0.31875 0.267969 0.0106964
1 0.427344 0.137109 0.0921875 0.182812 0.00948334
0 0.120898 0.336719 0.241797 0.673437 0.00857544
1 0.538379 0.623047 0.53418 0.636719 0.00837708
0 0.160059 0.861328 0.320117 0.277344 0.00818634
1 0.777344 0.87207 0.360938 0.255859 0.00634003
0 0.710156 0.542188 0.215625 0.773438 0.00572968
0 0.538379 0.623047 0.53418 0.636719 0.0053215
0 0.289062 0.558203 0.178906 0.683594 0.00471878
0 0.414844 0.127515 0.0914062 0.178564 0.00366402
0 0.825391 0.768359 0.349219 0.463281 0.00337601
1 0.782812 0.528516 0.0640625 0.527344 0.00324821
0 0.930469 0.333984 0.139062 0.667969 0.0028553
0 0.772656 0.54375 0.101562 0.78125 0.00282288
1 0.773438 0.496484 0.0796875 0.297656 0.00266266
1 0.120898 0.336719 0.241797 0.673437 0.00263214
1 0.777344 0.52666 0.090625 0.785742 0.00253105
0 0.427344 0.137109 0.0921875 0.182812 0.00253105
1 0.766406 0.381348 0.08125 0.44043 0.00253105
0 0.714063 0.831641 0.398438 0.336719 0.00252151
1 0.923437 0.308789 0.153125 0.617578 0.00248146
0 0.692969 0.884766 0.390625 0.230469 0.00231361
0 0.185205 0.89375 0.36084 0.2125 0.00219917
1 0.692969 0.884766 0.390625 0.230469 0.00209045
1 0.134766 0.763477 0.269531 0.473047 0.0020752
1 0.289062 0.558203 0.178906 0.683594 0.00202751
1 0.628223 0.878516 0.556055 0.242969 0.00201035
0 0.628223 0.878516 0.556055 0.242969 0.00188255
1 0.154687 0.864062 0.309375 0.271875 0.00183868
0 0.0964844 0.796289 0.192969 0.407422 0.00178909
0 0.110547 0.477344 0.221094 0.876562 0.00178242
1 0.680469 0.266016 0.117188 0.198047 0.00175476
1 0.774219 0.44375 0.065625 0.479688 0.00171375
1 0.774219 0.545703 0.0640625 0.44375 0.0016613
0 0.921484 0.464844 0.157031 0.807813 0.00158501
0 0.799805 0.890625 0.400391 0.21875 0.00154877
1 0.710938 0.2875 0.102344 0.21875 0.00153065
0 0.898047 0.253516 0.203906 0.507031 0.00150681
1 0.766406 0.590234 0.0796875 0.450781 0.00149536
1 0.745703 0.366797 0.0898438 0.463281 0.00149536
0 0.909375 0.563281 0.18125 0.789062 0.00146675
1 0.825391 0.768359 0.349219 0.463281 0.00141048
0 0.0895508 0.309961 0.179102 0.495703 0.00139427
0 0.300781 0.690234 0.192188 0.397656 0.00135136
0 0.30293 0.189648 0.0925781 0.179688 0.00130463
0 0.100977 0.603223 0.201953 0.774805 0.00124454
1 0.898047 0.253516 0.203906 0.507031 0.00121593
1 0.919922 0.435937 0.160156 0.751562 0.00120163
1 0.962109 0.127148 0.0757812 0.254297 0.00119686
0 0.9 0.751953 0.2 0.496094 0.00118351
0 0.542969 0.846875 0.573438 0.30625 0.00117874
1 0.185205 0.89375 0.36084 0.2125 0.00117874
0 0.962109 0.127148 0.0757812 0.254297 0.00115108
1 0.630078 0.424609 0.316406 0.524219 0.00109863
0 0.982813 0.330078 0.034375 0.660156 0.00109482
1 0.714063 0.831641 0.398438 0.336719 0.00107288
1 0.758594 0.387598 0.08125 0.299805 0.00106907
0 0.8625 0.513965 0.109375 0.700195 0.00106525
0 0.353516 0.657031 0.284375 0.573438 0.00106525
0 0.165723 0.801172 0.331445 0.397656 0.00102425
1 0.778906 0.603809 0.071875 0.501758 0.00101662
1 0.502344 0.562109 0.601562 0.722656 0.811523
0 0.506641 0.544141 0.597656 0.730469 0.0328369
0 0.333594 0.185596 0.149219 0.156934 0.00775528
0 0.369922 0.180273 0.233594 0.154687 0.00429916
1 0.126758 0.483594 0.253516 0.926562 0.00400543
0 0.126758 0.483594 0.253516 0.926562 0.00388527
1 0.231641 0.482422 0.463281 0.913281 0.00290108
0 0.231641 0.482422 0.463281 0.913281 0.0028553
1 0.723828 0.369531 0.552344 0.6625 0.00220871
1 0.18457 0.772852 0.369141 0.454297 0.00201988
0 0.15127 0.776563 0.302539 0.446875 0.00148964
1 0.333594 0.185596 0.149219 0.156934 0.00125504
1 0.319531 0.566016 0.235156 0.724219 0.00115108
1 0.366406 0.56875 0.332812 0.692187 0.00113392
0 0.746094 0.762109 0.507812 0.475781 0.00107288
1 0.511621 0.581934 0.612695 0.720508 0.691895
0 0.514844 0.563965 0.590625 0.743945 0.496094
0 0.382422 0.0731934 0.0375 0.0860352 0.0166626
0 0.445312 0.142383 0.05625 0.173047 0.00317192
0 0.391406 0.0759766 0.0554687 0.084375 0.00279045
0 0.452734 0.167578 0.053125 0.132031 0.00266266
0 0.389453 0.0608887 0.05625 0.0692383 0.0024929
0 0.397266 0.0849365 0.059375 0.100439 0.00231361
0 0.436719 0.133765 0.05625 0.186377 0.00202751
0 0.455859 0.170996 0.034375 0.161914 0.00182438
0 0.3375 0.174023 0.164844 0.164844 0.0012064
0 0.641797 0.615625 0.0367187 0.125 0.00119209
1 0.724219 0.525781 0.151562 0.184375 0.00114727
0 0.3375 0.39375 0.250781 0.360938 0.00109482
1 0.733594 0.546875 0.1625 0.273438 0.00103188
0 0.507031 0.56875 0.6 0.75625 0.822754
1 0.514063 0.568359 0.59375 0.792969 0.0696411
0 0.638672 0.404297 0.324219 0.470313 0.00246239
0 0.609375 0.492285 0.389062 0.649805 0.00209045
1 0.638672 0.404297 0.324219 0.470313 0.00204277
0 0.407031 0.766406 0.3625 0.365625 0.00197983
0 0.583203 0.360156 0.414844 0.378125 0.00166798
1 0.609375 0.492285 0.389062 0.649805 0.00126457
0 0.434766 0.804688 0.375 0.285937 0.00116062
1 0.583203 0.360156 0.414844 0.378125 0.00103188
0 0.499219 0.562891 0.598437 0.716406 0.898926
0 0.10459 0.522656 0.20918 0.954687 0.0713501
1 0.501562 0.566797 0.603125 0.716406 0.0228882
0 0.805859 0.764844 0.388281 0.470313 0.0219879
0 0.851562 0.689844 0.296875 0.620313 0.00416565
0 0.883594 0.514063 0.223438 0.807813 0.00407028
1 0.10459 0.522656 0.20918 0.954687 0.00397491
0 0.905469 0.603125 0.189063 0.759375 0.00155449
0 0.794531 0.827539 0.410937 0.344922 0.0012064
0 0.131934 0.608984 0.263867 0.782031 0.00104809
1 0.513672 0.570703 0.610156 0.758594 0.746094
0 0.509766 0.579004 0.605469 0.756055 0.504883
0 0.110352 0.557031 0.220703 0.832812 0.00140476
0 0.508203 0.574121 0.613281 0.739258 0.582031
1 0.507715 0.559766 0.612695 0.783594 0.373047
0 0.390625 0.0661621 0.0554687 0.0598633 0.00317192
0 0.394922 0.0768555 0.0585938 0.0804688 0.00282288
1 0.653125 0.364844 0.303125 0.390625 0.00171375
0 0.332617 0.175586 0.155078 0.1625 0.00144386
1 0.647266 0.30332 0.303906 0.269922 0.00115108
1 0.508984 0.567871 0.613281 0.743945 0.685059
0 0.510547 0.569141 0.621094 0.749219 0.347656
0 0.511328 0.558203 0.602344 0.774219 0.757812
1 0.505469 0.560254 0.596875 0.751367 0.275146
0 0.504687 0.573047 0.6125 0.732031 0.616211
1 0.508691 0.567578 0.620117 0.738281 0.480469
0 0.511328 0.558203 0.602344 0.774219 0.757812
1 0.505469 0.560254 0.596875 0.751367 0.275879
