0 0.520703 0.495313 0.657031 0.682813 0.834473
0 0.372461 0.491797 0.400391 0.680469 0.0680542
1 0.513281 0.51084 0.68125 0.67832 0.0346069
0 0.289648 0.491406 0.231641 0.685938 0.00428009
0 0.559766 0.913281 0.685156 0.173438 0.00382423
0 0.621484 0.493359 0.453906 0.661719 0.00299263
0 0.252539 0.50625 0.158984 0.607813 0.00186062
0 0.690625 0.910156 0.54375 0.179688 0.00185299
1 0.578516 0.915625 0.689844 0.16875 0.00176144
0 0.795313 0.910547 0.390625 0.178906 0.00166798
0 0.509375 0.851562 0.653125 0.296875 0.00161076
0 0.463672 0.161816 0.580469 0.323633 0.00154877
1 0.372461 0.491797 0.400391 0.680469 0.00143814
0 0.854688 0.913281 0.290625 0.173438 0.00128937
1 0.932031 0.151367 0.135937 0.302734 0.00123978
0 0.932031 0.151367 0.135937 0.302734 0.00121593
1 0.690625 0.910156 0.54375 0.179688 0.0012064
0 0.568652 0.376953 0.54707 0.499219 0.00116062
0 0.44541 0.917188 0.53418 0.165625 0.00115585
0 0.32168 0.911328 0.435547 0.177344 0.00107765
1 0.795313 0.910547 0.390625 0.178906 0.00101662
0 0.506348 0.504687 0.67168 0.659375 0.842285
1 0.516016 0.496875 0.686719 0.670313 0.228149
0 0.39375 0.499121 0.445312 0.681445 0.00130463
0 0.284033 0.496484 0.225684 0.691406 0.00123501
0 0.182227 0.478906 0.364453 0.832812 0.00118351
0 0.791797 0.539062 0.416406 0.796875 0.00116539
0 0.50791 0.661719 0.656055 0.364062 0.00100422
0 0.515234 0.504004 0.672656 0.69043 0.91748
1 0.515234 0.504004 0.672656 0.69043 0.0167236
0 0.473047 0.387109 0.585156 0.450781 0.00122547
0 0.367578 0.386719 0.382031 0.448438 0.0011158
0 0.502344 0.506641 0.68125 0.667969 0.802734
1 0.50625 0.509375 0.66875 0.675 0.138672
0 0.506934 0.49834 0.664258 0.664258 0.92041
1 0.506934 0.49834 0.664258 0.664258 0.0046463
0 0.794336 0.769141 0.411328 0.461719 0.00250244
0 0.901563 0.490234 0.192188 0.703906 0.00183868
0 0.508203 0.510547 0.674219 0.678906 0.632324
1 0.510547 0.510059 0.671094 0.676758 0.556641
0 0.513281 0.503027 0.673437 0.67832 0.889648
1 0.51875 0.502734 0.682813 0.683594 0.0175781
0 0.507129 0.505078 0.67168 0.667969 0.713867
1 0.507031 0.499121 0.667188 0.668945 0.181274
0 0.512891 0.502734 0.661719 0.666406 0.770508
1 0.512598 0.508203 0.668555 0.686719 0.530273
0 0.5125 0.50625 0.675 0.6625 0.893066
1 0.511328 0.503809 0.674219 0.670508 0.0410767
0 0.512891 0.502734 0.661719 0.666406 0.767578
1 0.512598 0.508203 0.668555 0.686719 0.538086
