0 0.810156 0.293164 0.246875 0.362891 0.598145
0 0.745313 0.664844 0.2625 0.464063 0.524414
0 0.216797 0.331445 0.285156 0.444922 0.0796509
1 0.746094 0.66875 0.260938 0.459375 0.0720825
1 0.810156 0.293164 0.246875 0.362891 0.0643921
0 0.601562 0.298389 0.160938 0.312598 0.0463867
0 0.667969 0.0713379 0.0703125 0.130762 0.0218658
1 0.323828 0.311719 0.0875 0.203125 0.0179901
0 0.195312 0.385547 0.264062 0.567969 0.0127716
1 0.218555 0.334766 0.296484 0.453125 0.0107803
1 0.597656 0.297998 0.172656 0.311816 0.0100555
0 0.851758 0.293359 0.168359 0.365625 0.00963593
0 0.648438 0.308203 0.0640625 0.261719 0.00775528
0 0.322852 0.257861 0.0789063 0.32334 0.00712204
0 0.162891 0.422754 0.245312 0.623242 0.0069046
1 0.195312 0.385547 0.264062 0.567969 0.00674438
0 0.276367 0.331445 0.184766 0.448047 0.00643921
0 0.266016 0.824609 0.282031 0.350781 0.00621796
1 0.667969 0.0713379 0.0703125 0.130762 0.00609589
1 0.162891 0.422754 0.245312 0.623242 0.00566483
1 0.322852 0.257861 0.0789063 0.32334 0.00559998
0 0.323828 0.311719 0.0875 0.203125 0.00559998
0 0.187158 0.818359 0.334277 0.363281 0.00526047
0 0.516016 0.239258 0.102344 0.216016 0.00503922
0 0.650781 0.0760742 0.107813 0.152148 0.00482941
0 0.590625 0.424121 0.178125 0.589258 0.00443268
1 0.647656 0.322852 0.071875 0.237891 0.00436401
1 0.326172 0.297705 0.0710938 0.271777 0.00428009
0 0.104883 0.817969 0.209766 0.364062 0.00416565
0 0.632812 0.281641 0.109375 0.272656 0.00372124
0 0.129395 0.312842 0.129102 0.397754 0.00365067
0 0.0499023 0.0944336 0.0998047 0.188867 0.00363541
0 0.32417 0.866992 0.390723 0.266016 0.00355148
0 0.685938 0.664844 0.151562 0.45625 0.00325966
1 0.321875 0.353711 0.084375 0.268359 0.00312424
1 0.635938 0.273047 0.08125 0.235938 0.00302696
1 0.276367 0.331445 0.184766 0.448047 0.00299263
0 0.736719 0.0762695 0.0703125 0.152539 0.00292397
0 0.326172 0.297705 0.0710938 0.271777 0.00288963
0 0.534766 0.237549 0.115625 0.212402 0.0027256
0 0.628125 0.0749023 0.14375 0.149805 0.0027256
1 0.590625 0.424121 0.178125 0.589258 0.0026207
0 0.570312 0.281982 0.196875 0.29541 0.00261116
1 0.89375 0.278564 0.071875 0.391309 0.00257111
1 0.851758 0.293359 0.168359 0.365625 0.00256157
0 0.129297 0.519141 0.258594 0.791406 0.00248146
0 0.308984 0.343359 0.117188 0.486719 0.00237846
0 0.89375 0.278564 0.071875 0.391309 0.00235939
0 0.751562 0.240234 0.11875 0.235938 0.00234222
0 0.987109 0.166699 0.0257812 0.333398 0.00234222
0 0.654688 0.0688477 0.0867188 0.133984 0.00234222
0 0.902344 0.856836 0.195312 0.286328 0.00230598
1 0.129297 0.519141 0.258594 0.791406 0.00230598
1 0.266016 0.824609 0.282031 0.350781 0.00226021
1 0.530469 0.218408 0.107813 0.152246 0.00221634
1 0.650781 0.0760742 0.107813 0.152148 0.00219917
0 0.876562 0.298779 0.065625 0.396191 0.00211525
1 0.89375 0.364062 0.078125 0.342187 0.0020504
1 0.517578 0.241748 0.1 0.229004 0.00202751
0 0.757422 0.0742188 0.110156 0.148438 0.00202751
0 0.903125 0.180469 0.190625 0.360938 0.00197983
0 0.161426 0.236719 0.159961 0.275781 0.00194168
0 0.310498 0.819922 0.394629 0.360156 0.00194168
1 0.187158 0.818359 0.334277 0.363281 0.00191212
0 0.340234 0.329688 0.0710938 0.452344 0.00187492
0 0.673437 0.087915 0.0625 0.160889 0.00186729
1 0.626172 0.282373 0.0679687 0.268066 0.00186062
0 0.940234 0.175781 0.119531 0.351562 0.00185299
0 0.910156 0.128613 0.179688 0.257227 0.00182438
0 0.414844 0.892187 0.314844 0.215625 0.00179577
0 0.26582 0.374414 0.0578125 0.193359 0.00174141
0 0.615625 0.0626953 0.0546875 0.122656 0.00173378
0 0.986719 0.721875 0.0265625 0.401563 0.0017271
0 0.161914 0.181055 0.142578 0.208984 0.00172043
0 0.438281 0.179297 0.101562 0.316406 0.00171375
0 0.417969 0.152734 0.122656 0.286719 0.0017004
0 0.932813 0.844141 0.134375 0.311719 0.00168133
0 0.650781 0.0849609 0.115625 0.169922 0.00166798
0 0.745703 0.276758 0.124219 0.306641 0.0016613
0 0.337891 0.269141 0.071875 0.321094 0.0016489
1 0.625391 0.073291 0.142969 0.146582 0.00163555
0 0.450781 0.216992 0.0734375 0.273828 0.00163555
0 0.223828 0.171387 0.242188 0.342773 0.00162888
1 0.325 0.826953 0.433594 0.346094 0.00162315
1 0.987109 0.166699 0.0257812 0.333398 0.00162315
0 0.127832 0.265625 0.0982422 0.328906 0.00161076
0 0.879687 0.827148 0.196875 0.345703 0.00159168
0 0.219971 0.224023 0.238184 0.263281 0.00157356
0 0.691016 0.0739258 0.0523437 0.147852 0.00157356
0 0.17793 0.120605 0.152734 0.241211 0.00156116
0 0.86543 0.188281 0.247266 0.376563 0.00154877
0 0.9875 0.651953 0.025 0.567969 0.00154305
0 0.989844 0.375781 0.0203125 0.4875 0.00153637
0 0.976953 0.829883 0.0460938 0.299609 0.00153637
0 0.530469 0.218408 0.107813 0.152246 0.00152493
0 0.00720215 0.105664 0.0144043 0.211328 0.0015192
0 0.728125 0.248047 0.0875 0.241406 0.0015192
1 0.308984 0.343359 0.117188 0.486719 0.00150681
1 0.650781 0.0849609 0.115625 0.169922 0.00150108
0 0.0500977 0.640625 0.100195 0.385938 0.00149536
0 0.778125 0.29043 0.190625 0.324609 0.00146675
0 0.970703 0.14375 0.0585938 0.2875 0.00145531
0 0.625 0.295898 0.0648438 0.277734 0.00144386
0 0.985156 0.798242 0.0296875 0.256641 0.00144386
1 0.0499023 0.0944336 0.0998047 0.188867 0.0014267
0 0.971094 0.869727 0.0578125 0.260547 0.00141048
0 0.0494141 0.51875 0.0988281 0.532812 0.00140476
1 0.970703 0.14375 0.0585938 0.2875 0.00139904
1 0.534766 0.237549 0.115625 0.212402 0.00139427
0 0.89375 0.364062 0.078125 0.342187 0.00138283
0 0.604297 0.0793945 0.174219 0.158789 0.00136185
0 0.988281 0.254883 0.0234375 0.435547 0.00135612
0 0.95625 0.183789 0.0875 0.247656 0.00130463
0 0.75625 0.571875 0.234375 0.273438 0.00129986
1 0.134766 0.812695 0.269531 0.374609 0.00129986
1 0.325781 0.340234 0.065625 0.225781 0.00129986
0 0.988672 0.475 0.0226563 0.575 0.0012846
0 0.421484 0.114453 0.134375 0.228906 0.00126457
1 0.632812 0.281641 0.109375 0.272656 0.00126457
0 0.82168 0.873242 0.156641 0.253516 0.00126457
1 0.311914 0.229346 0.0804688 0.234277 0.0012598
0 0.0208984 0.0942383 0.0417969 0.188477 0.0012598
1 0.511328 0.239502 0.0789063 0.199121 0.00125504
1 0.685938 0.664844 0.151562 0.45625 0.00125504
0 0.0435547 0.871094 0.0871094 0.257812 0.00124454
0 0.621484 0.0818359 0.150781 0.163672 0.00124454
1 0.32417 0.866992 0.390723 0.266016 0.00123501
0 0.717188 0.231982 0.0671875 0.230566 0.00123024
0 0.860156 0.329688 0.123438 0.2875 0.00122547
1 0.0208984 0.0942383 0.0417969 0.188477 0.0012207
0 0.811719 0.792188 0.132812 0.415625 0.0012064
0 0.218164 0.1125 0.228125 0.225 0.0012064
0 0.305859 0.262695 0.0601562 0.299609 0.00119686
0 0.166797 0.0783203 0.124609 0.156641 0.00119686
0 0.873438 0.303467 0.0953125 0.368066 0.00119686
0 0.788281 0.0948242 0.151562 0.189648 0.0011692
0 0.0250732 0.834961 0.0501465 0.330078 0.0011692
0 0.0474731 0.17334 0.0913818 0.266602 0.00116062
0 0.687109 0.841992 0.186719 0.316016 0.00115585
1 0.621484 0.0818359 0.150781 0.163672 0.00115585
0 0.809375 0.156836 0.19375 0.313672 0.00115108
0 0.497266 0.894531 0.221094 0.210938 0.00115108
0 0.273828 0.138086 0.179688 0.276172 0.0011425
1 0.989844 0.316797 0.0203125 0.44375 0.00113392
1 0.129395 0.312842 0.129102 0.397754 0.00113392
0 0.902344 0.136035 0.195312 0.27207 0.00112057
0 0.0473755 0.227148 0.0880615 0.273828 0.00112057
1 0.00720215 0.105664 0.0144043 0.211328 0.00112057
0 0.555469 0.891406 0.153125 0.217187 0.00110722
1 0.810938 0.857813 0.078125 0.14375 0.00110722
0 0.863281 0.109961 0.221875 0.219922 0.0011034
0 0.653516 0.862891 0.167187 0.274219 0.0011034
1 0.903125 0.180469 0.190625 0.360938 0.00109482
1 0.757422 0.0742188 0.110156 0.148438 0.00109482
1 0.340234 0.329688 0.0710938 0.452344 0.00109005
0 0.883594 0.233398 0.170312 0.300391 0.00109005
1 0.546875 0.20625 0.104687 0.133984 0.00108624
0 0.939844 0.81543 0.120312 0.262891 0.00108147
0 0.641016 0.230859 0.102344 0.216797 0.00108147
0 0.95 0.305518 0.1 0.39834 0.00107765
1 0.0676758 0.894531 0.135352 0.210938 0.00107288
0 0.00784912 0.677734 0.0156982 0.308594 0.00106049
1 0.986719 0.721875 0.0265625 0.401563 0.00105667
0 0.0081543 0.273828 0.0163086 0.364844 0.00105286
0 0.744922 0.846289 0.207031 0.307422 0.00104809
0 0.403027 0.213672 0.0830078 0.324219 0.00104809
0 0.611719 0.889844 0.142188 0.220313 0.00104809
0 0.0165527 0.806055 0.0331055 0.350391 0.00104046
1 0.919922 0.8625 0.160156 0.275 0.00104046
1 0.570312 0.281982 0.196875 0.29541 0.00104046
0 0.00756836 0.168066 0.0151367 0.288086 0.00103188
0 0.0520996 0.338672 0.0754883 0.351562 0.00103188
1 0.239258 0.726172 0.0761719 0.257031 0.00102425
0 0.278906 0.375 0.05 0.180469 0.00101662
1 0.272266 0.391309 0.0585938 0.173633 0.00101185
0 0.947266 0.49834 0.105469 0.429883 0.00100803
0 0.811719 0.291211 0.24375 0.336328 0.50293
0 0.74375 0.666016 0.284375 0.436719 0.487305
0 0.597656 0.313086 0.186719 0.274609 0.403564
1 0.742969 0.663672 0.279687 0.447656 0.397949
1 0.591797 0.292188 0.197656 0.314844 0.243652
1 0.8125 0.283936 0.25 0.324316 0.225464
0 0.145117 0.0647461 0.0769531 0.129492 0.192505
0 0.252734 0.200781 0.0839844 0.151562 0.158203
0 0.20918 0.196533 0.226562 0.156152 0.151001
0 0.663281 0.0782227 0.104687 0.15 0.146606
1 0.212109 0.312891 0.307813 0.395312 0.133911
0 0.557813 0.201514 0.165625 0.129785 0.118408
0 0.947656 0.575 0.104687 0.223438 0.0957031
0 0.547656 0.623828 0.120312 0.132031 0.0957031
0 0.259961 0.19707 0.173828 0.148828 0.0718384
0 0.864062 0.0517578 0.128125 0.0890625 0.0646362
0 0.526563 0.205664 0.104687 0.130859 0.0628052
0 0.602344 0.305469 0.151562 0.234375 0.062561
0 0.505469 0.242383 0.096875 0.198828 0.0603027
0 0.964063 0.201123 0.06875 0.210254 0.055603
0 0.712891 0.519141 0.192969 0.157031 0.0470886
0 0.860156 0.111719 0.178125 0.04375 0.0411377
0 0.870313 0.32832 0.1125 0.198047 0.0375977
0 0.255078 0.35625 0.0992187 0.155469 0.0370483
0 0.358984 0.106421 0.121875 0.177002 0.0352783
1 0.563281 0.196289 0.173438 0.127344 0.0327148
0 0.396191 0.229102 0.12168 0.121484 0.0314941
0 0.745313 0.260742 0.125 0.258984 0.028656
0 0.377734 0.103296 0.101562 0.174268 0.0274811
0 0.604688 0.269141 0.146875 0.170312 0.0273743
0 0.860156 0.0917725 0.170312 0.0746582 0.0265503
1 0.526563 0.205664 0.104687 0.130859 0.0254669
0 0.374902 0.150098 0.0626953 0.0896484 0.0235138
0 0.954687 0.55625 0.0859375 0.28125 0.0214539
0 0.230664 0.0490723 0.100391 0.0702148 0.0201721
0 0.577344 0.787305 0.065625 0.187891 0.0190582
0 0.367969 0.118457 0.0875 0.156836 0.0184021
1 0.504297 0.239258 0.0929687 0.208203 0.0173798
1 0.155469 0.322656 0.205469 0.410156 0.0173035
1 0.843555 0.850781 0.137891 0.190625 0.0172424
1 0.191211 0.37168 0.282422 0.507422 0.0171814
0 0.170215 0.195312 0.161523 0.163672 0.0164642
0 0.253125 0.206055 0.0601562 0.140234 0.0158997
0 0.746875 0.0726563 0.0859375 0.1375 0.0151291
0 0.270703 0.355664 0.0710938 0.156641 0.0141144
0 0.895312 0.380566 0.065625 0.0998047 0.0140076
1 0.145117 0.0647461 0.0769531 0.129492 0.0139542
0 0.151465 0.388184 0.195117 0.229883 0.0137405
0 0.745313 0.304688 0.125 0.167187 0.0133743
0 0.846094 0.857617 0.135937 0.166016 0.0131226
0 0.405469 0.0990234 0.147656 0.16875 0.0130234
0 0.871875 0.36543 0.10625 0.133203 0.0128708
1 0.247461 0.19707 0.0785156 0.157031 0.0127716
1 0.95 0.55 0.096875 0.265625 0.0123825
0 0.246484 0.0350586 0.122656 0.0318359 0.0121002
0 0.867188 0.378125 0.125 0.10625 0.0119629
0 0.836719 0.391797 0.165625 0.155469 0.0114212
0 0.413281 0.0526245 0.130469 0.0832275 0.0109482
1 0.547656 0.623828 0.120312 0.132031 0.0107346
0 0.612109 0.0649414 0.0742188 0.12793 0.0106964
1 0.663281 0.0782227 0.104687 0.15 0.0104904
0 0.44375 0.653906 0.127344 0.0953125 0.0102463
0 0.522266 0.242236 0.105469 0.20459 0.00967407
0 0.570312 0.155762 0.173438 0.0388672 0.00959778
0 0.588281 0.067041 0.114063 0.132715 0.00941467
0 0.182031 0.316406 0.264062 0.403125 0.00930023
0 0.599219 0.363867 0.185937 0.173047 0.00919342
0 0.710156 0.0947266 0.034375 0.122852 0.00912476
0 0.580859 0.281592 0.203125 0.293066 0.00912476
0 0.256641 0.669141 0.111719 0.139844 0.0085144
0 0.788281 0.205664 0.195312 0.146875 0.00837708
0 0.234375 0.0316528 0.109375 0.0388428 0.00818634
0 0.828906 0.213672 0.16875 0.193359 0.00775528
0 0.808008 0.683984 0.105859 0.219531 0.00751877
0 0.301953 0.346875 0.133594 0.147656 0.00737381
0 0.886719 0.110645 0.15625 0.0302734 0.00723267
0 0.863281 0.102441 0.170312 0.0552734 0.00723267
0 0.958594 0.796875 0.078125 0.20625 0.00706482
0 0.825781 0.426562 0.178125 0.0859375 0.00706482
1 0.595312 0.320117 0.184375 0.234766 0.00701141
1 0.151465 0.388184 0.195117 0.229883 0.00653839
1 0.37666 0.733203 0.12793 0.166406 0.00614548
0 0.698438 0.101074 0.05 0.122266 0.006073
0 0.228906 0.0645996 0.09375 0.0874023 0.00600433
0 0.556641 0.784375 0.0984375 0.175 0.00600433
0 0.969922 0.173828 0.0601562 0.147656 0.00595856
0 0.301172 0.0224609 0.125781 0.0449219 0.00591278
0 0.217578 0.0484375 0.0707031 0.0609375 0.00591278
0 0.974219 0.81875 0.0515625 0.225 0.00577545
0 0.583203 0.807031 0.0617188 0.21875 0.00577545
0 0.324414 0.324805 0.0761719 0.158984 0.00564194
1 0.864062 0.0517578 0.128125 0.0890625 0.00559998
0 0.747656 0.0873047 0.06875 0.123633 0.0055542
0 0.240625 0.0289917 0.0796875 0.05354 0.00551224
1 0.218359 0.761328 0.109375 0.267969 0.00547028
0 0.133398 0.0682617 0.133203 0.128906 0.00547028
0 0.579687 0.175 0.157813 0.0773437 0.00547028
0 0.865625 0.847656 0.157813 0.189063 0.00538635
0 0.977734 0.440234 0.0445312 0.171094 0.00538635
1 0.396191 0.229102 0.12168 0.121484 0.00534439
0 0.0293945 0.215967 0.0587891 0.179004 0.00530243
0 0.235986 0.0411621 0.12959 0.0463867 0.00527954
0 0.415625 0.0975586 0.103125 0.166602 0.00516129
1 0.329492 0.782031 0.592578 0.404687 0.00510025
0 0.525391 0.117798 0.0585938 0.109326 0.00496292
0 0.632031 0.0800537 0.19375 0.15083 0.00494385
0 0.999219 0.178857 0.0015625 0.15791 0.00492477
0 0.102832 0.069873 0.0919922 0.132324 0.0049057
1 0.904688 0.832031 0.13125 0.159375 0.00486755
0 0.211719 0.0698242 0.071875 0.100977 0.00477219
1 0.20918 0.196533 0.226562 0.156152 0.00471878
1 0.745313 0.260742 0.125 0.258984 0.00471878
0 0.416797 0.567187 0.13125 0.09375 0.00468063
1 0.253125 0.206055 0.0601562 0.140234 0.0046463
1 0.860156 0.111719 0.178125 0.04375 0.00460815
1 0.256641 0.669141 0.111719 0.139844 0.00455475
0 0.467969 0.123535 0.0570313 0.166992 0.00453949
1 0.259961 0.19707 0.173828 0.148828 0.00446701
0 0.440234 0.613281 0.135156 0.176563 0.00446701
0 0.412891 0.0706055 0.128906 0.116211 0.00443268
0 0.744531 0.237939 0.110937 0.186621 0.00432968
0 0.0273926 0.26333 0.0541992 0.280371 0.00432968
0 0.216455 0.202539 0.115527 0.153125 0.00432968
0 0.796875 0.0580078 0.0734375 0.111328 0.0042305
0 0.921875 0.475781 0.059375 0.096875 0.0042305
0 0.226367 0.12666 0.176563 0.0462891 0.00418091
0 0.479688 0.112988 0.053125 0.122461 0.00408554
1 0.255078 0.35625 0.0992187 0.155469 0.00407028
1 0.577344 0.787305 0.065625 0.187891 0.00403976
1 0.44375 0.653906 0.127344 0.0953125 0.00400543
0 0.999219 0.397266 0.0015625 0.185937 0.0039444
0 0.975 0.215674 0.0484375 0.211621 0.00390053
1 0.964063 0.201123 0.06875 0.210254 0.00382423
1 0.208545 0.75 0.104785 0.221875 0.00376511
0 0.741406 0.215234 0.101562 0.146484 0.0037365
0 0.207422 0.0570801 0.0738281 0.0983398 0.00370789
0 0.0583008 0.174805 0.116602 0.136719 0.00366402
0 0.286719 0.221484 0.132031 0.175781 0.00359344
0 0.495313 0.232764 0.0671875 0.224316 0.00351143
0 0.971875 0.597656 0.0546875 0.18125 0.00342941
0 0.970312 0.796875 0.053125 0.203125 0.00340271
0 0.325781 0.100879 0.123438 0.147852 0.00340271
1 0.871875 0.853906 0.151562 0.1875 0.00337601
0 0.759766 0.0655273 0.119531 0.126953 0.00332451
0 0.049707 0.191406 0.0994141 0.146094 0.00329781
0 0.563672 0.254102 0.188281 0.248047 0.00327301
0 0.226611 0.211279 0.26084 0.21416 0.00325966
0 0.0871094 0.0713867 0.0527344 0.142773 0.00324821
0 0.218359 0.761328 0.109375 0.267969 0.00322342
0 0.98125 0.37959 0.0375 0.158008 0.00317192
0 0.884375 0.051123 0.078125 0.0924805 0.00313568
1 0.368359 0.109863 0.0835937 0.173242 0.00307465
0 0.327148 0.0190186 0.153516 0.0380371 0.00301552
0 0.221289 0.292773 0.285156 0.354297 0.00298119
0 0.152539 0.224951 0.142578 0.217285 0.00298119
1 0.358984 0.106421 0.121875 0.177002 0.0029583
1 0.563672 0.254102 0.188281 0.248047 0.0029583
0 0.313672 0.314844 0.103125 0.170312 0.00291252
0 0.252344 0.0263794 0.134375 0.0445068 0.00291252
1 0.522266 0.242236 0.105469 0.20459 0.00291252
0 0.235107 0.038916 0.12666 0.0749023 0.00287819
0 0.25625 0.324414 0.126563 0.0996094 0.0028553
1 0.416797 0.567187 0.13125 0.09375 0.00283432
0 0.25625 0.0244385 0.0671875 0.0433105 0.0027256
0 0.302148 0.0219971 0.135937 0.0439941 0.00271416
0 0.870313 0.293555 0.11875 0.217578 0.0026722
0 0.649219 0.0686523 0.135937 0.136133 0.00265312
0 0.182764 0.0426758 0.0883789 0.0853516 0.00264168
0 0.594531 0.192578 0.135937 0.103125 0.00264168
0 0.467969 0.104297 0.0734375 0.124609 0.00263214
1 0.953125 0.589844 0.090625 0.1875 0.00260162
0 0.182617 0.566797 0.209375 0.128906 0.00258064
1 0.632031 0.0800537 0.19375 0.15083 0.00254059
1 0.726172 0.517969 0.221094 0.15625 0.00251198
1 0.0562988 0.684375 0.112598 0.357812 0.00251198
0 0.760156 0.241797 0.15 0.205078 0.0024929
0 0.577344 0.148828 0.148438 0.0328125 0.00247192
0 0.548047 0.16875 0.120312 0.0828125 0.00245285
1 0.970312 0.796875 0.053125 0.203125 0.00245285
0 0.772656 0.0492188 0.121875 0.0921875 0.00239754
0 0.0374023 0.412402 0.0742188 0.23457 0.00235939
1 0.374902 0.150098 0.0626953 0.0896484 0.00235939
0 0.0277344 0.889063 0.0541016 0.209375 0.00232315
1 0.270703 0.355664 0.0710938 0.156641 0.00230598
0 0.0562988 0.684375 0.112598 0.357812 0.00228691
1 0.604688 0.269141 0.146875 0.170312 0.00226974
1 0.305469 0.485547 0.530469 0.700781 0.00223351
0 0.0417969 0.144141 0.0835937 0.190625 0.00223351
1 0.182617 0.566797 0.209375 0.128906 0.00219917
0 0.685938 0.934375 0.104687 0.115625 0.00219917
0 0.0370605 0.344141 0.0741211 0.225781 0.00219917
0 0.289844 0.0215332 0.14375 0.0370117 0.00218201
1 0.9125 0.816406 0.1125 0.126563 0.00218201
0 0.136914 0.0621094 0.0671875 0.101953 0.00214958
0 0.625391 0.204883 0.0820312 0.0503906 0.00213242
1 0.870313 0.32832 0.1125 0.198047 0.00213242
0 0.607813 0.193555 0.108594 0.0847656 0.00213242
0 0.502344 0.247705 0.05625 0.19209 0.00213242
1 0.230664 0.0490723 0.100391 0.0702148 0.00210762
1 0.860156 0.0917725 0.170312 0.0746582 0.00209045
0 0.628125 0.200195 0.115625 0.0617188 0.00206757
1 0.958594 0.796875 0.078125 0.20625 0.0020504
0 0.235107 0.122949 0.165723 0.0308594 0.00201988
1 0.301953 0.346875 0.133594 0.147656 0.00201988
0 0.24082 0.317578 0.120703 0.084375 0.00200272
1 0.973437 0.823633 0.053125 0.240234 0.00198746
0 0.617969 0.219531 0.134375 0.0773437 0.00198746
0 0.229297 0.149023 0.15625 0.0777344 0.00196457
0 0.622656 0.195752 0.0828125 0.0741211 0.00195694
1 0.133398 0.0682617 0.133203 0.128906 0.00194168
0 0.00222168 0.183984 0.00444336 0.367969 0.00193405
0 0.238086 0.728516 0.132422 0.252344 0.00192642
0 0.138477 0.0738281 0.0828125 0.0982422 0.00192642
0 0.37666 0.733203 0.12793 0.166406 0.00192642
0 0.997266 0.801367 0.00546875 0.194141 0.00191879
0 0.0334961 0.069043 0.0669922 0.137695 0.00189686
0 0.313281 0.0895508 0.0953125 0.105469 0.00189686
1 0.235547 0.428906 0.357031 0.640625 0.00188255
1 0.685938 0.932813 0.101562 0.107813 0.00188255
0 0.276172 0.126172 0.424219 0.177344 0.00186729
1 0.276172 0.126172 0.424219 0.177344 0.00186062
1 0.238086 0.728516 0.132422 0.252344 0.00185299
0 0.00280762 0.25293 0.00561523 0.356641 0.00181007
0 0.249609 0.129883 0.175781 0.0408203 0.00179577
0 0.632031 0.373828 0.110937 0.15 0.00179577
0 0.0550293 0.143945 0.110059 0.155469 0.00171375
1 0.0293945 0.215967 0.0587891 0.179004 0.0017004
0 0.904688 0.832031 0.13125 0.159375 0.00169373
1 0.436621 0.627344 0.14082 0.15 0.00167465
0 0.999219 0.354688 0.0015625 0.171875 0.00166798
0 0.967188 0.564844 0.065625 0.278125 0.00163555
1 0.560156 0.786719 0.1 0.176563 0.00162315
0 0.958594 0.594531 0.0796875 0.176563 0.00162315
1 0.283594 0.787695 0.432813 0.383984 0.00161076
0 0.74375 0.554688 0.25625 0.235938 0.00161076
1 0.475 0.112305 0.05625 0.140234 0.00157356
0 0.242236 0.137598 0.153027 0.0519531 0.00156116
0 0.45625 0.124707 0.0640625 0.163086 0.00155449
0 0.857813 0.281641 0.096875 0.113281 0.00155449
0 0.0708008 0.145313 0.141602 0.0357422 0.00154877
1 0.324414 0.324805 0.0761719 0.158984 0.00154877
1 0.745313 0.304688 0.125 0.167187 0.00151253
0 0.609375 0.0383789 0.053125 0.072168 0.00150681
0 0.453125 0.170703 0.0546875 0.0925781 0.00150108
0 0.967188 0.342578 0.0625 0.103125 0.00146675
0 0.00187988 0.136719 0.00375977 0.273438 0.00146675
0 0.589844 0.159375 0.134375 0.0347656 0.00146103
0 0.420312 0.23125 0.0765625 0.110937 0.00145531
0 0.655078 0.603906 0.0960938 0.26875 0.00145531
0 0.521875 0.130566 0.065625 0.146289 0.00144386
0 0.932031 0.508594 0.0609375 0.196094 0.00143814
1 0.746875 0.0726563 0.0859375 0.1375 0.00141048
1 0.836719 0.391797 0.165625 0.155469 0.00139904
0 0.674219 0.0751953 0.06875 0.144141 0.00138855
0 0.960938 0.262109 0.075 0.0890625 0.00138855
0 0.89375 0.358398 0.05625 0.0925781 0.00137806
1 0.588281 0.067041 0.114063 0.132715 0.00136662
0 0.0027832 0.34375 0.00556641 0.423438 0.00136662
1 0.313672 0.314844 0.103125 0.170312 0.00135612
0 0.954687 0.261914 0.078125 0.0644531 0.00135612
0 0.268359 0.0230225 0.084375 0.0460449 0.00132465
1 0.246484 0.0350586 0.122656 0.0318359 0.00132465
0 0.212549 0.252295 0.249121 0.279785 0.00131989
1 0.808008 0.683984 0.105859 0.219531 0.00131512
0 0.609375 0.0538574 0.0515625 0.099707 0.00131512
0 0.200781 0.0820557 0.0703125 0.0866699 0.00131512
1 0.583203 0.807031 0.0617188 0.21875 0.00130939
0 0.999219 0.137793 0.0015625 0.189258 0.00130463
1 0.467969 0.123535 0.0570313 0.166992 0.00130463
0 0.571484 0.194971 0.109375 0.109277 0.00130463
0 0.870313 0.377344 0.101562 0.0890625 0.00129986
0 0.183203 0.0347656 0.0984375 0.0667969 0.00129414
0 0.828125 0.139062 0.157813 0.0472656 0.0012846
0 0.847656 0.24082 0.117188 0.187109 0.00127411
1 0.255273 0.785937 0.305078 0.353125 0.00126934
0 0.410156 0.12832 0.04375 0.136719 0.00126457
0 0.0615234 0.546094 0.120898 0.0625 0.00126457
0 0.488281 0.130859 0.034375 0.142969 0.0012598
0 0.730859 0.475 0.178906 0.0890625 0.00125504
1 0.570312 0.168555 0.160938 0.0652344 0.00124931
1 0.612109 0.0649414 0.0742188 0.12793 0.00124454
1 0.971484 0.553125 0.0570313 0.334375 0.00123978
0 0.895312 0.101953 0.145313 0.0398437 0.00123501
0 0.154492 0.346875 0.180859 0.300781 0.00123501
1 0.0277344 0.889063 0.0541016 0.209375 0.00123501
1 0.361328 0.730469 0.09375 0.209375 0.00123024
1 0.228906 0.0645996 0.09375 0.0874023 0.00121593
0 0.126855 0.0696777 0.0435547 0.0950195 0.00121117
0 0.803125 0.0710449 0.0625 0.14209 0.0012064
0 0.315234 0.0251953 0.0867188 0.0503906 0.00119686
0 0.329688 0.0147461 0.115625 0.0294922 0.00118828
0 0.846094 0.200781 0.140625 0.1625 0.00116539
1 0.495313 0.232764 0.0671875 0.224316 0.00116062
0 0.999219 0.609375 0.0015625 0.157031 0.00115585
0 0.543359 0.588281 0.107031 0.214844 0.00115108
1 0.145313 0.487891 0.254687 0.730469 0.00115108
1 0.405469 0.0990234 0.147656 0.16875 0.00114727
0 0.176123 0.0262207 0.134473 0.0479492 0.00112915
0 0.895312 0.348437 0.0734375 0.107031 0.00112915
0 0.0263916 0.885156 0.0527832 0.21875 0.00109863
1 0.810156 0.285937 0.242188 0.335938 0.757812
1 0.739062 0.662891 0.278125 0.435156 0.736328
1 0.219531 0.28457 0.282813 0.344922 0.549805
1 0.576563 0.291797 0.217187 0.291406 0.415771
0 0.570312 0.751562 0.0828125 0.146875 0.0603027
0 0.864062 0.333008 0.134375 0.197266 0.0330811
0 0.742969 0.645703 0.26875 0.407031 0.0284882
0 0.634375 0.068457 0.164062 0.136914 0.0283356
0 0.219922 0.280811 0.279687 0.341504 0.0275879
1 0.592578 0.348437 0.189844 0.177344 0.0236969
1 0.946094 0.582812 0.101562 0.198437 0.0236053
0 0.359375 0.724219 0.1 0.1625 0.0220337
1 0.864062 0.333008 0.134375 0.197266 0.0213623
0 0.269922 0.973437 0.132812 0.053125 0.021286
0 0.946094 0.582812 0.101562 0.198437 0.0165863
0 0.807813 0.282031 0.242188 0.332812 0.0154266
0 0.398047 0.815625 0.0679687 0.15 0.0153656
1 0.605469 0.324219 0.167187 0.235938 0.0149536
1 0.570312 0.751562 0.0828125 0.146875 0.0141754
1 0.359375 0.724219 0.1 0.1625 0.013588
0 0.409473 0.82168 0.0919922 0.156641 0.01297
1 0.920313 0.826563 0.090625 0.107813 0.0120087
1 0.876562 0.847656 0.0625 0.148438 0.0105286
1 0.8875 0.83125 0.075 0.11875 0.00923157
0 0.617969 0.867969 0.0476562 0.125 0.00787354
0 0.441406 0.839063 0.040625 0.109375 0.00766754
0 0.915625 0.0530273 0.151562 0.106055 0.00728989
0 0.556641 0.775781 0.111719 0.170312 0.00682449
0 0.307031 0.964063 0.0414063 0.0671875 0.00677109
0 0.980469 0.836719 0.0328125 0.184375 0.00641251
0 0.575781 0.290625 0.214062 0.29375 0.00638962
0 0.657031 0.0912109 0.109375 0.105859 0.00638962
1 0.634375 0.068457 0.164062 0.136914 0.00614548
0 0.440625 0.790625 0.046875 0.0875 0.00614548
0 0.964063 0.795117 0.0625 0.203516 0.00570679
0 0.263672 0.96875 0.071875 0.059375 0.00553513
1 0.317578 0.316406 0.090625 0.176563 0.00547028
0 0.544531 0.607813 0.115625 0.16875 0.00534439
0 0.442578 0.855469 0.0367187 0.114063 0.00503922
0 0.5125 0.846094 0.05 0.071875 0.00477219
0 0.876562 0.847656 0.0625 0.148438 0.00450516
0 0.911719 0.0647461 0.173438 0.129492 0.00429916
0 0.76875 0.0529785 0.175 0.105957 0.00416565
0 0.281836 0.96875 0.105078 0.059375 0.00391388
0 0.942187 0.547656 0.1125 0.270312 0.00388527
1 0.544531 0.607813 0.115625 0.16875 0.00382423
1 0.617969 0.867969 0.0476562 0.125 0.00379562
0 0.540234 0.642969 0.116406 0.102344 0.00376511
1 0.964063 0.795117 0.0625 0.203516 0.00324821
1 0.917188 0.0639648 0.15625 0.12793 0.00317192
0 0.960938 0.155957 0.071875 0.138867 0.003088
1 0.614844 0.295703 0.139062 0.232812 0.00305176
1 0.175586 0.299023 0.205859 0.346484 0.00301552
0 0.215625 0.232861 0.259375 0.250684 0.00300407
0 0.398535 0.818555 0.0529297 0.0910156 0.00298119
0 0.590625 0.479688 0.0421875 0.0828125 0.00296974
0 0.535156 0.835156 0.0953125 0.13125 0.00290108
1 0.942187 0.547656 0.1125 0.270312 0.0028553
0 0.275 0.850781 0.178906 0.153125 0.00282288
1 0.620313 0.344141 0.130469 0.194531 0.00275803
1 0.231445 0.35625 0.316797 0.464063 0.0026722
0 0.528125 0.859375 0.0828125 0.128125 0.00264168
0 0.309375 0.954687 0.0546875 0.078125 0.00259018
1 0.296875 0.321875 0.141016 0.185156 0.00256157
0 0.146875 0.843555 0.0480469 0.175391 0.00256157
0 0.374805 0.747656 0.105078 0.185937 0.00256157
1 0.5625 0.204883 0.16875 0.13125 0.00253105
0 0.896094 0.380078 0.059375 0.0890625 0.00253105
0 0.393066 0.808594 0.0513672 0.1 0.0024929
0 0.8875 0.83125 0.075 0.11875 0.00246239
0 0.921875 0.82793 0.084375 0.106641 0.00237846
0 0.516406 0.854688 0.05625 0.09375 0.00235939
0 0.590625 0.364453 0.182812 0.1375 0.00234222
1 0.785156 0.249219 0.2 0.147656 0.00225258
1 0.215625 0.232861 0.259375 0.250684 0.00223351
0 0.932813 0.83125 0.059375 0.1 0.00222588
1 0.588281 0.382031 0.18125 0.126563 0.00214005
0 0.317578 0.316406 0.090625 0.176563 0.00210762
0 0.395703 0.770312 0.059375 0.192188 0.00208282
0 0.164258 0.280273 0.173438 0.338672 0.00200272
1 0.79668 0.657812 0.162891 0.207813 0.00198746
1 0.556641 0.775781 0.111719 0.170312 0.0019722
1 0.540234 0.642969 0.116406 0.102344 0.00195694
0 0.152148 0.85918 0.0367187 0.200391 0.00179577
0 0.596094 0.325781 0.182812 0.211719 0.00178909
1 0.635547 0.283789 0.096875 0.203516 0.00177479
1 0.657031 0.0912109 0.109375 0.105859 0.00175476
1 0.595312 0.27793 0.165625 0.211328 0.00175476
1 0.275 0.310937 0.183594 0.189063 0.0017271
0 0.823438 0.360156 0.203125 0.158594 0.00171375
0 0.976562 0.825 0.0390625 0.14375 0.00168705
1 0.374805 0.747656 0.105078 0.185937 0.00168705
1 0.621484 0.270264 0.121875 0.193848 0.00168705
0 0.518359 0.10647 0.065625 0.0913574 0.0016613
0 0.711328 0.932813 0.0570313 0.13125 0.00163555
0 0.4375 0.822656 0.0984375 0.157813 0.00160408
0 0.445312 0.634766 0.114063 0.141406 0.0015974
0 0.503125 0.216797 0.059375 0.117578 0.00158501
1 0.398047 0.815625 0.0679687 0.15 0.00158501
0 0.405469 0.749219 0.034375 0.19375 0.00157356
0 0.443359 0.803125 0.0507812 0.101562 0.00146675
0 0.804883 0.0501465 0.121484 0.100293 0.00145531
0 0.257617 0.967188 0.101562 0.059375 0.00143814
1 0.864062 0.867969 0.090625 0.176563 0.00142097
1 0.910156 0.460156 0.139062 0.107813 0.00142097
0 0.526172 0.85 0.0265625 0.05625 0.00142097
0 0.682813 0.0967773 0.0640625 0.0919922 0.00137234
0 0.438281 0.782812 0.0546875 0.189063 0.00136662
0 0.0620117 0.0666016 0.120508 0.133203 0.00135612
1 0.138696 0.34375 0.190576 0.435937 0.00132465
0 0.844531 0.321289 0.178125 0.196484 0.00131512
0 0.455469 0.169727 0.0578125 0.0917969 0.00130463
1 0.409473 0.82168 0.0919922 0.156641 0.00129414
1 0.269922 0.973437 0.132812 0.053125 0.0012846
0 0.569531 0.77832 0.08125 0.152734 0.00127411
1 0.854688 0.248633 0.15625 0.190234 0.00126457
0 0.470703 0.860937 0.0492188 0.103125 0.00126457
0 0.519531 0.835938 0.0609375 0.0625 0.00125504
0 0.954687 0.199805 0.078125 0.208203 0.00123024
0 0.298047 0.975781 0.0496094 0.0484375 0.00123024
0 0.257617 0.976172 0.0929687 0.0476562 0.00121593
1 0.844531 0.321289 0.178125 0.196484 0.0012064
0 0.305664 0.9375 0.0613281 0.04375 0.00119686
0 0.450781 0.828906 0.0265625 0.1375 0.00117874
0 0.446875 0.78125 0.046875 0.1 0.00117874
0 0.627344 0.885938 0.01875 0.16875 0.00117874
1 0.823438 0.360156 0.203125 0.158594 0.00117397
1 0.80625 0.230664 0.234375 0.187891 0.00117397
1 0.635156 0.322656 0.0984375 0.20625 0.0011692
0 0.620313 0.0547363 0.167187 0.109473 0.00115108
0 0.175781 0.232471 0.204688 0.260059 0.0011425
1 0.528125 0.859375 0.0828125 0.128125 0.0011425
0 0.438672 0.821094 0.0484375 0.142188 0.00113773
0 0.28125 0.978906 0.162891 0.0421875 0.00113392
0 0.434375 0.851562 0.0445312 0.101562 0.00113392
0 0.499609 0.46875 0.0726563 0.110937 0.00112915
0 0.345313 0.730469 0.0671875 0.153125 0.00111198
0 0.929688 0.0769531 0.0375 0.114648 0.00110722
0 0.864062 0.867969 0.090625 0.176563 0.0011034
1 0.535156 0.835156 0.0953125 0.13125 0.00109005
1 0.687891 0.909375 0.0992187 0.1625 0.00108147
0 0.971875 0.391016 0.053125 0.0609375 0.00105667
1 0.261523 0.967969 0.0871094 0.0578125 0.00104809
0 0.723437 0.0710938 0.0492188 0.112305 0.00104427
1 0.5125 0.846094 0.05 0.071875 0.00104046
0 0.551562 0.806055 0.1125 0.166016 0.00104046
0 0.687891 0.909375 0.0992187 0.1625 0.00102806
0 0.967969 0.180127 0.0609375 0.0858398 0.00101662
0 0.81543 0.283252 0.244141 0.328027 0.558105
1 0.223096 0.288477 0.283496 0.353516 0.512695
1 0.739844 0.661328 0.282813 0.438281 0.463867
1 0.814258 0.284375 0.240234 0.329688 0.282959
0 0.741406 0.657812 0.28125 0.428125 0.27124
1 0.594531 0.297607 0.199219 0.317285 0.270508
0 0.223828 0.297852 0.282813 0.369141 0.219971
0 0.594531 0.297607 0.199219 0.317285 0.0960083
1 0.599609 0.311133 0.157031 0.279297 0.0158386
0 0.599609 0.311133 0.157031 0.279297 0.00679779
0 0.502344 0.219141 0.065625 0.0859375 0.00527954
0 0.564453 0.199023 0.179688 0.119922 0.00479126
1 0.564453 0.199023 0.179688 0.119922 0.00359344
1 0.456641 0.340625 0.459375 0.411719 0.00346947
0 0.507031 0.201514 0.0640625 0.0985352 0.00325966
0 0.75 0.582031 0.254687 0.2875 0.00322342
0 0.567969 0.247852 0.185937 0.217578 0.00273705
1 0.586719 0.334961 0.178125 0.214453 0.00221634
1 0.567969 0.247852 0.185937 0.217578 0.00198746
0 0.545703 0.193359 0.128906 0.119531 0.00195694
0 0.586719 0.334961 0.178125 0.214453 0.00192642
0 0.450781 0.670313 0.0875 0.0734375 0.00179577
1 0.75 0.582031 0.254687 0.2875 0.00175476
0 0.456641 0.340625 0.459375 0.411719 0.00146675
1 0.460547 0.492969 0.825781 0.746875 0.00137806
0 0.00439453 0.803125 0.00878906 0.35625 0.00132465
0 0.627734 0.0649414 0.164844 0.124805 0.00126934
1 0.400879 0.454004 0.641992 0.648242 0.00115108
0 0.719922 0.503125 0.119531 0.142969 0.00105667
1 0.810742 0.290186 0.247266 0.341504 0.789062
1 0.218555 0.303711 0.304297 0.384766 0.743164
0 0.741797 0.660547 0.278906 0.438281 0.716797
1 0.578125 0.294189 0.209375 0.313184 0.708984
0 0.80918 0.286523 0.244141 0.339453 0.364746
1 0.739062 0.658203 0.279687 0.450781 0.281494
0 0.579687 0.300781 0.209375 0.292188 0.220703
0 0.219922 0.305029 0.297656 0.392285 0.161011
1 0.541406 0.217529 0.1625 0.155566 0.0476074
0 0.626953 0.0743164 0.180469 0.141211 0.041626
1 0.934766 0.534375 0.130469 0.301562 0.0125275
0 0.934766 0.534375 0.130469 0.301562 0.0121918
1 0.529688 0.245508 0.148438 0.204297 0.0100555
1 0.548047 0.203076 0.213281 0.125879 0.00978088
1 0.942969 0.567969 0.114063 0.224219 0.0085144
0 0.65625 0.0908203 0.123438 0.115234 0.00790405
0 0.660156 0.105835 0.1125 0.0930176 0.00714874
1 0.882812 0.852344 0.20625 0.225 0.00706482
0 0.943359 0.578125 0.113281 0.210938 0.0068512
1 0.626953 0.0743164 0.180469 0.141211 0.00636292
1 0.169531 0.795313 0.315625 0.35 0.00619125
0 0.98125 0.851562 0.034375 0.1875 0.00468063
0 0.647656 0.0806641 0.134375 0.144922 0.00453949
0 0.525781 0.854688 0.0484375 0.065625 0.00413513
1 0.553906 0.882812 0.134375 0.1375 0.00324821
1 0.119727 0.796875 0.21875 0.346875 0.00319672
0 0.264844 0.998438 0.166406 0.003125 0.00318527
0 0.169531 0.795313 0.315625 0.35 0.00291252
1 0.559375 0.846094 0.151562 0.290625 0.0026722
0 0.0956787 0.998438 0.159424 0.003125 0.00251198
0 0.230029 0.997656 0.174316 0.0046875 0.0024929
0 0.302734 0.998438 0.177344 0.003125 0.00231361
0 0.0912109 0.0696777 0.169141 0.131152 0.00223351
0 0.882812 0.852344 0.20625 0.225 0.00218201
0 0.933594 0.0664062 0.132812 0.126563 0.00216484
0 0.549219 0.834375 0.154687 0.296875 0.00215721
1 0.565625 0.191748 0.185937 0.113379 0.0020504
0 0.769922 0.997656 0.160156 0.0046875 0.00201035
1 0.220898 0.76875 0.421484 0.375 0.00197983
0 0.119727 0.796875 0.21875 0.346875 0.00195694
0 0.553906 0.882812 0.134375 0.1375 0.00186062
0 0.186523 0.997656 0.172266 0.0046875 0.00183105
0 0.728516 0.0050293 0.460156 0.0100586 0.0017004
1 0.410059 0.563281 0.131445 0.103125 0.00167465
0 0.732422 0.997656 0.171094 0.0046875 0.0014782
0 0.3625 0.998438 0.167969 0.003125 0.00146675
0 0.997266 0.3125 0.00546875 0.459375 0.00144386
1 0.541016 0.88125 0.103125 0.121875 0.00139904
0 0.689062 0.934375 0.0984375 0.1125 0.00139904
0 0.541016 0.88125 0.103125 0.121875 0.00132465
1 0.537109 0.82168 0.166406 0.297266 0.00128937
0 0.804883 0.997656 0.165234 0.0046875 0.00127888
0 0.779688 0.0740234 0.157813 0.138281 0.00119686
0 0.996094 0.0716797 0.0078125 0.143359 0.00117874
0 0.978906 0.857813 0.0421875 0.121875 0.0011692
1 0.396484 0.73125 0.424219 0.41875 0.00113773
0 0.860937 0.0472656 0.110937 0.0849609 0.00113392
0 0.220898 0.76875 0.421484 0.375 0.00112915
0 0.996875 0.396094 0.00625 0.46875 0.00111198
0 0.689062 0.996875 0.171094 0.00625 0.0011034
0 0.206299 1 0.180371 0 0.00102043
0 0.580859 0.998438 0.167969 0.003125 0.00100803
0 0.187451 0.992969 0.356348 0.0140625 0.00100422
0 0.994922 0.801172 0.0101562 0.397656 0.00100422
1 0.744531 0.664062 0.29375 0.446875 0.741699
1 0.223633 0.292188 0.308984 0.365625 0.70752
1 0.814062 0.289795 0.25 0.353223 0.588867
1 0.575781 0.29707 0.239063 0.320703 0.395996
0 0.819531 0.290967 0.254687 0.354004 0.361084
0 0.219336 0.292969 0.306641 0.365625 0.177246
0 0.744531 0.660547 0.292188 0.439844 0.154785
0 0.578125 0.295361 0.235938 0.324121 0.140381
1 0.362891 0.570312 0.509375 0.853125 0.0819702
1 0.883008 0.869531 0.233984 0.23125 0.0107803
0 0.689062 0.0946289 0.0546875 0.109766 0.00593567
1 0.625781 0.321094 0.13125 0.26875 0.00534439
0 0.362891 0.570312 0.509375 0.853125 0.00450516
0 0.654688 0.0948975 0.135937 0.106689 0.00305176
0 0.883008 0.869531 0.233984 0.23125 0.0029583
1 0.219922 0.411035 0.330469 0.570117 0.00291252
0 0.895312 0.380078 0.0625 0.124219 0.00266266
1 0.328516 0.273828 0.090625 0.260938 0.00253105
0 0.635156 0.0725098 0.175781 0.14502 0.00248146
1 0.267969 0.542969 0.40625 0.845312 0.00228691
1 0.544922 0.400098 0.291406 0.541992 0.00200272
1 0.514844 0.553125 0.854688 0.878125 0.00200272
0 0.672266 0.103711 0.105469 0.0960938 0.00134563
0 0.264258 0.960156 0.172266 0.0796875 0.00118828
1 0.645312 0.0683594 0.265625 0.132812 0.00110722
1 0.810156 0.285742 0.246875 0.330078 0.688477
1 0.740234 0.667188 0.285156 0.4625 0.543945
1 0.221094 0.307471 0.289453 0.394434 0.358398
0 0.739062 0.661719 0.285937 0.454688 0.338135
1 0.588281 0.300049 0.210938 0.331152 0.33374
0 0.810156 0.285742 0.246875 0.330078 0.216064
1 0.549219 0.200049 0.159375 0.121777 0.102295
0 0.216992 0.324609 0.289062 0.422656 0.0977173
1 0.608594 0.31543 0.154687 0.299609 0.0977173
0 0.599219 0.297217 0.1875 0.314941 0.0465393
1 0.333398 0.5625 0.558203 0.875 0.0420227
1 0.597656 0.330078 0.157813 0.236719 0.0190582
1 0.527344 0.223633 0.139844 0.158984 0.0184021
0 0.611328 0.32207 0.146094 0.276953 0.00605011
0 0.527344 0.223633 0.139844 0.158984 0.00479126
1 0.574219 0.239502 0.209375 0.21084 0.00388527
1 0.388281 0.95 0.24375 0.09375 0.00344276
0 0.549219 0.200049 0.159375 0.121777 0.00340271
0 0.89375 0.379687 0.065625 0.0960938 0.00327301
1 0.930469 0.517187 0.132812 0.257812 0.00309944
1 0.515625 0.247266 0.120312 0.190234 0.00271416
0 0.74375 0.596484 0.267188 0.317969 0.00261116
1 0.74375 0.596484 0.267188 0.317969 0.00214958
1 0.621484 0.0638184 0.161719 0.125879 0.00211525
1 0.607813 0.272461 0.15 0.225391 0.00178909
0 0.68125 0.102734 0.06875 0.0902344 0.00175476
0 0.588672 0.338867 0.167187 0.220703 0.0016613
1 0.354688 0.955469 0.530469 0.0890625 0.00163555
0 0.621484 0.0638184 0.161719 0.125879 0.00156689
1 0.583594 0.370703 0.171875 0.153906 0.00137806
1 0.356641 0.671484 0.53125 0.657031 0.00134087
0 0.523438 0.853125 0.0515625 0.0625 0.00131512
0 0.515625 0.247266 0.120312 0.190234 0.00129414
0 0.183398 0.335547 0.213281 0.232031 0.00117874
0 0.574219 0.239502 0.209375 0.21084 0.00110722
1 0.738281 0.662891 0.290625 0.439844 0.798828
1 0.220508 0.288232 0.299609 0.363379 0.689941
1 0.811719 0.285889 0.25 0.338379 0.665527
1 0.574609 0.300977 0.229687 0.323047 0.337158
1 0.60625 0.315625 0.170312 0.280469 0.11554
0 0.220117 0.29043 0.297656 0.367578 0.109924
0 0.813281 0.285937 0.248437 0.342969 0.0900879
1 0.571094 0.406934 0.224219 0.545508 0.0234222
0 0.739062 0.660937 0.2875 0.435937 0.0126266
0 0.570703 0.298438 0.23125 0.314063 0.0117798
0 0.60625 0.315625 0.170312 0.280469 0.00912476
0 0.982813 0.835156 0.03125 0.201562 0.00540543
0 0.814844 0.335547 0.240625 0.245312 0.00367928
1 0.335156 0.569531 0.590625 0.860937 0.00318527
0 0.978906 0.841406 0.0421875 0.115625 0.00168705
0 0.682031 0.101367 0.071875 0.112109 0.00161076
0 0.31543 0.960156 0.0566406 0.0796875 0.0015974
1 0.567187 0.49541 0.239063 0.73418 0.00141048
1 0.982813 0.835156 0.03125 0.201562 0.00132465
0 0.023877 0.864844 0.0350586 0.23125 0.00131512
0 0.186523 0.351758 0.226172 0.257422 0.00127411
0 0.979688 0.829687 0.040625 0.165625 0.00127411
0 0.631641 0.0710938 0.175781 0.142188 0.00126457
1 0.814844 0.335547 0.240625 0.245312 0.00124454
1 0.631641 0.0710938 0.175781 0.142188 0.0012207
1 0.31543 0.960156 0.0566406 0.0796875 0.00107288
1 0.742188 0.660937 0.284375 0.440625 0.808105
1 0.8125 0.294531 0.246875 0.350781 0.695312
1 0.223242 0.301953 0.296094 0.384375 0.666992
1 0.580078 0.300732 0.21875 0.325879 0.536133
0 0.223242 0.30332 0.297266 0.387109 0.201172
0 0.812695 0.293311 0.246484 0.348535 0.105591
0 0.745313 0.660547 0.276563 0.435156 0.0375977
1 0.608594 0.309033 0.160156 0.286621 0.0216217
0 0.573438 0.305127 0.225 0.325684 0.0115509
1 0.356055 0.762109 0.541016 0.475781 0.00214958
0 0.608594 0.309033 0.160156 0.286621 0.00134087
0 0.626562 0.0701172 0.184375 0.136328 0.00127411
1 0.349023 0.638672 0.551953 0.722656 0.0011692
1 0.974219 0.803906 0.0515625 0.225 0.00115108
0 0.905469 0.0639648 0.18125 0.126758 0.00107765
1 0.220703 0.295703 0.292578 0.366406 0.773438
1 0.736719 0.65 0.284375 0.417188 0.769043
1 0.810156 0.289893 0.24375 0.338965 0.747559
1 0.583984 0.300049 0.203906 0.319434 0.643555
1 0.607422 0.318359 0.159375 0.275781 0.117981
0 0.809375 0.289404 0.242188 0.327441 0.100159
0 0.735937 0.650781 0.282813 0.417188 0.0740967
0 0.219727 0.29668 0.291016 0.369141 0.0718384
0 0.586719 0.298389 0.199219 0.315723 0.0186157
0 0.625781 0.0686523 0.179688 0.137109 0.00217438
0 0.607422 0.318359 0.159375 0.275781 0.00200272
1 0.567187 0.223047 0.19375 0.169141 0.0019722
1 0.625781 0.0686523 0.179688 0.137109 0.00178242
1 0.353516 0.568359 0.582031 0.863281 0.00159168
0 0.241016 0.997656 0.444531 0.0046875 0.00108147
1 0.742188 0.660937 0.284375 0.440625 0.808594
1 0.8125 0.294531 0.246875 0.350781 0.695312
1 0.223242 0.301611 0.296094 0.384277 0.668945
1 0.580469 0.300732 0.21875 0.325879 0.536133
0 0.223242 0.30332 0.297266 0.387109 0.199341
0 0.812695 0.293311 0.246484 0.348535 0.105408
0 0.745313 0.660547 0.276563 0.435156 0.0374756
1 0.608594 0.308984 0.160156 0.286719 0.021698
0 0.573438 0.305127 0.225 0.325684 0.0115051
1 0.355859 0.762109 0.541406 0.475781 0.00214958
0 0.608594 0.308984 0.160156 0.286719 0.00134087
0 0.626953 0.0701172 0.185156 0.136328 0.00126457
1 0.348828 0.638672 0.552344 0.722656 0.00116539
1 0.974219 0.803906 0.0515625 0.225 0.00113392
0 0.905469 0.0640625 0.18125 0.126758 0.00107288
