1 0.512109 0.485938 0.359375 0.354688 0.631836
0 0.512891 0.487891 0.354688 0.358594 0.435059
0 0.538672 0.903906 0.796094 0.192188 0.00298119
0 0.432129 0.48584 0.201367 0.350195 0.00209045
0 0.694531 0.909375 0.520312 0.18125 0.00201988
1 0.558203 0.908594 0.750781 0.182812 0.00177479
0 0.778906 0.916406 0.442187 0.167187 0.00154877
1 0.694531 0.909375 0.520312 0.18125 0.00139427
0 0.87168 0.91875 0.256641 0.1625 0.00122547
0 0.494141 0.852344 0.711719 0.295312 0.0011425
1 0.920313 0.145508 0.159375 0.291016 0.00112057
0 0.920313 0.145508 0.159375 0.291016 0.00109863
0 0.0331299 0.930469 0.0662598 0.139062 0.00109005
0 0.450879 0.920313 0.57793 0.159375 0.00108624
1 0.432129 0.48584 0.201367 0.350195 0.00105667
1 0.778906 0.916406 0.442187 0.167187 0.00103188
0 0.0209961 0.0849609 0.0419922 0.169922 0.00100422
1 0.510059 0.484277 0.361133 0.33457 0.813965
0 0.510059 0.481934 0.354883 0.333008 0.0113297
1 0.388281 0.526172 0.776563 0.442187 0.00191212
1 0.51084 0.485059 0.350195 0.354883 0.836426
0 0.511719 0.487109 0.348437 0.355469 0.0855713
1 0.590625 0.560938 0.189063 0.171875 0.00255013
1 0.345313 0.597656 0.690625 0.660937 0.00171375
1 0.589063 0.521094 0.192188 0.246875 0.0016489
1 0.516309 0.487598 0.362695 0.345117 0.50293
0 0.511328 0.483594 0.357031 0.346875 0.339844
1 0.50791 0.483594 0.356055 0.346875 0.536133
0 0.507129 0.482812 0.354492 0.342187 0.326904
1 0.633203 0.481934 0.619531 0.351758 0.0555115
1 0.651563 0.373047 0.696875 0.646875 0.0170441
0 0.633203 0.481934 0.619531 0.351758 0.0107346
1 0.648535 0.566797 0.70293 0.644531 0.00841522
0 0.651563 0.373047 0.696875 0.646875 0.00235939
0 0.657715 0.538281 0.68457 0.820312 0.00117874
1 0.510938 0.480859 0.36875 0.342969 0.879883
0 0.507031 0.481641 0.366406 0.347656 0.0517578
1 0.386719 0.624219 0.745313 0.632812 0.00144386
1 0.510547 0.482812 0.364844 0.344531 0.741699
0 0.507812 0.483691 0.36875 0.348242 0.163696
0 0.506348 0.48291 0.362305 0.348242 0.469727
1 0.507129 0.484375 0.36543 0.346875 0.458984
1 0.377344 0.366211 0.645312 0.732422 0.0375366
0 0.352344 0.373437 0.673437 0.746875 0.00985718
1 0.357812 0.517187 0.650781 0.88125 0.00967407
1 0.447656 0.628223 0.502344 0.64043 0.00857544
1 0.496094 0.566797 0.392188 0.527344 0.00634003
0 0.357812 0.517187 0.650781 0.88125 0.00240517
1 0.470703 0.490625 0.432031 0.486719 0.00227928
0 0.496094 0.566797 0.392188 0.527344 0.00223351
0 0.447656 0.628223 0.502344 0.64043 0.00143242
1 0.506152 0.484277 0.35957 0.343945 0.614258
0 0.505469 0.485547 0.358594 0.344531 0.27124
1 0.506152 0.487598 0.361133 0.341992 0.642578
0 0.504297 0.487109 0.363281 0.344531 0.245117
1 0.354688 0.630078 0.709375 0.646094 0.0831299
1 0.354297 0.526172 0.694531 0.447656 0.0397949
0 0.354297 0.526172 0.694531 0.447656 0.00609589
0 0.353516 0.620313 0.707031 0.632812 0.00290108
1 0.347852 0.439063 0.695703 0.832812 0.00146675
1 0.358984 0.432422 0.689844 0.582812 0.00129986
1 0.418066 0.485938 0.54668 0.355469 0.00118351
1 0.506152 0.484277 0.35957 0.343945 0.616211
0 0.505469 0.485547 0.358594 0.344531 0.269043
