0 0.785742 0.509473 0.306641 0.795117 0.432129
0 0.507031 0.496484 0.882812 0.819531 0.152344
0 0.229687 0.503906 0.428906 0.814062 0.128906
0 0.850781 0.514844 0.19375 0.782812 0.0849609
1 0.490625 0.503906 0.890625 0.814062 0.0803833
0 0.158301 0.500391 0.309961 0.813281 0.0802002
1 0.782031 0.507422 0.321875 0.800781 0.045105
0 0.35957 0.494141 0.690234 0.811719 0.0372009
0 0.733203 0.630469 0.424219 0.595312 0.033905
0 0.730469 0.482715 0.425 0.781445 0.0307312
0 0.555078 0.503906 0.621094 0.807813 0.0202484
1 0.229687 0.503906 0.428906 0.814062 0.0147858
1 0.323828 0.520215 0.536719 0.792383 0.0143356
1 0.624219 0.494141 0.629687 0.805469 0.00930023
0 0.651172 0.692187 0.239844 0.478125 0.00857544
0 0.610937 0.540625 0.157031 0.735937 0.0069046
0 0.488672 0.520996 0.427344 0.78457 0.0068512
1 0.729688 0.665625 0.395312 0.53125 0.00669098
1 0.850781 0.514844 0.19375 0.782812 0.00614548
1 0.158301 0.500391 0.309961 0.813281 0.00544739
0 0.682031 0.688281 0.354688 0.4875 0.00482941
0 0.384766 0.660547 0.289062 0.521094 0.00428009
1 0.488672 0.520996 0.427344 0.78457 0.00388527
0 0.845117 0.865625 0.309766 0.26875 0.00335121
0 0.325391 0.69375 0.391406 0.464063 0.00323486
0 0.604297 0.682813 0.141406 0.484375 0.00319672
1 0.705859 0.595312 0.469531 0.657812 0.00290108
0 0.945312 0.272461 0.109375 0.526953 0.00270462
0 0.6375 0.680078 0.545313 0.500781 0.00263214
0 0.320117 0.563965 0.548828 0.718945 0.00256157
0 0.442969 0.66875 0.199219 0.514063 0.00231361
0 0.571875 0.682813 0.11875 0.482812 0.00224304
0 0.920703 0.232031 0.158594 0.464063 0.00209045
0 0.53916 0.908594 0.732617 0.182812 0.00201035
1 0.384766 0.660547 0.289062 0.521094 0.00197983
0 0.9875 0.271289 0.025 0.542578 0.00191879
0 0.985937 0.460938 0.028125 0.592969 0.00187492
0 0.882812 0.559766 0.142188 0.677344 0.00183105
0 0.274561 0.640625 0.399316 0.557813 0.0018034
0 0.776367 0.253516 0.447266 0.507031 0.00176811
0 0.9125 0.168262 0.175 0.336523 0.0017271
0 0.984766 0.562109 0.0304688 0.591406 0.00161076
0 0.793945 0.144141 0.412109 0.288281 0.00159168
0 0.0661133 0.147656 0.132227 0.295312 0.00146103
1 0.610937 0.540625 0.157031 0.735937 0.00141048
0 0.411035 0.687109 0.612305 0.483594 0.00136662
1 0.53916 0.908594 0.732617 0.182812 0.00134563
0 0.680859 0.105176 0.455469 0.210352 0.00132465
1 0.6375 0.680078 0.545313 0.500781 0.0012846
0 0.982813 0.666406 0.034375 0.476562 0.00127888
1 0.819922 0.877148 0.360156 0.245703 0.00127411
1 0.651172 0.692187 0.239844 0.478125 0.00127411
0 0.066748 0.470215 0.127051 0.350195 0.0012598
0 0.497656 0.345313 0.726562 0.529688 0.0012598
1 0.955469 0.107715 0.0890625 0.21543 0.0012064
0 0.955469 0.107715 0.0890625 0.21543 0.00118828
0 0.882812 0.113477 0.234375 0.226953 0.00118828
0 0.657031 0.139453 0.28125 0.267969 0.00115585
0 0.262549 0.667188 0.31084 0.49375 0.00115108
0 0.764453 0.101562 0.410156 0.203125 0.0011158
1 0.986719 0.398047 0.0265625 0.536719 0.00110722
0 0.696094 0.135059 0.534375 0.270117 0.00110722
0 0.10625 0.5625 0.2125 0.66875 0.00110722
0 0.0714844 0.541406 0.134766 0.367188 0.00109863
0 0.0998047 0.156348 0.199609 0.312695 0.00109005
0 0.6875 0.229297 0.520312 0.407813 0.00109005
0 0.475098 0.920313 0.568555 0.159375 0.00108624
0 0.680078 0.897656 0.452344 0.204688 0.00107765
1 0.325391 0.69375 0.391406 0.464063 0.00104809
1 0.988281 0.259766 0.0234375 0.519531 0.00104427
0 0.98125 0.196289 0.0375 0.392578 0.00102425
0 0.983984 0.145313 0.0320312 0.290625 0.00101662
1 0.920703 0.232031 0.158594 0.464063 0.00100803
1 0.494531 0.510938 0.939062 0.85 0.884277
0 0.482031 0.511719 0.939062 0.854688 0.0465393
1 0.494922 0.508984 0.944531 0.833594 0.881836
0 0.489844 0.508984 0.954687 0.833594 0.0455322
1 0.482812 0.519531 0.9375 0.8375 0.740234
0 0.471875 0.521875 0.915625 0.85 0.259766
0 0.54375 0.879687 0.276563 0.1 0.00527954
0 0.217969 0.732031 0.392188 0.365625 0.00188923
0 0.700391 0.762109 0.474219 0.325781 0.00144958
1 0.700391 0.762109 0.474219 0.325781 0.00106525
0 0.480469 0.499219 0.959375 0.848437 0.694336
1 0.4875 0.504687 0.9625 0.85625 0.508789
0 0.848047 0.817187 0.303906 0.364062 0.00123978
0 0.230859 0.691016 0.45 0.450781 0.00113392
1 0.490234 0.5125 0.969531 0.860937 0.931152
0 0.5 0.516406 0.98125 0.857813 0.0545044
1 0.233594 0.709766 0.435937 0.417969 0.00141048
0 0.233594 0.709766 0.435937 0.417969 0.00109005
1 0.484375 0.527344 0.9625 0.88125 0.898926
0 0.482031 0.517578 0.959375 0.849219 0.0472412
1 0.494141 0.201758 0.927344 0.236328 0.00161076
1 0.657031 0.321094 0.557813 0.465625 0.00100803
1 0.49375 0.504687 0.9375 0.828125 0.830566
0 0.494922 0.496875 0.941406 0.814062 0.0684204
1 0.640234 0.42666 0.596094 0.687305 0.00177479
1 0.492188 0.517969 0.94375 0.851562 0.78125
0 0.492969 0.500781 0.939062 0.815625 0.216675
0 0.225977 0.676562 0.408203 0.470313 0.00104809
1 0.49375 0.5125 0.946875 0.846875 0.770996
0 0.492188 0.513672 0.94375 0.839844 0.237183
1 0.492188 0.517969 0.94375 0.851562 0.782227
0 0.493359 0.500781 0.939844 0.815625 0.216064
0 0.225781 0.676562 0.407813 0.470313 0.00104809
