0 0.392578 0.559375 0.149219 0.298438 0.801758
0 0.191602 0.436328 0.133984 0.255469 0.525391
0 0.386719 0.308984 0.128125 0.196094 0.472656
1 0.392578 0.559375 0.149219 0.298438 0.0739746
1 0.386621 0.307227 0.133008 0.202734 0.0378113
0 0.916406 0.870313 0.167187 0.259375 0.0285492
1 0.191602 0.436328 0.133984 0.255469 0.0190125
0 0.914844 0.807227 0.170312 0.385547 0.0137405
0 0.207422 0.437402 0.0945313 0.250195 0.00930023
0 0.827148 0.2125 0.345703 0.425 0.00809479
1 0.207422 0.437402 0.0945313 0.250195 0.00748825
0 0.184961 0.308008 0.167578 0.546484 0.00734711
0 0.863086 0.183301 0.273828 0.366602 0.00561905
0 0.94375 0.766016 0.1125 0.467969 0.0050621
0 0.420312 0.555469 0.0921875 0.301562 0.0046463
0 0.364258 0.305469 0.0917969 0.180469 0.0046463
0 0.856641 0.0956055 0.286719 0.191211 0.00436401
0 0.964844 0.763281 0.0703125 0.473437 0.00399017
0 0.667969 0.15918 0.5 0.318359 0.00392914
1 0.914844 0.807227 0.170312 0.385547 0.00382423
0 0.38125 0.571875 0.110937 0.303125 0.00382423
1 0.827148 0.2125 0.345703 0.425 0.00380898
0 0.749609 0.190234 0.500781 0.380469 0.00369263
0 0.392969 0.265625 0.15625 0.328125 0.00353813
0 0.63125 0.134473 0.417188 0.268945 0.00349617
1 0.916406 0.870313 0.167187 0.259375 0.00349617
1 0.856641 0.0956055 0.286719 0.191211 0.00313568
1 0.863086 0.183301 0.273828 0.366602 0.00299263
0 0.357031 0.251367 0.190625 0.355859 0.00247192
1 0.421094 0.564844 0.0828125 0.29375 0.00237846
0 0.169727 0.299609 0.241016 0.599219 0.00232315
0 0.589844 0.119141 0.379687 0.238281 0.00225258
0 0.22207 0.438672 0.0699219 0.251563 0.00204277
0 0.389746 0.463672 0.137695 0.514844 0.0019722
0 0.574609 0.106934 0.291406 0.213867 0.00183868
1 0.619141 0.134375 0.419531 0.26875 0.00176144
1 0.94375 0.766016 0.1125 0.467969 0.00168705
1 0.223047 0.444141 0.0671875 0.260156 0.0016489
1 0.38125 0.571875 0.110937 0.303125 0.00154877
0 0.888672 0.278906 0.222656 0.490625 0.00153637
0 0.973047 0.714063 0.0539063 0.539062 0.00148964
0 0.932813 0.372656 0.134375 0.6875 0.00143814
0 0.0785156 0.111328 0.157031 0.222656 0.00140476
0 0.960156 0.425 0.0796875 0.75 0.00132465
0 0.854297 0.539844 0.291406 0.701563 0.00129986
1 0.184961 0.308008 0.167578 0.546484 0.0012846
0 0.156836 0.434766 0.187891 0.285156 0.00123024
1 0.964844 0.763281 0.0703125 0.473437 0.00119686
0 0.336523 0.210156 0.403516 0.420312 0.00117874
1 0.392969 0.265625 0.15625 0.328125 0.0011692
0 0.521191 0.898828 0.424805 0.202344 0.0011692
0 0.0510254 0.357617 0.102051 0.412891 0.00113392
1 0.667969 0.15918 0.5 0.318359 0.0011158
0 0.427441 0.560156 0.20918 0.309375 0.00107288
0 0.971875 0.492871 0.05625 0.737695 0.00107288
0 0.735937 0.158398 0.334375 0.316797 0.00106525
0 0.0213379 0.108789 0.0426758 0.217578 0.00103188
0 0.516504 0.0953125 0.320117 0.190625 0.00102425
0 0.188281 0.436328 0.149609 0.250781 0.804199
0 0.380566 0.308984 0.13418 0.19375 0.777344
0 0.390234 0.564062 0.15625 0.284375 0.774414
1 0.387891 0.564844 0.152344 0.282813 0.041626
1 0.38291 0.307617 0.126367 0.185547 0.0347595
0 0.389062 0.526953 0.142188 0.226562 0.0151291
1 0.18667 0.431152 0.136035 0.237695 0.0130692
0 0.389062 0.604688 0.148438 0.195312 0.00971222
1 0.8125 0.200391 0.375 0.400781 0.00809479
0 0.184033 0.385547 0.124121 0.15625 0.00445175
1 0.721094 0.199609 0.557813 0.399219 0.00356483
0 0.919531 0.855273 0.160938 0.289453 0.00349617
0 0.406641 0.309766 0.182812 0.209375 0.00345612
0 0.390234 0.482812 0.136719 0.142188 0.00311089
0 0.0756104 0.107031 0.149951 0.214062 0.0029583
1 0.933594 0.202734 0.132812 0.403906 0.00294685
0 0.919922 0.909375 0.160156 0.179688 0.00293541
0 0.190234 0.46875 0.135156 0.176563 0.00261116
1 0.878906 0.203125 0.242188 0.4 0.0024147
0 0.826563 0.201758 0.346875 0.403516 0.00230598
0 0.576563 0.572559 0.8125 0.733008 0.00213242
0 0.380469 0.232031 0.158594 0.0367187 0.00198746
0 0.0935547 0.0785156 0.181641 0.155078 0.0018177
0 0.924219 0.790234 0.151562 0.419531 0.00174809
0 0.708594 0.173145 0.579687 0.346289 0.00168705
1 0.919531 0.855273 0.160938 0.289453 0.00141621
0 0.376563 0.240234 0.15 0.0558594 0.00136662
1 0.103223 0.106836 0.206445 0.213672 0.00136185
0 0.387891 0.4625 0.128906 0.0953125 0.00135136
1 0.93125 0.791406 0.1375 0.417188 0.00133038
1 0.719922 0.140723 0.560156 0.281445 0.00119209
0 0.0118042 0.402051 0.0236084 0.469336 0.0011425
0 0.933594 0.202734 0.132812 0.403906 0.0011158
1 0.902734 0.0791016 0.194531 0.158203 0.00108624
0 0.180273 0.331641 0.136328 0.04375 0.00104809
0 0.383203 0.309961 0.134375 0.191797 0.675781
0 0.393652 0.556641 0.15957 0.28125 0.513672
0 0.185889 0.440527 0.152441 0.250195 0.325928
1 0.193164 0.435547 0.148047 0.252344 0.321777
1 0.383203 0.309961 0.134375 0.191797 0.299805
1 0.392188 0.563672 0.149219 0.274219 0.217285
1 0.907812 0.894531 0.176563 0.210938 0.0107346
0 0.907812 0.894531 0.176563 0.210938 0.0104065
0 0.388965 0.600781 0.150195 0.203125 0.00831604
1 0.907812 0.866016 0.184375 0.267969 0.00121593
1 0.392578 0.607031 0.141406 0.192188 0.00116062
0 0.391504 0.556641 0.154492 0.2875 0.70752
0 0.188086 0.433203 0.146875 0.253906 0.679199
0 0.382422 0.305469 0.139844 0.201562 0.658203
1 0.390234 0.5625 0.158594 0.289062 0.0768433
1 0.188086 0.433203 0.146875 0.253906 0.0645142
1 0.382812 0.30625 0.132031 0.190625 0.0594177
0 0.707422 0.502344 0.560156 0.895312 0.0484009
0 0.382031 0.290039 0.124219 0.158203 0.025177
0 0.166309 0.41875 0.18457 0.291406 0.0167847
0 0.9125 0.895312 0.175 0.20625 0.0085144
0 0.331641 0.250391 0.239844 0.327344 0.00335121
1 0.707422 0.502344 0.560156 0.895312 0.00246239
1 0.369531 0.301758 0.164062 0.221484 0.00211525
1 0.9125 0.895312 0.175 0.20625 0.0020752
0 0.180811 0.395703 0.12041 0.178125 0.00196457
1 0.166309 0.41875 0.18457 0.291406 0.00166798
0 0.921875 0.862891 0.153125 0.274219 0.00123501
0 0.910547 0.710547 0.178906 0.578906 0.00107288
0 0.187305 0.43584 0.142578 0.24082 0.723145
0 0.391797 0.564062 0.153906 0.28125 0.695312
0 0.38291 0.304297 0.132617 0.180469 0.652344
0 0.669922 0.514844 0.630469 0.945312 0.105225
1 0.186719 0.434277 0.146094 0.243945 0.0281067
1 0.384766 0.303906 0.139062 0.1875 0.0145569
1 0.39375 0.566406 0.161719 0.285937 0.0109863
0 0.210547 0.267188 0.414844 0.532031 0.00828552
0 0.239063 0.292969 0.2875 0.585938 0.00492477
0 0.26543 0.218164 0.527734 0.432422 0.00355148
0 0.913281 0.755469 0.173438 0.489062 0.00290108
0 0.914062 0.824219 0.171875 0.348437 0.00246239
1 0.257031 0.233594 0.5125 0.4625 0.00234985
0 0.345508 0.27207 0.235547 0.298828 0.00190449
0 0.153418 0.437402 0.211914 0.248633 0.00148392
0 0.981641 0.264844 0.0367187 0.451562 0.00137806
0 0.159961 0.735156 0.307813 0.495313 0.00134563
0 0.367773 0.202002 0.244922 0.397559 0.00124931
1 0.239063 0.292969 0.2875 0.585938 0.00102806
0 0.388184 0.312109 0.137695 0.196875 0.777344
0 0.191064 0.435547 0.142871 0.257812 0.646973
0 0.396777 0.560156 0.16582 0.289062 0.578613
1 0.396094 0.566016 0.171094 0.288281 0.153076
1 0.192188 0.434766 0.141406 0.253125 0.105591
1 0.387598 0.306055 0.14668 0.200391 0.0668335
0 0.375781 0.307031 0.196875 0.204688 0.00701141
0 0.173242 0.437402 0.198437 0.267383 0.0045929
1 0.929688 0.738672 0.140625 0.511719 0.00367928
0 0.385254 0.27168 0.137305 0.118359 0.00304031
1 0.173242 0.437402 0.198437 0.267383 0.0011692
1 0.960547 0.703906 0.0789063 0.514063 0.00109005
0 0.385254 0.307422 0.132617 0.185156 0.830078
0 0.391309 0.559766 0.15332 0.282031 0.764648
0 0.189893 0.431934 0.136621 0.250195 0.647949
1 0.187842 0.433496 0.143848 0.250195 0.218018
1 0.383594 0.306641 0.144531 0.198437 0.0891113
1 0.386719 0.559375 0.154687 0.285937 0.0611877
0 0.167554 0.432031 0.187549 0.260938 0.00363541
0 0.369531 0.308594 0.182031 0.196875 0.00112438
0 0.382715 0.310352 0.137695 0.195703 0.879883
0 0.188867 0.435937 0.148828 0.242969 0.866211
0 0.392871 0.564062 0.15957 0.275 0.766113
1 0.185547 0.430566 0.151953 0.243555 0.065979
1 0.382715 0.30625 0.148633 0.196875 0.035675
1 0.392871 0.564062 0.15957 0.275 0.0207977
0 0.381641 0.309375 0.138281 0.192969 0.760742
0 0.391016 0.563281 0.164844 0.288281 0.67041
0 0.189258 0.436719 0.149219 0.254687 0.595703
1 0.190039 0.436035 0.148047 0.256055 0.257568
1 0.384375 0.308398 0.142969 0.196484 0.225464
1 0.392578 0.561719 0.163281 0.289062 0.0802002
0 0.391797 0.5625 0.1625 0.28125 0.788086
0 0.381641 0.30957 0.136719 0.191797 0.786621
0 0.186719 0.433984 0.142969 0.247656 0.662109
1 0.187158 0.433691 0.145215 0.248242 0.204956
1 0.382031 0.308203 0.140625 0.192969 0.0640869
1 0.391309 0.5625 0.162695 0.2875 0.046814
0 0.715625 0.520312 0.5625 0.928125 0.024704
0 0.212109 0.723828 0.417188 0.455469 0.00340271
0 0.294531 0.751172 0.589063 0.497656 0.0020752
1 0.933594 0.839844 0.129688 0.320312 0.00135612
0 0.690625 0.410937 0.526563 0.614062 0.00120163
0 0.381641 0.309375 0.138281 0.192969 0.762207
0 0.391504 0.563281 0.16543 0.288281 0.67041
0 0.189404 0.436719 0.149316 0.254687 0.596191
1 0.190039 0.436035 0.148047 0.256055 0.256104
1 0.384375 0.308398 0.142969 0.196484 0.224731
1 0.392578 0.561719 0.163281 0.289062 0.0800781
