0 0.456641 0.521094 0.733594 0.60625 0.75293
1 0.45625 0.528125 0.784375 0.6125 0.339844
0 0.366406 0.868164 0.573438 0.263672 0.0115967
0 0.370898 0.910937 0.580078 0.178125 0.0107346
0 0.308594 0.516406 0.504687 0.603125 0.00701141
0 0.603125 0.518359 0.457812 0.591406 0.00450516
0 0.197656 0.51709 0.277734 0.606445 0.00432968
0 0.44209 0.390527 0.708008 0.350195 0.00419998
0 0.377246 0.789062 0.593945 0.407813 0.00353813
0 0.865625 0.122266 0.26875 0.244531 0.00298119
0 0.780078 0.111621 0.439844 0.223242 0.00284576
1 0.366406 0.868164 0.573438 0.263672 0.00275803
0 0.5875 0.891406 0.5125 0.217187 0.00254059
0 0.45 0.899219 0.614844 0.201562 0.00240517
1 0.370898 0.910937 0.580078 0.178125 0.00234985
0 0.383496 0.139062 0.568945 0.278125 0.00214958
0 0.694922 0.242773 0.549219 0.417578 0.0020752
0 0.623047 0.835938 0.525781 0.328125 0.00200272
0 0.425684 0.100488 0.608008 0.200977 0.00192642
0 0.711719 0.887891 0.517187 0.224219 0.00189686
0 0.541797 0.122266 0.558594 0.244531 0.00188255
0 0.439844 0.848242 0.614062 0.303516 0.00186729
1 0.197656 0.51709 0.277734 0.606445 0.00185299
1 0.308594 0.516406 0.504687 0.603125 0.00179577
0 0.622656 0.294727 0.48125 0.477734 0.00176811
0 0.00919189 0.331299 0.0183838 0.320215 0.00176811
0 0.741406 0.288867 0.517187 0.469141 0.00176811
0 0.731641 0.192969 0.536719 0.385938 0.0016489
0 0.731641 0.819922 0.536719 0.360156 0.00163555
0 0.833008 0.220117 0.333984 0.431641 0.00156689
0 0.516797 0.450391 0.639844 0.495313 0.00155449
0 0.00986328 0.40791 0.0197266 0.360742 0.0014782
0 0.875 0.242578 0.25 0.413281 0.00145531
0 0.916406 0.243555 0.167187 0.426953 0.00143242
0 0.633594 0.118652 0.560938 0.237305 0.00141621
0 0.635156 0.167969 0.551562 0.335938 0.00131989
1 0.780078 0.111621 0.439844 0.223242 0.00131512
0 0.895312 0.294531 0.209375 0.409375 0.00129986
0 0.924219 0.338281 0.151562 0.429688 0.00129986
0 0.0100098 0.49209 0.0200195 0.356445 0.00127411
0 0.432715 0.684375 0.66582 0.289062 0.00125504
0 0.799219 0.357422 0.401563 0.463281 0.00122547
0 0.191992 0.413281 0.255859 0.470313 0.00115108
0 0.828711 0.0994141 0.342578 0.198828 0.00109005
0 0.547656 0.361914 0.55 0.565234 0.00108624
0 0.00869141 0.230664 0.0173828 0.329297 0.00108624
0 0.798242 0.876562 0.403516 0.246875 0.00104809
1 0.828711 0.0994141 0.342578 0.198828 0.00104809
0 0.619141 0.413672 0.460156 0.592188 0.00104427
0 0.921875 0.464063 0.15625 0.514063 0.00102043
0 0.00922852 0.58125 0.018457 0.3375 0.00101662
1 0.377246 0.789062 0.593945 0.407813 0.00101662
0 0.0668945 0.908594 0.133789 0.182812 0.00100803
0 0.247656 0.387109 0.199219 0.407031 0.00100803
0 0.00808105 0.898438 0.0161621 0.203125 0.00100422
0 0.0403809 0.388281 0.0807617 0.345313 0.00100422
0 0.458984 0.525879 0.800781 0.598242 0.616211
1 0.508594 0.524609 0.898438 0.597656 0.581543
0 0.4625 0.685156 0.804688 0.289062 0.00331116
0 0.449219 0.525 0.784375 0.603125 0.936523
1 0.446875 0.519922 0.765625 0.608594 0.0297546
0 0.919531 0.0598633 0.160938 0.119727 0.00135612
0 0.446777 0.525 0.775195 0.592188 0.932617
1 0.445703 0.522656 0.774219 0.590625 0.00577545
0 0.374609 0.460938 0.611719 0.473437 0.00153637
0 0.495313 0.702734 0.846875 0.258594 0.00117874
0 0.444531 0.529297 0.775 0.602344 0.915527
1 0.439063 0.528516 0.76875 0.600781 0.00100422
0 0.452344 0.528125 0.798437 0.607813 0.938477
1 0.452344 0.528125 0.798437 0.607813 0.00109863
0 0.441406 0.528516 0.792188 0.605469 0.917969
0 0.513281 0.0691406 0.973437 0.138281 0.0046463
0 0.136426 0.589746 0.164648 0.579883 0.00194168
0 0.375781 0.296289 0.407813 0.149609 0.00109005
0 0.438672 0.527344 0.769531 0.6125 0.915527
0 0.903516 0.0617676 0.192969 0.123535 0.00202751
0 0.439844 0.528906 0.775 0.610937 0.929199
0 0.291406 0.536816 0.457031 0.579492 0.00190449
0 0.441406 0.53125 0.79375 0.615625 0.977539
0 0.439844 0.528906 0.775 0.610937 0.930176
0 0.291602 0.536719 0.456641 0.579687 0.00192642
