0 0.484375 0.516016 0.865625 0.697656 0.769531
1 0.486328 0.526465 0.863281 0.70957 0.0357361
0 0.175342 0.0407715 0.33291 0.081543 0.00568771
0 0.49375 0.926562 0.84375 0.146875 0.00510025
0 0.353125 0.514453 0.660156 0.683594 0.00455475
0 0.198633 0.0450195 0.375391 0.0900391 0.00337601
0 0.650684 0.544531 0.570508 0.65 0.00259018
0 0.482812 0.400781 0.85 0.516406 0.00232315
0 0.730078 0.351172 0.539844 0.649219 0.00227928
1 0.198633 0.0450195 0.375391 0.0900391 0.00201035
1 0.175342 0.0407715 0.33291 0.081543 0.00183105
1 0.496094 0.914844 0.832812 0.170312 0.00172043
0 0.411816 0.314063 0.735742 0.626562 0.00168705
0 0.368555 0.217187 0.657422 0.434375 0.0016489
0 0.648047 0.364648 0.563281 0.644141 0.00164223
0 0.986719 0.486035 0.0265625 0.470117 0.00156689
0 0.987891 0.378223 0.0242187 0.548242 0.00156689
0 0.163867 0.511328 0.276953 0.674219 0.00156116
0 0.774414 0.881445 0.451172 0.237109 0.00151253
0 0.191016 0.103613 0.370313 0.207227 0.00147247
0 0.575391 0.907812 0.664844 0.184375 0.00147247
0 0.716016 0.249219 0.567969 0.492188 0.00135136
0 0.335742 0.149414 0.598047 0.298828 0.00128937
0 0.464844 0.789062 0.8 0.220313 0.00124931
0 0.00878906 0.240967 0.0175781 0.314941 0.00119686
0 0.905469 0.361328 0.189063 0.5625 0.00117874
0 0.476562 0.856641 0.832812 0.286719 0.00116539
0 0.700781 0.879883 0.414062 0.240234 0.00115585
0 0.9875 0.603516 0.025 0.463281 0.0011425
0 0.0220703 0.921875 0.0441406 0.15625 0.00104427
0 0.835547 0.330664 0.328906 0.551172 0.00103664
0 0.177344 0.90625 0.320312 0.1875 0.00103188
0 0.483203 0.546875 0.924219 0.69375 0.918945
1 0.485156 0.552441 0.926562 0.706055 0.00821686
0 0.253125 0.475781 0.454688 0.560156 0.0041008
0 0.15332 0.538672 0.267578 0.711719 0.00405502
0 0.330078 0.505078 0.611719 0.621094 0.00231361
0 0.30332 0.423047 0.552734 0.450781 0.00183868
0 0.284375 0.0503906 0.53125 0.100781 0.00174809
1 0.284375 0.0503906 0.53125 0.100781 0.00161076
0 0.189648 0.49209 0.339453 0.579883 0.00151253
0 0.482812 0.708203 0.915625 0.357031 0.00150681
0 0.487891 0.272656 0.933594 0.146875 0.00116062
1 0.487891 0.272656 0.933594 0.146875 0.00115108
0 0.976562 0.530371 0.046875 0.448633 0.00109482
0 0.485156 0.551562 0.895312 0.70625 0.925781
1 0.48125 0.54375 0.896875 0.6875 0.012825
0 0.333203 0.467187 0.600781 0.551562 0.00232315
0 0.319531 0.371484 0.557813 0.358594 0.0020504
0 0.90625 0.107007 0.1875 0.169971 0.00123978
0 0.950781 0.0529297 0.0984375 0.0453125 0.00109863
0 0.492188 0.560547 0.939062 0.711719 0.936523
1 0.486328 0.54834 0.933594 0.70332 0.0104523
0 0.240234 0.0428711 0.442969 0.0857422 0.00341606
0 0.401563 0.0420898 0.76875 0.0841797 0.00183868
0 0.0887695 0.0394653 0.150781 0.0657959 0.00176144
0 0.491406 0.0961914 0.94375 0.192383 0.00169373
0 0.483594 0.454004 0.923437 0.51543 0.0016613
0 0.00488281 0.513184 0.00976562 0.406445 0.00148392
0 0.00427246 0.583203 0.00854492 0.396094 0.00114727
0 0.499609 0.771875 0.939844 0.254687 0.00114727
0 0.308594 0.36875 0.554688 0.353125 0.00112438
0 0.291797 0.700781 0.516406 0.3625 0.00104427
0 0.253906 0.4 0.444531 0.409375 0.00102425
0 0.471484 0.532715 0.932031 0.693945 0.919922
0 0.998438 0.923828 0.003125 0.152344 0.00152493
0 0.997656 0.308984 0.0046875 0.33125 0.00117397
0 0.998438 0.799219 0.003125 0.348437 0.00115585
0 0.998438 0.245898 0.003125 0.361328 0.00113392
1 0.467187 0.535156 0.925 0.6875 0.00104046
0 0.471875 0.533203 0.928125 0.719531 0.914551
1 0.471875 0.533203 0.928125 0.719531 0.00566483
0 0.484375 0.541309 0.914062 0.717383 0.916504
0 0.48125 0.314648 0.91875 0.254297 0.00766754
0 0.510938 0.0561523 0.965625 0.112305 0.00161648
1 0.479688 0.535547 0.915625 0.710156 0.00127888
0 0.478906 0.539746 0.904688 0.69707 0.90332
1 0.475781 0.540234 0.898438 0.694531 0.00263214
0 0.478906 0.542969 0.895312 0.714063 0.921875
0 0.473437 0.537891 0.9 0.699219 0.944824
0 0.474219 0.339063 0.904688 0.296875 0.00270462
0 0.478906 0.542969 0.895312 0.714063 0.921875
