0 0.497266 0.607813 0.867969 0.678125 0.571777
0 0.637891 0.624219 0.608594 0.657812 0.0730591
1 0.497266 0.607813 0.867969 0.678125 0.0386963
0 0.222998 0.598047 0.368848 0.660156 0.036438
0 0.351953 0.600098 0.624219 0.674805 0.0327759
0 0.488281 0.429688 0.859375 0.859375 0.00941467
0 0.161719 0.603125 0.264062 0.628125 0.00616837
0 0.407813 0.305078 0.678125 0.610156 0.00526047
0 0.314453 0.838867 0.313281 0.250391 0.00340271
1 0.637891 0.624219 0.608594 0.657812 0.00291252
1 0.351953 0.600098 0.624219 0.674805 0.00281143
1 0.222998 0.598047 0.368848 0.660156 0.00254059
0 0.805078 0.9 0.389844 0.2 0.00250244
1 0.488281 0.429688 0.859375 0.859375 0.00246239
0 0.714453 0.366016 0.571094 0.644531 0.00211525
0 0.421777 0.525781 0.745508 0.535937 0.00188255
0 0.986719 0.622656 0.0265625 0.429688 0.00179577
0 0.425684 0.908594 0.679883 0.182812 0.00163555
0 0.9875 0.526563 0.025 0.504687 0.0015974
0 0.7625 0.25625 0.475 0.454688 0.00156689
1 0.407813 0.305078 0.678125 0.610156 0.00156116
0 0.333789 0.853125 0.441016 0.24375 0.00152493
0 0.0514648 0.922266 0.10293 0.155469 0.00147247
0 0.9875 0.432129 0.025 0.562305 0.00145531
0 0.750781 0.911719 0.476562 0.176563 0.00144386
0 0.0168457 0.927344 0.0336914 0.145313 0.00143814
0 0.562109 0.69375 0.747656 0.571875 0.00140476
0 0.645996 0.387598 0.586133 0.738867 0.00133514
0 0.775 0.404687 0.45 0.648438 0.00131512
0 0.00789795 0.917969 0.0157959 0.164062 0.00130463
0 0.410254 0.863281 0.65918 0.245312 0.0012846
0 0.920313 0.438672 0.159375 0.554688 0.00124931
0 0.821289 0.846094 0.357422 0.307813 0.00121117
0 0.886719 0.395703 0.226562 0.591406 0.00121117
0 0.194531 0.925 0.322656 0.15 0.00115108
0 0.530566 0.908203 0.679492 0.183594 0.00113392
0 0.829102 0.289648 0.341797 0.514453 0.00111198
0 0.0666016 0.594531 0.0792969 0.351562 0.00109863
1 0.0168457 0.927344 0.0336914 0.145313 0.00109863
0 0.9875 0.730859 0.025 0.442969 0.00108624
0 0.527344 0.761719 0.8375 0.43125 0.00108624
0 0.944141 0.885156 0.111719 0.229687 0.00108147
0 0.0973633 0.921875 0.194727 0.15625 0.00107288
0 0.915625 0.122754 0.16875 0.245508 0.00107288
0 0.36875 0.767578 0.548437 0.388281 0.00106049
0 0.528125 0.470313 0.746875 0.528125 0.00106049
0 0.147656 0.916016 0.278125 0.167969 0.00103188
0 0.00866699 0.360742 0.017334 0.347266 0.00102425
0 0.488281 0.811133 0.810938 0.324609 0.00102043
0 0.150098 0.386719 0.274023 0.660937 0.00101662
0 0.0100586 0.508594 0.0201172 0.335938 0.00100803
0 0.5 0.628125 0.9375 0.68125 0.835938
1 0.500781 0.626953 0.945312 0.700781 0.130249
0 0.231836 0.604688 0.407422 0.559375 0.00311089
0 0.280078 0.549219 0.500781 0.464063 0.00179577
0 0.488281 0.463672 0.925 0.360156 0.00168705
0 0.482812 0.072168 0.940625 0.144336 0.00153065
0 0.306445 0.629687 0.559766 0.66875 0.00133514
0 0.21875 0.446484 0.4375 0.857031 0.00133038
0 0.923437 0.0492676 0.146875 0.0936523 0.00116539
0 0.485547 0.630859 0.903906 0.675781 0.879395
1 0.485938 0.63125 0.925 0.68125 0.0894775
0 0.902344 0.00211182 0.195312 0.00422363 0.00245285
0 0.38291 0.485547 0.670117 0.386719 0.00156116
0 0.490234 0.6375 0.927344 0.684375 0.916016
0 0.505469 0.798242 0.959375 0.319141 0.0158997
1 0.489844 0.628223 0.929688 0.693555 0.00682449
0 0.313672 0.80625 0.558594 0.295312 0.00327301
0 0.491016 0.444141 0.924219 0.325781 0.00327301
0 0.00411377 0.68125 0.00822754 0.38125 0.00133514
0 0.997656 0.707812 0.0046875 0.359375 0.00102806
0 0.00441895 0.616016 0.00883789 0.388281 0.00102806
0 0.480469 0.618652 0.953125 0.662695 0.933105
0 0.996094 0.652344 0.0078125 0.470313 0.00147247
1 0.472656 0.619531 0.945312 0.664062 0.00127411
0 0.478125 0.626562 0.921875 0.684375 0.925293
1 0.478125 0.621094 0.928125 0.685938 0.0114212
0 0.489062 0.624121 0.921875 0.679883 0.933105
0 0.510547 0.0692871 0.966406 0.138574 0.0055542
0 0.496875 0.400098 0.94375 0.229492 0.00109863
0 0.482031 0.628223 0.910937 0.687305 0.90918
0 0.886914 0.0540527 0.226172 0.108105 0.00340271
1 0.476562 0.628223 0.90625 0.688867 0.00122547
0 0.483203 0.623828 0.896094 0.678906 0.929199
0 0.241797 0.719531 0.417188 0.4625 0.00133514
0 0.900781 0.889063 0.195312 0.096875 0.0012846
0 0.472266 0.632715 0.899219 0.689258 0.963379
0 0.485938 0.439844 0.923437 0.302344 0.00192642
0 0.483203 0.623828 0.896094 0.678906 0.929199
0 0.241797 0.719531 0.417188 0.4625 0.00133514
0 0.900781 0.889063 0.195312 0.096875 0.00128937
