0 0.729688 0.525781 0.292188 0.825 0.289307
0 0.39541 0.508594 0.520117 0.832812 0.268066
0 0.489453 0.679297 0.675781 0.566406 0.0975342
1 0.403125 0.522656 0.526563 0.839063 0.0531921
0 0.531934 0.510156 0.71582 0.839063 0.0344238
0 0.459375 0.586328 0.617188 0.742969 0.0243378
0 0.367188 0.588965 0.409375 0.74082 0.022934
0 0.663672 0.504687 0.427344 0.839063 0.0219421
0 0.336133 0.530078 0.316797 0.817969 0.0213318
1 0.729688 0.525781 0.292188 0.825 0.0206909
1 0.489453 0.679297 0.675781 0.566406 0.0179138
0 0.156445 0.580078 0.0921875 0.708594 0.0120544
0 0.594922 0.675781 0.560156 0.554688 0.00616837
1 0.531934 0.510156 0.71582 0.839063 0.00548935
1 0.367188 0.588965 0.409375 0.74082 0.00419998
0 0.178174 0.550879 0.132715 0.756055 0.00383949
0 0.323389 0.63584 0.299316 0.631445 0.00353813
0 0.571094 0.376953 0.617188 0.609375 0.00321007
0 0.864453 0.86582 0.271094 0.268359 0.00277901
1 0.336133 0.530078 0.316797 0.817969 0.00230598
0 0.207813 0.494531 0.165625 0.642187 0.00203514
1 0.594922 0.675781 0.560156 0.554688 0.00201035
0 0.471484 0.354297 0.591406 0.567969 0.00163555
0 0.780469 0.884766 0.182812 0.230469 0.00159168
0 0.203516 0.606348 0.189063 0.660742 0.00156116
0 0.603027 0.214062 0.525195 0.428125 0.00153637
0 0.776758 0.141699 0.446484 0.283398 0.00152493
1 0.156445 0.580078 0.0921875 0.708594 0.00152493
0 0.555469 0.892969 0.707812 0.214062 0.00150108
0 0.831055 0.18457 0.337891 0.369141 0.00149536
0 0.882031 0.124609 0.235938 0.249219 0.00146103
0 0.977344 0.16582 0.0453125 0.331641 0.00142097
0 0.84375 0.832031 0.3125 0.335938 0.00141621
0 0.735156 0.680859 0.271875 0.528906 0.00140476
0 0.823438 0.8875 0.239063 0.225 0.00139427
1 0.882031 0.124609 0.235938 0.249219 0.00138283
0 0.982422 0.354297 0.0351562 0.552344 0.00137806
0 0.935547 0.338672 0.128906 0.500781 0.00136662
0 0.744141 0.868359 0.200781 0.263281 0.00136185
0 0.787695 0.105469 0.424609 0.210938 0.00130939
1 0.555469 0.892969 0.707812 0.214062 0.00130463
0 0.966797 0.152441 0.0664062 0.304883 0.00128937
1 0.663672 0.504687 0.427344 0.839063 0.00123024
0 0.685938 0.159375 0.545313 0.31875 0.00121593
0 0.486719 0.861523 0.607813 0.276953 0.00118828
1 0.323389 0.63584 0.299316 0.631445 0.00117874
0 0.921875 0.305469 0.146875 0.510938 0.00112057
0 0.270752 0.521094 0.225684 0.801562 0.0011158
0 0.161328 0.640234 0.0945313 0.528906 0.00106049
0 0.735156 0.891016 0.279687 0.217969 0.00104046
0 0.225342 0.4125 0.186816 0.573438 0.00103664
1 0.977344 0.16582 0.0453125 0.331641 0.00101662
0 0.047168 0.549316 0.0921875 0.50918 0.00101185
0 0.0482422 0.3125 0.0964844 0.444531 0.00101185
1 0.496875 0.515625 0.775 0.85625 0.799316
0 0.500781 0.513672 0.759375 0.875781 0.11084
1 0.868164 0.0902344 0.263672 0.180469 0.00255013
1 0.887891 0.0880859 0.224219 0.176172 0.00178909
0 0.868164 0.0902344 0.263672 0.180469 0.00156689
0 0.751953 0.482422 0.278906 0.721094 0.00118828
0 0.878906 0.0890625 0.242188 0.178125 0.00101662
1 0.504004 0.516797 0.754492 0.878906 0.912598
0 0.507129 0.513672 0.748242 0.866406 0.0141754
1 0.502734 0.526563 0.752344 0.89375 0.908203
0 0.501562 0.523047 0.759375 0.903906 0.0682983
1 0.494141 0.5 0.732031 0.867188 0.837402
0 0.497656 0.508203 0.7375 0.852344 0.294922
0 0.873438 0.760547 0.248437 0.474219 0.0120544
1 0.873438 0.760547 0.248437 0.474219 0.00438309
0 0.999219 0.8875 0.0015625 0.225 0.00178242
0 0.998438 0.919531 0.003125 0.160938 0.0017271
0 0.875 0.832617 0.245312 0.331641 0.0012598
1 0.502441 0.513281 0.763867 0.873438 0.922363
0 0.502441 0.513281 0.763867 0.873438 0.0037365
1 0.318359 0.686719 0.411719 0.520312 0.00126457
1 0.501172 0.515625 0.753906 0.875 0.922852
1 0.496973 0.527344 0.756055 0.864062 0.883789
0 0.500098 0.524219 0.74043 0.873438 0.00376511
1 0.503223 0.515625 0.756055 0.864062 0.905762
0 0.504004 0.51875 0.756055 0.859375 0.00194931
1 0.499121 0.513672 0.745508 0.847656 0.915039
0 0.504687 0.516406 0.760938 0.842188 0.00602722
0 0.922656 0.462109 0.15 0.738281 0.00137234
1 0.503516 0.515625 0.755469 0.864062 0.905762
0 0.504297 0.51875 0.755469 0.859375 0.00192642
