0 0.548437 0.558594 0.7625 0.740625 0.782715
1 0.550391 0.562402 0.761719 0.718945 0.0389709
0 0.653906 0.56875 0.55625 0.707812 0.0339661
0 0.377734 0.547266 0.477344 0.725781 0.0124283
0 0.747266 0.56875 0.380469 0.7 0.00547028
0 0.547656 0.89375 0.782812 0.2125 0.00388527
0 0.305078 0.564746 0.332031 0.700195 0.00333786
0 0.148828 0.215234 0.296875 0.361719 0.00325966
1 0.547656 0.89375 0.782812 0.2125 0.00258064
0 0.838477 0.899219 0.323047 0.201562 0.00255013
0 0.481934 0.912891 0.611133 0.174219 0.00186729
0 0.144531 0.277539 0.275391 0.217578 0.00172043
0 0.652734 0.369727 0.500781 0.483984 0.00158501
0 0.216797 0.526563 0.167969 0.620313 0.00156689
0 0.630859 0.8875 0.552344 0.225 0.00146675
0 0.982031 0.385156 0.0359375 0.508594 0.00146675
0 0.983203 0.476562 0.0335938 0.567187 0.00130939
0 0.175293 0.248047 0.350586 0.496094 0.0012846
1 0.481934 0.912891 0.611133 0.174219 0.0012598
0 0.980469 0.295898 0.0390625 0.591797 0.00124931
0 0.741406 0.305469 0.517187 0.610937 0.00121593
0 0.244531 0.904688 0.4875 0.190625 0.00119209
0 0.655859 0.467187 0.535156 0.550781 0.00117397
0 0.746484 0.897656 0.405469 0.204688 0.00117397
0 0.165332 0.319141 0.327148 0.449219 0.00116539
0 0.946094 0.148828 0.107813 0.297656 0.00116062
0 0.195703 0.617188 0.137109 0.507812 0.00115108
0 0.0546875 0.430566 0.109375 0.376367 0.00114727
0 0.915625 0.319141 0.16875 0.578906 0.0011158
1 0.946094 0.148828 0.107813 0.297656 0.0011158
0 0.182617 0.520312 0.132422 0.66875 0.00110722
0 0.798437 0.582031 0.270312 0.670313 0.00108624
0 0.362891 0.915625 0.489062 0.16875 0.00106907
1 0.839453 0.900391 0.321094 0.199219 0.00105286
0 0.013623 0.102246 0.0272461 0.204492 0.00105286
0 0.100684 0.192969 0.201367 0.366406 0.00104809
0 0.23833 0.473828 0.20459 0.610156 0.00104427
0 0.694531 0.34043 0.345313 0.481641 0.00101662
0 0.984375 0.60625 0.03125 0.554688 0.00101185
0 0.0529297 0.501562 0.105859 0.484375 0.00100422
0 0.530469 0.558496 0.795313 0.726758 0.852051
1 0.52959 0.561621 0.792383 0.712695 0.0903931
0 0.323828 0.572266 0.388281 0.683594 0.00372124
1 0.871875 0.211328 0.254687 0.422656 0.00358009
1 0.86875 0.192773 0.2625 0.385547 0.00186729
0 0.871875 0.211328 0.254687 0.422656 0.00136185
0 0.795117 0.564453 0.291016 0.692969 0.00131989
0 0.86875 0.192773 0.2625 0.385547 0.0011425
0 0.115918 0.5375 0.231836 0.78125 0.00105286
0 0.530859 0.566797 0.827344 0.724219 0.938965
1 0.535156 0.571777 0.823438 0.70332 0.00766754
0 0.545996 0.419629 0.787695 0.423242 0.00132465
0 0.282617 0.574609 0.291797 0.713281 0.00127411
0 0.529688 0.576172 0.80625 0.716406 0.92334
1 0.529688 0.563184 0.8125 0.714258 0.00526047
0 0.660547 0.462891 0.530469 0.507031 0.00116539
0 0.129395 0.277734 0.25332 0.146094 0.00107288
0 0.530469 0.81875 0.848437 0.220313 0.00106907
0 0.529688 0.547266 0.804688 0.700781 0.895996
0 0.999219 0.902344 0.0015625 0.195312 0.00251198
1 0.529688 0.547266 0.804688 0.700781 0.00147247
0 0.998438 0.814453 0.003125 0.371094 0.00110722
0 0.128223 0.279687 0.253711 0.151562 0.00101662
0 0.532031 0.558691 0.815625 0.72168 0.882812
1 0.533594 0.565234 0.795313 0.722656 0.0352173
0 0.151367 0.280859 0.289844 0.146875 0.00123024
0 0.529688 0.557031 0.801562 0.726562 0.898926
0 0.0693359 0.586719 0.138672 0.764063 0.00201988
1 0.529688 0.557031 0.801562 0.726562 0.00175476
0 0.524219 0.551465 0.795313 0.700195 0.864258
1 0.524609 0.547266 0.797656 0.699219 0.00703812
0 0.532715 0.564844 0.789258 0.729688 0.897461
1 0.532422 0.564062 0.791406 0.73125 0.0327759
0 0.52959 0.562598 0.798633 0.724805 0.917969
1 0.528223 0.56084 0.795117 0.718945 0.00125504
0 0.532715 0.565234 0.789258 0.730469 0.897461
1 0.532422 0.564062 0.791406 0.73125 0.03302
