1 0.461719 0.491504 0.684375 0.726367 0.824219
0 0.46416 0.487891 0.66543 0.730469 0.196167
1 0.261768 0.497656 0.29209 0.7125 0.0168457
0 0.261768 0.497656 0.29209 0.7125 0.0138474
1 0.358984 0.535059 0.480469 0.626758 0.00634003
0 0.476953 0.888281 0.633594 0.223438 0.00348282
1 0.58291 0.478906 0.432617 0.70625 0.00305176
0 0.880469 0.877148 0.239063 0.245703 0.00255013
0 0.225732 0.504004 0.229004 0.654492 0.00248146
1 0.476953 0.888281 0.633594 0.223438 0.00240517
0 0.58291 0.478906 0.432617 0.70625 0.00193405
0 0.646875 0.897266 0.351562 0.205469 0.00185299
1 0.600391 0.892187 0.541406 0.215625 0.00184631
1 0.474902 0.597656 0.66582 0.514063 0.0018177
0 0.600391 0.892187 0.541406 0.215625 0.00177479
0 0.708594 0.903906 0.28125 0.192188 0.00162315
0 0.200195 0.57334 0.174609 0.41582 0.00160408
0 0.917188 0.464063 0.165625 0.642187 0.0015974
1 0.688281 0.895312 0.395312 0.209375 0.00146675
0 0.760938 0.903906 0.275 0.192188 0.00146103
0 0.458594 0.817578 0.634375 0.364844 0.00144958
0 0.409766 0.926562 0.477344 0.146875 0.0014267
1 0.467187 0.917188 0.586719 0.165625 0.00139904
0 0.852344 0.444531 0.101562 0.60625 0.00138855
0 0.467187 0.917188 0.586719 0.165625 0.00136662
0 0.0472656 0.471777 0.0945313 0.354883 0.00136662
0 0.933203 0.118555 0.133594 0.237109 0.00135612
0 0.985937 0.141992 0.028125 0.283984 0.00133514
1 0.933203 0.118555 0.133594 0.237109 0.00133514
0 0.814648 0.0850586 0.370703 0.170117 0.00131989
0 0.933203 0.40459 0.133594 0.573633 0.00131512
0 0.875 0.40625 0.148438 0.567187 0.00129986
1 0.66875 0.486328 0.264062 0.696094 0.00127411
0 0.889844 0.12168 0.220313 0.243359 0.0012598
0 0.792578 0.105664 0.414844 0.211328 0.00124454
0 0.84375 0.517969 0.0875 0.615625 0.00119209
0 0.985937 0.424219 0.028125 0.675781 0.00118828
0 0.00894775 0.392285 0.0178955 0.381055 0.00114727
0 0.190283 0.459277 0.156934 0.454883 0.00112915
0 0.572754 0.120508 0.501367 0.241016 0.00112915
0 0.344727 0.930469 0.372266 0.139062 0.00110722
0 0.89375 0.343555 0.196875 0.485547 0.0011034
0 0.0463379 0.366016 0.0926758 0.488281 0.0011034
0 0.855469 0.907812 0.225 0.184375 0.00109863
1 0.985937 0.141992 0.028125 0.283984 0.00109863
0 0.00880127 0.250781 0.0176025 0.335938 0.00108147
0 0.50791 0.10332 0.563867 0.206641 0.00108147
0 0.0476562 0.274023 0.0953125 0.380859 0.00106907
0 0.898438 0.512109 0.153125 0.730469 0.00104809
1 0.869141 0.882422 0.261719 0.235156 0.00104046
0 0.9875 0.236523 0.025 0.473047 0.00104046
0 0.0830566 0.13125 0.166113 0.2625 0.00102043
0 0.00878906 0.721094 0.0175781 0.270312 0.00101662
0 0.987109 0.315039 0.0257812 0.554297 0.00100803
0 0.884375 0.822852 0.23125 0.354297 0.00100422
1 0.461719 0.492969 0.6875 0.728125 0.885742
1 0.680078 0.455078 0.639844 0.705469 0.00311089
0 0.461719 0.492969 0.6875 0.728125 0.00277901
1 0.850977 0.0972656 0.298047 0.194531 0.00146675
1 0.869922 0.096875 0.260156 0.19375 0.00107765
0 0.850977 0.0972656 0.298047 0.194531 0.00107288
1 0.45459 0.491797 0.675195 0.738281 0.899902
0 0.461719 0.49375 0.670313 0.740625 0.0103302
1 0.499316 0.498437 0.757617 0.748438 0.898926
0 0.479004 0.496484 0.720117 0.747656 0.00519943
1 0.477734 0.485547 0.700781 0.728906 0.893066
1 0.803125 0.502344 0.39375 0.895312 0.0046463
0 0.88125 0.820117 0.234375 0.353516 0.00366402
1 0.532031 0.232422 0.860937 0.228125 0.00341606
0 0.477734 0.485547 0.700781 0.728906 0.00257111
1 0.879883 0.764063 0.237109 0.46875 0.00211525
0 0.998438 0.919531 0.003125 0.160938 0.00182438
0 0.999219 0.888281 0.0015625 0.223438 0.00174809
0 0.875781 0.736328 0.245312 0.513281 0.00119209
1 0.469141 0.934375 0.938281 0.128125 0.00109863
1 0.478516 0.9 0.891406 0.192188 0.00109005
0 0.997656 0.671094 0.0046875 0.478125 0.00106907
1 0.745313 0.430566 0.509375 0.795117 0.00102425
1 0.462402 0.489062 0.700195 0.734375 0.930176
1 0.315039 0.639844 0.403516 0.40625 0.00167465
1 0.514844 0.852148 0.854688 0.295703 0.00123501
1 0.466016 0.497266 0.694531 0.746094 0.922852
1 0.453516 0.484375 0.686719 0.728125 0.879395
1 0.461328 0.486719 0.682031 0.729688 0.905762
1 0.467969 0.496777 0.695312 0.731445 0.88623
0 0.464941 0.48916 0.688867 0.72793 0.00145531
1 0.461328 0.486719 0.682031 0.729688 0.905762
