0 0.399219 0.517969 0.63125 0.892187 0.216675
0 0.545313 0.5125 0.90625 0.896875 0.205566
1 0.648047 0.347656 0.646094 0.601562 0.139893
1 0.539453 0.509766 0.871094 0.908594 0.122131
0 0.317578 0.5625 0.444531 0.83125 0.09552
0 0.921875 0.437891 0.11875 0.644531 0.0810547
0 0.645996 0.367578 0.651758 0.611719 0.0559387
0 0.592578 0.752734 0.652344 0.494531 0.0531006
0 0.726562 0.344922 0.49375 0.560156 0.0380249
0 0.557031 0.319922 0.782812 0.545313 0.0309601
0 0.683594 0.758594 0.401563 0.479688 0.0165863
1 0.577441 0.290234 0.741992 0.501562 0.0157166
1 0.399219 0.517969 0.63125 0.892187 0.0134277
1 0.642187 0.471191 0.6375 0.782617 0.011467
1 0.921875 0.437891 0.11875 0.644531 0.0106125
1 0.7875 0.418652 0.34375 0.66582 0.00955963
0 0.395703 0.666406 0.580469 0.645312 0.00905609
0 0.87832 0.438184 0.212109 0.714258 0.00874329
0 0.7875 0.418652 0.34375 0.66582 0.00828552
0 0.821094 0.498828 0.309375 0.808594 0.00682449
0 0.268701 0.606348 0.342285 0.737305 0.00669098
1 0.592578 0.752734 0.652344 0.494531 0.00643921
0 0.9125 0.540234 0.135937 0.810156 0.00559998
0 0.484375 0.729297 0.7375 0.541406 0.00492477
0 0.891797 0.874609 0.216406 0.250781 0.00473785
1 0.860937 0.510547 0.245312 0.807031 0.00439835
0 0.964063 0.416016 0.071875 0.660937 0.00342941
0 0.739844 0.125781 0.520312 0.251563 0.00341606
0 0.760938 0.753125 0.285937 0.484375 0.00325966
0 0.79375 0.694141 0.257812 0.580469 0.00316048
0 0.977344 0.388281 0.0453125 0.630469 0.00284576
1 0.683594 0.758594 0.401563 0.479688 0.00284576
0 0.986719 0.314063 0.0265625 0.554688 0.00281143
0 0.357031 0.381641 0.521875 0.671094 0.00279999
0 0.79375 0.169824 0.4125 0.339648 0.00276756
1 0.317578 0.5625 0.444531 0.83125 0.00270462
1 0.760938 0.127148 0.478125 0.254297 0.00248146
0 0.914062 0.807617 0.171875 0.384766 0.00225258
1 0.9125 0.540234 0.135937 0.810156 0.00223351
1 0.966406 0.453809 0.0671875 0.69082 0.00187492
0 0.938281 0.383594 0.1125 0.574219 0.00183105
1 0.987891 0.283398 0.0242187 0.566797 0.0018177
0 0.80918 0.23125 0.381641 0.4625 0.00181007
0 0.982813 0.159766 0.034375 0.319531 0.00175476
0 0.943359 0.323047 0.113281 0.56875 0.00174809
0 0.044043 0.535156 0.0880859 0.467187 0.00170708
0 0.518359 0.894531 0.767969 0.210938 0.00164223
0 0.749219 0.0972656 0.501562 0.194531 0.00158501
0 0.973437 0.141504 0.053125 0.283008 0.00154305
0 0.907422 0.272266 0.185156 0.544531 0.00154305
1 0.884375 0.127832 0.23125 0.255664 0.00153065
0 0.884375 0.127832 0.23125 0.255664 0.00151253
0 0.56875 0.129297 0.167187 0.183594 0.00150681
1 0.79375 0.169824 0.4125 0.339648 0.00148392
0 0.0424316 0.414062 0.0848633 0.385938 0.0014782
0 0.240283 0.671973 0.28584 0.631055 0.00147247
0 0.00861816 0.468066 0.0172363 0.337305 0.00144958
1 0.982813 0.159766 0.034375 0.319531 0.0014267
0 0.889063 0.824219 0.221875 0.351562 0.0014267
1 0.977344 0.388281 0.0453125 0.630469 0.00141048
0 0.683203 0.13457 0.455469 0.239453 0.00140476
1 0.760938 0.217187 0.478125 0.434375 0.00139904
1 0.749219 0.0972656 0.501562 0.194531 0.00138283
0 0.597656 0.126563 0.153125 0.176563 0.00136662
0 0.00844727 0.532812 0.0168945 0.409375 0.00132465
0 0.103516 0.6875 0.0421875 0.421875 0.00131989
1 0.817969 0.532031 0.3125 0.845312 0.00130939
1 0.973437 0.141504 0.053125 0.283008 0.00129414
0 0.930859 0.78418 0.138281 0.431641 0.00127411
0 0.0483398 0.641016 0.0966797 0.435156 0.0012598
1 0.984766 0.352148 0.0304688 0.586328 0.00124454
0 0.740234 0.214062 0.519531 0.428125 0.00123501
0 0.162207 0.683594 0.143555 0.504687 0.00123024
0 0.0874512 0.143066 0.174902 0.286133 0.00121117
0 0.703516 0.0944336 0.533594 0.188867 0.00119686
1 0.395703 0.666406 0.580469 0.645312 0.00119686
0 0.525781 0.134399 0.171875 0.196826 0.00118828
0 0.980859 0.549316 0.0382813 0.729492 0.0011425
0 0.564062 0.889063 0.495313 0.221875 0.00113773
0 0.867188 0.870117 0.265625 0.259766 0.00112438
0 0.669141 0.528125 0.585156 0.882812 0.00108624
0 0.980859 0.675391 0.0382813 0.600781 0.00107765
0 0.690625 0.0618164 0.542188 0.123633 0.00106907
1 0.867188 0.870117 0.265625 0.259766 0.00106907
1 0.683203 0.13457 0.455469 0.239453 0.00105667
0 0.053418 0.696094 0.0958984 0.315625 0.00104427
0 0.00870361 0.366602 0.0174072 0.333203 0.00104046
1 0.525 0.521875 0.876562 0.934375 0.78125
0 0.527734 0.530469 0.889844 0.909375 0.266602
0 0.49375 0.671777 0.821875 0.637695 0.00329781
1 0.491406 0.702344 0.801562 0.575 0.0026207
0 0.3 0.671875 0.413281 0.58125 0.00257111
1 0.966016 0.354297 0.0679687 0.45 0.00198746
1 0.27793 0.272656 0.142578 0.161719 0.00161076
0 0.36875 0.702344 0.550781 0.576563 0.00137806
0 0.249805 0.676172 0.309766 0.533594 0.00133514
0 0.966016 0.354297 0.0679687 0.45 0.00124454
0 0.932031 0.394531 0.117188 0.582812 0.00116062
0 0.14043 0.366016 0.166016 0.071875 0.0011425
1 0.932031 0.394531 0.117188 0.582812 0.00112438
1 0.965625 0.505469 0.06875 0.567187 0.00106525
1 0.162695 0.364453 0.223438 0.0726563 0.00105286
1 0.476172 0.78125 0.764844 0.429688 0.00102806
1 0.533594 0.511719 0.851562 0.925 0.893066
0 0.525781 0.522266 0.876562 0.924219 0.0268555
1 0.511816 0.247656 0.563867 0.391406 0.00117874
1 0.534375 0.525 0.89375 0.95 0.687012
0 0.521094 0.530469 0.857813 0.939062 0.50293
1 0.660156 0.241602 0.554688 0.374609 0.00293541
0 0.303125 0.835156 0.430469 0.329688 0.00230598
0 0.506641 0.821875 0.847656 0.35625 0.00227928
0 0.0951172 0.90625 0.183203 0.18125 0.0017004
1 0.528906 0.519531 0.89375 0.920313 0.87207
0 0.533203 0.51875 0.880469 0.93125 0.0124283
0 0.88125 0.768359 0.232812 0.460156 0.00246239
0 0.996875 0.124805 0.00625 0.249609 0.00218201
0 0.999219 0.886719 0.0015625 0.226562 0.00211525
0 0.998438 0.919531 0.003125 0.160938 0.00204277
1 0.8875 0.75625 0.225 0.484375 0.00175476
0 0.318555 0.738672 0.446484 0.503906 0.00138855
0 0.995703 0.529688 0.00859375 0.460938 0.00118351
1 0.709766 0.508594 0.549219 0.923437 0.00104809
1 0.129883 0.366211 0.254297 0.0707031 0.00100422
1 0.522266 0.516406 0.853906 0.934375 0.939453
0 0.537891 0.517969 0.855469 0.932813 0.00341606
0 0.131641 0.366406 0.164844 0.0773437 0.00134087
1 0.131641 0.366406 0.164844 0.0773437 0.0011692
1 0.531641 0.515625 0.886719 0.935938 0.946777
0 0.0894287 0.135156 0.172705 0.270312 0.00228691
1 0.0894287 0.135156 0.172705 0.270312 0.00216484
1 0.717969 0.264453 0.492188 0.434375 0.0018177
1 0.689062 0.203125 0.525 0.319922 0.00109005
1 0.521875 0.525781 0.8625 0.914062 0.881836
0 0.521875 0.525781 0.8625 0.914062 0.00993347
1 0.673047 0.382422 0.578906 0.688281 0.00250244
0 0.0737305 0.369531 0.0498047 0.0703125 0.00109005
1 0.530469 0.521094 0.857813 0.932813 0.902832
0 0.539844 0.513281 0.86875 0.915625 0.0029583
1 0.518359 0.519922 0.860156 0.933594 0.918945
0 0.530469 0.513672 0.857813 0.916406 0.00183105
1 0.530469 0.521094 0.857813 0.932813 0.902832
0 0.539844 0.514063 0.86875 0.915625 0.00293541
