0 0.5 0.498437 0.829687 0.890625 0.770508
1 0.5 0.498437 0.829687 0.890625 0.0941772
0 0.647266 0.495703 0.569531 0.867969 0.043457
0 0.213867 0.503906 0.333203 0.85625 0.0309601
0 0.371094 0.497266 0.646875 0.871094 0.0288696
0 0.798437 0.504687 0.275 0.84375 0.0222015
0 0.860937 0.52959 0.140625 0.793945 0.0104904
0 0.159961 0.509375 0.230078 0.840625 0.00283432
1 0.647266 0.495703 0.569531 0.867969 0.00260162
0 0.806641 0.920313 0.386719 0.159375 0.00257111
0 0.989062 0.246484 0.021875 0.48125 0.00218201
0 0.988281 0.153613 0.0234375 0.307227 0.00204277
0 0.278516 0.478906 0.461719 0.864062 0.00203514
0 0.0508301 0.889844 0.10166 0.220313 0.00182438
0 0.988672 0.333789 0.0226563 0.462109 0.00181007
1 0.371094 0.497266 0.646875 0.871094 0.00174809
0 0.946875 0.138867 0.10625 0.277734 0.00168133
0 0.0445435 0.839844 0.0886475 0.320312 0.00156116
0 0.973828 0.136328 0.0523437 0.272656 0.00155449
0 0.519922 0.900781 0.677344 0.198437 0.00153065
0 0.9875 0.478125 0.025 0.64375 0.00143242
1 0.213867 0.503906 0.333203 0.85625 0.00139904
1 0.973828 0.136328 0.0523437 0.272656 0.00137806
1 0.988281 0.153613 0.0234375 0.307227 0.00136662
0 0.0113892 0.424219 0.0227783 0.315625 0.00134563
0 0.76875 0.907812 0.4625 0.184375 0.00131512
0 0.948047 0.252539 0.103906 0.418359 0.00131512
1 0.989062 0.227539 0.021875 0.455078 0.0012846
0 0.828906 0.451562 0.209375 0.803125 0.00124931
0 0.907812 0.115625 0.1125 0.23125 0.00124931
0 0.985156 0.621875 0.0296875 0.584375 0.00123501
0 0.505371 0.688281 0.758008 0.554688 0.00122547
0 0.860937 0.106445 0.14375 0.212891 0.00121593
0 0.944531 0.526953 0.10625 0.755469 0.00118351
0 0.115405 0.474902 0.130908 0.286133 0.00116062
0 0.0086792 0.236719 0.0173584 0.33125 0.0011425
0 0.909766 0.12168 0.180469 0.243359 0.00113392
1 0.798437 0.504687 0.275 0.84375 0.00112915
0 0.801562 0.825391 0.396875 0.349219 0.0011158
0 0.627734 0.897656 0.553906 0.204688 0.00111198
0 0.0133789 0.0824219 0.0267578 0.164844 0.00109863
0 0.980859 0.677344 0.0382813 0.434375 0.00109482
1 0.988672 0.292383 0.0226563 0.458984 0.00109005
0 0.00969238 0.338477 0.0193848 0.348047 0.00106049
0 0.929688 0.910937 0.140625 0.178125 0.00105667
1 0.0261475 0.891797 0.0522949 0.216406 0.00104046
0 0.75 0.463672 0.346875 0.847656 0.00104046
0 0.0505859 0.479785 0.0432617 0.324805 0.00102425
0 0.484375 0.507031 0.878125 0.909375 0.953125
1 0.484375 0.507031 0.878125 0.909375 0.00891876
0 0.474609 0.717969 0.813281 0.492188 0.00595856
0 0.250781 0.514063 0.419531 0.796875 0.00527954
0 0.181689 0.515625 0.284277 0.757812 0.00426483
0 0.807617 0.497656 0.266016 0.885938 0.00421524
0 0.515527 0.793945 0.793945 0.349609 0.00236893
0 0.453125 0.629785 0.8125 0.679492 0.00216484
0 0.753125 0.489844 0.376563 0.870313 0.00156689
0 0.374219 0.663672 0.634375 0.597656 0.00150108
0 0.759375 0.36875 0.365625 0.621875 0.00118828
0 0.958984 0.478516 0.0820312 0.746094 0.00110722
1 0.788281 0.441504 0.30625 0.773242 0.00107765
0 0.496875 0.504297 0.86875 0.900781 0.937012
1 0.502344 0.526953 0.871875 0.899219 0.0104904
0 0.345703 0.285742 0.541406 0.451953 0.00793457
0 0.240625 0.303906 0.367969 0.442187 0.00385475
0 0.514844 0.307227 0.71875 0.502734 0.00383949
0 0.625 0.272461 0.598437 0.453516 0.00126934
0 0.189795 0.333984 0.269629 0.5 0.00113773
0 0.216797 0.100391 0.0335938 0.0748047 0.00104046
0 0.485938 0.521875 0.871875 0.910937 0.907227
1 0.491797 0.522266 0.885156 0.913281 0.0138474
0 0.566406 0.25918 0.714063 0.419141 0.0011425
0 0.471094 0.505469 0.901563 0.892187 0.911621
1 0.4625 0.501953 0.925 0.894531 0.00234222
0 0.999219 0.921484 0.0015625 0.157031 0.0019722
0 0.996875 0.145703 0.00625 0.291406 0.00136662
0 0.497266 0.509375 0.902344 0.91875 0.902344
1 0.490625 0.505469 0.882812 0.926562 0.00945282
0 0.490234 0.514844 0.902344 0.921875 0.90918
1 0.486328 0.521484 0.894531 0.957031 0.0159607
0 0.140918 0.553125 0.192773 0.845312 0.00129414
0 0.492188 0.5125 0.871875 0.90625 0.898926
1 0.488672 0.512891 0.875781 0.907031 0.0227966
0 0.500391 0.508984 0.860156 0.919531 0.916016
1 0.5 0.513672 0.860937 0.917969 0.0019722
0 0.490234 0.514063 0.872656 0.914062 0.942383
1 0.4875 0.513281 0.879687 0.910937 0.00209999
0 0.500391 0.508984 0.860156 0.919531 0.916016
1 0.5 0.513672 0.8625 0.917969 0.00198746
