1 0.550781 0.504297 0.851562 0.810156 0.645996
0 0.546875 0.525391 0.859375 0.808594 0.320801
0 0.728125 0.519629 0.501562 0.787305 0.0132217
0 0.842969 0.524219 0.270312 0.765625 0.0130234
1 0.728125 0.519629 0.501562 0.787305 0.00898743
0 0.291797 0.630469 0.389844 0.545313 0.00790405
1 0.291797 0.630469 0.389844 0.545313 0.00656509
1 0.842969 0.524219 0.270312 0.765625 0.00428009
1 0.480566 0.615625 0.766992 0.596875 0.00324821
0 0.183398 0.640625 0.186328 0.465625 0.0028553
0 0.480566 0.615625 0.766992 0.596875 0.00277901
0 0.540234 0.926562 0.733594 0.146875 0.0027256
0 0.210107 0.633496 0.236035 0.525195 0.00253105
0 0.116992 0.620703 0.065625 0.332031 0.00228691
1 0.540234 0.926562 0.733594 0.146875 0.00214958
0 0.9875 0.323438 0.025 0.535937 0.00214958
0 0.659766 0.916406 0.530469 0.167187 0.00200272
0 0.905469 0.881836 0.189063 0.236328 0.00186729
0 0.901563 0.577344 0.1625 0.651563 0.00182438
1 0.9875 0.323438 0.025 0.535937 0.00177479
0 0.941406 0.332812 0.117188 0.532812 0.00174141
0 0.271533 0.545703 0.352246 0.696094 0.0017004
0 0.731641 0.108789 0.536719 0.217578 0.00153637
0 0.739062 0.909766 0.370313 0.180469 0.00149536
1 0.659766 0.916406 0.530469 0.167187 0.00143814
0 0.871094 0.902344 0.257812 0.195312 0.00141048
0 0.0530396 0.620313 0.0907959 0.284375 0.00139904
0 0.0505859 0.347461 0.101172 0.418359 0.00137806
1 0.271533 0.545703 0.352246 0.696094 0.00134087
0 0.808203 0.17832 0.383594 0.356641 0.00129986
1 0.965625 0.129297 0.06875 0.258594 0.00126934
0 0.00888672 0.466797 0.0177734 0.382812 0.00126457
0 0.965625 0.129297 0.06875 0.258594 0.00126457
0 0.985156 0.416797 0.0296875 0.596094 0.0012598
0 0.986719 0.244727 0.0265625 0.489453 0.00124454
0 0.619531 0.115234 0.41875 0.230469 0.00123978
0 0.760938 0.894141 0.296875 0.211719 0.00123978
0 0.903125 0.237109 0.19375 0.474219 0.00123501
0 0.0484375 0.416016 0.096875 0.585156 0.00121593
0 0.00822754 0.558984 0.0164551 0.321875 0.00119686
0 0.858984 0.154492 0.282031 0.308984 0.00119209
0 0.812695 0.903906 0.271484 0.192188 0.00118828
0 0.131348 0.452344 0.208008 0.814062 0.00118351
1 0.986719 0.244727 0.0265625 0.489453 0.00115108
0 0.00871582 0.342969 0.0174316 0.315625 0.00115108
0 0.827539 0.270312 0.344922 0.510156 0.00115108
1 0.210107 0.633496 0.236035 0.525195 0.00115108
0 0.448828 0.828906 0.622656 0.1875 0.00114727
0 0.900781 0.842188 0.198437 0.315625 0.00113773
0 0.547266 0.0766602 0.571094 0.15332 0.00113773
0 0.0740234 0.463281 0.148047 0.776563 0.00113392
0 0.983203 0.557031 0.0335938 0.617188 0.0011158
0 0.985937 0.160156 0.028125 0.320312 0.00111198
0 0.770312 0.642578 0.404687 0.561719 0.00109863
0 0.926562 0.588672 0.129688 0.616406 0.00109863
1 0.985156 0.416797 0.0296875 0.596094 0.00109482
1 0.739062 0.909766 0.370313 0.180469 0.00105667
0 0.00806885 0.637109 0.0161377 0.285156 0.00103188
1 0.935156 0.288281 0.129688 0.511719 0.00103188
0 0.047168 0.55 0.0943359 0.389844 0.00102425
0 0.671875 0.144824 0.471875 0.289258 0.00101185
1 0.521875 0.517969 0.8625 0.820312 0.896484
0 0.521875 0.517969 0.8625 0.820312 0.0177155
1 0.973047 0.439063 0.0539063 0.55 0.00131989
1 0.534375 0.510156 0.882812 0.817187 0.925781
0 0.526563 0.509766 0.910937 0.817969 0.0176392
1 0.274414 0.594922 0.352734 0.613281 0.00192642
1 0.530078 0.51875 0.892969 0.826563 0.87207
0 0.527734 0.523828 0.880469 0.817969 0.0889893
0 0.520703 0.772266 0.878906 0.296094 0.00469971
1 0.525781 0.82832 0.895312 0.202734 0.00457382
0 0.525781 0.82832 0.895312 0.202734 0.00418091
1 0.520703 0.772266 0.878906 0.296094 0.00336266
0 0.121191 0.885156 0.235352 0.229687 0.00307465
1 0.772656 0.335156 0.4125 0.478906 0.0016489
1 0.733203 0.301611 0.442969 0.393652 0.00154305
0 0.315234 0.773047 0.457812 0.285156 0.0011425
1 0.121191 0.885156 0.235352 0.229687 0.00107288
1 0.523438 0.510156 0.903125 0.826563 0.881348
0 0.532812 0.515625 0.896875 0.81875 0.0139542
1 0.176367 0.252539 0.333984 0.483984 0.00356483
1 0.517969 0.239453 0.867188 0.272656 0.00352478
1 0.5125 0.19458 0.903125 0.172559 0.00301552
1 0.242578 0.242969 0.470313 0.453125 0.00171375
0 0.747266 0.924219 0.219531 0.151562 0.00161076
0 0.999219 0.889063 0.0015625 0.221875 0.00158501
1 0.512891 0.157031 0.896094 0.108984 0.00158501
0 0.998438 0.91875 0.003125 0.1625 0.00153637
1 0.532422 0.513281 0.863281 0.832812 0.938965
0 0.542969 0.514063 0.867188 0.825 0.00500107
1 0.302344 0.660937 0.407813 0.496875 0.00137806
0 0.917578 0.899219 0.164844 0.201562 0.00137234
1 0.533594 0.513281 0.885938 0.829687 0.938965
1 0.283203 0.624219 0.360938 0.595312 0.00201035
1 0.497656 0.0460938 0.934375 0.0921875 0.00194168
1 0.507031 0.037207 0.926562 0.0744141 0.00131989
1 0.532031 0.183984 0.879687 0.162891 0.0012598
1 0.529297 0.514844 0.875781 0.8125 0.887207
1 0.539062 0.511719 0.870313 0.820312 0.90918
1 0.282422 0.672266 0.361719 0.461719 0.00237846
1 0.539844 0.516406 0.860937 0.823438 0.896484
1 0.516406 0.973437 0.876562 0.053125 0.00126934
0 0.530469 0.516016 0.864062 0.827344 0.00100803
1 0.539062 0.511719 0.870313 0.820312 0.90918
1 0.282422 0.671875 0.361719 0.4625 0.00237846
