0 0.515527 0.475781 0.689258 0.879687 0.224731
1 0.515527 0.475781 0.689258 0.879687 0.197388
0 0.147266 0.419434 0.275391 0.77832 0.129883
0 0.384375 0.476953 0.602344 0.880469 0.125977
0 0.269141 0.559766 0.444531 0.705469 0.0533142
0 0.79668 0.496875 0.156641 0.839063 0.0493164
1 0.384375 0.476953 0.602344 0.880469 0.0432739
0 0.717188 0.474219 0.290625 0.864062 0.039856
0 0.762891 0.493359 0.228906 0.850781 0.0332642
0 0.634766 0.402344 0.428906 0.738281 0.0275269
1 0.147266 0.419434 0.275391 0.77832 0.0259552
0 0.537109 0.619531 0.638281 0.614062 0.02034
0 0.213477 0.521094 0.380859 0.726562 0.014389
0 0.197461 0.38125 0.380078 0.723437 0.0135345
0 0.667578 0.553516 0.380469 0.722656 0.00828552
0 0.356445 0.593359 0.584766 0.657031 0.00787354
1 0.269141 0.559766 0.444531 0.705469 0.0069313
1 0.197461 0.38125 0.380078 0.723437 0.0053215
0 0.828125 0.492188 0.103125 0.815625 0.00519943
1 0.717188 0.474219 0.290625 0.864062 0.0051384
1 0.537109 0.619531 0.638281 0.614062 0.00492477
1 0.79668 0.496875 0.156641 0.839063 0.0045929
1 0.754687 0.519922 0.24375 0.799219 0.0045929
0 0.764844 0.401563 0.196875 0.7375 0.00415039
1 0.572656 0.368359 0.560938 0.704687 0.00400543
0 0.417578 0.649609 0.708594 0.539844 0.00344276
1 0.356445 0.593359 0.584766 0.657031 0.00243378
0 0.820703 0.887891 0.358594 0.224219 0.00211525
0 0.259424 0.457031 0.367871 0.834375 0.00200272
0 0.506641 0.9125 0.711719 0.175 0.00198746
0 0.062207 0.45 0.113086 0.375781 0.00184631
1 0.667578 0.553516 0.380469 0.722656 0.00169373
1 0.213477 0.521094 0.380859 0.726562 0.00159168
0 0.323242 0.465625 0.335547 0.853125 0.00154877
0 0.568848 0.339453 0.549805 0.64375 0.00154877
0 0.0583984 0.0986328 0.116797 0.197266 0.00153637
0 0.00805664 0.106055 0.0161133 0.212109 0.00151253
0 0.608594 0.894531 0.63125 0.210938 0.00146675
1 0.506641 0.9125 0.711719 0.175 0.00143814
0 0.885938 0.507422 0.203125 0.807031 0.00140476
1 0.417578 0.649609 0.708594 0.539844 0.00139904
0 0.480078 0.881836 0.753906 0.236328 0.00135612
0 0.628027 0.16543 0.523633 0.330859 0.00130939
0 0.00872803 0.213477 0.0174561 0.288672 0.00127411
0 0.0140869 0.103516 0.0281738 0.207031 0.00126457
0 0.291797 0.389844 0.533594 0.748438 0.00126457
0 0.920703 0.536621 0.158594 0.679883 0.00125504
0 0.746484 0.160938 0.507031 0.321875 0.00123978
0 0.857031 0.898438 0.285937 0.203125 0.00122547
0 0.810547 0.175391 0.378906 0.350781 0.00120163
0 0.95625 0.151758 0.0875 0.303516 0.00119686
0 0.683594 0.89375 0.432813 0.2125 0.00118828
1 0.0140869 0.103516 0.0281738 0.207031 0.00117874
1 0.95625 0.151758 0.0875 0.303516 0.00117397
0 0.980469 0.315234 0.0390625 0.521875 0.0011692
0 0.93125 0.421582 0.1375 0.519336 0.00116062
0 0.984375 0.204297 0.03125 0.408594 0.00108624
0 0.0732422 0.105273 0.146484 0.210547 0.00107765
0 0.9125 0.454297 0.15 0.732031 0.00107765
0 0.611719 0.867578 0.4625 0.264844 0.00106907
0 0.977344 0.452441 0.0453125 0.62793 0.00106907
1 0.608594 0.894531 0.63125 0.210938 0.00106525
0 0.896875 0.202734 0.20625 0.405469 0.00105667
1 0.834961 0.892578 0.330078 0.214844 0.00105286
0 0.685156 0.882227 0.332812 0.235547 0.00104809
0 0.744922 0.896875 0.291406 0.20625 0.00102425
0 0.91875 0.292773 0.15 0.447266 0.00102425
1 0.00805664 0.106055 0.0161133 0.212109 0.00101662
1 0.444141 0.481641 0.842969 0.897656 0.832031
0 0.449219 0.482031 0.835938 0.9 0.0142288
1 0.897656 0.2125 0.204688 0.425 0.00224304
1 0.283398 0.492969 0.549609 0.8 0.00219917
1 0.81875 0.471094 0.323438 0.85625 0.00167465
1 0.436328 0.4875 0.836719 0.884375 0.859863
0 0.434375 0.485938 0.828125 0.91875 0.104675
1 0.452344 0.496875 0.851562 0.867188 0.894531
0 0.455469 0.490625 0.851562 0.898438 0.0505066
0 0.478125 0.757422 0.85625 0.322656 0.00651169
1 0.478906 0.15918 0.9 0.270703 0.00448608
1 0.478125 0.757422 0.85625 0.322656 0.00369263
0 0.491406 0.8125 0.904688 0.235938 0.00155449
0 0.478906 0.15918 0.9 0.270703 0.00131512
0 0.62041 0.763672 0.513867 0.308594 0.0012064
1 0.461719 0.473437 0.892187 0.896875 0.89502
0 0.473828 0.474609 0.914844 0.900781 0.00787354
1 0.460547 0.191797 0.896094 0.317969 0.0078125
1 0.472656 0.140234 0.920313 0.219531 0.0045929
0 0.999219 0.8875 0.0015625 0.225 0.00172043
0 0.998438 0.916406 0.003125 0.167187 0.00144386
1 0.851367 0.771484 0.297266 0.449219 0.00104046
0 0.851367 0.771484 0.297266 0.449219 0.00100803
1 0.444531 0.478516 0.846875 0.908594 0.930664
0 0.446094 0.472656 0.851562 0.892187 0.00286674
1 0.242188 0.671875 0.426562 0.4375 0.00217438
1 0.451562 0.473437 0.8625 0.907812 0.93457
0 0.454297 0.0956055 0.436719 0.147656 0.00239754
1 0.466406 0.132227 0.817187 0.215234 0.00231361
0 0.442187 0.483984 0.860937 0.894531 0.00208282
1 0.599219 0.256641 0.509375 0.460156 0.00119686
0 0.535156 0.102954 0.444531 0.164795 0.00117874
1 0.442578 0.464063 0.852344 0.867188 0.882324
0 0.447656 0.479297 0.848437 0.872656 0.0130234
1 0.616504 0.474219 0.506055 0.875 0.00250244
1 0.294531 0.449609 0.535937 0.838281 0.00100803
1 0.457031 0.476172 0.851562 0.889844 0.921875
0 0.449219 0.475781 0.848437 0.895312 0.00695801
1 0.45625 0.475 0.859375 0.884375 0.911133
0 0.448438 0.477344 0.853125 0.882812 0.00400543
1 0.457031 0.476172 0.851562 0.889844 0.921875
0 0.449219 0.475781 0.848437 0.895312 0.00701141
