1 0.576953 0.488281 0.719531 0.751562 0.726562
0 0.576953 0.488281 0.719531 0.751562 0.106873
1 0.376953 0.483496 0.307031 0.701758 0.00963593
0 0.829883 0.889063 0.340234 0.221875 0.006073
1 0.445312 0.487891 0.45 0.697656 0.00595856
0 0.733594 0.896875 0.360938 0.20625 0.00379562
0 0.376953 0.483496 0.307031 0.701758 0.00351143
0 0.309961 0.55625 0.176172 0.353125 0.00337601
0 0.831055 0.491797 0.203516 0.733594 0.00279045
0 0.664453 0.883203 0.313281 0.233594 0.0026722
0 0.804883 0.849805 0.390234 0.300391 0.00246239
0 0.703125 0.501562 0.448438 0.76875 0.00235939
0 0.166797 0.221533 0.33125 0.324121 0.00234985
0 0.335156 0.516504 0.225781 0.607617 0.00228691
0 0.988672 0.365625 0.0226563 0.445312 0.00214005
1 0.726562 0.891016 0.379687 0.217969 0.00201988
0 0.85625 0.516406 0.146875 0.665625 0.00191212
0 0.986328 0.477441 0.0273438 0.570117 0.00191212
0 0.571094 0.899219 0.357812 0.201562 0.00181007
1 0.56084 0.549902 0.618945 0.606445 0.00175476
0 0.44375 0.475684 0.460938 0.742383 0.00173378
0 0.311523 0.527441 0.173828 0.51543 0.0017004
1 0.752344 0.507422 0.351562 0.750781 0.00169373
0 0.301172 0.87832 0.253906 0.243359 0.00168705
0 0.888281 0.521875 0.0953125 0.66875 0.00168133
0 0.987891 0.283203 0.0242187 0.494531 0.00166798
0 0.109375 0.526563 0.21875 0.676562 0.00165462
1 0.493359 0.566016 0.454688 0.552344 0.0016489
1 0.440625 0.587109 0.382812 0.491406 0.00163555
0 0.396875 0.888281 0.382812 0.223438 0.00160408
1 0.82793 0.889844 0.344141 0.220313 0.0015192
0 0.712109 0.836719 0.400781 0.326562 0.00150108
0 0.494141 0.907031 0.548437 0.185937 0.00144958
0 0.9875 0.184766 0.025 0.369531 0.00143814
0 0.950781 0.403809 0.0984375 0.487695 0.0014267
1 0.306641 0.538281 0.172656 0.398438 0.00141048
1 0.988281 0.328711 0.0234375 0.459766 0.00136185
1 0.970312 0.146875 0.059375 0.29375 0.00134563
0 0.174902 0.499609 0.181445 0.641406 0.00134087
0 0.970312 0.146875 0.059375 0.29375 0.00131989
0 0.930469 0.170117 0.139062 0.340234 0.00125504
1 0.821094 0.50791 0.221875 0.74043 0.0012064
1 0.396875 0.888281 0.382812 0.223438 0.00119209
0 0.186914 0.214648 0.372266 0.426953 0.00119209
0 0.0721191 0.483203 0.144238 0.396875 0.00117874
1 0.335156 0.516504 0.225781 0.607617 0.00117874
0 0.0713379 0.414062 0.142676 0.2875 0.00116062
1 0.628125 0.902344 0.465625 0.195312 0.00116062
0 0.905469 0.125586 0.189063 0.251172 0.0011425
0 0.982422 0.589453 0.0351562 0.564844 0.00113773
1 0.9875 0.184766 0.025 0.369531 0.00112057
1 0.9875 0.433203 0.025 0.528906 0.00109863
0 0.632031 0.830469 0.354688 0.339063 0.00109863
1 0.166797 0.221533 0.33125 0.324121 0.00109482
0 0.477734 0.658984 0.357812 0.366406 0.00109005
0 0.0666992 0.103906 0.133398 0.207813 0.00106907
1 0.495996 0.903906 0.59707 0.192188 0.00106049
0 0.951953 0.508203 0.0960938 0.649219 0.00102425
0 0.0644043 0.272656 0.127832 0.189063 0.00102425
1 0.664453 0.883203 0.313281 0.233594 0.00101662
0 0.887109 0.878906 0.225781 0.242188 0.00101662
0 0.877734 0.131641 0.244531 0.263281 0.00100803
0 0.00802002 0.108496 0.01604 0.216992 0.00100422
1 0.575 0.479297 0.70625 0.735156 0.819336
0 0.575 0.479297 0.70625 0.735156 0.0051384
1 0.891016 0.194727 0.217969 0.389453 0.00355148
1 0.158984 0.559473 0.317969 0.710742 0.00214005
1 0.8625 0.469922 0.153125 0.710156 0.00143242
1 0.977344 0.454297 0.0453125 0.735156 0.00140476
1 0.21875 0.555859 0.4375 0.774219 0.00116062
1 0.818359 0.204688 0.363281 0.409375 0.00109005
0 0.889453 0.185059 0.221094 0.370117 0.00107765
1 0.579004 0.465625 0.707617 0.734375 0.910156
0 0.579687 0.464941 0.720312 0.738867 0.0272217
1 0.226904 0.196045 0.369629 0.354004 0.00173378
1 0.57041 0.491797 0.698242 0.744531 0.803223
0 0.566406 0.496094 0.7 0.751562 0.169922
0 0.574609 0.685938 0.710156 0.320312 0.00237846
1 0.581934 0.6875 0.686133 0.309375 0.00208282
1 0.646484 0.332422 0.546094 0.440625 0.00105286
1 0.578125 0.464063 0.701563 0.721875 0.810547
0 0.581348 0.461816 0.704492 0.723242 0.172119
1 0.216797 0.204688 0.428906 0.366406 0.02211
1 0.300781 0.209375 0.601562 0.384375 0.00891876
1 0.155664 0.578125 0.294141 0.732813 0.00431442
0 0.216797 0.204688 0.428906 0.366406 0.00200272
0 0.280859 0.766016 0.561719 0.446094 0.00188923
1 0.280859 0.766016 0.561719 0.446094 0.00181007
0 0.167969 0.575391 0.321094 0.761719 0.00173378
1 0.226172 0.589941 0.438281 0.695117 0.00161648
0 0.300781 0.209375 0.601562 0.384375 0.00149536
0 0.999219 0.890625 0.0015625 0.21875 0.00146103
0 0.998438 0.916016 0.003125 0.167969 0.00145531
1 0.580469 0.478516 0.709375 0.735156 0.916016
0 0.578906 0.474609 0.710938 0.724219 0.00390053
1 0.576563 0.473828 0.695312 0.741406 0.893066
0 0.565234 0.481641 0.694531 0.730469 0.0319824
1 0.694141 0.370313 0.464844 0.539062 0.00134563
0 0.10625 0.0863281 0.2125 0.166211 0.00124931
1 0.564453 0.466016 0.683594 0.717969 0.836426
0 0.563281 0.464063 0.692187 0.723437 0.0177155
1 0.571484 0.467578 0.697656 0.727344 0.90918
0 0.570703 0.467285 0.692969 0.731055 0.00844574
1 0.563281 0.475879 0.698438 0.723242 0.882324
0 0.567969 0.475879 0.698438 0.720117 0.0101318
1 0.571484 0.467578 0.697656 0.727344 0.90918
0 0.570703 0.467285 0.692969 0.731055 0.00844574
