0 0.330859 0.486719 0.463281 0.792188 0.306641
0 0.253906 0.485938 0.307813 0.792188 0.262207
0 0.505469 0.474121 0.859375 0.79082 0.19873
1 0.514453 0.475 0.822656 0.792188 0.081543
0 0.653516 0.491406 0.489844 0.801562 0.0679321
1 0.330859 0.486719 0.463281 0.792188 0.0597534
1 0.253906 0.485938 0.307813 0.792188 0.0375366
0 0.5875 0.605859 0.634375 0.578906 0.0313721
0 0.742969 0.491309 0.301562 0.789258 0.0308533
0 0.465625 0.642969 0.6375 0.510938 0.0239563
1 0.653516 0.491406 0.489844 0.801562 0.0151291
0 0.349609 0.644531 0.446094 0.495313 0.00948334
1 0.5875 0.605859 0.634375 0.578906 0.0086441
0 0.442969 0.558594 0.578906 0.685938 0.00720596
1 0.742969 0.491309 0.301562 0.789258 0.0053215
1 0.465625 0.642969 0.6375 0.510938 0.00438309
0 0.846875 0.525781 0.11875 0.695312 0.00421524
0 0.501465 0.931641 0.742383 0.136719 0.00403976
0 0.938281 0.413379 0.123438 0.670117 0.00374985
0 0.926562 0.348047 0.146875 0.550781 0.00296974
0 0.160156 0.407813 0.114453 0.351562 0.00219154
0 0.979688 0.401953 0.040625 0.701563 0.00209999
0 0.166504 0.483594 0.127148 0.396875 0.00208282
1 0.517871 0.916406 0.776758 0.167187 0.00199509
0 0.553809 0.905469 0.726758 0.189063 0.00194168
0 0.570215 0.884961 0.618945 0.230078 0.00186729
1 0.442969 0.558594 0.578906 0.685938 0.00160408
1 0.928125 0.411719 0.14375 0.671875 0.00156116
0 0.818555 0.88125 0.344141 0.2375 0.00151253
0 0.972266 0.460059 0.0554687 0.77207 0.00145531
0 0.946094 0.891797 0.107813 0.216406 0.00141621
0 0.0447754 0.121484 0.0895508 0.242969 0.00139904
1 0.349609 0.644531 0.446094 0.495313 0.00135612
0 0.756641 0.0759277 0.486719 0.151855 0.00133514
0 0.925 0.120703 0.15 0.241406 0.00126934
0 0.648438 0.894531 0.49375 0.210938 0.0012598
1 0.925 0.120703 0.15 0.241406 0.00125504
0 0.698047 0.873828 0.369531 0.252344 0.00124454
0 0.014917 0.104199 0.029834 0.208398 0.00122547
0 0.049707 0.430469 0.0994141 0.347656 0.00121117
0 0.983594 0.162012 0.0328125 0.324023 0.0012064
0 0.769531 0.875781 0.264062 0.248437 0.00120163
0 0.765625 0.12959 0.46875 0.25918 0.00117397
0 0.212842 0.512598 0.229004 0.724805 0.00115108
0 0.971875 0.785937 0.05625 0.339063 0.00114727
0 0.979688 0.116406 0.040625 0.232812 0.0011425
0 0.873047 0.173145 0.253906 0.346289 0.0011425
0 0.925 0.455469 0.1375 0.80625 0.00113773
0 0.942187 0.85 0.115625 0.3 0.00113773
0 0.775195 0.102441 0.449609 0.204883 0.00113392
1 0.979688 0.401953 0.040625 0.701563 0.0011158
0 0.969531 0.694531 0.0609375 0.560938 0.00110722
0 0.959375 0.911719 0.08125 0.176563 0.00110722
0 0.0498047 0.108789 0.0996094 0.217578 0.00110722
0 0.573535 0.0539063 0.612305 0.107813 0.00110722
0 0.00910645 0.324951 0.0182129 0.338379 0.0011034
0 0.676562 0.120117 0.45 0.240234 0.00109863
0 0.965625 0.846484 0.06875 0.307031 0.00109863
1 0.014917 0.104199 0.029834 0.208398 0.00104046
0 0.258984 0.917969 0.435156 0.164062 0.00103188
0 0.971094 0.578906 0.0578125 0.671875 0.00103188
0 0.49834 0.165039 0.420508 0.306641 0.00101185
0 0.498047 0.145508 0.538281 0.291016 0.00101185
1 0.502344 0.488965 0.817187 0.79082 0.856445
0 0.500781 0.482422 0.810938 0.788281 0.00274658
1 0.766797 0.459766 0.466406 0.749219 0.00223351
0 0.0518555 0.163379 0.103711 0.326758 0.00168133
1 0.0507324 0.239063 0.101465 0.478125 0.00106049
1 0.507812 0.495313 0.804688 0.807813 0.914551
0 0.508594 0.496094 0.826563 0.807813 0.0311432
1 0.329688 0.274023 0.41875 0.358203 0.00121593
1 0.508203 0.495313 0.782031 0.8 0.893066
0 0.507031 0.490625 0.801562 0.803125 0.0696411
0 0.513281 0.771094 0.823438 0.253125 0.00220871
0 0.613379 0.755469 0.595117 0.2875 0.00178909
1 0.513281 0.771094 0.823438 0.253125 0.0017271
1 0.613379 0.755469 0.595117 0.2875 0.00144386
0 0.448438 0.730469 0.692187 0.334375 0.0012064
0 0.321484 0.723437 0.442969 0.332812 0.00102425
1 0.513281 0.481934 0.801562 0.79707 0.86084
0 0.510547 0.484375 0.792969 0.804688 0.0587769
0 0.159277 0.934375 0.299414 0.13125 0.00261116
0 0.996094 0.722266 0.0078125 0.492969 0.00259018
1 0.498047 0.264648 0.816406 0.342578 0.00176144
0 0.998828 0.86875 0.00234375 0.2625 0.00139904
0 0.996094 0.788086 0.0078125 0.423828 0.0012846
1 0.496484 0.199268 0.889844 0.210059 0.00113773
1 0.512891 0.49375 0.810156 0.81875 0.939453
1 0.305469 0.619531 0.404687 0.520312 0.00340271
1 0.509766 0.0694336 0.861719 0.138867 0.00147247
1 0.501562 0.510156 0.810938 0.842188 0.928711
0 0.502734 0.492969 0.810156 0.814062 0.00341606
0 0.141113 0.945312 0.272461 0.107813 0.00153637
1 0.527344 0.0442383 0.901563 0.0884766 0.00127411
1 0.507812 0.202344 0.829687 0.228125 0.00123978
1 0.501562 0.4875 0.79375 0.80625 0.868164
0 0.501953 0.488184 0.783594 0.79707 0.0275879
1 0.348437 0.39375 0.489062 0.617188 0.00106907
1 0.510547 0.495703 0.803906 0.808594 0.917969
0 0.506641 0.493359 0.791406 0.810156 0.00385475
1 0.502441 0.487402 0.793555 0.786133 0.872559
0 0.500781 0.489062 0.785937 0.8 0.0541077
1 0.510547 0.495703 0.803906 0.808594 0.917969
0 0.506348 0.493359 0.791992 0.810156 0.00388527
