0 0.55625 0.470996 0.842188 0.787695 0.74707
0 0.404297 0.478125 0.514844 0.79375 0.0608521
0 0.354688 0.463281 0.357812 0.785937 0.0534973
0 0.682031 0.487891 0.601562 0.774219 0.0499573
1 0.548437 0.468652 0.85625 0.787695 0.0174408
0 0.296289 0.464746 0.234766 0.779883 0.00971222
0 0.0426758 0.647656 0.0853516 0.459375 0.00787354
0 0.538184 0.916016 0.77207 0.167969 0.00572968
0 0.862891 0.869922 0.274219 0.260156 0.00293541
0 0.915625 0.870898 0.16875 0.258203 0.00254059
0 0.715234 0.171191 0.569531 0.342383 0.00228691
1 0.404297 0.478125 0.514844 0.79375 0.00225258
0 0.952734 0.917188 0.0945313 0.165625 0.00192642
0 0.50625 0.837305 0.7125 0.325391 0.00186062
0 0.0701172 0.667578 0.130078 0.502344 0.00183105
0 0.473047 0.933594 0.717969 0.132812 0.00172043
1 0.5375 0.908594 0.790625 0.182812 0.0016613
0 0.845312 0.830078 0.309375 0.339844 0.0016613
0 0.755469 0.226953 0.489062 0.453906 0.00161076
0 0.471973 0.054834 0.682617 0.109668 0.00158501
0 0.775781 0.477344 0.434375 0.757812 0.00154877
0 0.803125 0.885742 0.354688 0.228516 0.00153637
0 0.871289 0.330859 0.257422 0.569531 0.0014782
0 0.642578 0.0955078 0.578906 0.191016 0.00142097
0 0.932813 0.840039 0.134375 0.319922 0.00141621
0 0.832812 0.516406 0.314063 0.689062 0.00141048
0 0.601562 0.160547 0.540625 0.321094 0.00138283
0 0.735937 0.107227 0.528125 0.214453 0.00137234
0 0.486719 0.184082 0.679688 0.368164 0.00135136
0 0.194482 0.538281 0.0891602 0.614062 0.00134087
0 0.798828 0.314453 0.402344 0.578125 0.00131512
0 0.654688 0.210547 0.5375 0.421094 0.00131512
0 0.0514648 0.460938 0.10293 0.66875 0.00129986
0 0.488379 0.407813 0.576367 0.66875 0.00129414
0 0.0123291 0.628906 0.0246582 0.432813 0.00123024
0 0.932031 0.125 0.135937 0.25 0.00121593
0 0.708594 0.892187 0.404687 0.215625 0.00121593
0 0.052002 0.363281 0.104004 0.453125 0.00120163
0 0.9375 0.646094 0.125 0.657812 0.00118828
0 0.530566 0.117578 0.613867 0.235156 0.00117397
0 0.934375 0.338281 0.13125 0.628125 0.00115108
0 0.977734 0.191992 0.0445312 0.383984 0.00114727
0 0.0148437 0.101953 0.0296875 0.203906 0.00112915
0 0.484766 0.208984 0.502344 0.417969 0.00111198
1 0.932031 0.125 0.135937 0.25 0.00110722
0 0.0769287 0.487891 0.132471 0.742969 0.00109482
0 0.161035 0.532812 0.0728516 0.634375 0.00108624
1 0.863281 0.875781 0.273438 0.248437 0.00106907
0 0.952344 0.405078 0.0953125 0.596094 0.00104809
0 0.160742 0.620313 0.0625 0.390625 0.00104427
0 0.564941 0.0612793 0.612305 0.122559 0.00103188
0 0.541406 0.467969 0.817187 0.789062 0.929199
0 0.509473 0.614453 0.756055 0.507031 0.00971222
0 0.525781 0.6875 0.770312 0.365625 0.00664139
0 0.41084 0.477441 0.55332 0.785742 0.00462723
0 0.427344 0.649219 0.586719 0.434375 0.00446701
0 0.291602 0.478223 0.312891 0.78418 0.00235939
1 0.541406 0.467969 0.817187 0.789062 0.00228691
0 0.344141 0.513672 0.424219 0.699219 0.00225258
0 0.0533203 0.657031 0.106641 0.509375 0.00113392
0 0.349414 0.608691 0.438672 0.501367 0.00104809
0 0.552344 0.470703 0.845312 0.783594 0.945801
0 0.382031 0.274609 0.40625 0.400781 0.00605011
0 0.480371 0.279687 0.589258 0.415625 0.00349617
1 0.557813 0.471484 0.853125 0.782031 0.00344276
0 0.321484 0.269922 0.283594 0.382031 0.00266266
0 0.297998 0.47959 0.311816 0.75957 0.00162315
0 0.577344 0.299805 0.804688 0.457422 0.00135612
0 0.325781 0.65625 0.366406 0.414062 0.00128937
0 0.4125 0.48916 0.54375 0.749805 0.0012846
0 0.432715 0.643359 0.576758 0.439844 0.00107288
0 0.566406 0.478125 0.804688 0.8 0.935547
1 0.557031 0.473047 0.848437 0.791406 0.00482941
0 0.473437 0.697656 0.679688 0.340625 0.00311089
0 0.345508 0.7 0.409766 0.332812 0.0017271
0 0.55 0.771875 0.85 0.221875 0.00150108
0 0.137305 0.923437 0.271875 0.153125 0.00118351
0 0.00400391 0.857422 0.00800781 0.285156 0.00113392
0 0.00515137 0.108398 0.0103027 0.216797 0.00107288
0 0.513672 0.310547 0.667969 0.466406 0.00102425
0 0.4875 0.474219 0.970312 0.798437 0.918945
0 0.999219 0.889453 0.0015625 0.221094 0.00309944
0 0.996484 0.783594 0.00703125 0.432813 0.00277901
0 0.153418 0.920313 0.281445 0.153125 0.0024147
0 0.997656 0.834961 0.0046875 0.330078 0.00216484
0 0.998438 0.921875 0.003125 0.15625 0.00150108
0 0.996875 0.0868164 0.00625 0.173633 0.00113392
0 1 0.772656 0 0.239063 0.00101662
0 0.553906 0.472656 0.848437 0.784375 0.917969
1 0.562109 0.475 0.827344 0.8 0.0125275
0 0.554688 0.498828 0.84375 0.846094 0.915527
0 0.074707 0.540234 0.149414 0.900781 0.00591278
1 0.555469 0.498047 0.859375 0.847656 0.00566483
0 0.0585449 0.679688 0.113379 0.640625 0.00469971
0 0.164941 0.925391 0.321289 0.149219 0.00294685
0 0.124316 0.538281 0.225586 0.898438 0.00279999
0 0.178906 0.532031 0.21875 0.89375 0.00162888
0 0.53125 0.0401855 0.925 0.0803711 0.0012207
0 0.130176 0.93125 0.249023 0.132812 0.00109482
0 0.336719 0.498047 0.392969 0.789844 0.00105667
0 0.558594 0.475 0.834375 0.784375 0.888184
1 0.557813 0.476172 0.834375 0.785156 0.0030632
0 0.564062 0.474121 0.83125 0.79707 0.909668
0 0.33833 0.516504 0.389746 0.69668 0.00234222
0 0.557813 0.473047 0.8375 0.785156 0.928223
1 0.557813 0.471973 0.842188 0.78418 0.00132465
0 0.34043 0.524316 0.394141 0.698242 0.00109482
0 0.563672 0.473828 0.830469 0.797656 0.909668
0 0.33833 0.516504 0.389746 0.69668 0.00233269
