0 0.495703 0.504687 0.719531 0.834375 0.469727
1 0.49541 0.503906 0.712305 0.835938 0.23938
0 0.320703 0.639844 0.403906 0.582812 0.0319214
1 0.320703 0.639844 0.403906 0.582812 0.0293732
1 0.469531 0.623047 0.685938 0.627344 0.0229797
0 0.15293 0.460938 0.0828125 0.685938 0.0210876
0 0.496973 0.648047 0.710742 0.594531 0.0210419
1 0.344922 0.486328 0.475781 0.813281 0.0153046
0 0.25708 0.652344 0.276465 0.546875 0.0141754
0 0.202686 0.477734 0.17666 0.782031 0.0134277
0 0.161328 0.405566 0.0839844 0.466992 0.00941467
1 0.25708 0.652344 0.276465 0.546875 0.0086441
0 0.344922 0.486328 0.475781 0.813281 0.00737381
0 0.650781 0.512109 0.404687 0.813281 0.00701141
1 0.260938 0.47666 0.292188 0.793555 0.00614548
0 0.260938 0.47666 0.292188 0.793555 0.00540543
1 0.15293 0.460938 0.0828125 0.685938 0.00536346
0 0.946484 0.329102 0.107031 0.498047 0.00300407
1 0.161328 0.405566 0.0839844 0.466992 0.00248146
0 0.146094 0.455078 0.065625 0.317187 0.00239754
0 0.178564 0.587109 0.134277 0.375781 0.00233269
0 0.925781 0.264062 0.148438 0.45 0.00228691
0 0.232031 0.376563 0.216406 0.51875 0.00214958
0 0.0438965 0.308545 0.0860352 0.330566 0.00168705
0 0.553125 0.162793 0.551562 0.325586 0.0016613
0 0.544922 0.903125 0.614844 0.19375 0.00158501
0 0.885156 0.294141 0.151562 0.526563 0.00146675
0 0.0480957 0.415234 0.0961914 0.4 0.00146103
0 0.560156 0.219922 0.535937 0.433594 0.00145531
0 0.696484 0.9 0.400781 0.2 0.00144386
0 0.977344 0.346094 0.0453125 0.594531 0.00141048
0 0.496191 0.18418 0.31543 0.223047 0.00139904
1 0.544922 0.903125 0.614844 0.19375 0.00139904
1 0.190967 0.501562 0.163379 0.820312 0.00138283
0 0.840234 0.0957031 0.319531 0.191406 0.00137234
0 0.00943604 0.350391 0.0188721 0.304688 0.00137234
0 0.773438 0.0802734 0.453125 0.160547 0.00135136
0 0.479297 0.179736 0.432031 0.260059 0.00134563
0 0.532031 0.207422 0.520312 0.315234 0.00132465
0 0.503125 0.185937 0.2 0.216406 0.00130939
0 0.206445 0.660156 0.184766 0.298438 0.00130463
1 0.840234 0.0957031 0.319531 0.191406 0.00129986
0 0.00788574 0.944531 0.0157715 0.110937 0.00128937
0 0.629785 0.129883 0.548242 0.259766 0.00127411
1 0.397559 0.659375 0.554883 0.55 0.00126934
0 0.0515625 0.115039 0.103125 0.230078 0.00125504
0 0.9375 0.483691 0.125 0.770117 0.00124454
0 0.106836 0.431641 0.059375 0.528906 0.00123501
0 0.62959 0.193359 0.526758 0.386719 0.0012207
0 0.00877686 0.265625 0.0175537 0.335938 0.00121593
0 0.982813 0.164746 0.034375 0.329492 0.00121593
0 0.749609 0.0545898 0.500781 0.10918 0.0012064
0 0.0659668 0.953125 0.131934 0.09375 0.00119686
0 0.04375 0.230029 0.0857422 0.350879 0.00117874
0 0.88457 0.278906 0.230859 0.523438 0.00117874
0 0.459473 0.184814 0.18418 0.213965 0.0011692
0 0.792188 0.905078 0.359375 0.189844 0.00116062
0 0.957031 0.139551 0.0859375 0.279102 0.00116062
0 0.0171387 0.938281 0.0342773 0.123438 0.00115585
0 0.964844 0.741406 0.0703125 0.482812 0.00115585
0 0.735156 0.532715 0.2375 0.762695 0.00115108
0 0.846875 0.309766 0.0671875 0.535937 0.00113392
0 0.969531 0.470215 0.0609375 0.77832 0.00112057
0 0.791797 0.155762 0.416406 0.311523 0.00109863
0 0.518848 0.391406 0.66543 0.621875 0.00109482
0 0.188086 0.922656 0.376172 0.154687 0.00109005
0 0.151953 0.94375 0.303906 0.1125 0.00108624
0 0.957031 0.502734 0.0859375 0.796094 0.00107765
0 0.896484 0.189063 0.207031 0.378125 0.00106907
0 0.0867188 0.946875 0.173438 0.10625 0.00106049
1 0.0171387 0.938281 0.0342773 0.123438 0.00105667
0 0.574219 0.107031 0.575 0.214062 0.00104809
0 0.471191 0.835938 0.670117 0.229687 0.00104809
0 0.00800781 0.122363 0.0160156 0.244727 0.00104809
0 0.00864258 0.769531 0.0172852 0.278125 0.00104809
0 0.0135742 0.1 0.0271484 0.2 0.00104427
0 0.00932617 0.429785 0.0186523 0.38418 0.00104427
0 0.50166 0.870117 0.69668 0.259766 0.00104046
1 0.696484 0.9 0.400781 0.2 0.00102806
0 0.471777 0.0459961 0.673633 0.0919922 0.00102425
0 0.051709 0.523438 0.0985352 0.373437 0.00102425
1 0.925781 0.264062 0.148438 0.45 0.00100803
0 0.646094 0.885547 0.425 0.228906 0.00100422
0 0.00872803 0.719922 0.0174561 0.283594 0.00100422
1 0.491797 0.509375 0.739844 0.851562 0.90918
0 0.491797 0.509375 0.739844 0.851562 0.00841522
1 0.0697266 0.237891 0.139453 0.475781 0.00157356
0 0.957812 0.498437 0.084375 0.809375 0.00102425
1 0.957812 0.498437 0.084375 0.809375 0.00100422
1 0.489062 0.516406 0.715625 0.854688 0.901855
0 0.489941 0.515625 0.724805 0.85625 0.0238647
1 0.493359 0.520703 0.744531 0.877344 0.88623
0 0.498535 0.512109 0.735742 0.867969 0.0190125
0 0.520312 0.818555 0.8 0.259766 0.00291252
1 0.520312 0.818555 0.8 0.259766 0.0027256
1 0.421484 0.791992 0.613281 0.316016 0.00138855
1 0.323438 0.795117 0.428125 0.309766 0.00137234
0 0.421484 0.791992 0.613281 0.316016 0.00125504
0 0.932813 0.899219 0.134375 0.196875 0.00102806
1 0.49209 0.499219 0.73457 0.853125 0.850586
0 0.48916 0.497656 0.729492 0.864062 0.11145
1 0.492578 0.225439 0.739844 0.276465 0.00194168
0 0.996094 0.571875 0.0078125 0.485938 0.00189686
0 0.996875 0.695703 0.00625 0.483594 0.00169373
0 0.939062 0.875781 0.121875 0.239063 0.00137806
0 0.998438 0.917578 0.003125 0.164844 0.0012598
0 0.999219 0.887109 0.0015625 0.225781 0.00109005
0 0.998047 0.764844 0.00390625 0.470313 0.00106907
1 0.494141 0.507812 0.744531 0.865625 0.93457
0 0.932813 0.885742 0.134375 0.228516 0.00457382
1 0.343555 0.707812 0.458203 0.45 0.00243378
1 0.320312 0.605859 0.419531 0.636719 0.00188923
1 0.932813 0.885742 0.134375 0.228516 0.00169373
1 0.497656 0.508594 0.764063 0.867188 0.935059
1 0.507031 0.199805 0.795313 0.234766 0.00154877
1 0.488672 0.514063 0.742969 0.8625 0.873047
0 0.490625 0.515625 0.734375 0.865625 0.00352478
1 0.577344 0.392969 0.55 0.616406 0.0011158
1 0.503516 0.519141 0.752344 0.863281 0.911621
0 0.494141 0.512891 0.736719 0.867969 0.00313568
1 0.311768 0.69375 0.388965 0.475 0.0015974
1 0.494922 0.510156 0.752344 0.85625 0.916016
0 0.497559 0.511719 0.742383 0.851562 0.00434875
1 0.352148 0.284375 0.704297 0.56875 0.00223351
1 0.297656 0.197266 0.595312 0.394531 0.00135612
1 0.503516 0.519141 0.752344 0.863281 0.911621
0 0.494141 0.512891 0.736719 0.867969 0.00318527
1 0.311768 0.69375 0.388965 0.475 0.0015974
