0 0.575 0.519531 0.784375 0.804688 0.716309
0 0.408691 0.526563 0.64043 0.8125 0.0889893
0 0.284814 0.513672 0.376465 0.807031 0.0828247
0 0.269189 0.118945 0.256152 0.235547 0.0302124
1 0.547266 0.518359 0.830469 0.810156 0.0243378
0 0.234814 0.507129 0.253027 0.776367 0.0110321
0 0.669531 0.485938 0.575 0.81875 0.00854492
0 0.214844 0.117773 0.141406 0.233594 0.00540543
1 0.408691 0.526563 0.64043 0.8125 0.00538635
0 0.744922 0.536816 0.422656 0.78418 0.00455475
1 0.284814 0.513672 0.376465 0.807031 0.0042305
0 0.894531 0.873047 0.210938 0.253906 0.0029583
0 0.521973 0.90625 0.716992 0.1875 0.00287819
0 0.194922 0.605469 0.185156 0.614062 0.0026722
1 0.667578 0.521875 0.577344 0.79375 0.00242424
0 0.198828 0.518848 0.159375 0.604492 0.00235939
1 0.280078 0.116113 0.235156 0.232227 0.00228691
0 0.983203 0.435547 0.0335938 0.689844 0.00218201
0 0.653906 0.147461 0.54375 0.294922 0.00212479
0 0.741406 0.199805 0.517187 0.399609 0.0020752
0 0.734766 0.126563 0.530469 0.253125 0.00205803
0 0.0526855 0.40791 0.105371 0.423242 0.00164223
1 0.521973 0.90625 0.716992 0.1875 0.00162888
0 0.860937 0.895312 0.278125 0.209375 0.00159168
0 0.65 0.241406 0.529688 0.482812 0.00154305
0 0.98125 0.307031 0.0375 0.5875 0.00148964
0 0.0554687 0.32168 0.110937 0.337891 0.00147247
0 0.577734 0.183691 0.444531 0.367383 0.00144958
0 0.907812 0.344531 0.184375 0.570312 0.0014267
0 0.597559 0.0919922 0.526758 0.183984 0.00142097
0 0.882812 0.303125 0.234375 0.58125 0.00139427
0 0.635547 0.375391 0.574219 0.595312 0.00131989
0 0.71875 0.905469 0.4 0.189063 0.0012846
0 0.98125 0.547656 0.0375 0.675 0.00127888
0 0.831641 0.271484 0.336719 0.542969 0.00124454
0 0.392578 0.499609 0.238281 0.803906 0.0012207
0 0.766406 0.29707 0.467187 0.594141 0.0012064
0 0.219531 0.414941 0.176563 0.495117 0.00119686
0 0.935156 0.133789 0.129688 0.267578 0.00119686
0 0.890625 0.827344 0.21875 0.345313 0.0011692
0 0.530078 0.698047 0.807031 0.491406 0.00116062
0 0.77832 0.904688 0.343359 0.190625 0.0011425
0 0.00827637 0.134766 0.0165527 0.269531 0.00113392
0 0.0563477 0.108203 0.112695 0.216406 0.00112057
0 0.580859 0.177734 0.282031 0.355469 0.0011158
1 0.935156 0.133789 0.129688 0.267578 0.00108147
0 0.940625 0.387891 0.11875 0.575781 0.00107288
1 0.885547 0.883789 0.228906 0.232422 0.00105286
0 0.158496 0.657422 0.104883 0.347656 0.00102806
0 0.183203 0.117383 0.103906 0.234766 0.00102425
0 0.00831299 0.441797 0.016626 0.378906 0.00100803
0 0.539844 0.514063 0.826563 0.823438 0.915039
1 0.535547 0.507422 0.853906 0.811719 0.0339661
0 0.516406 0.657812 0.820312 0.545313 0.014389
0 0.272852 0.117285 0.261328 0.227148 0.0102921
1 0.273438 0.116406 0.264844 0.232031 0.00748825
0 0.3375 0.115918 0.405469 0.231836 0.00482941
0 0.433984 0.606641 0.650781 0.636719 0.00479126
0 0.504687 0.740625 0.775 0.390625 0.00468063
0 0.302783 0.622656 0.391309 0.601562 0.00443268
1 0.3375 0.115918 0.405469 0.231836 0.00314713
0 0.314453 0.527441 0.428906 0.75918 0.00287819
0 0.507031 0.799219 0.839063 0.3 0.00130939
0 0.838867 0.496973 0.291016 0.738867 0.0012064
0 0.519141 0.118555 0.802344 0.237109 0.00106049
0 0.539062 0.517578 0.8625 0.830469 0.939453
0 0.275732 0.535547 0.334473 0.785156 0.0050621
1 0.538281 0.528125 0.864062 0.825 0.00293541
0 0.548047 0.329492 0.797656 0.467578 0.00138283
0 0.222217 0.516797 0.229785 0.807031 0.00104046
0 0.192139 0.118945 0.118848 0.237891 0.00103664
0 0.530469 0.520312 0.845312 0.851562 0.927734
0 0.273633 0.115039 0.266797 0.228516 0.00841522
1 0.530469 0.520312 0.845312 0.851562 0.00728989
0 0.104492 0.892187 0.201172 0.2125 0.00257111
0 0.536719 0.829687 0.854688 0.228125 0.00237846
0 0.904688 0.896875 0.1875 0.203125 0.00199509
0 0.539062 0.751562 0.85 0.385938 0.00114727
0 0.0956055 0.5 0.182227 0.689062 0.0011158
0 0.530469 0.344922 0.81875 0.46875 0.00109863
0 0.522656 0.517187 0.845312 0.823438 0.904785
1 0.541406 0.515625 0.839063 0.84375 0.00271416
0 0.999219 0.885547 0.0015625 0.228906 0.00221634
0 0.998438 0.917969 0.003125 0.164062 0.00206757
0 0.535937 0.518359 0.865625 0.860156 0.914551
1 0.542969 0.517969 0.860937 0.848437 0.0231476
0 0.910547 0.899219 0.178906 0.201562 0.00133514
0 0.544141 0.521875 0.863281 0.85 0.92041
0 0.087915 0.110937 0.169482 0.221875 0.00624084
1 0.544141 0.521875 0.863281 0.85 0.00191879
1 0.087915 0.110937 0.169482 0.221875 0.00191212
0 0.191406 0.584375 0.182031 0.80625 0.00168133
0 0.188672 0.287109 0.0546875 0.0539063 0.00153637
0 0.293164 0.606641 0.366797 0.691406 0.00108624
0 0.540625 0.521094 0.85625 0.829687 0.884277
1 0.536719 0.514063 0.857813 0.828125 0.00720596
0 0.08479 0.102539 0.16792 0.203125 0.00638962
0 0.682031 0.503906 0.55625 0.80625 0.0012598
0 0.643652 0.379687 0.63457 0.576563 0.00104427
0 0.544922 0.513672 0.857031 0.847656 0.917969
0 0.271875 0.113379 0.257812 0.223242 0.00279999
0 0.0917969 0.0935547 0.178906 0.187109 0.00229645
0 0.293945 0.666016 0.362109 0.524219 0.00135612
0 0.536719 0.514844 0.851562 0.83125 0.941895
0 0.545313 0.513672 0.85625 0.847656 0.917969
0 0.271875 0.113379 0.257812 0.223242 0.00279999
0 0.0917969 0.0935547 0.178906 0.187109 0.00228691
0 0.294092 0.665625 0.361816 0.525 0.00134087
