0 0.500781 0.529297 0.85625 0.819531 0.79834
1 0.4875 0.527344 0.854688 0.8125 0.142456
0 0.36875 0.518359 0.64375 0.803906 0.0259552
0 0.206982 0.520703 0.317285 0.797656 0.0195007
0 0.853125 0.871484 0.29375 0.257031 0.0106125
0 0.160645 0.533203 0.236133 0.746094 0.00446701
0 0.677344 0.525781 0.454688 0.807813 0.00312424
0 0.9875 0.413672 0.025 0.51875 0.00233269
0 0.985156 0.502734 0.0296875 0.713281 0.00194168
0 0.757031 0.536719 0.3 0.792188 0.00188923
1 0.842578 0.876367 0.314844 0.247266 0.0018177
0 0.944922 0.366406 0.110156 0.421875 0.00172043
0 0.985937 0.308984 0.028125 0.530469 0.00163555
1 0.214844 0.519531 0.334375 0.773438 0.00158501
0 0.817187 0.142188 0.365625 0.284375 0.00153637
0 0.95 0.474219 0.1 0.634375 0.00148964
0 0.465527 0.0927734 0.73457 0.185547 0.0014782
0 0.122363 0.465723 0.156445 0.326367 0.00147247
0 0.123926 0.558594 0.157617 0.3625 0.00146675
0 0.932813 0.283984 0.134375 0.528125 0.00144958
0 0.752734 0.162598 0.494531 0.325195 0.00141621
0 0.269727 0.514063 0.445703 0.820312 0.00141048
0 0.472266 0.140527 0.614844 0.281055 0.00136185
0 0.946484 0.13916 0.107031 0.27832 0.00134563
0 0.891406 0.171094 0.217187 0.342187 0.00134087
0 0.490625 0.923828 0.526563 0.152344 0.00130463
1 0.985937 0.466797 0.028125 0.653906 0.00129986
0 0.00899658 0.282373 0.0179932 0.339941 0.00129414
1 0.946484 0.13916 0.107031 0.27832 0.00127888
0 0.120312 0.601562 0.141797 0.310937 0.00127411
0 0.904688 0.267969 0.190625 0.535937 0.00127411
0 0.874414 0.213281 0.251172 0.426562 0.00126457
1 0.985937 0.308984 0.028125 0.530469 0.00125504
0 0.051709 0.480859 0.0456055 0.353125 0.00124931
0 0.986719 0.627441 0.0265625 0.55918 0.00124454
0 0.759766 0.882617 0.264844 0.234766 0.00119686
0 0.979688 0.156543 0.040625 0.313086 0.00117874
0 0.0126465 0.465234 0.025293 0.328906 0.00116062
0 0.559766 0.909375 0.572656 0.18125 0.0011425
0 0.661719 0.12373 0.520312 0.247461 0.0011425
0 0.00837402 0.117969 0.016748 0.235938 0.00112915
0 0.804883 0.885938 0.287109 0.228125 0.00112438
0 0.984375 0.238281 0.03125 0.476562 0.00108624
0 0.470703 0.835156 0.675781 0.220313 0.00107765
0 0.0575684 0.119824 0.115137 0.239648 0.00105286
0 0.548437 0.686719 0.735937 0.51875 0.00104427
0 0.656641 0.180078 0.499219 0.351562 0.00102806
0 0.752734 0.230859 0.494531 0.461719 0.00102043
0 0.0133789 0.105078 0.0267578 0.210156 0.00101662
0 0.485156 0.520703 0.860937 0.808594 0.749023
1 0.480859 0.530469 0.886719 0.804688 0.536133
1 0.841406 0.166504 0.317187 0.333008 0.0077858
0 0.841406 0.166504 0.317187 0.333008 0.00305176
1 0.801562 0.168555 0.396875 0.337109 0.0027256
0 0.801562 0.168555 0.396875 0.337109 0.00161076
0 0.218408 0.541797 0.349902 0.724219 0.0012846
0 0.488672 0.710938 0.835156 0.453125 0.00115108
1 0.218408 0.541797 0.349902 0.724219 0.00105286
1 0.486719 0.525781 0.853125 0.823438 0.865234
0 0.486719 0.520312 0.851562 0.821875 0.0768433
1 0.258594 0.536035 0.425 0.774805 0.00181007
0 0.481641 0.541797 0.874219 0.836719 0.835938
1 0.478125 0.538281 0.8875 0.845312 0.0970459
0 0.459766 0.523828 0.919531 0.813281 0.867676
1 0.464844 0.523438 0.915625 0.810938 0.097229
0 0.999219 0.886719 0.0015625 0.226562 0.0020504
0 0.998438 0.91875 0.003125 0.1625 0.00191212
0 0.863867 0.839844 0.266016 0.31875 0.00126457
0 0.480859 0.533984 0.866406 0.841406 0.740234
1 0.483594 0.530469 0.876562 0.829687 0.455078
1 0.480469 0.526172 0.892187 0.825781 0.574707
0 0.483203 0.531641 0.891406 0.825781 0.463867
1 0.488281 0.535547 0.854688 0.819531 0.613281
0 0.492969 0.534375 0.839063 0.820312 0.33374
0 0.494141 0.531641 0.864844 0.830469 0.64502
1 0.494531 0.528125 0.864062 0.832812 0.275146
0 0.274609 0.674609 0.425781 0.507031 0.00102043
0 0.487891 0.528125 0.863281 0.814062 0.912109
1 0.482031 0.527344 0.864062 0.81875 0.0182648
0 0.494141 0.53125 0.864844 0.83125 0.644043
1 0.494531 0.528125 0.864062 0.832812 0.275879
0 0.274609 0.674609 0.425781 0.507031 0.00102806
