0 0.498828 0.536328 0.792969 0.782031 0.831055
1 0.475781 0.557422 0.804688 0.778906 0.0207977
0 0.210547 0.560938 0.283594 0.789062 0.0157776
0 0.616309 0.562891 0.564258 0.767969 0.0115051
0 0.280469 0.557813 0.429688 0.803125 0.00266266
0 0.808594 0.932813 0.382812 0.134375 0.00245285
0 0.58584 0.407813 0.575195 0.815625 0.00219154
0 0.987891 0.407422 0.0242187 0.544531 0.00191212
0 0.602734 0.910156 0.542969 0.179688 0.00188923
0 0.776563 0.917969 0.446875 0.164062 0.00186729
0 0.051709 0.889063 0.103418 0.221875 0.00174809
0 0.988281 0.302734 0.0234375 0.557031 0.00174141
0 0.987109 0.5125 0.0257812 0.682813 0.0016613
0 0.987891 0.19707 0.0242187 0.394141 0.00163555
0 0.045459 0.836719 0.0907227 0.326562 0.00142097
0 0.537109 0.897656 0.613281 0.204688 0.00141621
0 0.984766 0.612891 0.0304688 0.636719 0.00139904
0 0.978125 0.177832 0.04375 0.355664 0.00125504
0 0.944531 0.306445 0.110937 0.421484 0.00124454
0 0.716797 0.910937 0.388281 0.178125 0.00121117
0 0.789062 0.573535 0.223438 0.724805 0.00114727
0 0.9125 0.260156 0.1 0.414844 0.0011425
1 0.978125 0.177832 0.04375 0.355664 0.00111198
0 0.946875 0.374609 0.10625 0.383594 0.00110722
0 0.901172 0.932422 0.197656 0.135156 0.00106525
0 0.945312 0.179688 0.109375 0.359375 0.00105667
0 0.00910645 0.389453 0.0182129 0.336719 0.00104809
0 0.86875 0.927734 0.2625 0.144531 0.00104046
0 0.724609 0.577344 0.346094 0.729688 0.00103188
0 0.980469 0.691016 0.0390625 0.439844 0.00102806
0 0.83125 0.65625 0.146875 0.559375 0.00100803
1 0.602734 0.910156 0.542969 0.179688 0.00100803
1 0.0249756 0.891016 0.0499512 0.217969 0.00100803
0 0.00983887 0.475781 0.0196777 0.390625 0.00100422
0 0.493359 0.559375 0.825781 0.80625 0.943848
0 0.469434 0.200391 0.433008 0.0757812 0.0105667
0 0.391406 0.205859 0.436719 0.0886719 0.00769424
0 0.486719 0.71875 0.817187 0.523438 0.00671768
0 0.19668 0.569629 0.258984 0.737305 0.00577545
0 0.534766 0.204102 0.702344 0.0796875 0.00557709
0 0.517969 0.792969 0.782812 0.382812 0.00481033
1 0.469434 0.200391 0.433008 0.0757812 0.00457382
0 0.238867 0.540234 0.351172 0.641406 0.00365067
1 0.391406 0.205859 0.436719 0.0886719 0.00344276
0 0.324414 0.547266 0.503516 0.705469 0.00327301
0 0.811719 0.511719 0.376563 0.803125 0.00265312
0 0.509473 0.229297 0.779492 0.128125 0.00250244
0 0.491016 0.178076 0.766406 0.106348 0.00244331
0 0.774414 0.411719 0.451172 0.770312 0.002388
1 0.534766 0.204102 0.702344 0.0796875 0.00223351
0 0.870508 0.497266 0.258984 0.742969 0.00201035
0 0.748438 0.427441 0.503125 0.57168 0.0017004
0 0.339844 0.660937 0.519531 0.629687 0.0016613
0 0.909375 0.531348 0.18125 0.743555 0.00163555
0 0.436719 0.176123 0.608594 0.0930664 0.00159168
0 0.349219 0.409375 0.554688 0.457812 0.00144958
0 0.669531 0.481641 0.459375 0.580469 0.00143814
0 0.508984 0.84668 0.839844 0.303516 0.00136662
0 0.370508 0.259717 0.552734 0.200098 0.00117874
0 0.876367 0.390625 0.244141 0.66875 0.00117874
0 0.482812 0.57666 0.81875 0.787305 0.951172
0 0.224219 0.328125 0.307813 0.532812 0.0055542
0 0.488281 0.399609 0.807813 0.436719 0.00408554
0 0.252734 0.375391 0.355469 0.403125 0.00322342
1 0.488281 0.588965 0.820312 0.781445 0.00299263
0 0.251758 0.342383 0.391797 0.635547 0.00206757
0 0.350391 0.380078 0.541406 0.375781 0.00201035
0 0.486719 0.579687 0.823438 0.792188 0.942383
1 0.485938 0.577344 0.828125 0.807813 0.0046463
0 0.484375 0.316455 0.821875 0.297559 0.00172043
0 0.484375 0.386328 0.809375 0.414062 0.0017004
0 0.637109 0.337305 0.507031 0.316797 0.00135612
0 0.340039 0.807813 0.463672 0.35625 0.00105667
0 0.478516 0.567187 0.827344 0.79375 0.880859
0 0.998438 0.940625 0.003125 0.11875 0.0019722
0 0.582812 0.537109 0.620313 0.716406 0.00124931
0 0.933594 0.530859 0.132812 0.783594 0.00118828
0 0.996875 0.149805 0.00625 0.299609 0.00115585
0 0.999219 0.915234 0.0015625 0.169531 0.00108624
0 0.936328 0.697656 0.127344 0.485938 0.00106907
0 0.481641 0.571484 0.839844 0.810156 0.900391
1 0.496875 0.576563 0.840625 0.809375 0.0039444
0 0.374219 0.570996 0.601562 0.776758 0.00189686
0 0.523535 0.458984 0.749805 0.563281 0.00109005
0 0.488672 0.567969 0.835156 0.804688 0.921875
0 0.14082 0.570703 0.163281 0.828906 0.0045929
0 0.459277 0.360352 0.79707 0.373047 0.00106525
0 0.485156 0.570312 0.815625 0.8125 0.875
0 0.616797 0.523438 0.557031 0.695312 0.00588989
1 0.48125 0.56875 0.825 0.796875 0.00468063
0 0.813867 0.488281 0.181641 0.682813 0.0011692
0 0.492969 0.572656 0.817187 0.801562 0.910645
0 0.610547 0.366211 0.569531 0.370703 0.00126457
0 0.478906 0.0137207 0.810938 0.0274414 0.00100422
0 0.485938 0.571875 0.825 0.80625 0.927734
0 0.933594 0.528516 0.126563 0.867969 0.00215721
0 0.548437 0.35332 0.701563 0.357422 0.00176811
0 0.336719 0.521875 0.532031 0.7 0.00145531
0 0.435059 0.473047 0.720508 0.608594 0.0012846
0 0.492969 0.572656 0.817187 0.801562 0.910645
0 0.610547 0.366211 0.569531 0.370703 0.00126457
0 0.478906 0.0137207 0.810938 0.0274414 0.00101185
