0 0.626953 0.511719 0.589844 0.792188 0.351318
1 0.30332 0.502734 0.409766 0.805469 0.223999
0 0.257031 0.503125 0.317969 0.809375 0.155396
1 0.575098 0.491797 0.674805 0.799219 0.138428
0 0.330859 0.503906 0.464063 0.804688 0.123169
0 0.785156 0.522559 0.28125 0.773633 0.0810547
0 0.517871 0.490625 0.783008 0.80625 0.0674438
0 0.673437 0.608203 0.453125 0.641406 0.0501404
1 0.648828 0.630469 0.496094 0.595312 0.0327759
1 0.664062 0.526953 0.5125 0.782031 0.0254669
1 0.230127 0.500781 0.26709 0.810938 0.0177155
1 0.785156 0.522559 0.28125 0.773633 0.0120544
0 0.832031 0.525684 0.185937 0.768945 0.0106506
0 0.55459 0.660937 0.643945 0.535937 0.0100555
1 0.55459 0.660937 0.643945 0.535937 0.0086441
0 0.605859 0.523828 0.366406 0.789844 0.00631332
0 0.413965 0.682031 0.512695 0.492188 0.00568771
1 0.411719 0.482422 0.640625 0.807031 0.00521851
1 0.281641 0.579004 0.34375 0.688867 0.00443268
0 0.573047 0.678125 0.263281 0.504687 0.00402451
0 0.308545 0.640527 0.355566 0.56582 0.0039444
0 0.502734 0.524609 0.399219 0.782031 0.00342941
0 0.163281 0.472754 0.124609 0.481055 0.00325966
1 0.443359 0.524121 0.429688 0.78457 0.0026722
0 0.505469 0.682422 0.233594 0.494531 0.00258064
1 0.413965 0.682031 0.512695 0.492188 0.00201988
0 0.988672 0.267773 0.0226563 0.457422 0.00178242
0 0.180859 0.602344 0.15625 0.384375 0.00177479
0 0.835742 0.894531 0.328516 0.210938 0.00168705
1 0.629687 0.591309 0.360938 0.658008 0.00168133
0 0.151758 0.896875 0.303516 0.20625 0.00164223
0 0.197852 0.644531 0.184375 0.317187 0.0015974
0 0.985937 0.158008 0.028125 0.316016 0.00158501
0 0.934766 0.158496 0.130469 0.316992 0.00157356
0 0.592969 0.907812 0.607813 0.184375 0.00154877
0 0.9875 0.370117 0.025 0.497266 0.00154305
0 0.917969 0.124512 0.164062 0.249023 0.00151253
1 0.592969 0.907812 0.607813 0.184375 0.00148964
0 0.915234 0.178223 0.169531 0.356445 0.00143242
0 0.944922 0.259375 0.110156 0.410937 0.00143242
0 0.048877 0.443848 0.0977539 0.357617 0.00140476
0 0.108594 0.894531 0.217187 0.210938 0.00140476
0 0.985937 0.496875 0.028125 0.579687 0.00139904
0 0.521875 0.646875 0.165625 0.55 0.00136185
1 0.963281 0.11748 0.0734375 0.234961 0.00135136
0 0.166113 0.365234 0.126758 0.342969 0.00134563
1 0.832031 0.525684 0.185937 0.768945 0.00134087
0 0.963281 0.11748 0.0734375 0.234961 0.00129414
1 0.835742 0.894531 0.328516 0.210938 0.00128937
0 0.810938 0.160938 0.357812 0.321875 0.0012846
0 0.0081543 0.319531 0.0163086 0.2625 0.00127888
0 0.857031 0.12168 0.285937 0.243359 0.00124931
1 0.985937 0.158008 0.028125 0.316016 0.0012207
0 0.0486328 0.383984 0.0972656 0.316406 0.0012064
0 0.775781 0.898438 0.321875 0.203125 0.00117397
0 0.00754395 0.406641 0.0150879 0.317187 0.00113392
0 0.00837402 0.226758 0.016748 0.278906 0.00112915
0 0.693359 0.907031 0.416406 0.185937 0.00112438
0 0.745703 0.139355 0.305469 0.278711 0.0011158
0 0.986328 0.626465 0.0273438 0.537695 0.00110722
1 0.344531 0.647656 0.433594 0.560938 0.00110722
0 0.896875 0.876758 0.20625 0.246484 0.00110722
0 0.0484375 0.329102 0.096875 0.288672 0.00109863
0 0.00834961 0.125977 0.0166992 0.242188 0.00109863
0 0.758594 0.197266 0.2625 0.344531 0.00108147
1 0.151758 0.896875 0.303516 0.20625 0.00108147
0 0.0511719 0.544531 0.0996094 0.351562 0.00107765
0 0.946875 0.518359 0.10625 0.722656 0.00107765
0 0.628125 0.687891 0.51875 0.483594 0.00106907
0 0.105859 0.476953 0.0351562 0.553125 0.00106907
1 0.988672 0.267773 0.0226563 0.457422 0.00106525
0 0.0720215 0.148242 0.144043 0.296484 0.00105667
0 0.073877 0.103906 0.147754 0.207813 0.00105667
0 0.00845947 0.178906 0.0169189 0.260938 0.00104809
1 0.573047 0.678125 0.263281 0.504687 0.00103664
1 0.0295654 0.908594 0.0591309 0.182812 0.00103188
1 0.693359 0.907031 0.416406 0.185937 0.00103188
0 0.0295654 0.908594 0.0591309 0.182812 0.00103188
0 0.0143555 0.0813965 0.0287109 0.162793 0.00103188
0 0.00917969 0.890625 0.0183594 0.21875 0.00102425
1 0.163281 0.472754 0.124609 0.481055 0.00100803
0 0.475098 0.925391 0.42168 0.149219 0.00100422
1 0.514063 0.509375 0.8125 0.832812 0.886719
0 0.514063 0.509375 0.8125 0.832812 0.0088501
0 0.788281 0.4 0.254687 0.482812 0.00147247
1 0.20332 0.500781 0.200391 0.820312 0.00133514
0 0.823438 0.432813 0.1875 0.586719 0.00130463
1 0.788281 0.4 0.254687 0.482812 0.00105286
1 0.505371 0.508594 0.798633 0.832812 0.895508
0 0.503906 0.508984 0.820312 0.832031 0.0136871
1 0.307617 0.287695 0.372266 0.360547 0.00143242
1 0.510059 0.510938 0.792383 0.834375 0.916016
0 0.509375 0.51875 0.80625 0.835938 0.014061
1 0.514844 0.222217 0.820312 0.261816 0.00138855
0 0.510156 0.771094 0.815625 0.323438 0.00137806
0 0.521875 0.83125 0.859375 0.217187 0.00125504
1 0.499219 0.505469 0.8125 0.839063 0.818359
0 0.510254 0.504297 0.787305 0.844531 0.331055
0 0.851367 0.773438 0.297266 0.442187 0.00945282
1 0.851367 0.773438 0.297266 0.442187 0.00232315
1 0.5 0.248779 0.840625 0.310254 0.00201988
1 0.507031 0.203516 0.842188 0.220313 0.00112438
0 0.317578 0.95 0.207031 0.1 0.00107288
0 0.871875 0.711328 0.254687 0.517969 0.00102806
1 0.510059 0.510547 0.793945 0.850781 0.938477
1 0.36582 0.683984 0.514453 0.497656 0.00129986
1 0.503906 0.513672 0.814062 0.833594 0.919922
0 0.501562 0.522656 0.80625 0.820312 0.00891876
1 0.500781 0.0444336 0.867188 0.0888672 0.00151253
1 0.678125 0.328711 0.4625 0.480859 0.00137234
1 0.508203 0.517578 0.791406 0.822656 0.876465
0 0.507812 0.517969 0.78125 0.823438 0.0104523
1 0.620313 0.451953 0.58125 0.730469 0.00121593
1 0.512891 0.516797 0.796094 0.838281 0.911621
0 0.507129 0.514063 0.785742 0.832812 0.0195312
1 0.505078 0.519531 0.803906 0.83125 0.844727
0 0.505371 0.517969 0.78457 0.83125 0.187744
1 0.512891 0.516797 0.796094 0.838281 0.911621
0 0.507129 0.514063 0.785742 0.832812 0.0197906
