0 0.616016 0.533984 0.574219 0.778906 0.542969
0 0.311719 0.521094 0.555469 0.803125 0.079895
0 0.204492 0.517969 0.319141 0.804688 0.0549927
0 0.654688 0.696094 0.442187 0.509375 0.048584
0 0.455469 0.525781 0.742188 0.798437 0.0361633
1 0.591406 0.531934 0.626562 0.783008 0.0216217
0 0.713281 0.546875 0.392188 0.7625 0.0191956
0 0.308008 0.694531 0.423047 0.540625 0.0149002
0 0.399902 0.6875 0.625195 0.554688 0.0135345
1 0.311719 0.521094 0.555469 0.803125 0.0106125
1 0.239844 0.5375 0.392188 0.810938 0.00751877
0 0.512109 0.710547 0.728906 0.494531 0.00595856
0 0.248437 0.466504 0.410156 0.712305 0.00516129
0 0.344531 0.613672 0.523438 0.691406 0.00502014
1 0.654688 0.696094 0.442187 0.509375 0.00457382
1 0.455469 0.525781 0.742188 0.798437 0.00362206
1 0.308008 0.694531 0.423047 0.540625 0.00344276
0 0.105835 0.462402 0.130518 0.37832 0.00300407
0 0.243164 0.609473 0.360547 0.70293 0.00279999
1 0.399902 0.6875 0.625195 0.554688 0.0027256
0 0.621484 0.411816 0.557031 0.554492 0.0027256
0 0.167969 0.450098 0.255859 0.676367 0.00271416
0 0.109595 0.535254 0.137061 0.456055 0.0026207
0 0.0630371 0.44375 0.0686523 0.335938 0.00223351
0 0.800195 0.885938 0.399609 0.228125 0.00218201
0 0.255078 0.353516 0.455469 0.491406 0.00187492
0 0.117773 0.607031 0.147266 0.507812 0.00174809
0 0.510547 0.890625 0.700781 0.21875 0.00172043
1 0.510547 0.890625 0.700781 0.21875 0.00161648
1 0.511035 0.707422 0.737305 0.499219 0.00161076
0 0.056543 0.11875 0.113086 0.2375 0.00148392
0 0.500391 0.848437 0.657031 0.225 0.00146103
0 0.989062 0.284961 0.021875 0.529297 0.00142097
0 0.119922 0.903906 0.239844 0.192188 0.00138855
0 0.0601074 0.530371 0.0633789 0.414258 0.00137806
0 0.219336 0.678906 0.291797 0.5625 0.00137806
0 0.212451 0.373437 0.325098 0.54375 0.00136662
0 0.00817871 0.145313 0.0163574 0.289844 0.00134563
1 0.800195 0.885938 0.399609 0.228125 0.00133514
1 0.344531 0.613672 0.523438 0.691406 0.00131512
0 0.988281 0.410156 0.0234375 0.60625 0.0012846
1 0.678906 0.556348 0.439063 0.760742 0.00123501
0 0.524219 0.422656 0.676562 0.59375 0.00123024
0 0.082666 0.892969 0.165332 0.214062 0.00121593
1 0.168945 0.515234 0.256641 0.794531 0.00119209
0 0.750391 0.875781 0.389844 0.248437 0.00118828
0 0.0273926 0.905469 0.0547852 0.189063 0.00113773
0 0.853516 0.892969 0.292969 0.214062 0.00112915
0 0.00898437 0.221533 0.0179687 0.296777 0.00111198
0 0.00856934 0.889453 0.0171387 0.221094 0.0011034
1 0.0273926 0.905469 0.0547852 0.189063 0.00109005
0 0.632812 0.325586 0.510938 0.487891 0.00108147
0 0.985937 0.545703 0.028125 0.658594 0.00106525
1 0.9625 0.112695 0.075 0.225391 0.00105667
0 0.76582 0.170898 0.468359 0.341797 0.00105667
0 0.568066 0.842969 0.474805 0.229687 0.00105286
0 0.942969 0.280859 0.114063 0.447656 0.00104809
0 0.9625 0.112695 0.075 0.225391 0.00104809
0 0.908594 0.133203 0.182812 0.266406 0.00103188
0 0.653516 0.896094 0.453906 0.207813 0.00100803
0 0.112866 0.335742 0.131299 0.355078 0.00100803
0 0.983984 0.158008 0.0320312 0.316016 0.00100803
0 0.479297 0.530469 0.857031 0.810938 0.927734
1 0.480859 0.5375 0.869531 0.823438 0.0215302
0 0.179492 0.517969 0.274219 0.839063 0.006073
0 0.475 0.686328 0.828125 0.527344 0.00570679
0 0.268359 0.516016 0.455469 0.797656 0.00544739
1 0.46875 0.725781 0.8125 0.45625 0.00439835
0 0.479688 0.774219 0.75625 0.357812 0.00291252
0 0.337305 0.458203 0.586328 0.686719 0.0028553
0 0.772266 0.439844 0.277344 0.533594 0.00162888
1 0.179492 0.517969 0.274219 0.839063 0.00143242
1 0.256641 0.523047 0.434375 0.807031 0.00136185
0 0.475 0.235107 0.864062 0.258691 0.00126934
0 0.343164 0.344141 0.588672 0.45625 0.00107765
0 0.478125 0.535156 0.835938 0.829687 0.724121
1 0.482812 0.538672 0.846875 0.825781 0.607422
0 0.346484 0.3125 0.551562 0.401563 0.00213242
0 0.25918 0.316406 0.398047 0.407813 0.00126457
0 0.483203 0.319336 0.777344 0.411328 0.00115108
0 0.476953 0.541016 0.839844 0.825781 0.915527
1 0.482812 0.546484 0.840625 0.844531 0.0231476
0 0.2875 0.807031 0.38125 0.310937 0.00263214
0 0.394629 0.803125 0.604492 0.320312 0.00186729
0 0.483984 0.231445 0.838281 0.285156 0.00143814
0 0.497656 0.769531 0.839063 0.382812 0.00104809
0 0.461719 0.526953 0.890625 0.830469 0.901367
1 0.461719 0.526953 0.890625 0.830469 0.00636292
0 0.482031 0.55 0.842188 0.85 0.80127
1 0.476562 0.541406 0.8375 0.839063 0.156616
0 0.46875 0.538672 0.8625 0.832031 0.902832
1 0.471875 0.544531 0.85625 0.8375 0.0324707
0 0.48125 0.0752441 0.89375 0.150488 0.00101662
0 0.475391 0.543359 0.842969 0.841406 0.841309
1 0.482031 0.545313 0.828125 0.835938 0.0706787
0 0.564941 0.46709 0.670117 0.66582 0.0014267
0 0.478125 0.539062 0.840625 0.840625 0.917969
1 0.484766 0.539062 0.830469 0.846875 0.00577545
0 0.475 0.542188 0.848437 0.840625 0.934082
1 0.473437 0.542188 0.853125 0.842188 0.00605011
0 0.312891 0.414844 0.524219 0.598437 0.00132465
0 0.565723 0.33125 0.67168 0.403125 0.00127411
0 0.46875 0.410254 0.8375 0.585742 0.00109863
0 0.478125 0.539062 0.840625 0.840625 0.917969
1 0.484766 0.539062 0.830469 0.846875 0.00575256
