0 0.505078 0.487109 0.764844 0.791406 0.728516
0 0.322705 0.496875 0.390527 0.809375 0.100525
0 0.615234 0.510938 0.519531 0.773438 0.0482178
1 0.505078 0.487109 0.764844 0.791406 0.0422363
0 0.504687 0.599219 0.71875 0.659375 0.0173035
0 0.405078 0.518359 0.544531 0.803906 0.00600433
1 0.322705 0.496875 0.390527 0.809375 0.00376511
0 0.711719 0.52041 0.332812 0.75918 0.00344276
0 0.564453 0.895312 0.694531 0.209375 0.00305176
1 0.405078 0.518359 0.544531 0.803906 0.00244331
0 0.530469 0.859961 0.707812 0.280078 0.00236893
1 0.564453 0.895312 0.694531 0.209375 0.00231361
1 0.505078 0.653125 0.711719 0.545313 0.00219154
0 0.821094 0.899219 0.357812 0.201562 0.00203514
0 0.242969 0.485938 0.233594 0.776563 0.00198746
0 0.209033 0.523047 0.166309 0.664844 0.00188255
0 0.684375 0.903125 0.525 0.19375 0.00181007
0 0.767187 0.902734 0.39375 0.194531 0.00166798
0 0.183252 0.514063 0.115527 0.628125 0.00161076
0 0.789844 0.529297 0.173438 0.728906 0.00150681
0 0.483203 0.917969 0.525781 0.164062 0.00146103
0 0.235205 0.907031 0.350684 0.185937 0.00139904
0 0.151562 0.892187 0.303125 0.215625 0.00138855
1 0.931641 0.150879 0.136719 0.301758 0.00127411
0 0.931641 0.150879 0.136719 0.301758 0.00125504
0 0.502734 0.700391 0.710156 0.447656 0.00124454
0 0.586719 0.169238 0.484375 0.338477 0.00116539
0 0.98125 0.456641 0.0375 0.708594 0.00115585
1 0.684375 0.903125 0.525 0.19375 0.00112438
0 0.346533 0.916406 0.381934 0.167187 0.00111198
1 0.821094 0.899219 0.357812 0.201562 0.00110722
0 0.510938 0.80957 0.689062 0.249609 0.00109005
0 0.911719 0.298438 0.176563 0.467187 0.00105667
0 0.981641 0.202148 0.0367187 0.404297 0.00105667
0 0.833008 0.83418 0.333984 0.331641 0.00105286
0 0.202783 0.400391 0.140527 0.496094 0.00102425
0 0.660937 0.196484 0.490625 0.392969 0.00102043
0 0.498047 0.515234 0.744531 0.811719 0.903809
1 0.49834 0.515234 0.729883 0.803906 0.0278015
0 0.475879 0.686719 0.704492 0.467187 0.0112457
0 0.338281 0.503027 0.426562 0.779883 0.00291252
0 0.434277 0.576953 0.611133 0.682031 0.00208282
0 0.486035 0.7625 0.688867 0.323438 0.00175476
0 0.739844 0.468066 0.290625 0.641992 0.00146103
0 0.945312 0.492285 0.109375 0.74043 0.00128937
0 0.0916992 0.479688 0.183398 0.892187 0.00120163
0 0.898438 0.5 0.203125 0.803125 0.0011034
0 0.496191 0.527344 0.735742 0.81875 0.947266
0 0.654688 0.667188 0.0390625 0.0421875 0.055603
0 0.305078 0.635156 0.0453125 0.08125 0.0492249
0 0.308594 0.628125 0.046875 0.0546875 0.0188293
1 0.497656 0.528027 0.7375 0.798633 0.0121002
0 0.658203 0.663281 0.040625 0.0578125 0.00703812
0 0.298828 0.767187 0.0472656 0.05 0.00498199
0 0.703906 0.500391 0.0367187 0.0546875 0.00345612
0 0.306641 0.647656 0.0570313 0.0953125 0.00293541
0 0.497266 0.338672 0.736719 0.457031 0.00283432
0 0.27168 0.319141 0.275391 0.403906 0.0026207
1 0.305859 0.6375 0.0429688 0.0734375 0.00257111
0 0.492578 0.364844 0.0507812 0.0492188 0.00185299
0 0.314063 0.640625 0.0386719 0.0703125 0.0016489
1 0.654688 0.663281 0.0359375 0.0546875 0.00152493
0 0.292969 0.771875 0.0492188 0.0484375 0.00122547
0 0.255078 0.721094 0.040625 0.0664062 0.00110722
0 0.497266 0.522754 0.736719 0.79668 0.9375
1 0.497266 0.522754 0.736719 0.79668 0.00432968
0 0.590527 0.332617 0.55332 0.419922 0.00161648
0 0.467969 0.520312 0.804688 0.807813 0.866699
0 0.844531 0.772656 0.309375 0.454688 0.00305176
0 0.922656 0.528027 0.154687 0.75957 0.00185299
0 0.499219 0.517969 0.740625 0.820312 0.891602
1 0.490527 0.519141 0.71582 0.800781 0.0195007
0 0.492188 0.64834 0.740625 0.55332 0.00113392
0 0.5 0.537109 0.746875 0.841406 0.903809
1 0.5 0.537109 0.746875 0.841406 0.00239754
0 0.498437 0.524219 0.7375 0.807813 0.850586
1 0.494531 0.513184 0.748438 0.792383 0.00591278
0 0.504297 0.519141 0.741406 0.805469 0.910156
1 0.505078 0.516797 0.742969 0.796094 0.0116882
0 0.503516 0.523438 0.749219 0.804688 0.932129
1 0.500684 0.524609 0.745508 0.803906 0.00169373
0 0.504297 0.519141 0.741406 0.805469 0.910156
1 0.505078 0.516797 0.742969 0.796094 0.0119171
