0 0.524609 0.503906 0.757031 0.848437 0.641602
0 0.237109 0.507031 0.373437 0.839063 0.266602
0 0.689844 0.507031 0.421875 0.839063 0.162354
1 0.490527 0.499609 0.768945 0.852344 0.0661011
0 0.300781 0.462109 0.50625 0.827344 0.0283356
0 0.793555 0.507031 0.225391 0.835938 0.024704
1 0.303711 0.492969 0.508203 0.846875 0.0165253
1 0.216797 0.507031 0.328906 0.842188 0.00981903
0 0.185547 0.490625 0.273047 0.83125 0.00468063
1 0.616016 0.506641 0.569531 0.842969 0.00323486
0 0.784766 0.891406 0.430469 0.217187 0.00191212
0 0.537891 0.9 0.602344 0.2 0.00182438
0 0.639063 0.171094 0.551562 0.342187 0.00172043
0 0.613379 0.218359 0.52168 0.436719 0.00168705
0 0.728516 0.155957 0.542969 0.311914 0.00167465
0 0.986719 0.350781 0.0265625 0.44375 0.0016489
1 0.708984 0.502344 0.380469 0.84375 0.00161648
0 0.682813 0.894531 0.446875 0.210938 0.00157928
0 0.985547 0.476465 0.0289063 0.656445 0.00152493
0 0.0125 0.382031 0.025 0.320312 0.00143242
0 0.482812 0.713281 0.746875 0.485938 0.00132465
1 0.917188 0.138379 0.165625 0.276758 0.00130463
0 0.917188 0.138379 0.165625 0.276758 0.00129986
0 0.00925293 0.207422 0.0185059 0.314063 0.00127888
1 0.582812 0.9 0.565625 0.2 0.00127411
0 0.106665 0.411621 0.106201 0.293945 0.00126457
0 0.462891 0.0359863 0.783594 0.0719727 0.00125504
0 0.489062 0.872656 0.595312 0.254687 0.00124931
0 0.460156 0.349023 0.721875 0.566797 0.00124931
0 0.838086 0.196094 0.323828 0.392188 0.00123024
0 0.61875 0.145117 0.40625 0.258203 0.0012207
0 0.00883789 0.151562 0.0176758 0.301562 0.0012207
0 0.781641 0.207422 0.436719 0.414844 0.00121593
0 0.982813 0.192578 0.034375 0.385156 0.0012064
0 0.622559 0.421875 0.568945 0.71875 0.0012064
0 0.0672363 0.120898 0.134473 0.241797 0.00118828
0 0.013916 0.453516 0.027832 0.361719 0.00118351
0 0.984766 0.282422 0.0304688 0.495313 0.00118351
0 0.0103027 0.297461 0.0206055 0.343359 0.00112438
0 0.220313 0.40625 0.344531 0.678125 0.00111198
0 0.94375 0.310742 0.1125 0.405078 0.00109482
1 0.784766 0.891406 0.430469 0.217187 0.00106525
0 0.0156738 0.0917969 0.0313477 0.183594 0.00105286
0 0.416406 0.921875 0.453125 0.15625 0.00104046
0 0.602734 0.131738 0.252344 0.176758 0.00104046
0 0.0557617 0.157617 0.111523 0.315234 0.00103188
0 0.852734 0.232422 0.294531 0.464844 0.00101662
0 0.982031 0.558984 0.0359375 0.713281 0.00101662
0 0.482031 0.84668 0.490625 0.228516 0.00100803
0 0.0236572 0.907812 0.0473145 0.184375 0.00100803
0 0.148242 0.5375 0.2 0.76875 0.00100422
0 0.489062 0.509375 0.840625 0.8875 0.861816
1 0.482812 0.507422 0.86875 0.885156 0.155884
0 0.470703 0.689062 0.811719 0.520312 0.00612259
0 0.314258 0.501562 0.533984 0.867188 0.00411606
0 0.225439 0.494922 0.356934 0.847656 0.00327301
0 0.434473 0.748828 0.724805 0.405469 0.00251198
0 0.480469 0.816992 0.829687 0.281641 0.0019722
0 0.175439 0.496875 0.245215 0.86875 0.00183105
0 0.414453 0.615625 0.7 0.678125 0.0016489
0 0.77793 0.465723 0.266016 0.75293 0.00153637
0 0.486328 0.505469 0.849219 0.884375 0.464844
1 0.484766 0.509375 0.852344 0.895312 0.462891
0 0.4875 0.525 0.846875 0.9 0.852051
1 0.488281 0.526563 0.860937 0.896875 0.106689
0 0.377734 0.804492 0.535156 0.309766 0.00221634
0 0.494141 0.171289 0.846094 0.222266 0.00214958
0 0.417969 0.779688 0.6625 0.357812 0.00126457
1 0.494141 0.171289 0.846094 0.222266 0.00125504
0 0.460156 0.505078 0.920313 0.871094 0.898438
1 0.457812 0.507812 0.915625 0.88125 0.0331421
0 0.852344 0.771094 0.295312 0.453125 0.00181007
0 0.478125 0.514844 0.832812 0.901563 0.785156
1 0.478906 0.5125 0.845312 0.896875 0.175781
0 0.481641 0.510156 0.871094 0.882812 0.845703
1 0.48125 0.514063 0.865625 0.904688 0.088501
0 0.483984 0.511328 0.841406 0.896094 0.716309
1 0.485547 0.516406 0.852344 0.889063 0.219971
0 0.670313 0.333984 0.460938 0.536719 0.00133514
0 0.489453 0.510547 0.833594 0.903906 0.800781
1 0.491406 0.497266 0.835938 0.867969 0.0678101
0 0.305664 0.684375 0.462109 0.53125 0.00134087
0 0.480859 0.510938 0.846094 0.9 0.935059
1 0.478906 0.514063 0.848437 0.895312 0.0128708
0 0.489453 0.510547 0.833594 0.903906 0.801758
1 0.491406 0.497266 0.835938 0.867969 0.0679321
0 0.305664 0.684375 0.462109 0.53125 0.00134087
