0 0.476172 0.565234 0.760156 0.797656 0.448486
0 0.356055 0.56416 0.516016 0.79668 0.32251
0 0.713281 0.569922 0.573438 0.788281 0.270508
0 0.608984 0.542188 0.588281 0.7875 0.214722
0 0.263867 0.565234 0.331641 0.797656 0.192505
0 0.829297 0.5875 0.341406 0.80625 0.0235138
1 0.720312 0.588281 0.559375 0.810938 0.0171051
1 0.54834 0.569531 0.61582 0.804688 0.0163422
0 0.667188 0.652246 0.63125 0.695508 0.00985718
1 0.504687 0.553516 0.85625 0.807031 0.005867
1 0.356055 0.56416 0.516016 0.79668 0.00579834
0 0.535254 0.495703 0.610742 0.677344 0.00468063
0 0.781641 0.505859 0.436719 0.674219 0.00382423
0 0.687891 0.473047 0.613281 0.613281 0.00341606
0 0.726562 0.699219 0.546875 0.601562 0.00340271
0 0.629785 0.746094 0.69043 0.507812 0.00329781
0 0.878125 0.598828 0.24375 0.802344 0.00327301
1 0.263867 0.565234 0.331641 0.797656 0.00322342
0 0.576953 0.886719 0.808594 0.226562 0.00296974
0 0.562402 0.639844 0.65332 0.720312 0.0029583
0 0.744141 0.17793 0.511719 0.355859 0.00256157
0 0.154199 0.592578 0.118945 0.542969 0.00246239
1 0.621875 0.517969 0.6 0.714063 0.00240517
0 0.435937 0.598047 0.54375 0.803906 0.00233269
0 0.782617 0.637598 0.434766 0.724805 0.00231361
0 0.528906 0.146289 0.834375 0.292578 0.00218201
1 0.796875 0.571484 0.40625 0.788281 0.00217438
0 0.810742 0.225586 0.378516 0.451172 0.00188255
0 0.951172 0.204688 0.0976562 0.409375 0.00186729
0 0.856055 0.873242 0.287891 0.253516 0.00177479
0 0.106348 0.564062 0.0451172 0.4375 0.00176811
0 0.541406 0.0781738 0.870313 0.156348 0.00171375
0 0.589746 0.827539 0.74082 0.344922 0.00163555
0 0.854688 0.136523 0.290625 0.273047 0.00153065
0 0.157813 0.491016 0.119141 0.421094 0.00149536
0 0.966406 0.214453 0.0671875 0.428906 0.00147247
0 0.201562 0.576172 0.222656 0.780469 0.00144386
0 0.910937 0.161523 0.178125 0.323047 0.00141621
0 0.741797 0.107813 0.516406 0.215625 0.00141048
0 0.600781 0.439453 0.532812 0.580469 0.00141048
1 0.854688 0.136523 0.290625 0.273047 0.00139427
0 0.59375 0.125781 0.60625 0.251563 0.00137234
1 0.744141 0.17793 0.511719 0.355859 0.00130463
0 0.169531 0.673437 0.146875 0.521875 0.00127888
1 0.951172 0.204688 0.0976562 0.409375 0.00127411
0 0.472656 0.165234 0.648438 0.302344 0.00123024
0 0.882812 0.896094 0.234375 0.207813 0.00121117
0 0.700391 0.143164 0.566406 0.286328 0.00115108
0 0.532812 0.776172 0.7125 0.447656 0.00114727
0 0.611719 0.167578 0.51875 0.335156 0.0011158
0 0.766406 0.275 0.467187 0.510938 0.00111198
0 0.535254 0.057666 0.756055 0.115332 0.00110722
1 0.910937 0.161523 0.178125 0.323047 0.00108147
0 0.667969 0.195508 0.517187 0.391016 0.00107765
0 0.931641 0.294531 0.136719 0.576563 0.00107288
0 0.0446777 0.504004 0.0786133 0.36543 0.00107288
1 0.882812 0.896094 0.234375 0.207813 0.00102425
0 0.553906 0.567578 0.848437 0.811719 0.94043
0 0.635938 0.191748 0.44375 0.0805664 0.115356
1 0.567187 0.193701 0.490625 0.0836914 0.0534973
0 0.508203 0.212549 0.749219 0.126465 0.0437622
1 0.508203 0.212549 0.749219 0.126465 0.0228882
0 0.201123 0.550781 0.197754 0.78125 0.0104523
1 0.553906 0.567578 0.848437 0.811719 0.00881195
0 0.270264 0.557813 0.341504 0.7625 0.00712204
1 0.649219 0.19375 0.542188 0.0785156 0.00530243
0 0.544531 0.726562 0.8375 0.535937 0.00468063
0 0.343164 0.564062 0.482422 0.778125 0.00358009
0 0.553906 0.804297 0.739062 0.391406 0.00349617
0 0.535254 0.178906 0.723242 0.0976562 0.00300407
0 0.631152 0.192383 0.514258 0.0625 0.00277901
0 0.513672 0.248437 0.785156 0.185937 0.00242424
0 0.569141 0.854297 0.792969 0.291406 0.00231361
1 0.535254 0.178906 0.723242 0.0976562 0.00217438
1 0.513672 0.248437 0.785156 0.185937 0.00167465
1 0.201123 0.550781 0.197754 0.78125 0.00154877
1 0.270264 0.557813 0.341504 0.7625 0.00145531
0 0.5125 0.296826 0.7 0.289941 0.00135612
1 0.5125 0.296826 0.7 0.289941 0.00129414
0 0.635938 0.29668 0.567187 0.289453 0.00118828
0 0.63125 0.198242 0.68125 0.0871094 0.00116062
1 0.596875 0.187891 0.357812 0.0757812 0.00112915
0 0.559375 0.1875 0.307813 0.0773437 0.00104809
0 0.883789 0.876172 0.232422 0.247656 0.00100803
0 0.547656 0.591406 0.882812 0.817187 0.914551
1 0.548437 0.589063 0.903125 0.821875 0.0142822
0 0.396484 0.383203 0.557031 0.410937 0.00677109
0 0.307373 0.383594 0.391504 0.401563 0.00370789
0 0.559375 0.387109 0.804688 0.433594 0.00337601
0 0.458203 0.436719 0.688281 0.514844 0.00214958
0 0.357617 0.448047 0.501953 0.53125 0.0017271
0 0.30625 0.510938 0.402344 0.651563 0.00143814
0 0.560156 0.591016 0.876562 0.817969 0.93457
1 0.558203 0.589063 0.874219 0.821875 0.00679779
0 0.557031 0.387109 0.860937 0.424219 0.0030632
0 0.554688 0.0400879 0.84375 0.0801758 0.00279999
0 0.746094 0.385547 0.507812 0.424219 0.00195694
0 0.336719 0.399219 0.434375 0.433594 0.0018177
0 0.554688 0.0631836 0.85 0.126367 0.00179577
0 0.392578 0.825781 0.507031 0.348437 0.00125504
0 0.553125 0.272461 0.853125 0.244141 0.00112438
0 0.542188 0.577344 0.898438 0.8125 0.899902
0 0.996875 0.0832031 0.00625 0.166406 0.00177479
0 0.889844 0.876172 0.220313 0.247656 0.0016613
0 0.544531 0.589844 0.885938 0.820312 0.900391
1 0.551172 0.583984 0.897656 0.822656 0.0309601
0 0.546875 0.585156 0.90625 0.829687 0.915527
0 0.541797 0.0379395 0.916406 0.0758789 0.00547028
1 0.549219 0.584375 0.892187 0.83125 0.0017271
1 0.541797 0.0379395 0.916406 0.0758789 0.00101662
0 0.549609 0.588281 0.869531 0.823438 0.892578
1 0.549609 0.588281 0.869531 0.823438 0.00482941
0 0.716016 0.402246 0.555469 0.468945 0.00106049
0 0.553125 0.587891 0.89375 0.824219 0.921875
1 0.551562 0.583984 0.879687 0.832031 0.00164223
0 0.532031 0.0262451 0.892187 0.0524902 0.00134563
0 0.536719 0.0424805 0.898438 0.0849609 0.0011692
0 0.542188 0.588281 0.890625 0.823438 0.947754
0 0.546094 0.41709 0.895312 0.501758 0.00109005
0 0.387891 0.510547 0.577344 0.675781 0.00108147
0 0.553125 0.587891 0.89375 0.824219 0.921387
1 0.551172 0.583594 0.880469 0.832812 0.0016489
0 0.532812 0.0262451 0.892187 0.0524902 0.00135136
0 0.536719 0.0424805 0.898438 0.0849609 0.00117874
