0 0.467285 0.546094 0.585742 0.815625 0.595703
0 0.361523 0.557422 0.370703 0.811719 0.343262
0 0.794531 0.538281 0.342187 0.79375 0.279785
0 0.910937 0.634766 0.134375 0.652344 0.0413208
0 0.750781 0.656348 0.445312 0.65293 0.0412292
0 0.840625 0.598535 0.285937 0.735742 0.0360107
1 0.467285 0.546094 0.585742 0.815625 0.0315552
0 0.659766 0.54375 0.602344 0.8125 0.028595
0 0.66875 0.688281 0.596875 0.598437 0.0227966
1 0.791992 0.561719 0.353516 0.810938 0.0211639
1 0.750781 0.656348 0.445312 0.65293 0.013588
0 0.673437 0.560547 0.321875 0.816406 0.0133286
1 0.66875 0.688281 0.596875 0.598437 0.00993347
1 0.840625 0.598535 0.285937 0.735742 0.00763702
1 0.391797 0.575 0.417969 0.8125 0.00737381
0 0.585059 0.453516 0.693945 0.655469 0.00626373
1 0.659766 0.54375 0.602344 0.8125 0.00600433
0 0.749219 0.422656 0.3875 0.588281 0.00577545
1 0.910937 0.634766 0.134375 0.652344 0.00557709
1 0.673437 0.560547 0.321875 0.816406 0.00538635
0 0.290234 0.568066 0.228906 0.782617 0.00376511
0 0.868555 0.868359 0.262891 0.263281 0.00348282
0 0.721875 0.580859 0.215625 0.803906 0.00341606
0 0.551172 0.104687 0.835156 0.209375 0.00287819
0 0.590234 0.717188 0.403906 0.54375 0.00276756
0 0.589063 0.742578 0.596875 0.494531 0.00266266
0 0.665625 0.585156 0.161719 0.784375 0.00265312
0 0.553125 0.179199 0.823438 0.358398 0.00250244
0 0.236523 0.625391 0.121484 0.583594 0.00196457
0 0.269336 0.636328 0.189063 0.633594 0.00190449
0 0.9875 0.373047 0.025 0.439844 0.00189686
0 0.982031 0.197656 0.0359375 0.395312 0.00165462
0 0.750781 0.172363 0.498437 0.344727 0.00162315
0 0.967578 0.647656 0.0648438 0.601562 0.00153637
0 0.887109 0.825391 0.225781 0.349219 0.00149536
0 0.551953 0.0744141 0.747656 0.148828 0.0014782
1 0.88125 0.890625 0.2375 0.21875 0.00144958
1 0.553125 0.179199 0.823438 0.358398 0.00142097
0 0.905469 0.133984 0.189063 0.267969 0.00141621
0 0.978516 0.659766 0.0429688 0.514844 0.00139904
1 0.9875 0.373047 0.025 0.439844 0.00138855
1 0.721875 0.580859 0.215625 0.803906 0.00138855
1 0.862695 0.874609 0.274609 0.250781 0.00138855
1 0.905469 0.133984 0.189063 0.267969 0.00138283
0 0.958594 0.782617 0.0828125 0.434766 0.00138283
0 0.970312 0.165723 0.059375 0.331445 0.00136185
0 0.985547 0.487891 0.0289063 0.614844 0.00135612
0 0.843164 0.162012 0.313672 0.321289 0.00135612
1 0.982031 0.197656 0.0359375 0.395312 0.00134563
0 0.565234 0.203906 0.594531 0.226562 0.00132465
1 0.551172 0.104687 0.835156 0.209375 0.0012846
0 0.985937 0.271875 0.028125 0.473437 0.0012846
0 0.908594 0.198437 0.182812 0.396875 0.00127411
1 0.803906 0.713281 0.0984375 0.120312 0.00119209
0 0.982813 0.744531 0.034375 0.464063 0.00118351
0 0.705859 0.170996 0.503906 0.270117 0.0011692
0 0.699219 0.199023 0.429688 0.255859 0.00116062
0 0.544141 0.13623 0.714844 0.272461 0.00115108
0 0.698047 0.138867 0.571094 0.277734 0.00113773
1 0.970312 0.165723 0.059375 0.331445 0.00113392
1 0.665625 0.585156 0.161719 0.784375 0.00112438
0 0.612891 0.201611 0.435156 0.183496 0.0011158
0 0.940234 0.332812 0.119531 0.4625 0.00106907
1 0.750781 0.172363 0.498437 0.344727 0.00105286
0 0.778516 0.123535 0.442969 0.24707 0.00104809
0 0.224609 0.541504 0.0960938 0.532617 0.00104427
0 0.575391 0.548437 0.800781 0.840625 0.731934
1 0.574219 0.550391 0.798437 0.855469 0.377441
0 0.423828 0.546875 0.492969 0.81875 0.00763702
0 0.559375 0.739844 0.76875 0.48125 0.00418091
1 0.559375 0.739844 0.76875 0.48125 0.00298119
1 0.423828 0.546875 0.492969 0.81875 0.00244331
0 0.901563 0.536328 0.175 0.771094 0.00234985
0 0.528516 0.651563 0.700781 0.64375 0.00216484
1 0.960547 0.461621 0.0789063 0.57207 0.00146675
1 0.889063 0.535156 0.201562 0.782812 0.00144386
0 0.960547 0.461621 0.0789063 0.57207 0.0012064
0 0.147656 0.495313 0.295312 0.859375 0.00118351
0 0.377344 0.605566 0.398438 0.723242 0.00112057
1 0.577344 0.559375 0.814062 0.839063 0.867188
0 0.584766 0.570312 0.813281 0.832812 0.100708
1 0.582031 0.375391 0.789062 0.478906 0.00118828
1 0.576953 0.558984 0.799219 0.853906 0.810547
0 0.578906 0.56875 0.810938 0.85 0.377441
0 0.4375 0.816406 0.50625 0.340625 0.00188923
0 0.55 0.0439453 0.792188 0.0878906 0.0018177
0 0.651563 0.851562 0.625 0.28125 0.00165462
0 0.56709 0.820312 0.75957 0.346875 0.00142097
1 0.55 0.0439453 0.792188 0.0878906 0.00129414
0 0.997656 0.717969 0.0046875 0.354688 0.00121593
1 0.578906 0.55 0.814062 0.853125 0.698242
0 0.582031 0.551562 0.807813 0.85 0.29834
1 0.561328 0.258984 0.830469 0.236719 0.00271416
0 0.997656 0.0927734 0.0046875 0.185547 0.00226974
1 0.569922 0.311914 0.813281 0.344922 0.00156116
0 0.173438 0.542969 0.174219 0.796875 0.00146675
0 0.874609 0.88418 0.250781 0.228516 0.00109863
1 0.570312 0.556641 0.79375 0.861719 0.925293
0 0.581641 0.558203 0.808594 0.847656 0.0256195
1 0.519531 0.0459961 0.873438 0.0919922 0.00115108
0 0.519531 0.0459961 0.873438 0.0919922 0.00115108
1 0.578516 0.560156 0.802344 0.857813 0.922363
1 0.546875 0.0400391 0.90625 0.0800781 0.0227203
0 0.584375 0.56875 0.815625 0.8375 0.0141754
0 0.546875 0.0391602 0.90625 0.0783203 0.00677109
1 0.539844 0.089624 0.876562 0.106299 0.00178242
1 0.573047 0.553906 0.797656 0.840625 0.831543
0 0.574219 0.558984 0.795313 0.850781 0.0691528
1 0.580078 0.558984 0.788281 0.844531 0.905762
0 0.581152 0.560156 0.793945 0.845312 0.00725937
1 0.572266 0.560938 0.789844 0.842188 0.899902
0 0.573047 0.5625 0.794531 0.846875 0.0165863
1 0.580078 0.559375 0.788281 0.845312 0.90625
0 0.581152 0.560156 0.793945 0.845312 0.00720596
