1 0.6125 0.638672 0.775 0.700781 0.562988
0 0.624512 0.623438 0.750977 0.69375 0.482422
0 0.423828 0.617969 0.371094 0.690625 0.0611877
0 0.828125 0.619531 0.34375 0.673437 0.0499573
0 0.882812 0.620313 0.234375 0.684375 0.024704
1 0.867969 0.61875 0.264062 0.66875 0.0211182
0 0.755469 0.619922 0.489062 0.685156 0.0142288
0 0.372852 0.61416 0.280078 0.643555 0.012146
1 0.423828 0.617969 0.371094 0.690625 0.0113297
1 0.755469 0.619922 0.489062 0.685156 0.00314713
1 0.907812 0.630859 0.184375 0.660156 0.0028553
1 0.494531 0.655859 0.510938 0.661719 0.00215721
0 0.679688 0.855273 0.634375 0.289453 0.00198746
0 0.294727 0.651172 0.133984 0.507031 0.0016613
0 0.916406 0.628516 0.167187 0.680469 0.00162888
0 0.330859 0.660937 0.203125 0.528125 0.00146675
0 0.923437 0.816797 0.153125 0.366406 0.00138283
0 0.781641 0.405078 0.436719 0.427344 0.00129414
0 0.855469 0.850781 0.289062 0.298438 0.0012846
1 0.372852 0.61416 0.280078 0.643555 0.00127411
1 0.869141 0.857031 0.261719 0.285937 0.00124454
0 0.883594 0.140625 0.232812 0.28125 0.00124454
0 0.322266 0.600879 0.172656 0.557617 0.00123024
1 0.883594 0.140625 0.232812 0.28125 0.0012064
0 0.59375 0.872656 0.58125 0.254687 0.00109863
0 0.371289 0.911719 0.338672 0.176563 0.00109482
0 0.981641 0.215625 0.0367187 0.43125 0.00108624
1 0.837891 0.885742 0.324219 0.228516 0.00106525
0 0.782227 0.851367 0.435547 0.297266 0.00102806
1 0.607129 0.619531 0.760742 0.707812 0.844727
0 0.612402 0.619922 0.754883 0.686719 0.0017271
1 0.612109 0.632422 0.769531 0.685156 0.908203
0 0.613672 0.636328 0.763281 0.699219 0.0128708
1 0.612402 0.637891 0.770508 0.699219 0.880859
0 0.608594 0.645312 0.760938 0.692187 0.0309601
0 0.550781 0.0412109 0.8 0.0824219 0.00186729
0 0.550781 0.0529297 0.81875 0.105859 0.0018177
1 0.723437 0.47334 0.553125 0.370508 0.00168705
0 0.555859 0.138477 0.813281 0.276953 0.00137806
1 0.614941 0.630469 0.760742 0.676562 0.822266
0 0.613184 0.625 0.758008 0.690625 0.165649
0 0.996875 0.0904297 0.00625 0.180859 0.00161076
1 0.612402 0.623438 0.775195 0.6875 0.883789
0 0.611816 0.621094 0.776367 0.692187 0.00196457
1 0.613672 0.626172 0.772656 0.699219 0.890625
0 0.614746 0.62959 0.767383 0.706445 0.012825
0 0.548437 0.0380859 0.884375 0.0761719 0.00312424
1 0.608594 0.631641 0.757812 0.700781 0.852051
0 0.603027 0.624609 0.751758 0.702344 0.0147324
1 0.614941 0.629004 0.770117 0.70293 0.884277
0 0.618359 0.62959 0.763281 0.687695 0.0156708
1 0.614453 0.642969 0.771094 0.701563 0.874512
0 0.612891 0.634473 0.764844 0.713867 0.0292511
1 0.614844 0.62959 0.770312 0.70332 0.884277
0 0.618359 0.629297 0.763281 0.688281 0.0154266
