0 0.725 0.496094 0.323438 0.8625 0.574707
0 0.610937 0.49375 0.534375 0.871875 0.218628
0 0.306689 0.38916 0.352246 0.720117 0.144165
0 0.596094 0.689453 0.525 0.544531 0.140381
0 0.773047 0.5125 0.216406 0.859375 0.131348
1 0.537402 0.69375 0.633008 0.535937 0.0301056
1 0.725 0.496094 0.323438 0.8625 0.0225372
1 0.306689 0.38916 0.352246 0.720117 0.0205688
0 0.603516 0.492188 0.326562 0.865625 0.0201416
0 0.818945 0.510938 0.140234 0.842188 0.0199127
1 0.341455 0.605859 0.390527 0.699219 0.0191956
0 0.317627 0.517969 0.353027 0.854688 0.0167236
0 0.696094 0.643848 0.310937 0.616992 0.0165253
0 0.354883 0.644141 0.407422 0.610156 0.014389
0 0.470313 0.492969 0.4 0.857813 0.01297
1 0.621484 0.491016 0.521094 0.878906 0.0127258
0 0.374219 0.496875 0.502344 0.853125 0.0108185
0 0.254102 0.387109 0.253516 0.699219 0.00871277
0 0.438672 0.708203 0.557813 0.507031 0.00584412
1 0.603516 0.492188 0.326562 0.865625 0.00570679
0 0.201562 0.451172 0.150781 0.688281 0.00502014
1 0.374219 0.496875 0.502344 0.853125 0.00452042
1 0.470313 0.492969 0.4 0.857813 0.00419998
0 0.618359 0.515625 0.179688 0.854688 0.00419998
1 0.773047 0.5125 0.216406 0.859375 0.00413513
1 0.381348 0.667188 0.424805 0.564062 0.00400543
1 0.438672 0.708203 0.557813 0.507031 0.0036068
0 0.181982 0.399316 0.110254 0.406055 0.00348282
0 0.281592 0.563281 0.284473 0.746875 0.00323486
1 0.280469 0.489062 0.298438 0.85625 0.00312424
0 0.555859 0.517187 0.195312 0.848437 0.00275803
0 0.201367 0.576563 0.140234 0.621875 0.0027256
0 0.546484 0.426562 0.653906 0.80625 0.00271416
0 0.59541 0.303516 0.557617 0.551562 0.00266266
0 0.397266 0.348047 0.54375 0.650781 0.00253105
0 0.799219 0.891016 0.401563 0.217969 0.00223351
0 0.214844 0.361328 0.173828 0.483594 0.00213242
0 0.179492 0.511816 0.104687 0.524805 0.00194168
0 0.610547 0.186914 0.497656 0.373828 0.00189686
1 0.696094 0.643848 0.310937 0.616992 0.00184631
0 0.729688 0.143457 0.540625 0.286914 0.0017004
0 0.785937 0.162012 0.428125 0.324023 0.00169373
0 0.212305 0.646875 0.151172 0.484375 0.00164223
0 0.461621 0.304102 0.620508 0.552734 0.00161076
0 0.840625 0.500391 0.1 0.761719 0.00150108
0 0.436816 0.579687 0.316992 0.740625 0.00148392
1 0.799219 0.891016 0.401563 0.217969 0.00143242
1 0.254102 0.387109 0.253516 0.699219 0.00142097
0 0.634375 0.168945 0.398438 0.310937 0.00141621
0 0.00866699 0.319922 0.017334 0.264844 0.00140476
0 0.178857 0.324805 0.0993164 0.444141 0.00136662
1 0.920313 0.134375 0.159375 0.26875 0.00135136
0 0.920313 0.134375 0.159375 0.26875 0.00134563
0 0.00855713 0.271094 0.0171143 0.280469 0.00133514
1 0.555859 0.517187 0.195312 0.848437 0.00132465
0 0.727344 0.892187 0.445312 0.215625 0.00131512
0 0.5375 0.844531 0.553125 0.235938 0.00131512
1 0.618359 0.515625 0.179688 0.854688 0.00130463
0 0.640625 0.124805 0.526563 0.249609 0.00130463
0 0.867578 0.196484 0.264844 0.392969 0.00129414
0 0.807813 0.205469 0.384375 0.410937 0.00127411
0 0.983594 0.195898 0.0328125 0.391797 0.00126457
0 0.985156 0.353906 0.0296875 0.485938 0.0012598
0 0.0780762 0.109766 0.156152 0.219531 0.00125504
0 0.733594 0.213672 0.532812 0.427344 0.00123024
0 0.854492 0.873047 0.291016 0.253906 0.00121117
0 0.984375 0.495215 0.03125 0.704883 0.0012064
0 0.0463379 0.329492 0.0926758 0.300391 0.00118351
1 0.818945 0.510938 0.140234 0.842188 0.00116062
0 0.103027 0.157129 0.206055 0.314258 0.0011425
0 0.00834961 0.131641 0.0166992 0.258594 0.00112915
0 0.587891 0.692187 0.279687 0.5375 0.00112057
0 0.00881348 0.410156 0.017627 0.26875 0.0011158
0 0.00848389 0.182031 0.0169678 0.271094 0.00109005
0 0.835547 0.169336 0.328906 0.338672 0.00108624
0 0.0485352 0.281836 0.0970703 0.312891 0.00108147
0 0.892578 0.225 0.214844 0.45 0.00106907
0 0.788672 0.12998 0.422656 0.259961 0.00104427
0 0.239453 0.9125 0.310937 0.175 0.00104046
0 0.230664 0.66875 0.169922 0.384375 0.00102043
0 0.831055 0.838281 0.337891 0.323438 0.00102043
0 0.0149902 0.0897461 0.0299805 0.179492 0.00101662
0 0.638281 0.0625488 0.559375 0.125098 0.00100803
1 0.279102 0.610547 0.268359 0.675781 0.00100803
1 0.504004 0.512109 0.757617 0.896094 0.885742
0 0.508691 0.511328 0.74668 0.919531 0.0886841
0 0.789844 0.50625 0.203125 0.8875 0.0102921
1 0.789844 0.50625 0.203125 0.8875 0.00542831
0 0.705469 0.494922 0.371875 0.872656 0.0020504
1 0.705469 0.494922 0.371875 0.872656 0.00161648
0 0.948047 0.485938 0.103906 0.825 0.00148964
1 0.500391 0.691797 0.703906 0.521094 0.00141048
0 0.874023 0.496875 0.251953 0.889063 0.0011158
1 0.307227 0.485938 0.358984 0.865625 0.0011034
1 0.50625 0.503125 0.745313 0.925 0.897461
0 0.50625 0.503125 0.745313 0.925 0.0593262
1 0.400391 0.258984 0.515625 0.441406 0.00279045
1 0.329248 0.242773 0.369629 0.406641 0.0016489
1 0.512891 0.499219 0.755469 0.954687 0.875
0 0.510156 0.503516 0.764063 0.944531 0.0664673
1 0.410937 0.813281 0.523438 0.303125 0.00202751
0 0.510938 0.807813 0.74375 0.3125 0.00188923
0 0.410937 0.813281 0.523438 0.303125 0.00174809
1 0.510938 0.807813 0.74375 0.3125 0.00127411
1 0.501953 0.484766 0.736719 0.921094 0.867188
0 0.502246 0.482812 0.737695 0.921875 0.21936
0 0.858008 0.764063 0.283984 0.464063 0.00325966
1 0.498047 0.230078 0.764844 0.385156 0.0016489
0 0.935938 0.485938 0.128125 0.884375 0.00142097
0 0.877344 0.703906 0.24375 0.539062 0.00134087
1 0.515234 0.489062 0.752344 0.932813 0.927734
0 0.5125 0.485938 0.753125 0.915625 0.00316048
1 0.4875 0.710547 0.69375 0.485156 0.00150108
1 0.367578 0.712109 0.446094 0.463281 0.00142097
1 0.510547 0.487891 0.746094 0.935156 0.921387
0 0.509473 0.494141 0.749805 0.939844 0.00314713
1 0.503125 0.496094 0.746875 0.929688 0.874512
0 0.506152 0.498047 0.745508 0.938281 0.0613098
1 0.515234 0.494531 0.738281 0.939062 0.917969
0 0.508496 0.497656 0.745508 0.935938 0.014389
1 0.510547 0.491406 0.753906 0.932813 0.836426
0 0.512891 0.491406 0.764844 0.917188 0.257568
1 0.515234 0.494531 0.738281 0.939062 0.917969
0 0.508496 0.497656 0.745508 0.935938 0.0142822
