1 0.524219 0.503125 0.801562 0.840625 0.430176
1 0.778125 0.521094 0.26875 0.834375 0.223389
0 0.778125 0.521094 0.26875 0.834375 0.20813
0 0.524219 0.503125 0.801562 0.840625 0.110657
1 0.370117 0.516016 0.445703 0.833594 0.0790405
0 0.317187 0.506641 0.341406 0.844531 0.0725098
0 0.550781 0.708984 0.710938 0.491406 0.0268097
1 0.508594 0.710156 0.68125 0.492188 0.0200195
0 0.405371 0.704297 0.48457 0.489844 0.0112457
1 0.301953 0.530371 0.307813 0.793945 0.0104065
1 0.719141 0.501562 0.371094 0.840625 0.0100555
0 0.256055 0.5125 0.235938 0.835938 0.00857544
1 0.405371 0.704297 0.48457 0.489844 0.00772476
1 0.639941 0.654688 0.538867 0.582812 0.00725937
0 0.701563 0.688281 0.410937 0.51875 0.0069046
0 0.639941 0.654688 0.538867 0.582812 0.00559998
0 0.351562 0.626953 0.404687 0.633594 0.00516129
1 0.701563 0.688281 0.410937 0.51875 0.00481033
1 0.351562 0.626953 0.404687 0.633594 0.00475693
0 0.20918 0.569434 0.133594 0.606445 0.00448608
0 0.719141 0.501562 0.371094 0.840625 0.00424957
0 0.814062 0.539844 0.203125 0.773438 0.00277901
0 0.294971 0.588672 0.29209 0.694531 0.00258064
0 0.989062 0.310156 0.021875 0.410937 0.00205803
0 0.160254 0.547656 0.0560547 0.479688 0.00183105
1 0.298096 0.650391 0.294434 0.571094 0.0018177
0 0.9875 0.408594 0.025 0.43125 0.00181007
0 0.837695 0.906641 0.324609 0.186719 0.00179577
0 0.457031 0.835938 0.544531 0.248437 0.00160408
0 0.864062 0.511719 0.11875 0.807813 0.0015974
1 0.989062 0.361719 0.021875 0.40625 0.00158501
0 0.772656 0.896875 0.41875 0.20625 0.00154877
1 0.923047 0.138184 0.153906 0.276367 0.00150108
0 0.786914 0.124707 0.426172 0.249414 0.00148964
0 0.986719 0.186621 0.0265625 0.373242 0.00145531
1 0.989062 0.273438 0.021875 0.457812 0.00144386
1 0.569922 0.890625 0.700781 0.21875 0.00143242
0 0.923047 0.138184 0.153906 0.276367 0.00140476
0 0.983203 0.54209 0.0335938 0.47207 0.00139427
0 0.646875 0.135156 0.509375 0.259375 0.00134563
0 0.569922 0.890625 0.700781 0.21875 0.00133038
1 0.837695 0.906641 0.324609 0.186719 0.00130939
0 0.9875 0.234766 0.025 0.469531 0.00130463
1 0.7 0.892969 0.50625 0.214062 0.00129414
1 0.986719 0.186621 0.0265625 0.373242 0.00128937
0 0.853711 0.17168 0.292578 0.343359 0.00127411
0 0.982813 0.635938 0.034375 0.420312 0.0012598
1 0.985156 0.465234 0.0296875 0.453125 0.00117874
0 0.00891113 0.415625 0.0178223 0.285937 0.00117874
1 0.800781 0.475781 0.198437 0.807813 0.00117874
0 0.639453 0.164941 0.439844 0.250586 0.00116062
0 0.00925293 0.467578 0.0185059 0.310156 0.00115585
0 0.951563 0.468359 0.09375 0.530469 0.00115585
0 0.240186 0.914062 0.34541 0.171875 0.00114727
0 0.464063 0.0478516 0.725 0.0957031 0.0011425
1 0.256055 0.5125 0.235938 0.835938 0.00110722
0 0.18584 0.909766 0.37168 0.180469 0.00109005
0 0.635156 0.871875 0.529688 0.25625 0.00107765
0 0.503027 0.860352 0.664258 0.279297 0.00106907
0 0.21582 0.406641 0.134766 0.382031 0.00105286
0 0.816016 0.158203 0.367969 0.316406 0.00104427
0 0.00942383 0.532812 0.0188477 0.321875 0.00104046
0 0.905078 0.908594 0.189844 0.182812 0.00104046
0 0.657812 0.160449 0.315625 0.206445 0.00103188
0 0.611621 0.0490234 0.573633 0.0980469 0.00102806
0 0.90625 0.194336 0.178125 0.337891 0.00102425
1 0.730859 0.118359 0.538281 0.236719 0.00101662
0 0.126758 0.901563 0.253516 0.196875 0.00101185
0 0.376953 0.541309 0.455469 0.78457 0.00100803
0 0.951563 0.378027 0.096875 0.336133 0.00100422
0 0.724609 0.105664 0.550781 0.211328 0.00100422
1 0.521094 0.507031 0.770312 0.882812 0.873047
0 0.521094 0.507031 0.770312 0.882812 0.00516129
1 0.400781 0.495313 0.520312 0.834375 0.00136185
1 0.517871 0.511719 0.767383 0.873438 0.897949
0 0.525 0.5125 0.7625 0.871875 0.024231
1 0.529297 0.528906 0.775781 0.895312 0.929199
0 0.528906 0.524219 0.785937 0.904688 0.00712204
1 0.532129 0.83125 0.795117 0.260938 0.00234222
1 0.530078 0.505469 0.769531 0.865625 0.89209
0 0.538281 0.509375 0.764063 0.878125 0.0542908
1 0.522656 0.510156 0.765625 0.876562 0.935059
1 0.362109 0.705469 0.421094 0.44375 0.00224304
1 0.52666 0.53125 0.79043 0.928125 0.92627
1 0.532812 0.0460938 0.90625 0.0921875 0.00118828
1 0.527344 0.513672 0.770312 0.880469 0.878906
0 0.520703 0.515625 0.777344 0.885938 0.00317192
1 0.525391 0.512109 0.777344 0.888281 0.910645
1 0.396191 0.689453 0.493555 0.496094 0.00131512
0 0.527246 0.50625 0.783008 0.86875 0.00127411
1 0.519922 0.510156 0.761719 0.867188 0.921875
0 0.522656 0.510547 0.773438 0.872656 0.0115967
1 0.525684 0.5125 0.776758 0.889063 0.910645
1 0.396094 0.689062 0.492969 0.495313 0.00131512
0 0.526953 0.505859 0.783594 0.869531 0.00125504
