1 0.522656 0.479785 0.807813 0.799805 0.733398
0 0.514746 0.482812 0.78457 0.79375 0.165894
1 0.315576 0.471191 0.390723 0.781055 0.0880127
1 0.53125 0.613184 0.725 0.548633 0.0341797
1 0.258008 0.468848 0.271484 0.77793 0.0202179
0 0.315576 0.471191 0.390723 0.781055 0.0148392
0 0.766406 0.485254 0.290625 0.763867 0.0131226
0 0.695312 0.486328 0.425 0.767969 0.0124283
1 0.695312 0.486328 0.425 0.767969 0.00769424
0 0.258008 0.468848 0.271484 0.77793 0.00748825
0 0.550781 0.611035 0.698438 0.556055 0.00746155
1 0.766406 0.485254 0.290625 0.763867 0.00445175
0 0.203955 0.417578 0.170996 0.465625 0.00385475
0 0.537402 0.916406 0.754883 0.167187 0.00251198
1 0.554297 0.896875 0.758594 0.20625 0.00227928
0 0.564062 0.883984 0.765625 0.232031 0.00213242
0 0.768359 0.137207 0.463281 0.274414 0.00201988
0 0.9875 0.317187 0.025 0.460938 0.00178242
0 0.820703 0.896875 0.358594 0.20625 0.00178242
0 0.985937 0.390234 0.028125 0.482031 0.0017271
0 0.989062 0.244531 0.021875 0.478125 0.00154877
1 0.88125 0.12959 0.2375 0.25918 0.00152493
0 0.815234 0.17793 0.369531 0.355859 0.0015192
0 0.675781 0.880859 0.570312 0.238281 0.0014782
0 0.88125 0.12959 0.2375 0.25918 0.00144386
0 0.983984 0.186523 0.0320312 0.373047 0.00143242
0 0.699219 0.140332 0.532812 0.280664 0.00137806
0 0.983203 0.516016 0.0335938 0.524219 0.00135612
0 0.974609 0.16875 0.0507812 0.3375 0.00134563
1 0.768359 0.137207 0.463281 0.274414 0.00133038
0 0.00893555 0.323438 0.0178711 0.25625 0.00131512
0 0.486328 0.0663086 0.783594 0.132617 0.00130463
1 0.675781 0.880859 0.570312 0.238281 0.00128937
0 0.00878906 0.277734 0.0175781 0.26875 0.00126457
1 0.985937 0.390234 0.028125 0.482031 0.00122547
1 0.820703 0.896875 0.358594 0.20625 0.0012207
1 0.203955 0.417578 0.170996 0.465625 0.00121593
1 0.9875 0.317187 0.025 0.460938 0.00120163
0 0.760156 0.891406 0.410937 0.217187 0.00120163
1 0.974609 0.16875 0.0507812 0.3375 0.00119209
0 0.773242 0.19375 0.453516 0.3875 0.00118828
0 0.732031 0.103711 0.535937 0.207422 0.00116062
0 0.551562 0.15332 0.25 0.198047 0.00116062
0 0.444141 0.91875 0.525 0.1625 0.00115585
1 0.983984 0.186523 0.0320312 0.373047 0.00115585
0 0.228955 0.420215 0.213965 0.629883 0.00112915
0 0.00863037 0.230029 0.0172607 0.277441 0.0011158
0 0.50791 0.0441406 0.748242 0.0882813 0.00110722
0 0.00925293 0.40459 0.0185059 0.292383 0.00110722
0 0.823438 0.495215 0.189063 0.74082 0.00109863
1 0.534766 0.927344 0.755469 0.145313 0.00109482
0 0.0443359 0.379297 0.0886719 0.296875 0.00107288
0 0.951563 0.465625 0.096875 0.589063 0.00106049
0 0.647656 0.15 0.448438 0.227344 0.00105667
1 0.989062 0.244531 0.021875 0.478125 0.00104809
0 0.946094 0.247852 0.107813 0.394141 0.00104809
0 0.858398 0.208594 0.283203 0.417188 0.00102806
1 0.486328 0.0663086 0.783594 0.132617 0.00102425
0 0.00925293 0.457812 0.0185059 0.308594 0.00101185
0 0.00854492 0.136426 0.0170898 0.261523 0.00100422
1 0.519141 0.473047 0.794531 0.822656 0.90332
0 0.519141 0.473047 0.794531 0.822656 0.0053215
1 0.509375 0.486328 0.782812 0.827344 0.893066
0 0.514746 0.483984 0.776758 0.825781 0.0368958
1 0.513379 0.480859 0.776367 0.808594 0.912598
0 0.515234 0.478125 0.786719 0.817187 0.0184021
1 0.55 0.750781 0.721875 0.271875 0.00216484
1 0.525879 0.471094 0.79668 0.8125 0.872559
0 0.525391 0.469531 0.805469 0.823438 0.0531921
0 0.831055 0.775977 0.334766 0.448047 0.00283432
1 0.831055 0.775977 0.334766 0.448047 0.00275803
1 0.255273 0.764063 0.510547 0.465625 0.0014267
1 0.532031 0.206689 0.81875 0.286621 0.00139904
1 0.195508 0.730078 0.376953 0.527344 0.00123501
0 0.251367 0.787695 0.502734 0.421484 0.00113773
1 0.509277 0.475781 0.787695 0.825 0.936523
1 0.516504 0.472656 0.788867 0.832812 0.918945
0 0.517871 0.475 0.792383 0.815625 0.00874329
1 0.518066 0.477344 0.791992 0.834375 0.876465
0 0.513965 0.474219 0.793945 0.829687 0.0077858
1 0.521094 0.477344 0.792188 0.845312 0.916992
0 0.521094 0.477344 0.792188 0.845312 0.00247192
1 0.510156 0.475781 0.771875 0.817187 0.896484
0 0.510254 0.473828 0.773242 0.825781 0.0189819
1 0.521094 0.477344 0.792188 0.845312 0.91748
0 0.521094 0.477344 0.792188 0.845312 0.0024929
