0 0.609766 0.596094 0.667969 0.682813 0.799316
0 0.59375 0.471094 0.6625 0.907812 0.693359
0 0.408691 0.0941406 0.270117 0.188281 0.405518
0 0.634375 0.512109 0.6125 0.497656 0.315674
1 0.59375 0.471094 0.6625 0.907812 0.284668
1 0.609766 0.596094 0.667969 0.682813 0.0938721
1 0.408691 0.0941406 0.270117 0.188281 0.0630493
1 0.634375 0.512109 0.6125 0.497656 0.0447693
0 0.769141 0.125684 0.217969 0.215039 0.0437622
0 0.625781 0.376172 0.645312 0.555469 0.0403137
0 0.664844 0.428809 0.55625 0.304883 0.0383301
0 0.649609 0.37207 0.571094 0.324609 0.0301514
0 0.721094 0.553027 0.484375 0.598633 0.0205231
0 0.208252 0.123438 0.137402 0.161719 0.0180511
1 0.625781 0.376172 0.645312 0.555469 0.0146179
0 0.11709 0.241357 0.186914 0.182129 0.0124817
1 0.773047 0.114355 0.205469 0.223633 0.011116
1 0.208252 0.123438 0.137402 0.161719 0.00993347
0 0.666016 0.0607422 0.224219 0.121484 0.00787354
1 0.649609 0.37207 0.571094 0.324609 0.00709534
0 0.762109 0.103711 0.249219 0.207422 0.00709534
0 0.642187 0.0651367 0.164062 0.130273 0.00695801
0 0.717969 0.0636719 0.314063 0.127344 0.00626373
0 0.119141 0.201367 0.189453 0.258203 0.00575256
0 0.775 0.156836 0.25625 0.280469 0.00536346
0 0.105493 0.0922119 0.0675293 0.178857 0.00494385
1 0.105566 0.108008 0.0654297 0.216016 0.00475693
1 0.104492 0.242773 0.153125 0.169141 0.00450516
1 0.105493 0.0922119 0.0675293 0.178857 0.00416565
0 0.287109 0.235547 0.155469 0.207031 0.00413513
0 0.777344 0.122852 0.3125 0.233203 0.00405502
0 0.105566 0.108008 0.0654297 0.216016 0.00395966
0 0.108691 0.237109 0.129688 0.174219 0.0039444
0 0.202393 0.0960938 0.178809 0.192188 0.00359344
0 0.27832 0.88125 0.280078 0.190625 0.00358009
0 0.776367 0.111523 0.156641 0.211328 0.00356483
0 0.319922 0.879687 0.142188 0.2 0.00316048
0 0.655078 0.328711 0.525781 0.551172 0.00313568
0 0.745313 0.47959 0.4375 0.493945 0.00311089
0 0.375098 0.163672 0.298242 0.327344 0.00307465
0 0.210156 0.10459 0.116016 0.173242 0.00302696
1 0.666016 0.0607422 0.224219 0.121484 0.00292397
0 0.44541 0.086084 0.160742 0.172168 0.00275803
0 0.582031 0.20542 0.146875 0.179785 0.00269318
1 0.641406 0.0598633 0.134375 0.119727 0.00257111
1 0.717969 0.0636719 0.314063 0.127344 0.00252151
1 0.119141 0.201367 0.189453 0.258203 0.00247192
0 0.10498 0.0673828 0.0783203 0.134766 0.0024147
0 0.673828 0.0567383 0.128906 0.113477 0.00234985
0 0.65625 0.0537109 0.125781 0.107422 0.00226021
0 0.376563 0.0927734 0.389062 0.185547 0.00220871
0 0.671875 0.0842285 0.275 0.168457 0.00219917
1 0.7875 0.111426 0.296875 0.222852 0.00217438
1 0.775 0.156836 0.25625 0.280469 0.00209045
1 0.107324 0.228125 0.130273 0.221094 0.00208282
1 0.375098 0.163672 0.298242 0.327344 0.00196457
0 0.183008 0.111523 0.209766 0.2125 0.00194931
0 0.836914 0.103906 0.326172 0.207813 0.00193405
1 0.725 0.108398 0.323438 0.216797 0.00188923
0 0.596094 0.221484 0.126563 0.175 0.00186729
1 0.210156 0.10459 0.116016 0.173242 0.00186062
0 0.332227 0.197314 0.232422 0.264746 0.00185299
0 0.5625 0.193408 0.229687 0.308496 0.00183868
1 0.27832 0.88125 0.280078 0.190625 0.00183105
1 0.319922 0.879687 0.142188 0.2 0.00182438
0 0.377344 0.925 0.0835937 0.14375 0.00181007
0 0.146899 0.116602 0.199561 0.233203 0.00178242
0 0.180664 0.0849121 0.245703 0.169824 0.00176811
1 0.664844 0.428809 0.55625 0.304883 0.0017271
1 0.202393 0.0960938 0.178809 0.192188 0.00168705
0 0.621094 0.0567383 0.185937 0.113477 0.0016489
1 0.287109 0.235547 0.155469 0.207031 0.00162888
0 0.275391 0.822656 0.29375 0.298438 0.00160408
1 0.655078 0.328711 0.525781 0.551172 0.00151253
0 0.300195 0.0938477 0.363672 0.187695 0.00141621
0 0.355273 0.0595703 0.255859 0.119141 0.00141048
0 0.448438 0.062793 0.234375 0.125586 0.00135136
0 0.564062 0.171484 0.207031 0.235156 0.00132465
0 0.103125 0.0996094 0.0808594 0.141016 0.00124931
1 0.596094 0.221484 0.126563 0.175 0.00122547
0 0.78457 0.216211 0.365234 0.422266 0.00121593
0 0.485156 0.0943115 0.121875 0.177783 0.0012064
0 0.582031 0.0824219 0.276563 0.164844 0.00120163
0 0.512891 0.071582 0.522656 0.143164 0.00119686
0 0.613281 0.0664062 0.145313 0.132812 0.00119209
0 0.753125 0.0547852 0.25625 0.10957 0.00117397
1 0.376563 0.0927734 0.389062 0.185547 0.0011692
0 0.367188 0.0834961 0.186719 0.166992 0.00113392
1 0.582031 0.20542 0.146875 0.179785 0.00113392
1 0.275391 0.822656 0.29375 0.298438 0.00104427
0 0.0931641 0.109082 0.0775391 0.132617 0.00104427
1 0.146899 0.116602 0.199561 0.233203 0.00103664
0 0.0311279 0.0440918 0.0622559 0.0881836 0.00102425
0 0.551172 0.310547 0.453906 0.507031 0.00101662
0 0.9375 0.043457 0.125 0.0869141 0.00101185
0 0.408594 0.0842773 0.185937 0.168555 0.00101185
1 0.466406 0.09021 0.138281 0.173486 0.00101185
0 0.537109 0.528027 0.799219 0.75957 0.875977
0 0.40791 0.0994141 0.281055 0.198828 0.421631
0 0.113184 0.247705 0.208008 0.176465 0.106506
1 0.528125 0.525781 0.8125 0.75 0.0585632
0 0.219336 0.126758 0.192969 0.162109 0.0146179
0 0.802344 0.136523 0.279687 0.210156 0.00997162
0 0.306445 0.249609 0.203516 0.188281 0.00854492
1 0.40791 0.0994141 0.281055 0.198828 0.00760651
0 0.723047 0.062207 0.369531 0.124414 0.00731659
0 0.315234 0.8875 0.221094 0.175 0.00492477
0 0.894531 0.0540894 0.203125 0.0724854 0.00363541
0 0.100806 0.0808594 0.0687012 0.128125 0.00279999
0 0.105176 0.08125 0.0673828 0.1625 0.00250244
0 0.400391 0.251172 0.114844 0.0875 0.00189686
0 0.551172 0.0960938 0.511719 0.192188 0.00183868
1 0.113184 0.247705 0.208008 0.176465 0.00171375
0 0.695312 0.0548828 0.298438 0.109766 0.00148392
0 0.269141 0.839063 0.319531 0.264062 0.00142097
0 0.373242 0.924219 0.0863281 0.107813 0.00139904
0 0.321875 0.0547363 0.113281 0.0936523 0.00134563
0 0.331641 0.0438354 0.135937 0.0810791 0.00133514
0 0.932813 0.860742 0.13125 0.278516 0.00131989
0 0.916016 0.0533325 0.167969 0.067749 0.00125504
1 0.315234 0.8875 0.221094 0.175 0.00124454
0 0.0390137 0.100562 0.0780273 0.197705 0.00122547
0 0.185937 0.0297363 0.187109 0.0499023 0.00121593
0 0.101367 0.0710449 0.0509766 0.11748 0.00115108
0 0.291016 0.00474854 0.184375 0.00949707 0.00106525
0 0.409766 0.0986572 0.270312 0.195654 0.568848
0 0.576953 0.606641 0.699219 0.667969 0.411133
0 0.313477 0.252783 0.209766 0.191309 0.293457
0 0.216748 0.120996 0.190723 0.150977 0.291016
1 0.526172 0.616406 0.816406 0.671875 0.286133
0 0.110132 0.249805 0.178955 0.187109 0.273682
0 0.772266 0.132422 0.216406 0.213281 0.23938
0 0.321875 0.889063 0.177344 0.165625 0.173828
0 0.632812 0.0620605 0.2125 0.124121 0.147583
0 0.564453 0.208984 0.208594 0.154297 0.13208
1 0.41084 0.0979248 0.267383 0.193994 0.117188
1 0.313477 0.252783 0.209766 0.191309 0.114746
1 0.216748 0.120996 0.190723 0.150977 0.0878906
0 0.108105 0.0847656 0.0708984 0.169531 0.0803833
1 0.116626 0.252539 0.173389 0.194141 0.0736694
1 0.321875 0.889063 0.177344 0.165625 0.0545959
1 0.108105 0.0847656 0.0708984 0.169531 0.0402527
1 0.772266 0.132422 0.216406 0.213281 0.03302
0 0.45166 0.0988281 0.188867 0.197656 0.0275879
0 0.0461426 0.0973633 0.0922852 0.194727 0.0264587
1 0.639844 0.062207 0.182812 0.124414 0.0258636
0 0.203174 0.854688 0.163965 0.184375 0.025177
0 0.929688 0.882031 0.140625 0.235938 0.0225372
1 0.564453 0.208984 0.208594 0.154297 0.0197906
1 0.631934 0.580859 0.589258 0.747656 0.016922
0 0.673828 0.972656 0.363281 0.0546875 0.0148392
0 0.747656 0.960938 0.373437 0.078125 0.0138474
0 0.0522461 0.118555 0.104492 0.237109 0.0125275
0 0.889063 0.0490234 0.184375 0.0980469 0.0111618
0 0.686719 0.0694824 0.310937 0.136426 0.0109024
1 0.932813 0.885938 0.134375 0.228125 0.0106506
0 0.0977539 0.0830078 0.0751953 0.166016 0.0106506
0 0.24375 0.975781 0.36875 0.0484375 0.0104904
0 0.364844 0.0916016 0.184375 0.183203 0.0103302
1 0.203174 0.854688 0.163965 0.184375 0.00967407
0 0.341797 0.252734 0.21875 0.167578 0.00871277
1 0.364453 0.0845703 0.192969 0.169141 0.00861359
0 0.21875 0.861719 0.218359 0.192188 0.00828552
0 0.319922 0.978906 0.353906 0.0421875 0.00800323
0 0.398828 0.253906 0.0992187 0.109375 0.00737381
0 0.798437 0.967969 0.3875 0.0640625 0.00731659
0 0.0782959 0.81875 0.148486 0.215625 0.00695801
1 0.640625 0.0583984 0.255469 0.116797 0.0068512
0 0.135937 0.957031 0.271875 0.0859375 0.00682449
0 0.169727 0.0583984 0.156641 0.116797 0.00658798
0 0.213086 0.0333252 0.209766 0.0666504 0.0064888
0 0.193164 0.965625 0.375391 0.06875 0.00614548
0 0.101465 0.0834961 0.0636719 0.128906 0.00598145
1 0.0977539 0.0830078 0.0751953 0.166016 0.00575256
0 0.229297 0.0241699 0.0765625 0.0483398 0.00575256
0 0.711328 0.116992 0.322656 0.232031 0.00561905
0 0.829297 0.975 0.341406 0.05 0.00530243
0 0.00507812 0.276758 0.0101562 0.173828 0.00527954
0 0.596484 0.969141 0.388281 0.0617188 0.00486755
0 0.221875 0.122949 0.275781 0.15332 0.00439835
0 0.176758 0.086084 0.195703 0.172168 0.00439835
0 0.241406 0.0243652 0.0703125 0.0487305 0.00434875
0 0.0193115 0.0163086 0.038623 0.0326172 0.00432968
0 0.0888672 0.110327 0.0591797 0.092627 0.00432968
0 0.356055 0.245898 0.198047 0.127734 0.00429916
0 0.00585938 0.0130859 0.0117188 0.0261719 0.00428009
0 0 0.0472656 0 0.0945313 0.00419998
0 0 0.364453 0 0.185937 0.00407028
0 0.0911133 0.110352 0.0591797 0.125391 0.00407028
1 0.0461426 0.0973633 0.0922852 0.194727 0.0039444
0 0 0.0852539 0 0.170508 0.0039444
0 0.229687 0.0321777 0.096875 0.0643555 0.00388527
0 0.10459 0.062793 0.0537109 0.125586 0.00367928
0 0.182031 0.0366699 0.119922 0.0733398 0.00367928
1 0.686719 0.0694824 0.310937 0.136426 0.00365067
0 0.381348 0.926562 0.0685547 0.11875 0.00359344
0 0 0.453027 0 0.183008 0.00353813
0 0 0.115918 0 0.18418 0.00340271
0 0 0.303906 0 0.180469 0.00340271
0 0 0.0665039 0 0.133008 0.00340271
0 0.564844 0.212109 0.276563 0.135937 0.00327301
0 0.215967 0.0255859 0.0993164 0.0511719 0.00322342
0 0 0.565625 0 0.184375 0.00319672
1 0.21875 0.861719 0.218359 0.192188 0.00314713
0 0.325391 0.246143 0.325781 0.195215 0.00312424
0 0.89375 0.0640625 0.120312 0.100781 0.00311089
0 0.9375 0.857031 0.125 0.285937 0.00300407
0 0 0.416309 0 0.183008 0.00298119
0 0.251172 0.269141 0.0679687 0.128125 0.00296974
0 0.00488281 0.311328 0.00976562 0.167187 0.00293541
0 0.308594 0.982031 0.18125 0.0359375 0.00291252
0 0 0.153418 0 0.18418 0.00288963
0 0.211719 0.0273926 0.277344 0.0547852 0.00288963
1 0.176758 0.086084 0.195703 0.172168 0.00288963
0 0 0.714844 0 0.185937 0.00287819
0 0.040625 0.161523 0.08125 0.323047 0.00276756
0 0.303906 0.886719 0.236719 0.185937 0.00274658
0 0 0.677734 0 0.185156 0.00273705
0 0 0.615625 0 0.183594 0.00271416
0 0.529297 0.969531 0.364844 0.0609375 0.00269318
0 0.00490723 0.239893 0.00981445 0.174121 0.0026722
0 0.926562 0.839258 0.13125 0.315234 0.0026722
0 0.657812 0.0498047 0.229687 0.0996094 0.0026722
0 0.365625 0.8875 0.107031 0.18125 0.0026722
0 0 0.266016 0 0.182812 0.00265312
1 0.169727 0.0583984 0.156641 0.116797 0.00265312
0 0.832031 0.921094 0.0625 0.129688 0.00265312
0 0.416406 0.261914 0.0757812 0.112891 0.00265312
1 0.45166 0.0988281 0.188867 0.197656 0.00263214
0 0 0.942969 0 0.114063 0.00263214
1 0.0522461 0.118555 0.104492 0.237109 0.00261116
1 0.907812 0.0481445 0.148438 0.0962891 0.00257111
0 0.0981445 0.103345 0.0642578 0.101904 0.00243378
0 0 0.503516 0 0.183594 0.00234222
0 0.349609 0.0550781 0.182031 0.110156 0.00234222
0 0.00487061 0.932031 0.00974121 0.135937 0.00234222
1 0.0782959 0.81875 0.148486 0.215625 0.00228691
0 0 0.190967 0 0.183691 0.00226974
1 0.303906 0.886719 0.236719 0.185937 0.00224304
0 0.148438 0.0407227 0.0773437 0.0814453 0.00223351
0 0.44834 0.426562 0.320508 0.251563 0.00221634
0 0.356641 0.719141 0.260156 0.225781 0.00221634
0 0.657812 0.983594 0.204688 0.0328125 0.00221634
0 0.256299 0.982031 0.196777 0.0359375 0.00220871
0 0.709375 0.60625 0.446875 0.689062 0.00219917
1 0.213086 0.0333252 0.209766 0.0666504 0.00216484
1 0.29043 0.978516 0.357422 0.0429688 0.00214005
0 0.431641 0.961719 0.065625 0.0765625 0.00211525
0 0 0.789844 0 0.185937 0.00208282
0 0 0.752344 0 0.185937 0.00208282
0 0.850781 0.957812 0.298438 0.084375 0.00208282
1 0.747656 0.960938 0.373437 0.078125 0.00206757
1 0.673828 0.972656 0.363281 0.0546875 0.00204277
0 0 0.890625 0 0.184375 0.00201988
0 0.407813 0.248047 0.09375 0.0890625 0.00201035
0 0.00490723 0.0244141 0.00981445 0.0488281 0.00201035
1 0.711328 0.116992 0.322656 0.232031 0.00200272
0 0.602344 0.184814 0.185937 0.215527 0.00194931
0 0.903125 0.0583008 0.1875 0.0914062 0.00192642
0 0 0.228516 0 0.182812 0.00186729
0 0.302734 0.0560547 0.071875 0.112109 0.00186729
1 0.9375 0.857031 0.125 0.285937 0.00184631
1 0.349609 0.0550781 0.182031 0.110156 0.00183868
0 0.0384766 0.124902 0.0769531 0.249805 0.00181007
0 0.0924805 0.803125 0.184961 0.265625 0.00178909
0 0.114648 0.05 0.0609375 0.1 0.00176811
0 0.322266 0.696875 0.221094 0.242188 0.00175476
0 0 0.827344 0 0.185937 0.00174141
0 0.358789 0.984766 0.171484 0.0304688 0.00168705
0 0.452734 0.95 0.386719 0.1 0.0016613
0 0.372266 0.910937 0.0703125 0.125 0.00161076
0 0.533203 0.00383301 0.157813 0.00766602 0.00158501
0 0.20625 0.983594 0.204297 0.0328125 0.00154877
0 0.884961 0.923437 0.230078 0.153125 0.00154305
0 0.159668 0.759375 0.148242 0.29375 0.00152493
0 0.434277 0.0038208 0.167383 0.0076416 0.00152493
0 0.492969 0.985156 0.178125 0.0296875 0.00150681
0 0.823438 0.93125 0.06875 0.103125 0.00150108
0 0 0.924219 0 0.151562 0.00150108
0 0.515625 0.403027 0.35625 0.243945 0.00149536
0 0.799219 0.257422 0.2875 0.446094 0.00148964
0 0.104004 0.946875 0.204492 0.096875 0.00148392
1 0.339453 0.708594 0.266406 0.260938 0.0014782
0 0.264844 0.577344 0.220313 0.307813 0.00146103
0 0.227686 0.972266 0.18291 0.0554687 0.00145531
0 0.416016 0.985937 0.164062 0.028125 0.00144386
0 0.314453 0.0478516 0.0929687 0.0957031 0.00142097
0 0.535937 0.984766 0.19375 0.0304688 0.00141621
0 0.89375 0.00404053 0.153125 0.00808105 0.00141048
0 0.574219 0.237061 0.215625 0.209473 0.00140476
1 0.217236 0.971094 0.369434 0.0578125 0.00139904
0 0.0339966 0.289844 0.0515381 0.137109 0.00136662
0 0.705469 0.983984 0.217187 0.0320312 0.00136662
1 0.926562 0.839258 0.13125 0.315234 0.00136662
0 0.00488281 0.348437 0.00976562 0.16875 0.00136662
0 0.445312 0.985547 0.167969 0.0289063 0.00136185
1 0.221875 0.122949 0.275781 0.15332 0.00136185
0 0.123242 0.170117 0.155859 0.0734375 0.00135612
0 0.294922 0.0050293 0.166406 0.0100586 0.00135136
0 0.269336 0.0530273 0.0601562 0.106055 0.00134563
0 0.497266 0.00400391 0.16875 0.00800781 0.00134563
0 0.580469 0.38125 0.339063 0.23125 0.00134563
0 0.854688 0.89375 0.046875 0.128125 0.00133514
0 0.242773 0.245898 0.0667969 0.132031 0.00133514
0 0.971875 0.976172 0.05625 0.0476562 0.00130463
0 0.124023 0.951563 0.248047 0.090625 0.00130463
0 0.386328 0.00369873 0.161719 0.00739746 0.00129414
0 0.753906 0.984375 0.21875 0.03125 0.00129414
0 0.173242 0.971094 0.16875 0.0578125 0.00128937
0 0.0998291 0.00378418 0.153076 0.00756836 0.0012846
1 0.264844 0.577344 0.220313 0.307813 0.00127888
0 0.155444 0.216992 0.167627 0.226953 0.00127411
1 0.341797 0.252734 0.21875 0.167578 0.0012598
0 0.679688 0.0481445 0.314063 0.0962891 0.00124931
0 0.0900391 0.0411621 0.180078 0.0823242 0.00124454
0 0.144531 0.135937 0.0652344 0.112109 0.00123978
1 0.00585938 0.0130859 0.0117188 0.0261719 0.00123501
0 0.853125 0.984375 0.201562 0.03125 0.0012207
0 0.78457 0.616406 0.349609 0.673437 0.00121593
0 0.324023 0.98125 0.155078 0.0375 0.00121593
0 0.91875 0.0546387 0.135937 0.0797852 0.00121593
1 0.159668 0.759375 0.148242 0.29375 0.00121593
0 0.598437 0.500879 0.615625 0.45293 0.00121117
0 0.608203 0.984375 0.207031 0.03125 0.00121117
0 0.860937 0.902734 0.0375 0.194531 0.00119686
0 0.924219 0.00427246 0.151562 0.00854492 0.00119686
1 0.0924805 0.803125 0.184961 0.265625 0.00119209
0 0.0050293 0.20542 0.0100586 0.178223 0.00117397
1 0.798437 0.967969 0.3875 0.0640625 0.00115585
0 0.715625 0.0460938 0.09375 0.0921875 0.00115108
1 0.892969 0.0466797 0.214062 0.0933594 0.00115108
1 0.242627 0.560156 0.169434 0.289062 0.00115108
0 0.14502 0.126074 0.0501953 0.141602 0.00115108
1 0.00507812 0.276758 0.0101562 0.173828 0.00113392
0 0.260742 0.865625 0.289453 0.18125 0.00113392
0 0.0433472 0.295312 0.0576416 0.09375 0.00112915
0 0.376563 0.971484 0.353125 0.0570313 0.00112438
0 0.886719 0.053894 0.142188 0.0875244 0.00112438
1 0.44834 0.426562 0.320508 0.251563 0.0011158
0 0.375781 0.935938 0.0671875 0.090625 0.00111198
0 0.25625 0.974219 0.19375 0.0515625 0.00111198
0 0.755078 0.153027 0.183594 0.162305 0.00110722
0 0 0.951953 0 0.0960938 0.00109005
0 0.0262695 0.177295 0.0525391 0.140723 0.00109005
0 0.971875 0.00494385 0.05625 0.0098877 0.00107765
0 0.242627 0.560156 0.169434 0.289062 0.00106049
1 0.135937 0.957031 0.271875 0.0859375 0.00105286
0 0.493359 0.810156 0.246875 0.259375 0.00104809
0 0.957812 0.144922 0.0671875 0.113281 0.00104427
0 0.187305 0.00480957 0.160547 0.00961914 0.00104046
1 0.350977 0.978125 0.348828 0.04375 0.00103664
1 0.829297 0.975 0.341406 0.05 0.00102425
0 0.102344 0.930859 0.204688 0.138281 0.00101185
0 0.52959 0.612891 0.793945 0.672656 0.891602
0 0.403906 0.0985352 0.266406 0.194336 0.710449
0 0.206982 0.124902 0.160254 0.123633 0.65332
0 0.3 0.250439 0.173438 0.168652 0.577637
0 0.111157 0.252783 0.193701 0.165527 0.521484
0 0.319531 0.898438 0.165625 0.13125 0.439697
0 0.771875 0.135352 0.209375 0.205078 0.394287
0 0.63125 0.0576172 0.171875 0.112891 0.390381
0 0.567187 0.212695 0.192188 0.130859 0.369385
0 0.672656 0.0584961 0.273438 0.116992 0.349609
0 0.442187 0.100952 0.189844 0.179736 0.208862
0 0.107715 0.0788086 0.0796875 0.142578 0.147583
0 0.32793 0.255078 0.189453 0.149219 0.147583
1 0.3 0.250439 0.173438 0.168652 0.105957
0 0.896875 0.0509888 0.146875 0.0831787 0.0953369
0 0.760156 0.150684 0.190625 0.156836 0.0907593
1 0.208594 0.125391 0.165625 0.133984 0.0863037
0 0.782812 0.141699 0.1625 0.179102 0.0853882
0 0.657031 0.0536133 0.176563 0.107227 0.0838623
0 0.379004 0.0944336 0.212305 0.161133 0.0820923
1 0.110937 0.253125 0.175 0.170312 0.078064
0 0.185107 0.866406 0.144629 0.159375 0.072876
0 0.710938 0.0674805 0.332812 0.12832 0.0651245
0 0.347656 0.249219 0.190625 0.125781 0.0600891
0 0.0463379 0.0975586 0.0858398 0.195117 0.0538025
0 0.412598 0.105078 0.21543 0.166406 0.0524292
1 0.320703 0.900781 0.166406 0.148438 0.0455322
0 0.175391 0.0340332 0.125781 0.0680664 0.0445251
0 0.309766 0.901563 0.225781 0.146875 0.0400085
1 0.107715 0.0788086 0.0796875 0.142578 0.0389099
0 0.0626953 0.826758 0.11875 0.168359 0.033844
0 0.333203 0.0725586 0.132812 0.145117 0.0328369
1 0.784375 0.139258 0.173438 0.183203 0.03125
1 0.567187 0.212695 0.192188 0.130859 0.0290833
0 0.354688 0.24668 0.280469 0.160547 0.028595
0 0.314453 0.0666992 0.096875 0.133398 0.0269623
1 0.52959 0.612891 0.793945 0.672656 0.0264587
0 0.117383 0.0804199 0.0792969 0.16084 0.0231476
0 0.153418 0.0348389 0.11582 0.0696777 0.0226288
0 0.33125 0.119238 0.407813 0.141211 0.0226288
0 0.594531 0.0570801 0.114063 0.11416 0.0217743
0 0.926562 0.9 0.140625 0.2 0.0216217
0 0.647656 0.0320312 0.235938 0.0640625 0.0197906
0 0.666016 0.0481445 0.257031 0.0962891 0.0193481
0 0.364844 0.90625 0.114063 0.1375 0.0192719
1 0.399219 0.0916016 0.265625 0.183203 0.0192719
0 0.125879 0.0561523 0.10332 0.112305 0.0175781
0 0.400684 0.421875 0.289258 0.214062 0.0160217
0 0.545313 0.217187 0.184375 0.113281 0.0157776
0 0.615625 0.169922 0.226562 0.138672 0.0153656
1 0.672656 0.0584961 0.273438 0.116992 0.0150757
1 0.63125 0.0576172 0.171875 0.112891 0.0146713
0 0.44375 0.416016 0.2625 0.2125 0.0136337
0 0.235889 0.121582 0.215723 0.13457 0.0133743
0 0.473535 0.390723 0.287305 0.19668 0.0132751
0 0.478906 0.0967773 0.142969 0.172852 0.0120544
1 0.442187 0.100952 0.189844 0.179736 0.0119629
0 0.37666 0.248828 0.156055 0.107813 0.0116882
0 0.558594 0.387891 0.266406 0.202344 0.0114212
0 0.4625 0.0801758 0.15 0.160352 0.0108185
0 0.286523 0.232812 0.148828 0.161719 0.0103302
0 0.504687 0.412109 0.249219 0.209375 0.00963593
0 0.53125 0.368359 0.278125 0.1875 0.00926971
1 0.357031 0.0837646 0.176563 0.164502 0.00857544
0 0.20625 0.101465 0.2 0.131055 0.00815582
1 0.185107 0.866406 0.144629 0.159375 0.00754929
0 0.050293 0.0774414 0.100586 0.154883 0.00728989
0 0.229102 0.0513184 0.214062 0.0680664 0.00709534
0 0.469434 0.43125 0.22207 0.185156 0.00706482
0 0.173633 0.222266 0.239844 0.214844 0.00682449
0 0.376563 0.0931396 0.370313 0.180908 0.00643921
0 0.605078 0.217236 0.141406 0.120215 0.00638962
0 0.428027 0.457129 0.208008 0.188867 0.00634003
1 0.896875 0.0509888 0.146875 0.0831787 0.00626373
0 0.41416 0.0774414 0.18418 0.154883 0.00624084
0 0.540723 0.458691 0.766992 0.368555 0.00619125
0 0.667969 0.199609 0.346875 0.134766 0.00582123
0 0.721094 0.124023 0.382812 0.214844 0.00570679
0 0.716406 0.975781 0.185937 0.0484375 0.0055542
0 0.0781494 0.0786133 0.114404 0.157227 0.00548935
0 0.108789 0.231445 0.135547 0.155859 0.00542831
0 0.934766 0.83418 0.130469 0.306641 0.00542831
1 0.333203 0.0725586 0.132812 0.145117 0.00530243
0 0.399609 0.0118652 0.267188 0.0237305 0.00519943
0 0.582031 0.36875 0.264062 0.190625 0.00519943
0 0.784375 0.103101 0.146875 0.164111 0.00518036
1 0.657031 0.0536133 0.176563 0.107227 0.0051384
1 0.32793 0.255078 0.189453 0.149219 0.00511932
0 0.363867 0.0734375 0.176953 0.146875 0.0050621
0 0.518359 0.223633 0.133594 0.108203 0.0049057
0 0.297266 0.0515625 0.0726563 0.103125 0.00482941
0 0.665234 0.395215 0.300781 0.214258 0.00482941
1 0.314453 0.0666992 0.096875 0.133398 0.00482941
1 0.311328 0.903125 0.2375 0.145313 0.0046463
0 0.902344 0.0477661 0.195312 0.0931396 0.00432968
0 0.185352 0.124805 0.101953 0.117969 0.00429916
0 0.186133 0.088501 0.131641 0.131982 0.00424957
0 0.263477 0.892187 0.325391 0.159375 0.00411606
0 0.590625 0.202734 0.234375 0.15 0.0041008
0 0.411328 0.0237793 0.280469 0.0475586 0.00380898
1 0.33125 0.119238 0.407813 0.141211 0.00376511
1 0.0463379 0.0975586 0.0858398 0.195117 0.0037365
1 0.117383 0.0804199 0.0792969 0.16084 0.00366402
0 0.0369629 0.114355 0.0739258 0.225195 0.00362206
1 0.647656 0.0320312 0.235938 0.0640625 0.0036068
1 0.175391 0.0340332 0.125781 0.0680664 0.00358009
1 0.20625 0.101465 0.2 0.131055 0.00342941
0 0.975 0.625 0.05 0.265625 0.00337601
1 0.666016 0.0481445 0.257031 0.0962891 0.00336266
0 0.405078 0.4875 0.200781 0.2 0.00335121
1 0.0612305 0.825 0.116602 0.1625 0.00332451
0 0.867188 0.0538086 0.13125 0.0849609 0.00332451
0 0.878125 0.0590332 0.190625 0.0756836 0.00324821
1 0.923437 0.903125 0.121875 0.19375 0.00322342
0 0.632812 0.373242 0.276563 0.198828 0.00312424
0 0.923437 0.78457 0.1375 0.412109 0.00309944
0 0.763281 0.977344 0.198437 0.0453125 0.00309944
0 0.671094 0.976562 0.19375 0.046875 0.00302696
0 0.157593 0.975781 0.178174 0.0484375 0.00301552
0 0.137305 0.256641 0.14375 0.139062 0.00300407
0 0.394141 0.142188 0.373437 0.228906 0.00296974
0 0.12439 0.0749023 0.17583 0.135742 0.00292397
1 0.286523 0.232812 0.148828 0.161719 0.00282288
0 0.0876953 0.974609 0.175391 0.0507812 0.00275803
0 0.854688 0.0428711 0.140625 0.0857422 0.00269318
0 0.362695 0.445703 0.268359 0.225781 0.00268364
0 0.242969 0.567187 0.179688 0.254687 0.0026722
0 0.0390625 0.0779297 0.078125 0.155859 0.00259018
0 0.402734 0.914062 0.374219 0.125 0.00258064
0 0.121484 0.270703 0.225391 0.203516 0.00255013
0 0.335742 0.469141 0.214453 0.238281 0.00254059
1 0.710938 0.0674805 0.332812 0.12832 0.00254059
0 0.797656 0.0996826 0.2625 0.165088 0.00253105
0 0.197852 0.0505981 0.192578 0.0790771 0.00252151
0 0.306055 0.524609 0.199609 0.230469 0.0024929
1 0.760156 0.150684 0.190625 0.156836 0.00247192
1 0.775 0.13584 0.220313 0.208008 0.00243378
1 0.347656 0.249219 0.190625 0.125781 0.0024147
0 0.0743164 0.260938 0.114063 0.147656 0.00239754
0 0.734375 0.159961 0.15 0.139062 0.00239754
0 0.133228 0.0513184 0.165967 0.0991211 0.00237846
0 0.0763672 0.0487793 0.149219 0.0967773 0.00236893
0 0.205811 0.976562 0.165723 0.046875 0.00235939
0 0.615625 0.977344 0.178125 0.0453125 0.00230598
0 0.354883 0.0620117 0.457422 0.102539 0.00229645
1 0.108789 0.231445 0.135547 0.155859 0.00228691
0 0.285937 0.551562 0.192188 0.2375 0.00216484
1 0.594531 0.0570801 0.114063 0.11416 0.00208282
0 0.895312 0.735937 0.178125 0.49375 0.0020752
0 0.433984 0.378516 0.257812 0.1625 0.00205803
0 0.850781 0.0563477 0.298438 0.090625 0.00202751
0 0.235547 0.976953 0.158594 0.0460938 0.00199509
0 0.555859 0.351953 0.238281 0.15625 0.00199509
1 0.229102 0.0513184 0.214062 0.0680664 0.00199509
0 0.309375 0.983984 0.277344 0.0320312 0.00194168
0 0.963281 0.0395508 0.0734375 0.0791016 0.00190449
1 0.125879 0.0561523 0.10332 0.112305 0.00190449
0 0.713672 0.0278564 0.336719 0.0557129 0.00187492
0 0.0690918 0.957812 0.138184 0.078125 0.00186729
1 0.153418 0.0348389 0.11582 0.0696777 0.00185299
0 0.958594 0.671094 0.0828125 0.275 0.00184631
0 0.505469 0.6 0.172656 0.201562 0.00183868
0 0.610254 0.0658203 0.474805 0.131641 0.00182438
0 0.808594 0.977734 0.176563 0.0445312 0.00181007
0 0.115234 0.974219 0.201953 0.0515625 0.00178909
1 0.615625 0.169922 0.226562 0.138672 0.00175476
0 0.901172 0.0174561 0.197656 0.0349121 0.00175476
0 0.0395508 0.136035 0.0716797 0.224805 0.0017271
0 0.390625 0.253516 0.129688 0.0898438 0.0017271
0 0.203174 0.0361084 0.145996 0.0722168 0.00171375
0 0.352539 0.494531 0.211328 0.221875 0.00171375
0 0.976172 0.118555 0.0476562 0.167187 0.00168705
0 0.980469 0.392285 0.0390625 0.17793 0.00167465
0 0.938281 0.742188 0.121875 0.445312 0.00166798
0 0.266797 0.977344 0.141406 0.0453125 0.00163555
1 0.364844 0.90625 0.114063 0.1375 0.00161076
0 0.0737793 0.0131592 0.147559 0.0263184 0.0015974
0 0.17168 0.0266113 0.188672 0.0492188 0.00158501
0 0.953516 0.126953 0.0929687 0.120703 0.00157356
0 0.173438 0.122363 0.252734 0.110352 0.00155449
1 0.784375 0.103101 0.146875 0.164111 0.00154305
1 0.130249 0.254883 0.155518 0.149219 0.00154305
0 0.253906 0.884375 0.491406 0.159375 0.00151253
0 0.16543 0.0859375 0.103516 0.152344 0.00150108
1 0.12439 0.0749023 0.17583 0.135742 0.00149536
0 0.135449 0.753125 0.124414 0.145313 0.00148964
0 0.0958008 0.0918213 0.0714844 0.155029 0.0014782
0 0.314844 0.491406 0.196094 0.245312 0.00147247
1 0.226562 0.89375 0.410937 0.159375 0.00146675
0 0.558594 0.977344 0.184375 0.0453125 0.00144386
0 0.176953 0.122241 0.090625 0.146143 0.00142097
1 0.412598 0.105078 0.21543 0.166406 0.00138283
0 0.979688 0.573828 0.040625 0.250781 0.00135612
0 0.234766 0.0157715 0.261328 0.031543 0.00135612
1 0.934766 0.83418 0.130469 0.306641 0.00132465
0 0.982031 0.440234 0.0359375 0.20625 0.00131989
0 0.509766 0.351562 0.240625 0.151562 0.00131512
0 0.945312 0.0316406 0.109375 0.0632813 0.00130939
0 0.979688 0.340234 0.040625 0.1875 0.00128937
0 0.116699 0.761719 0.123242 0.167187 0.0012846
1 0.4625 0.0801758 0.15 0.160352 0.00127888
0 0.535547 0.139258 0.428906 0.151562 0.0012598
1 0.402734 0.914062 0.374219 0.125 0.0012598
0 0.110156 0.721484 0.12832 0.161719 0.00125504
0 0.946875 0.720312 0.10625 0.270312 0.00124931
0 0.967578 0.053418 0.0648438 0.106836 0.00124454
1 0.173633 0.222266 0.239844 0.214844 0.00123024
1 0.902344 0.0477661 0.195312 0.0931396 0.00122547
0 0.0060791 0.286914 0.0121582 0.221484 0.00121117
0 0.982031 0.497266 0.0359375 0.214844 0.00118828
1 0.400684 0.421875 0.289258 0.214062 0.00118351
0 0.972656 0.152368 0.0546875 0.196826 0.00117874
0 0.0496582 0.974219 0.0993164 0.0515625 0.00117874
0 0.973437 0.0763428 0.053125 0.15083 0.00117874
0 0.277734 0.254297 0.114063 0.14375 0.00117874
0 0.154687 0.0367676 0.132812 0.0735352 0.0011425
0 0.975 0.292969 0.05 0.161719 0.00112438
0 0.517969 0.976562 0.189063 0.046875 0.00112057
0 0.426953 0.0348877 0.296094 0.0697754 0.00112057
0 0.596484 0.41084 0.248437 0.225195 0.0011158
0 0.0780518 0.0689453 0.154834 0.135937 0.00111198
1 0.923437 0.78457 0.1375 0.412109 0.00111198
0 0.715625 0.413672 0.292188 0.225781 0.00110722
0 0.313477 0.0152832 0.340234 0.0305664 0.00110722
0 0.137891 0.775781 0.114063 0.129688 0.0011034
0 0.819531 0.711328 0.220313 0.507031 0.00109005
1 0.473535 0.390723 0.287305 0.19668 0.00109005
1 0.133228 0.0513184 0.165967 0.0991211 0.00108624
0 0.671094 0.0498535 0.153125 0.099707 0.00108147
0 0.623828 0.351953 0.245312 0.15625 0.00108147
1 0.197852 0.0505981 0.192578 0.0790771 0.00107765
1 0.44375 0.416016 0.2625 0.2125 0.00107288
1 0.354688 0.24668 0.280469 0.160547 0.00106907
0 0.527344 0.421094 0.229687 0.169531 0.00106049
0 0.944922 0.0394531 0.110156 0.0789063 0.00103664
0 0.523047 0.151538 0.332812 0.157861 0.00103188
1 0.399609 0.0118652 0.267188 0.0237305 0.00103188
0 0.901563 0.111133 0.146875 0.171484 0.00102806
0 0.875781 0.0139648 0.248437 0.0279297 0.00102043
0 0.422656 0.575781 0.557031 0.48125 0.00102043
0 0.91875 0.921875 0.125 0.145313 0.00101662
0 0.0658203 0.804883 0.131641 0.158984 0.00100803
0 0.427441 0.983594 0.373242 0.0328125 0.00100803
0 0.363477 0.0900391 0.152734 0.144141 0.00100422
0 0.559277 0.612402 0.739258 0.681445 0.872559
0 0.416016 0.0982422 0.245312 0.196484 0.518555
0 0.293359 0.241357 0.171875 0.181348 0.301514
0 0.109204 0.248633 0.191748 0.175781 0.259033
1 0.524219 0.607129 0.792188 0.67168 0.135254
0 0.208984 0.124438 0.157813 0.156201 0.130249
0 0.316211 0.898438 0.172266 0.159375 0.0734253
0 0.634766 0.064209 0.16875 0.128418 0.0720825
0 0.775781 0.135937 0.235938 0.219531 0.0603027
0 0.779688 0.134375 0.173438 0.191016 0.0566406
0 0.571875 0.211377 0.176563 0.163965 0.0379028
1 0.112671 0.248437 0.196533 0.177344 0.0284424
1 0.415527 0.0981445 0.264258 0.196289 0.0272675
0 0.679688 0.0625977 0.30625 0.125195 0.0254669
0 0.327734 0.241797 0.198437 0.173047 0.0215302
0 0.795313 0.159375 0.30625 0.259766 0.0179138
0 0.38916 0.117285 0.31543 0.23457 0.0156708
0 0.102832 0.0808594 0.0884766 0.161719 0.0154266
0 0.447754 0.0952148 0.17168 0.19043 0.0133286
0 0.710156 0.109375 0.376563 0.217187 0.00831604
0 0.745703 0.134766 0.305469 0.244141 0.00743103
0 0.349023 0.248828 0.298828 0.194141 0.00706482
1 0.777344 0.136133 0.24375 0.215625 0.00626373
0 0.696875 0.0785645 0.39375 0.157129 0.00536346
0 0.585156 0.23042 0.300781 0.221973 0.00510025
0 0.0845459 0.0844727 0.124658 0.168945 0.00469971
1 0.325977 0.253906 0.247266 0.189063 0.0045929
0 0.324609 0.272266 0.242969 0.241406 0.00452042
1 0.38916 0.117285 0.31543 0.23457 0.0041008
1 0.293359 0.241357 0.171875 0.181348 0.00408554
0 0.923437 0.833594 0.15 0.326562 0.00385475
0 0.201562 0.123022 0.219531 0.192627 0.00380898
0 0.232617 0.882812 0.387109 0.190625 0.00331116
1 0.679688 0.0625977 0.30625 0.125195 0.00322342
0 0.536328 0.23125 0.351562 0.238281 0.00317192
0 0.722656 0.180664 0.364062 0.304297 0.003088
1 0.795313 0.159375 0.30625 0.259766 0.00302696
0 0.911719 0.7875 0.176563 0.401563 0.00302696
0 0.66875 0.0608398 0.165625 0.12168 0.00292397
1 0.232617 0.882812 0.387109 0.190625 0.00288963
0 0.602734 0.16582 0.341406 0.315234 0.00276756
0 0.351953 0.25293 0.18125 0.169922 0.00253105
1 0.213672 0.826563 0.408594 0.28125 0.0024929
0 0.335547 0.103223 0.442969 0.20293 0.00226021
0 0.356055 0.263477 0.344141 0.349609 0.00223351
0 0.280811 0.896094 0.322754 0.179688 0.00219917
0 0.357617 0.9 0.128516 0.157813 0.00206757
0 0.213672 0.826563 0.408594 0.28125 0.00199509
0 0.949609 0.751172 0.100781 0.497656 0.00194931
1 0.280811 0.896094 0.322754 0.179688 0.00194168
0 0.178467 0.857813 0.15791 0.184375 0.00189686
0 0.927344 0.892969 0.142188 0.214062 0.00189686
1 0.710156 0.109375 0.376563 0.217187 0.00179577
0 0.626562 0.0545898 0.282813 0.10918 0.00178909
0 0.854492 0.742969 0.237891 0.514063 0.00178909
0 0.95 0.819531 0.1 0.348437 0.00177479
0 0.963281 0.694531 0.0734375 0.576563 0.00174141
1 0.211377 0.114355 0.191309 0.180664 0.0017271
0 0.882812 0.0489746 0.153125 0.0979492 0.0017004
0 0.148438 0.227002 0.271484 0.228027 0.00168133
1 0.585156 0.23042 0.300781 0.221973 0.0016613
0 0.512598 0.0883789 0.688867 0.176758 0.0016489
0 0.873438 0.796875 0.2375 0.4 0.00164223
0 0.891406 0.722266 0.215625 0.527344 0.00158501
0 0.337109 0.363867 0.282813 0.427734 0.00153637
0 0.375879 0.0892578 0.201367 0.178516 0.00143242
0 0.453027 0.374609 0.225195 0.191406 0.00142097
0 0.259961 0.122461 0.295703 0.217969 0.00142097
0 0.133789 0.322656 0.246094 0.325 0.00138855
0 0.406641 0.402734 0.214844 0.217969 0.00133038
1 0.335547 0.103223 0.442969 0.20293 0.00129414
0 0.79668 0.281445 0.353516 0.504297 0.00128937
0 0.976562 0.399609 0.046875 0.535156 0.00122547
1 0.316211 0.898438 0.172266 0.159375 0.0012207
0 0.156445 0.172168 0.255469 0.286914 0.00120163
1 0.696875 0.0785645 0.39375 0.157129 0.00119209
1 0.223438 0.7625 0.415625 0.41875 0.00118828
1 0.536328 0.23125 0.351562 0.238281 0.00118828
0 0.370898 0.183398 0.355078 0.358203 0.00113773
0 0.615625 0.299609 0.39375 0.375781 0.00112915
0 0.319092 0.98125 0.302441 0.0375 0.00111198
0 0.678906 0.212109 0.510938 0.328906 0.00109863
1 0.356055 0.263477 0.344141 0.349609 0.00106525
0 0.177686 0.040332 0.148535 0.0806641 0.00105667
0 0.960938 0.584766 0.078125 0.596094 0.00103188
0 0.96875 0.51709 0.0625 0.562695 0.00102806
0 0.223438 0.7625 0.415625 0.41875 0.00102425
0 0.533594 0.600391 0.804688 0.686719 0.611328
0 0.416016 0.101392 0.28125 0.197607 0.570801
1 0.533594 0.604785 0.807813 0.674805 0.44165
0 0.115625 0.250781 0.203906 0.171875 0.248047
0 0.305859 0.250195 0.198437 0.194141 0.156616
1 0.416016 0.101392 0.28125 0.197607 0.0638428
0 0.708594 0.0608887 0.348437 0.121777 0.0585632
1 0.115625 0.250781 0.203906 0.171875 0.0333252
0 0.216748 0.127148 0.167285 0.162109 0.0316162
0 0.774805 0.129102 0.244141 0.237109 0.0281067
0 0.739844 0.124316 0.354688 0.231445 0.0258026
0 0.646094 0.0625977 0.178125 0.125195 0.014389
0 0.348242 0.233203 0.295703 0.235938 0.0143356
0 0.718359 0.0953125 0.400781 0.190625 0.0141754
0 0.325391 0.896875 0.171094 0.159375 0.0129242
1 0.305859 0.250195 0.198437 0.194141 0.0110703
0 0.105884 0.112109 0.085498 0.224219 0.0085144
1 0.708594 0.0608887 0.348437 0.121777 0.00841522
0 0.542871 0.516016 0.770508 0.4875 0.00737381
1 0.739844 0.124316 0.354688 0.231445 0.00720596
0 0.927344 0.794531 0.145313 0.410937 0.00706482
0 0.273242 0.839063 0.323047 0.279687 0.00698471
0 0.786719 0.256836 0.325 0.472266 0.00674438
1 0.223242 0.77832 0.414453 0.396484 0.00624084
1 0.273242 0.839063 0.323047 0.279687 0.00588989
1 0.774805 0.129102 0.244141 0.237109 0.00538635
1 0.105884 0.112109 0.085498 0.224219 0.00521851
0 0.260938 0.779492 0.349219 0.397266 0.00498199
1 0.542871 0.516016 0.770508 0.4875 0.00498199
0 0.343164 0.261133 0.207422 0.196484 0.00494385
1 0.348242 0.233203 0.295703 0.235938 0.00462723
0 0.376563 0.184766 0.3875 0.369531 0.00405502
1 0.718359 0.0953125 0.400781 0.190625 0.00356483
0 0.867969 0.766406 0.25625 0.467187 0.00352478
0 0.267773 0.885156 0.348047 0.195312 0.00352478
0 0.198242 0.75625 0.377734 0.428125 0.00312424
0 0.928906 0.859766 0.142188 0.280469 0.00298119
0 0.767187 0.140625 0.203125 0.199219 0.0029583
0 0.739453 0.174512 0.349219 0.31582 0.00286674
0 0.127246 0.370703 0.24707 0.424219 0.0028553
0 0.298828 0.275781 0.158594 0.20625 0.00274658
1 0.267773 0.885156 0.348047 0.195312 0.00270462
1 0.786719 0.256836 0.325 0.472266 0.00269318
1 0.216748 0.127148 0.167285 0.162109 0.00259018
0 0.363281 0.107617 0.436719 0.215234 0.0024929
0 0.744531 0.703125 0.373437 0.48125 0.00248146
1 0.190039 0.722656 0.363672 0.464063 0.00240517
0 0.446875 0.0993164 0.188281 0.196289 0.00233269
0 0.23457 0.801562 0.457422 0.35 0.00230598
1 0.926562 0.771094 0.146875 0.457812 0.00224304
0 0.577344 0.221289 0.185937 0.182422 0.00219154
0 0.358984 0.249023 0.35625 0.300391 0.00212479
0 0.807031 0.746484 0.29375 0.503906 0.00201035
0 0.217578 0.107227 0.192969 0.204688 0.00197983
1 0.867969 0.766406 0.25625 0.467187 0.00196457
0 0.575 0.226758 0.314844 0.201172 0.00188923
0 0.0993164 0.143945 0.0810547 0.287891 0.00183868
1 0.926562 0.8375 0.146875 0.325 0.00178242
1 0.325391 0.896875 0.171094 0.159375 0.00176811
0 0.969141 0.761719 0.0617188 0.476562 0.00172043
1 0.127246 0.370703 0.24707 0.424219 0.00162315
1 0.290283 0.782812 0.301465 0.392188 0.00149536
0 0.152637 0.714844 0.304102 0.464063 0.00148964
0 0.644531 0.0392578 0.2375 0.0785156 0.0014782
1 0.270117 0.724219 0.320703 0.475 0.00141048
0 0.766406 0.61084 0.396875 0.668945 0.00141048
0 0.326562 0.304639 0.241406 0.30791 0.00136662
1 0.0993164 0.143945 0.0810547 0.287891 0.00135136
1 0.376563 0.184766 0.3875 0.369531 0.00135136
0 0.216797 0.187305 0.157813 0.269922 0.00127411
0 0.670703 0.0490723 0.274219 0.0981445 0.00124454
1 0.334766 0.106836 0.427344 0.213672 0.00118828
1 0.739453 0.174512 0.349219 0.31582 0.00115585
0 0.812891 0.148828 0.374219 0.2875 0.00114727
1 0.162598 0.767969 0.314648 0.395312 0.00112438
1 0.358984 0.249023 0.35625 0.300391 0.0011158
0 0.673047 0.188867 0.522656 0.3 0.00109482
1 0.145801 0.694141 0.291602 0.508594 0.00107765
0 0.922656 0.715234 0.154687 0.532031 0.00106525
1 0.807031 0.746484 0.29375 0.503906 0.00103188
0 0.142578 0.201367 0.263281 0.28125 0.00100803
0 0.536816 0.612109 0.799805 0.680469 0.78418
0 0.413379 0.100488 0.266992 0.200586 0.592773
0 0.111719 0.252344 0.191406 0.179688 0.587891
1 0.532422 0.613672 0.800781 0.678906 0.23584
0 0.310937 0.25293 0.192188 0.188672 0.176147
0 0.663281 0.0623047 0.254687 0.124609 0.157104
0 0.217578 0.133008 0.175 0.113672 0.0946655
0 0.773047 0.135937 0.211719 0.217187 0.0866089
0 0.301562 0.257031 0.18125 0.142188 0.0803833
1 0.110059 0.250781 0.186133 0.1875 0.0509033
1 0.408203 0.0984375 0.267188 0.196875 0.0307312
0 0.00483398 0.299023 0.00966797 0.251172 0.0231476
1 0.104687 0.0823975 0.0734375 0.114111 0.0219421
0 0.873438 0.0588379 0.1625 0.0774414 0.0198669
1 0.301562 0.257031 0.18125 0.142188 0.0162201
0 0.579297 0.208252 0.175781 0.139746 0.0155411
0 0.704687 0.0826172 0.345313 0.165234 0.0150146
1 0.310937 0.25293 0.192188 0.188672 0.0145035
1 0.217578 0.133008 0.175 0.113672 0.0131226
0 0.325391 0.904688 0.189844 0.123438 0.0131226
0 0.00478516 0.343945 0.00957031 0.240234 0.011734
0 0.00480957 0.0577148 0.00961914 0.11543 0.0116882
0 0.304492 0.0561523 0.0746094 0.0896484 0.0115509
0 0.339648 0.253906 0.226172 0.132812 0.0106506
1 0.647656 0.0624023 0.217187 0.124805 0.0106125
0 0.00474854 0.249414 0.00949707 0.252734 0.0102081
0 0.647656 0.0620117 0.19375 0.107617 0.00993347
1 0.771875 0.133594 0.215625 0.221875 0.00898743
0 0.212451 0.110937 0.155566 0.169141 0.00898743
0 0.250977 0.268359 0.0933594 0.0976562 0.00894928
1 0.0986572 0.0736328 0.0788574 0.147266 0.008255
0 0.933594 0.84375 0.13125 0.309375 0.00812531
0 0.00469971 0.927344 0.00939941 0.145313 0.00793457
0 0.104687 0.0823975 0.0734375 0.114111 0.00748825
0 0.245312 0.106055 0.223438 0.1875 0.00703812
0 0.223242 0.0246338 0.109766 0.042334 0.00669098
0 0.353906 0.183789 0.296875 0.293359 0.00666809
0 0.293945 0.059668 0.0640625 0.0699219 0.00614548
0 0.224268 0.018335 0.115527 0.0366699 0.00577545
0 0.177539 0.0276367 0.200391 0.0487305 0.00572968
0 0.942969 0.8 0.110937 0.375 0.0055542
0 0.00480957 0.0925781 0.00961914 0.185156 0.00547028
0 0.22793 0.0201416 0.162891 0.0402832 0.00534439
0 0.00473633 0.420215 0.00947266 0.243945 0.00521851
1 0.325391 0.904688 0.189844 0.123438 0.0051384
0 0.00483398 0.198437 0.00966797 0.251563 0.00494385
0 0.25625 0.0263184 0.075 0.0424805 0.00460815
0 0 0.0458008 0 0.0916016 0.00434875
0 0.00484619 0.117773 0.00969238 0.235547 0.00431442
0 0.00476074 0.557422 0.00952148 0.241406 0.00416565
0 0.275586 0.0433105 0.0714844 0.0507812 0.00397491
0 0.279297 0.0555664 0.0734375 0.0501953 0.00397491
0 0.00471191 0.70625 0.00942383 0.239063 0.0039444
0 0.300781 0.276172 0.167187 0.107813 0.00374985
0 0.391016 0.247656 0.13125 0.0867188 0.00367928
0 0.00480957 0.470703 0.00961914 0.24375 0.00362206
1 0.933594 0.84375 0.13125 0.309375 0.00352478
0 0.728906 0.703516 0.38125 0.483594 0.00337601
1 0.579297 0.208252 0.175781 0.139746 0.00328636
0 0.260938 0.277734 0.1125 0.103125 0.00314713
0 0.0986572 0.0736328 0.0788574 0.147266 0.00312424
0 0.00466309 0.881055 0.00932617 0.237891 0.00307465
0 0.00477295 0.657031 0.0095459 0.242188 0.00305176
0 0.00479736 0.608203 0.00959473 0.244531 0.00302696
1 0.271289 0.90625 0.302734 0.165625 0.00302696
0 0 0.324609 0 0.135156 0.00301552
0 0.0979492 0.108887 0.0710938 0.0794922 0.00299263
0 0.603125 0.180908 0.178125 0.20459 0.0029583
1 0.942969 0.8 0.110937 0.375 0.00293541
1 0.308984 0.89375 0.21875 0.171875 0.00288963
0 0.857813 0.926562 0.0390625 0.04375 0.00288963
0 0 0.0587891 0 0.117578 0.00283432
0 0 0.374414 0 0.135547 0.00282288
0 0 0.0998047 0 0.135742 0.00281143
0 0.561719 0.213867 0.226562 0.122266 0.00277901
0 0.948438 0.752734 0.09375 0.444531 0.00276756
0 0.251367 0.251367 0.0847656 0.108984 0.00273705
0 0 0.0747559 0 0.13584 0.00269318
1 0.00483398 0.299023 0.00966797 0.251172 0.0026722
0 0.231641 0.0243896 0.207422 0.0487793 0.0026722
0 0.767578 0.153809 0.217969 0.146289 0.00264168
0 0 0.349219 0 0.135156 0.00258064
0 0.960156 0.936719 0.0796875 0.126563 0.00255013
0 0.857813 0.915625 0.034375 0.0421875 0.00253105
0 0 0.124805 0 0.135937 0.0024929
0 0 0.299805 0 0.136328 0.00246239
0 0.21167 0.0255371 0.15791 0.0452148 0.00245285
0 0.354883 0.130957 0.337109 0.243164 0.00240517
0 0.904688 0.0543823 0.184375 0.0756104 0.002388
0 0.332812 0.0871094 0.402344 0.174219 0.00237846
0 0.324219 0.243945 0.25625 0.185547 0.00237846
0 0.308984 0.89375 0.21875 0.171875 0.00237846
0 0.247656 0.0179443 0.0820312 0.0358887 0.00234222
0 0.271289 0.90625 0.302734 0.165625 0.00232315
1 0.212451 0.110937 0.155566 0.169141 0.00229645
0 0 0.4625 0 0.135937 0.00228691
1 0.687891 0.0612793 0.322656 0.122363 0.00226974
0 0.574219 0.213281 0.215625 0.162891 0.00226021
0 0.213867 0.0675781 0.170312 0.127734 0.00224304
0 0.926562 0.891406 0.140625 0.217187 0.00223351
0 0.6875 0.132227 0.309375 0.249609 0.00222588
0 0.879687 0.739453 0.157813 0.446094 0.00219917
0 0 0.149902 0 0.136133 0.00211525
1 0.245312 0.106055 0.223438 0.1875 0.00211525
0 0.150488 0.138867 0.0513672 0.0585938 0.00211525
0 0 0.587109 0 0.135156 0.00209999
0 0.19082 0.0291016 0.216406 0.0582031 0.00208282
0 0.85625 0.900781 0.0375 0.0421875 0.00208282
0 0.116699 0.334717 0.207227 0.350098 0.00206757
1 0.704687 0.0826172 0.345313 0.165234 0.00197983
0 0 0.437402 0 0.13457 0.0019722
0 0 0.174805 0 0.136328 0.00196457
0 0.116504 0.0624023 0.136523 0.124805 0.00195694
1 0.925781 0.889844 0.135937 0.220313 0.00194168
0 0.543848 0.444434 0.763867 0.34082 0.00192642
0 0 0.487109 0 0.135156 0.00191212
0 0 0.275 0 0.137109 0.00189686
0 0.605859 0.193018 0.253906 0.156152 0.00187492
0 0.911719 0.0483398 0.176563 0.0966797 0.00185299
0 0 0.200049 0 0.136621 0.00183868
0 0 0.399609 0 0.135156 0.00183105
0 0.0549683 0.311328 0.0830322 0.0503906 0.00182438
0 0.639453 0.046582 0.215625 0.0931641 0.00181007
0 0.895312 0.787305 0.165625 0.406641 0.00181007
0 0.00466309 0.767969 0.00932617 0.239063 0.00181007
0 0.0961914 0.0932617 0.0957031 0.102344 0.00178242
0 0 0.225 0 0.136719 0.00176811
1 0.00452881 0.944531 0.00905762 0.110937 0.00171375
0 0 0.6125 0 0.135937 0.0017004
0 0 0.25 0 0.136719 0.0017004
0 0.267773 0.00633545 0.237891 0.0126709 0.00168705
1 0.948438 0.752734 0.09375 0.444531 0.00168705
0 0.0909912 0.118164 0.0687988 0.0613281 0.0016489
1 0.00480957 0.0577148 0.00961914 0.11543 0.00162315
0 0.111328 0.0728027 0.0636719 0.100488 0.00161076
0 0.325781 0.0445801 0.121875 0.084668 0.00161076
0 0.0408691 0.313281 0.0549805 0.0453125 0.0015974
1 0.00478516 0.343945 0.00957031 0.240234 0.0015974
0 0.856445 0.0489258 0.190234 0.0697266 0.00159168
0 0 0.959766 0 0.0804688 0.00158501
0 0.305664 0.0379883 0.0886719 0.0640625 0.00156689
0 0.648438 0.708594 0.553125 0.476562 0.00154305
1 0.153711 0.791406 0.307422 0.335938 0.0015192
0 0 0.6375 0 0.135937 0.00151253
0 0.0060791 0.0289551 0.0121582 0.0579102 0.00150681
0 0.817187 0.741406 0.221875 0.435937 0.00150108
0 0.489844 0.175439 0.232031 0.184277 0.00148964
1 0.88125 0.764844 0.160938 0.45 0.0014782
0 0.330859 0.990625 0.196094 0.01875 0.00147247
0 0 0.737109 0 0.135156 0.00144386
1 0.00474854 0.249414 0.00949707 0.252734 0.00144386
0 0.333594 0.984766 0.2125 0.0304688 0.00143814
1 0.147852 0.979688 0.295703 0.040625 0.00143242
0 0 0.712109 0 0.135156 0.00142097
0 0 0.562109 0 0.135156 0.00142097
0 0.00463867 0.817187 0.00927734 0.235938 0.00142097
0 0 0.525 0 0.135937 0.00142097
0 0.405469 0.00562744 0.2375 0.0112549 0.00139904
1 0.195117 0.773047 0.376172 0.397656 0.00138855
0 0.167383 0.136914 0.0816406 0.0855469 0.00138855
0 0.819531 0.913281 0.090625 0.0421875 0.00134563
0 0.232373 0.984375 0.382129 0.03125 0.00134563
0 0 0.686719 0 0.135937 0.00134563
0 0.0574219 0.0583496 0.105078 0.116699 0.00134087
0 0 0.662109 0 0.135937 0.00134087
0 0.85 0.939844 0.0875 0.0421875 0.00134087
0 0.283203 0.983594 0.214844 0.0328125 0.00131512
1 0.873438 0.0588379 0.1625 0.0774414 0.00129414
1 0.339648 0.253906 0.226172 0.132812 0.00127888
0 0.232812 0.0393555 0.109375 0.0380859 0.00126934
1 0.232373 0.984375 0.382129 0.03125 0.00126457
0 0.351367 0.909375 0.141016 0.115625 0.00124454
1 0.158203 0.957031 0.316406 0.0828125 0.00124454
0 0.288867 0.985156 0.310547 0.0296875 0.00124454
0 0.748047 0.973437 0.205469 0.053125 0.00123024
0 0.36543 0.915625 0.108203 0.11875 0.0012064
0 0.189453 0.0558594 0.166406 0.111719 0.0012064
0 0 0.7625 0 0.134375 0.0012064
1 0.353906 0.183789 0.296875 0.293359 0.00117397
0 0.863477 0.0603027 0.273047 0.119629 0.0011692
1 0.210938 0.939062 0.421875 0.109375 0.00116539
0 0.356055 0.00557861 0.237891 0.0111572 0.00116062
0 0.577344 0.0582031 0.084375 0.0982422 0.00115108
1 0.153516 0.8875 0.307031 0.146875 0.0011425
1 0.116699 0.334717 0.207227 0.350098 0.00113773
0 0.490625 0.237109 0.0953125 0.0820312 0.00112915
1 0.288867 0.985156 0.310547 0.0296875 0.00112915
0 0.333008 0.575391 0.368359 0.386719 0.00112438
0 0.0644531 0.298047 0.0955078 0.0894531 0.00112438
0 0.0410645 0.305078 0.0568359 0.05625 0.00112438
1 0.728906 0.703516 0.38125 0.483594 0.00112057
0 0.142773 0.154492 0.0671875 0.0355469 0.00112057
0 0.150879 0.148145 0.0490234 0.0501953 0.0011158
1 0.00483398 0.0988281 0.00966797 0.197656 0.00110722
1 0.293945 0.059668 0.0640625 0.0699219 0.00109863
0 0.10293 0.0787109 0.116797 0.157422 0.00109863
1 0.210352 0.88125 0.420703 0.190625 0.00108624
0 0.746094 0.985156 0.201562 0.0296875 0.00108147
1 0.00474854 0.91875 0.00949707 0.1625 0.00108147
0 0.648828 0.975 0.186719 0.05 0.00106525
0 0.775781 0.754687 0.282813 0.407813 0.00104427
0 0.811719 0.926562 0.103125 0.040625 0.00103664
0 0.55625 0.00578613 0.2375 0.0115723 0.00103188
0 0 0.812305 0 0.134766 0.00102425
0 0.239844 0.0541016 0.129688 0.0410156 0.00100803
0 0.539062 0.615234 0.81875 0.685156 0.827148
0 0.409375 0.10332 0.270312 0.205469 0.674805
0 0.114648 0.254248 0.198828 0.187598 0.417725
0 0.677734 0.062207 0.289844 0.123633 0.227417
0 0.767969 0.133301 0.239063 0.224414 0.0567627
1 0.533594 0.618848 0.807813 0.681055 0.0512695
0 0.320703 0.248828 0.2375 0.176172 0.0358276
1 0.11311 0.254492 0.193311 0.197266 0.0217743
0 0.220898 0.125195 0.184375 0.152734 0.0179901
0 0.706641 0.0804688 0.358594 0.156641 0.0153656
1 0.409375 0.10332 0.270312 0.205469 0.014061
0 0.579687 0.211914 0.232812 0.135937 0.0137405
1 0.653125 0.0626465 0.226562 0.125293 0.0102921
1 0.772656 0.136328 0.220313 0.224609 0.00631332
1 0.233008 0.892187 0.385547 0.178125 0.00488663
0 0.322656 0.895312 0.210938 0.164062 0.00468063
0 0.925 0.861719 0.1375 0.264062 0.00441742
0 0.233008 0.892187 0.385547 0.178125 0.00432968
0 0.470313 0.0785156 0.734375 0.157031 0.00428009
0 0.103613 0.0844727 0.0767578 0.157813 0.00419998
0 0.635547 0.757812 0.541406 0.378125 0.00321007
0 0.31958 0.107056 0.381934 0.190576 0.00317192
0 0.741406 0.149316 0.310937 0.216211 0.00301552
1 0.579687 0.211914 0.232812 0.135937 0.00282288
1 0.700781 0.0642578 0.3625 0.123633 0.00279045
0 0.654297 0.200586 0.466406 0.150391 0.00257111
0 0.932813 0.779883 0.11875 0.393359 0.00254059
1 0.288477 0.901563 0.276172 0.160938 0.0024929
0 0.649219 0.0635742 0.201562 0.123633 0.00226974
1 0.326172 0.256836 0.233594 0.190234 0.00224304
0 0.9 0.0543945 0.2 0.108203 0.00217438
0 0.876562 0.773828 0.165625 0.389844 0.00213242
0 0.616406 0.155762 0.2375 0.206445 0.00210762
0 0.547656 0.513672 0.823438 0.483594 0.00209999
0 0.367773 0.182422 0.334766 0.235547 0.00208282
0 0.298242 0.904688 0.289453 0.16875 0.00192642
0 0.647656 0.0454102 0.232812 0.0908203 0.0017271
0 0.778906 0.116211 0.334375 0.215234 0.00165462
1 0.221484 0.8625 0.435156 0.2125 0.0016489
0 0.149219 0.0681641 0.178906 0.136328 0.00161076
0 0.367578 0.249414 0.319531 0.194531 0.00159168
0 0.763672 0.739062 0.327344 0.409375 0.00158501
0 0.24707 0.983594 0.406641 0.0328125 0.00154877
0 0.538965 0.733984 0.786133 0.428906 0.0014782
0 0.822656 0.756641 0.225 0.378906 0.00144386
0 0.453027 0.0991211 0.189258 0.186133 0.00142097
0 0.423438 0.983594 0.616406 0.0328125 0.00141048
0 0.845898 0.0665039 0.308203 0.123828 0.00136185
0 0.0641602 0.0649902 0.127539 0.129395 0.00133514
0 0.594531 0.216016 0.309375 0.164062 0.00129414
0 0.710938 0.125977 0.454688 0.237891 0.0012207
1 0.21167 0.107056 0.164941 0.180811 0.0011158
0 0.0424316 0.980859 0.0848633 0.0382813 0.0011158
0 0.214893 0.0900391 0.182715 0.170312 0.00108624
0 0.442187 0.924219 0.6875 0.134375 0.00107288
0 0.670313 0.784375 0.392188 0.320312 0.00106907
0 0.552734 0.98125 0.458594 0.0375 0.00105286
1 0.926562 0.81875 0.13125 0.34375 0.00102806
0 0.195361 0.0698242 0.183496 0.135742 0.00101185
0 0.542285 0.614453 0.79043 0.689844 0.815918
0 0.408203 0.10166 0.271094 0.200977 0.601074
1 0.532812 0.608594 0.790625 0.695312 0.273682
0 0.112988 0.250977 0.20293 0.18125 0.169922
0 0.296484 0.248828 0.175 0.166797 0.0453491
0 0.659375 0.0628906 0.253125 0.125781 0.0402527
0 0.217187 0.134473 0.175391 0.139648 0.0229797
1 0.40791 0.101562 0.273242 0.200391 0.0218658
0 0.732422 0.131348 0.308594 0.217773 0.0189056
1 0.115039 0.251367 0.203125 0.184766 0.0168457
1 0.296484 0.248828 0.175 0.166797 0.00577545
0 0.705469 0.0918945 0.364062 0.181836 0.00536346
0 0.776563 0.136523 0.25625 0.215625 0.00496292
1 0.108887 0.0924805 0.0927734 0.130664 0.00397491
1 0.217187 0.134473 0.175391 0.139648 0.00391388
0 0.329297 0.243555 0.252344 0.207031 0.00353813
1 0.732422 0.131348 0.308594 0.217773 0.00340271
0 0.358008 0.198633 0.312109 0.283984 0.00296974
1 0.647266 0.062793 0.228125 0.125586 0.0029583
0 0.631641 0.0661133 0.169531 0.124023 0.00234222
0 0.122656 0.278857 0.213281 0.250879 0.00232315
0 0.356641 0.106836 0.408594 0.213672 0.00232315
0 0.324023 0.90625 0.187109 0.14375 0.00196457
0 0.9 0.058252 0.14375 0.0770508 0.00195694
0 0.329297 0.263281 0.223438 0.15625 0.00188255
0 0.108618 0.0874023 0.0702637 0.129297 0.00188255
0 0.786719 0.157129 0.2875 0.274805 0.00176811
0 0.105273 0.101562 0.0925781 0.110937 0.00169373
0 0.572656 0.219727 0.214062 0.143359 0.00144386
0 0.21582 0.146289 0.163672 0.104687 0.00139904
1 0.683594 0.065625 0.31875 0.125977 0.00130939
1 0.776563 0.136523 0.25625 0.215625 0.00126934
0 0.211719 0.108398 0.171875 0.198828 0.0012598
0 0.366797 0.135156 0.34375 0.262109 0.00121593
0 0.385156 0.0980713 0.229687 0.166357 0.00119209
1 0.122656 0.278857 0.213281 0.250879 0.00113773
1 0.705469 0.0918945 0.364062 0.181836 0.00112438
1 0.324023 0.90625 0.187109 0.14375 0.00109482
0 0.533984 0.614746 0.792969 0.68457 0.716309
0 0.407813 0.0998047 0.264844 0.197266 0.562012
0 0.112695 0.249805 0.197266 0.184766 0.375732
1 0.528223 0.606152 0.79043 0.68457 0.349609
0 0.341992 0.246924 0.270703 0.181934 0.167725
0 0.757422 0.13252 0.249219 0.21582 0.112793
0 0.643359 0.0634766 0.232031 0.126953 0.112427
0 0.230029 0.120117 0.196973 0.148828 0.0520325
0 0.696875 0.0652832 0.342187 0.130566 0.0432129
0 0.699609 0.102734 0.366406 0.201562 0.0371094
1 0.112695 0.249805 0.197266 0.184766 0.03302
0 0.570312 0.211328 0.201562 0.14375 0.0231018
1 0.405859 0.0991943 0.271875 0.195361 0.02211
1 0.0996338 0.0735352 0.072998 0.14707 0.0123825
1 0.341992 0.246924 0.270703 0.181934 0.00905609
1 0.757422 0.13252 0.249219 0.21582 0.00881195
0 0.0996338 0.0735352 0.072998 0.14707 0.00740433
1 0.230029 0.120117 0.196973 0.148828 0.00682449
0 0.246436 0.890625 0.347754 0.184375 0.00626373
1 0.640625 0.0643555 0.220313 0.128711 0.006073
1 0.246436 0.890625 0.347754 0.184375 0.00577545
0 0.557813 0.209961 0.2875 0.15 0.00559998
0 0.332812 0.892187 0.2 0.15625 0.00460815
0 0.7875 0.719922 0.292188 0.444531 0.00453949
1 0.570312 0.211328 0.201562 0.14375 0.0042305
0 0.296094 0.897656 0.245312 0.173438 0.00395966
0 0.921875 0.79707 0.146875 0.387109 0.00379562
0 0.361914 0.192773 0.323047 0.283984 0.00351143
0 0.20918 0.111816 0.166016 0.173242 0.00323486
0 0.622266 0.200195 0.330469 0.158984 0.00323486
1 0.699609 0.102734 0.366406 0.201562 0.00302696
1 0.212891 0.786719 0.421875 0.351562 0.00301552
1 0.216016 0.864844 0.407813 0.217187 0.00296974
0 0.885938 0.767578 0.190625 0.430469 0.00273705
1 0.696875 0.0652832 0.342187 0.130566 0.0027256
1 0.296094 0.897656 0.245312 0.173438 0.00266266
0 0.290039 0.108789 0.326172 0.186328 0.00264168
0 0.366455 0.102832 0.390527 0.205664 0.0026207
0 0.728125 0.695703 0.384375 0.492969 0.0026207
0 0.598437 0.1875 0.204688 0.191797 0.00222588
1 0.332812 0.892187 0.2 0.15625 0.00175476
1 0.7875 0.719922 0.292188 0.444531 0.00174141
0 0.923437 0.874219 0.140625 0.248437 0.0017271
0 0.827344 0.785156 0.245312 0.38125 0.00168705
1 0.885938 0.767578 0.190625 0.430469 0.00150108
0 0.216016 0.864844 0.407813 0.217187 0.0014782
0 0.866992 0.722656 0.212891 0.423438 0.00141621
0 0.885938 0.0600098 0.1875 0.0750977 0.00141048
0 0.709375 0.138281 0.392188 0.244531 0.00138283
0 0.658594 0.717578 0.326562 0.453906 0.00137806
0 0.513672 0.191064 0.282813 0.140527 0.00136662
0 0.308594 0.060791 0.08125 0.106934 0.00130463
0 0.283545 0.872656 0.277441 0.215625 0.00130463
1 0.921875 0.79707 0.146875 0.387109 0.00125504
1 0.239844 0.742578 0.479688 0.427344 0.00109482
0 0.780469 0.658594 0.339063 0.571875 0.00109005
0 0.74375 0.380859 0.451562 0.2125 0.00106907
1 0.283545 0.872656 0.277441 0.215625 0.00104046
0 0.79707 0.17002 0.308984 0.25332 0.00100422
0 0.533594 0.600391 0.804688 0.686719 0.617676
0 0.416016 0.101392 0.28125 0.197607 0.570801
1 0.533594 0.605078 0.807813 0.675781 0.434082
0 0.115723 0.250781 0.204102 0.171484 0.247314
0 0.305078 0.250195 0.196094 0.194141 0.154053
1 0.416016 0.101392 0.28125 0.197607 0.0629272
0 0.708594 0.0608887 0.348437 0.121777 0.0589905
1 0.115723 0.250781 0.204102 0.171484 0.0328979
0 0.216602 0.127148 0.166797 0.1625 0.0307922
0 0.775 0.129102 0.245312 0.237109 0.0280151
0 0.739844 0.124219 0.354688 0.23125 0.0256195
0 0.645312 0.0625977 0.176563 0.125195 0.0145569
0 0.718359 0.0953125 0.400781 0.190625 0.0141754
0 0.348437 0.232227 0.296094 0.237891 0.014061
0 0.325391 0.896875 0.171094 0.160938 0.0126724
1 0.305078 0.250195 0.196094 0.194141 0.0109024
1 0.708594 0.0608887 0.348437 0.121777 0.00844574
0 0.105957 0.112891 0.0855469 0.225781 0.00831604
0 0.542871 0.51709 0.770508 0.489258 0.00763702
1 0.739844 0.124219 0.354688 0.23125 0.00712204
0 0.927344 0.794336 0.145313 0.411328 0.00709534
0 0.272998 0.839063 0.322754 0.279687 0.00698471
0 0.785742 0.258203 0.325391 0.475 0.00669098
1 0.223438 0.77832 0.414062 0.396484 0.00621796
1 0.272998 0.839063 0.322754 0.279687 0.00584412
1 0.775 0.129102 0.245312 0.237109 0.00534439
1 0.105957 0.112891 0.0855469 0.225781 0.00521851
1 0.542871 0.51709 0.770508 0.489258 0.00503922
0 0.260742 0.779688 0.349609 0.396875 0.00500107
0 0.342773 0.261133 0.205859 0.196875 0.00486755
1 0.348437 0.232227 0.296094 0.237891 0.00450516
0 0.376563 0.185547 0.388281 0.371094 0.00402451
0 0.867969 0.766406 0.25625 0.467187 0.00355148
1 0.718359 0.0953125 0.400781 0.190625 0.00355148
0 0.267969 0.885156 0.347656 0.195312 0.00351143
0 0.198242 0.75625 0.376953 0.428125 0.00317192
0 0.928906 0.859766 0.142188 0.280469 0.00294685
0 0.767578 0.140625 0.202344 0.199219 0.00291252
0 0.127539 0.372266 0.247656 0.427344 0.00287819
0 0.739062 0.175732 0.35 0.318066 0.00284576
1 0.267969 0.885156 0.347656 0.195312 0.0026722
1 0.785742 0.258203 0.325391 0.475 0.00266266
0 0.298633 0.275977 0.158203 0.207422 0.00263214
1 0.216602 0.127148 0.166797 0.1625 0.00257111
0 0.744922 0.703125 0.372656 0.48125 0.00248146
0 0.363867 0.107617 0.436328 0.215234 0.00245285
1 0.189893 0.723047 0.363184 0.463281 0.00243378
0 0.446875 0.0993164 0.188281 0.196289 0.00240517
0 0.234375 0.801562 0.45625 0.35 0.00229645
1 0.926562 0.771094 0.146875 0.457812 0.00225258
0 0.577344 0.221484 0.185937 0.182422 0.00219917
0 0.359375 0.248828 0.357031 0.304688 0.00209045
0 0.808008 0.746094 0.293359 0.503125 0.00201988
0 0.217578 0.107031 0.192969 0.205078 0.00199509
1 0.867969 0.766406 0.25625 0.467187 0.00197983
0 0.575 0.226758 0.315625 0.201953 0.00185299
1 0.926562 0.837305 0.146875 0.325391 0.00178242
0 0.0993164 0.144336 0.0810547 0.288672 0.00175476
1 0.325391 0.896875 0.171094 0.160938 0.00174809
0 0.969141 0.761719 0.0617188 0.476562 0.00174141
1 0.127539 0.372266 0.247656 0.427344 0.00162315
1 0.29043 0.783008 0.301172 0.393359 0.00150108
0 0.152539 0.715234 0.303516 0.463281 0.00149536
0 0.644531 0.0391602 0.2375 0.0783203 0.0014782
0 0.766406 0.610547 0.396875 0.669531 0.00143242
1 0.269531 0.724219 0.321094 0.475 0.00142097
1 0.376563 0.185547 0.388281 0.371094 0.00133038
0 0.326562 0.307422 0.241406 0.314063 0.00132465
1 0.0993164 0.144336 0.0810547 0.288672 0.00131512
0 0.670703 0.0490234 0.274219 0.0980469 0.00124454
0 0.216602 0.187305 0.157422 0.270703 0.00122547
1 0.334766 0.106836 0.427344 0.213672 0.00117874
0 0.812891 0.149219 0.374219 0.288281 0.00114727
1 0.739062 0.175732 0.35 0.318066 0.0011425
1 0.162305 0.767578 0.313672 0.394531 0.00109863
1 0.359375 0.248828 0.357031 0.304688 0.00109482
1 0.145703 0.694531 0.291406 0.507812 0.00108624
0 0.673437 0.189258 0.521875 0.301172 0.00108147
0 0.921875 0.714844 0.15625 0.532812 0.00107288
1 0.808008 0.746094 0.293359 0.503125 0.00103664
0 0.142773 0.200781 0.263672 0.282031 0.00101662
0 0.971875 0.670996 0.05625 0.595508 0.00100803
