0 0.478906 0.657812 0.308594 0.420312 0.712402
0 0.780469 0.531641 0.290625 0.402344 0.661133
0 0.225391 0.439063 0.285156 0.425 0.577637
0 0.84668 0.846875 0.287891 0.30625 0.408203
1 0.848437 0.844531 0.29375 0.30625 0.338867
1 0.781055 0.533203 0.306641 0.399219 0.257568
1 0.226221 0.427734 0.27959 0.392969 0.245117
1 0.475391 0.637109 0.297656 0.378906 0.236572
1 0.218164 0.333594 0.297656 0.544531 0.00723267
0 0.218164 0.333594 0.297656 0.544531 0.00703812
0 0.771875 0.403906 0.309375 0.580469 0.0068512
1 0.771875 0.403906 0.309375 0.580469 0.00577545
0 0.486035 0.832617 0.260742 0.322266 0.00518036
1 0.474219 0.514844 0.325 0.720312 0.00452042
0 0.474219 0.514844 0.325 0.720312 0.00429916
1 0.278467 0.357031 0.398535 0.535156 0.00321007
0 0.233398 0.710547 0.146875 0.177344 0.00318527
0 0.829687 0.789062 0.289062 0.421875 0.00317192
0 0.278467 0.357031 0.398535 0.535156 0.00291252
1 0.842188 0.738281 0.298438 0.507812 0.0026722
0 0.227148 0.667969 0.175391 0.248437 0.0026207
1 0.465625 0.296094 0.43125 0.435937 0.00222588
1 0.233398 0.710547 0.146875 0.177344 0.00218201
1 0.58125 0.31582 0.484375 0.518359 0.00218201
0 0.487598 0.885156 0.248242 0.223438 0.00192642
1 0.486035 0.832617 0.260742 0.322266 0.00191879
0 0.465625 0.296094 0.43125 0.435937 0.00181007
1 0.473047 0.369336 0.376563 0.497266 0.00168705
0 0.58125 0.31582 0.484375 0.518359 0.00162888
1 0.78125 0.414844 0.315625 0.821875 0.00161648
1 0.392578 0.295312 0.433594 0.417969 0.0015974
0 0.840234 0.805469 0.319531 0.301562 0.00153637
1 0.519434 0.387891 0.433008 0.586719 0.00153637
0 0.78125 0.414844 0.315625 0.821875 0.00152493
1 0.643359 0.331445 0.527344 0.585547 0.00151253
0 0.392578 0.295312 0.433594 0.417969 0.00141048
0 0.473047 0.369336 0.376563 0.497266 0.00138283
0 0.853125 0.754687 0.29375 0.321875 0.00136185
1 0.227148 0.667969 0.175391 0.248437 0.00133514
0 0.639453 0.531934 0.652344 0.614258 0.00132465
0 0.519434 0.387891 0.433008 0.586719 0.0012598
0 0.643359 0.331445 0.527344 0.585547 0.00117874
1 0.621875 0.260156 0.476562 0.507812 0.00114727
0 0.490625 0.779492 0.290625 0.428516 0.00112057
0 0.899219 0.392871 0.201562 0.473633 0.00109482
1 0.502344 0.638281 0.353906 0.464063 0.00109005
1 0.710156 0.355859 0.373437 0.68125 0.00109005
0 0.222266 0.592578 0.189844 0.389844 0.00106525
0 0.478809 0.66875 0.323633 0.421875 0.671387
0 0.779492 0.523828 0.309766 0.366406 0.647949
0 0.226758 0.438184 0.301953 0.40332 0.556641
0 0.847461 0.85 0.305078 0.2875 0.466797
1 0.849609 0.849219 0.300781 0.285937 0.23584
1 0.784375 0.53125 0.317187 0.372656 0.085083
1 0.487109 0.66875 0.309375 0.423438 0.0834351
1 0.226758 0.438184 0.301953 0.40332 0.0352783
0 0.493066 0.806055 0.274805 0.381641 0.00605011
0 0.492188 0.905469 0.263281 0.189063 0.00298119
0 0.247656 0.672656 0.198828 0.239063 0.00259018
0 0.0341309 0.971875 0.0682617 0.05625 0.00171375
0 0.238867 0.712891 0.178516 0.161719 0.00143814
1 0.482422 0.666406 0.323438 0.420312 0.410156
0 0.22793 0.449219 0.304297 0.421875 0.40918
1 0.842969 0.85 0.314063 0.298438 0.393311
0 0.474219 0.666406 0.317187 0.429688 0.366699
1 0.780469 0.534277 0.314063 0.381445 0.343262
0 0.779492 0.534766 0.312891 0.379687 0.296631
0 0.839844 0.849219 0.3125 0.296875 0.284668
1 0.223096 0.442969 0.296777 0.414062 0.248047
0 0.237939 0.709375 0.170215 0.164062 0.137573
1 0.237939 0.709375 0.170215 0.164062 0.0350037
0 0.782031 0.881055 0.175 0.237891 0.00720596
0 0 0.0473633 0 0.0947266 0.00577545
0 0.466797 0.910937 0.186719 0.165625 0.00530243
0 0.696875 0.9375 0.0390625 0.125 0.00439835
0 0.79375 0.919531 0.217187 0.160938 0.00429916
1 0.78125 0.87168 0.176563 0.256641 0.00418091
0 0.902344 0.867773 0.175 0.264453 0.00416565
0 0.013916 0.0164551 0.027832 0.0329102 0.00391388
0 0.875 0.93125 0.25 0.1375 0.00390053
0 0.733594 0.614844 0.1625 0.265625 0.00351143
1 0.466797 0.910937 0.186719 0.165625 0.00345612
0 0.00488281 0.932031 0.00976562 0.135937 0.00345612
0 0 0.942969 0 0.114063 0.00344276
0 0.0652344 0.33457 0.111914 0.247266 0.00337601
1 0.902344 0.867773 0.175 0.264453 0.00335121
0 0.707031 0.941406 0.0445312 0.117188 0.00335121
0 0.505469 0.914844 0.216406 0.15625 0.00331116
0 0.477734 0.577344 0.301562 0.24375 0.00324821
0 0.00610352 0.0120361 0.012207 0.0240723 0.00321007
0 0.00495605 0.0283203 0.00991211 0.0566406 0.00288963
1 0.477734 0.577344 0.301562 0.24375 0.00282288
0 0 0.166016 0 0.183203 0.00282288
0 0 0.12854 0 0.183154 0.00269318
0 0 0.0665527 0 0.133105 0.00269318
0 0 0.0913086 0 0.182617 0.00265312
1 0.733594 0.614844 0.1625 0.265625 0.00245285
1 0.411035 0.678125 0.185742 0.298438 0.00237846
0 0.288086 0.449121 0.172266 0.304883 0.00219917
0 0.411035 0.678125 0.185742 0.298438 0.00216484
0 0.109375 0.928125 0.21875 0.14375 0.00212479
0 0 0.316406 0 0.18125 0.00211525
0 0.0943359 0.680859 0.140234 0.302344 0.00209045
0 0 0.228906 0 0.181641 0.00203514
0 0.976562 0.283789 0.046875 0.183203 0.00201988
0 0.682031 0.942187 0.034375 0.115625 0.00199509
0 0.438281 0.735937 0.190625 0.295312 0.00195694
0 0.973828 0.2375 0.0523437 0.164062 0.00194931
1 0.801562 0.881055 0.185937 0.231641 0.00191879
0 0 0.353906 0 0.18125 0.00191212
0 0.88125 0.923437 0.215625 0.14375 0.00188923
0 0 0.278711 0 0.181641 0.00188255
0 0.0050293 0.527344 0.0100586 0.175 0.00187492
0 0.895312 0.562891 0.109375 0.310156 0.00186062
1 0.438281 0.735937 0.190625 0.295312 0.0018177
0 0 0.924219 0 0.151562 0.00179577
0 0.00488281 0.665234 0.00976562 0.175781 0.00175476
0 0 0.403906 0 0.18125 0.00175476
0 0.00493164 0.626562 0.00986328 0.173438 0.00170708
1 0.79375 0.919531 0.217187 0.160938 0.0016613
0 0.00494385 0.589844 0.0098877 0.175 0.00164223
0 0.233545 0.524219 0.182129 0.239063 0.00162315
0 0 0.541406 0 0.180469 0.00161648
0 0 0.503906 0 0.180469 0.0015974
0 0.716406 0.953125 0.05625 0.09375 0.00159168
0 0 0.441406 0 0.180469 0.00153065
0 0 0.878125 0 0.184375 0.0015192
0 0 0.653125 0 0.18125 0.00147247
0 0.310742 0.0643555 0.284766 0.108789 0.00146675
0 0.969531 0.955078 0.0609375 0.0898438 0.00146103
0 0.168945 0.927344 0.333594 0.145313 0.00145531
0 0.0048584 0.703125 0.0097168 0.176563 0.00144386
0 0 0.578516 0 0.18125 0.00142097
1 0.492285 0.919531 0.276367 0.160938 0.00141048
0 0.0967773 0.0845703 0.183398 0.169141 0.00139427
0 0.782031 0.459277 0.226562 0.24082 0.00137806
0 0 0.840625 0 0.184375 0.00136662
0 0.859961 0.829883 0.280078 0.249609 0.00136662
0 0 0.952344 0 0.0953125 0.00135612
0 0.0177734 0.935156 0.0355469 0.129688 0.00134563
0 0 0.616406 0 0.18125 0.00133514
0 0.867969 0.56875 0.145313 0.279687 0.00132465
0 0.836523 0.924219 0.326953 0.151562 0.00130939
1 0.446875 0.895312 0.159375 0.203125 0.00130939
0 0 0.691016 0 0.182031 0.00129414
0 0.967969 0.804883 0.0640625 0.105859 0.00129414
0 0.485938 0.924219 0.279687 0.151562 0.00129414
0 0.972266 0.974609 0.0554687 0.0507812 0.0012846
0 0.00488281 0.740625 0.00976562 0.176563 0.00125504
0 0.945312 0.119824 0.0703125 0.102148 0.00124931
0 0 0.80332 0 0.183984 0.00123024
0 0.713281 0.529297 0.173438 0.299219 0.00122547
0 0.976172 0.95625 0.0476562 0.0875 0.00122547
0 0.76875 0.904688 0.154687 0.18125 0.0012207
0 0.814844 0.864258 0.228125 0.271484 0.0012207
0 0.00515137 0.490234 0.0103027 0.176563 0.0011692
1 0.696094 0.530078 0.15 0.308594 0.00116062
0 0 0.765625 0 0.182812 0.00113773
0 0.00488281 0.778125 0.00976562 0.176563 0.00113773
1 0.0943359 0.680859 0.140234 0.302344 0.00112915
0 0 0.728125 0 0.182812 0.00112438
0 0.771094 0.863281 0.15625 0.273438 0.0011158
0 0.871094 0.898438 0.21875 0.201562 0.0011158
0 0.995313 0.400391 0.009375 0.25625 0.00109005
0 0.690625 0.923437 0.284375 0.153125 0.00108624
0 0.948438 0.914844 0.103125 0.170312 0.00107765
0 0.626562 0.38584 0.198437 0.23457 0.00107288
0 0.983594 0.951172 0.0328125 0.0976562 0.00107288
0 0.796094 0.11189 0.215625 0.135596 0.00106907
0 0.978125 0.310156 0.04375 0.182812 0.00106525
1 0.00488281 0.932031 0.00976562 0.135937 0.00104809
0 0.448828 0.084668 0.0960938 0.0652344 0.00103188
0 0.737891 0.636719 0.147656 0.196094 0.00102425
1 0.282813 0.428027 0.183594 0.300195 0.00102043
1 0.00610352 0.0120361 0.012207 0.0240723 0.00100803
0 0.446875 0.895312 0.159375 0.203125 0.00100803
0 0.474902 0.658594 0.32207 0.414062 0.866699
0 0.225439 0.441797 0.29834 0.408594 0.811035
0 0.841992 0.85332 0.297266 0.293359 0.789062
0 0.781445 0.527246 0.315234 0.370508 0.753418
0 0.229687 0.714453 0.157031 0.139844 0.265137
1 0.781445 0.530566 0.312109 0.381055 0.0866089
0 0.49375 0.929688 0.175 0.125 0.0450134
1 0.841992 0.85332 0.297266 0.293359 0.0429688
0 0.496484 0.921875 0.272656 0.153125 0.0382385
1 0.229687 0.714453 0.157031 0.139844 0.0256653
1 0.222852 0.438965 0.287109 0.411133 0.0201416
0 0.444922 0.557422 0.228906 0.195312 0.0191956
0 0.250391 0.701563 0.199219 0.178125 0.0127716
0 0.772656 0.889844 0.157813 0.220313 0.0127258
0 0.464844 0.925781 0.167969 0.125 0.0105667
1 0.477246 0.658984 0.318945 0.416406 0.0101318
0 0.0838867 0.682031 0.132227 0.226562 0.00963593
0 0.0562622 0.363281 0.0913818 0.207031 0.00878143
0 0.892187 0.885742 0.16875 0.228516 0.00854492
0 0.606641 0.383594 0.151562 0.183594 0.00793457
0 0.443359 0.917188 0.152344 0.1375 0.00616837
0 0.871875 0.946875 0.1625 0.09375 0.00595856
0 0.243555 0.649609 0.194141 0.286719 0.00479126
1 0.501562 0.936719 0.271875 0.126563 0.00462723
0 0.838281 0.822656 0.264062 0.229687 0.0042305
1 0.444922 0.557422 0.228906 0.195312 0.0042305
0 0.45459 0.376465 0.181445 0.173633 0.00362206
0 0.283594 0.0771484 0.16875 0.0800781 0.00356483
0 0.257031 0.721875 0.140625 0.126563 0.00356483
0 0.765625 0.910937 0.140625 0.165625 0.00353813
0 0.369531 0.669922 0.44375 0.242969 0.00351143
0 0.739062 0.951172 0.10625 0.0976562 0.00348282
0 0.18457 0.903906 0.153125 0.192188 0.00332451
0 0.8875 0.974609 0.184375 0.0507812 0.00319672
0 0.203711 0.892187 0.151172 0.19375 0.0030632
0 0.491504 0.725391 0.288867 0.372656 0.00290108
0 0.810742 0.874609 0.259766 0.250781 0.0028553
0 0.721094 0.625781 0.142188 0.20625 0.00283432
0 0.773438 0.433984 0.203125 0.175781 0.0026722
0 0.0649902 0.0834961 0.121582 0.115039 0.00259018
0 0.722266 0.541797 0.191406 0.254687 0.0024147
1 0.0838867 0.682031 0.132227 0.226562 0.00235939
1 0.494141 0.903906 0.272656 0.189063 0.00230598
0 0.865625 0.895312 0.159375 0.209375 0.00228691
0 0.114355 0.848242 0.148633 0.203516 0.00223351
0 0.5375 0.915625 0.159375 0.145313 0.00221634
0 0.9375 0.963281 0.125 0.0734375 0.00215721
0 0.768359 0.473047 0.233594 0.240625 0.00211525
0 0.825781 0.782031 0.201562 0.165625 0.00209045
0 0.624219 0.364453 0.192188 0.167187 0.0020752
1 0.250391 0.701563 0.199219 0.178125 0.00196457
0 0.939062 0.0385742 0.121875 0.0771484 0.00181007
0 0.736719 0.923437 0.090625 0.140625 0.00178909
0 0.403516 0.675781 0.170312 0.221875 0.00178242
0 0.228125 0.576563 0.163281 0.132812 0.00176144
0 0.879687 0.921875 0.153125 0.15625 0.0017004
0 0.464746 0.578906 0.24707 0.221875 0.00168133
0 0.205078 0.705078 0.096875 0.160156 0.00167465
0 0.728125 0.660156 0.15 0.139062 0.00163555
0 0.53125 0.90625 0.23125 0.18125 0.00163555
0 0.141992 0.870508 0.142969 0.208984 0.00162888
0 0.804688 0.84375 0.209375 0.248437 0.00162315
1 0.892187 0.885742 0.16875 0.228516 0.00150681
0 0.783594 0.12373 0.159375 0.102539 0.00147247
1 0.772656 0.889844 0.157813 0.220313 0.00147247
0 0.275195 0.435937 0.187891 0.251563 0.00146675
0 0.663672 0.340039 0.185156 0.121484 0.00143814
0 0.98125 0.239258 0.0375 0.221484 0.00140476
0 0.764453 0.96875 0.158594 0.0625 0.00140476
1 0.49375 0.929688 0.175 0.125 0.00133514
0 0.113062 0.923828 0.141846 0.152344 0.00128937
0 0.0910156 0.86875 0.123828 0.226562 0.00128937
0 0.98125 0.194922 0.0375 0.205078 0.00127411
0 0.528027 0.0146973 0.65957 0.0293945 0.00126457
0 0.314648 0.0782227 0.194141 0.0771484 0.00125504
0 0.442187 0.0793945 0.173438 0.0740234 0.00121117
0 0.141504 0.910156 0.14043 0.179688 0.00119686
0 0.977734 0.123535 0.0445312 0.149805 0.00117874
0 0.435059 0.534375 0.170508 0.16875 0.0011692
0 0.115454 0.892969 0.139404 0.214062 0.0011692
0 0.203711 0.372461 0.212891 0.246484 0.0011692
1 0.773438 0.433984 0.203125 0.175781 0.00116539
0 0.529688 0.794531 0.234375 0.373437 0.0011425
0 0.426562 0.369922 0.157031 0.189844 0.00113392
0 0.82168 0.331641 0.162891 0.104687 0.00112438
0 0.719531 0.954297 0.084375 0.0914062 0.00112438
0 0.98125 0.909375 0.0375 0.1625 0.00112057
0 0.982031 0.294189 0.0359375 0.24209 0.0011158
0 0.5 0.868945 0.317187 0.255859 0.00109863
0 0.955859 0.040918 0.0882813 0.0818359 0.00107288
0 0.853125 0.365039 0.14375 0.177734 0.00105667
1 0.243555 0.649609 0.194141 0.286719 0.00104809
0 0.98125 0.499902 0.0375 0.27832 0.00104046
0 0.432422 0.0143066 0.428906 0.0286133 0.00102806
0 0.976953 0.942578 0.0460938 0.114844 0.00102043
0 0.480469 0.664062 0.357812 0.429688 0.709961
0 0.227783 0.441016 0.309277 0.410156 0.634277
0 0.787695 0.528906 0.327734 0.379687 0.622559
0 0.846484 0.845508 0.307031 0.296484 0.512695
1 0.787695 0.528906 0.327734 0.379687 0.370117
1 0.481934 0.660156 0.345508 0.423438 0.365723
1 0.846484 0.845508 0.307031 0.296484 0.305664
1 0.227783 0.441016 0.309277 0.410156 0.223389
0 0.232422 0.707812 0.157031 0.175 0.0307922
0 0.496777 0.869531 0.29707 0.254687 0.0118256
0 0.250391 0.637109 0.232812 0.330469 0.00912476
1 0.511328 0.356641 0.716406 0.563281 0.00588989
0 0.498047 0.927344 0.303125 0.145313 0.00508118
0 0.482812 0.922656 0.177344 0.154687 0.00416565
0 0.511328 0.356641 0.716406 0.563281 0.00402451
1 0.496777 0.869531 0.29707 0.254687 0.00369263
0 0.227539 0.574121 0.260547 0.531445 0.00323486
1 0.250391 0.637109 0.232812 0.330469 0.00274658
0 0.325586 0.635156 0.391016 0.409375 0.0027256
0 0.503223 0.459277 0.57793 0.720508 0.00246239
1 0.503223 0.459277 0.57793 0.720508 0.00234222
0 0.205469 0.719531 0.297656 0.425 0.00219154
1 0.532031 0.122461 0.88125 0.244922 0.00204277
1 0.498047 0.927344 0.303125 0.145313 0.00186062
0 0.981641 0.460547 0.0367187 0.589844 0.00153065
1 0.325586 0.635156 0.391016 0.409375 0.00127888
1 0.534375 0.0819824 0.867188 0.163965 0.00127411
1 0.227539 0.574121 0.260547 0.531445 0.0012598
0 0.147461 0.813281 0.278516 0.354688 0.00124931
1 0.981641 0.460547 0.0367187 0.589844 0.00121593
0 0.979688 0.660156 0.040625 0.492188 0.0012064
1 0.586719 0.450391 0.80625 0.746094 0.00117874
1 0.205469 0.719531 0.297656 0.425 0.00105286
0 0.586719 0.450391 0.80625 0.746094 0.00100422
0 0.842383 0.848437 0.312109 0.296875 0.643555
0 0.229736 0.44834 0.307715 0.418945 0.557129
0 0.485059 0.666406 0.34707 0.439063 0.548828
1 0.784375 0.530566 0.323438 0.393555 0.451416
0 0.784375 0.530566 0.323438 0.393555 0.408203
1 0.842383 0.848437 0.312109 0.296875 0.345215
1 0.488184 0.660156 0.339258 0.428125 0.325928
1 0.232764 0.453223 0.31416 0.429492 0.320068
0 0.495996 0.908594 0.30332 0.179688 0.00955963
0 0.235938 0.705859 0.165625 0.172656 0.00912476
0 0.142871 0.759375 0.261133 0.475 0.00484848
0 0.25625 0.684766 0.229687 0.230469 0.00481033
0 0.255273 0.65 0.248047 0.340625 0.00390053
1 0.495996 0.908594 0.30332 0.179688 0.00388527
0 0.227148 0.738281 0.235547 0.439063 0.00385475
0 0.49375 0.8625 0.290625 0.271875 0.00362206
1 0.169531 0.748828 0.321875 0.492969 0.00233269
1 0.25625 0.684766 0.229687 0.230469 0.00227928
1 0.255273 0.65 0.248047 0.340625 0.00227928
1 0.227148 0.738281 0.235547 0.439063 0.00216484
1 0.235938 0.705859 0.165625 0.172656 0.00209999
0 0.494531 0.799414 0.322656 0.401172 0.00197983
1 0.49375 0.8625 0.290625 0.271875 0.00179577
1 0.489453 0.193945 0.803906 0.387891 0.00144386
0 0.247461 0.557422 0.264453 0.500781 0.00141048
0 0.476172 0.322461 0.680469 0.524609 0.00141048
1 0.476172 0.322461 0.680469 0.524609 0.0012846
0 0.492188 0.933203 0.324219 0.133594 0.0012064
0 0.497266 0.921875 0.177344 0.15625 0.00109863
0 0.217187 0.805664 0.409375 0.388672 0.00109005
1 0.494531 0.114258 0.835938 0.228516 0.00108147
1 0.494531 0.799414 0.322656 0.401172 0.00106525
0 0.152148 0.84375 0.271094 0.3125 0.00100803
0 0.229102 0.442871 0.297266 0.395508 0.739258
0 0.483203 0.665625 0.324219 0.423438 0.73877
0 0.842188 0.850781 0.30625 0.295312 0.694336
0 0.785742 0.546875 0.319141 0.382812 0.604004
1 0.788281 0.533203 0.320312 0.375781 0.294922
1 0.842188 0.850781 0.30625 0.295312 0.247314
1 0.223828 0.446875 0.288281 0.416406 0.187988
1 0.485059 0.664844 0.325195 0.41875 0.13269
0 0.696094 0.982813 0.0328125 0.034375 0.0154877
0 0.237158 0.717969 0.172559 0.125 0.0149536
0 0.709375 0.980859 0.0375 0.0382813 0.0149002
0 0.00476074 0.0558594 0.00952148 0.111719 0.0132751
1 0.237158 0.717969 0.172559 0.125 0.0102081
0 0.0046875 0.926562 0.009375 0.146875 0.00937653
0 0.00454102 0.946094 0.00908203 0.107813 0.00888062
0 0.697656 0.992188 0.0828125 0.015625 0.00815582
0 0.00478516 0.549219 0.00957031 0.253125 0.0078125
0 0.725781 0.992188 0.107813 0.015625 0.00769424
0 0.244873 0.710938 0.193848 0.171875 0.00760651
0 0.7 0.973437 0.040625 0.046875 0.00714874
0 0.00477295 0.599219 0.0095459 0.253125 0.00661469
0 0.00476074 0.661328 0.00952148 0.252344 0.00661469
0 0.710938 0.970312 0.0445312 0.053125 0.00651169
0 0.00482178 0.159668 0.00964355 0.249414 0.00544739
0 0.00473633 0.711719 0.00947266 0.254687 0.00526047
0 0.00483398 0.498828 0.00966797 0.251563 0.00521851
0 0.00480957 0.222852 0.00961914 0.250391 0.00482941
0 0 0.0458008 0 0.0916016 0.00450516
0 0.00482178 0.310547 0.00964355 0.250781 0.0042305
0 0.00473633 0.761719 0.00947266 0.254687 0.0042305
0 0.00483398 0.448535 0.00966797 0.251367 0.0041008
0 0.00473633 0.811719 0.00947266 0.254687 0.00385475
0 0.00480957 0.0852051 0.00961914 0.17041 0.0037365
1 0.244873 0.710938 0.193848 0.171875 0.0037365
0 0.00480957 0.397754 0.00961914 0.249805 0.00352478
0 0.735937 0.982031 0.084375 0.0359375 0.00351143
0 0.961719 0.937109 0.0765625 0.125781 0.00340271
0 0.491016 0.909375 0.291406 0.175 0.00316048
0 0.00477295 0.116797 0.0095459 0.233594 0.00286674
1 0.709375 0.980859 0.0375 0.0382813 0.00269318
0 0.678906 0.983594 0.040625 0.0328125 0.00264168
0 0.00476074 0.860742 0.00952148 0.253516 0.00247192
0 0.0356689 0.992188 0.0713379 0.015625 0.00239754
0 0.674219 0.992188 0.110937 0.015625 0.00230598
1 0.725781 0.992188 0.107813 0.015625 0.00226974
0 0.714453 0.95625 0.0546875 0.0671875 0.00221634
0 0.0557617 0.992188 0.111523 0.015625 0.00221634
1 0.696094 0.982813 0.0328125 0.034375 0.00213242
0 0 0.960156 0 0.0796875 0.00209999
0 0.00473633 0.892578 0.00947266 0.214844 0.00206757
0 0.446484 0.0873291 0.194531 0.0503418 0.00206757
1 0.697656 0.992188 0.0828125 0.015625 0.0020504
1 0.00454102 0.946094 0.00908203 0.107813 0.00203514
0 0.895312 0.976562 0.19375 0.046875 0.00194168
0 0 0.0585449 0 0.11709 0.00192642
0 0.639844 0.526563 0.0515625 0.101562 0.00188923
1 0.491016 0.909375 0.291406 0.175 0.00187492
0 0.8375 0.577734 0.21875 0.279687 0.00186729
0 0.951563 0.975781 0.096875 0.0484375 0.00186062
1 0.00476074 0.0558594 0.00952148 0.111719 0.00174141
1 0.8375 0.577734 0.21875 0.279687 0.00164223
0 0.70625 0.960938 0.0539063 0.05625 0.00162315
1 0.0046875 0.926562 0.009375 0.146875 0.00154877
0 0.494629 0.860742 0.28418 0.275391 0.00150108
0 0 0.0748047 0 0.135547 0.00144386
0 0 0.187061 0 0.135254 0.00143814
0 0.487891 0.934375 0.225781 0.1125 0.00138855
1 0.546094 0.0780273 0.907812 0.156055 0.00137806
0 0.725 0.94375 0.071875 0.1125 0.00134563
0 0 0.099707 0 0.135742 0.00130463
0 0.989062 0.739844 0.021875 0.0429688 0.0012846
1 0.710938 0.970312 0.0445312 0.053125 0.00126457
0 0.0342896 0.986719 0.0355225 0.0265625 0.00123501
0 0 0.162305 0 0.135547 0.00122547
0 0.7375 0.983594 0.167187 0.0328125 0.00121593
0 0.292188 0.187939 0.21875 0.0436523 0.00121593
0 0 0.337109 0 0.135937 0.00119686
0 0.678125 0.975 0.04375 0.04375 0.00118351
0 0 0.212109 0 0.135547 0.00117874
0 0 0.124707 0 0.135742 0.00115108
0 0 0.362109 0 0.135937 0.0011425
0 0.96875 0.990625 0.0625 0.01875 0.00109005
0 0.777344 0.905078 0.175 0.189844 0.00109005
0 0 0.312109 0 0.135937 0.00109005
1 0.7 0.973437 0.040625 0.046875 0.00107288
0 0 0.237109 0 0.135547 0.00106907
0 0.726562 0.963281 0.075 0.0671875 0.00106049
0 0.760938 0.977344 0.14375 0.0453125 0.00105667
0 0.912891 0.982031 0.174219 0.0359375 0.00103664
0 0.983984 0.983594 0.0320312 0.0328125 0.00102806
0 0.294531 0.0877197 0.192969 0.072998 0.00101662
0 0 0.262109 0 0.135937 0.00101662
0 0.738672 0.991406 0.183594 0.0171875 0.00101662
0 0.621875 0.513281 0.0351562 0.053125 0.00101662
0 0 0.287109 0 0.135937 0.00100803
0 0.988672 0.753125 0.0226563 0.0390625 0.00100422
0 0.480469 0.666406 0.315625 0.417188 0.822754
0 0.842969 0.85 0.307813 0.295312 0.756836
0 0.228711 0.453516 0.300391 0.410156 0.746094
0 0.783008 0.535547 0.318359 0.374219 0.709961
1 0.785742 0.533594 0.322266 0.372656 0.147095
1 0.229687 0.449316 0.303906 0.410742 0.12915
1 0.841992 0.85 0.309766 0.296875 0.0966797
1 0.479297 0.660937 0.321875 0.415625 0.041626
0 0.493359 0.921875 0.285156 0.15625 0.0222015
1 0.493359 0.921875 0.285156 0.15625 0.00526047
0 0.255469 0.719531 0.21875 0.160938 0.00397491
0 0.492285 0.81875 0.29668 0.3625 0.00254059
0 0.830469 0.601953 0.228125 0.217187 0.00163555
1 0.544531 0.0967773 0.910937 0.123242 0.00161076
0 0.343555 0.701563 0.433203 0.210938 0.00142097
1 0.255469 0.719531 0.21875 0.160938 0.00133038
1 0.575 0.119165 0.85 0.165186 0.0011034
0 0.0321533 0.978906 0.0643066 0.0421875 0.00107288
0 0.475684 0.664062 0.339258 0.429688 0.711426
0 0.844531 0.848242 0.303125 0.294141 0.692871
0 0.228906 0.444434 0.301562 0.406445 0.650391
0 0.783594 0.535937 0.323438 0.383594 0.580566
1 0.783594 0.535937 0.323438 0.383594 0.310791
1 0.231592 0.442871 0.30166 0.401758 0.211426
1 0.475684 0.661328 0.33457 0.421094 0.174072
1 0.844531 0.848242 0.303125 0.294141 0.164551
0 0.488281 0.886133 0.289062 0.227734 0.00369263
0 0.487891 0.925391 0.289062 0.149219 0.00139904
1 0.488281 0.886133 0.289062 0.227734 0.00135612
1 0.239795 0.721875 0.175879 0.145313 0.0011692
0 0.489941 0.842188 0.298242 0.315625 0.00110722
0 0.255859 0.685938 0.253125 0.246875 0.00100803
0 0.478516 0.662891 0.321094 0.419531 0.803711
0 0.840625 0.851562 0.307813 0.295312 0.747559
0 0.228857 0.446777 0.304785 0.406445 0.674805
0 0.782031 0.532031 0.314063 0.378906 0.64502
1 0.228857 0.446777 0.304785 0.406445 0.27124
1 0.782031 0.532031 0.314063 0.378906 0.259766
1 0.840625 0.851562 0.307813 0.295312 0.16748
1 0.47959 0.6625 0.320508 0.414062 0.134033
0 0.487891 0.898438 0.292969 0.196875 0.00671768
1 0.487891 0.898438 0.292969 0.196875 0.0024929
0 0.833594 0.573438 0.221875 0.273438 0.00244331
0 0.697266 0.992969 0.185156 0.0140625 0.00237846
0 0.244336 0.703125 0.186719 0.16875 0.00162315
1 0.833594 0.573438 0.221875 0.273438 0.00144958
1 0.244336 0.703125 0.186719 0.16875 0.00121117
0 0.695703 0.951172 0.0320312 0.0976562 0.00104427
0 0.842383 0.848437 0.312109 0.296875 0.644043
0 0.229687 0.44834 0.307813 0.418945 0.559082
0 0.485059 0.666406 0.34707 0.439063 0.552734
1 0.784375 0.530469 0.323438 0.39375 0.449463
0 0.784375 0.530469 0.323438 0.39375 0.40918
1 0.842383 0.848437 0.312109 0.296875 0.344238
1 0.488184 0.660156 0.339258 0.428125 0.321777
1 0.232764 0.453125 0.31416 0.429688 0.320068
0 0.495996 0.907812 0.30332 0.179688 0.00952148
0 0.235938 0.705469 0.165625 0.173438 0.0088501
0 0.142969 0.759375 0.261719 0.475 0.00482941
0 0.256299 0.684375 0.22959 0.23125 0.00479126
0 0.255664 0.649609 0.248047 0.341406 0.00388527
0 0.227148 0.738672 0.235156 0.439844 0.00387001
1 0.495996 0.907812 0.30332 0.179688 0.00385475
0 0.49375 0.862305 0.290625 0.272266 0.00359344
1 0.169531 0.749219 0.321875 0.49375 0.00234222
1 0.255664 0.649609 0.248047 0.341406 0.00226974
1 0.256299 0.684375 0.22959 0.23125 0.00226021
1 0.227148 0.738672 0.235156 0.439844 0.00216484
1 0.235938 0.705469 0.165625 0.173438 0.00206757
0 0.494531 0.799219 0.322656 0.401563 0.00197983
1 0.49375 0.862305 0.290625 0.272266 0.00177479
1 0.489844 0.194531 0.804688 0.389062 0.00145531
0 0.476562 0.322852 0.68125 0.526172 0.00143814
0 0.247461 0.557031 0.264453 0.501562 0.00141048
1 0.476562 0.322852 0.68125 0.526172 0.00129986
0 0.492285 0.933203 0.324805 0.133594 0.00118828
0 0.217187 0.805664 0.409375 0.388672 0.00109482
1 0.494531 0.114453 0.835938 0.228906 0.00107765
1 0.494531 0.799219 0.322656 0.401563 0.00106525
0 0.497266 0.921875 0.176563 0.15625 0.00106049
