0 0.303125 0.571875 0.213281 0.210938 0.299805
1 0.303125 0.571875 0.213281 0.210938 0.076416
0 0.312109 0.534375 0.270312 0.29375 0.00209045
1 0.312109 0.534375 0.270312 0.29375 0.00189686
0 0.304688 0.574609 0.229687 0.220313 0.540039
1 0.304688 0.574609 0.229687 0.220313 0.00317192
0 0.341211 0.561719 0.306641 0.228906 0.00228691
0 0.301172 0.575 0.232812 0.210156 0.478516
1 0.300586 0.584766 0.198828 0.2125 0.0673218
0 0.336328 0.577344 0.134375 0.207813 0.00821686
0 0.354883 0.46875 0.0800781 0.09375 0.00772476
0 0.29707 0.654297 0.221484 0.382031 0.0046463
0 0.363086 0.578516 0.0964844 0.2125 0.00413513
1 0.35 0.525 0.139062 0.157813 0.00322342
0 0 0.936328 0 0.127344 0.00265312
0 0.35 0.525 0.139062 0.157813 0.00254059
0 0 0.81543 0 0.184766 0.00248146
0 0 0.77793 0 0.184766 0.00245285
0 0 0.85293 0 0.184766 0.00240517
0 0 0.740234 0 0.185156 0.00240517
0 0 0.702344 0 0.185937 0.00239754
0 0 0.290234 0 0.185937 0.00234222
0 0 0.665625 0 0.185937 0.00226974
0 0 0.327734 0 0.185937 0.00224304
0 0 0.890625 0 0.184375 0.00221634
0 0 0.252734 0 0.185547 0.00218201
1 0.369922 0.464063 0.119531 0.101562 0.00218201
0 0.369922 0.464063 0.119531 0.101562 0.00212479
0 0.776563 0.955469 0.370313 0.0890625 0.00209999
0 0 0.365234 0 0.185156 0.00205803
0 0 0.415234 0 0.185156 0.0019722
0 0 0.627734 0 0.185156 0.0019722
0 0 0.452734 0 0.185156 0.00193405
0 0 0.215234 0 0.185156 0.00192642
0 0 0.515234 0 0.185156 0.00191212
0 0 0.552734 0 0.185156 0.00189686
0 0 0.590234 0 0.185156 0.00189686
0 0.230469 0.950391 0.364062 0.0992187 0.00186062
0 0.838281 0.957422 0.323438 0.0851562 0.00182438
0 0 0.917969 0 0.164062 0.00182438
0 0.446484 0.566406 0.144531 0.270312 0.0018034
0 0 0.0467773 0 0.0935547 0.00174141
0 0.880664 0.955078 0.238672 0.0898438 0.00174141
1 0.312305 0.570312 0.252734 0.202344 0.00173378
0 0.304248 0.948438 0.369629 0.103125 0.0017271
0 0.702344 0.946875 0.373437 0.10625 0.00172043
0 0.0175537 0.0136719 0.0351074 0.0273438 0.00164223
0 0.320312 0.51875 0.153906 0.150781 0.00157356
0 0.00483398 0.932031 0.00966797 0.135937 0.00154877
0 0 0.177783 0 0.185059 0.00154877
0 0.379687 0.945703 0.370313 0.108594 0.00149536
0 0.378906 0.373828 0.1625 0.188281 0.00144958
1 0.349805 0.519531 0.189453 0.145313 0.00142097
0 0.379004 0.772656 0.243555 0.240625 0.00139904
0 0.00551758 0.00767822 0.0110352 0.0153564 0.00139427
1 0.336328 0.577344 0.134375 0.207813 0.00136185
0 0.29375 0.400781 0.139062 0.19375 0.00135612
0 0.157617 0.935156 0.315234 0.129688 0.00131512
0 0.354297 0.482422 0.0976562 0.104687 0.0012846
0 0 0.140137 0 0.18457 0.00127888
1 0.353516 0.377246 0.15625 0.192383 0.00124454
0 0.34375 0.775781 0.225 0.225 0.00123024
0 0.454688 0.943359 0.371094 0.113281 0.0012207
0 0.628125 0.942969 0.375 0.114063 0.00121593
0 0.325391 0.382715 0.146875 0.204883 0.00121593
1 0.29707 0.654297 0.221484 0.382031 0.00119686
1 0.325391 0.382715 0.146875 0.204883 0.00119686
1 0.378125 0.364844 0.152344 0.209375 0.0011692
1 0.320312 0.51875 0.153906 0.150781 0.00116062
0 0.271094 0.405078 0.139844 0.20625 0.00116062
0 0.554297 0.942187 0.372656 0.115625 0.00116062
1 0.29375 0.400781 0.139062 0.19375 0.00115585
0 0 0.10271 0 0.184424 0.00115108
0 0 0.0662109 0 0.132422 0.00110722
1 0.271094 0.405078 0.139844 0.20625 0.00109863
0 0.407031 0.750781 0.234375 0.229687 0.00104809
0 0 0.952344 0 0.0953125 0.00103188
0 0.352344 0.367188 0.147656 0.210156 0.00102425
0 0.301953 0.575781 0.221094 0.20625 0.690918
0 0.307422 0.585938 0.178906 0.176563 0.131226
1 0.294922 0.584375 0.192969 0.190625 0.0372009
0 0.338672 0.523047 0.125 0.141406 0.0322266
0 0.323047 0.557813 0.160938 0.175 0.0255585
0 0.346484 0.477344 0.111719 0.0929687 0.0230713
1 0.338672 0.523047 0.125 0.141406 0.0130692
0 0.344531 0.582031 0.126563 0.192188 0.0107346
1 0.323047 0.557813 0.160938 0.175 0.00933838
0 0.314453 0.51875 0.130469 0.128906 0.00881195
1 0.339453 0.471875 0.0992187 0.08125 0.00831604
0 0.282422 0.559766 0.169531 0.170312 0.00772476
0 0.347656 0.755078 0.169531 0.164844 0.00591278
0 0.375391 0.739062 0.15625 0.160938 0.0050621
1 0.314453 0.51875 0.130469 0.128906 0.0049057
0 0.358984 0.569531 0.115625 0.175 0.00415039
1 0.282422 0.559766 0.169531 0.170312 0.00388527
0 0.267578 0.583594 0.132812 0.195312 0.00239754
0 0.355859 0.440625 0.0929687 0.0765625 0.00225258
0 0.307031 0.75625 0.153125 0.154687 0.00221634
0 0.351562 0.547656 0.130469 0.153125 0.00209045
0 0.391406 0.753906 0.15625 0.167187 0.00206757
0 0.357422 0.491016 0.128125 0.128125 0.00200272
1 0.34375 0.576172 0.125781 0.188281 0.00195694
0 0.307813 0.465234 0.0921875 0.0726563 0.00193405
0 0.267383 0.511328 0.119922 0.108594 0.00166798
1 0.307813 0.465234 0.0921875 0.0726563 0.00126934
1 0.267383 0.511328 0.119922 0.108594 0.00123024
0 0.328125 0.774219 0.153906 0.164062 0.0012064
0 0.391797 0.588281 0.0742188 0.178125 0.00117874
0 0.339844 0.437891 0.084375 0.0773437 0.00114727
1 0.355859 0.440625 0.0929687 0.0765625 0.00109482
0 0.247461 0.749219 0.117969 0.148438 0.00109005
0 0.375781 0.776367 0.142969 0.169141 0.00106907
0 0.361719 0.410156 0.0859375 0.0914062 0.00106525
1 0.370313 0.753125 0.163281 0.16875 0.00103188
0 0.32207 0.742188 0.158203 0.1375 0.00101662
0 0.304102 0.575781 0.222266 0.20625 0.657715
0 0.283936 0.614062 0.269629 0.292969 0.0297089
1 0.303125 0.576563 0.240625 0.214062 0.014061
0 0.583984 0.432031 0.757031 0.864062 0.0117798
0 0.322656 0.520312 0.160156 0.145313 0.00878143
0 0.342773 0.494531 0.131641 0.13125 0.00743103
0 0.300391 0.553125 0.189063 0.173438 0.00614548
0 0.323047 0.578125 0.159375 0.195312 0.00534439
0 0.251758 0.409277 0.472266 0.670508 0.00327301
1 0.283936 0.614062 0.269629 0.292969 0.00298119
0 0.488672 0.360352 0.833594 0.720703 0.00240517
0 0.321875 0.361328 0.592188 0.680469 0.00184631
0 0.336133 0.555469 0.139453 0.192188 0.00132465
0 0.307813 0.573438 0.225 0.217187 0.533203
0 0.497266 0.349219 0.782031 0.698438 0.0346069
0 0.357031 0.578906 0.323438 0.201562 0.0158997
0 0.571875 0.424219 0.646875 0.776563 0.0116425
1 0.30625 0.574219 0.221094 0.210938 0.00948334
0 0.325586 0.580078 0.166016 0.2 0.00324821
1 0.357031 0.578906 0.323438 0.201562 0.00265312
0 0.467187 0.7375 0.615625 0.525 0.00246239
0 0.259375 0.394434 0.355469 0.620508 0.0024147
0 0.350586 0.49375 0.113672 0.198437 0.00212479
0 0.370703 0.335742 0.491406 0.664453 0.00195694
1 0.350586 0.49375 0.113672 0.198437 0.00188255
0 0.337891 0.528906 0.141406 0.178125 0.00162888
0 0.292969 0.772266 0.41875 0.455469 0.00141621
0 0.326172 0.444141 0.275781 0.485156 0.00134087
0 0.492578 0.660156 0.603906 0.679688 0.00125504
0 0.19375 0.701172 0.321875 0.597656 0.00124931
0 0.511328 0.524219 0.586719 0.760938 0.00124931
0 0.41875 0.780078 0.548437 0.439844 0.0011034
0 0.220898 0.455078 0.342578 0.576563 0.00106907
0 0.303516 0.575781 0.214844 0.2125 0.760742
1 0.304883 0.578906 0.216016 0.20625 0.0585632
0 0.219727 0.560156 0.0574219 0.0695312 0.00530243
0 0.333984 0.462109 0.13125 0.0445312 0.00479126
0 0.226172 0.578125 0.0585938 0.101562 0.00475693
0 0.337891 0.453906 0.134375 0.0484375 0.00443268
0 0.00462647 0.929297 0.00925293 0.141406 0.0039444
0 0.299219 0.530469 0.203125 0.0828125 0.00319672
0 0.222656 0.571094 0.0632813 0.06875 0.00314713
0 0.303516 0.512891 0.2125 0.0671875 0.00252151
0 0.202344 0.562891 0.0460938 0.0445312 0.00163555
0 0.00471191 0.682031 0.00942383 0.24375 0.00163555
0 0.00471191 0.744531 0.00942383 0.24375 0.00161076
0 0.0046875 0.794531 0.009375 0.242188 0.00159168
0 0.00471191 0.26958 0.00942383 0.243652 0.00154305
0 0.238672 0.567969 0.0804688 0.116406 0.00145531
0 0.0046875 0.844531 0.009375 0.242188 0.0014267
0 0.00471191 0.319727 0.00942383 0.243359 0.00139427
0 0.00465088 0.0439453 0.00930176 0.0878906 0.00135612
0 0.0046875 0.632031 0.009375 0.24375 0.00132465
0 0.0046875 0.369727 0.009375 0.243359 0.00131989
0 0.0046875 0.219531 0.009375 0.242969 0.00129414
0 0.0046875 0.432129 0.009375 0.243555 0.00129414
0 0.0046875 0.482129 0.009375 0.243555 0.0012846
0 0.00469971 0.544531 0.00939941 0.24375 0.00126934
0 0 0.960156 0 0.0796875 0.00123501
0 0.197266 0.550391 0.040625 0.0484375 0.00123024
0 0.348242 0.445312 0.135547 0.0492188 0.0011692
1 0.00461426 0.947656 0.00922852 0.104687 0.00113773
1 0.219727 0.560156 0.0574219 0.0695312 0.00108624
0 0.225195 0.584766 0.0675781 0.0601562 0.00108147
0 0.00466309 0.886328 0.00932617 0.227344 0.00103188
0 0 0.7125 0 0.135937 0.00101662
0 0 0.775 0 0.135937 0.00100803
0 0 0.7375 0 0.135937 0.00100803
0 0.302734 0.576563 0.217969 0.210938 0.704102
1 0.302734 0.576563 0.217969 0.210938 0.012825
0 0.305664 0.574219 0.219922 0.220313 0.60498
1 0.305664 0.574219 0.219922 0.220313 0.0495911
0 0.305078 0.576563 0.223438 0.207813 0.715332
1 0.305273 0.577344 0.225391 0.210938 0.0645142
0 0.307813 0.573438 0.225 0.217187 0.530273
0 0.497559 0.349609 0.783008 0.699219 0.0368347
0 0.357422 0.578906 0.324219 0.201562 0.0155411
0 0.571484 0.424316 0.647656 0.77793 0.012146
1 0.30625 0.574219 0.221094 0.210938 0.00945282
0 0.325586 0.580078 0.166016 0.2 0.00329781
1 0.357422 0.578906 0.324219 0.201562 0.00261116
0 0.466797 0.737109 0.617969 0.525781 0.00248146
0 0.258984 0.394141 0.357031 0.621094 0.00244331
0 0.350391 0.492969 0.113281 0.2 0.00200272
0 0.371289 0.335547 0.493359 0.664844 0.0019722
1 0.350391 0.492969 0.113281 0.2 0.0018177
0 0.337891 0.528906 0.141406 0.178125 0.00154305
0 0.292969 0.772266 0.419531 0.455469 0.00146675
0 0.326562 0.443359 0.275781 0.486719 0.00131512
0 0.193408 0.701172 0.322559 0.597656 0.00127411
0 0.492285 0.659473 0.604492 0.681055 0.00126457
0 0.510938 0.524219 0.589063 0.7625 0.00125504
0 0.41875 0.780078 0.549219 0.439844 0.00111198
0 0.220508 0.455078 0.344141 0.577344 0.00107765
