1 0.493652 0.378516 0.320508 0.678125 0.803223
1 0.490625 0.483691 0.310937 0.54668 0.146362
0 0.502344 0.372852 0.295312 0.685547 0.0408325
1 0.559375 0.396484 0.451562 0.699219 0.00566483
0 0.490625 0.483691 0.310937 0.54668 0.00415039
1 0.389941 0.409375 0.301367 0.740625 0.00374985
1 0.627344 0.82207 0.342187 0.352734 0.00346947
1 0.44375 0.363281 0.224219 0.698438 0.00324821
1 0.902344 0.657812 0.190625 0.43125 0.00255013
1 0.871094 0.769531 0.239063 0.432813 0.00240517
1 0.683594 0.778125 0.301562 0.43125 0.00235939
1 0.896484 0.31543 0.207031 0.586328 0.00234985
1 0.657031 0.398535 0.339063 0.704492 0.00221634
1 0.847656 0.358984 0.2875 0.652344 0.00190449
1 0.30542 0.385059 0.371191 0.693945 0.00190449
1 0.89375 0.722656 0.207813 0.45 0.00186062
0 0.896484 0.31543 0.207031 0.586328 0.00177479
1 0.867188 0.516016 0.235938 0.647656 0.00169373
1 0.750391 0.373437 0.264844 0.650781 0.00166798
1 0.521094 0.823047 0.36875 0.353906 0.0016489
1 0.723437 0.813281 0.335938 0.367188 0.00162888
1 0.890625 0.428027 0.21875 0.750195 0.00158501
1 0.877344 0.605078 0.221875 0.502344 0.00156116
1 0.902344 0.563672 0.195312 0.514844 0.00151253
1 0.80625 0.393652 0.282813 0.618945 0.00142097
0 0.857031 0.331445 0.267188 0.575391 0.00137806
1 0.425 0.815234 0.35 0.369531 0.00134563
1 0.248486 0.397266 0.320215 0.755469 0.00133514
1 0.556641 0.855273 0.311719 0.289453 0.00121117
0 0.89375 0.4375 0.2125 0.670313 0.0012064
1 0.83418 0.810938 0.322266 0.373437 0.00117874
1 0.867383 0.278516 0.246484 0.478125 0.00116062
1 0.800195 0.775781 0.349609 0.43125 0.00110722
1 0.336719 0.360938 0.520312 0.709375 0.00109863
1 0.898828 0.210938 0.202344 0.41875 0.00106049
1 0.580469 0.77793 0.309375 0.444141 0.00103188
1 0.351172 0.135449 0.427344 0.270898 0.00100803
1 0.5 0.514844 0.30625 0.46875 0.811035
0 0.50625 0.516309 0.3125 0.462695 0.0930176
1 0.830469 0.5 0.339063 1 0.00321007
1 0.887891 0.50625 0.224219 0.9875 0.0015974
0 0.830469 0.5 0.339063 1 0.00148964
0 0.887891 0.50625 0.224219 0.9875 0.00104046
1 0.329688 0.425781 0.634375 0.842188 0.00102425
1 0.498828 0.523828 0.309375 0.472656 0.583984
0 0.755469 0.951563 0.340625 0.096875 0.0165863
1 0.416309 0.459473 0.129883 0.301367 0.0106506
1 0.496875 0.388379 0.242188 0.206055 0.00923157
0 0.895312 0.932813 0.209375 0.134375 0.00901794
0 0.508496 0.942187 0.337695 0.115625 0.00857544
0 0.512891 0.405859 0.232031 0.238281 0.00844574
0 0.849414 0.94375 0.301172 0.1125 0.00800323
0 0.240625 0.94375 0.321875 0.1125 0.00751877
1 0.755469 0.951563 0.340625 0.096875 0.00746155
0 0.164453 0.946875 0.328906 0.10625 0.00743103
0 0.678125 0.946875 0.35625 0.10625 0.00698471
0 0.33418 0.942187 0.341016 0.115625 0.0069046
0 0.403516 0.946875 0.358594 0.10625 0.00679779
0 0.416309 0.459473 0.129883 0.301367 0.00661469
0 0.5 0.508594 0.307813 0.44375 0.00626373
1 0.398828 0.437891 0.0976562 0.302344 0.00614548
1 0.591406 0.421875 0.096875 0.29375 0.00572968
0 0.128516 0.926562 0.257031 0.146875 0.0049057
0 0.602344 0.942969 0.357812 0.114063 0.00460815
1 0.240625 0.94375 0.321875 0.1125 0.00370789
1 0.508496 0.942187 0.337695 0.115625 0.00365067
1 0.164453 0.946875 0.328906 0.10625 0.0036068
1 0.849414 0.94375 0.301172 0.1125 0.00359344
1 0.430078 0.42041 0.132812 0.276367 0.00351143
1 0.33418 0.942187 0.341016 0.115625 0.00342941
1 0.895312 0.932813 0.209375 0.134375 0.00335121
0 0.591406 0.421875 0.096875 0.29375 0.00309944
1 0.652734 0.948438 0.355469 0.103125 0.00293541
1 0.403516 0.946875 0.358594 0.10625 0.00288963
0 0.398828 0.437891 0.0976562 0.302344 0.00259018
0 0.507812 0.442187 0.078125 0.110156 0.00251198
0 0.313867 0.492188 0.0539063 0.139062 0.00243378
0 0 0.816406 0 0.182812 0.00243378
0 0 0.289844 0 0.184375 0.00239754
1 0.128516 0.926562 0.257031 0.146875 0.00232315
1 0.463672 0.43584 0.203125 0.30332 0.00232315
0 0 0.690625 0 0.182812 0.00228691
1 0.425098 0.496777 0.148242 0.318945 0.00214958
0 0.634375 0.521777 0.0765625 0.393945 0.00213242
0 0.467187 0.632031 0.204688 0.229687 0.00208282
1 0.521875 0.4625 0.123438 0.29375 0.0020504
1 0.602344 0.942969 0.357812 0.114063 0.00201988
0 0 0.639844 0 0.184375 0.00198746
0 0 0.252295 0 0.186035 0.0019722
0 0 0.427441 0 0.185742 0.00196457
0 0 0.852344 0 0.184375 0.00194168
1 0.411719 0.596094 0.132812 0.329688 0.00192642
0 0.021582 0.0146484 0.0431641 0.0292969 0.00191212
1 0.458984 0.482812 0.144531 0.320312 0.00190449
0 0 0.047168 0 0.0943359 0.00185299
1 0.464063 0.627344 0.210156 0.264062 0.00181007
0 0.00551758 0.0108765 0.0110352 0.0217529 0.00179577
0 0 0.378027 0 0.18457 0.00179577
1 0.607031 0.440625 0.0890625 0.342187 0.00179577
0 0 0.215625 0 0.185156 0.00176811
0 0 0.465234 0 0.184375 0.00175476
0 0.521875 0.4625 0.123438 0.29375 0.00174141
0 0 0.903125 0 0.18125 0.00173378
0 0.76875 0.984375 0.171875 0.03125 0.00170708
0 0 0.553125 0 0.184375 0.00161076
0 0.506641 0.650781 0.208594 0.189063 0.00160408
1 0.548828 0.407031 0.167969 0.252344 0.0015974
0 0 0.728125 0 0.182812 0.0015974
0 0 0.778125 0 0.18125 0.00159168
0 0 0.327734 0 0.183594 0.00157928
0 0 0.603125 0 0.184375 0.00155449
0 0.311719 0.580469 0.0578125 0.128125 0.00154877
0 0.425098 0.496777 0.148242 0.318945 0.00152493
1 0.394922 0.415527 0.078125 0.29707 0.00152493
0 0.00482178 0.932813 0.00964355 0.134375 0.00151253
0 0 0.502344 0 0.184375 0.00151253
0 0 0.93125 0 0.1375 0.00150108
1 0.490625 0.512109 0.141406 0.30625 0.00148964
0 0.0938477 0.913281 0.187695 0.173438 0.0014782
0 0 0.177734 0 0.184766 0.00146675
1 0.408203 0.237695 0.116406 0.255078 0.00145531
0 0.430078 0.42041 0.132812 0.276367 0.00144386
0 0 0.0851074 0 0.170215 0.00144386
0 0.714063 0.932813 0.0921875 0.13125 0.00141621
0 0.607031 0.440625 0.0890625 0.342187 0.00138855
1 0.508594 0.418066 0.204688 0.274805 0.00138283
0 0 0.0663086 0 0.132617 0.00137234
1 0.319531 0.299414 0.105469 0.286328 0.00133038
0 0.975781 0.814844 0.0484375 0.14375 0.00132465
0 0 0.139868 0 0.185498 0.00131512
0 0.441016 0.105078 0.191406 0.210156 0.00125504
0 0.845508 0.983984 0.162109 0.0320312 0.00123024
0 0.408203 0.237695 0.116406 0.255078 0.00121593
0 0.411719 0.596094 0.132812 0.329688 0.0012064
0 0.455469 0.460547 0.16875 0.317969 0.00119686
1 0.926562 0.655469 0.123438 0.3125 0.00115108
0 0.326562 0.615625 0.0550781 0.135937 0.0011425
1 0.439844 0.616406 0.167969 0.315625 0.00113392
0 0.720312 0.984375 0.16875 0.03125 0.00110722
1 0.264453 0.203125 0.0867188 0.284766 0.00109482
0 0.222656 0.983984 0.1625 0.0320312 0.00106049
0 0.148047 0.983984 0.162109 0.0320312 0.00105286
0 0.642969 0.984766 0.171875 0.0304688 0.00104809
1 0.634375 0.521777 0.0765625 0.393945 0.00104046
0 0.442969 0.625781 0.161719 0.279687 0.00102806
1 0.633203 0.284717 0.116406 0.266504 0.00101185
0 0.464063 0.498437 0.13125 0.323438 0.00100803
1 0.501562 0.516016 0.324219 0.447656 0.826172
0 0.505566 0.516309 0.32168 0.458008 0.0880127
0 0.480469 0.374023 0.178125 0.155078 0.0161591
1 0.480469 0.374023 0.178125 0.155078 0.00701141
0 0.698438 0.976562 0.11875 0.046875 0.0064621
0 0.446094 0.976562 0.125 0.046875 0.00439835
0 0.475781 0.399902 0.190625 0.204883 0.00388527
0 0.176123 0.977344 0.10791 0.0453125 0.00348282
0 0.66875 0.977344 0.135937 0.0453125 0.00348282
1 0.408984 0.469434 0.11875 0.243945 0.00346947
0 0.496094 0.669141 0.2 0.152344 0.00345612
0 0.9 0.975781 0.125 0.0484375 0.00313568
0 0.273242 0.977344 0.1375 0.0453125 0.00294685
0 0.408984 0.469434 0.11875 0.243945 0.00284576
0 0.617969 0.978125 0.138281 0.04375 0.00275803
0 0.798437 0.977344 0.110937 0.0453125 0.00269318
0 0.321094 0.976953 0.148438 0.0460938 0.00250244
0 0.149902 0.976562 0.114258 0.046875 0.00217438
0 0.922656 0.975781 0.125 0.0484375 0.00215721
0 0.123828 0.975781 0.105469 0.0484375 0.00213242
0 0.0998047 0.975781 0.107227 0.0484375 0.00205803
0 0.491406 0.977734 0.1375 0.0445312 0.00190449
0 0.776758 0.977344 0.112109 0.0453125 0.00182438
0 0.741797 0.977344 0.124219 0.0453125 0.00181007
1 0.475781 0.399902 0.190625 0.204883 0.00174809
0 0.949219 0.05625 0.101562 0.1125 0.00168705
0 0.503906 0.499609 0.129688 0.216406 0.00168133
0 0.875 0.977344 0.11875 0.0453125 0.00167465
0 0.221875 0.977344 0.132812 0.0453125 0.0016613
0 0.571875 0.978516 0.140625 0.0429688 0.0016489
0 0.363477 0.977344 0.139453 0.0453125 0.0016489
0 0.544531 0.978516 0.142188 0.0429688 0.00156689
0 0.0700195 0.977344 0.12168 0.0453125 0.00155449
0 0.518359 0.978125 0.139844 0.04375 0.00144958
1 0.293164 0.40791 0.566016 0.71543 0.00129986
0 0.394531 0.977344 0.140625 0.0453125 0.00125504
0 0.94375 0.953906 0.1125 0.0921875 0.00118828
0 0.480078 0.159375 0.117969 0.103125 0.00111198
0 0.846875 0.977344 0.121875 0.0453125 0.00108147
0 0.982031 0.741406 0.0359375 0.198437 0.00106525
1 0.499609 0.521191 0.332812 0.479492 0.890625
1 0.817969 0.474219 0.364062 0.926562 0.02948
1 0.357617 0.396191 0.715234 0.76543 0.0287018
0 0.817969 0.474219 0.364062 0.926562 0.0128708
0 0.469434 0.519922 0.411133 0.472656 0.0100555
1 0.721875 0.464453 0.55625 0.833594 0.00460815
0 0.976953 0.476172 0.0460938 0.819531 0.00324821
1 0.574609 0.807813 0.716406 0.384375 0.00319672
1 0.613672 0.437598 0.772656 0.75293 0.00316048
1 0.976953 0.476172 0.0460938 0.819531 0.00269318
1 0.35625 0.199219 0.6 0.398438 0.00189686
0 0.574609 0.807813 0.716406 0.384375 0.00178242
0 0.479688 0.3875 0.195312 0.198437 0.00150108
1 0.634277 0.760938 0.670508 0.4625 0.00142097
1 0.866797 0.501562 0.266406 0.960938 0.00124931
1 0.435156 0.777148 0.740625 0.445703 0.00123501
1 0.733203 0.635547 0.533594 0.728906 0.00121593
1 0.487598 0.169531 0.762305 0.339063 0.00120163
1 0.677344 0.383594 0.598437 0.724219 0.00117397
1 0.505859 0.522266 0.342969 0.475781 0.852051
0 0.508496 0.519141 0.342383 0.463281 0.0191956
1 0.207813 0.753906 0.415625 0.482812 0.0122375
1 0.605371 0.788867 0.648633 0.422266 0.00881195
0 0.189453 0.751562 0.378906 0.485938 0.0078125
1 0.240234 0.409473 0.449219 0.699805 0.00714874
1 0.810938 0.463672 0.314063 0.683594 0.00666809
1 0.325586 0.351562 0.492578 0.675 0.00582123
0 0.605371 0.788867 0.648633 0.422266 0.00544739
1 0.673828 0.748438 0.500781 0.490625 0.00540543
1 0.166016 0.783594 0.332031 0.432813 0.00540543
1 0.314648 0.795898 0.491016 0.408203 0.00526047
1 0.371484 0.286328 0.532031 0.561719 0.00518036
1 0.785156 0.675781 0.392188 0.607813 0.00492477
1 0.78418 0.389062 0.369141 0.709375 0.00441742
0 0.233398 0.792383 0.466797 0.415234 0.00439835
1 0.510156 0.812695 0.592188 0.374609 0.00438309
0 0.816797 0.465234 0.366406 0.697656 0.00407028
1 0.821484 0.564844 0.357031 0.746875 0.00399017
1 0.399121 0.408203 0.62832 0.698438 0.00376511
0 0.510156 0.812695 0.592188 0.374609 0.00349617
1 0.289258 0.499609 0.554297 0.663281 0.00344276
0 0.314648 0.795898 0.491016 0.408203 0.00312424
1 0.181641 0.685547 0.363281 0.616406 0.00293541
1 0.410156 0.813281 0.545313 0.373437 0.0028553
0 0.814844 0.565625 0.329688 0.721875 0.00277901
0 0.811328 0.641504 0.377344 0.66543 0.00270462
0 0.183203 0.424121 0.353125 0.695508 0.00261116
0 0.410156 0.813281 0.545313 0.373437 0.00257111
0 0.78418 0.389062 0.369141 0.709375 0.00234222
1 0.353516 0.220703 0.476562 0.439844 0.00226974
0 0.938281 0.434766 0.123438 0.699219 0.00218201
1 0.179688 0.457422 0.345313 0.710156 0.00209999
1 0.712891 0.377344 0.464844 0.679688 0.00209045
1 0.938281 0.434766 0.123438 0.699219 0.00204277
0 0.673828 0.748438 0.500781 0.490625 0.00202751
0 0.777344 0.713672 0.409375 0.541406 0.00201988
1 0.23418 0.817187 0.468359 0.365625 0.00191879
1 0.747266 0.297461 0.486719 0.594141 0.00191879
1 0.754297 0.775195 0.486719 0.449609 0.00189686
0 0.150488 0.689844 0.300977 0.614062 0.00170708
1 0.260156 0.648438 0.497656 0.654688 0.00162888
1 0.828906 0.345313 0.342187 0.657812 0.00162315
1 0.446875 0.471875 0.207813 0.295312 0.00161076
1 0.323828 0.707031 0.469531 0.560938 0.00157356
0 0.828906 0.345313 0.342187 0.657812 0.00153065
0 0.928516 0.526563 0.142969 0.740625 0.00151253
0 0.780469 0.29375 0.439063 0.5875 0.00138283
1 0.198437 0.561719 0.396875 0.710938 0.00133514
0 0.264453 0.441016 0.503906 0.688281 0.00131989
1 0.516797 0.753906 0.423438 0.482812 0.00131989
0 0.164062 0.812891 0.328125 0.374219 0.00131512
1 0.928516 0.526563 0.142969 0.740625 0.00129986
0 0.754297 0.775195 0.486719 0.449609 0.00119209
1 0.417578 0.53125 0.654688 0.56875 0.00117874
1 0.266016 0.305664 0.500781 0.606641 0.00117397
1 0.83125 0.719531 0.3375 0.551562 0.00116062
0 0.516797 0.753906 0.423438 0.482812 0.00113392
0 0.980859 0.448047 0.0382813 0.696094 0.00112438
0 0.368945 0.751562 0.512109 0.485938 0.00107765
0 0.921484 0.694141 0.157031 0.580469 0.00102806
0 0.712891 0.377344 0.464844 0.679688 0.00101185
1 0.500098 0.516406 0.320117 0.4625 0.866699
0 0.500098 0.516406 0.320117 0.4625 0.0535889
1 0.310156 0.4125 0.620313 0.725 0.00861359
0 0.00461426 0.926562 0.00922852 0.146875 0.00725937
0 0.00456543 0.944141 0.00913086 0.111719 0.00591278
0 0.00480957 0.79707 0.00961914 0.249609 0.00400543
0 0.00476074 0.696484 0.00952148 0.246094 0.00397491
0 0.00471191 0.0546875 0.00942383 0.109375 0.00337601
1 0.216016 0.382812 0.432031 0.761719 0.00293541
0 0.00476074 0.892969 0.00952148 0.214062 0.00284576
0 0.00471191 0.283203 0.00942383 0.246094 0.00277901
0 0.00477295 0.857813 0.0095459 0.24375 0.00269318
0 0.00469971 0.632812 0.00939941 0.245312 0.0026722
1 0.375 0.20293 0.627344 0.405859 0.00230598
0 0.00476074 0.746094 0.00952148 0.245312 0.00223351
0 0.00471191 0.420703 0.00942383 0.246094 0.00218201
1 0.403906 0.416797 0.645312 0.674219 0.00218201
0 0.00476074 0.358789 0.00952148 0.247266 0.00209999
1 0.880078 0.446094 0.239844 0.795313 0.00209999
0 0.496875 0.441406 0.109375 0.096875 0.0019722
0 0.00471191 0.471094 0.00942383 0.246875 0.00194168
0 0 0.836719 0 0.135937 0.00162315
1 0.951172 0.45 0.0976562 0.685938 0.00159168
0 0.00473633 0.582812 0.00947266 0.245312 0.00158501
0 0.00469971 0.23208 0.00939941 0.243652 0.00151253
1 0.00456543 0.944141 0.00913086 0.111719 0.00150108
1 0.405566 0.140527 0.679492 0.281055 0.00149536
0 0.962109 0.935156 0.0757812 0.129688 0.00141048
1 0.461328 0.474609 0.557031 0.567969 0.00139427
0 0.00473633 0.532812 0.00947266 0.245312 0.00135612
1 0.192236 0.416797 0.31709 0.711719 0.00135136
0 0 0.711719 0 0.135937 0.00133514
0 0.00471191 0.170605 0.00942383 0.245508 0.00132465
1 0.268359 0.528516 0.536719 0.808594 0.00131989
1 0.713281 0.391797 0.479688 0.675781 0.00130463
1 0.579687 0.383496 0.690625 0.614258 0.00129414
0 0 0.812695 0 0.137109 0.00125504
0 0 0.312305 0 0.135547 0.00123978
0 0 0.953516 0 0.0929687 0.00122547
1 0.803125 0.388672 0.360938 0.677344 0.00121593
1 0.00461426 0.926562 0.00922852 0.146875 0.00120163
0 0 0.736719 0 0.135937 0.00116062
1 0.321484 0.692969 0.642969 0.576563 0.00115108
1 0.371875 0.529297 0.74375 0.700781 0.0011425
0 0 0.972656 0 0.0546875 0.00111198
1 0.220313 0.708203 0.440625 0.536719 0.00110722
0 0.0046875 0.102441 0.009375 0.204883 0.00109863
0 0 0.940625 0 0.11875 0.00107288
1 0.601562 0.666016 0.528125 0.542969 0.00106907
0 0 0.861719 0 0.135937 0.00105667
0 0 0.687109 0 0.135937 0.00104809
0 0 0.924219 0 0.135937 0.00103188
0 0 0.287305 0 0.135937 0.00103188
0 0 0.649609 0 0.135937 0.00102043
0 0.952344 0.975391 0.0953125 0.0492188 0.00100803
1 0.502734 0.524316 0.322656 0.462305 0.858887
0 0.502734 0.524316 0.322656 0.462305 0.0172424
1 0.384375 0.497754 0.76875 0.548242 0.00769424
1 0.379492 0.400879 0.758984 0.574805 0.00250244
1 0.636035 0.814062 0.72793 0.345313 0.00187492
1 0.639453 0.411328 0.721094 0.610156 0.00156116
1 0.774219 0.498535 0.451562 0.623242 0.00153065
1 0.366211 0.795508 0.732422 0.396484 0.00121593
0 0.546094 0.982031 0.889063 0.0359375 0.00109863
0 0.417969 0.980469 0.835938 0.0390625 0.00109005
1 0.695312 0.75625 0.609375 0.434375 0.00100803
1 0.369336 0.597656 0.738672 0.632812 0.00100422
1 0.501172 0.518066 0.31875 0.463867 0.829102
0 0.500684 0.524902 0.323633 0.467383 0.0268097
1 0.417188 0.431934 0.685156 0.726758 0.00100803
1 0.5 0.518652 0.324219 0.45957 0.893066
0 0.502246 0.523535 0.325195 0.45293 0.00307465
1 0.310156 0.405469 0.620313 0.6875 0.00202751
1 0.810156 0.468848 0.364062 0.604492 0.00135612
1 0.240234 0.453223 0.480469 0.687305 0.00118828
1 0.505859 0.522266 0.342969 0.475781 0.851562
0 0.508594 0.519141 0.342187 0.464063 0.0190887
1 0.207617 0.753906 0.415234 0.482812 0.012146
1 0.605078 0.788867 0.649219 0.422266 0.00871277
0 0.189453 0.751562 0.378906 0.485938 0.00790405
1 0.24043 0.408984 0.449609 0.7 0.00728989
1 0.811133 0.463672 0.315234 0.685156 0.00674438
1 0.326562 0.351953 0.49375 0.675781 0.00582123
0 0.605078 0.788867 0.649219 0.422266 0.00548935
1 0.674219 0.748438 0.501562 0.490625 0.00542831
1 0.166016 0.783594 0.332031 0.432813 0.0053215
1 0.315234 0.796484 0.491406 0.407031 0.00530243
1 0.372266 0.286719 0.532031 0.5625 0.00511932
1 0.785156 0.675879 0.392188 0.60918 0.00494385
0 0.233594 0.792578 0.467187 0.414844 0.00448608
1 0.78418 0.388965 0.369141 0.70957 0.00443268
1 0.510059 0.812695 0.593945 0.374609 0.00438309
0 0.816992 0.465234 0.366016 0.699219 0.00413513
1 0.82168 0.564844 0.356641 0.748438 0.00403976
1 0.399609 0.407813 0.628906 0.699219 0.00383949
0 0.510059 0.812695 0.593945 0.374609 0.00356483
1 0.288672 0.499219 0.553125 0.664062 0.00345612
0 0.315234 0.796484 0.491406 0.407031 0.00321007
1 0.181641 0.685547 0.363281 0.616406 0.00292397
1 0.410937 0.813281 0.545313 0.373437 0.00288963
0 0.81875 0.606152 0.3625 0.720508 0.00281143
0 0.183203 0.424121 0.353516 0.695508 0.00265312
0 0.410937 0.813281 0.545313 0.373437 0.00263214
0 0.78418 0.388965 0.369141 0.70957 0.00234985
0 0.785156 0.675879 0.392188 0.60918 0.00230598
1 0.353906 0.221484 0.476562 0.441406 0.00223351
0 0.938281 0.435547 0.123438 0.700781 0.00222588
1 0.179883 0.457422 0.345703 0.710156 0.00211525
1 0.713281 0.377734 0.464063 0.679688 0.00208282
0 0.674219 0.748438 0.501562 0.490625 0.0020752
1 0.938281 0.435547 0.123438 0.700781 0.0020752
1 0.747266 0.297656 0.486719 0.594531 0.00190449
1 0.754687 0.775195 0.485938 0.449609 0.00189686
1 0.234375 0.817773 0.46875 0.364453 0.00188923
0 0.150488 0.689844 0.300977 0.615625 0.0017004
1 0.828906 0.345703 0.342187 0.658594 0.00163555
1 0.259766 0.648047 0.497656 0.655469 0.00162888
1 0.323828 0.707031 0.471094 0.560938 0.00158501
1 0.445215 0.471875 0.204883 0.296094 0.00157356
0 0.828906 0.345703 0.342187 0.658594 0.00154305
0 0.928516 0.526563 0.142969 0.74375 0.00154305
0 0.780469 0.29375 0.439063 0.5875 0.00138283
0 0.264453 0.440625 0.503125 0.689062 0.00134563
1 0.198437 0.561328 0.396875 0.711719 0.00133514
1 0.517187 0.753516 0.425 0.483594 0.00133514
1 0.928516 0.526563 0.142969 0.74375 0.00132465
0 0.163965 0.812891 0.32793 0.374219 0.00130463
0 0.754687 0.775195 0.485938 0.449609 0.00121593
1 0.417578 0.531152 0.653906 0.568945 0.00117874
0 0.83125 0.719531 0.3375 0.553125 0.00116062
1 0.266406 0.305859 0.501562 0.607813 0.00115585
1 0.83125 0.719531 0.3375 0.553125 0.00115108
0 0.517187 0.753516 0.425 0.483594 0.00115108
0 0.980859 0.448047 0.0382813 0.697656 0.00113773
0 0.369336 0.751172 0.512891 0.486719 0.00111198
0 0.921094 0.69375 0.157813 0.58125 0.00103188
0 0.713281 0.377734 0.464063 0.679688 0.00101662
