0 0.566016 0.449219 0.682031 0.692187 0.906738
0 0.0866211 0.186328 0.162695 0.372656 0.427246
1 0.0866211 0.186328 0.162695 0.372656 0.10321
0 0.613281 0.366992 0.546875 0.552734 0.0984497
1 0.576953 0.436719 0.652344 0.660156 0.0281067
0 0.61875 0.315039 0.520312 0.401953 0.00748825
0 0.0882813 0.134082 0.176563 0.268164 0.00564194
1 0.0882813 0.134082 0.176563 0.268164 0.00309944
0 0.599609 0.243555 0.532031 0.297266 0.00277901
0 0.0682129 0.230518 0.136426 0.344434 0.0026207
0 0.0842041 0.241406 0.149951 0.370313 0.00247192
0 0.160449 0.158105 0.30293 0.316211 0.00196457
0 0.0729492 0.0898438 0.139453 0.179688 0.00160408
0 0.0614258 0.082373 0.122852 0.164746 0.00147247
0 0.901172 0.792969 0.197656 0.360938 0.00143814
1 0.0842041 0.241406 0.149951 0.370313 0.00135612
1 0.0682129 0.230518 0.136426 0.344434 0.00131512
0 0.117383 0.218555 0.234766 0.423828 0.00130939
0 0.567871 0.118848 0.442383 0.237695 0.0012846
0 0.910156 0.84375 0.179688 0.278125 0.00123501
1 0.901172 0.792969 0.197656 0.360938 0.00122547
0 0.592969 0.228906 0.49375 0.457812 0.0012064
1 0.0614258 0.082373 0.122852 0.164746 0.00113392
0 0.910937 0.754687 0.178125 0.34375 0.00110722
0 0.831445 0.802344 0.324609 0.364062 0.00108624
1 0.613281 0.366992 0.546875 0.552734 0.00106525
0 0.06875 0.260352 0.101953 0.307422 0.00105667
0 0.901172 0.342969 0.197656 0.484375 0.00104809
1 0.543066 0.482812 0.682617 0.864062 0.00102043
0 0.535937 0.493652 0.734375 0.76582 0.89209
0 0.0881836 0.195117 0.176367 0.371484 0.358398
0 0.0896484 0.133008 0.179297 0.253516 0.016983
1 0.0868164 0.180859 0.173633 0.339063 0.0088501
1 0.535254 0.513281 0.735742 0.785937 0.00629044
0 0.550684 0.356836 0.718945 0.478516 0.00324821
0 0.970312 0.950781 0.059375 0.0984375 0.00218201
0 0.114844 0.0422363 0.0775391 0.0801758 0.00106049
0 0.0506836 0.973437 0.101367 0.053125 0.00102043
0 0.528809 0.516504 0.74082 0.779492 0.724121
0 0.0870605 0.158789 0.174121 0.316797 0.252441
1 0.544629 0.524316 0.754492 0.788867 0.161011
1 0.0861816 0.208594 0.172363 0.403906 0.121887
1 0.0865234 0.132617 0.173047 0.262891 0.0476074
0 0.0816895 0.112891 0.163379 0.225781 0.0327148
0 0.616797 0.0710449 0.0804688 0.14209 0.0231476
0 0.565234 0.942187 0.315625 0.115625 0.0181885
0 0.380078 0.0925781 0.120312 0.185156 0.0181274
0 0.302539 0.975 0.319141 0.05 0.0167847
0 0.186377 0.308594 0.0631836 0.107422 0.0124817
1 0.616797 0.0710449 0.0804688 0.14209 0.0120544
0 0.972266 0.95 0.0554687 0.1 0.0118256
0 0.663281 0.940625 0.354688 0.11875 0.0116425
0 0.405859 0.0888672 0.183594 0.177734 0.0116425
1 0.380078 0.0925781 0.120312 0.185156 0.00971222
0 0.294727 0.960938 0.309766 0.078125 0.00901794
0 0.071582 0.278857 0.133594 0.242285 0.0088501
0 0.0278564 0.960938 0.0557129 0.078125 0.00841522
0 0.375391 0.0605469 0.139062 0.121094 0.00837708
0 0 0.0477539 0 0.0955078 0.00769424
0 0.00526123 0.0105103 0.0105225 0.0210205 0.00746155
0 0.613672 0.953125 0.075 0.09375 0.00740433
0 0.6125 0.945312 0.126563 0.10625 0.00728989
0 0.540625 0.944531 0.207813 0.104687 0.00728989
0 0.628125 0.0524414 0.084375 0.104883 0.00717545
0 0.00483398 0.932031 0.00966797 0.135937 0.00674438
0 0.371094 0.0552734 0.0820312 0.107617 0.00671768
0 0.388672 0.0547363 0.184375 0.109473 0.00653839
0 0.0193115 0.0158447 0.038623 0.0316895 0.0064888
1 0.302539 0.975 0.319141 0.05 0.00624084
0 0.741406 0.936719 0.339063 0.126563 0.00582123
0 0.9 0.951563 0.2 0.096875 0.00568771
0 0.113281 0.925781 0.226562 0.148438 0.00559998
0 0.651563 0.945312 0.239063 0.10625 0.0055542
0 0.680469 0.970312 0.05625 0.059375 0.00540543
1 0.405859 0.0888672 0.183594 0.177734 0.00534439
1 0.375391 0.0605469 0.139062 0.121094 0.00530243
0 0.243359 0.0400391 0.0695312 0.0800781 0.0051384
0 0 0.0667969 0 0.133594 0.00498199
0 0.832031 0.946875 0.328125 0.10625 0.00479126
0 0.436719 0.939062 0.325 0.121875 0.00479126
0 0.00476074 0.0224121 0.00952148 0.0448242 0.00473785
0 0 0.114648 0 0.187891 0.00469971
0 0.406641 0.953906 0.30625 0.0921875 0.00468063
0 0 0.0853516 0 0.170703 0.0046463
0 0 0.601953 0 0.185937 0.00452042
0 0 0.239648 0 0.187891 0.00445175
0 0.632031 0.045166 0.0664062 0.090332 0.00439835
0 0 0.152124 0 0.18833 0.00436401
0 0.285498 0.935938 0.289941 0.128125 0.00426483
0 0.608984 0.0550781 0.096875 0.110156 0.00421524
0 0.0804443 0.190039 0.148096 0.315234 0.00419998
0 0 0.402441 0 0.185742 0.00416565
0 0 0.289844 0 0.185937 0.00413513
0 0.979688 0.646875 0.040625 0.153125 0.0041008
0 0 0.641016 0 0.185156 0.00403976
0 0.689062 0.966406 0.06875 0.0671875 0.00382423
0 0 0.942969 0 0.114063 0.00382423
0 0 0.202344 0 0.1875 0.00363541
1 0.294727 0.960938 0.309766 0.078125 0.00356483
0 0.623438 0.059668 0.0671875 0.108008 0.00352478
0 0.972656 0.0561523 0.0546875 0.112305 0.00351143
0 0 0.565625 0 0.184375 0.00337601
0 0 0.702344 0 0.185937 0.00337601
0 0.119141 0.0462891 0.0742188 0.0914062 0.00337601
1 0.565234 0.942187 0.315625 0.115625 0.00332451
1 0.628125 0.0524414 0.084375 0.104883 0.00332451
0 0.0218506 0.954687 0.0437012 0.090625 0.00331116
0 0 0.876562 0 0.1875 0.00327301
0 0.190234 0.0467773 0.0601562 0.0935547 0.00325966
0 0 0.365234 0 0.1875 0.00323486
0 0 0.440527 0 0.18457 0.00317192
1 0.0779541 0.264404 0.140967 0.275098 0.00316048
0 0 0.477734 0 0.185937 0.00304031
1 0.08125 0.167383 0.149609 0.313672 0.00298119
0 0.219336 0.00373535 0.146875 0.0074707 0.00293541
0 0 0.740625 0 0.185937 0.00291252
0 0 0.327344 0 0.185937 0.00288963
0 0 0.776367 0 0.187891 0.0028553
1 0.388672 0.0547363 0.184375 0.109473 0.00284576
0 0.366406 0.969531 0.382812 0.0609375 0.00279999
0 0.551172 0.399316 0.741406 0.560742 0.00268364
0 0.723047 0.047168 0.0585938 0.0943359 0.00266266
0 0.188281 0.220508 0.059375 0.119141 0.00257111
0 0 0.527344 0 0.185156 0.00247192
0 0.178711 0.29668 0.0707031 0.0925781 0.00243378
0 0.967188 0.955469 0.05625 0.0890625 0.0024147
0 0.0246338 0.587109 0.0492676 0.107031 0.00234985
0 0 0.910937 0 0.178125 0.00232315
0 0.287109 0.973047 0.1375 0.0539063 0.00230598
0 0 0.814844 0 0.185937 0.00226974
0 0.96875 0.911719 0.0625 0.176563 0.00226021
1 0.663281 0.940625 0.354688 0.11875 0.00223351
1 0.0845703 0.0966797 0.16543 0.193359 0.00223351
0 0.13418 0.0861328 0.0636719 0.11875 0.00221634
0 0.2875 0.975 0.111719 0.05 0.00219154
1 0.608984 0.0550781 0.096875 0.110156 0.00208282
0 0.578906 0.970703 0.226562 0.0585938 0.0020752
0 0.0623047 0.305078 0.124609 0.191406 0.00205803
1 0.900781 0.945312 0.198437 0.109375 0.00205803
0 0.972656 0.930469 0.0546875 0.139062 0.00200272
0 0.169043 0.921094 0.331445 0.157813 0.00197983
0 0.976953 0.948828 0.0460938 0.102344 0.00196457
0 0.305078 0.973437 0.0746094 0.053125 0.00195694
0 0.0513184 0.964844 0.0583008 0.0703125 0.00192642
0 0.167578 0.00378418 0.142969 0.00756836 0.00192642
0 0.972266 0.225049 0.0554687 0.112402 0.00189686
0 0.970312 0.174121 0.059375 0.111133 0.00188923
0 0.00494385 0.557813 0.0098877 0.164062 0.00185299
0 0.0048584 0.20957 0.0097168 0.164453 0.00182438
0 0.138574 0.504687 0.0501953 0.1375 0.00182438
1 0.285498 0.935938 0.289941 0.128125 0.00179577
0 0.214648 0.964844 0.0625 0.0703125 0.00175476
0 0.703906 0.959375 0.0632813 0.08125 0.00174141
0 0.671875 0.960156 0.046875 0.0796875 0.00173378
1 0.113281 0.925781 0.226562 0.148438 0.0017271
0 0.311719 0.983594 0.176563 0.0328125 0.0017004
0 0.0411133 0.665625 0.0514648 0.129688 0.0017004
1 0.00526123 0.0105103 0.0105225 0.0210205 0.00168133
0 0.231689 0.920313 0.300684 0.159375 0.0016489
1 0.741406 0.936719 0.339063 0.126563 0.00162888
0 0.202539 0.0439941 0.0621094 0.0879883 0.00161076
1 0.00483398 0.932031 0.00966797 0.135937 0.0015974
0 0.00482178 0.348242 0.00964355 0.167578 0.0015974
0 0.0817383 0.251367 0.140039 0.302734 0.00158501
0 0.917188 0.984375 0.14375 0.03125 0.00157928
0 0.130078 0.0442871 0.0660156 0.0885742 0.00157928
0 0.957812 0.165234 0.075 0.107031 0.00156116
0 0.232422 0.96875 0.0882813 0.0625 0.00153637
0 0.0395508 0.964063 0.0695312 0.071875 0.00153637
0 0.270117 0.975 0.0824219 0.05 0.00152493
0 0 0.952344 0 0.0953125 0.00151253
0 0.0774902 0.00397949 0.15498 0.00795898 0.0014782
0 0.679688 0.0881836 0.053125 0.101367 0.00144958
0 0.717188 0.953125 0.04375 0.09375 0.00143242
0 0.721875 0.984375 0.15 0.03125 0.0014267
0 0.190674 0.0358643 0.0530273 0.0717285 0.00139904
0 0.180078 0.316016 0.0542969 0.127344 0.00139904
0 0.978516 0.670313 0.0429688 0.16875 0.00139427
0 0.37959 0.0483276 0.0736328 0.0922119 0.00136662
1 0.00478516 0.0287109 0.00957031 0.0574219 0.00136662
1 0.406641 0.953906 0.30625 0.0921875 0.00135612
0 0.191211 0.488281 0.0539063 0.148438 0.00135612
0 0.106348 0.0480957 0.0929687 0.0961914 0.00135136
0 0.514453 0.975391 0.236719 0.0492188 0.00133514
1 0.436719 0.939062 0.325 0.121875 0.00133514
0 0.705078 0.93125 0.109375 0.13125 0.00133038
0 0.13584 0.00393066 0.165039 0.00786133 0.00131512
0 0.603125 0.0833008 0.0609375 0.12793 0.00131512
0 0.604688 0.069873 0.120312 0.139746 0.00129414
1 0.972266 0.95 0.0554687 0.1 0.00129414
0 0.51709 0.932031 0.34707 0.135937 0.0012846
0 0.151172 0.496094 0.0441406 0.139062 0.00127888
0 0.972656 0.884375 0.0546875 0.23125 0.00127411
0 0.0520508 0.935938 0.0554687 0.128125 0.00126457
1 0.241406 0.47959 0.145313 0.32207 0.0012598
1 0.540625 0.944531 0.207813 0.104687 0.0012598
0 0.00494385 0.386328 0.0098877 0.169531 0.00125504
0 0.0491211 0.964063 0.0650391 0.071875 0.00124454
0 0.0609375 0.963672 0.0664062 0.0726563 0.00122547
0 0.0252441 0.603125 0.0504883 0.152344 0.00122547
0 0.425 0.946875 0.0640625 0.10625 0.00121593
0 0.0223633 0.219727 0.0447266 0.136719 0.00119686
0 0.910156 0.925 0.179688 0.15 0.00119686
0 0.358203 0.065625 0.198437 0.13125 0.00119209
0 0.0281982 0.708984 0.0563965 0.133594 0.00118351
0 0.150977 0.419922 0.0574219 0.125 0.00117874
0 0.0154541 0.0019165 0.0309082 0.00383301 0.0011692
0 0.658203 0.951172 0.0429688 0.0976562 0.00116539
0 0.965625 0.00418701 0.06875 0.00837402 0.00116539
0 0.0048584 0.835938 0.0097168 0.16875 0.00115585
0 0.292383 0.00449219 0.169922 0.00898437 0.00115108
0 0.249023 0.00375977 0.15625 0.00751953 0.0011425
1 0.063623 0.283203 0.127246 0.232031 0.00112438
0 0.0491699 0.699219 0.0983398 0.340625 0.00112438
0 0.00483398 0.914062 0.00966797 0.171875 0.0011158
0 0.0048584 0.0405273 0.0097168 0.0810547 0.0011158
1 0.807813 0.94375 0.278125 0.1125 0.00110722
0 0.150391 0.533594 0.0464844 0.1875 0.00110722
0 0.548437 0.0756836 0.0546875 0.113477 0.0011034
0 0.25957 0.475781 0.173047 0.311719 0.00109863
0 0.977344 0.0740234 0.0453125 0.148047 0.00109863
0 0.069043 0.921875 0.138086 0.15625 0.00109482
0 0.367188 0.964844 0.0710938 0.0703125 0.00109005
0 0.261719 0.972656 0.135156 0.0546875 0.00108624
0 0.904688 0.965625 0.071875 0.06875 0.00108624
0 0.689062 0.9375 0.0640625 0.115625 0.00108147
0 0.971875 0.104687 0.05625 0.209375 0.00108147
0 0.973437 0.84375 0.053125 0.1375 0.00106907
0 0.692187 0.984375 0.167187 0.03125 0.00106525
1 0.578906 0.970703 0.226562 0.0585938 0.00105667
0 0.0170654 0.944531 0.0341309 0.110937 0.00104809
0 0.967188 0.936719 0.053125 0.126563 0.00102425
0 0.176367 0.954297 0.0535156 0.0914062 0.00102425
0 0.639844 0.976562 0.232812 0.046875 0.00102425
0 0.54375 0.525 0.74375 0.801562 0.957031
0 0.0862305 0.190967 0.168555 0.354785 0.673828
0 0.0867188 0.12666 0.173438 0.238867 0.574707
1 0.0853271 0.202539 0.164893 0.385547 0.0980835
1 0.0858398 0.147559 0.17168 0.283008 0.0491333
0 0.0670898 0.301953 0.125195 0.161719 0.0231476
0 0.50625 0.954687 0.139062 0.0859375 0.0157166
0 0.505078 0.969922 0.147656 0.0601562 0.0153046
1 0.075 0.105176 0.15 0.206445 0.0145035
0 0.0755615 0.155176 0.145752 0.269727 0.0143356
0 0.365625 0.084082 0.0984375 0.164453 0.0141754
0 0.0639648 0.0860352 0.12793 0.17207 0.0137405
0 0.0699707 0.279248 0.129199 0.222754 0.00898743
0 0.620313 0.0603516 0.0796875 0.117188 0.00831604
0 0.608594 0.95 0.115625 0.09375 0.00806427
0 0.0480469 0.0842773 0.0894531 0.168555 0.00612259
0 0.251563 0.977344 0.14375 0.0453125 0.00595856
0 0.594531 0.967969 0.124219 0.0640625 0.0055542
0 0.0688477 0.123828 0.127344 0.226562 0.00455475
0 0.366797 0.0604492 0.111719 0.120898 0.00421524
0 0.0574219 0.322852 0.101562 0.131641 0.00340271
0 0.0702148 0.189258 0.132227 0.213672 0.00332451
0 0.514453 0.203076 0.347656 0.161035 0.00322342
1 0.0639648 0.0860352 0.12793 0.17207 0.00296974
1 0.365625 0.084082 0.0984375 0.164453 0.00288963
0 0.960547 0.929688 0.0789063 0.140625 0.00284576
0 0.978125 0.913281 0.04375 0.165625 0.0026722
0 0.621094 0.0517578 0.0984375 0.103516 0.00259018
0 0.282422 0.977344 0.135547 0.0453125 0.00257111
0 0.56084 0.978516 0.40957 0.0429688 0.00233269
0 0.0804199 0.252539 0.16084 0.287109 0.00227928
0 0.46416 0.491504 0.579492 0.638867 0.00223351
0 0.955469 0.0460938 0.0890625 0.0921875 0.00217438
0 0.576563 0.206201 0.310937 0.166504 0.00191212
0 0.00583496 0.926172 0.0116699 0.147656 0.0018177
0 0.0608398 0.479688 0.10957 0.107813 0.0016489
0 0.564062 0.951563 0.567187 0.08125 0.00161076
1 0.0740234 0.174414 0.141797 0.266406 0.00157356
0 0.0412109 0.974219 0.0824219 0.0515625 0.00154877
1 0.620313 0.0603516 0.0796875 0.117188 0.00151253
1 0.0670898 0.301953 0.125195 0.161719 0.00147247
0 0.683594 0.978906 0.09375 0.0421875 0.00143242
0 0.376172 0.975781 0.11875 0.0484375 0.00140476
1 0.582031 0.979297 0.404687 0.0414063 0.00131512
0 0.623438 0.98125 0.457812 0.0375 0.00130463
0 0.104199 0.0984375 0.137109 0.189453 0.00127888
0 0.00576172 0.0441406 0.0115234 0.0882813 0.00115108
0 0.186133 0.301562 0.0710938 0.071875 0.00113392
0 0.973437 0.0553223 0.053125 0.110645 0.00112915
0 0.599609 0.0519531 0.658594 0.103906 0.00110722
1 0.0480469 0.0842773 0.0894531 0.168555 0.00110722
0 0.707031 0.677344 0.373437 0.460938 0.00110722
0 0.208398 0.977344 0.101172 0.0453125 0.00107765
0 0.624609 0.829883 0.460156 0.180859 0.00107288
0 0.56875 0.191211 0.578125 0.141016 0.00106525
0 0.0571777 0.181592 0.104395 0.248535 0.00104427
0 0.531934 0.530078 0.736133 0.788281 0.925293
0 0.0864258 0.159277 0.172852 0.318555 0.179565
0 0.0856445 0.225586 0.171289 0.448047 0.146118
1 0.0856445 0.225586 0.171289 0.448047 0.0279541
1 0.554297 0.516797 0.738281 0.811719 0.0249329
1 0.0864258 0.159277 0.172852 0.318555 0.0162811
0 0.0761719 0.122656 0.152344 0.245312 0.00570679
0 0.582422 0.968359 0.419531 0.0632813 0.00154877
0 0.98125 0.556348 0.0375 0.688867 0.00139904
0 0.116406 0.28125 0.232812 0.5625 0.00127411
0 0.0716309 0.193164 0.143262 0.265625 0.00119209
0 0.817383 0.627344 0.258984 0.6625 0.00114727
1 0.582422 0.968359 0.419531 0.0632813 0.00113773
0 0.977344 0.727734 0.0453125 0.524219 0.00107765
0 0.535937 0.507422 0.746875 0.775781 0.733887
0 0.0884766 0.23418 0.176953 0.456641 0.258301
1 0.0874512 0.252148 0.174902 0.503516 0.126099
1 0.490723 0.605469 0.606055 0.626562 0.107239
1 0.532715 0.514844 0.74082 0.8125 0.0831299
1 0.567187 0.692187 0.604688 0.439063 0.0726318
0 0.53125 0.385156 0.74375 0.53125 0.035553
1 0.0894531 0.180273 0.178906 0.351953 0.0352783
0 0.490723 0.605469 0.606055 0.626562 0.0316772
0 0.0908203 0.141113 0.181641 0.27207 0.0299835
0 0.500391 0.684375 0.569531 0.451562 0.0165863
1 0.445703 0.678906 0.546875 0.4625 0.0119629
0 0.113086 0.266602 0.226172 0.533203 0.0101318
0 0.585059 0.719141 0.564258 0.397656 0.00772476
1 0.604004 0.628906 0.648242 0.584375 0.00553513
0 0.215576 0.786914 0.328223 0.426172 0.00390053
1 0.66875 0.691016 0.496875 0.455469 0.00270462
0 0.765625 0.683984 0.35625 0.550781 0.00216484
1 0.215576 0.786914 0.328223 0.426172 0.00214005
1 0.551953 0.415625 0.758594 0.590625 0.00212479
1 0.726172 0.720312 0.396094 0.5375 0.00167465
0 0.803125 0.635938 0.29375 0.603125 0.00161648
0 0.725391 0.631348 0.411719 0.59043 0.00151253
1 0.828906 0.784375 0.342187 0.43125 0.00134087
1 0.720312 0.626562 0.410937 0.6 0.00125504
0 0.920313 0.780859 0.159375 0.438281 0.00115585
0 0.828906 0.784375 0.342187 0.43125 0.00111198
0 0.942187 0.807031 0.115625 0.385938 0.00109482
0 0.423535 0.403125 0.506055 0.607813 0.00109005
0 0.720312 0.753125 0.401563 0.49375 0.00107288
1 0.920313 0.780859 0.159375 0.438281 0.00106049
0 0.769922 0.263281 0.460156 0.526563 0.00104427
1 0.142188 0.3 0.284375 0.595312 0.00102043
0 0.280859 0.760938 0.359375 0.471875 0.00101662
0 0.0753418 0.177148 0.150684 0.291016 0.00101662
0 0.535547 0.434375 0.738281 0.609375 0.878906
0 0.0834961 0.15918 0.163867 0.312891 0.561035
0 0.494141 0.541016 0.691406 0.825781 0.439697
1 0.532031 0.535937 0.75 0.814062 0.31665
1 0.0813477 0.205078 0.162109 0.389062 0.234375
1 0.432422 0.557129 0.574219 0.75293 0.209473
1 0.49375 0.667969 0.648438 0.510938 0.036438
1 0.511035 0.753516 0.648242 0.332031 0.0294189
0 0.00473633 0.925781 0.00947266 0.148438 0.0235138
0 0.00469971 0.0448242 0.00939941 0.0896484 0.0223694
0 0.511035 0.753516 0.648242 0.332031 0.0179901
1 0.453516 0.717969 0.564844 0.407813 0.0171051
0 0.00460205 0.943359 0.0092041 0.113281 0.0126266
0 0.179492 0.300195 0.0847656 0.08125 0.0120544
0 0.49375 0.667969 0.648438 0.510938 0.0119629
0 0.600781 0.958594 0.115625 0.0828125 0.0114212
0 0.0349121 0.973437 0.0698242 0.05 0.0113754
0 0.081543 0.241064 0.161328 0.367871 0.0110703
0 0.453516 0.717969 0.564844 0.407813 0.0100555
0 0.0344238 0.982031 0.0688477 0.0359375 0.00941467
0 0.00474854 0.580469 0.00949707 0.238281 0.00908661
0 0.678516 0.983594 0.075 0.0328125 0.00821686
0 0 0.0458008 0 0.0916016 0.00812531
0 0.00469971 0.230469 0.00939941 0.239063 0.00790405
0 0.00465088 0.368945 0.00930176 0.241797 0.0078125
0 0.982813 0.654688 0.034375 0.0539063 0.00701141
1 0.0848145 0.143066 0.169629 0.282227 0.00643921
0 0.00473633 0.419922 0.00947266 0.241406 0.006073
0 0.00474854 0.632812 0.00949707 0.242188 0.00600433
0 0.275781 0.982031 0.183594 0.0359375 0.00577545
0 0.0258301 0.983594 0.0481445 0.0328125 0.00568771
0 0.00466309 0.279883 0.00932617 0.236328 0.00544739
0 0.00466309 0.0751953 0.00932617 0.150391 0.00534439
0 0.00469971 0.892969 0.00939941 0.214062 0.0053215
0 0.984375 0.664062 0.03125 0.046875 0.00511932
0 0.00473633 0.469141 0.00947266 0.241406 0.00484848
0 0.00472412 0.53125 0.00944824 0.239063 0.00443268
0 0.0046875 0.85625 0.009375 0.240625 0.00439835
0 0 0.0586914 0 0.117383 0.00429916
1 0.59834 0.772656 0.575195 0.289062 0.00408554
0 0 0.966016 0 0.0679687 0.00403976
0 0.00466309 0.112891 0.00932617 0.225781 0.00397491
0 0.00471191 0.18208 0.00942383 0.24209 0.00387001
0 0.677734 0.983984 0.111719 0.0320312 0.00383949
0 0.0281128 0.976562 0.0549072 0.04375 0.00382423
0 0.671875 0.991406 0.123438 0.0171875 0.00382423
0 0.0863281 0.194531 0.172656 0.360156 0.00378036
0 0.972656 0.954687 0.0546875 0.090625 0.00362206
0 0.198242 0.492969 0.0640625 0.14375 0.00359344
0 0.960156 0.944922 0.0796875 0.110156 0.00358009
0 0.0174805 0.984375 0.0349609 0.03125 0.00348282
0 0.981641 0.655859 0.0367187 0.0648438 0.00342941
1 0.00473633 0.925781 0.00947266 0.148438 0.00327301
0 0 0.274805 0 0.135547 0.00323486
0 0 0.0750244 0 0.135498 0.00317192
0 0 0.249805 0 0.135547 0.00314713
0 0.0401367 0.992188 0.0802734 0.015625 0.00312424
0 0 0.137598 0 0.135352 0.00305176
0 0 0.100098 0 0.135352 0.00302696
0 0 0.3125 0 0.134375 0.00299263
0 0.0494141 0.973437 0.0988281 0.05 0.00293541
1 0.0046875 0.0538086 0.009375 0.107617 0.00292397
0 0.724609 0.991406 0.121094 0.0171875 0.00291252
0 0 0.400098 0 0.135742 0.00288963
0 0.716406 0.983984 0.0421875 0.0320312 0.0028553
0 0 0.1625 0 0.135547 0.00284576
0 0.654688 0.983984 0.0664062 0.0320312 0.00282288
0 0.236719 0.0286987 0.0929687 0.0527588 0.00282288
1 0.00460205 0.943359 0.0092041 0.113281 0.00273705
0 0.286719 0.982031 0.115625 0.0359375 0.00273705
0 0 0.225 0 0.135547 0.0027256
0 0 0.424902 0 0.13457 0.0026722
0 0.00471191 0.681641 0.00942383 0.242969 0.00265312
0 0.615625 0.0630981 0.090625 0.0925537 0.00263214
0 0 0.612109 0 0.135156 0.00263214
0 0.686719 0.976562 0.0796875 0.0421875 0.00261116
0 0.732422 0.702344 0.374219 0.453125 0.00260162
0 0 0.1875 0 0.135547 0.00256157
0 0.0060791 0.0269043 0.0121582 0.0538086 0.00251198
0 0 0.337305 0 0.134766 0.0024929
0 0.0046875 0.74375 0.009375 0.242188 0.00247192
0 0 0.6625 0 0.135156 0.00242424
0 0.190186 0.480469 0.0540039 0.14375 0.0024147
0 0.192773 0.00556641 0.233984 0.0111328 0.00240517
0 0.0538086 0.982422 0.107617 0.0351562 0.00237846
0 0.00466309 0.793945 0.00932617 0.240234 0.00237846
0 0 0.375 0 0.135156 0.00232315
0 0 0.6375 0 0.134375 0.00232315
0 0 0.45 0 0.134375 0.00230598
0 0.280664 0.977344 0.208984 0.0453125 0.00226974
0 0.700781 0.992188 0.132812 0.015625 0.00226974
0 0 0.953906 0 0.0921875 0.00225258
0 0.59834 0.772656 0.575195 0.289062 0.00218201
1 0.60166 0.700391 0.606055 0.442969 0.00209045
0 0 0.587109 0 0.135156 0.0020504
0 0 0.6875 0 0.135937 0.00203514
0 0.971875 0.976562 0.05625 0.046875 0.00201035
0 0.984375 0.981641 0.03125 0.0367187 0.0019722
0 0.966797 0.928906 0.0664062 0.142188 0.00194931
0 0.608594 0.048938 0.1125 0.070874 0.00192642
1 0.710156 0.739844 0.410937 0.389062 0.00190449
0 0 0.9 0 0.134375 0.00189686
0 0.748828 0.992188 0.178906 0.015625 0.00189686
0 0 0.5 0 0.135937 0.00189686
0 0.357422 0.0561523 0.120312 0.0876953 0.00186729
0 0 0.475 0 0.135937 0.00179577
0 0.174121 0.992188 0.13457 0.015625 0.00178242
0 0.517969 0.973437 0.164062 0.053125 0.0017271
0 0 0.925 0 0.134375 0.00170708
0 0 0.7125 0 0.135937 0.0017004
0 0.966406 0.990625 0.0671875 0.01875 0.00168705
0 0.191797 0.503125 0.0597656 0.114063 0.00168705
0 0.0450684 0.672266 0.0553711 0.107813 0.00167465
0 0 0.775 0 0.135937 0.0016613
0 0.18418 0.305859 0.0703125 0.0664062 0.00165462
0 0.985937 0.677344 0.028125 0.0421875 0.00164223
0 0 0.7375 0 0.135937 0.00163555
0 0 0.8125 0 0.135937 0.00162888
0 0 0.524609 0 0.135156 0.00156116
0 0 0.562109 0 0.135156 0.00156116
0 0.613281 0.974609 0.126563 0.0507812 0.00155449
0 0.789258 0.608203 0.265234 0.536719 0.00155449
0 0.983594 0.973437 0.0328125 0.0484375 0.00154877
1 0.00469971 0.230469 0.00939941 0.239063 0.00152493
0 0.365234 0.0431152 0.104687 0.065918 0.00150108
1 0.00465088 0.368945 0.00930176 0.241797 0.0014782
0 0.681641 0.771094 0.424219 0.307813 0.0014782
0 0.973828 0.941406 0.0523437 0.117188 0.00142097
0 0.240186 0.982031 0.180566 0.0359375 0.00142097
1 0.0344238 0.982031 0.0688477 0.0359375 0.00141048
0 0 0.875 0 0.135937 0.00141048
1 0.00478516 0.569531 0.00957031 0.241406 0.00141048
0 0.280664 0.991406 0.193359 0.0171875 0.00139904
0 0 0.941406 0 0.117188 0.00139904
0 0.134473 0.0831055 0.0673828 0.114258 0.00138855
0 0.611328 0.077832 0.0773437 0.0833984 0.00138855
0 0.0415039 0.0564331 0.0830078 0.0968994 0.00135136
0 0.180859 0.982031 0.0503906 0.0359375 0.00134563
0 0.0643066 0.574609 0.0481445 0.0617188 0.00133514
0 0 0.8375 0 0.134375 0.00130463
0 0.307031 0.983594 0.117188 0.0328125 0.00129414
0 0.0739258 0.983594 0.147852 0.0328125 0.00121593
1 0.94375 0.820508 0.1125 0.343359 0.00117874
1 0.714453 0.663184 0.461719 0.576758 0.00117397
0 0.749609 0.985156 0.116406 0.0296875 0.0011692
1 0.0060791 0.0269043 0.0121582 0.0538086 0.00116062
1 0.751562 0.65625 0.335938 0.50625 0.00115108
1 0.671875 0.991406 0.123438 0.0171875 0.0011425
1 0.18457 0.303125 0.0730469 0.075 0.00113392
0 0.716016 0.618359 0.422656 0.600781 0.00112915
1 0.678516 0.983594 0.075 0.0328125 0.0011158
1 0.0349121 0.973437 0.0698242 0.05 0.0011158
0 0.619141 0.0410156 0.100781 0.0638672 0.0011158
0 0.942187 0.166113 0.115625 0.0869141 0.00110722
0 0.141895 0.00544434 0.233398 0.0108887 0.00110722
1 0.00466309 0.279883 0.00932617 0.236328 0.00109863
0 0.0300781 0.967188 0.0601562 0.05 0.00109482
0 0.907031 0.992188 0.160938 0.015625 0.00109005
0 0.0245605 0.589063 0.0448242 0.040625 0.00109005
1 0.932031 0.747656 0.135937 0.423438 0.00108624
0 0.280273 0.977734 0.146484 0.0445312 0.00108147
0 0.204102 0.0265137 0.0539063 0.0422852 0.00106525
0 0.438672 0.983984 0.078125 0.0320312 0.00106049
1 0.0258301 0.983594 0.0481445 0.0328125 0.00105667
1 0.00473633 0.419922 0.00947266 0.241406 0.00105667
0 0.716016 0.974219 0.0421875 0.0453125 0.00105667
0 0.10686 0.0513794 0.114795 0.0898193 0.00103664
0 0.2 0.982031 0.107422 0.0359375 0.00102806
0 0.603906 0.960938 0.107813 0.0625 0.00102806
0 0.0753662 0.975781 0.133643 0.04375 0.00102425
1 0.801367 0.747266 0.397266 0.474219 0.00101662
1 0.00467529 0.0822266 0.00935059 0.164453 0.00100422
0 0.683984 0.744922 0.483594 0.441406 0.00100422
0 0.532812 0.461719 0.759375 0.678125 0.808105
0 0.0852051 0.196436 0.17041 0.380566 0.410156
0 0.463281 0.426172 0.926562 0.495313 0.24585
1 0.413184 0.647656 0.731445 0.14375 0.214722
1 0.482031 0.589844 0.860937 0.207813 0.197388
0 0.342187 0.4625 0.341406 0.283594 0.117798
1 0.549609 0.649219 0.900781 0.148438 0.11499
1 0.0841309 0.208984 0.168262 0.391406 0.100159
0 0.0874023 0.131055 0.174805 0.256641 0.0654907
1 0.538281 0.551562 0.857813 0.28125 0.0629272
0 0.332471 0.540625 0.324121 0.207813 0.0596619
1 0.463281 0.426172 0.926562 0.495313 0.0514526
0 0.496094 0.453906 0.648438 0.314844 0.0435181
0 0.373047 0.446484 0.401563 0.34375 0.0324097
0 0.316748 0.582812 0.315723 0.196875 0.0261536
1 0.330078 0.59375 0.328906 0.184375 0.0201416
0 0.392285 0.644922 0.529492 0.210938 0.0149002
1 0.532812 0.461719 0.759375 0.678125 0.0146713
1 0.267969 0.605469 0.458594 0.16875 0.0130234
0 0.538281 0.551562 0.857813 0.28125 0.0125275
1 0.429688 0.610547 0.859375 0.166406 0.0115967
0 0.346924 0.607031 0.37334 0.203125 0.0112
0 0.499609 0.86875 0.494531 0.140625 0.00891876
0 0.482031 0.589844 0.860937 0.207813 0.00828552
0 0.466504 0.835742 0.623242 0.231641 0.00803375
0 0.0828125 0.256445 0.165625 0.294922 0.00796509
0 0.668359 0.708984 0.500781 0.405469 0.00717545
0 0.644922 0.838281 0.428906 0.164062 0.00651169
0 0.593359 0.660937 0.653906 0.482812 0.00572968
0 0.372656 0.689844 0.635938 0.220313 0.00570679
1 0.499609 0.86875 0.494531 0.140625 0.00561905
0 0.658984 0.798633 0.460156 0.240234 0.00557709
0 0.569531 0.875 0.375 0.11875 0.00553513
0 0.433496 0.549609 0.561133 0.196094 0.00538635
1 0.317383 0.628906 0.330078 0.192188 0.0053215
1 0.644922 0.838281 0.428906 0.164062 0.00527954
1 0.668359 0.708984 0.500781 0.405469 0.00502014
1 0.332471 0.540625 0.324121 0.207813 0.00479126
1 0.466504 0.835742 0.623242 0.231641 0.00473785
0 0.505371 0.378125 0.664258 0.467187 0.00469971
0 0.48125 0.813281 0.698438 0.3125 0.00441742
0 0.407422 0.389844 0.465625 0.450781 0.00439835
1 0.569531 0.875 0.375 0.11875 0.00434875
1 0.690625 0.791406 0.403125 0.267188 0.00421524
1 0.593359 0.660937 0.653906 0.482812 0.00395966
0 0.721094 0.742578 0.382812 0.369531 0.00388527
0 0.445312 0.952344 0.6125 0.0953125 0.00374985
0 0.307813 0.708594 0.55 0.348437 0.00367928
1 0.0874023 0.131055 0.174805 0.256641 0.00363541
1 0.392285 0.644922 0.529492 0.210938 0.00355148
1 0.721094 0.742578 0.382812 0.369531 0.00338936
0 0.602344 0.748047 0.607813 0.347656 0.00337601
1 0.433496 0.549609 0.561133 0.196094 0.00305176
1 0.48125 0.813281 0.698438 0.3125 0.00287819
0 0.55166 0.974219 0.420117 0.0515625 0.00286674
0 0.435937 0.977344 0.6125 0.0453125 0.00256157
1 0.602344 0.748047 0.607813 0.347656 0.00246239
1 0.520312 0.954687 0.480469 0.090625 0.00243378
1 0.307813 0.708594 0.55 0.348437 0.00233269
0 0.301172 0.639844 0.299219 0.196875 0.00228691
1 0.623438 0.871875 0.41875 0.134375 0.00219917
0 0.364062 0.798242 0.58125 0.366016 0.00214958
1 0.270898 0.639063 0.541797 0.132812 0.00214958
1 0.372656 0.689844 0.635938 0.220313 0.00199509
1 0.438672 0.946094 0.757031 0.107813 0.00193405
0 0.549609 0.649219 0.900781 0.148438 0.00185299
1 0.274023 0.676562 0.389453 0.190625 0.00181007
0 0.421484 0.740234 0.611719 0.449219 0.00178242
1 0.342187 0.4625 0.341406 0.283594 0.00176144
0 0.623438 0.871875 0.41875 0.134375 0.00175476
0 0.249951 0.675391 0.36416 0.183594 0.00158501
0 0.762109 0.683594 0.325781 0.432813 0.00156116
1 0.55166 0.974219 0.420117 0.0515625 0.00153637
0 0.450781 0.931641 0.782812 0.136719 0.00153065
0 0.565527 0.953125 0.550195 0.09375 0.00148392
0 0.35957 0.652344 0.469922 0.389062 0.0014267
0 0.459375 0.666406 0.547656 0.546875 0.0012598
1 0.0805176 0.26543 0.161035 0.291797 0.00123501
0 0.0324951 0.980859 0.0649902 0.0382813 0.00123024
1 0.435937 0.977344 0.6125 0.0453125 0.00121593
1 0.496094 0.453906 0.648438 0.314844 0.00121593
1 0.364062 0.798242 0.58125 0.366016 0.00121117
0 0.402734 0.498828 0.474219 0.275781 0.00109482
0 0.62666 0.978516 0.537305 0.0429688 0.00109005
0 0.453125 0.511328 0.90625 0.309375 0.00108147
0 0.713672 0.658984 0.432031 0.483594 0.00107288
1 0.62666 0.978516 0.537305 0.0429688 0.00103664
1 0.0324951 0.980859 0.0649902 0.0382813 0.00103188
0 0.639063 0.0603516 0.604688 0.120703 0.00100422
0 0.551562 0.527344 0.745313 0.810938 0.84082
0 0.0850586 0.174219 0.168164 0.344922 0.273682
1 0.551172 0.522656 0.744531 0.803125 0.273682
1 0.0850586 0.217773 0.170117 0.423828 0.119202
0 0.0829102 0.248828 0.16582 0.483594 0.11145
1 0.0877197 0.14873 0.171826 0.293164 0.00277901
0 0.614844 0.955469 0.0851562 0.0890625 0.00237846
0 0.623438 0.05448 0.0765625 0.0933838 0.00174809
0 0.984375 0.679297 0.03125 0.178906 0.00139904
0 0.65625 0.236328 0.43125 0.23125 0.00101662
0 0.539453 0.528906 0.755469 0.807813 0.845215
1 0.0832031 0.206836 0.166406 0.397266 0.233765
0 0.084668 0.173047 0.169336 0.3375 0.218018
1 0.534277 0.519922 0.758008 0.772656 0.192505
0 0.76875 0.671875 0.30625 0.440625 0.0055542
0 0.596973 0.735937 0.560742 0.354688 0.0042305
0 0.678906 0.724219 0.457812 0.373437 0.00349617
1 0.63916 0.73125 0.532617 0.3625 0.00298119
1 0.747656 0.699609 0.348437 0.422656 0.00259018
0 0.685547 0.766406 0.422656 0.282813 0.00240517
0 0.645703 0.220898 0.450781 0.201172 0.00240517
0 0.51875 0.742969 0.396875 0.34375 0.00231361
0 0.740625 0.739062 0.353125 0.360938 0.00222588
0 0.617969 0.195361 0.475 0.156934 0.00209045
0 0.7375 0.621484 0.36875 0.547656 0.00190449
1 0.511328 0.732813 0.516406 0.360938 0.00182438
1 0.685547 0.766406 0.422656 0.282813 0.00182438
1 0.759375 0.623047 0.325 0.521094 0.00167465
0 0.717578 0.300391 0.392969 0.374219 0.00166798
1 0.0858887 0.148926 0.171777 0.291992 0.00158501
0 0.42959 0.727344 0.501758 0.373437 0.00144386
0 0.569141 0.236523 0.610156 0.233984 0.00125504
0 0.676172 0.253516 0.407031 0.279687 0.00116062
1 0.617969 0.195361 0.475 0.156934 0.00115108
0 0.00585938 0.948047 0.0117188 0.103906 0.00109863
1 0.645703 0.220898 0.450781 0.201172 0.00108147
1 0.677344 0.682422 0.478125 0.457031 0.00101185
0 0.535937 0.507422 0.746875 0.775781 0.739258
0 0.0884766 0.23457 0.176953 0.457422 0.256104
1 0.0874023 0.252539 0.174805 0.504297 0.123779
1 0.490527 0.604688 0.604883 0.628125 0.0996704
1 0.532812 0.515234 0.740625 0.813281 0.0834351
1 0.566797 0.691406 0.605469 0.440625 0.0709229
0 0.53125 0.385547 0.74375 0.532812 0.035553
1 0.0895508 0.180469 0.179102 0.352344 0.0350647
0 0.490527 0.604688 0.604883 0.628125 0.0301056
0 0.0908203 0.141113 0.181641 0.27207 0.0299225
0 0.500781 0.684375 0.56875 0.451562 0.0162811
1 0.445703 0.678906 0.546094 0.4625 0.0112
0 0.113379 0.266797 0.226758 0.533594 0.0100098
1 0.628809 0.722656 0.551758 0.389062 0.00930023
0 0.585059 0.71875 0.564258 0.398438 0.00772476
1 0.602734 0.627734 0.650781 0.586719 0.00538635
0 0.215625 0.786914 0.328125 0.426172 0.00392914
0 0.766406 0.683984 0.35625 0.550781 0.00215721
1 0.215625 0.786914 0.328125 0.426172 0.00214958
1 0.552344 0.416016 0.759375 0.592188 0.00194931
1 0.725781 0.720312 0.396875 0.5375 0.0016613
0 0.80332 0.635938 0.293359 0.603125 0.00161648
0 0.725 0.631641 0.4125 0.591406 0.00150108
1 0.828906 0.784375 0.342187 0.43125 0.00134087
1 0.719922 0.626172 0.411719 0.600781 0.00124454
0 0.920313 0.780859 0.159375 0.438281 0.0011692
0 0.828906 0.784375 0.342187 0.43125 0.00112057
0 0.942187 0.807031 0.115625 0.385938 0.00109863
0 0.719922 0.753125 0.402344 0.49375 0.00107288
1 0.920313 0.780859 0.159375 0.438281 0.00106907
0 0.424219 0.403125 0.507031 0.607813 0.00106525
0 0.769922 0.263281 0.460156 0.526563 0.00105286
0 0.280469 0.760547 0.359375 0.472656 0.00102806
1 0.14248 0.3 0.284961 0.595312 0.00101185
