0 0.542285 0.382422 0.54043 0.566406 0.795898
0 0.44375 0.376563 0.721875 0.60625 0.645996
0 0.640234 0.347266 0.353906 0.511719 0.625
1 0.542285 0.382422 0.54043 0.566406 0.113953
1 0.6375 0.360156 0.351562 0.548437 0.0838623
0 0.300781 0.140527 0.421875 0.274414 0.0836182
1 0.44375 0.376563 0.721875 0.60625 0.0679321
1 0.300781 0.140527 0.421875 0.274414 0.0269623
0 0.288477 0.309766 0.430859 0.577344 0.0115967
1 0.645312 0.299805 0.3375 0.391016 0.00993347
0 0.650781 0.276563 0.326562 0.429688 0.00725937
1 0.782617 0.743359 0.412891 0.475781 0.00540543
0 0.779688 0.771484 0.421875 0.427344 0.00536346
1 0.848437 0.779492 0.295312 0.422266 0.00441742
0 0.848437 0.779492 0.295312 0.422266 0.0041008
0 0.274219 0.231641 0.467187 0.413281 0.00399017
1 0.288477 0.309766 0.430859 0.577344 0.00370789
0 0.685156 0.779883 0.476562 0.402734 0.00337601
1 0.685156 0.779883 0.476562 0.402734 0.00324821
1 0.885156 0.407813 0.225 0.484375 0.00288963
0 0.69375 0.7125 0.403125 0.385938 0.00282288
1 0.69375 0.7125 0.403125 0.385938 0.0027256
1 0.424609 0.807031 0.548437 0.379687 0.00265312
1 0.575 0.812695 0.589063 0.371484 0.00253105
0 0.885156 0.407813 0.225 0.484375 0.00251198
1 0.896094 0.327344 0.20625 0.482812 0.00244331
0 0.857031 0.184766 0.275 0.369531 0.00221634
0 0.360938 0.128613 0.363281 0.257227 0.00220871
0 0.424609 0.807031 0.548437 0.379687 0.00213242
0 0.896094 0.327344 0.20625 0.482812 0.00211525
0 0.874219 0.480078 0.235938 0.402344 0.00209045
0 0.575 0.812695 0.589063 0.371484 0.00192642
1 0.874219 0.480078 0.235938 0.402344 0.00190449
1 0.889063 0.230127 0.214062 0.393652 0.00189686
0 0.803125 0.705469 0.382812 0.545313 0.00178909
0 0.889063 0.230127 0.214062 0.393652 0.00176144
1 0.857031 0.184766 0.275 0.369531 0.00174141
1 0.861133 0.694922 0.271484 0.433594 0.00172043
0 0.719141 0.703516 0.405469 0.500781 0.0016613
1 0.824219 0.698047 0.335938 0.553906 0.00157356
1 0.719141 0.703516 0.405469 0.500781 0.0015192
1 0.434766 0.823242 0.375781 0.341016 0.00141621
1 0.360938 0.128613 0.363281 0.257227 0.00137234
1 0.867383 0.525391 0.262109 0.522656 0.00134563
1 0.274219 0.231641 0.467187 0.413281 0.00134563
0 0.861133 0.694922 0.271484 0.433594 0.00130463
0 0.434766 0.823242 0.375781 0.341016 0.00129986
0 0.867383 0.525391 0.262109 0.522656 0.00127888
0 0.310352 0.117773 0.366797 0.235547 0.0012598
0 0.663281 0.267188 0.384375 0.534375 0.00122547
1 0.55 0.824219 0.392188 0.340625 0.0012064
0 0.673437 0.119336 0.39375 0.238672 0.00118828
0 0.339063 0.147168 0.5625 0.294336 0.00118351
0 0.880859 0.292578 0.238281 0.440625 0.00118351
1 0.368359 0.771484 0.532031 0.457031 0.0011425
0 0.879687 0.201221 0.240625 0.349121 0.00108147
0 0.825 0.145898 0.35 0.291797 0.00106525
0 0.648047 0.688281 0.388281 0.471875 0.00105286
0 0.789062 0.187207 0.41875 0.374414 0.00104809
0 0.8625 0.821094 0.254687 0.348437 0.00104046
0 0.55 0.824219 0.392188 0.340625 0.00101185
0 0.428516 0.394922 0.772656 0.59375 0.804199
1 0.428809 0.39834 0.773633 0.606445 0.0273285
0 0.291016 0.176563 0.497656 0.211328 0.00498199
0 0.0441895 0.975781 0.0883789 0.0484375 0.00138283
1 0.291016 0.176563 0.497656 0.211328 0.00112915
0 0.472754 0.399902 0.657617 0.564258 0.487305
0 0.616406 0.40166 0.3875 0.56543 0.384033
0 0.396973 0.444141 0.738867 0.475781 0.237915
1 0.472754 0.399902 0.657617 0.564258 0.108582
1 0.396973 0.444141 0.738867 0.475781 0.0629272
1 0.616406 0.40166 0.3875 0.56543 0.0610962
0 0.384766 0.172852 0.217187 0.21875 0.0115051
0 0.792969 0.971094 0.351562 0.0578125 0.00993347
0 0.265967 0.0580078 0.289941 0.116016 0.00919342
0 0.720312 0.968359 0.375 0.0632813 0.00861359
0 0.297852 0.178906 0.412109 0.214453 0.00812531
0 0.271484 0.249219 0.310937 0.241406 0.005867
0 0.609766 0.231641 0.232812 0.232812 0.0042305
0 0.671094 0.950781 0.370313 0.0984375 0.00402451
0 0.442187 0.301758 0.0609375 0.114453 0.00365067
0 0.0813965 0.925781 0.162793 0.148438 0.00351143
1 0.609766 0.231641 0.232812 0.232812 0.00348282
0 0.0048584 0.932031 0.0097168 0.135937 0.00332451
0 0.6 0.943359 0.370313 0.113281 0.00307465
1 0.297852 0.178906 0.412109 0.214453 0.00304031
0 0.904688 0.2875 0.175 0.196875 0.00282288
0 0.885938 0.930469 0.228125 0.139062 0.00279999
0 0.0964844 0.944141 0.192969 0.111719 0.00273705
1 0.271484 0.249219 0.310937 0.241406 0.00270462
0 0.655859 0.0655273 0.199219 0.131055 0.00266266
0 0 0.935938 0 0.128125 0.00263214
0 0.367188 0.403125 0.328125 0.241406 0.00225258
0 0 0.864062 0 0.185937 0.00213242
0 0.363867 0.188281 0.281641 0.221875 0.00212479
0 0.0192627 0.0155273 0.0385254 0.0310547 0.00200272
0 0.451172 0.0519043 0.216406 0.103809 0.0019722
0 0 0.290039 0 0.186328 0.00196457
0 0.539062 0.0461914 0.0539063 0.0923828 0.00194168
0 0 0.827344 0 0.185937 0.00193405
0 0 0.239648 0 0.186328 0.00192642
0 0 0.177393 0 0.18584 0.00190449
1 0.352344 0.179492 0.264844 0.231641 0.00189686
0 0 0.677344 0 0.185937 0.00188255
1 0.792969 0.971094 0.351562 0.0578125 0.00186062
0 0 0.427246 0 0.186133 0.00185299
0 0.451953 0.299219 0.0679687 0.123828 0.00184631
0 0.331445 0.382422 0.342578 0.228906 0.00183105
0 0 0.764844 0 0.185937 0.00183105
0 0 0.327344 0 0.185937 0.00182438
0 0 0.714844 0 0.185937 0.00178242
0 0 0.502344 0 0.186719 0.00176811
0 0 0.464844 0 0.185937 0.00175476
0 0 0.139551 0 0.186133 0.00174141
0 0 0.0471191 0 0.0942383 0.00174141
0 0.271875 0.213232 0.454688 0.236035 0.00173378
0 0 0.365039 0 0.186328 0.00172043
0 0.0868164 0.184766 0.155664 0.241406 0.00171375
0 0 0.639844 0 0.185937 0.00169373
0 0.377344 0.935156 0.364062 0.129688 0.00167465
0 0.843164 0.959766 0.313672 0.0804688 0.00166798
0 0.215625 0.053418 0.307813 0.106836 0.0016613
0 0 0.539844 0 0.185937 0.00164223
1 0.904688 0.2875 0.175 0.196875 0.00162315
0 0.6 0.775 0.315625 0.220313 0.00161076
0 0.00583496 0.0117554 0.0116699 0.0235107 0.00160408
0 0.303516 0.417285 0.541406 0.53418 0.00158501
0 0 0.917969 0 0.164062 0.00156689
0 0 0.602344 0 0.185937 0.00154877
0 0.0218506 0.961719 0.0437012 0.0765625 0.00148964
0 0 0.102319 0 0.185986 0.0014782
0 0.646094 0.339063 0.339063 0.459375 0.00146675
0 0.759766 0.984766 0.180469 0.0304688 0.0014267
0 0.334766 0.140527 0.365625 0.268945 0.0014267
0 0.861328 0.943359 0.277344 0.113281 0.0014267
0 0.887891 0.04375 0.224219 0.0875 0.00142097
0 0 0.0663086 0 0.132617 0.00142097
1 0.720312 0.968359 0.375 0.0632813 0.00142097
0 0.0280273 0.967969 0.0560547 0.0640625 0.00140476
0 0.294482 0.218555 0.325098 0.20625 0.00139904
0 0.184424 0.930469 0.327246 0.139062 0.00139427
0 0.63125 0.251758 0.317187 0.250391 0.00136185
1 0.265967 0.0580078 0.289941 0.116016 0.00128937
0 0.552441 0.932422 0.36543 0.135156 0.00124931
0 0.0583984 0.969922 0.116797 0.0601562 0.00124454
0 0.0958008 0.174634 0.191602 0.199951 0.00120163
0 0.9625 0.960156 0.075 0.0796875 0.00119686
0 0.964844 0.0475586 0.0703125 0.0951172 0.00116062
0 0.703906 0.984375 0.192188 0.03125 0.00114727
0 0.658203 0.0634766 0.266406 0.126953 0.00113773
1 0.331445 0.382422 0.342578 0.228906 0.00113392
0 0.809375 0.985156 0.179688 0.0296875 0.00108624
0 0.666406 0.946094 0.289062 0.1 0.00108147
0 0.490625 0.070459 0.134375 0.140918 0.00106049
1 0.367188 0.403125 0.328125 0.241406 0.00104427
1 0.334766 0.140527 0.365625 0.268945 0.00104427
0 0 0.952344 0 0.0953125 0.00104046
0 0.88125 0.889844 0.228125 0.217187 0.00103188
1 0.63125 0.251758 0.317187 0.250391 0.00102806
1 0.655859 0.0655273 0.199219 0.131055 0.00101185
0 0.451562 0.285547 0.0585938 0.116406 0.00100803
0 0.427246 0.427344 0.776758 0.50625 0.902832
0 0.263281 0.180664 0.464844 0.201172 0.23938
0 0.364453 0.183398 0.221094 0.191797 0.0564575
0 0.233789 0.228125 0.305078 0.175391 0.0238647
0 0.579297 0.211719 0.18125 0.174219 0.0220337
0 0.246289 0.0573242 0.194141 0.108398 0.0165863
0 0.337158 0.399902 0.333496 0.217383 0.0146179
0 0.218359 0.267627 0.309375 0.226465 0.0134811
0 0.251953 0.222852 0.255469 0.131641 0.0132217
0 0.294141 0.205664 0.530469 0.256641 0.0124283
0 0.884375 0.309766 0.146875 0.115625 0.0102463
0 0.621875 0.375879 0.379687 0.495117 0.0102463
0 0.323047 0.191064 0.285156 0.189746 0.00974274
0 0.301367 0.380859 0.316797 0.200781 0.00912476
0 0.268359 0.288281 0.457031 0.407813 0.00898743
0 0.740625 0.976562 0.15625 0.046875 0.00787354
1 0.426172 0.384375 0.783594 0.578125 0.00714874
0 0.217773 0.053418 0.186328 0.106836 0.00679779
0 0.0666504 0.172168 0.125293 0.156445 0.00674438
0 0.580078 0.75625 0.210938 0.160938 0.00658798
0 0.708594 0.976562 0.167187 0.046875 0.00638962
0 0.89375 0.948438 0.175 0.0921875 0.00605011
0 0.635938 0.975781 0.192188 0.0484375 0.00570679
1 0.579297 0.211719 0.18125 0.174219 0.00547028
0 0.867969 0.547656 0.151562 0.146875 0.00534439
0 0.889844 0.977734 0.195312 0.0445312 0.00511932
0 0.262695 0.210156 0.322266 0.168359 0.0050621
0 0.38584 0.157788 0.192383 0.171143 0.00500107
0 0.676172 0.976562 0.173438 0.046875 0.00496292
0 0.294141 0.208252 0.249219 0.142871 0.00486755
0 0.313867 0.794531 0.186328 0.207813 0.00479126
1 0.263477 0.184033 0.458984 0.194434 0.00432968
0 0.621094 0.300391 0.309375 0.221094 0.00416565
0 0.410937 0.169824 0.170312 0.19043 0.00402451
0 0.336914 0.366016 0.587891 0.536719 0.00391388
0 0.616406 0.064209 0.142969 0.112012 0.00385475
0 0.391016 0.400098 0.24375 0.204492 0.00367928
0 0.288672 0.056543 0.195312 0.103711 0.00365067
0 0.7 0.697656 0.171875 0.128125 0.00351143
0 0.599219 0.774219 0.226562 0.164062 0.00342941
1 0.361328 0.178955 0.230469 0.191309 0.00333786
0 0.89375 0.93125 0.18125 0.1375 0.003088
0 0.782031 0.977734 0.1625 0.0445312 0.00279999
0 0.870313 0.294922 0.13125 0.139062 0.00265312
0 0.692187 0.730469 0.192188 0.154687 0.00265312
0 0.903125 0.324414 0.159375 0.102734 0.00263214
0 0.0612305 0.697656 0.112305 0.214062 0.00248146
0 0.666406 0.786719 0.214062 0.1625 0.00247192
0 0.281836 0.05625 0.507422 0.106836 0.00247192
0 0.0795898 0.889063 0.157813 0.20625 0.00243378
0 0.615625 0.257031 0.28125 0.222656 0.00231361
0 0.555469 0.976953 0.240625 0.0460938 0.00219917
0 0.875781 0.9375 0.170312 0.115625 0.00215721
0 0.935938 0.96875 0.128125 0.0625 0.00208282
0 0.635938 0.957031 0.153125 0.078125 0.00200272
0 0.561328 0.755078 0.217187 0.124219 0.00196457
0 0.890625 0.554688 0.185937 0.164062 0.00195694
0 0.195117 0.296484 0.279297 0.244531 0.00188255
0 0.885938 0.294336 0.14375 0.162891 0.0018034
1 0.884375 0.309766 0.146875 0.115625 0.0017004
0 0.361719 0.379297 0.253125 0.18125 0.0016613
0 0.250977 0.249609 0.239844 0.142188 0.00165462
0 0.896875 0.0439941 0.1625 0.0879883 0.00165462
0 0.859375 0.513281 0.128125 0.1625 0.00163555
0 0.815625 0.978906 0.173438 0.0421875 0.00162888
0 0.466797 0.0479004 0.157031 0.0958008 0.00161648
0 0.283789 0.755078 0.544922 0.489844 0.00160408
0 0.623438 0.792188 0.20625 0.139062 0.00154305
0 0.452246 0.723437 0.154883 0.0953125 0.00153065
0 0.535937 0.740234 0.19375 0.119531 0.00148392
0 0.854688 0.979688 0.196875 0.040625 0.00144958
0 0.519141 0.951563 0.178906 0.0859375 0.00142097
0 0.171289 0.0478027 0.163672 0.0956055 0.00142097
0 0.275195 0.102441 0.464453 0.184961 0.00139904
0 0.635156 0.766016 0.223438 0.150781 0.00139904
0 0.422559 0.425781 0.243945 0.229687 0.00138855
0 0.941016 0.0441406 0.117969 0.0882813 0.00138283
0 0.716406 0.671875 0.15625 0.109375 0.00137806
0 0.718359 0.0515137 0.453906 0.10166 0.00136662
0 0.561719 0.239453 0.164062 0.211719 0.00133038
0 0.639063 0.0536133 0.164062 0.107227 0.00130463
0 0.332031 0.814258 0.185937 0.218359 0.0012846
0 0.0682617 0.0459961 0.136523 0.0919922 0.00125504
0 0.646875 0.0634277 0.195312 0.11709 0.00124931
1 0.864062 0.537109 0.14375 0.160156 0.00124931
0 0.320312 0.978906 0.2625 0.0421875 0.00122547
0 0.361719 0.696875 0.640625 0.6 0.0012207
0 0.475391 0.729297 0.184375 0.100781 0.00120163
1 0.233789 0.228125 0.305078 0.175391 0.00118351
0 0.132617 0.978906 0.185937 0.0421875 0.00117874
0 0.602344 0.223486 0.240625 0.170215 0.0011692
1 0.38584 0.157788 0.192383 0.171143 0.00116062
1 0.337158 0.399902 0.333496 0.217383 0.00112438
0 0.689062 0.7625 0.201562 0.142188 0.00111198
0 0.369922 0.935938 0.190625 0.11875 0.00109863
0 0.704297 0.482422 0.283594 0.483594 0.00109005
1 0.278516 0.0575684 0.513281 0.11377 0.00108147
0 0.98125 0.770703 0.0375 0.144531 0.00100422
0 0.452246 0.4125 0.754883 0.571875 0.910645
1 0.434375 0.39375 0.789062 0.604688 0.153076
0 0.407813 0.495996 0.742188 0.775195 0.0603027
0 0.542578 0.821484 0.833594 0.357031 0.00959778
0 0.588281 0.404297 0.459375 0.560156 0.00912476
1 0.542578 0.821484 0.833594 0.357031 0.00518036
0 0.37207 0.172656 0.191016 0.200781 0.0041008
0 0.28125 0.242773 0.482812 0.330078 0.00378036
0 0.617969 0.782812 0.7 0.426562 0.00335121
0 0.725391 0.744922 0.549219 0.489844 0.0030632
0 0.279297 0.195508 0.470313 0.232422 0.00302696
1 0.617969 0.782812 0.7 0.426562 0.00226021
0 0.333594 0.37207 0.216406 0.191797 0.00221634
0 0.64541 0.66377 0.612305 0.672461 0.00205803
0 0.876172 0.621094 0.247656 0.667188 0.00194168
1 0.28125 0.242773 0.482812 0.330078 0.0018034
0 0.833398 0.595703 0.333203 0.752344 0.00171375
1 0.725391 0.744922 0.549219 0.489844 0.00162888
0 0.238477 0.23667 0.211328 0.202441 0.0015192
1 0.279297 0.195508 0.470313 0.232422 0.00148964
1 0.536719 0.403906 0.565625 0.559375 0.00146675
0 0.75625 0.398828 0.445312 0.614844 0.00142097
0 0.749609 0.487109 0.496094 0.653906 0.00136662
0 0.89375 0.506934 0.2125 0.698633 0.00133514
0 0.329883 0.175342 0.223828 0.189941 0.00133038
0 0.766016 0.679688 0.466406 0.640625 0.00123501
1 0.64541 0.66377 0.612305 0.672461 0.00117397
0 0.976172 0.621094 0.0476562 0.610937 0.00113773
1 0.876172 0.621094 0.247656 0.667188 0.00109863
0 0.344922 0.204639 0.557031 0.300098 0.00109005
0 0.260156 0.209766 0.225781 0.183594 0.00106049
1 0.833398 0.595703 0.333203 0.752344 0.00103664
0 0.448438 0.400391 0.8125 0.570312 0.700684
1 0.444629 0.387109 0.799805 0.596094 0.2854
0 0.553906 0.401563 0.560938 0.563281 0.0123825
0 0.193164 0.723047 0.382422 0.550781 0.011467
1 0.538379 0.798828 0.754492 0.402344 0.00919342
1 0.193164 0.723047 0.382422 0.550781 0.00709534
0 0.538379 0.798828 0.754492 0.402344 0.00677109
1 0.705469 0.75 0.584375 0.490625 0.00477219
0 0.705469 0.75 0.584375 0.490625 0.00445175
0 0.258203 0.772266 0.504687 0.455469 0.00405502
0 0.347656 0.789062 0.610156 0.421875 0.00348282
1 0.284961 0.755469 0.551953 0.484375 0.00309944
0 0.791797 0.734375 0.416406 0.510938 0.00291252
0 0.290625 0.26792 0.451562 0.261816 0.00275803
1 0.791797 0.734375 0.416406 0.510938 0.00251198
1 0.372656 0.799609 0.672656 0.400781 0.00234985
0 0.433691 0.824219 0.795117 0.351562 0.0019722
0 0.871484 0.342969 0.257031 0.65 0.00165462
0 0.927344 0.600879 0.145313 0.616992 0.00162888
0 0.728516 0.329297 0.542969 0.625781 0.00147247
1 0.553906 0.401563 0.560938 0.563281 0.00146675
0 0.823828 0.591797 0.352344 0.625781 0.00143242
1 0.720312 0.292188 0.532812 0.573438 0.00134087
1 0.84375 0.301172 0.3125 0.596094 0.00133514
0 0.6375 0.408203 0.373437 0.569531 0.00130463
0 0.940234 0.334766 0.119531 0.619531 0.00129414
0 0.163086 0.775 0.325391 0.45 0.00118351
0 0.660156 0.516406 0.335938 0.576563 0.00113773
0 0.311328 0.1 0.557031 0.2 0.0011158
1 0.940234 0.334766 0.119531 0.619531 0.00109863
1 0.927344 0.600879 0.145313 0.616992 0.00108147
0 0.665527 0.805469 0.668945 0.389062 0.00107765
0 0.441406 0.417188 0.801562 0.528125 0.773438
1 0.433984 0.389062 0.788281 0.575781 0.100891
0 0.28125 0.189453 0.460156 0.208984 0.0293121
1 0.28125 0.189453 0.460156 0.208984 0.0109024
0 0.00465088 0.926562 0.00930176 0.146875 0.00857544
0 0.00461426 0.944141 0.00922852 0.111719 0.00593567
0 0.305859 0.337109 0.516406 0.513281 0.00538635
0 0.725781 0.983594 0.204688 0.0328125 0.00402451
0 0.955859 0.938672 0.0882813 0.122656 0.00346947
0 0.827344 0.983594 0.210938 0.0328125 0.0026722
0 0.00466309 0.0538086 0.00932617 0.107617 0.00266266
0 0.673828 0.984375 0.200781 0.03125 0.00237846
0 0.671094 0.974219 0.215625 0.0515625 0.00234222
0 0.771875 0.985937 0.184375 0.028125 0.00225258
0 0.907422 0.976562 0.185156 0.046875 0.00225258
1 0.305859 0.337109 0.516406 0.513281 0.00219154
0 0.344141 0.830078 0.641406 0.339844 0.00213242
0 0.946484 0.975781 0.107031 0.0484375 0.00191879
0 0.719531 0.985937 0.189063 0.028125 0.00189686
0 0.00455322 0.893359 0.00910645 0.213281 0.00186729
0 0.769531 0.974219 0.196875 0.0515625 0.00183105
0 0.675 0.308398 0.276563 0.380859 0.00181007
0 0.7125 0.974219 0.203125 0.0515625 0.00174809
0 0.690625 0.983984 0.210938 0.0320312 0.0017004
0 0.630078 0.226562 0.303906 0.205859 0.00163555
0 0.130664 0.846875 0.254297 0.304688 0.00154877
1 0.945312 0.568359 0.109375 0.422656 0.00153637
1 0.321484 0.794727 0.6 0.410547 0.0015192
0 0.0415527 0.992188 0.0831055 0.015625 0.00150108
1 0.00461426 0.944141 0.00922852 0.111719 0.00150108
0 0 0.960156 0 0.0796875 0.00148964
0 0.280078 0.0672852 0.488281 0.13457 0.0014782
0 0.00466309 0.330859 0.00932617 0.238281 0.00146675
0 0.151953 0.817969 0.303906 0.357812 0.00146675
0 0.820312 0.985937 0.192188 0.028125 0.00142097
1 0.00465088 0.926562 0.00930176 0.146875 0.00139904
0 0.667188 0.485547 0.292188 0.430469 0.00139427
0 0.00461426 0.167871 0.00922852 0.237695 0.00136662
0 0.00463867 0.280859 0.00927734 0.239063 0.00135612
0 0.00463867 0.480371 0.00927734 0.236133 0.00135612
0 0.577344 0.975781 0.229687 0.0484375 0.00134087
0 0.477246 0.350781 0.686133 0.453906 0.00132465
0 0.9375 0.0683105 0.125 0.136621 0.00130463
1 0.945312 0.463184 0.109375 0.411133 0.00129986
0 0.576563 0.984375 0.209375 0.03125 0.00129986
1 0.675 0.308398 0.276563 0.380859 0.00126457
1 0.94375 0.361328 0.1125 0.460156 0.00125504
0 0.899219 0.985937 0.201562 0.028125 0.00124931
0 0.00461426 0.230273 0.00922852 0.237109 0.00124454
0 0.636719 0.513672 0.354688 0.341406 0.00123501
0 0.816406 0.975781 0.203125 0.0484375 0.0012207
0 0.625781 0.984375 0.214062 0.03125 0.00119686
0 0.00466309 0.668359 0.00932617 0.239844 0.00119686
0 0.327734 0.985937 0.208594 0.028125 0.00119209
0 0.945312 0.568359 0.109375 0.422656 0.00117874
0 0.00461426 0.85332 0.00922852 0.233984 0.0011692
0 0.214062 0.807031 0.428125 0.384375 0.00116062
0 0.0283691 0.983594 0.0567383 0.0328125 0.0011425
0 0.445996 0.305078 0.167383 0.0632813 0.00109863
0 0.00463867 0.430371 0.00927734 0.237695 0.00107288
0 0.00463867 0.75625 0.00927734 0.242188 0.00105667
0 0.377246 0.985937 0.20957 0.028125 0.00104046
1 0.373047 0.842969 0.673437 0.314063 0.00102806
0 0.278125 0.986719 0.209375 0.0265625 0.00102043
0 0.449609 0.413281 0.819531 0.550781 0.865234
1 0.449609 0.404687 0.814844 0.571875 0.0222473
0 0.520312 0.900781 0.959375 0.198437 0.00206757
1 0.520312 0.900781 0.959375 0.198437 0.00175476
0 0.521875 0.480469 0.59375 0.408594 0.0015974
0 0.5375 0.968359 0.857813 0.0632813 0.00138283
0 0.4125 0.84707 0.825 0.305859 0.00136185
0 0.534766 0.931641 0.930469 0.136719 0.00130463
0 0.303906 0.0649414 0.555469 0.129883 0.0012064
0 0.487402 0.371094 0.664258 0.482031 0.0011158
1 0.534766 0.931641 0.930469 0.136719 0.00109863
0 0.896875 0.976172 0.20625 0.0476562 0.00100803
0 0.445703 0.398047 0.792969 0.576563 0.815918
1 0.448438 0.390625 0.8 0.58125 0.137329
0 0.609375 0.401172 0.41875 0.559375 0.00787354
0 0.432422 0.402734 0.796094 0.558594 0.734863
1 0.425684 0.393848 0.789258 0.57793 0.170776
0 0.28125 0.186377 0.478906 0.208496 0.00888062
1 0.28125 0.186377 0.478906 0.208496 0.00677109
0 0.633203 0.23125 0.336719 0.215234 0.00359344
0 0.661719 0.484375 0.317187 0.398438 0.00301552
0 0.218945 0.817187 0.433203 0.360938 0.0027256
1 0.633203 0.23125 0.336719 0.215234 0.00213242
0 0.653125 0.315039 0.334375 0.377734 0.00210762
0 0.628125 0.438965 0.384375 0.483008 0.0017004
0 0.148633 0.798437 0.293359 0.389062 0.00156116
1 0.209375 0.792383 0.417188 0.405859 0.00138855
0 0.332812 0.825781 0.60625 0.34375 0.00137234
1 0.661719 0.484375 0.317187 0.398438 0.00135136
0 0.419629 0.197656 0.779492 0.236719 0.00130463
1 0.419629 0.197656 0.779492 0.236719 0.0012064
1 0.653125 0.315039 0.334375 0.377734 0.00120163
0 0.636719 0.527344 0.35 0.313281 0.0011158
0 0.717188 0.31875 0.446875 0.463281 0.00103188
0 0.677344 0.363086 0.284375 0.506641 0.00100803
0 0.448047 0.400391 0.811719 0.570312 0.70166
1 0.444629 0.387598 0.799805 0.59668 0.280518
0 0.553809 0.40166 0.561133 0.563867 0.0124283
0 0.193359 0.723047 0.382812 0.550781 0.011467
1 0.538184 0.798828 0.75332 0.402344 0.00919342
1 0.193359 0.723047 0.382812 0.550781 0.00703812
0 0.538184 0.798828 0.75332 0.402344 0.0068512
1 0.704687 0.75 0.584375 0.490625 0.00475693
0 0.704687 0.75 0.584375 0.490625 0.00448608
0 0.285742 0.755469 0.553516 0.484375 0.00400543
0 0.373437 0.799609 0.672656 0.400781 0.00329781
1 0.285742 0.755469 0.553516 0.484375 0.00305176
0 0.791797 0.734375 0.416406 0.510938 0.0029583
0 0.29082 0.267969 0.451172 0.2625 0.00271416
1 0.791797 0.734375 0.416406 0.510938 0.00253105
1 0.413672 0.804492 0.753906 0.391016 0.00234222
0 0.871484 0.342969 0.257031 0.65 0.00166798
0 0.927344 0.601562 0.145313 0.617188 0.0016489
0 0.728516 0.329492 0.542969 0.626172 0.00146675
0 0.824023 0.591797 0.351953 0.625781 0.00144386
1 0.553809 0.40166 0.561133 0.563867 0.00143814
1 0.843164 0.301758 0.313672 0.597266 0.00133514
1 0.720312 0.292578 0.534375 0.573438 0.00132465
0 0.6375 0.408203 0.373437 0.569531 0.00131989
0 0.939844 0.335547 0.120312 0.620313 0.00130463
0 0.163086 0.775 0.325391 0.45 0.0011425
0 0.660547 0.516406 0.335156 0.576563 0.00113392
0 0.311523 0.100195 0.556641 0.200391 0.00112057
1 0.939844 0.335547 0.120312 0.620313 0.0011034
1 0.927344 0.601562 0.145313 0.617188 0.00109005
0 0.665723 0.805469 0.668555 0.389062 0.00105286
