1 0.497266 0.494141 0.438281 0.805469 0.759766
0 0.498047 0.466406 0.435937 0.701563 0.47168
1 0.501562 0.391406 0.425 0.54375 0.0103302
1 0.485156 0.547266 0.394531 0.577344 0.00538635
1 0.489941 0.609375 0.338867 0.46875 0.00185299
0 0.496484 0.351562 0.447656 0.522656 0.0012846
0 0.618652 0.457031 0.57207 0.729688 0.0011692
0 0.775781 0.447656 0.295312 0.673437 0.00115108
1 0.462891 0.722656 0.321094 0.517187 0.00102806
1 0.543848 0.451953 0.556055 0.692969 0.00100422
1 0.501562 0.491797 0.440625 0.727344 0.813477
0 0.503906 0.514453 0.447656 0.758594 0.38208
0 0.503027 0.388672 0.429883 0.485156 0.00800323
1 0.503027 0.388672 0.429883 0.485156 0.00508118
1 0.500391 0.491504 0.449219 0.71543 0.771973
1 0.467969 0.7125 0.145313 0.284375 0.0140076
1 0.4875 0.719531 0.175 0.246875 0.0115051
1 0.5 0.39375 0.445312 0.49375 0.00582123
0 0.483203 0.717969 0.160938 0.270312 0.0049057
1 0.569531 0.642187 0.096875 0.289062 0.00439835
1 0.448438 0.710156 0.14375 0.257812 0.00332451
0 0.569531 0.642187 0.096875 0.289062 0.00259018
0 0 0.936719 0 0.126563 0.00237846
0 0.479688 0.894922 0.225 0.210156 0.00210762
1 0.545313 0.625391 0.152344 0.253906 0.00183105
1 0.479688 0.894922 0.225 0.210156 0.00181007
0 0.0182861 0.0135742 0.0365723 0.0271484 0.00168133
0 0.5 0.483594 0.447656 0.676562 0.00166798
0 0 0.0467773 0 0.0935547 0.00163555
1 0.448828 0.8375 0.164844 0.2 0.00156116
0 0.00561523 0.00755615 0.0112305 0.0151123 0.00152493
0 0.00483398 0.932031 0.00966797 0.135937 0.00144386
0 0 0.690234 0 0.185156 0.00138855
1 0.498437 0.746484 0.196094 0.167969 0.00135612
0 0 0.727734 0 0.185156 0.00134563
0 0 0.765234 0 0.185156 0.00133514
0 0 0.80293 0 0.184766 0.00131512
0 0 0.290234 0 0.185156 0.00130463
0 0 0.917578 0 0.164844 0.00130463
0 0 0.84043 0 0.184766 0.00129414
0 0 0.878125 0 0.184375 0.0012846
0 0 0.327734 0 0.185156 0.00127411
0 0 0.652734 0 0.185156 0.00127411
0 0 0.252734 0 0.184766 0.00125504
0 0.448828 0.8375 0.164844 0.2 0.00122547
1 0.583594 0.652734 0.0984375 0.338281 0.0012207
0 0.450391 0.878125 0.164844 0.2 0.0012207
1 0.450391 0.878125 0.164844 0.2 0.0012064
0 0.49375 0.728516 0.1875 0.208594 0.00119686
0 0 0.215186 0 0.184473 0.00118828
0 0 0.365234 0 0.185156 0.00115108
0 0 0.614844 0 0.184375 0.00115108
0 0 0.177686 0 0.184473 0.00112915
0 0 0.402246 0 0.18457 0.00109005
0 0.716406 0.813281 0.182812 0.229687 0.00109005
0 0 0.439746 0 0.18457 0.00106525
0 0 0.477344 0 0.184375 0.00106525
0 0 0.514844 0 0.184375 0.00106525
0 0 0.552344 0 0.184375 0.00106525
0 0 0.140137 0 0.18457 0.00105667
0 0 0.102637 0 0.18457 0.00102425
0 0 0.952344 0 0.0953125 0.00100803
0 0.545313 0.625391 0.152344 0.253906 0.00100422
1 0.503125 0.519141 0.450781 0.796094 0.884277
0 0.502344 0.543359 0.446875 0.791406 0.260498
0 0.670313 0.846094 0.179688 0.114063 0.00213242
1 0.546094 0.624219 0.142188 0.204688 0.00208282
0 0.546094 0.624219 0.142188 0.204688 0.00200272
1 0.564844 0.643359 0.107813 0.225781 0.00162315
0 0.447656 0.252734 0.234375 0.207813 0.00138283
0 0.433496 0.884375 0.148633 0.101562 0.00135612
0 0.564844 0.643359 0.107813 0.225781 0.00133514
0 0.516797 0.604688 0.141406 0.165625 0.00123501
1 0.516797 0.604688 0.141406 0.165625 0.00104809
0 0.708984 0.825 0.171094 0.146875 0.00100803
1 0.506934 0.502246 0.45957 0.725195 0.939453
1 0.552734 0.854688 0.682031 0.26875 0.00212479
0 0.502344 0.501953 0.45 0.721094 0.00206757
1 0.516016 0.883594 0.805469 0.232812 0.00198746
1 0.537891 0.964844 0.717969 0.0703125 0.0011034
1 0.506934 0.484375 0.461133 0.71875 0.902832
0 0.509375 0.475781 0.467969 0.68125 0.0265503
1 0.479297 0.753125 0.238281 0.217187 0.00441742
1 0.525879 0.848633 0.723242 0.287109 0.00332451
1 0.478125 0.734766 0.170312 0.236719 0.00192642
1 0.458594 0.725781 0.285156 0.254687 0.00179577
1 0.499902 0.903125 0.75957 0.192188 0.00158501
1 0.495215 0.793945 0.26582 0.233984 0.00140476
1 0.437598 0.747266 0.22793 0.230469 0.00136185
0 0.641797 0.397656 0.507031 0.573438 0.00135136
0 0.663281 0.508594 0.439063 0.651563 0.0012207
1 0.641797 0.397656 0.507031 0.573438 0.00112915
0 0.703906 0.565234 0.35625 0.610156 0.00107288
1 0.575 0.792969 0.551562 0.404687 0.00103188
1 0.500879 0.50459 0.44668 0.718945 0.881836
0 0.499609 0.503125 0.446094 0.698438 0.0783691
0 0.00461426 0.946875 0.00922852 0.10625 0.00335121
0 0.00466309 0.919531 0.00932617 0.160938 0.00284576
1 0.560938 0.872656 0.835938 0.185937 0.00184631
1 0.551562 0.942187 0.871875 0.115625 0.0016613
1 0.517187 0.981641 0.721875 0.0367187 0.00144958
0 0.00463867 0.0438477 0.00927734 0.0876953 0.00143814
1 0.566406 0.850781 0.626562 0.178125 0.00105667
1 0.00461426 0.946875 0.00922852 0.10625 0.00103188
1 0.502734 0.496191 0.449219 0.720117 0.85791
0 0.502734 0.494141 0.45 0.703906 0.0162811
1 0.511816 0.65625 0.456055 0.390625 0.00363541
1 0.548437 0.9 0.839063 0.134375 0.00341606
1 0.548437 0.94375 0.903125 0.109375 0.00301552
1 0.544922 0.96875 0.877344 0.0625 0.00189686
1 0.570215 0.863281 0.68457 0.151562 0.00112438
1 0.500781 0.51875 0.446875 0.778125 0.892578
0 0.503125 0.542578 0.451562 0.816406 0.0232849
1 0.503125 0.503906 0.451562 0.721875 0.897949
0 0.502344 0.514063 0.453125 0.760938 0.00475693
1 0.540723 0.892187 0.749805 0.16875 0.00116062
1 0.506934 0.484375 0.461133 0.71875 0.902832
0 0.508984 0.475781 0.467969 0.68125 0.0271759
1 0.479004 0.752734 0.238867 0.217969 0.00413513
1 0.525684 0.847656 0.72207 0.289062 0.00332451
1 0.477734 0.734375 0.169531 0.2375 0.00178242
1 0.458594 0.725781 0.285156 0.254687 0.00168705
1 0.499902 0.901563 0.75957 0.19375 0.00156116
0 0.642187 0.398047 0.50625 0.574219 0.00134563
1 0.494434 0.79375 0.264258 0.235938 0.00130463
1 0.436719 0.746875 0.227344 0.23125 0.0012846
0 0.664453 0.508496 0.435156 0.651758 0.00123501
1 0.642187 0.398047 0.50625 0.574219 0.00112438
0 0.704687 0.565234 0.354688 0.610156 0.00107765
1 0.574219 0.792969 0.551562 0.40625 0.00103188
