0 0.569531 0.485938 0.507812 0.903125 0.57666
1 0.549609 0.510547 0.482031 0.841406 0.50293
0 0.522266 0.499609 0.417969 0.772656 0.0715942
1 0.51875 0.461328 0.403125 0.674219 0.026062
1 0.541406 0.357031 0.428125 0.653906 0.00356483
0 0.541406 0.357031 0.428125 0.653906 0.00317192
0 0.846484 0.108398 0.307031 0.216797 0.0026722
0 0.884375 0.583984 0.203125 0.477344 0.00223351
1 0.889063 0.562891 0.2125 0.577344 0.00205803
0 0.613281 0.50166 0.404687 0.607617 0.00203514
0 0.189648 0.522754 0.257031 0.760742 0.0017271
1 0.846484 0.108398 0.307031 0.216797 0.0016489
0 0.861523 0.144043 0.276953 0.288086 0.0015974
1 0.628906 0.469141 0.417188 0.663281 0.00150108
1 0.189648 0.522754 0.257031 0.760742 0.0014782
0 0.186914 0.464941 0.326953 0.61543 0.00141048
1 0.186914 0.464941 0.326953 0.61543 0.00136662
1 0.861523 0.144043 0.276953 0.288086 0.00135136
0 0.896875 0.366016 0.20625 0.500781 0.00131512
0 0.886328 0.167187 0.227344 0.334375 0.00129414
0 0.387891 0.103027 0.458594 0.206055 0.00126457
0 0.8875 0.540625 0.221875 0.6875 0.00125504
0 0.884375 0.695703 0.215625 0.507031 0.00115108
1 0.89375 0.344531 0.2125 0.582031 0.00115108
0 0.86543 0.796094 0.262891 0.389062 0.00112438
1 0.888281 0.685547 0.214062 0.522656 0.00112057
1 0.886328 0.167187 0.227344 0.334375 0.0011158
1 0.387891 0.103027 0.458594 0.206055 0.00107288
1 0.863281 0.511328 0.240625 0.647656 0.00105286
1 0.509766 0.779883 0.589844 0.412109 0.00102425
1 0.202002 0.373047 0.331152 0.475781 0.00100422
0 0.572656 0.578223 0.517187 0.71543 0.705566
1 0.572656 0.578223 0.517187 0.71543 0.140869
1 0.564453 0.569922 0.500781 0.696094 0.378418
0 0.557422 0.586816 0.485156 0.698242 0.287842
0 0.0954834 0.082959 0.190283 0.165918 0.0151901
0 0.854883 0.131641 0.290234 0.263281 0.00653839
0 0.823438 0.10166 0.204688 0.20332 0.0064888
0 0.408594 0.065332 0.277344 0.130664 0.00503922
1 0.0954834 0.082959 0.190283 0.165918 0.00429916
0 0.16582 0.078418 0.276953 0.156836 0.00421524
0 0.971875 0.351953 0.05625 0.11875 0.00391388
0 0.246143 0.0688477 0.277246 0.137695 0.00324821
0 0 0.935938 0 0.128125 0.00317192
0 0.648438 0.9625 0.38125 0.075 0.00299263
1 0.823438 0.10166 0.204688 0.20332 0.0029583
0 0.0208252 0.0151611 0.0416504 0.0303223 0.0029583
0 0.00598145 0.0112427 0.0119629 0.0224854 0.0027256
0 0.700391 0.950781 0.385156 0.0984375 0.0026722
0 0 0.046582 0 0.0931641 0.00261116
0 0 0.277148 0 0.185547 0.00252151
0 0 0.114478 0 0.185498 0.00248146
0 0 0.239648 0 0.185547 0.00237846
0 0 0.314453 0 0.185937 0.00235939
0 0.00480957 0.932031 0.00961914 0.135937 0.00234985
1 0.854883 0.131641 0.290234 0.263281 0.00234222
0 0 0.189453 0 0.185547 0.00228691
0 0 0.402441 0 0.185742 0.00226974
0 0 0.352148 0 0.185547 0.00223351
0 0 0.689844 0 0.185937 0.00218201
0 0 0.439941 0 0.185742 0.00212479
0 0.537109 0.35625 0.308594 0.245312 0.00211525
0 0 0.0848633 0 0.169727 0.00211525
0 0 0.726953 0 0.185156 0.00208282
0 0 0.15166 0 0.185742 0.00206757
0 0 0.652344 0 0.185937 0.00206757
0 0 0.477344 0 0.185937 0.00206757
0 0 0.0660156 0 0.132031 0.00201035
0 0 0.764844 0 0.184375 0.00194168
0 0 0.514844 0 0.185937 0.00189686
0 0 0.614453 0 0.185156 0.00188923
0 0 0.889844 0 0.185937 0.00183868
0 0 0.802344 0 0.185937 0.00183868
0 0 0.917188 0 0.165625 0.00181007
0 0 0.839844 0 0.185937 0.00179577
0 0 0.552344 0 0.185937 0.00179577
1 0.388281 0.438379 0.136719 0.30293 0.0017271
0 0.947656 0.196289 0.104687 0.261328 0.00166798
0 0.101074 0.277148 0.191602 0.256641 0.00156116
0 0.848437 0.282422 0.0625 0.113281 0.00152493
1 0.636328 0.620215 0.375781 0.614258 0.0015192
0 0.515625 0.482812 0.4 0.490625 0.00148964
0 0.751562 0.933984 0.385938 0.132031 0.00146675
1 0.537109 0.35625 0.308594 0.245312 0.00143814
0 0.45 0.0658691 0.257031 0.125684 0.00141621
1 0.386719 0.549219 0.1375 0.328125 0.00138855
0 0.396484 0.571875 0.1625 0.323438 0.00136185
0 0.636328 0.620215 0.375781 0.614258 0.00130463
0 0.551562 0.94375 0.376563 0.1125 0.00128937
0 0.00478516 0.021875 0.00957031 0.04375 0.0012064
0 0 0.952344 0 0.0953125 0.00115108
0 0.973437 0.381934 0.053125 0.143945 0.00113773
0 0.89375 0.673437 0.203125 0.653125 0.00112057
1 0.903906 0.6125 0.154687 0.295312 0.0011158
0 0.921875 0.872656 0.15625 0.254687 0.00111198
1 0.408594 0.065332 0.277344 0.130664 0.00109005
0 0.971875 0.513281 0.05625 0.107813 0.00109005
0 0.972266 0.976562 0.0554687 0.046875 0.00108624
0 0.855859 0.201904 0.288281 0.39541 0.00108624
1 0.365625 0.522656 0.10625 0.329688 0.00107765
0 0.889844 0.172559 0.214062 0.332227 0.00105667
0 0.903906 0.6125 0.154687 0.295312 0.00103664
0 0.121289 0.0852539 0.242578 0.170508 0.00100803
0 0.568066 0.573438 0.516992 0.701563 0.906738
0 0.0944336 0.0792969 0.188867 0.157031 0.0285492
0 0.795313 0.0857422 0.165625 0.169727 0.0211182
0 0.0802979 0.275 0.156982 0.213281 0.0145035
0 0.490527 0.351562 0.32832 0.215625 0.0133286
0 0.0742188 0.0792969 0.143164 0.144922 0.0128708
0 0.81875 0.0983398 0.189063 0.170898 0.0110703
0 0.244971 0.068457 0.200684 0.128711 0.0104065
0 0.897656 0.617969 0.151562 0.228125 0.00926971
0 0.152148 0.0794922 0.300781 0.157031 0.00844574
0 0.404297 0.0654297 0.207031 0.120703 0.00723267
0 0.43291 0.0695801 0.19668 0.102832 0.00656509
0 0.157813 0.0774414 0.214844 0.150586 0.00636292
0 0.506934 0.373828 0.268945 0.241406 0.00600433
1 0.562109 0.578027 0.503906 0.70332 0.00575256
0 0.852734 0.0849365 0.294531 0.16333 0.00524139
0 0.203564 0.074707 0.216309 0.143945 0.00516129
0 0.491309 0.333008 0.27207 0.186328 0.00503922
0 0.230078 0.0798584 0.447656 0.151221 0.00468063
0 0.907812 0.712891 0.159375 0.228906 0.00450516
0 0.907812 0.657812 0.1625 0.248437 0.00429916
0 0.759375 0.0787109 0.121875 0.157422 0.00413513
0 0.89375 0.741016 0.146875 0.221094 0.00397491
0 0.946875 0.20957 0.103125 0.183203 0.00387001
0 0.892187 0.097876 0.190625 0.190186 0.0037365
0 0.495215 0.52334 0.370508 0.57832 0.00351143
0 0.330273 0.0788086 0.636328 0.144531 0.00348282
0 0.0647461 0.310937 0.120898 0.247656 0.00345612
0 0.855469 0.110937 0.203125 0.193359 0.00341606
1 0.897656 0.617969 0.151562 0.228125 0.00328636
0 0.941406 0.0529297 0.117188 0.105859 0.00274658
0 0.625781 0.321484 0.15625 0.164062 0.00264168
0 0.9125 0.185547 0.15 0.204297 0.00259018
0 0.292383 0.0626465 0.198047 0.116895 0.00253105
0 0.0570801 0.08125 0.10752 0.160938 0.00250244
0 0.713672 0.69375 0.249219 0.492188 0.00247192
0 0.910156 0.907812 0.15 0.184375 0.00232315
1 0.0894531 0.293359 0.178906 0.223438 0.00231361
0 0.925 0.202295 0.121875 0.194629 0.00226974
1 0.0944336 0.0792969 0.188867 0.157031 0.00214005
0 0.773438 0.686719 0.323438 0.51875 0.00211525
1 0.795313 0.0857422 0.165625 0.169727 0.0020752
0 0.326367 0.157031 0.191016 0.102344 0.00198746
1 0.490527 0.351562 0.32832 0.215625 0.00195694
0 0.915625 0.119336 0.165625 0.215625 0.00188255
0 0.390625 0.064209 0.715625 0.121582 0.00174141
0 0.111133 0.290234 0.197656 0.210156 0.00171375
0 0.880469 0.670703 0.239063 0.538281 0.00170708
0 0.776367 0.0773437 0.112891 0.138477 0.00161076
1 0.852734 0.0849365 0.294531 0.16333 0.0015974
0 0.901563 0.6625 0.196875 0.404687 0.00151253
0 0.36582 0.0617188 0.191797 0.123438 0.00148392
1 0.152148 0.0794922 0.300781 0.157031 0.0014782
0 0.876562 0.130371 0.192188 0.20293 0.00144958
0 0.059082 0.273438 0.104492 0.214062 0.00138855
0 0.646875 0.319922 0.135937 0.144531 0.00131989
0 0.964453 0.0445312 0.0710938 0.0890625 0.00131512
1 0.89375 0.741016 0.146875 0.221094 0.00130463
1 0.907812 0.712891 0.159375 0.228906 0.00127411
1 0.907812 0.657812 0.1625 0.248437 0.00127411
0 0.889844 0.0796631 0.220313 0.158643 0.00126457
1 0.352734 0.0712402 0.705469 0.134082 0.00125504
0 0.841016 0.707812 0.317969 0.515625 0.00124454
0 0.884375 0.593359 0.13125 0.227344 0.00122547
1 0.230078 0.0798584 0.447656 0.151221 0.0012064
0 0.316406 0.267969 0.189844 0.13125 0.00119209
0 0.492285 0.39834 0.33418 0.245508 0.0011692
0 0.310156 0.172852 0.202344 0.0867188 0.00116539
1 0.713672 0.69375 0.249219 0.492188 0.00116062
0 0.698438 0.946875 0.19375 0.096875 0.00115585
1 0.491309 0.333008 0.27207 0.186328 0.00115108
0 0.928125 0.141211 0.14375 0.259766 0.00113773
1 0.81875 0.0983398 0.189063 0.170898 0.00113392
0 0.6375 0.975 0.270312 0.05 0.00112057
0 0.890625 0.786719 0.140625 0.220313 0.00106525
0 0.910156 0.0777344 0.160938 0.155469 0.00104427
0 0.561719 0.558203 0.535937 0.746094 0.698242
1 0.561719 0.558203 0.535937 0.746094 0.279785
0 0.891406 0.476172 0.217187 0.863281 0.00338936
0 0.777344 0.704687 0.404687 0.557813 0.00317192
1 0.891406 0.476172 0.217187 0.863281 0.00305176
0 0.98125 0.483203 0.0375 0.752344 0.00302696
0 0.506641 0.321875 0.227344 0.189844 0.00293541
0 0.841406 0.467187 0.317187 0.903125 0.0026207
1 0.841406 0.467187 0.317187 0.903125 0.00261116
1 0.98125 0.483203 0.0375 0.752344 0.00217438
1 0.323438 0.497656 0.646875 0.801562 0.00216484
0 0.717969 0.710547 0.273438 0.514844 0.00193405
0 0.323438 0.497656 0.646875 0.801562 0.0018034
0 0.851562 0.177246 0.296875 0.354492 0.00178909
0 0.890625 0.717188 0.21875 0.5375 0.00126934
1 0.777344 0.704687 0.404687 0.557813 0.00126457
1 0.525684 0.185059 0.75957 0.370117 0.0011158
0 0.9625 0.733984 0.075 0.511719 0.00109863
1 0.851562 0.177246 0.296875 0.354492 0.00104427
0 0.734375 0.749609 0.5125 0.475781 0.00101662
1 0.572656 0.569531 0.520312 0.701563 0.57666
0 0.584766 0.570312 0.549219 0.703125 0.473633
0 0.845117 0.180273 0.309766 0.360547 0.00612259
0 0.184961 0.441016 0.369922 0.639844 0.00424957
0 0.85 0.119922 0.3 0.239844 0.00395966
0 0.726172 0.746094 0.285156 0.507812 0.00365067
0 0.771875 0.719531 0.396875 0.557813 0.00352478
0 0.225391 0.755469 0.441406 0.482812 0.00351143
0 0.864062 0.700781 0.271875 0.598437 0.00346947
0 0.909375 0.707812 0.18125 0.584375 0.00342941
1 0.248047 0.753906 0.455469 0.48125 0.00254059
1 0.845117 0.180273 0.309766 0.360547 0.00247192
1 0.20332 0.437402 0.406641 0.631445 0.00242424
0 0.777344 0.627734 0.439063 0.633594 0.0024147
1 0.911328 0.691406 0.177344 0.598437 0.00223351
1 0.253906 0.488672 0.410937 0.628906 0.00222588
0 0.835156 0.752344 0.329688 0.492188 0.00220871
0 0.891016 0.639844 0.217969 0.651563 0.00215721
0 0.253906 0.488672 0.410937 0.628906 0.00214958
0 0.827734 0.278711 0.344531 0.557422 0.00213242
0 0.158203 0.0843506 0.313672 0.166846 0.00209045
0 0.324023 0.795898 0.438672 0.408203 0.00201988
0 0.674219 0.725 0.329688 0.495313 0.00200272
1 0.839063 0.734766 0.321875 0.530469 0.0019722
1 0.324023 0.795898 0.438672 0.408203 0.00183868
0 0.197266 0.539746 0.394531 0.689258 0.00182438
0 0.925 0.430859 0.15 0.642969 0.0018177
0 0.8875 0.211523 0.225 0.422266 0.00177479
1 0.771875 0.719531 0.396875 0.557813 0.00175476
1 0.827734 0.278711 0.344531 0.557422 0.00161076
1 0.726172 0.746094 0.285156 0.507812 0.00161076
0 0.84043 0.423047 0.319141 0.670313 0.00154305
0 0.935938 0.274609 0.128125 0.549219 0.00149536
0 0.247266 0.0839844 0.494531 0.161328 0.00144386
1 0.777344 0.627734 0.439063 0.633594 0.00143242
0 0.891406 0.77793 0.217187 0.444141 0.00135136
1 0.85 0.119922 0.3 0.239844 0.00135136
0 0.27832 0.572656 0.391797 0.695312 0.00131989
1 0.896094 0.753906 0.207813 0.4875 0.00129986
1 0.891016 0.639844 0.217969 0.651563 0.00125504
0 0.566504 0.371484 0.474805 0.260156 0.0012064
1 0.674219 0.725 0.329688 0.495313 0.00109863
1 0.925 0.430859 0.15 0.642969 0.00104809
0 0.704297 0.656934 0.327344 0.592383 0.00103664
1 0.538184 0.488379 0.468945 0.526367 0.00102806
1 0.27832 0.572656 0.391797 0.695312 0.00100803
0 0.563672 0.575391 0.513281 0.705469 0.812988
1 0.567578 0.569141 0.513281 0.710156 0.170532
0 0.521875 0.509473 0.428906 0.560742 0.0162201
0 0.855469 0.0919922 0.289062 0.183984 0.00669098
0 0.150977 0.0754883 0.290234 0.150977 0.00616837
0 0.00457764 0.928516 0.00915527 0.142969 0.00547028
1 0.521875 0.509473 0.428906 0.560742 0.00511932
0 0.00466309 0.0435547 0.00932617 0.0871094 0.00510025
0 0.201953 0.0726563 0.403906 0.145313 0.00446701
0 0.705469 0.722266 0.240625 0.464844 0.00351143
0 0.922266 0.690234 0.155469 0.419531 0.00287819
1 0.857422 0.103906 0.285156 0.207813 0.0027256
0 0.710938 0.703125 0.348437 0.526563 0.00252151
0 0.935547 0.112988 0.128906 0.225977 0.00246239
0 0.917578 0.0998047 0.164844 0.199609 0.00239754
0 0.666406 0.674219 0.320312 0.520312 0.00237846
1 0.817969 0.151172 0.3625 0.302344 0.00223351
0 0.00462647 0.115918 0.00925293 0.231836 0.00216484
0 0.902344 0.698438 0.195312 0.5125 0.00215721
0 0.958594 0.935938 0.0828125 0.128125 0.00210762
0 0.817969 0.151172 0.3625 0.302344 0.0020504
1 0.705469 0.722266 0.240625 0.464844 0.00202751
1 0.922266 0.690234 0.155469 0.419531 0.00197983
0 0.290234 0.0754883 0.575781 0.150977 0.0019722
1 0.666406 0.674219 0.320312 0.520312 0.00186729
1 0.935547 0.112988 0.128906 0.225977 0.00171375
1 0.352148 0.0720215 0.683203 0.144043 0.00168133
1 0.710938 0.703125 0.348437 0.526563 0.00162315
0 0.339063 0.578516 0.0632813 0.146094 0.00156116
0 0 0.960156 0 0.0796875 0.00154877
0 0.845312 0.722656 0.309375 0.498437 0.00152493
0 0 0.0458008 0 0.0916016 0.00148392
0 0.00460205 0.179346 0.0092041 0.233496 0.0014782
0 0.945312 0.151074 0.109375 0.302148 0.00144958
0 0.00461426 0.242773 0.00922852 0.237891 0.00144386
1 0.00463867 0.946484 0.00927734 0.107031 0.00141621
0 0.00461426 0.292969 0.00922852 0.239063 0.00139904
1 0.902344 0.698438 0.195312 0.5125 0.00137806
0 0.853125 0.281055 0.075 0.0757812 0.00137234
1 0.201953 0.0726563 0.403906 0.145313 0.00134563
1 0.942187 0.432031 0.115625 0.554688 0.00130939
1 0.150977 0.0754883 0.290234 0.150977 0.00126457
0 0.703906 0.625391 0.401563 0.589844 0.00126457
0 0.00461426 0.0740234 0.00922852 0.148047 0.00126457
0 0.942187 0.432031 0.115625 0.554688 0.00123978
0 0.971875 0.353125 0.05625 0.0875 0.0012207
0 0.8625 0.657031 0.275 0.509375 0.00118351
0 0.574219 0.700781 0.485938 0.465625 0.00114727
0 0.00462647 0.342969 0.00925293 0.238281 0.00112438
1 0.945312 0.151074 0.109375 0.302148 0.00112438
0 0 0.3 0 0.135156 0.00107288
0 0 0.275 0 0.135156 0.00104046
0 0 0.15 0 0.135156 0.00103188
1 0.845312 0.722656 0.309375 0.498437 0.00102425
0 0.887109 0.15 0.225781 0.3 0.00102043
0 0.374805 0.0665039 0.749609 0.133008 0.00101662
0 0.589453 0.583203 0.574219 0.700781 0.806641
1 0.571484 0.612402 0.519531 0.63457 0.107971
1 0.624121 0.563281 0.648633 0.7375 0.0537109
0 0.847266 0.096582 0.305469 0.19082 0.00503922
0 0.686719 0.721484 0.289062 0.425781 0.00395966
0 0.589844 0.717188 0.467187 0.434375 0.00246239
0 0.144141 0.0771973 0.275781 0.154395 0.00218201
1 0.718359 0.715625 0.241406 0.4375 0.00206757
1 0.647656 0.705469 0.36875 0.453125 0.00205803
0 0.755078 0.73125 0.433594 0.435937 0.00192642
1 0.847266 0.096582 0.305469 0.19082 0.00188255
0 0.192969 0.0732422 0.385938 0.146484 0.00187492
0 0.907812 0.691016 0.178125 0.357031 0.00174141
0 0.903125 0.114258 0.19375 0.227734 0.00131512
0 0.323438 0.0698242 0.6375 0.137305 0.00125504
0 0.717969 0.758984 0.307813 0.411719 0.00124931
1 0.755078 0.73125 0.433594 0.435937 0.00117874
0 0.577344 0.575781 0.53125 0.707812 0.749023
1 0.57666 0.575879 0.54043 0.704492 0.237183
0 0.848047 0.145508 0.303906 0.291016 0.00181007
1 0.848047 0.145508 0.303906 0.291016 0.00112438
0 0.564844 0.57041 0.528125 0.70918 0.742188
1 0.570312 0.567871 0.521875 0.712695 0.404541
0 0.848437 0.116211 0.29375 0.232422 0.0111618
0 0.684375 0.672656 0.292188 0.5125 0.00526047
0 0.722656 0.728125 0.260938 0.446875 0.00418091
1 0.684375 0.672656 0.292188 0.5125 0.00331116
1 0.846875 0.122949 0.3 0.245898 0.00319672
0 0.792969 0.716406 0.3625 0.498437 0.0026722
0 0.895312 0.723828 0.209375 0.486719 0.00224304
1 0.722656 0.728125 0.260938 0.446875 0.0018177
0 0.150879 0.0814453 0.297461 0.162891 0.00173378
0 0.88125 0.151758 0.2375 0.290234 0.0017004
0 0.759375 0.628027 0.40625 0.561133 0.00156116
0 0.841992 0.6875 0.306641 0.521875 0.00151253
1 0.792969 0.716406 0.3625 0.498437 0.00138283
0 0.857813 0.763281 0.282813 0.451562 0.00121117
1 0.876562 0.740234 0.246875 0.497656 0.00108147
0 0.791406 0.774609 0.414062 0.430469 0.00101185
1 0.572656 0.569531 0.520312 0.701563 0.575684
0 0.584766 0.570312 0.549219 0.703125 0.473633
0 0.845117 0.180566 0.309766 0.361133 0.00614548
0 0.184863 0.441406 0.369727 0.640625 0.00431442
0 0.85 0.120117 0.3 0.240234 0.00392914
0 0.248047 0.753516 0.455469 0.482031 0.00365067
0 0.726562 0.746094 0.284375 0.507812 0.00365067
0 0.772656 0.719531 0.395312 0.557813 0.00353813
0 0.910937 0.691016 0.178125 0.599219 0.00349617
0 0.863867 0.700781 0.272266 0.598437 0.00348282
1 0.248047 0.753516 0.455469 0.482031 0.0026207
1 0.20332 0.437402 0.406641 0.631445 0.00247192
1 0.845117 0.180566 0.309766 0.361133 0.00245285
0 0.778125 0.627344 0.4375 0.634375 0.00244331
1 0.910937 0.691016 0.178125 0.599219 0.00226974
1 0.253125 0.488672 0.410937 0.628906 0.00223351
0 0.835156 0.752344 0.329688 0.492188 0.00221634
0 0.891016 0.639453 0.217969 0.652344 0.00219154
0 0.253125 0.488672 0.410937 0.628906 0.00216484
0 0.896094 0.753906 0.207813 0.4875 0.00215721
0 0.827734 0.278906 0.344531 0.557813 0.00214958
0 0.324219 0.795898 0.438281 0.408203 0.0020752
0 0.158008 0.084375 0.313672 0.166992 0.00206757
0 0.674609 0.724609 0.328906 0.496094 0.00197983
1 0.839063 0.734766 0.321875 0.530469 0.0019722
1 0.324219 0.795898 0.438281 0.408203 0.00187492
0 0.924219 0.430859 0.151562 0.64375 0.00185299
0 0.19707 0.539746 0.394141 0.689258 0.00185299
0 0.887891 0.211914 0.224219 0.423047 0.00177479
1 0.772656 0.719531 0.395312 0.557813 0.00176144
1 0.827734 0.278906 0.344531 0.557813 0.00161076
1 0.726562 0.746094 0.284375 0.507812 0.00160408
0 0.84043 0.423047 0.319141 0.671094 0.00156689
0 0.935938 0.275 0.128125 0.55 0.00151253
1 0.778125 0.627344 0.4375 0.634375 0.00144958
0 0.247266 0.0839844 0.494531 0.161523 0.0014267
1 0.85 0.120117 0.3 0.240234 0.00133514
0 0.277344 0.572656 0.390625 0.695312 0.00133514
1 0.896094 0.753906 0.207813 0.4875 0.00130463
1 0.891016 0.639453 0.217969 0.652344 0.00127411
0 0.566797 0.371484 0.474219 0.260156 0.00118828
1 0.674609 0.724609 0.328906 0.496094 0.00109005
1 0.924219 0.430859 0.151562 0.64375 0.00105667
0 0.207813 0.698438 0.415625 0.603125 0.00104046
0 0.704687 0.656641 0.326562 0.592969 0.00103664
1 0.538184 0.488281 0.468945 0.526563 0.00102043
1 0.277344 0.572656 0.390625 0.695312 0.00102043
