1 0.510254 0.493848 0.72168 0.626367 0.832031
0 0.540625 0.519531 0.664062 0.595312 0.405518
0 0.500879 0.426953 0.743555 0.785156 0.0365601
1 0.606934 0.507812 0.536133 0.584375 0.00959778
1 0.482129 0.826758 0.588867 0.346484 0.00372124
0 0.482129 0.826758 0.588867 0.346484 0.00294685
1 0.466797 0.769141 0.624219 0.461719 0.00232315
0 0.628906 0.455078 0.504687 0.538281 0.00209045
0 0.680469 0.405859 0.392188 0.558594 0.00149536
0 0.466797 0.769141 0.624219 0.461719 0.00130463
1 0.680469 0.405859 0.392188 0.558594 0.00100422
0 0.512891 0.524219 0.741406 0.609375 0.768555
1 0.507129 0.521094 0.748242 0.6125 0.323486
1 0.500879 0.527344 0.754492 0.589063 0.726562
0 0.565234 0.525781 0.608594 0.592188 0.065979
1 0.603516 0.512402 0.539844 0.575195 0.0240021
0 0 0.942578 0 0.114844 0.00182438
0 0.651563 0.507129 0.454688 0.563867 0.0016613
0 0.0189209 0.0134277 0.0378418 0.0268555 0.00136662
0 0 0.0466309 0 0.0932617 0.00130463
0 0.0057373 0.00750732 0.0114746 0.0150146 0.00120163
0 0.0048584 0.932031 0.0097168 0.135937 0.00112438
0 0.521875 0.7 0.240625 0.25625 0.00111198
0 0 0.924219 0 0.151562 0.00105286
0 0.504687 0.526172 0.74375 0.599219 0.896973
1 0.503125 0.529688 0.753125 0.565625 0.110107
0 0.663281 0.925 0.201562 0.15 0.00102806
1 0.50166 0.530859 0.74043 0.591406 0.594727
0 0.530469 0.528809 0.701563 0.598633 0.545898
1 0.503125 0.858984 0.826563 0.282031 0.00356483
0 0.503125 0.858984 0.826563 0.282031 0.002388
1 0.499219 0.7625 0.760938 0.475 0.00118828
1 0.511621 0.521484 0.751758 0.583594 0.836426
0 0.508496 0.520703 0.748633 0.583594 0.132935
1 0.464844 0.868359 0.842188 0.263281 0.00332451
0 0.464844 0.868359 0.842188 0.263281 0.0024147
0 0.746875 0.623438 0.314063 0.596875 0.00196457
1 0.455859 0.833594 0.722656 0.332812 0.0018034
1 0.26582 0.766406 0.304297 0.446875 0.00158501
0 0.231201 0.784766 0.322754 0.430469 0.00130463
0 0.684375 0.691797 0.396875 0.572656 0.00115108
1 0.512598 0.528125 0.743555 0.590625 0.637695
0 0.513379 0.526172 0.748242 0.592969 0.446533
0 0.00461426 0.947656 0.00922852 0.104687 0.00304031
0 0.00466309 0.919531 0.00932617 0.160938 0.00232315
0 0.764844 0.580078 0.254687 0.519531 0.00153637
1 0.765234 0.550391 0.260156 0.550781 0.0011425
0 0.00463867 0.0436035 0.00927734 0.087207 0.00106907
0 0.699609 0.619922 0.364844 0.439844 0.00104046
0 0.506348 0.535547 0.748242 0.608594 0.708984
1 0.508984 0.527246 0.746094 0.60957 0.266602
1 0.514941 0.528125 0.735742 0.601562 0.597168
0 0.513184 0.52666 0.737695 0.59668 0.472656
1 0.507715 0.526953 0.74082 0.592969 0.630859
0 0.507715 0.526953 0.74082 0.592969 0.343262
0 0.765625 0.590625 0.253125 0.48125 0.00143814
0 0.728516 0.563281 0.322656 0.525 0.0014267
1 0.511719 0.526953 0.74375 0.605469 0.834473
0 0.508496 0.520703 0.748633 0.583594 0.137329
1 0.464844 0.868359 0.842188 0.263281 0.00335121
0 0.464844 0.868359 0.842188 0.263281 0.00245285
0 0.748047 0.623438 0.313281 0.596875 0.00196457
1 0.455469 0.833984 0.721875 0.332031 0.00183868
1 0.265625 0.766406 0.305469 0.446875 0.00160408
0 0.231055 0.784766 0.323828 0.430469 0.00133038
0 0.705469 0.652344 0.367188 0.523438 0.00118828
0 0.455469 0.833984 0.721875 0.332031 0.00102043
