1 0.498047 0.509375 0.686719 0.803125 0.947754
1 0.572266 0.548535 0.524219 0.710742 0.480469
1 0.633594 0.557422 0.395312 0.539844 0.0640869
1 0.672656 0.513965 0.320312 0.495508 0.0195618
1 0.569531 0.495313 0.51875 0.466406 0.00737381
1 0.719141 0.457422 0.260156 0.663281 0.00332451
1 0.437402 0.416309 0.551758 0.479883 0.00138283
1 0.475098 0.523438 0.606055 0.603125 0.0012846
1 0.630078 0.450781 0.408594 0.335938 0.00104427
1 0.493359 0.587891 0.703906 0.630469 0.898438
0 0.493359 0.587891 0.703906 0.630469 0.0183411
1 0.487598 0.600391 0.69668 0.636719 0.79834
1 0.592285 0.603125 0.48418 0.63125 0.119202
1 0.233594 0.671875 0.141797 0.315625 0.0050621
1 0.261719 0.718359 0.173438 0.310156 0.00496292
0 0.803906 0.591406 0.0875 0.376563 0.00416565
1 0.229102 0.586328 0.149219 0.288281 0.00407028
1 0.211133 0.669531 0.108203 0.3125 0.0037365
1 0.451172 0.796094 0.194531 0.207813 0.00281143
1 0.214404 0.626562 0.127441 0.315625 0.00279999
1 0.803906 0.591406 0.0875 0.376563 0.00221634
1 0.269141 0.750391 0.149219 0.272656 0.00211525
0 0 0.936719 0 0.126563 0.00206757
0 0.233594 0.671875 0.141797 0.315625 0.00191212
0 0.459766 0.973437 0.344531 0.053125 0.00186062
0 0.451172 0.796094 0.194531 0.207813 0.00181007
1 0.434375 0.776367 0.153125 0.275391 0.00174809
1 0.252393 0.55625 0.196777 0.301562 0.00168705
1 0.255273 0.608594 0.207422 0.3 0.00155449
1 0.574609 0.657812 0.166406 0.295312 0.00154877
0 0.0184814 0.013501 0.0369629 0.027002 0.0015192
0 0 0.0466797 0 0.0933594 0.00142097
0 0.264453 0.739844 0.162109 0.3 0.00142097
1 0.459766 0.973437 0.344531 0.053125 0.00139427
1 0.34668 0.782031 0.215234 0.226562 0.00138855
1 0.289258 0.746484 0.171484 0.311719 0.00136662
0 0.211133 0.669531 0.108203 0.3125 0.00135136
0 0.229883 0.607813 0.152734 0.296094 0.00135136
0 0.00566406 0.00749512 0.0113281 0.0149902 0.00134563
1 0.576953 0.789062 0.157813 0.223438 0.00133514
0 0.802344 0.522754 0.0875 0.374805 0.00131512
0 0.547266 0.6375 0.06875 0.114063 0.00129414
0 0.00484619 0.932031 0.00969238 0.135937 0.00128937
0 0.287109 0.760547 0.1625 0.252344 0.00127888
1 0.46875 0.628906 0.117188 0.320312 0.00126457
1 0.311719 0.764844 0.185937 0.2625 0.00123978
0 0.508691 0.976953 0.357617 0.0460938 0.00123024
1 0.489062 0.6 0.15625 0.326562 0.00121593
1 0.412891 0.635938 0.160938 0.3 0.0011692
1 0.786719 0.551562 0.096875 0.328125 0.00115585
0 0 0.878125 0 0.184375 0.00115108
0 0 0.815625 0 0.184375 0.0011425
0 0 0.778125 0 0.184375 0.00113773
0 0 0.740625 0 0.184375 0.00110722
0 0 0.917578 0 0.164844 0.00109005
0 0 0.703125 0 0.184375 0.00108147
0 0.372266 0.977734 0.328906 0.0445312 0.00106049
1 0.434375 0.719531 0.121094 0.3125 0.00104809
0 0 0.665234 0 0.184375 0.00104046
1 0.508691 0.976953 0.357617 0.0460938 0.00103188
1 0.802344 0.522754 0.0875 0.374805 0.00100803
1 0.482812 0.606641 0.695312 0.652344 0.909668
0 0.484766 0.60459 0.707031 0.64707 0.00534439
1 0.428125 0.978516 0.690625 0.0429688 0.00317192
0 0.428125 0.978516 0.690625 0.0429688 0.00250244
1 0.417578 0.946875 0.835156 0.0984375 0.00236893
0 0.690234 0.925 0.203906 0.15 0.00132465
1 0.36875 0.570703 0.444531 0.433594 0.00126934
0 0.36875 0.570703 0.444531 0.433594 0.00109863
0 0.417578 0.946875 0.835156 0.0984375 0.00109482
0 0.792969 0.601562 0.1125 0.21875 0.00102806
0 0.735156 0.916406 0.170312 0.167187 0.00101662
1 0.490234 0.600684 0.699219 0.633008 0.946777
1 0.490234 0.957031 0.680469 0.0859375 0.00299263
1 0.444922 0.888281 0.772656 0.223438 0.00191879
0 0.490234 0.957031 0.680469 0.0859375 0.00183105
1 0.525391 0.915234 0.761719 0.169531 0.00105667
1 0.494141 0.594434 0.700781 0.608008 0.94043
1 0.278516 0.722656 0.230469 0.285937 0.00332451
1 0.423828 0.95 0.774219 0.1 0.00228691
1 0.790625 0.624219 0.11875 0.3625 0.0019722
1 0.437891 0.977344 0.641406 0.0453125 0.00182438
1 0.247852 0.68125 0.186328 0.303125 0.0016613
1 0.496875 0.203711 0.71875 0.407422 0.00157356
1 0.234766 0.778516 0.435937 0.442969 0.00150108
1 0.656641 0.407422 0.403906 0.2125 0.00127888
1 0.263477 0.638281 0.228516 0.290625 0.00122547
1 0.676562 0.351562 0.384375 0.442187 0.0012064
1 0.746875 0.729297 0.264062 0.530469 0.00106907
1 0.511621 0.98125 0.654883 0.0375 0.00104427
1 0.373047 0.939062 0.603906 0.121875 0.00103188
1 0.699609 0.674219 0.313281 0.557813 0.00101662
1 0.498437 0.60166 0.7 0.63418 0.924805
0 0.498437 0.60166 0.7 0.63418 0.00656509
0 0.00462647 0.947266 0.00925293 0.105469 0.00353813
1 0.421973 0.978125 0.64668 0.04375 0.00321007
0 0.0046875 0.919531 0.009375 0.160938 0.00283432
1 0.463672 0.947656 0.789844 0.104687 0.00226021
1 0.36875 0.613281 0.444531 0.53125 0.00226021
1 0.653516 0.660937 0.386719 0.5125 0.00222588
1 0.522754 0.982422 0.648242 0.0351562 0.00194931
1 0.698828 0.621973 0.292969 0.556055 0.00191212
1 0.739453 0.683594 0.521094 0.560938 0.00179577
1 0.705859 0.469434 0.280469 0.354883 0.00160408
1 0.663672 0.444531 0.389844 0.353125 0.00160408
1 0.582422 0.933594 0.692969 0.132812 0.0015974
1 0.82168 0.653125 0.356641 0.60625 0.00136662
1 0.35918 0.689062 0.420703 0.41875 0.00130463
0 0.00465088 0.0437012 0.00930176 0.0874023 0.00126934
1 0.69375 0.415625 0.6125 0.632031 0.00114727
0 0.421973 0.978125 0.64668 0.04375 0.00113392
1 0.00462647 0.947266 0.00925293 0.105469 0.00106049
1 0.719531 0.732031 0.432813 0.459375 0.00105667
0 0 0.973437 0 0.053125 0.00102043
1 0.500781 0.603906 0.7125 0.629687 0.897949
1 0.462891 0.966797 0.897656 0.0664062 0.00283432
1 0.4625 0.954687 0.909375 0.090625 0.00279045
0 0.49834 0.592188 0.708008 0.646875 0.00196457
1 0.602734 0.939453 0.794531 0.121094 0.00182438
0 0.462891 0.966797 0.897656 0.0664062 0.00174141
1 0.592285 0.974219 0.76543 0.0515625 0.00139427
1 0.500781 0.604297 0.690625 0.644531 0.927734
0 0.500781 0.604297 0.690625 0.644531 0.00225258
0 0.728906 0.445215 0.23125 0.339258 0.00138283
1 0.728906 0.445215 0.23125 0.339258 0.00118828
1 0.490723 0.597754 0.693555 0.637305 0.923828
1 0.697656 0.432422 0.314063 0.322656 0.00118351
1 0.717188 0.686328 0.254687 0.411719 0.00106907
1 0.494141 0.594531 0.700781 0.607813 0.94043
1 0.278125 0.722656 0.229687 0.285937 0.00312424
1 0.423828 0.949609 0.774219 0.100781 0.00228691
1 0.790625 0.624219 0.11875 0.364062 0.00191212
1 0.438281 0.976953 0.642187 0.0460938 0.00182438
1 0.496875 0.203906 0.71875 0.407813 0.00161648
1 0.247461 0.68125 0.185547 0.304688 0.00157356
1 0.218164 0.816797 0.385547 0.366406 0.00150108
1 0.656641 0.407813 0.403906 0.210938 0.00128937
1 0.264844 0.792773 0.348437 0.414453 0.0012846
1 0.676562 0.353125 0.384375 0.438281 0.0012064
1 0.262891 0.638281 0.227344 0.292188 0.00113773
1 0.747656 0.729688 0.264062 0.53125 0.00107288
1 0.373437 0.939062 0.604688 0.121875 0.00102043
1 0.7 0.674219 0.3125 0.557813 0.00102043
