1 0.281201 0.504687 0.371191 0.75 0.166382
1 0.325781 0.478125 0.411719 0.890625 0.0493164
0 0.281201 0.504687 0.371191 0.75 0.037384
1 0.635938 0.720312 0.342187 0.5125 0.0299835
0 0.635938 0.720312 0.342187 0.5125 0.0215759
1 0.652344 0.628125 0.326562 0.632812 0.0156708
0 0.824219 0.538965 0.246875 0.47832 0.0123367
1 0.340039 0.204688 0.339453 0.339063 0.0118713
0 0.652344 0.628125 0.326562 0.632812 0.0100098
1 0.340967 0.378809 0.353223 0.667383 0.00971222
1 0.426465 0.508984 0.50332 0.900781 0.00793457
1 0.824219 0.538965 0.246875 0.47832 0.0078125
1 0.277344 0.607813 0.39375 0.5625 0.00751877
0 0.811133 0.498535 0.274609 0.620117 0.00679779
1 0.811133 0.498535 0.274609 0.620117 0.00631332
1 0.609375 0.428906 0.2375 0.698438 0.00450516
0 0.84375 0.591016 0.245312 0.475781 0.00428009
1 0.579297 0.494531 0.333594 0.882812 0.00421524
0 0.325781 0.478125 0.411719 0.890625 0.00419998
0 0.277344 0.607813 0.39375 0.5625 0.00351143
1 0.84375 0.591016 0.245312 0.475781 0.00284576
1 0.620313 0.276172 0.2625 0.464844 0.00282288
1 0.745703 0.601172 0.386719 0.699219 0.00254059
0 0.745703 0.601172 0.386719 0.699219 0.00252151
1 0.655469 0.779883 0.321875 0.427734 0.00229645
0 0.655469 0.779883 0.321875 0.427734 0.00228691
1 0.651563 0.532031 0.367188 0.89375 0.00221634
1 0.514941 0.469434 0.401367 0.786133 0.00214005
1 0.59375 0.183984 0.223438 0.367969 0.00210762
0 0.340039 0.204688 0.339453 0.339063 0.0019722
0 0.624219 0.429785 0.283594 0.713867 0.0018034
0 0.577734 0.914062 0.078125 0.1375 0.00176811
0 0.651563 0.532031 0.367188 0.89375 0.0016613
0 0.579297 0.494531 0.333594 0.882812 0.00165462
1 0.278516 0.460156 0.283594 0.85 0.00163555
1 0.776758 0.430078 0.343359 0.664844 0.0015974
0 0.402734 0.492969 0.491406 0.895312 0.00153065
1 0.599219 0.191797 0.31875 0.383594 0.0014267
0 0.776758 0.430078 0.343359 0.664844 0.00142097
0 0.340967 0.378809 0.353223 0.667383 0.00138283
0 0.602344 0.265625 0.207813 0.425 0.00132465
1 0.823633 0.404297 0.258984 0.583594 0.00117874
1 0.853125 0.539062 0.265625 0.71875 0.00116539
0 0.59375 0.183984 0.223438 0.367969 0.00115585
0 0.928125 0.324609 0.14375 0.417969 0.00113392
0 0.853125 0.539062 0.265625 0.71875 0.00112915
1 0.307422 0.186768 0.230469 0.253809 0.00112438
1 0.442969 0.335156 0.459375 0.577344 0.00112438
1 0.524609 0.28457 0.313281 0.468359 0.00110722
0 0.499121 0.510938 0.462695 0.90625 0.00105667
0 0.823633 0.404297 0.258984 0.583594 0.00102425
1 0.284961 0.626562 0.397266 0.576563 0.626953
1 0.634375 0.782031 0.384375 0.415625 0.253174
0 0.2875 0.633984 0.39375 0.553906 0.241455
0 0.634375 0.782031 0.384375 0.415625 0.110657
1 0.364062 0.519141 0.575781 0.961719 0.00952148
1 0.357031 0.241748 0.349219 0.334473 0.00725937
0 0.574219 0.925 0.05625 0.0875 0.00466537
0 0.285547 0.556934 0.424219 0.74082 0.00281143
1 0.362842 0.453125 0.38291 0.770312 0.00279045
0 0.914062 0.925 0.05 0.1 0.00223351
0 0.0456543 0.973437 0.0913086 0.053125 0.00217438
0 0.364062 0.519141 0.575781 0.961719 0.00176144
0 0.575 0.973437 0.123438 0.053125 0.00156116
1 0.676172 0.7 0.453906 0.56875 0.00142097
0 0.850195 0.546484 0.221484 0.525781 0.00131512
0 0.676172 0.7 0.453906 0.56875 0.00109482
0 0.420312 0.95625 0.0609375 0.08125 0.00107288
0 0.855469 0.635547 0.210938 0.425781 0.00106049
1 0.282031 0.635156 0.395312 0.564062 0.683594
1 0.624609 0.781055 0.380469 0.419141 0.181885
1 0.343359 0.212109 0.313281 0.291016 0.0941772
1 0.327344 0.195898 0.225781 0.245703 0.0541992
1 0.570703 0.23418 0.129688 0.248828 0.0524292
0 0.570703 0.23418 0.129688 0.248828 0.0432129
0 0.402734 0.975 0.3125 0.05 0.0383301
0 0.327344 0.195898 0.225781 0.245703 0.0322266
0 0.517969 0.867188 0.135937 0.265625 0.0317383
1 0.511719 0.854102 0.13125 0.291797 0.0285492
0 0.474609 0.44375 0.160156 0.198437 0.0262604
0 0.899219 0.94375 0.201562 0.1125 0.0227203
1 0.495313 0.825781 0.104687 0.328125 0.0195618
1 0.474609 0.44375 0.160156 0.198437 0.0194244
0 0.496875 0.841602 0.107813 0.316797 0.0185394
1 0.482031 0.839844 0.0875 0.309375 0.0180511
0 0.212305 0.933594 0.334766 0.132812 0.0173798
0 0.576563 0.923437 0.05625 0.115625 0.016983
0 0.425781 0.950391 0.0609375 0.0992187 0.0164642
0 0.59375 0.240674 0.163281 0.25459 0.0160217
0 0.917188 0.926562 0.05 0.14375 0.0156021
1 0.59375 0.240674 0.163281 0.25459 0.0149536
0 0.533594 0.869922 0.096875 0.260156 0.0141754
0 0.351758 0.977344 0.351953 0.0453125 0.0140076
1 0.571875 0.259814 0.101562 0.289746 0.013588
1 0.375098 0.976172 0.332617 0.0476562 0.0132217
1 0.3125 0.168066 0.235156 0.200977 0.0131226
0 0.571875 0.259814 0.101562 0.289746 0.0129242
0 0.790625 0.924219 0.2375 0.151562 0.0125275
1 0.533594 0.869922 0.096875 0.260156 0.0112915
1 0.899219 0.94375 0.201562 0.1125 0.0111618
0 0.878516 0.928906 0.242969 0.142188 0.0107803
0 0.145215 0.942187 0.29043 0.115625 0.0104904
0 0.290039 0.476172 0.275391 0.250781 0.0104904
0 0.922656 0.932813 0.154687 0.134375 0.0103302
1 0.505469 0.783594 0.123438 0.310937 0.0102463
0 0.190967 0.309375 0.0516602 0.124219 0.00997162
1 0.491406 0.405859 0.153125 0.116406 0.00971222
1 0.303125 0.653125 0.113672 0.290625 0.00963593
0 0.447656 0.955469 0.39375 0.0890625 0.00955963
1 0.381934 0.239258 0.148633 0.239844 0.00955963
0 0.976562 0.958203 0.046875 0.0835937 0.00919342
0 0.414844 0.853906 0.0484375 0.154687 0.00919342
0 0.482031 0.839844 0.0875 0.309375 0.00912476
0 0.0279419 0.955469 0.0509521 0.0890625 0.00878143
1 0.524219 0.878711 0.1375 0.242578 0.00871277
1 0.464063 0.407715 0.165625 0.118945 0.00831604
0 0.385156 0.247656 0.134375 0.191016 0.008255
0 0.542969 0.924609 0.259375 0.150781 0.00818634
0 0.871875 0.641406 0.1375 0.301562 0.00812531
1 0.535937 0.762109 0.164062 0.285156 0.00806427
0 0.635156 0.935156 0.342187 0.129688 0.00800323
0 0.3125 0.168066 0.235156 0.200977 0.0078125
0 0.300391 0.678906 0.110156 0.303125 0.00775528
1 0.290039 0.476172 0.275391 0.250781 0.00763702
0 0.464063 0.407715 0.165625 0.118945 0.00740433
0 0.7 0.926172 0.321875 0.147656 0.00706482
0 0.491406 0.405859 0.153125 0.116406 0.00706482
1 0.176514 0.690234 0.155566 0.317969 0.00706482
0 0.282471 0.627246 0.395215 0.551758 0.0069046
0 0.974609 0.488281 0.0507812 0.115625 0.0068512
1 0.297266 0.192188 0.167187 0.213281 0.00674438
0 0.575 0.9375 0.0578125 0.125 0.00671768
1 0.607422 0.748438 0.189844 0.254687 0.00653839
1 0.343359 0.372656 0.328906 0.614062 0.00653839
0 0.914062 0.959375 0.05 0.08125 0.00651169
0 0.623438 0.774219 0.371875 0.401563 0.0064888
0 0.971875 0.960938 0.05625 0.078125 0.00641251
1 0.212305 0.933594 0.334766 0.132812 0.00634003
1 0.569531 0.7625 0.190625 0.282813 0.00629044
1 0.402344 0.249609 0.14375 0.210156 0.00624084
1 0.358789 0.225 0.190234 0.282813 0.00614548
0 0.588281 0.0890869 0.0578125 0.106982 0.00609589
0 0.0369995 0.952734 0.0484619 0.0945313 0.006073
0 0.176514 0.690234 0.155566 0.317969 0.00602722
0 0.00506592 0.695703 0.0101318 0.177344 0.00588989
0 0.982031 0.953906 0.0359375 0.0921875 0.00584412
1 0.342773 0.220654 0.190234 0.229004 0.00572968
0 0.394141 0.244336 0.15625 0.257031 0.00542831
0 0.505469 0.783594 0.123438 0.310937 0.00542831
1 0.871875 0.623438 0.140625 0.303125 0.00530243
0 0.115527 0.932031 0.231055 0.135937 0.00524139
0 0.535937 0.762109 0.164062 0.285156 0.00518036
0 0.198828 0.323438 0.0617188 0.121094 0.00508118
1 0.257422 0.7875 0.157813 0.2625 0.00502014
0 0.581641 0.284717 0.0835937 0.300879 0.00502014
0 0.835156 0.248096 0.125 0.226465 0.00494385
1 0.409375 0.605469 0.126563 0.314063 0.00486755
0 0.865625 0.886719 0.0703125 0.1125 0.00486755
0 0.358789 0.225 0.190234 0.282813 0.00484848
0 0.238281 0.337891 0.0828125 0.0914062 0.00482941
1 0.555859 0.202148 0.121875 0.226953 0.00479126
1 0.878516 0.928906 0.242969 0.142188 0.00479126
0 0.00488281 0.932031 0.00976562 0.135937 0.00475693
1 0.864258 0.619141 0.196484 0.389844 0.00475693
0 0.607422 0.748438 0.189844 0.254687 0.00466537
0 0.388281 0.983984 0.166406 0.0320312 0.00460815
1 0.922656 0.932813 0.154687 0.134375 0.00457382
1 0.581641 0.284717 0.0835937 0.300879 0.00457382
1 0.83125 0.234326 0.115625 0.200879 0.00453949
0 0.878125 0.568359 0.128125 0.285937 0.00453949
1 0.428906 0.969141 0.346094 0.0617188 0.00453949
0 0.446875 0.255811 0.103906 0.221191 0.00436401
0 0.176367 0.953125 0.0628906 0.09375 0.00436401
1 0.159961 0.647656 0.134375 0.33125 0.00432968
1 0.764063 0.927344 0.220313 0.145313 0.00432968
0 0.420312 0.252002 0.136719 0.221777 0.00426483
0 0.5375 0.567578 0.0601562 0.108594 0.00426483
1 0.134961 0.644922 0.0941406 0.321094 0.00421524
1 0.878125 0.568359 0.128125 0.285937 0.00421524
1 0.542969 0.924609 0.259375 0.150781 0.00419998
1 0.206445 0.721094 0.133203 0.317187 0.00416565
0 0.342773 0.220654 0.190234 0.229004 0.0041008
0 0.297266 0.192188 0.167187 0.213281 0.00407028
0 0.654688 0.879687 0.126563 0.232812 0.00403976
0 0.409375 0.605469 0.126563 0.314063 0.00400543
0 0 0.839844 0 0.184375 0.00397491
0 0.569531 0.7625 0.190625 0.282813 0.00397491
0 0.572656 0.963281 0.08125 0.0734375 0.00395966
0 0.814062 0.192188 0.0734375 0.108203 0.00383949
0 0.183789 0.302148 0.0476562 0.126172 0.00382423
1 0.240625 0.771875 0.144531 0.314063 0.00382423
0 0.760156 0.914062 0.103125 0.164062 0.00382423
1 0.621094 0.885156 0.142188 0.228125 0.00379562
1 0.157227 0.560156 0.126563 0.323438 0.0037365
0 0 0.936719 0 0.126563 0.0037365
0 0.974219 0.0459961 0.0515625 0.0919922 0.00370789
0 0.0659668 0.686719 0.0506836 0.1375 0.00367928
0 0.015918 0.0153809 0.0318359 0.0307617 0.00353813
0 0.159961 0.647656 0.134375 0.33125 0.00348282
0 0.257422 0.7875 0.157813 0.2625 0.00344276
1 0.145215 0.942187 0.29043 0.115625 0.00341606
0 0.621094 0.885156 0.142188 0.228125 0.00337601
1 0.654688 0.879687 0.126563 0.232812 0.00337601
0 0.25625 0.95625 0.367188 0.0875 0.00337601
0 0.895312 0.982813 0.146875 0.034375 0.00335121
0 0.964844 0.930859 0.0703125 0.138281 0.00332451
0 0.126758 0.797656 0.0539063 0.121875 0.00329781
0 0 0.127148 0 0.185547 0.00319672
0 0.535156 0.851562 0.0625 0.107813 0.00318527
0 0.206445 0.721094 0.133203 0.317187 0.00317192
0 0.315625 0.653125 0.119531 0.309375 0.00316048
0 0 0.364844 0 0.184375 0.00313568
1 0.172363 0.597656 0.15957 0.325 0.00312424
0 0.864844 0.111523 0.059375 0.114453 0.00312424
0 0.0528809 0.614453 0.0540039 0.130469 0.00309944
0 0.00588379 0.0106445 0.0117676 0.0212891 0.003088
0 0 0.577734 0 0.183594 0.00305176
0 0.175391 0.9375 0.108594 0.11875 0.00304031
1 0.6125 0.940234 0.335938 0.119531 0.00302696
0 0.647656 0.917188 0.134375 0.15625 0.00298119
0 0.28125 0.974219 0.0726563 0.0515625 0.0029583
0 0.112305 0.667188 0.0625 0.139062 0.0029583
1 0.447656 0.955469 0.39375 0.0890625 0.00291252
0 0.963281 0.746094 0.0578125 0.126563 0.00291252
1 0.536719 0.837109 0.078125 0.325781 0.00288963
0 0.961719 0.958594 0.065625 0.0828125 0.00287819
1 0.3125 0.513379 0.24375 0.27793 0.00287819
0 0.919531 0.984375 0.154687 0.03125 0.00287819
0 0 0.917969 0 0.164062 0.00286674
0 0 0.0469727 0 0.0939453 0.0028553
0 0.134961 0.644922 0.0941406 0.321094 0.00284576
0 0.578906 0.0453125 0.0742188 0.090625 0.00282288
0 0 0.878125 0 0.184375 0.00282288
0 0.303125 0.965625 0.0625 0.06875 0.00279999
0 0.172363 0.597656 0.15957 0.325 0.00277901
0 0 0.32832 0 0.184766 0.00274658
0 0.949219 0.9 0.0984375 0.2 0.00273705
0 0.342578 0.983594 0.169531 0.0328125 0.0027256
1 0.309766 0.698438 0.125781 0.314063 0.00271416
1 0.332031 0.629297 0.134375 0.308594 0.00271416
0 0.369531 0.23125 0.154687 0.219531 0.00271416
0 0.832227 0.920313 0.335547 0.159375 0.00269318
0 0.473437 0.262109 0.0609375 0.123438 0.00269318
0 0.865625 0.660937 0.190625 0.46875 0.00266266
0 0.0597656 0.601172 0.0576172 0.147656 0.00265312
0 0.14082 0.300781 0.0554687 0.114453 0.00265312
0 0.910156 0.925 0.046875 0.15 0.00265312
0 0.323828 0.965625 0.0460938 0.06875 0.00265312
1 0.446875 0.255811 0.103906 0.221191 0.00264168
0 0.573438 0.953906 0.0796875 0.0921875 0.00263214
0 0.789844 0.100195 0.123438 0.200391 0.00263214
0 0.539062 0.0425781 0.0703125 0.0851562 0.0026207
0 0.3125 0.513379 0.24375 0.27793 0.00261116
0 0.555859 0.202148 0.121875 0.226953 0.00256157
1 0.767187 0.521875 0.145313 0.229687 0.00255013
0 0.974219 0.982031 0.0515625 0.0359375 0.00253105
0 0.767187 0.521875 0.145313 0.229687 0.00253105
0 0.82207 0.233789 0.0964844 0.190234 0.00251198
0 0 0.22793 0 0.183594 0.0024929
0 0.157227 0.560156 0.126563 0.323438 0.00247192
0 0.732031 0.9625 0.059375 0.075 0.00245285
1 0.603125 0.779688 0.154687 0.301562 0.00244331
0 0 0.165332 0 0.185352 0.00244331
0 0.240625 0.771875 0.144531 0.314063 0.00243378
1 0.220313 0.3 0.090625 0.139062 0.00243378
0 0.498437 0.414062 0.0757812 0.115625 0.0024147
0 0 0.639844 0 0.185156 0.00237846
0 0 0.453125 0 0.182812 0.00237846
0 0 0.803125 0 0.184375 0.00237846
0 0.477734 0.944922 0.05625 0.110156 0.00235939
0 0.441016 0.957031 0.0492188 0.0859375 0.00234985
0 0.462109 0.245508 0.0804688 0.263672 0.00230598
0 0.436719 0.984375 0.165625 0.03125 0.00230598
0 0 0.265674 0 0.183496 0.00229645
0 0.689453 0.742969 0.183594 0.284375 0.00228691
1 0.559375 0.786133 0.260938 0.415234 0.00224304
0 0.876562 0.857617 0.084375 0.178516 0.00223351
1 0.649609 0.758594 0.186719 0.295312 0.00221634
1 0.185742 0.732422 0.139453 0.302344 0.00219917
0 0.975 0.602344 0.05 0.134375 0.00217438
0 0.220313 0.3 0.090625 0.139062 0.00216484
0 0.158203 0.932813 0.123047 0.128125 0.00214958
1 0.949219 0.9 0.0984375 0.2 0.00213242
0 0.457031 0.953125 0.0445312 0.09375 0.00211525
0 0.972656 0.855469 0.0546875 0.117188 0.00210762
0 0.222656 0.984375 0.160156 0.03125 0.00209999
0 0.884375 0.322266 0.065625 0.113281 0.00209999
0 0 0.0914062 0 0.182812 0.00209999
1 0.917188 0.926562 0.05 0.14375 0.00209045
0 0.923437 0.959375 0.0546875 0.08125 0.00209045
0 0.719531 0.949219 0.0484375 0.101562 0.00209045
1 0.678125 0.739062 0.2 0.284375 0.00209045
1 0.462109 0.245508 0.0804688 0.263672 0.0020752
0 0.0317383 0.0458008 0.0634766 0.0916016 0.0020752
0 0.551953 0.042334 0.0695312 0.084668 0.00206757
1 0.515234 0.81875 0.174219 0.359375 0.00204277
0 0 0.0660645 0 0.132129 0.00204277
1 0.200977 0.300781 0.0800781 0.15625 0.00203514
0 0.300195 0.970703 0.103906 0.0585938 0.00200272
0 0.947656 0.984766 0.104687 0.0304688 0.00199509
1 0.7 0.926172 0.321875 0.147656 0.0019722
0 0.430469 0.413281 0.0625 0.121094 0.00195694
0 0.28457 0.970703 0.352734 0.0585938 0.00195694
0 0 0.415625 0 0.184375 0.00195694
0 0.626953 0.227002 0.117188 0.249902 0.00194931
0 0.195117 0.98125 0.156641 0.0375 0.00194168
0 0.85625 0.892187 0.053125 0.128125 0.00192642
1 0.789844 0.100195 0.123438 0.200391 0.00191212
0 0.200977 0.300781 0.0800781 0.15625 0.00189686
0 0.669531 0.868164 0.123438 0.263672 0.00188255
0 0.536719 0.837109 0.078125 0.325781 0.00188255
1 0.642969 0.860547 0.136719 0.278906 0.00187492
0 0.471094 0.95 0.046875 0.1 0.00186729
0 0.960938 0.433984 0.065625 0.1125 0.00185299
0 0 0.540625 0 0.184375 0.00185299
1 0.572656 0.883008 0.134375 0.233984 0.00185299
1 0.216602 0.762109 0.138281 0.311719 0.00182438
0 0.572656 0.883008 0.134375 0.233984 0.0018177
0 0.580859 0.0917725 0.0539063 0.119971 0.0018034
0 0.332031 0.629297 0.134375 0.308594 0.0018034
0 0.95 0.107031 0.09375 0.214062 0.00179577
0 0.435156 0.944531 0.0625 0.110937 0.00179577
0 0.634375 0.101465 0.119531 0.20293 0.00179577
1 0.626953 0.227002 0.117188 0.249902 0.00179577
0 0.332031 0.965625 0.0507812 0.06875 0.00178909
1 0.764453 0.896094 0.107031 0.203125 0.00178242
0 0.787695 0.264844 0.0589844 0.115625 0.00177479
0 0.628125 0.0496582 0.178125 0.0993164 0.00176811
0 0.521875 0.0804688 0.160156 0.160938 0.00176811
0 0 0.490625 0 0.184375 0.00176144
0 0.400879 0.670313 0.11543 0.328125 0.00174141
1 0.269141 0.745313 0.147656 0.323438 0.00173378
1 0.650781 0.927344 0.2625 0.145313 0.0017271
0 0.675391 0.704297 0.249219 0.255469 0.00172043
0 0.408594 0.88125 0.046875 0.148438 0.00171375
0 0.116895 0.983203 0.14668 0.0335938 0.00171375
0 0.603125 0.779688 0.154687 0.301562 0.00169373
0 0.0876709 0.467969 0.0570801 0.129688 0.00168705
0 0.565234 0.947656 0.0703125 0.104687 0.00168705
0 0.860937 0.601562 0.1375 0.301562 0.00166798
1 0.176123 0.53125 0.154004 0.309375 0.0016613
0 0.104102 0.957812 0.0574219 0.084375 0.0016489
0 0.0770508 0.923047 0.154102 0.153906 0.0016489
0 0.95 0.419922 0.065625 0.123438 0.0016489
0 0 0.716406 0 0.179688 0.0016489
0 0.467969 0.983984 0.154687 0.0320312 0.0016489
0 0.663281 0.3875 0.154687 0.244531 0.00162888
0 0.440234 0.411621 0.0695312 0.112695 0.00162315
0 0.00490723 0.730469 0.00981445 0.176563 0.00162315
1 0.634375 0.101465 0.119531 0.20293 0.00162315
0 0.355859 0.971875 0.096875 0.05625 0.00162315
0 0.0767578 0.660156 0.0507812 0.201562 0.00161648
0 0.385059 0.0416504 0.198633 0.0833008 0.00161076
1 0.700781 0.764063 0.159375 0.3 0.00161076
0 0.647656 0.779688 0.148438 0.3 0.00160408
1 0.388281 0.983984 0.166406 0.0320312 0.0015974
0 0.141309 0.982031 0.155664 0.0359375 0.00158501
0 0.216406 0.33125 0.0773437 0.0992187 0.00158501
0 0.427734 0.957031 0.0507812 0.0859375 0.00156689
0 0.659375 0.100781 0.139062 0.201562 0.00156689
1 0.125586 0.550781 0.0734375 0.329688 0.00156116
1 0.895312 0.982813 0.146875 0.034375 0.00156116
0 0.925 0.914844 0.05625 0.125 0.00156116
0 0.635547 0.903125 0.147656 0.190625 0.00155449
0 0.588281 0.983984 0.164062 0.0320312 0.00153637
0 0.528125 0.0449219 0.0703125 0.0898438 0.00153065
1 0.876562 0.857617 0.084375 0.178516 0.00153065
0 0.601953 0.0428711 0.202344 0.0857422 0.00152493
1 0.400879 0.670313 0.11543 0.328125 0.0015192
1 0.282617 0.634277 0.394922 0.558008 0.76416
1 0.629687 0.782031 0.384375 0.425 0.582031
1 0.339063 0.207031 0.315625 0.275391 0.17749
0 0.469531 0.415723 0.135937 0.131055 0.0994873
0 0.625781 0.774219 0.376563 0.401563 0.0963745
0 0.285498 0.632031 0.392285 0.548437 0.0928345
0 0.560938 0.230908 0.114063 0.181934 0.088501
1 0.560938 0.230908 0.114063 0.181934 0.0583496
0 0.311719 0.191797 0.204688 0.223828 0.0531921
0 0.860156 0.624609 0.135937 0.219531 0.0401001
0 0.864844 0.601953 0.19375 0.308594 0.032959
0 0.303516 0.158179 0.175 0.172314 0.0327148
1 0.469531 0.415723 0.135937 0.131055 0.028656
1 0.311719 0.191797 0.204688 0.223828 0.0285492
0 0.264648 0.47041 0.234766 0.21543 0.024231
0 0.353516 0.976953 0.113281 0.0460938 0.0222931
0 0.331641 0.976562 0.113281 0.046875 0.021698
0 0.870313 0.572656 0.115625 0.23125 0.0207214
1 0.864844 0.601953 0.19375 0.308594 0.0206909
0 0.634375 0.389062 0.140625 0.140625 0.0202484
0 0.510156 0.896875 0.123438 0.203125 0.0200195
1 0.303516 0.158179 0.175 0.172314 0.0193481
0 0.318359 0.221094 0.183594 0.176563 0.0189056
0 0.291406 0.651953 0.09375 0.125781 0.0179138
0 0.567969 0.766406 0.138281 0.226562 0.0161591
0 0.566406 0.246289 0.0929687 0.159375 0.0154266
0 0.553125 0.220898 0.090625 0.158203 0.0148392
0 0.819531 0.212891 0.0921875 0.131641 0.0147324
0 0.646094 0.362891 0.14375 0.101562 0.0142822
0 0.477734 0.446484 0.141406 0.175 0.0142822
0 0.251953 0.43125 0.187109 0.166406 0.0132217
0 0.655469 0.722266 0.20625 0.224219 0.0122375
0 0.754687 0.941406 0.109375 0.10625 0.0108566
0 0.860937 0.535156 0.134375 0.179688 0.0105667
0 0.675 0.746094 0.175 0.23125 0.0102081
0 0.654297 0.34082 0.14375 0.102734 0.0100555
0 0.376563 0.255664 0.15625 0.211328 0.00993347
1 0.870313 0.572656 0.115625 0.23125 0.00963593
0 0.534375 0.767187 0.160938 0.229687 0.00926971
1 0.476562 0.419434 0.4125 0.154883 0.00919342
0 0.399609 0.619531 0.121094 0.23125 0.00912476
1 0.553125 0.220898 0.090625 0.158203 0.00905609
0 0.363867 0.273047 0.131641 0.132812 0.00905609
0 0.749609 0.971094 0.116406 0.0578125 0.00891876
1 0.861719 0.610547 0.134375 0.230469 0.0086441
0 0.733203 0.975781 0.113281 0.0484375 0.008255
1 0.327148 0.177344 0.280859 0.210156 0.00812531
0 0.296875 0.209717 0.151562 0.16416 0.00793457
1 0.567969 0.748438 0.15625 0.210938 0.00769424
1 0.318359 0.221094 0.183594 0.176563 0.00763702
0 0.362305 0.283789 0.105859 0.102734 0.00751877
0 0.646094 0.939062 0.101562 0.10625 0.00746155
0 0.633594 0.599219 0.1125 0.0953125 0.00723267
0 0.599609 0.225439 0.129688 0.17959 0.00723267
1 0.264648 0.47041 0.234766 0.21543 0.00723267
1 0.510156 0.896875 0.123438 0.203125 0.00701141
0 0.873438 0.879687 0.078125 0.0875 0.0068512
0 0.339453 0.246484 0.164844 0.174609 0.00677109
0 0.857813 0.975781 0.09375 0.0484375 0.00674438
0 0.596875 0.744531 0.165625 0.207813 0.00664139
0 0.584375 0.9375 0.0828125 0.104687 0.00653839
0 0.842188 0.417578 0.104687 0.0953125 0.00638962
0 0.441797 0.286328 0.108594 0.128125 0.00621796
0 0.743359 0.520703 0.105469 0.127344 0.00619125
1 0.291406 0.651953 0.09375 0.125781 0.00619125
0 0.542969 0.978906 0.129688 0.0421875 0.00605011
0 0.647656 0.771875 0.151562 0.223438 0.00600433
0 0.65625 0.677734 0.190625 0.191406 0.00595856
0 0.147949 0.972656 0.118164 0.0546875 0.00591278
0 0.0939453 0.974219 0.121094 0.0515625 0.00582123
0 0.643359 0.797656 0.130469 0.221875 0.00570679
1 0.534375 0.767187 0.160938 0.229687 0.00568771
0 0.117554 0.972656 0.123096 0.0546875 0.00538635
0 0.519531 0.915625 0.125 0.153125 0.00518036
1 0.819531 0.212891 0.0921875 0.131641 0.00518036
1 0.399609 0.619531 0.121094 0.23125 0.00518036
1 0.566406 0.246289 0.0929687 0.159375 0.00510025
1 0.860937 0.535156 0.134375 0.179688 0.0050621
0 0.731641 0.514063 0.119531 0.170312 0.00500107
0 0.408691 0.291016 0.141992 0.119531 0.00498199
0 0.619922 0.793945 0.128125 0.212109 0.00475693
1 0.423828 0.455078 0.396094 0.249219 0.00475693
0 0.610156 0.767969 0.161719 0.210938 0.00471878
0 0.94375 0.973437 0.1125 0.053125 0.0046463
1 0.477734 0.446484 0.141406 0.175 0.00457382
0 0.295312 0.977344 0.140234 0.0453125 0.00446701
0 0.64375 0.621875 0.135937 0.126563 0.00443268
1 0.251953 0.43125 0.187109 0.166406 0.00436401
0 0.508203 0.788867 0.125781 0.244141 0.00426483
0 0.892969 0.978125 0.114063 0.04375 0.0042305
1 0.588281 0.223633 0.207813 0.216797 0.00403976
0 0.682031 0.79375 0.126563 0.239063 0.00399017
1 0.457031 0.452734 0.601562 0.214844 0.00397491
0 0.653516 0.643359 0.155469 0.159375 0.0039444
0 0.942187 0.106738 0.1 0.126758 0.00376511
0 0.723437 0.4875 0.125 0.146875 0.00374985
0 0.172852 0.975 0.108203 0.05 0.0037365
1 0.850781 0.635156 0.126563 0.1875 0.00367928
0 0.258398 0.512109 0.180859 0.235156 0.00367928
0 0.561719 0.734375 0.146875 0.185937 0.00365067
1 0.363867 0.273047 0.131641 0.132812 0.00362206
1 0.634375 0.389062 0.140625 0.140625 0.00355148
0 0.338672 0.205518 0.308594 0.265527 0.00342941
0 0.850781 0.594531 0.134375 0.217187 0.00340271
0 0.30918 0.233252 0.148828 0.147559 0.00340271
1 0.358203 0.212305 0.53125 0.299609 0.00336266
0 0.567969 0.951563 0.107813 0.084375 0.00335121
0 0.620313 0.939844 0.115625 0.103125 0.00327301
0 0.61875 0.722656 0.226562 0.204688 0.00322342
1 0.655469 0.722266 0.20625 0.224219 0.00319672
1 0.836719 0.580469 0.251563 0.2875 0.00319672
1 0.363086 0.251563 0.149609 0.19375 0.00317192
0 0.821094 0.230127 0.117188 0.16709 0.00316048
0 0.575781 0.27168 0.0953125 0.127344 0.00314713
0 0.497266 0.874805 0.102344 0.250391 0.003088
0 0.218945 0.325781 0.0804688 0.0933594 0.003088
1 0.296875 0.209717 0.151562 0.16416 0.00307465
0 0.636719 0.900781 0.13125 0.18125 0.00307465
1 0.508203 0.788867 0.125781 0.244141 0.00300407
0 0.295312 0.12146 0.15625 0.120361 0.00300407
0 0.707031 0.789844 0.139062 0.239063 0.00299263
1 0.599609 0.225439 0.129688 0.17959 0.00293541
0 0.935938 0.978125 0.09375 0.04375 0.00293541
0 0.067041 0.882812 0.12373 0.0875 0.00290108
0 0.485938 0.974219 0.0859375 0.0515625 0.00286674
0 0.855469 0.435156 0.126563 0.1 0.00286674
1 0.633594 0.599219 0.1125 0.0953125 0.00281143
0 0.839063 0.975781 0.08125 0.0484375 0.00281143
1 0.547266 0.449219 0.561719 0.2375 0.00279045
0 0.953906 0.883594 0.0921875 0.135937 0.00269318
0 0.921875 0.109668 0.120312 0.119727 0.0026722
0 0.507422 0.976953 0.110156 0.0460938 0.00265312
0 0.136328 0.952344 0.0863281 0.0875 0.00265312
1 0.596875 0.744531 0.165625 0.207813 0.00263214
0 0.836719 0.580469 0.251563 0.2875 0.0026207
0 0.619922 0.975 0.150781 0.05 0.00259018
1 0.377734 0.275 0.149219 0.157813 0.00257111
0 0.398438 0.276563 0.163281 0.164062 0.00255013
1 0.562891 0.395996 0.567969 0.250195 0.00254059
1 0.675 0.746094 0.175 0.23125 0.00253105
0 0.857813 0.501953 0.1375 0.171094 0.00251198
0 0.292773 0.496484 0.205078 0.186719 0.00251198
0 0.538672 0.198047 0.1 0.172656 0.0024929
1 0.842188 0.417578 0.104687 0.0953125 0.00248146
0 0.756641 0.528906 0.111719 0.110937 0.00247192
0 0.110937 0.954687 0.0914062 0.0828125 0.00247192
0 0.231641 0.33125 0.10625 0.0796875 0.00245285
1 0.4 0.516797 0.547656 0.355469 0.00240517
1 0.339453 0.246484 0.164844 0.174609 0.00239754
1 0.65625 0.677734 0.190625 0.191406 0.00239754
0 0.299023 0.675391 0.117969 0.186719 0.00228691
0 0.612891 0.090625 0.105469 0.0960938 0.00224304
1 0.503906 0.867969 0.125 0.226562 0.00221634
0 0.302734 0.642969 0.109375 0.185156 0.00220871
0 0.617188 0.399219 0.110937 0.134375 0.00219917
1 0.743359 0.520703 0.105469 0.127344 0.00218201
1 0.491406 0.857813 0.0953125 0.264062 0.00214005
0 0.890625 0.10918 0.078125 0.10625 0.00211525
0 0.162109 0.714453 0.1375 0.213281 0.00210762
0 0.379687 0.978125 0.147656 0.04375 0.0020504
1 0.362305 0.283789 0.105859 0.102734 0.00203514
0 0.592969 0.786133 0.1375 0.205859 0.00198746
0 0.451172 0.398047 0.090625 0.09375 0.00198746
0 0.619531 0.909375 0.125 0.171875 0.00194931
1 0.538672 0.198047 0.1 0.172656 0.00192642
0 0.295312 0.705469 0.105859 0.235938 0.00191212
0 0.588281 0.223633 0.207813 0.216797 0.00189686
1 0.731641 0.514063 0.119531 0.170312 0.00188255
0 0.394141 0.236719 0.160156 0.197656 0.00187492
0 0.351562 0.0422852 0.128906 0.0845703 0.00186062
0 0.607813 0.419531 0.103125 0.153906 0.00186062
0 0.660156 0.325781 0.123438 0.103125 0.00184631
0 0.578906 0.0397461 0.117188 0.0794922 0.00183105
0 0.577734 0.926562 0.0632813 0.090625 0.00182438
0 0.493359 0.0500977 0.13125 0.100195 0.0018177
1 0.758984 0.9375 0.105469 0.1125 0.00179577
0 0.329102 0.0422363 0.118359 0.0844727 0.00176811
1 0.441797 0.286328 0.108594 0.128125 0.00176811
0 0.477344 0.0706055 0.120312 0.125195 0.00176144
0 0.157031 0.607031 0.135937 0.2625 0.00174809
0 0.774219 0.0832031 0.090625 0.144531 0.00174141
0 0.163672 0.951563 0.0882813 0.0875 0.0017271
0 0.946094 0.914062 0.08125 0.128125 0.00170708
1 0.657422 0.422754 0.322656 0.27168 0.0017004
0 0.595312 0.978516 0.178125 0.0429688 0.0017004
0 0.655469 0.928906 0.114063 0.134375 0.0017004
0 0.719531 0.511719 0.0828125 0.124219 0.00168133
1 0.646094 0.362891 0.14375 0.101562 0.00166798
0 0.241992 0.396484 0.155078 0.135156 0.00165462
0 0.591406 0.0871094 0.0875 0.084375 0.00165462
0 0.98125 0.492969 0.0375 0.1625 0.0016489
0 0.829687 0.661719 0.271875 0.46875 0.00162315
1 0.295312 0.12146 0.15625 0.120361 0.00161076
0 0.980469 0.733594 0.0390625 0.204688 0.00161076
1 0.647656 0.771875 0.151562 0.223438 0.0015974
0 0.489062 0.833594 0.0921875 0.264062 0.00158501
0 0.813281 0.24917 0.0859375 0.17041 0.00157928
0 0.292188 0.514063 0.166406 0.175 0.00157356
1 0.589844 0.929688 0.0820312 0.125 0.00157356
0 0.34707 0.222656 0.182422 0.185547 0.00154877
1 0.610156 0.767969 0.161719 0.210938 0.00154877
1 0.491797 0.794531 0.0882813 0.245312 0.00153637
0 0.967969 0.720312 0.0640625 0.175 0.00153065
0 0.171777 0.570312 0.135742 0.245312 0.00153065
1 0.64375 0.621875 0.135937 0.126563 0.00153065
0 0.491797 0.794531 0.0882813 0.245312 0.0015192
0 0.533203 0.162598 0.1 0.126367 0.00151253
0 0.245703 0.538281 0.153516 0.216406 0.00151253
1 0.567578 0.785156 0.114844 0.21875 0.00149536
0 0.267773 0.977344 0.144922 0.0453125 0.00149536
1 0.408691 0.291016 0.141992 0.119531 0.0014782
1 0.654297 0.34082 0.14375 0.102734 0.00146675
1 0.873438 0.879687 0.078125 0.0875 0.00146103
1 0.857813 0.501953 0.1375 0.171094 0.00145531
0 0.98125 0.671094 0.0375 0.209375 0.00144386
0 0.471875 0.836719 0.06875 0.204688 0.00144386
1 0.619922 0.793945 0.128125 0.212109 0.0014267
1 0.643359 0.797656 0.130469 0.221875 0.00141621
0 0.980469 0.889063 0.0390625 0.153125 0.00141048
0 0.545313 0.0390625 0.121875 0.078125 0.00139427
1 0.302734 0.642969 0.109375 0.185156 0.00139427
1 0.218945 0.325781 0.0804688 0.0933594 0.00137806
1 0.855469 0.435156 0.126563 0.1 0.00137234
0 0.379297 0.624219 0.122656 0.223438 0.00136662
0 0.870313 0.654297 0.135937 0.219531 0.00135612
0 0.914062 0.957812 0.071875 0.0796875 0.00134563
1 0.519531 0.915625 0.125 0.153125 0.00133514
0 0.917188 0.926562 0.0484375 0.09375 0.00132465
0 0.95625 0.0400391 0.0875 0.0800781 0.00132465
0 0.298389 0.983203 0.30166 0.0335938 0.00132465
0 0.957031 0.218311 0.0859375 0.132129 0.00130463
0 0.515625 0.0410645 0.125781 0.0821289 0.00127411
0 0.98125 0.440234 0.0375 0.177344 0.00127411
1 0.829687 0.661719 0.271875 0.46875 0.00127411
1 0.653516 0.643359 0.155469 0.159375 0.00125504
1 0.723437 0.4875 0.125 0.146875 0.00124931
0 0.795313 0.271875 0.06875 0.121875 0.00124931
0 0.6 0.0435547 0.13125 0.0871094 0.00123978
1 0.60625 0.19375 0.245312 0.167969 0.00123501
0 0.98125 0.617969 0.0375 0.204688 0.00123501
1 0.258398 0.512109 0.180859 0.235156 0.00122547
1 0.8 0.559375 0.326562 0.3 0.00121593
0 0.433203 0.279297 0.132031 0.160938 0.00120163
0 0.96875 0.0402344 0.0625 0.0804688 0.00119686
0 0.394629 0.657812 0.116992 0.240625 0.00117874
1 0.821094 0.230127 0.117188 0.16709 0.00116539
0 0.287305 0.225391 0.111328 0.128906 0.00116539
1 0.622656 0.901563 0.117188 0.175 0.00116062
0 0.476562 0.419434 0.4125 0.154883 0.00116062
0 0.0907227 0.957812 0.0853516 0.078125 0.00116062
0 0.98125 0.357422 0.0375 0.190625 0.00116062
0 0.919531 0.935938 0.06875 0.109375 0.0011425
0 0.609375 0.077832 0.128125 0.129492 0.00112438
0 0.298828 0.0426758 0.116406 0.0853516 0.00112438
0 0.0595581 0.975781 0.0984619 0.0484375 0.00112057
0 0.156348 0.651172 0.139648 0.264844 0.0011158
0 0.264844 0.760547 0.339063 0.316406 0.0011034
0 0.416016 0.977344 0.117969 0.0453125 0.00109863
1 0.231641 0.33125 0.10625 0.0796875 0.00109863
1 0.646094 0.939062 0.101562 0.10625 0.00109005
0 0.634766 0.0985352 0.102344 0.119922 0.00109005
0 0.194727 0.310156 0.0675781 0.115625 0.00109005
1 0.30918 0.233252 0.148828 0.147559 0.00107288
1 0.320703 0.140527 0.260156 0.14707 0.00107288
1 0.158984 0.692969 0.141016 0.223438 0.00106907
0 0.591797 0.0711914 0.103125 0.112695 0.00106525
0 0.549609 0.955469 0.10625 0.078125 0.00106525
1 0.353516 0.976953 0.113281 0.0460938 0.00106049
1 0.348242 0.982813 0.328516 0.034375 0.00105667
1 0.331641 0.976562 0.113281 0.046875 0.00104809
1 0.157031 0.607031 0.135937 0.2625 0.00104809
0 0.823438 0.410547 0.0875 0.121094 0.00104427
0 0.98125 0.403516 0.0375 0.19375 0.00102425
0 0.511719 0.750781 0.109375 0.214062 0.00101662
1 0.575781 0.27168 0.0953125 0.127344 0.00101185
1 0.292773 0.496484 0.205078 0.186719 0.00100803
0 0.979688 0.777344 0.040625 0.198437 0.00100803
1 0.618359 0.934375 0.124219 0.125 0.00100803
0 0.871094 0.109082 0.0703125 0.104492 0.00100422
1 0.292578 0.635156 0.414844 0.578125 0.842285
1 0.637891 0.781445 0.407031 0.430859 0.371094
1 0.461816 0.548828 0.729492 0.783594 0.081543
1 0.589453 0.49375 0.703906 0.8875 0.0598755
1 0.707812 0.759375 0.53125 0.45 0.0382385
1 0.336719 0.228076 0.357812 0.325098 0.0359497
1 0.322852 0.410156 0.414453 0.696094 0.0212097
0 0.460938 0.432031 0.157813 0.174219 0.016983
0 0.311328 0.182422 0.189063 0.228906 0.0158997
0 0.290625 0.644141 0.417188 0.572656 0.0115051
0 0.578125 0.232617 0.151562 0.219141 0.0112457
0 0.634766 0.77832 0.400781 0.424609 0.0110321
1 0.365625 0.499219 0.559375 0.914062 0.00933838
1 0.710547 0.488672 0.532031 0.841406 0.00600433
0 0.473828 0.417578 0.149219 0.139844 0.00392914
0 0.707812 0.759375 0.53125 0.45 0.00335121
0 0.302148 0.150977 0.180078 0.163281 0.00293541
1 0.571875 0.458594 0.498437 0.832812 0.00282288
1 0.758594 0.623438 0.420312 0.671875 0.00276756
0 0.268164 0.478516 0.201172 0.228125 0.00264168
1 0.61875 0.204248 0.270312 0.321973 0.00219917
1 0.460938 0.432031 0.157813 0.174219 0.00185299
1 0.578125 0.232617 0.151562 0.219141 0.00182438
1 0.666016 0.20332 0.364844 0.406641 0.0016489
1 0.826563 0.613281 0.29375 0.610937 0.0016489
0 0.589453 0.49375 0.703906 0.8875 0.00149536
0 0.915625 0.926562 0.046875 0.084375 0.00143242
1 0.832031 0.433203 0.317187 0.747656 0.00140476
0 0.559375 0.258594 0.127344 0.232031 0.00138283
1 0.722656 0.373437 0.479688 0.696875 0.00131512
0 0.333594 0.21875 0.179688 0.219531 0.00125504
0 0.260107 0.435059 0.211816 0.18457 0.00124454
0 0.290234 0.497656 0.189844 0.21875 0.00123978
1 0.676562 0.208594 0.485938 0.417188 0.00117397
1 0.948438 0.434766 0.103125 0.705469 0.00113773
0 0.817969 0.220654 0.125 0.157129 0.00113392
1 0.311328 0.182422 0.189063 0.228906 0.00113392
0 0.853125 0.667188 0.239063 0.560938 0.0011158
0 0.381641 0.610547 0.160156 0.265625 0.0011158
0 0.380566 0.253125 0.15918 0.214844 0.00109005
0 0.851367 0.566406 0.153516 0.2625 0.00105667
0 0.508594 0.879883 0.140625 0.240234 0.00104809
1 0.853125 0.667188 0.239063 0.560938 0.00102043
1 0.337305 0.191455 0.289453 0.242871 0.00100803
1 0.292578 0.642285 0.419531 0.581055 0.81543
1 0.639844 0.767969 0.415625 0.45625 0.705566
1 0.347852 0.258789 0.385547 0.401172 0.106323
1 0.348242 0.31582 0.459766 0.519922 0.088501
0 0.646094 0.772656 0.4375 0.454688 0.0559387
0 0.295117 0.628516 0.426172 0.591406 0.0461121
1 0.380371 0.206982 0.354883 0.246973 0.0149536
1 0.43916 0.499121 0.585742 0.436133 0.012291
1 0.356445 0.412891 0.508203 0.716406 0.0100555
1 0.407813 0.578516 0.66875 0.483594 0.00959778
1 0.428516 0.391406 0.602344 0.6125 0.00847626
1 0.791992 0.596094 0.366016 0.61875 0.00821686
1 0.749609 0.509375 0.444531 0.59375 0.00671768
1 0.346875 0.247266 0.517969 0.435156 0.00634003
0 0.791992 0.596094 0.366016 0.61875 0.00561905
1 0.563672 0.261768 0.125 0.264746 0.00521851
0 0.380371 0.206982 0.354883 0.246973 0.00511932
1 0.452734 0.621484 0.627344 0.622656 0.00439835
1 0.573047 0.438281 0.469531 0.590625 0.00415039
1 0.478906 0.83125 0.08125 0.33125 0.00413513
1 0.647656 0.224219 0.35625 0.448438 0.0041008
0 0.749609 0.509375 0.444531 0.59375 0.00403976
0 0.852344 0.639453 0.2625 0.607031 0.00399017
1 0.349219 0.220361 0.26875 0.237402 0.00367928
1 0.852344 0.639453 0.2625 0.607031 0.00365067
1 0.622656 0.200781 0.28125 0.399219 0.00340271
1 0.496094 0.834766 0.114063 0.330469 0.00324821
1 0.271094 0.342773 0.436719 0.611328 0.00290108
1 0.733594 0.414746 0.459375 0.61582 0.00279999
1 0.730859 0.657031 0.483594 0.615625 0.00264168
1 0.657031 0.420703 0.439063 0.566406 0.0026207
1 0.350977 0.220703 0.323047 0.325781 0.00244331
1 0.697266 0.266406 0.452344 0.529688 0.00243378
0 0.458594 0.567578 0.604688 0.555469 0.00233269
1 0.874023 0.394531 0.251953 0.603125 0.00231361
1 0.513281 0.878125 0.139062 0.24375 0.00221634
1 0.16416 0.345703 0.291211 0.624219 0.00219917
1 0.950781 0.387109 0.0984375 0.602344 0.00193405
1 0.847266 0.448047 0.305469 0.660156 0.00186062
0 0.950781 0.387109 0.0984375 0.602344 0.0018034
1 0.5125 0.773828 0.1375 0.289844 0.00174141
1 0.585547 0.615625 0.438281 0.670313 0.00174141
0 0.874023 0.394531 0.251953 0.603125 0.00172043
0 0.569629 0.538379 0.468555 0.651367 0.0015974
0 0.730859 0.657031 0.483594 0.615625 0.00155449
0 0.657031 0.420703 0.439063 0.566406 0.00145531
0 0.733594 0.414746 0.459375 0.61582 0.00141048
0 0.847266 0.448047 0.305469 0.660156 0.00137234
0 0.482422 0.462109 0.594531 0.544531 0.00134563
0 0.328711 0.497266 0.394141 0.275781 0.00128937
1 0.546094 0.773438 0.197656 0.290625 0.0012846
0 0.563672 0.261768 0.125 0.264746 0.00124931
1 0.632031 0.293164 0.315625 0.540234 0.00124454
1 0.601953 0.363672 0.408594 0.627344 0.00122547
0 0.349219 0.220361 0.26875 0.237402 0.00118828
0 0.920313 0.645703 0.159375 0.611719 0.00118351
1 0.325781 0.177295 0.2375 0.216504 0.00113773
1 0.418848 0.311328 0.707617 0.561719 0.00107288
1 0.300195 0.216992 0.214453 0.231641 0.00107288
1 0.114746 0.777148 0.229492 0.445703 0.00104427
1 0.168945 0.770703 0.330078 0.458594 0.00103188
1 0.285498 0.637891 0.393848 0.555469 0.82373
1 0.628516 0.795313 0.383594 0.403125 0.692871
0 0.284717 0.635547 0.391504 0.547656 0.09552
1 0.336719 0.222705 0.304688 0.293652 0.0856934
0 0.614844 0.774609 0.348437 0.417969 0.0432739
0 0.919531 0.928906 0.0484375 0.0703125 0.028656
1 0.428027 0.520996 0.706445 0.37832 0.024704
1 0.328516 0.274609 0.353125 0.400781 0.0222473
1 0.423828 0.455566 0.621094 0.357617 0.0213318
0 0.00476074 0.714063 0.00952148 0.253125 0.021286
0 0.00473633 0.927344 0.00947266 0.145313 0.0167847
0 0.00454102 0.946094 0.00908203 0.107813 0.014389
0 0.195312 0.316406 0.0523437 0.0902344 0.0142822
1 0.309766 0.187891 0.226562 0.232812 0.0123367
0 0.319531 0.985156 0.0710938 0.0296875 0.0118256
1 0.554688 0.243945 0.109375 0.106641 0.0118256
1 0.377344 0.496094 0.458594 0.425 0.0113297
0 0.211133 0.325391 0.0847656 0.0851562 0.00967407
0 0.287109 0.985156 0.0988281 0.0296875 0.00919342
0 0.425 0.95 0.075 0.0625 0.00891876
0 0.873438 0.114258 0.0671875 0.0722656 0.00847626
0 0.578906 0.921875 0.0671875 0.0875 0.00844574
0 0.344727 0.984375 0.0902344 0.03125 0.00751877
0 0.00478516 0.269727 0.00957031 0.241797 0.00725937
0 0.436719 0.400781 0.078125 0.0632813 0.00703812
0 0.321289 0.991406 0.112891 0.0171875 0.0069313
0 0.591406 0.0881104 0.059375 0.0616699 0.0069313
0 0.4375 0.4 0.114063 0.0671875 0.0069313
1 0.553906 0.224951 0.114063 0.117285 0.0069046
1 0.460156 0.57334 0.873438 0.468945 0.00671768
1 0.862695 0.626562 0.196484 0.364062 0.00656509
0 0.461719 0.831055 0.05625 0.134766 0.00634003
0 0.267578 0.985156 0.119922 0.0296875 0.00624084
0 0.188672 0.302148 0.0511719 0.0835937 0.00621796
0 0.867188 0.88125 0.0875 0.071875 0.00602722
0 0.591016 0.0897461 0.0710938 0.0763672 0.00577545
0 0.00466309 0.044043 0.00932617 0.0880859 0.00568771
0 0.570312 0.929688 0.08125 0.0828125 0.00564194
0 0.115039 0.653125 0.0636719 0.139062 0.00559998
0 0.864844 0.8875 0.065625 0.053125 0.00526047
0 0.925 0.928125 0.05625 0.090625 0.00524139
0 0.00478516 0.892578 0.00957031 0.214844 0.00524139
0 0.415625 0.864062 0.040625 0.0453125 0.00524139
0 0.715625 0.983594 0.09375 0.0328125 0.00518036
0 0.808594 0.191016 0.10625 0.0910156 0.00482941
0 0.00472412 0.858008 0.00944824 0.243359 0.0046463
0 0.473047 0.983203 0.0484375 0.0335938 0.0045929
1 0.509375 0.402344 0.807813 0.501562 0.00457382
1 0.560547 0.267578 0.110156 0.09375 0.00453949
1 0.576172 0.824219 0.283594 0.340625 0.00438309
0 0.296484 0.991406 0.142188 0.0171875 0.00436401
0 0.352734 0.983984 0.166406 0.0320312 0.00428009
0 0.862695 0.626562 0.196484 0.364062 0.00426483
0 0.914844 0.939062 0.05 0.071875 0.00424957
1 0.507812 0.895312 0.135937 0.209375 0.0042305
1 0.60625 0.198242 0.253906 0.316797 0.00418091
1 0.309375 0.234961 0.442969 0.339453 0.00416565
0 0.00471191 0.194141 0.00942383 0.241797 0.00413513
0 0.00471191 0.557422 0.00942383 0.242969 0.0041008
0 0.625 0.59375 0.139062 0.06875 0.00397491
1 0.559375 0.204297 0.2625 0.321875 0.00391388
0 0.566406 0.0365723 0.123438 0.049707 0.00388527
0 0.344531 0.992188 0.133594 0.015625 0.00388527
0 0.988281 0.975 0.0234375 0.04375 0.00385475
0 0.558594 0.960938 0.139062 0.06875 0.00385475
0 0.00473633 0.807813 0.00947266 0.246875 0.00379562
0 0.00472412 0.607031 0.00944824 0.240625 0.00379562
0 0.538672 0.564844 0.0703125 0.0640625 0.00372124
0 0.00473633 0.319141 0.00947266 0.241406 0.00367928
1 0.765234 0.653125 0.399219 0.440625 0.00366402
0 0.413281 0.95625 0.0953125 0.059375 0.00365067
0 0.454297 0.821875 0.053125 0.104687 0.00356483
0 0.535156 0.983203 0.176563 0.0335938 0.00351143
0 0.00467529 0.111719 0.00935059 0.223438 0.00351143
1 0.516406 0.917188 0.139062 0.13125 0.00348282
0 0.00476074 0.471484 0.00952148 0.246094 0.00348282
0 0.903906 0.982813 0.0875 0.034375 0.00345612
0 0.452734 0.984375 0.0554687 0.03125 0.00342941
1 0.810938 0.600391 0.303125 0.377344 0.00337601
0 0.293359 0.976562 0.151562 0.040625 0.00333786
1 0.919531 0.928906 0.0484375 0.0703125 0.00332451
0 0.5625 0.952344 0.117188 0.0953125 0.00332451
0 0.964063 0.942969 0.071875 0.114063 0.00329781
0 0.454688 0.399609 0.120312 0.078125 0.00327301
0 0.980469 0.973437 0.0390625 0.046875 0.00327301
1 0.298633 0.190967 0.205859 0.125098 0.00327301
0 0.0375488 0.992188 0.0750977 0.015625 0.00323486
0 0.560938 0.971875 0.158594 0.053125 0.00322342
0 0.0798828 0.677734 0.0410156 0.0789063 0.00309944
0 0.0334473 0.974219 0.0417969 0.04375 0.00309944
0 0.475 0.991797 0.109375 0.0164062 0.00305176
0 0.0331543 0.983984 0.0367187 0.0320312 0.00302696
0 0.122266 0.665625 0.0732422 0.142188 0.00287819
0 0.96875 0.964844 0.0625 0.05 0.00284576
0 0.0425659 0.984375 0.035376 0.03125 0.00283432
0 0.988672 0.983203 0.0226563 0.0335938 0.00281143
1 0.321484 0.216992 0.214062 0.102734 0.00281143
0 0.0404297 0.975 0.0396484 0.04375 0.00279999
1 0.567187 0.942187 0.113281 0.090625 0.00279045
0 0.721094 0.992188 0.135937 0.015625 0.00277901
0 0.105664 0.648438 0.0574219 0.14375 0.00277901
0 0.976172 0.488281 0.0476562 0.053125 0.00277901
0 0.00473633 0.407422 0.00947266 0.242188 0.00275803
0 0.0302979 0.992188 0.0605957 0.015625 0.00273705
1 0.559375 0.925 0.133594 0.0984375 0.00273705
0 0.0046875 0.0754883 0.009375 0.150977 0.00271416
1 0.00454102 0.946094 0.00908203 0.107813 0.00268364
0 0 0.959766 0 0.0804688 0.00261116
0 0.328906 0.976562 0.18125 0.040625 0.00257111
1 0.325 0.388281 0.489844 0.642187 0.00255013
0 0.457812 0.992188 0.096875 0.015625 0.00253105
0 0.309766 0.187891 0.226562 0.232812 0.00247192
0 0.221094 0.328125 0.15625 0.0578125 0.00247192
0 0.594141 0.977344 0.16875 0.0453125 0.00245285
0 0.753125 0.977344 0.11875 0.0453125 0.00242424
0 0.0046875 0.658203 0.009375 0.244531 0.00242424
0 0.867188 0.112891 0.0625 0.0570313 0.00239754
1 0.00476074 0.714063 0.00952148 0.253125 0.00237846
0 0.903906 0.974219 0.0796875 0.0484375 0.00235939
0 0.00476074 0.760938 0.00952148 0.25 0.00235939
1 0.399219 0.292578 0.178906 0.101562 0.00234222
0 0.429688 0.983594 0.08125 0.0328125 0.00228691
0 0.617969 0.602344 0.0898438 0.0554687 0.00226974
1 0.00473633 0.927344 0.00947266 0.145313 0.00221634
0 0.344727 0.975391 0.133984 0.0492188 0.00218201
0 0.486719 0.982031 0.053125 0.0359375 0.00218201
0 0.483594 0.945312 0.0625 0.103125 0.00214005
0 0.562891 0.982813 0.158594 0.034375 0.00214005
0 0.430469 0.853125 0.0375 0.04375 0.00211525
0 0.0833008 0.66875 0.0373047 0.0828125 0.00211525
0 0.273242 0.660547 0.112109 0.102344 0.00211525
1 0.599219 0.174219 0.329688 0.348437 0.0020752
1 0.551172 0.458496 0.657031 0.461133 0.00206757
0 0.545313 0.223828 0.084375 0.115625 0.00206757
0 0.428027 0.520996 0.706445 0.37832 0.00206757
0 0.948438 0.960938 0.096875 0.0625 0.00199509
0 0.537891 0.224219 0.06875 0.09375 0.00198746
0 0.15 0.98125 0.0800781 0.0375 0.00198746
1 0.610547 0.929688 0.185937 0.109375 0.00194168
1 0.493359 0.176953 0.497656 0.353906 0.00194168
0 0.765234 0.653125 0.399219 0.440625 0.00194168
0 0.429297 0.864844 0.0382813 0.040625 0.00192642
0 0 0.045752 0 0.0915039 0.00191212
0 0.415234 0.876562 0.0414063 0.040625 0.00189686
0 0.186328 0.290625 0.0484375 0.071875 0.00188255
0 0.969922 0.482812 0.0601562 0.059375 0.00185299
0 0 0.875 0 0.134375 0.00184631
0 0 0.149707 0 0.134961 0.00182438
1 0.316016 0.240039 0.191406 0.0933594 0.00179577
0 0.764453 0.982813 0.135156 0.034375 0.00178909
0 0.0722656 0.992188 0.144531 0.015625 0.00178242
0 0.535547 0.974219 0.177344 0.05 0.00175476
0 0.652344 0.977344 0.13125 0.0453125 0.00175476
0 0.15498 0.992188 0.123633 0.015625 0.00175476
0 0.98125 0.982813 0.0375 0.034375 0.00175476
0 0.596094 0.984375 0.167187 0.03125 0.00174141
1 0.321289 0.991406 0.112891 0.0171875 0.00170708
1 0.562891 0.283203 0.107031 0.0890625 0.0017004
0 0.810938 0.600391 0.303125 0.377344 0.0017004
0 0.823438 0.992188 0.109375 0.015625 0.0017004
1 0.261328 0.983203 0.410156 0.0335938 0.00168705
0 0 0.174609 0 0.134766 0.0016489
0 0.423828 0.455566 0.621094 0.357617 0.00164223
1 0.195312 0.316406 0.0523437 0.0902344 0.00163555
0 0.889063 0.983984 0.128125 0.0320312 0.00161076
0 0.978906 0.0257812 0.0421875 0.0450195 0.00161076
0 0.181592 0.992188 0.121191 0.015625 0.0015974
1 0.319531 0.985156 0.0710938 0.0296875 0.00158501
0 0.929688 0.93125 0.06875 0.06875 0.00157928
0 0.725781 0.983203 0.135937 0.0335938 0.00157928
0 0 0.599609 0 0.135156 0.00156116
0 0.0702148 0.682813 0.0458984 0.0671875 0.00156116
0 0.436328 0.94375 0.0679687 0.0609375 0.00156116
0 0.827344 0.408594 0.0921875 0.075 0.00154877
0 0.953125 0.976953 0.09375 0.0460938 0.00154305
1 0.362891 0.275 0.182812 0.0941406 0.00153637
0 0.665625 0.984375 0.146875 0.03125 0.00153637
0 0 0.947656 0 0.104687 0.00151253
0 0 0.85 0 0.134375 0.00150681
1 0.349805 0.585547 0.545703 0.519531 0.00150108
0 0.788281 0.60625 0.117188 0.075 0.00150108
0 0.812305 0.197852 0.0816406 0.084375 0.00148964
0 0.568359 0.985156 0.15625 0.0296875 0.0014782
0 0 0.262109 0 0.135156 0.0014782
0 0.985937 0.967188 0.028125 0.046875 0.00145531
0 0.55625 0.977344 0.140625 0.0453125 0.00144958
0 0 0.287109 0 0.135156 0.00144958
0 0.408496 0.973437 0.104883 0.0453125 0.00144386
1 0.684766 0.664453 0.549219 0.542969 0.00144386
0 0.0325317 0.964844 0.0505615 0.046875 0.00142097
0 0 0.349414 0 0.135547 0.00141621
0 0.322852 0.210205 0.273828 0.281152 0.00141048
1 0.475 0.401953 0.157813 0.0921875 0.00139904
0 0.486719 0.411035 0.120312 0.0982422 0.00138855
1 0.851562 0.557422 0.210938 0.35625 0.00138283
0 0.169336 0.982813 0.0832031 0.034375 0.00137234
0 0.367578 0.984375 0.139844 0.03125 0.00137234
1 0.344531 0.992188 0.133594 0.015625 0.00135612
0 0 0.237061 0 0.135254 0.00135136
0 0 0.387109 0 0.135156 0.00134563
1 0.520312 0.302734 0.534375 0.427344 0.00134087
0 0.909375 0.954687 0.0625 0.084375 0.00133514
1 0.429785 0.282617 0.141992 0.107422 0.00133514
0 0.473437 0.832617 0.0757812 0.147266 0.00133514
0 0 0.9 0 0.134375 0.00133038
1 0.385156 0.274414 0.190625 0.112109 0.00132465
0 0 0.124707 0 0.135352 0.00131512
0 0.416016 0.854688 0.0382813 0.04375 0.00131512
0 0.976562 0.992188 0.046875 0.015625 0.00130463
0 0.59375 0.971094 0.178125 0.053125 0.00130463
0 0 0.311914 0 0.135547 0.00128937
0 0.629297 0.949219 0.102344 0.101562 0.00128937
0 0.576563 0.0308716 0.169531 0.0546631 0.0012846
0 0.917188 0.992188 0.14375 0.015625 0.0012846
1 0.641016 0.132812 0.610156 0.265625 0.0012846
1 0.424609 0.252344 0.736719 0.408594 0.00127411
0 0.957812 0.9625 0.078125 0.05 0.00127411
1 0.620313 0.944531 0.184375 0.0921875 0.00126934
1 0.879687 0.553906 0.19375 0.440625 0.00126457
0 0.608594 0.982813 0.15625 0.034375 0.00123501
0 0 0.7375 0 0.1375 0.00123501
1 0.418652 0.307422 0.129883 0.084375 0.00123024
0 0.458594 0.393066 0.167187 0.0857422 0.00122547
1 0.631641 0.177148 0.472656 0.354297 0.0012207
0 0 0.935156 0 0.129688 0.00121593
1 0.287109 0.985156 0.0988281 0.0296875 0.00121593
0 0.719922 0.973437 0.121094 0.0484375 0.00121593
0 0 0.0586914 0 0.117383 0.00120163
1 0.321875 0.161426 0.264844 0.208398 0.00119686
0 0.433594 0.992188 0.14375 0.015625 0.00119209
0 0 0.199609 0 0.135547 0.00117874
1 0.357422 0.290625 0.136719 0.0820312 0.00117874
1 0.490625 0.853125 0.0953125 0.278125 0.00117874
0 0.867188 0.98125 0.125 0.0375 0.0011692
1 0.461719 0.831055 0.05625 0.134766 0.00116062
0 0 0.624609 0 0.135937 0.00116062
1 0.344727 0.984375 0.0902344 0.03125 0.00116062
1 0.859375 0.6375 0.159375 0.2375 0.00115585
0 0 0.487109 0 0.135156 0.00115108
0 0.131152 0.992188 0.14043 0.015625 0.00113773
0 0.0646973 0.985937 0.0756836 0.028125 0.00113392
1 0.598047 0.555371 0.494531 0.614258 0.00112438
1 0.633203 0.733594 0.294531 0.364062 0.00112438
0 0.0867432 0.642187 0.0382324 0.0679687 0.00112057
0 0.196875 0.979688 0.141406 0.040625 0.0011158
0 0.947656 0.4125 0.0703125 0.0617188 0.00111198
1 0.296484 0.991406 0.142188 0.0171875 0.00109863
0 0.17207 0.976562 0.154687 0.046875 0.00109005
1 0.115039 0.653125 0.0636719 0.139062 0.00109005
0 0 0.575 0 0.135937 0.00109005
0 0.173926 0.957812 0.0896484 0.06875 0.00107288
1 0.596094 0.298828 0.370313 0.401563 0.00107288
0 0 0.4625 0 0.135937 0.00106907
0 0.980078 0.495313 0.0398437 0.0507812 0.00106525
1 0.286719 0.299609 0.567187 0.510156 0.00106525
0 0.261328 0.983203 0.410156 0.0335938 0.00106525
1 0.532031 0.923437 0.146875 0.103125 0.00106049
0 0.560938 0.938281 0.0953125 0.0890625 0.00105667
0 0.460156 0.57334 0.873438 0.468945 0.00105667
1 0.884375 0.695312 0.18125 0.417188 0.00105286
0 0.984766 0.489844 0.0304688 0.0460938 0.00104809
0 0.986719 0.479688 0.0265625 0.04375 0.00104427
0 0.971875 0.467969 0.05625 0.046875 0.00104046
0 0.529297 0.0305664 0.128906 0.05625 0.00104046
0 0.494141 0.982813 0.0953125 0.034375 0.00104046
0 0.528125 0.977344 0.154687 0.0453125 0.00103664
0 0.113672 0.628125 0.0597656 0.139062 0.00103664
0 0.970312 0.0262817 0.053125 0.0447021 0.00103664
0 0.434375 0.842188 0.034375 0.04375 0.00103188
0 0 0.412109 0 0.135156 0.00103188
1 0.00478516 0.269727 0.00957031 0.241797 0.00102806
0 0 0.074707 0 0.135352 0.00102806
0 0 0.099707 0 0.135352 0.00102425
0 0.920313 0.982813 0.15 0.034375 0.00102425
0 0 0.662109 0 0.135937 0.00102425
0 0.492969 0.977344 0.109375 0.0453125 0.00102043
0 0.890625 0.982813 0.1375 0.034375 0.00102043
0 0.626562 0.977344 0.19375 0.0453125 0.00101185
1 0.211133 0.325 0.08125 0.075 0.00100803
1 0.945312 0.589941 0.090625 0.45918 0.00100422
1 0.290625 0.652344 0.404687 0.535937 0.805176
1 0.640625 0.800781 0.409375 0.395312 0.772461
1 0.385156 0.642969 0.610937 0.564062 0.569824
1 0.359766 0.229492 0.382031 0.288672 0.047699
1 0.700391 0.783594 0.549219 0.417188 0.0391846
1 0.508984 0.532812 0.916406 0.380469 0.0220337
1 0.51875 0.468359 0.896875 0.296094 0.018158
0 0.290625 0.652344 0.404687 0.535937 0.0132217
1 0.393359 0.266016 0.532031 0.342187 0.0113754
1 0.499219 0.241455 0.835938 0.31709 0.0106506
0 0.639453 0.779688 0.405469 0.423438 0.00857544
1 0.848633 0.602344 0.243359 0.33125 0.00728989
1 0.342187 0.200195 0.307031 0.259766 0.00674438
1 0.757422 0.597656 0.430469 0.347656 0.00612259
1 0.628125 0.214453 0.3 0.291406 0.00605011
0 0.385156 0.642969 0.610937 0.564062 0.0055542
1 0.875 0.641406 0.196875 0.379687 0.00473785
1 0.708594 0.65 0.526563 0.425 0.00387001
1 0.714844 0.256641 0.478125 0.300781 0.00275803
1 0.56709 0.216748 0.575195 0.308691 0.00266266
1 0.489062 0.604004 0.89375 0.532617 0.00250244
1 0.846094 0.675781 0.253125 0.390625 0.00208282
1 0.821875 0.574609 0.301562 0.310156 0.00199509
0 0.875 0.641406 0.196875 0.379687 0.00176811
1 0.273633 0.98125 0.547266 0.0375 0.00174141
1 0.272607 0.723437 0.379004 0.392188 0.00153637
1 0.628906 0.300586 0.548437 0.337891 0.00150681
1 0.745313 0.541406 0.465625 0.31875 0.00145531
0 0.848633 0.602344 0.243359 0.33125 0.00141048
0 0.273633 0.98125 0.547266 0.0375 0.00131512
1 0.552344 0.357422 0.842188 0.425 0.00130463
1 0.730078 0.267773 0.539844 0.401953 0.00129414
1 0.374219 0.980469 0.748438 0.0390625 0.00123501
1 0.630469 0.180859 0.357812 0.339063 0.00119686
0 0.271143 0.749609 0.358496 0.339844 0.0011425
1 0.813281 0.394531 0.373437 0.51875 0.0011034
1 0.650684 0.421777 0.670508 0.304883 0.00107288
1 0.284814 0.631934 0.394434 0.561133 0.705078
1 0.632812 0.774219 0.389062 0.435937 0.492188
1 0.529297 0.491406 0.838281 0.917188 0.231567
0 0.284814 0.631934 0.394434 0.561133 0.0608521
0 0.640234 0.771094 0.405469 0.440625 0.0199432
1 0.338281 0.223828 0.307813 0.307813 0.0151291
1 0.339648 0.300781 0.365234 0.469531 0.00664139
1 0.485156 0.577734 0.796875 0.672656 0.00598145
0 0.529297 0.491406 0.838281 0.917188 0.00445175
0 0.91875 0.938281 0.04375 0.123438 0.00324821
0 0.578906 0.925 0.0578125 0.10625 0.00317192
1 0.338672 0.598828 0.476562 0.633594 0.0028553
1 0.317969 0.183984 0.254687 0.222656 0.00279045
1 0.705859 0.746875 0.505469 0.457812 0.00260162
1 0.296094 0.200049 0.185937 0.171777 0.00244331
1 0.586719 0.257812 0.165625 0.158594 0.00232315
1 0.615625 0.188281 0.271875 0.376563 0.00177479
1 0.308398 0.173145 0.212109 0.175977 0.00175476
1 0.477344 0.428125 0.153125 0.154687 0.00174141
0 0.870313 0.879687 0.078125 0.08125 0.0017271
1 0.269141 0.266797 0.467969 0.40625 0.00136662
1 0.639746 0.489062 0.587695 0.925 0.00129414
0 0.317969 0.183984 0.254687 0.222656 0.0012846
1 0.439453 0.233789 0.589063 0.363672 0.00119686
0 0.429297 0.948438 0.05625 0.08125 0.00108147
1 0.361328 0.50625 0.491406 0.909375 0.00106525
1 0.569531 0.235205 0.1375 0.156934 0.00104427
1 0.284961 0.632422 0.395703 0.546094 0.880371
1 0.63125 0.779688 0.390625 0.425 0.827637
1 0.340234 0.219922 0.328125 0.301953 0.187988
1 0.477344 0.448828 0.345313 0.216406 0.0339661
1 0.503906 0.482715 0.701563 0.28457 0.0304413
1 0.458691 0.472559 0.456055 0.251758 0.0301514
0 0.632031 0.777344 0.401563 0.428125 0.0194244
0 0.284961 0.632422 0.395703 0.546094 0.0165253
1 0.31875 0.197461 0.264062 0.252734 0.0131226
1 0.502734 0.408691 0.700781 0.345117 0.0122375
1 0.614062 0.198047 0.267188 0.315625 0.00919342
1 0.560156 0.262158 0.111719 0.251465 0.0091629
1 0.388281 0.489453 0.476562 0.289844 0.00828552
1 0.444629 0.519141 0.754492 0.336719 0.00712204
1 0.85625 0.624219 0.23125 0.376563 0.00701141
1 0.424121 0.455469 0.34082 0.23125 0.006073
1 0.778906 0.6 0.3875 0.392188 0.00453949
1 0.484375 0.441016 0.167187 0.195312 0.00450516
1 0.585156 0.228125 0.28125 0.302344 0.0042305
1 0.667578 0.19375 0.378906 0.359375 0.00362206
0 0.920313 0.930469 0.04375 0.139062 0.00335121
0 0.868555 0.630859 0.212891 0.382031 0.00253105
1 0.629687 0.267139 0.309375 0.312598 0.00245285
1 0.559375 0.543359 0.592188 0.428906 0.00236893
1 0.349609 0.223096 0.285156 0.214746 0.00219917
0 0.322266 0.992969 0.203906 0.0140625 0.00198746
0 0.00554199 0.950781 0.011084 0.0984375 0.00183868
1 0.327148 0.236133 0.438672 0.329297 0.00183105
1 0.464063 0.817383 0.046875 0.290234 0.00172043
1 0.505859 0.267236 0.542969 0.33584 0.00169373
1 0.821094 0.564062 0.307813 0.3875 0.00168705
1 0.6 0.313281 0.496875 0.428906 0.00137806
1 0.664062 0.451172 0.525 0.336719 0.00136185
0 0.644531 0.6 0.135937 0.08125 0.00133514
1 0.309375 0.363281 0.425781 0.607813 0.00131989
1 0.730078 0.675781 0.485156 0.492188 0.00124931
1 0.920313 0.930469 0.04375 0.139062 0.00113392
1 0.498437 0.304883 0.7 0.432422 0.0011158
1 0.826563 0.365234 0.329688 0.517969 0.00111198
1 0.446094 0.22207 0.7875 0.340234 0.00103664
0 0.577344 0.926562 0.0671875 0.115625 0.00103188
1 0.855469 0.316992 0.267188 0.420703 0.00102043
1 0.292578 0.642187 0.419531 0.58125 0.813965
1 0.639453 0.767969 0.414844 0.45625 0.704102
1 0.348096 0.25918 0.38584 0.401953 0.104858
1 0.348437 0.316797 0.459375 0.521875 0.0875854
0 0.645703 0.772266 0.436719 0.455469 0.0570679
0 0.295312 0.628906 0.426562 0.592188 0.0473328
1 0.379687 0.207227 0.354688 0.248047 0.0141754
1 0.438965 0.499219 0.586133 0.439063 0.0123367
1 0.356641 0.413184 0.508594 0.717383 0.0100555
1 0.407422 0.57959 0.669531 0.486133 0.00952148
1 0.428516 0.391797 0.602344 0.613281 0.00861359
1 0.791992 0.596875 0.366016 0.620313 0.008255
1 0.749219 0.510156 0.445312 0.596875 0.0068512
1 0.34707 0.247266 0.518359 0.435937 0.00638962
0 0.791992 0.596875 0.366016 0.620313 0.00570679
1 0.563672 0.262158 0.125 0.266309 0.00498199
0 0.379687 0.207227 0.354688 0.248047 0.00492477
1 0.453027 0.621484 0.625195 0.622656 0.00438309
0 0.749219 0.510156 0.445312 0.596875 0.00416565
1 0.573438 0.438965 0.46875 0.592383 0.00415039
1 0.647266 0.224609 0.355469 0.449219 0.00405502
0 0.852344 0.63916 0.2625 0.607617 0.00402451
1 0.478906 0.83125 0.08125 0.33125 0.00400543
1 0.852344 0.63916 0.2625 0.607617 0.00363541
1 0.347852 0.220313 0.266016 0.237891 0.00351143
1 0.496094 0.83457 0.114063 0.330859 0.00312424
1 0.270703 0.343164 0.436719 0.612109 0.00288963
1 0.733594 0.415234 0.459375 0.617188 0.00286674
1 0.657031 0.421191 0.4375 0.568555 0.00265312
1 0.730469 0.657031 0.482812 0.617188 0.00259018
1 0.350977 0.221094 0.323047 0.326562 0.00244331
1 0.696875 0.266992 0.451562 0.530859 0.00240517
0 0.458594 0.567969 0.604688 0.557813 0.00236893
1 0.873438 0.394922 0.253125 0.603906 0.00233269
1 0.513281 0.87832 0.139062 0.243359 0.00218201
1 0.16416 0.345703 0.291211 0.624219 0.00217438
1 0.950781 0.3875 0.0984375 0.603125 0.00194168
0 0.950781 0.3875 0.0984375 0.603125 0.00182438
0 0.873438 0.394922 0.253125 0.603906 0.00174809
1 0.585938 0.616016 0.4375 0.671094 0.00173378
1 0.512109 0.773438 0.136719 0.290625 0.00168705
0 0.569922 0.538672 0.467969 0.653906 0.00161648
0 0.730469 0.657031 0.482812 0.617188 0.00153637
0 0.657031 0.421191 0.4375 0.568555 0.00148964
0 0.733594 0.415234 0.459375 0.617188 0.00146103
0 0.482031 0.4625 0.595312 0.546875 0.00136662
0 0.328906 0.497266 0.39375 0.276563 0.00126457
1 0.544531 0.773828 0.195312 0.291406 0.00124454
1 0.632031 0.29375 0.317187 0.542188 0.00123978
1 0.601953 0.364453 0.408594 0.628125 0.00123024
0 0.919531 0.645703 0.160938 0.611719 0.00119209
0 0.563672 0.262158 0.125 0.266309 0.00119209
0 0.347852 0.220313 0.266016 0.237891 0.00113773
1 0.325391 0.177393 0.236719 0.21709 0.00112057
1 0.41875 0.311719 0.707031 0.5625 0.00108147
1 0.114453 0.777148 0.228906 0.445703 0.00104427
1 0.298828 0.217187 0.211719 0.232422 0.00104046
1 0.16875 0.770703 0.329688 0.458594 0.00103664
1 0.919531 0.645703 0.160938 0.611719 0.00100422
