1 0.489844 0.358984 0.335156 0.64375 0.692871
0 0.166406 0.413965 0.291406 0.362695 0.540039
0 0.816992 0.397559 0.297266 0.362695 0.495117
0 0.489844 0.358984 0.335156 0.64375 0.428223
1 0.816992 0.397559 0.297266 0.362695 0.380371
0 0.218164 0.129297 0.291016 0.258594 0.315674
1 0.446191 0.831641 0.32793 0.336719 0.26123
1 0.161914 0.760156 0.222266 0.464063 0.238647
1 0.166406 0.413965 0.291406 0.362695 0.233765
0 0.161914 0.760156 0.222266 0.464063 0.199341
1 0.805469 0.322266 0.271875 0.489844 0.189575
0 0.805469 0.322266 0.271875 0.489844 0.185303
1 0.492188 0.464453 0.339063 0.467969 0.166992
0 0.498047 0.171875 0.235938 0.279687 0.149536
0 0.492188 0.464453 0.339063 0.467969 0.141724
0 0.446191 0.831641 0.32793 0.336719 0.126587
1 0.49541 0.403906 0.262305 0.742188 0.107788
1 0.498047 0.171875 0.235938 0.279687 0.0770874
1 0.218164 0.129297 0.291016 0.258594 0.0700684
0 0.140918 0.82168 0.252539 0.344141 0.0490417
1 0.496484 0.305469 0.246875 0.554688 0.048584
0 0.49541 0.403906 0.262305 0.742188 0.0466309
1 0.828906 0.735156 0.3125 0.414062 0.0447693
0 0.496484 0.305469 0.246875 0.554688 0.0441895
1 0.140918 0.82168 0.252539 0.344141 0.0383301
0 0.828906 0.735156 0.3125 0.414062 0.0343628
1 0.920313 0.711328 0.145313 0.369531 0.0327148
0 0.734375 0.781445 0.223438 0.437109 0.0261078
1 0.830469 0.655469 0.298438 0.367188 0.025177
0 0.84707 0.110547 0.162109 0.221094 0.0236053
1 0.867188 0.681641 0.253125 0.402344 0.0222015
1 0.785156 0.753906 0.28125 0.453125 0.021286
0 0.920313 0.711328 0.145313 0.369531 0.0204926
1 0.734375 0.781445 0.223438 0.437109 0.02034
0 0.814258 0.681641 0.312109 0.311719 0.0189056
0 0.503516 0.833594 0.214844 0.326562 0.0160217
1 0.84707 0.110547 0.162109 0.221094 0.0159607
0 0.785156 0.753906 0.28125 0.453125 0.0151901
0 0.172754 0.313086 0.291211 0.552734 0.0139008
0 0.867188 0.681641 0.253125 0.402344 0.0133286
0 0.707031 0.107617 0.1625 0.215234 0.011467
1 0.910937 0.797656 0.159375 0.390625 0.0106125
1 0.503516 0.833594 0.214844 0.326562 0.0105667
1 0.882031 0.772852 0.215625 0.454297 0.0105667
0 0.910937 0.797656 0.159375 0.390625 0.00941467
0 0.790625 0.103906 0.2875 0.207813 0.00933838
1 0.137305 0.679688 0.248047 0.557813 0.00912476
1 0.172754 0.313086 0.291211 0.552734 0.00888062
0 0.882031 0.772852 0.215625 0.454297 0.00854492
1 0.790625 0.103906 0.2875 0.207813 0.00815582
1 0.715625 0.10625 0.182812 0.2125 0.00809479
1 0.810352 0.768164 0.379297 0.463672 0.00790405
0 0.137305 0.679688 0.248047 0.557813 0.00787354
1 0.854492 0.596191 0.278516 0.51543 0.00725937
0 0.814062 0.221875 0.2375 0.44375 0.00651169
1 0.814062 0.221875 0.2375 0.44375 0.00614548
0 0.85918 0.12832 0.216016 0.256641 0.00548935
0 0.810352 0.768164 0.379297 0.463672 0.00498199
1 0.85918 0.12832 0.216016 0.256641 0.00457382
0 0.0798828 0.628906 0.154687 0.19375 0.00450516
0 0.854492 0.596191 0.278516 0.51543 0.00446701
0 0.378027 0.826563 0.204883 0.3375 0.00434875
1 0.370313 0.828906 0.208594 0.33125 0.00421524
0 0.0795898 0.617188 0.117383 0.248437 0.00405502
1 0.732422 0.116016 0.0992187 0.232031 0.00367928
0 0.732422 0.116016 0.0992187 0.232031 0.00351143
1 0.0798828 0.628906 0.154687 0.19375 0.00345612
1 0.0795898 0.617188 0.117383 0.248437 0.00331116
0 0.750781 0.116113 0.25 0.232227 0.00322342
0 0.867969 0.828125 0.2375 0.334375 0.00307465
0 0.815625 0.38916 0.3125 0.541992 0.00291252
0 0.111328 0.653906 0.192188 0.323438 0.0027256
0 0.720703 0.108398 0.124219 0.207031 0.00271416
1 0.720703 0.108398 0.124219 0.207031 0.00255013
0 0.201367 0.344531 0.295703 0.673437 0.00254059
1 0.787305 0.263672 0.300391 0.527344 0.00252151
0 0.240234 0.0951172 0.253906 0.190234 0.0024929
0 0.512891 0.872852 0.200781 0.254297 0.00248146
0 0.787305 0.263672 0.300391 0.527344 0.00243378
1 0.815625 0.38916 0.3125 0.541992 0.0024147
0 0.914062 0.685156 0.171875 0.370313 0.00226021
1 0.451562 0.757031 0.295312 0.448438 0.00226021
0 0.269922 0.130078 0.403125 0.260156 0.00223351
0 0.846094 0.103223 0.110937 0.206445 0.00206757
0 0.69375 0.111719 0.104687 0.196094 0.00202751
1 0.846094 0.103223 0.110937 0.206445 0.00200272
0 0.326758 0.873438 0.105859 0.253125 0.0019722
0 0.21543 0.211914 0.301172 0.407422 0.00194931
1 0.201367 0.344531 0.295703 0.673437 0.00190449
1 0.512891 0.872852 0.200781 0.254297 0.00190449
1 0.326758 0.873438 0.105859 0.253125 0.00187492
1 0.750781 0.116113 0.25 0.232227 0.00185299
1 0.69375 0.111719 0.104687 0.196094 0.00183105
0 0.749219 0.185547 0.257812 0.371094 0.00178909
0 0.888281 0.639844 0.223438 0.403125 0.00175476
1 0.867969 0.828125 0.2375 0.334375 0.00174809
1 0.111328 0.653906 0.192188 0.323438 0.00173378
0 0.896875 0.782617 0.20625 0.362891 0.00166798
0 0.451562 0.757031 0.295312 0.448438 0.00165462
0 0.102832 0.571875 0.172852 0.365625 0.00164223
1 0.45 0.665527 0.309375 0.637695 0.00160408
0 0.179688 0.117383 0.257031 0.234766 0.00154877
0 0.279102 0.0780762 0.211328 0.156152 0.00148964
0 0.273047 0.0959961 0.15 0.181445 0.00145531
0 0.698438 0.1375 0.157813 0.272266 0.00143242
1 0.821094 0.6 0.309375 0.703125 0.00141621
1 0.749219 0.185547 0.257812 0.371094 0.00140476
1 0.240234 0.0951172 0.253906 0.190234 0.00139904
0 0.525 0.526563 0.2625 0.367969 0.00138855
0 0.821094 0.6 0.309375 0.703125 0.00135612
1 0.572656 0.862305 0.103125 0.275391 0.00135136
0 0.572656 0.862305 0.103125 0.275391 0.00134563
0 0.880078 0.111914 0.239844 0.223828 0.00132465
1 0.7375 0.141016 0.084375 0.282031 0.00130463
1 0.269922 0.130078 0.403125 0.260156 0.00129414
0 0.946875 0.0838379 0.10625 0.167676 0.00129414
0 0.947656 0.0495117 0.104687 0.0990234 0.00128937
1 0.691016 0.118359 0.105469 0.236719 0.0012598
0 0.691016 0.118359 0.105469 0.236719 0.00124931
0 0.7375 0.141016 0.084375 0.282031 0.00124931
0 0.331641 0.137305 0.409375 0.274609 0.00123978
0 0.932813 0.749219 0.11875 0.290625 0.00123501
0 0.9375 0.747266 0.121875 0.400781 0.00115585
0 0.872656 0.168945 0.254687 0.337891 0.00115585
1 0.914062 0.685156 0.171875 0.370313 0.00115108
0 0.561328 0.880469 0.090625 0.239063 0.00113392
0 0.765625 0.692969 0.23125 0.442187 0.00113392
0 0.91875 0.109082 0.1625 0.218164 0.00112438
1 0.932813 0.749219 0.11875 0.290625 0.00111198
1 0.880078 0.111914 0.239844 0.223828 0.00110722
1 0.872656 0.168945 0.254687 0.337891 0.00109863
1 0.102832 0.571875 0.172852 0.365625 0.00107288
0 0.914453 0.171289 0.171094 0.342578 0.00106525
0 0.323828 0.921875 0.14375 0.15625 0.00105286
0 0.50166 0.135937 0.29668 0.258984 0.00104809
1 0.21543 0.211914 0.301172 0.407422 0.00104427
0 0.85332 0.059668 0.174609 0.119336 0.00104427
0 0.494531 0.903125 0.123438 0.190625 0.00104046
1 0.525 0.526563 0.2625 0.367969 0.00103188
0 0.536719 0.871484 0.120312 0.257031 0.00102425
0 0.478906 0.914844 0.11875 0.167187 0.00101662
0 0.0313477 0.0423828 0.0626953 0.0847656 0.00100803
0 0.81543 0.385938 0.303516 0.334375 0.545898
0 0.493359 0.477246 0.352344 0.395508 0.491211
1 0.163672 0.4375 0.313281 0.3625 0.432129
0 0.163672 0.428906 0.308203 0.351562 0.415771
1 0.448047 0.831055 0.349219 0.331641 0.410156
1 0.496484 0.489941 0.339063 0.42168 0.371094
1 0.817187 0.384277 0.3 0.331445 0.231567
0 0.448047 0.831055 0.349219 0.331641 0.204956
1 0.142188 0.771094 0.270312 0.442187 0.19873
0 0.142383 0.803125 0.272266 0.373437 0.191284
0 0.495313 0.185937 0.253125 0.263281 0.15918
0 0.217773 0.143945 0.300391 0.262891 0.149536
1 0.8125 0.774219 0.373437 0.445312 0.135864
0 0.8125 0.774219 0.373437 0.445312 0.0514526
1 0.141992 0.838281 0.272266 0.307813 0.0310211
0 0.496094 0.255859 0.259375 0.392188 0.0259094
1 0.217773 0.143945 0.300391 0.262891 0.0244293
1 0.495313 0.185937 0.253125 0.263281 0.0209656
0 0.85 0.120312 0.142188 0.224219 0.0189819
0 0.71875 0.130566 0.204688 0.229883 0.0160217
0 0.825 0.7 0.346875 0.309375 0.0132751
1 0.825 0.7 0.346875 0.309375 0.00888062
1 0.907812 0.7625 0.184375 0.460938 0.00844574
0 0.111426 0.646094 0.216211 0.196875 0.008255
0 0.749219 0.76875 0.257812 0.448438 0.00790405
1 0.496094 0.255859 0.259375 0.392188 0.00775528
0 0.473047 0.882422 0.3 0.235156 0.00731659
0 0.275977 0.957031 0.0457031 0.0859375 0.00725937
0 0.786719 0.131641 0.278125 0.232031 0.00723267
1 0.85 0.12793 0.14375 0.224609 0.00709534
0 0.907812 0.7625 0.184375 0.460938 0.0068512
1 0.786719 0.131641 0.278125 0.232031 0.00682449
1 0.749219 0.76875 0.257812 0.448438 0.00669098
0 0.935156 0.758984 0.129688 0.458594 0.00661469
1 0.935156 0.758984 0.129688 0.458594 0.00542831
1 0.171777 0.814062 0.258008 0.346875 0.00496292
1 0.719531 0.130664 0.2 0.232422 0.00482941
1 0.138086 0.641016 0.275391 0.186719 0.00356483
1 0.473047 0.882422 0.3 0.235156 0.00341606
0 0.415625 0.864258 0.307813 0.268359 0.00316048
0 0.26875 0.964844 0.0382813 0.0703125 0.00309944
0 0.514063 0.896875 0.207813 0.20625 0.00298119
1 0.415625 0.864258 0.307813 0.268359 0.00266266
0 0.286914 0.961328 0.0664062 0.0773437 0.00240517
0 0.144531 0.649219 0.288281 0.176563 0.00220871
0 0.140332 0.861719 0.277539 0.267188 0.0020752
0 0.740234 0.853125 0.241406 0.2875 0.00187492
0 0.589844 0.961719 0.06875 0.0765625 0.00182438
0 0.284375 0.95 0.0601562 0.1 0.00182438
0 0.567187 0.514746 0.2 0.400195 0.00181007
0 0.366016 0.887305 0.210156 0.225391 0.00176811
0 0.868555 0.141797 0.187891 0.260156 0.00174809
0 0.278906 0.942187 0.0445312 0.115625 0.0017004
0 0.299414 0.972656 0.0871094 0.0546875 0.00167465
0 0.81875 0.428125 0.30625 0.482812 0.00166798
0 0.739844 0.183252 0.0765625 0.0795898 0.00153637
0 0.592188 0.952344 0.0671875 0.0953125 0.00143242
0 0.826563 0.666797 0.31875 0.230469 0.00141048
0 0.767187 0.18833 0.290625 0.330371 0.00140476
0 0.0501465 0.974219 0.100293 0.0515625 0.00138283
0 0.0532104 0.667969 0.0810791 0.116406 0.00136662
0 0.254346 0.12373 0.313184 0.22832 0.00134563
0 0.95 0.753516 0.0859375 0.0960938 0.00133038
0 0.751172 0.150586 0.271094 0.251172 0.00130939
0 0.935156 0.857031 0.129688 0.284375 0.00130939
1 0.868555 0.141797 0.187891 0.260156 0.00129414
0 0.0777344 0.00439453 0.155469 0.00878906 0.00127411
1 0.366016 0.887305 0.210156 0.225391 0.00123024
1 0.514063 0.896875 0.207813 0.20625 0.0012064
0 0.324219 0.976562 0.116406 0.046875 0.0011692
0 0.0228516 0.144727 0.0457031 0.193359 0.00114727
0 0.803125 0.165234 0.046875 0.107031 0.00106907
0 0.741016 0.101855 0.0804688 0.117578 0.00101662
1 0.158008 0.433496 0.316016 0.368945 0.476562
1 0.817187 0.387109 0.295312 0.346094 0.401611
1 0.444922 0.83125 0.34375 0.3375 0.317383
1 0.491309 0.479688 0.345508 0.407813 0.31665
0 0.495313 0.178906 0.239844 0.259375 0.182373
0 0.09729 0.644922 0.187451 0.199219 0.166626
0 0.492188 0.492188 0.346875 0.421875 0.164551
1 0.495313 0.178906 0.239844 0.259375 0.137329
0 0.812695 0.389453 0.290234 0.346094 0.10144
0 0.744531 0.119727 0.1 0.211328 0.0994873
1 0.105762 0.645312 0.20957 0.204688 0.088501
0 0.513281 0.898438 0.214844 0.196875 0.0800781
1 0.147461 0.778906 0.262109 0.432813 0.0740967
0 0.859375 0.13125 0.1375 0.257031 0.0715942
1 0.85 0.115527 0.14375 0.227148 0.0665894
0 0.713281 0.118652 0.16875 0.227539 0.0634766
1 0.22168 0.140625 0.289453 0.278125 0.0605164
1 0.713281 0.118652 0.16875 0.227539 0.0566406
1 0.744531 0.119727 0.1 0.211328 0.0510864
0 0.829687 0.665625 0.226562 0.239063 0.0490417
1 0.273828 0.145117 0.190625 0.287109 0.033905
0 0.35332 0.922656 0.191797 0.154687 0.0324707
1 0.828125 0.653906 0.254687 0.228125 0.0318604
1 0.439844 0.78125 0.325 0.232812 0.0316162
1 0.739844 0.771875 0.239063 0.451562 0.031311
0 0.496094 0.920313 0.209375 0.157813 0.0306702
1 0.679688 0.141602 0.107813 0.280078 0.0302124
1 0.811914 0.772266 0.376172 0.455469 0.0279083
0 0.364844 0.879297 0.166406 0.241406 0.0267639
0 0.679688 0.141602 0.107813 0.280078 0.0264587
0 0.0830322 0.393848 0.149951 0.25918 0.0263519
1 0.375781 0.846875 0.169531 0.29375 0.0256653
1 0.0841797 0.632812 0.148047 0.19375 0.0253754
0 0.560938 0.498828 0.219531 0.424219 0.0244751
0 0.273828 0.145117 0.190625 0.287109 0.0241394
1 0.350586 0.885156 0.161328 0.225 0.0235138
1 0.35332 0.922656 0.191797 0.154687 0.0222931
0 0.157031 0.142773 0.163281 0.252734 0.021286
1 0.812695 0.661719 0.358984 0.232812 0.0204163
0 0.158203 0.423438 0.316406 0.352344 0.0199432
0 0.22168 0.140625 0.289453 0.278125 0.0195007
0 0.508594 0.200732 0.19375 0.267285 0.0193481
0 0.445996 0.83125 0.343945 0.3375 0.0187988
1 0.503906 0.909375 0.210938 0.171875 0.0179901
0 0.534375 0.88125 0.179688 0.2375 0.0177765
1 0.560938 0.498828 0.219531 0.424219 0.0171051
1 0.507422 0.844727 0.230469 0.310547 0.0170441
0 0.907812 0.675 0.134375 0.259375 0.0161591
0 0.392578 0.866797 0.150781 0.266406 0.0161591
0 0.348047 0.898438 0.163281 0.196875 0.0161591
1 0.522266 0.88418 0.203125 0.231641 0.0160217
0 0.934375 0.8875 0.123438 0.221875 0.0157776
0 0.779688 0.45791 0.20625 0.266992 0.0155411
1 0.0830322 0.393848 0.149951 0.25918 0.0148392
0 0.119141 0.379687 0.228125 0.2375 0.0145035
0 0.285937 0.128809 0.134766 0.255664 0.0139542
0 0.789062 0.876367 0.148438 0.247266 0.0137405
1 0.285937 0.128809 0.134766 0.255664 0.0134811
0 0.746875 0.926562 0.271875 0.146875 0.0125275
0 0.439844 0.78125 0.325 0.232812 0.0123825
0 0.578906 0.584766 0.146875 0.260156 0.0122375
1 0.91875 0.782031 0.153125 0.435937 0.0122375
0 0.946094 0.794531 0.107813 0.267188 0.012146
0 0.701563 0.157813 0.153125 0.300391 0.0121002
0 0.408594 0.924609 0.309375 0.150781 0.011467
1 0.701563 0.157813 0.153125 0.300391 0.0113754
0 0.279883 0.947656 0.05 0.104687 0.0109024
1 0.33125 0.907812 0.133594 0.175 0.0108185
0 0.975781 0.528906 0.0484375 0.146875 0.0107803
0 0.403906 0.525 0.164062 0.291406 0.0104065
0 0.973437 0.566016 0.053125 0.138281 0.0103683
0 0.689844 0.192383 0.128125 0.271484 0.0100098
1 0.907812 0.675 0.134375 0.259375 0.00985718
1 0.80918 0.719922 0.337891 0.352344 0.00978088
0 0.0696289 0.428125 0.129492 0.309375 0.00967407
0 0.305078 0.595312 0.0449219 0.170312 0.00959778
1 0.119141 0.379687 0.228125 0.2375 0.00945282
0 0.270898 0.937891 0.0417969 0.124219 0.00937653
1 0.508594 0.200732 0.19375 0.267285 0.00933838
0 0.476172 0.794531 0.205469 0.254687 0.00923157
1 0.157031 0.142773 0.163281 0.252734 0.00919342
0 0.976562 0.61875 0.046875 0.140625 0.00912476
0 0.746094 0.180811 0.06875 0.110254 0.00908661
0 0.638281 0.323633 0.0570313 0.130078 0.00891876
0 0.193359 0.792188 0.158984 0.284375 0.00881195
1 0.934375 0.8875 0.123438 0.221875 0.0085144
0 0.822656 0.646094 0.34375 0.207813 0.00831604
0 0 0.329102 0 0.181641 0.00815582
0 0.384375 0.827344 0.185156 0.290625 0.00809479
0 0.378125 0.222656 0.0492188 0.164844 0.00806427
0 0.507422 0.844727 0.230469 0.310547 0.00793457
1 0.400684 0.811719 0.21582 0.273438 0.00769424
0 0.870313 0.660547 0.179688 0.230469 0.00757599
0 0.502344 0.925781 0.3 0.148438 0.00751877
1 0.946094 0.794531 0.107813 0.267188 0.00748825
0 0.759766 0.478906 0.163281 0.228125 0.00748825
1 0.678516 0.183984 0.117188 0.307813 0.00720596
0 0.459375 0.536719 0.104687 0.275 0.00682449
1 0.7625 0.462109 0.176563 0.292188 0.00658798
1 0.808008 0.117871 0.215234 0.218164 0.00653839
0 0 0.375391 0 0.186719 0.0064621
0 0.603906 0.758594 0.0453125 0.164062 0.00643921
0 0 0.178906 0 0.181641 0.00641251
0 0.278125 0.6625 0.0539063 0.125 0.00636292
0 0.288672 0.955469 0.059375 0.0890625 0.00626373
1 0.191846 0.770312 0.16084 0.275 0.00624084
1 0.580469 0.578125 0.146875 0.291406 0.00624084
0 0 0.103931 0 0.181592 0.00605011
1 0.403906 0.525 0.164062 0.291406 0.00593567
0 0 0.253711 0 0.18125 0.00588989
0 0.597656 0.953906 0.059375 0.0921875 0.00588989
0 0.982031 0.447266 0.0359375 0.178906 0.00570679
1 0.77832 0.872656 0.152734 0.254687 0.00561905
0 0.811133 0.331641 0.237109 0.239844 0.0055542
0 0.380469 0.189258 0.05 0.167969 0.00553513
0 0.974219 0.598828 0.0515625 0.141406 0.00548935
1 0.870313 0.660547 0.179688 0.230469 0.00538635
1 0.675781 0.808594 0.110937 0.320312 0.00534439
0 0.312305 0.584766 0.0527344 0.171875 0.00530243
0 0 0.291406 0 0.18125 0.00527954
0 0.730859 0.147363 0.136719 0.266211 0.00519943
0 0.810938 0.170508 0.0625 0.128906 0.00519943
1 0.746875 0.926562 0.271875 0.146875 0.00518036
0 0.0285645 0.227686 0.0529297 0.135254 0.00518036
0 0.980078 0.623828 0.0398437 0.152344 0.0051384
0 0.0831055 0.452734 0.152539 0.254687 0.00502014
1 0.476172 0.794531 0.205469 0.254687 0.00498199
0 0.00582275 0.0115356 0.0116455 0.0230713 0.00498199
0 0.80918 0.719922 0.337891 0.352344 0.00494385
0 0.610547 0.0738281 0.0554687 0.106445 0.0049057
0 0.974219 0.174023 0.0515625 0.152734 0.0049057
1 0.815625 0.331641 0.26875 0.239063 0.0049057
0 0 0.216016 0 0.183594 0.00475693
0 0.390234 0.169141 0.0523437 0.138281 0.00471878
0 0.258984 0.939062 0.0394531 0.121875 0.00471878
0 0.675781 0.808594 0.110937 0.320312 0.00469971
1 0.408594 0.924609 0.309375 0.150781 0.00468063
0 0.939062 0.0626953 0.05625 0.125391 0.0046463
0 0 0.614844 0 0.1875 0.00462723
0 0.41875 0.810742 0.24375 0.275391 0.00457382
0 0.0278076 0.613672 0.0556152 0.120312 0.00455475
0 0.755469 0.164551 0.065625 0.129492 0.00450516
0 0.357812 0.850391 0.138281 0.299219 0.00450516
0 0.101538 0.869531 0.162549 0.260938 0.00446701
0 0.0806641 0.855469 0.139648 0.259375 0.00446701
0 0 0.414844 0 0.186719 0.00445175
0 0.00505371 0.298242 0.0101074 0.167578 0.00439835
0 0 0.0785156 0 0.157031 0.00439835
1 0.0696289 0.428125 0.129492 0.309375 0.00436401
1 0.761719 0.712109 0.171875 0.289844 0.00436401
0 0.0801025 0.639844 0.130811 0.200781 0.00436401
1 0.730859 0.147363 0.136719 0.266211 0.00432968
0 0.739844 0.771875 0.239063 0.451562 0.00432968
0 0.341016 0.872656 0.142188 0.254687 0.00418091
1 0.779688 0.463184 0.209375 0.231445 0.00416565
0 0 0.141016 0 0.182422 0.00416565
0 0.761719 0.712109 0.171875 0.289844 0.00416565
1 0.82793 0.671484 0.175391 0.252344 0.00408554
0 0 0.488281 0 0.186719 0.00403976
0 0.301172 0.185937 0.142969 0.290625 0.00400543
0 0 0.739453 0 0.186719 0.00397491
0 0.00479736 0.932031 0.00959473 0.135937 0.00391388
0 0.555078 0.198486 0.1375 0.265527 0.00391388
0 0.964844 0.156445 0.053125 0.134766 0.00391388
0 0.975391 0.362891 0.0492188 0.175781 0.00391388
1 0.20293 0.358203 0.250391 0.238281 0.00388527
1 0.158789 0.513672 0.313672 0.533594 0.00382423
1 0.101538 0.869531 0.162549 0.260938 0.00382423
0 0.765625 0.869922 0.151562 0.260156 0.00379562
0 0.953125 0.751562 0.08125 0.114063 0.00374985
0 0.680469 0.224561 0.11875 0.290723 0.00369263
0 0.0371582 0.121094 0.0583984 0.134375 0.00367928
0 0.607813 0.948828 0.059375 0.102344 0.00366402
0 0.9125 0.891797 0.128125 0.216406 0.00362206
0 0.645312 0.947656 0.0460938 0.104687 0.00359344
0 0.0240723 0.0149414 0.0481445 0.0298828 0.00358009
0 0.489844 0.196289 0.175 0.223047 0.00356483
0 0.288281 0.948438 0.0617188 0.103125 0.00353813
1 0.445703 0.885156 0.334375 0.229687 0.00348282
0 0 0.45166 0 0.187305 0.00348282
0 0.982813 0.481641 0.034375 0.196094 0.00345612
0 0.980859 0.410254 0.0382813 0.182617 0.00345612
0 0.630859 0.312891 0.05 0.125781 0.00342941
0 0.00507812 0.249268 0.0101562 0.170215 0.00342941
0 0.977734 0.500781 0.0445312 0.178125 0.00342941
0 0.973437 0.327539 0.053125 0.171484 0.00340271
0 0 0.526563 0 0.182812 0.00337601
0 0.00498047 0.601562 0.00996094 0.171875 0.00337601
0 0.526563 0.201367 0.153125 0.216406 0.00337601
0 0 0.0466797 0 0.0933594 0.00332451
0 0 0.876562 0 0.1875 0.00325966
0 0.00473633 0.335742 0.00947266 0.167578 0.00324821
0 0.156055 0.774219 0.239063 0.446875 0.00323486
0 0.652344 0.95625 0.053125 0.0875 0.00322342
1 0.0806641 0.855469 0.139648 0.259375 0.00319672
0 0.972656 0.00305176 0.0546875 0.00610352 0.00319672
0 0.9125 0.42959 0.103125 0.28457 0.00317192
0 0 0.652344 0 0.184375 0.00317192
0 0.980469 0.435547 0.0390625 0.198437 0.00317192
0 0.0503418 0.229248 0.059082 0.127441 0.00313568
0 0.0672852 0.00307617 0.13457 0.00615234 0.00313568
0 0.0271484 0.200732 0.0509766 0.157129 0.00312424
1 0.477734 0.384277 0.194531 0.237695 0.00309944
0 0.633984 0.943359 0.0414063 0.113281 0.00307465
1 0.9125 0.891797 0.128125 0.216406 0.00307465
0 0.934375 0.732813 0.13125 0.254687 0.00305176
0 0.966016 0.752344 0.0679687 0.109375 0.00305176
0 0.0448242 0.170703 0.0896484 0.341406 0.00298119
1 0.459375 0.536719 0.104687 0.275 0.00298119
1 0.492285 0.258984 0.245117 0.428125 0.00292397
1 0.752344 0.366211 0.16875 0.286328 0.00291252
0 0.312695 0.904688 0.107422 0.184375 0.00287819
0 0.836719 0.115332 0.13125 0.230664 0.0028553
0 0.274219 0.9375 0.0484375 0.125 0.00284576
1 0.219482 0.374219 0.168066 0.261719 0.00284576
0 0.164746 0.114453 0.183789 0.228906 0.00283432
0 0.30918 0.205273 0.106641 0.300391 0.00282288
0 0.00517578 0.0890625 0.0103516 0.173438 0.00281143
0 0.0663086 0.833594 0.12793 0.239063 0.00279999
0 0 0.827344 0 0.1875 0.00277901
0 0.810156 0.925391 0.2875 0.149219 0.00277901
0 0.0217285 0.954687 0.043457 0.090625 0.00276756
0 0.926562 0.426172 0.09375 0.321875 0.00273705
0 0.811914 0.772266 0.376172 0.455469 0.00271416
0 0.603125 0.916406 0.279687 0.167187 0.00271416
0 0.971484 0.105664 0.0570313 0.211328 0.00268364
0 0.480078 0.400781 0.203125 0.257812 0.0026722
0 0.0621094 0.216455 0.0519531 0.157715 0.0026722
1 0.210156 0.441016 0.217578 0.385938 0.00264168
0 0.304883 0.958594 0.0613281 0.0828125 0.00261116
0 0.685156 0.917969 0.328125 0.164062 0.00261116
0 0.464941 0.809375 0.276367 0.273438 0.00257111
0 0.929688 0.0647949 0.053125 0.12959 0.00257111
0 0.00515137 0.175 0.0103027 0.171094 0.00255013
0 0.219482 0.374219 0.168066 0.261719 0.00255013
0 0.762891 0.42334 0.191406 0.304883 0.00254059
1 0.164746 0.114453 0.183789 0.228906 0.00253105
0 0.339648 0.960156 0.148828 0.0796875 0.00253105
1 0.378809 0.879883 0.148633 0.240234 0.00253105
0 0.941406 0.243311 0.0546875 0.146191 0.00252151
1 0.738281 0.736328 0.18125 0.289844 0.00252151
0 0.91875 0.782031 0.153125 0.435937 0.00250244
0 0.0288086 0.143262 0.0533203 0.145898 0.00247192
0 0.974219 0.570703 0.0515625 0.367969 0.00247192
0 0 0.77832 0 0.187109 0.00244331
0 0.855469 0.776563 0.053125 0.123438 0.0024147
0 0 0.703125 0 0.184375 0.00240517
1 0.0831055 0.452734 0.152539 0.254687 0.00240517
0 0.00515137 0.211523 0.0103027 0.170312 0.002388
0 0 0.942969 0 0.114063 0.00236893
0 0 0.565625 0 0.182812 0.00234985
0 0.713281 0.982031 0.151562 0.0359375 0.00232315
0 0.972656 0.683594 0.0546875 0.109375 0.00232315
0 0.20293 0.358203 0.250391 0.238281 0.00230598
0 0.738281 0.736328 0.18125 0.289844 0.00230598
0 0.967969 0.181445 0.0484375 0.155859 0.00230598
1 0.714844 0.759375 0.159375 0.30625 0.00229645
0 0.315625 0.961719 0.0617188 0.0765625 0.00228691
0 0.492285 0.258984 0.245117 0.428125 0.00228691
1 0.502344 0.925781 0.3 0.148438 0.00225258
0 0.0633789 0.0810059 0.126758 0.162012 0.00225258
0 0.98125 0.471191 0.0375 0.210742 0.00224304
0 0.714063 0.910156 0.160938 0.170312 0.00224304
0 0.408984 0.840625 0.166406 0.298438 0.00223351
0 0.653906 0.339648 0.04375 0.202734 0.00221634
0 0.613281 0.753125 0.053125 0.16875 0.00216484
1 0.33457 0.861133 0.121484 0.277734 0.00216484
0 0.979297 0.384766 0.0414063 0.203906 0.00215721
1 0.279883 0.947656 0.05 0.104687 0.00214958
0 0.793945 0.676562 0.199609 0.267188 0.00213242
1 0.187891 0.786719 0.178125 0.426562 0.00212479
0 0 0.910547 0 0.178906 0.00211525
0 0.0575195 0.466309 0.115039 0.20332 0.00211525
1 0.464941 0.809375 0.276367 0.273438 0.00210762
0 0.135376 0.87168 0.142139 0.256641 0.00209999
1 0.135376 0.87168 0.142139 0.256641 0.00208282
1 0.174805 0.132227 0.222266 0.260938 0.00205803
0 0.149414 0.925781 0.298828 0.148438 0.00204277
0 0.103516 0.219531 0.0539063 0.128906 0.00203514
0 0.967969 0.955469 0.0640625 0.0890625 0.00202751
1 0.765625 0.400781 0.201562 0.300781 0.00202751
1 0.9375 0.744922 0.125 0.313281 0.00201988
0 0.864062 0.78125 0.059375 0.125 0.00198746
1 0.793945 0.676562 0.199609 0.267188 0.00198746
0 0.853711 0.922656 0.292578 0.154687 0.00197983
1 0.0843506 0.669141 0.140674 0.261719 0.0019722
0 0.587109 0.274609 0.0609375 0.121094 0.00196457
0 0.641016 0.328125 0.04375 0.177344 0.00194168
0 0.810938 0.717188 0.0640625 0.123438 0.00194168
0 0.00493164 0.0226074 0.00986328 0.0452148 0.00194168
0 0.714844 0.759375 0.159375 0.30625 0.00194168
0 0.0288086 0.780469 0.0576172 0.1125 0.00192642
0 0.950781 0.244482 0.0546875 0.144629 0.00192642
1 0.714844 0.352148 0.103125 0.309766 0.00192642
0 0.238281 0.944531 0.0460938 0.110937 0.00192642
1 0.198779 0.811719 0.146191 0.304688 0.00192642
1 0.396777 0.8625 0.131445 0.275 0.00191879
1 0.301172 0.185937 0.142969 0.290625 0.00191212
1 0.489844 0.196289 0.175 0.223047 0.00191212
1 0.7375 0.843555 0.234375 0.312891 0.00191212
0 0.491016 0.491406 0.358594 0.407813 0.852051
0 0.8125 0.397656 0.3 0.346875 0.760742
0 0.495703 0.181396 0.244531 0.243457 0.739258
0 0.444531 0.838281 0.357031 0.323438 0.498047
0 0.084082 0.6375 0.162109 0.159375 0.46875
0 0.160547 0.441797 0.321094 0.380469 0.415771
1 0.161523 0.441797 0.320703 0.375 0.36377
0 0.139746 0.841406 0.276367 0.304688 0.350342
0 0.510938 0.914844 0.204688 0.165625 0.345947
0 0.450391 0.915625 0.348437 0.16875 0.290283
0 0.215576 0.142578 0.304785 0.265234 0.250244
0 0.484766 0.926562 0.174219 0.140625 0.248657
0 0.442187 0.777344 0.328906 0.2125 0.247314
1 0.119043 0.632812 0.231445 0.171875 0.211426
0 0.743359 0.122632 0.100781 0.18208 0.208862
1 0.139746 0.841406 0.276367 0.304688 0.199951
0 0.850781 0.138281 0.128125 0.198828 0.199341
0 0.705859 0.110181 0.171094 0.198389 0.197388
0 0.811133 0.645312 0.343359 0.201562 0.184814
0 0.0660156 0.639453 0.11875 0.148438 0.16394
0 0.0638184 0.414453 0.122754 0.247656 0.14856
0 0.490234 0.209375 0.183594 0.171875 0.145142
0 0.742188 0.821094 0.24375 0.348437 0.139404
0 0.119043 0.632812 0.231445 0.171875 0.136597
0 0.685156 0.139844 0.111719 0.229687 0.132935
0 0.821875 0.65 0.192188 0.190625 0.116333
0 0.508203 0.2 0.192969 0.212891 0.107056
0 0.351953 0.9 0.153906 0.195312 0.106689
1 0.084082 0.6375 0.162109 0.159375 0.0957031
0 0.804883 0.699219 0.362109 0.301562 0.0933228
1 0.444531 0.838281 0.357031 0.323438 0.0846558
0 0.942187 0.792188 0.1125 0.198437 0.0772095
1 0.814844 0.390625 0.298438 0.335938 0.0761108
0 0.153418 0.161035 0.157617 0.186133 0.0745239
0 0.760938 0.76875 0.279687 0.4625 0.0689087
1 0.705859 0.110181 0.171094 0.198389 0.0665894
0 0.760156 0.479688 0.167187 0.160938 0.0643921
1 0.443652 0.896094 0.35957 0.207813 0.0643921
0 0.0738281 0.375684 0.139062 0.211133 0.0623169
0 0.374609 0.888281 0.152344 0.189063 0.0609741
0 0.186914 0.798242 0.163281 0.228516 0.0562439
1 0.743359 0.122632 0.100781 0.18208 0.0554199
0 0.435254 0.770312 0.248242 0.195312 0.0535889
0 0.542188 0.902734 0.160938 0.194531 0.0526123
1 0.850781 0.13252 0.13125 0.226367 0.0483093
1 0.215576 0.142578 0.304785 0.265234 0.0481262
1 0.685156 0.139844 0.111719 0.229687 0.0479431
0 0.336523 0.911719 0.141797 0.164062 0.0446777
0 0.775 0.896875 0.15 0.20625 0.0446777
0 0.671875 0.147754 0.078125 0.238867 0.0440063
1 0.497266 0.469531 0.367969 0.389062 0.0440063
0 0.921875 0.911719 0.123438 0.175 0.0403748
0 0.850781 0.115332 0.15625 0.212305 0.0395508
0 0.460938 0.93125 0.140625 0.125 0.0390625
1 0.495703 0.181396 0.244531 0.243457 0.0378113
0 0.738281 0.871875 0.239063 0.253125 0.037262
1 0.804688 0.642187 0.357812 0.198437 0.0366211
1 0.814258 0.644141 0.212109 0.191406 0.0337219
0 0.118555 0.625781 0.179688 0.134375 0.0310211
0 0.3125 0.942187 0.107813 0.115625 0.0299835
0 0.751953 0.466309 0.155469 0.239258 0.0296478
1 0.139355 0.776367 0.272852 0.444141 0.0296478
0 0.680469 0.196143 0.1125 0.169434 0.0289764
0 0.28125 0.124414 0.132812 0.223828 0.028656
1 0.510938 0.914844 0.204688 0.165625 0.0282135
1 0.742969 0.766406 0.24375 0.467187 0.0268555
1 0.804883 0.699219 0.362109 0.301562 0.0261536
0 0.728125 0.719531 0.14375 0.217187 0.026062
0 0.139355 0.776367 0.272852 0.444141 0.0259552
1 0.807813 0.770703 0.373437 0.458594 0.025177
0 0.325586 0.951172 0.141016 0.0976562 0.0233307
0 0.792969 0.326562 0.228125 0.207813 0.0233307
0 0.895312 0.645312 0.125 0.15625 0.0232391
0 0.477344 0.771484 0.203125 0.186719 0.0230713
1 0.0688477 0.394531 0.125977 0.233594 0.0227966
0 0.940234 0.751562 0.119531 0.120312 0.0227203
1 0.942187 0.792188 0.1125 0.198437 0.0206451
1 0.0660156 0.639453 0.11875 0.148438 0.0202484
0 0.405859 0.794531 0.213281 0.228125 0.0195618
0 0.707422 0.161719 0.149219 0.211328 0.0189819
0 0.284766 0.189063 0.142188 0.201562 0.0189819
1 0.354492 0.885938 0.155859 0.2125 0.0188293
0 0.422656 0.754687 0.192969 0.170312 0.0186157
1 0.498047 0.20083 0.197656 0.200684 0.0182648
1 0.671875 0.147754 0.078125 0.238867 0.0181885
0 0.357812 0.865625 0.152344 0.232812 0.0179138
0 0.853125 0.646875 0.178125 0.160938 0.0170441
0 0.572656 0.59375 0.140625 0.214062 0.0161591
1 0.744141 0.868945 0.242969 0.258984 0.0156708
0 0.929688 0.791406 0.11875 0.167187 0.0155411
1 0.186914 0.798242 0.163281 0.228516 0.0153046
0 0.833594 0.15625 0.09375 0.13125 0.0149536
1 0.842188 0.104785 0.128125 0.198242 0.014389
0 0.314063 0.924219 0.103125 0.142188 0.014389
0 0.810938 0.771875 0.378125 0.45625 0.0142288
1 0.341406 0.907812 0.141406 0.184375 0.0141754
1 0.442187 0.777344 0.328906 0.2125 0.014061
1 0.435254 0.770312 0.248242 0.195312 0.014061
0 0.394141 0.538281 0.146094 0.245312 0.0139542
0 0.292188 0.95 0.0765625 0.1 0.0139542
0 0.690625 0.10625 0.107813 0.191406 0.0136871
1 0.28125 0.124414 0.132812 0.223828 0.013588
0 0.39209 0.882812 0.133008 0.1625 0.0135345
0 0.0563477 0.437891 0.100195 0.259375 0.0134277
0 0.0640625 0.853125 0.121875 0.217187 0.0133286
1 0.484766 0.926562 0.174219 0.140625 0.0118713
1 0.837695 0.11875 0.177734 0.215625 0.0115051
0 0.573047 0.498437 0.199219 0.428125 0.0113297
0 0.736719 0.142871 0.101562 0.147852 0.0111618
0 0.395703 0.867969 0.258594 0.260938 0.0105667
0 0.382422 0.898438 0.242969 0.203125 0.0104904
0 0.380469 0.838867 0.167187 0.241016 0.0103683
0 0.124902 0.103027 0.0994141 0.206055 0.0100937
0 0.9 0.908594 0.103125 0.182812 0.0100555
0 0.746484 0.894531 0.155469 0.207813 0.00997162
0 0.457812 0.210156 0.120312 0.16875 0.00978088
0 0.672656 0.209766 0.0890625 0.157031 0.00974274
0 0.527344 0.213867 0.1625 0.173047 0.00971222
1 0.801562 0.321484 0.228125 0.196094 0.00955963
0 0.782031 0.657812 0.198437 0.185937 0.00933838
0 0.710547 0.742969 0.150781 0.232812 0.00930023
0 0.682031 0.970312 0.110937 0.059375 0.00905609
1 0.3625 0.841406 0.150781 0.240625 0.00878143
1 0.374609 0.888281 0.152344 0.189063 0.00871277
0 0.458691 0.377246 0.199805 0.208008 0.00871277
0 0.125757 0.0774414 0.116846 0.154883 0.00831604
1 0.542188 0.902734 0.160938 0.194531 0.00828552
1 0.921875 0.911719 0.123438 0.175 0.008255
0 0.16875 0.132422 0.2 0.248437 0.00818634
0 0.671484 0.180859 0.090625 0.229297 0.00812531
0 0.8375 0.102734 0.10625 0.189844 0.00812531
1 0.0585938 0.434375 0.113672 0.263281 0.00769424
1 0.382422 0.898438 0.242969 0.203125 0.00763702
1 0.728125 0.719531 0.14375 0.217187 0.00763702
0 0.45459 0.942969 0.167383 0.114063 0.00751877
0 0.139746 0.124805 0.134961 0.223047 0.00740433
0 0.926562 0.819531 0.146875 0.348437 0.00728989
1 0.154712 0.154785 0.160889 0.203711 0.00717545
0 0.53125 0.190234 0.164062 0.239844 0.00712204
0 0.341797 0.959375 0.15 0.08125 0.00701141
0 0.785156 0.469531 0.189063 0.178125 0.0069046
1 0.118555 0.625781 0.179688 0.134375 0.0069046
1 0.422656 0.754687 0.192969 0.170312 0.00682449
1 0.929688 0.791406 0.11875 0.167187 0.00664139
1 0.478906 0.208252 0.159375 0.169434 0.00653839
1 0.767578 0.889844 0.157031 0.220313 0.00643921
0 0.771484 0.44834 0.192969 0.23457 0.00643921
0 0.965234 0.0560547 0.0695312 0.112109 0.00619125
0 0.798437 0.63125 0.170312 0.167187 0.00619125
0 0.748438 0.697656 0.164062 0.167187 0.00609589
1 0.395703 0.867969 0.258594 0.260938 0.00588989
0 0.183643 0.832812 0.195215 0.31875 0.00582123
1 0.521094 0.177539 0.165625 0.226172 0.00577545
1 0.682422 0.182617 0.116406 0.215234 0.00577545
1 0.690625 0.10625 0.107813 0.191406 0.00564194
0 0.820312 0.341992 0.20625 0.212109 0.0055542
0 0.889844 0.770703 0.220313 0.458594 0.00542831
0 0.702344 0.190234 0.145313 0.166016 0.00538635
1 0.926562 0.819531 0.146875 0.348437 0.00516129
0 0.0794922 0.9 0.157422 0.196875 0.0051384
0 0.746094 0.12832 0.248437 0.228516 0.00511932
0 0.760938 0.924219 0.14375 0.142188 0.00510025
1 0.707422 0.161719 0.149219 0.211328 0.00510025
1 0.889844 0.770703 0.220313 0.458594 0.00500107
0 0.0583008 0.489844 0.107813 0.14375 0.00492477
0 0.735156 0.500781 0.11875 0.142188 0.00486755
0 0.926953 0.875 0.146094 0.245312 0.00481033
0 0.0624023 0.473437 0.115234 0.19375 0.00481033
1 0.0640625 0.853125 0.121875 0.217187 0.00477219
0 0.283398 0.156055 0.193359 0.283203 0.00473785
0 0.0684082 0.500391 0.133887 0.121094 0.00453949
0 0.0523437 0.833594 0.09375 0.19375 0.00452042
1 0.853125 0.142212 0.142188 0.167529 0.00452042
0 0.448438 0.550781 0.116406 0.229687 0.00446701
0 0.546875 0.205664 0.153125 0.199609 0.00443268
0 0.684375 0.939062 0.107813 0.109375 0.00439835
0 0.181836 0.760156 0.159375 0.185937 0.00438309
0 0.0584961 0.398828 0.0974609 0.228906 0.00436401
0 0.0550781 0.869531 0.0957031 0.2375 0.00436401
0 0.449609 0.362695 0.149219 0.177734 0.00429916
1 0.749219 0.475781 0.146875 0.203125 0.00426483
0 0.268359 0.184326 0.145313 0.158691 0.00426483
0 0.170312 0.15 0.132422 0.220313 0.00424957
0 0.294922 0.925781 0.0664062 0.140625 0.00419998
1 0.395312 0.815625 0.195312 0.24375 0.00416565
0 0.980469 0.546094 0.0390625 0.198437 0.0041008
0 0.581641 0.567969 0.192188 0.29375 0.00405502
1 0.319727 0.914062 0.108203 0.1625 0.00400543
1 0.798437 0.63125 0.170312 0.167187 0.00397491
0 0.931641 0.758984 0.136719 0.391406 0.00397491
0 0.14939 0.625781 0.151221 0.13125 0.00392914
1 0.849219 0.644531 0.203125 0.18125 0.00391388
0 0.707031 0.0722656 0.185937 0.136328 0.00385475
0 0.433496 0.954687 0.186133 0.090625 0.00382423
0 0.879687 0.646484 0.15625 0.180469 0.00382423
0 0.830469 0.0989258 0.20625 0.185742 0.00380898
1 0.940234 0.751562 0.119531 0.120312 0.00379562
1 0.477344 0.771484 0.203125 0.186719 0.00376511
0 0.185498 0.326172 0.182129 0.157813 0.00355148
1 0.817969 0.651563 0.15625 0.171875 0.00352478
0 0.915625 0.441797 0.11875 0.229687 0.00351143
1 0.183643 0.832812 0.195215 0.31875 0.00351143
1 0.895312 0.645312 0.125 0.15625 0.00351143
0 0.982813 0.428027 0.034375 0.22832 0.00348282
1 0.139746 0.124805 0.134961 0.223047 0.00345612
1 0.181836 0.760156 0.159375 0.185937 0.00342941
1 0.746094 0.12832 0.248437 0.228516 0.00340271
0 0.125488 0.147461 0.0960938 0.242578 0.00335121
0 0.102832 0.35293 0.183398 0.177734 0.00329781
0 0.696875 0.0808838 0.130469 0.160107 0.00328636
0 0.747656 0.724219 0.154687 0.176563 0.00325966
1 0.124902 0.103027 0.0994141 0.206055 0.00324821
0 0.149023 0.500391 0.134766 0.135937 0.00324821
1 0.9 0.908594 0.103125 0.182812 0.00323486
0 0.7125 0.888281 0.165625 0.220313 0.00321007
0 0.760547 0.854688 0.155469 0.214062 0.00319672
0 0.703125 0.971875 0.1625 0.05625 0.00319672
1 0.710547 0.742969 0.150781 0.232812 0.00311089
0 0.873438 0.654297 0.115625 0.138281 0.00307465
1 0.926953 0.875 0.146094 0.245312 0.00298119
1 0.185498 0.326172 0.182129 0.157813 0.0029583
1 0.458691 0.377246 0.199805 0.208008 0.0029583
0 0.731641 0.764844 0.138281 0.234375 0.00291252
0 0.139062 0.173047 0.122656 0.157031 0.00282288
0 0.280859 0.084082 0.13125 0.168164 0.00282288
0 0.975 0.0733887 0.05 0.146777 0.00277901
1 0.931641 0.758984 0.136719 0.391406 0.00274658
0 0.358594 0.910937 0.2 0.178125 0.00269318
1 0.16875 0.132422 0.2 0.248437 0.0026207
0 0.219727 0.417188 0.161328 0.241406 0.00261116
0 0.421484 0.477441 0.211719 0.363867 0.00259018
0 0.98125 0.575391 0.0375 0.238281 0.00255013
0 0.286719 0.963281 0.0625 0.0734375 0.00254059
0 0.303516 0.211377 0.115625 0.178027 0.00251198
1 0.214795 0.348047 0.161035 0.200781 0.0024929
0 0.753906 0.411816 0.171875 0.256055 0.00248146
0 0.511719 0.797656 0.146875 0.217187 0.00247192
0 0.80957 0.37168 0.230859 0.253516 0.00247192
0 0.478516 0.423047 0.203906 0.25 0.00245285
0 0.367773 0.966406 0.160547 0.0671875 0.0024147
0 0.88125 0.908594 0.0921875 0.182812 0.00240517
0 0.214795 0.348047 0.161035 0.200781 0.00240517
1 0.284766 0.189063 0.142188 0.201562 0.00239754
1 0.358594 0.910937 0.2 0.178125 0.00236893
0 0.275781 0.959375 0.0683594 0.08125 0.00235939
0 0.704687 0.794531 0.151562 0.245312 0.00230598
1 0.760547 0.854688 0.155469 0.214062 0.00228691
0 0.258789 0.178125 0.231641 0.3375 0.00228691
0 0.864844 0.145801 0.175 0.278711 0.00227928
0 0.932031 0.850781 0.110937 0.20625 0.00226021
1 0.344531 0.865625 0.115625 0.245312 0.00225258
0 0.788281 0.921094 0.134375 0.15 0.00225258
0 0.449609 0.0354248 0.124219 0.0708496 0.00224304
1 0.081543 0.360156 0.144336 0.179688 0.00222588
0 0.150391 0.404004 0.288281 0.279492 0.00220871
0 0.186377 0.836719 0.136621 0.264062 0.00218201
0 0.977344 0.196826 0.0453125 0.224316 0.00216484
1 0.820312 0.341992 0.20625 0.212109 0.00214958
0 0.955469 0.0414063 0.0890625 0.0828125 0.00214958
0 0.825 0.166992 0.078125 0.108984 0.00211525
1 0.736719 0.142871 0.101562 0.147852 0.00210762
1 0.833594 0.15625 0.09375 0.13125 0.00206757
0 0.175 0.50625 0.157031 0.14375 0.00206757
0 0.822656 0.457715 0.185937 0.187695 0.0020504
0 0.21543 0.513281 0.148438 0.178906 0.0020504
0 0.689062 0.769141 0.115625 0.242969 0.00201035
0 0.53125 0.156738 0.140625 0.192773 0.00200272
0 0.699219 0.928125 0.142188 0.13125 0.00199509
0 0.770312 0.309961 0.171875 0.178516 0.00199509
0 0.262305 0.144727 0.157422 0.234766 0.00196457
0 0.924219 0.928125 0.114063 0.13125 0.00194168
0 0.555078 0.493066 0.186719 0.254492 0.00190449
0 0.669531 0.800781 0.0796875 0.246875 0.00189686
0 0.464063 0.948438 0.351562 0.103125 0.00189686
0 0.767969 0.282031 0.145313 0.15 0.00187492
1 0.449609 0.362695 0.149219 0.177734 0.00183868
0 0.444141 0.212305 0.0953125 0.149609 0.00181007
0 0.548047 0.922656 0.146094 0.142188 0.00179577
0 0.110254 0.432422 0.209961 0.35625 0.00178242
0 0.794531 0.4875 0.189063 0.125 0.00176144
1 0.283398 0.156055 0.193359 0.283203 0.00174141
1 0.673047 0.190234 0.0921875 0.1875 0.0017271
1 0.782031 0.657812 0.198437 0.185937 0.0017271
1 0.329883 0.925781 0.138672 0.1375 0.00170708
0 0.403125 0.967188 0.190625 0.065625 0.0017004
0 0.775 0.935938 0.146875 0.115625 0.0017004
1 0.14939 0.625781 0.151221 0.13125 0.00169373
1 0.786719 0.901563 0.13125 0.196875 0.00168705
0 0.205859 0.44375 0.173828 0.221094 0.00168705
0 0.825 0.0770508 0.0984375 0.154102 0.00166798
0 0.98125 0.523438 0.0375 0.275781 0.0016613
0 0.692969 0.212305 0.132812 0.130469 0.00165462
0 0.802344 0.664844 0.1125 0.151562 0.00165462
0 0.112524 0.500781 0.114014 0.11875 0.0016489
1 0.679688 0.214893 0.109375 0.14209 0.00163555
0 0.782812 0.393359 0.21875 0.260156 0.00162315
0 0.411816 0.728906 0.170117 0.1375 0.00162315
0 0.297266 0.961328 0.0882813 0.0773437 0.00161076
0 0.82168 0.873438 0.356641 0.25 0.00160408
0 0.732813 0.168555 0.104687 0.117188 0.00157356
0 0.490625 0.501953 0.361719 0.441406 0.617676
1 0.160938 0.425781 0.321875 0.363281 0.59375
1 0.805469 0.767578 0.389062 0.457031 0.44165
0 0.81543 0.393066 0.306641 0.341992 0.427246
1 0.145313 0.777344 0.290625 0.425 0.421631
1 0.81543 0.393066 0.306641 0.341992 0.400635
1 0.492969 0.476562 0.366406 0.398438 0.388672
0 0.441309 0.832031 0.362695 0.328125 0.37207
1 0.441309 0.832031 0.362695 0.328125 0.364746
1 0.160645 0.504297 0.321289 0.522656 0.336426
0 0.496875 0.180469 0.24375 0.25625 0.309082
0 0.0851807 0.635156 0.161279 0.18125 0.250244
0 0.809375 0.767187 0.38125 0.45625 0.141235
1 0.496875 0.180469 0.24375 0.25625 0.109131
0 0.163672 0.448438 0.327344 0.414062 0.102295
0 0.146094 0.834375 0.292188 0.321875 0.0948486
1 0.142871 0.646094 0.279492 0.204688 0.0783691
1 0.142773 0.837305 0.281641 0.316016 0.0679321
0 0.520312 0.902344 0.182812 0.195312 0.0637207
0 0.707422 0.125781 0.158594 0.225 0.058136
1 0.710938 0.137305 0.178125 0.254687 0.0413208
1 0.214795 0.150098 0.32041 0.290039 0.0394897
0 0.845508 0.134766 0.146484 0.224219 0.0314941
0 0.145313 0.768359 0.290625 0.463281 0.0307312
0 0.487109 0.279297 0.264844 0.464844 0.0301056
0 0.488281 0.920703 0.178125 0.158594 0.0271759
0 0.225195 0.150879 0.299609 0.299414 0.0230713
0 0.836719 0.640625 0.195312 0.19375 0.0216217
0 0.512891 0.203467 0.18125 0.20166 0.0215302
0 0.721875 0.141211 0.204688 0.265234 0.0210114
1 0.487109 0.279297 0.264844 0.464844 0.0153656
1 0.783594 0.145508 0.332812 0.273047 0.0148392
1 0.726953 0.173828 0.221094 0.311328 0.0127258
1 0.848437 0.138379 0.184375 0.261914 0.0126724
0 0.688281 0.157031 0.146094 0.266406 0.0125275
0 0.142871 0.646094 0.279492 0.204688 0.0123367
1 0.763281 0.186719 0.285937 0.345313 0.0104904
0 0.848437 0.138379 0.184375 0.261914 0.0104523
0 0.35293 0.884375 0.155859 0.225 0.00971222
0 0.783594 0.145508 0.332812 0.273047 0.00818634
1 0.865625 0.160938 0.192188 0.321094 0.00812531
0 0.760938 0.472656 0.165625 0.204688 0.00793457
0 0.763281 0.186719 0.285937 0.345313 0.00757599
1 0.0851807 0.635156 0.161279 0.18125 0.00731659
0 0.817187 0.552344 0.310937 0.682813 0.00605011
0 0.803906 0.837695 0.392188 0.318359 0.00547028
0 0.819531 0.666016 0.340625 0.252344 0.00530243
0 0.737891 0.128516 0.119531 0.200391 0.00527954
0 0.810156 0.65625 0.179688 0.195312 0.0051384
0 0.865625 0.160938 0.192188 0.321094 0.0049057
0 0.510156 0.320703 0.304688 0.567969 0.00488663
1 0.153613 0.683594 0.303711 0.279687 0.00450516
0 0.153809 0.15127 0.15293 0.216211 0.00445175
1 0.803906 0.837695 0.392188 0.318359 0.00424957
0 0.337109 0.908203 0.150781 0.183594 0.00421524
1 0.817187 0.552344 0.310937 0.682813 0.00400543
1 0.283984 0.173438 0.441406 0.328125 0.00349617
0 0.183154 0.791406 0.163379 0.259375 0.00344276
0 0.0752197 0.391406 0.14292 0.258594 0.00328636
0 0.373437 0.867969 0.157031 0.229687 0.00322342
0 0.472559 0.868359 0.301758 0.263281 0.003088
1 0.871094 0.274219 0.226562 0.548437 0.00307465
0 0.116699 0.627344 0.181055 0.16875 0.00305176
1 0.510156 0.320703 0.304688 0.567969 0.00299263
0 0.4375 0.750781 0.2375 0.175 0.00292397
1 0.869922 0.804102 0.260156 0.391797 0.00284576
0 0.283984 0.173438 0.441406 0.328125 0.00282288
1 0.789844 0.250586 0.335938 0.480078 0.00269318
1 0.825 0.216797 0.292188 0.41875 0.00261116
0 0.0637695 0.413281 0.127539 0.279687 0.00255013
0 0.825 0.216797 0.292188 0.41875 0.00245285
0 0.871094 0.274219 0.226562 0.548437 0.00242424
0 0.869922 0.804102 0.260156 0.391797 0.00234222
1 0.819531 0.666016 0.340625 0.252344 0.00230598
0 0.811133 0.322266 0.208984 0.207813 0.00227928
0 0.789844 0.250586 0.335938 0.480078 0.00219154
0 0.165039 0.399121 0.321094 0.300195 0.00218201
0 0.278125 0.122266 0.15 0.244531 0.00218201
0 0.742578 0.486719 0.152344 0.195312 0.00216484
0 0.925 0.789062 0.146875 0.245312 0.00215721
0 0.98125 0.112598 0.0375 0.225195 0.00212479
1 0.472559 0.868359 0.301758 0.263281 0.00212479
0 0.461719 0.767578 0.209375 0.202344 0.00192642
0 0.682813 0.195752 0.134375 0.226465 0.00189686
1 0.845508 0.134766 0.146484 0.224219 0.00186062
0 0.563281 0.597656 0.160156 0.222656 0.00181007
1 0.932422 0.223828 0.135156 0.447656 0.0017004
0 0.982031 0.177637 0.0359375 0.355273 0.00157928
0 0.471484 0.203125 0.171875 0.198437 0.00146675
0 0.575781 0.573535 0.25 0.507617 0.00144386
0 0.542969 0.889453 0.159375 0.221094 0.00137806
0 0.7125 0.22832 0.226562 0.404297 0.00135612
1 0.982031 0.177637 0.0359375 0.355273 0.00134087
0 0.671484 0.169922 0.10625 0.292188 0.00133038
1 0.98125 0.112598 0.0375 0.225195 0.00131512
0 0.878125 0.650781 0.1625 0.185937 0.0012846
0 0.910156 0.896875 0.153125 0.20625 0.00123024
0 0.757812 0.86582 0.165625 0.268359 0.00122547
0 0.138501 0.138184 0.147998 0.261914 0.0012064
0 0.932422 0.223828 0.135156 0.447656 0.00119686
0 0.417871 0.774219 0.220508 0.217187 0.00119209
1 0.7125 0.22832 0.226562 0.404297 0.0011425
0 0.153613 0.683594 0.303711 0.279687 0.00113392
0 0.832812 0.114453 0.140625 0.228906 0.0011158
0 0.774219 0.885547 0.154687 0.228906 0.00109863
0 0.960156 0.0202881 0.0796875 0.0405762 0.00106907
0 0.390625 0.533984 0.153125 0.25625 0.00106525
0 0.280469 0.185547 0.157031 0.239844 0.00104809
0 0.98125 0.537109 0.0375 0.513281 0.00102806
0 0.75625 0.692578 0.176563 0.232031 0.00102806
0 0.703906 0.177393 0.153125 0.228809 0.00101662
0 0.754687 0.853906 0.325 0.282813 0.00100803
1 0.807227 0.767969 0.385547 0.460938 0.661133
1 0.143164 0.771484 0.286328 0.457031 0.628906
1 0.166113 0.462598 0.332227 0.441992 0.624512
1 0.816406 0.393359 0.310937 0.361719 0.563965
0 0.494922 0.500684 0.367969 0.450195 0.523438
1 0.491504 0.488184 0.370117 0.431445 0.516602
1 0.446484 0.829687 0.363281 0.340625 0.473633
0 0.447266 0.829687 0.366406 0.340625 0.404541
0 0.816406 0.393359 0.310937 0.361719 0.277588
0 0.501172 0.181641 0.255469 0.274219 0.158203
1 0.501172 0.181641 0.255469 0.274219 0.153564
1 0.214014 0.158203 0.337598 0.313281 0.0960083
1 0.47666 0.253516 0.31543 0.428906 0.0939941
0 0.165527 0.43584 0.331055 0.38457 0.0820923
0 0.491016 0.226367 0.286719 0.370703 0.0784912
0 0.807227 0.767969 0.385547 0.460938 0.0714722
0 0.144922 0.767969 0.289844 0.454688 0.0549011
1 0.732031 0.194141 0.229687 0.382812 0.0512695
0 0.124902 0.647656 0.249805 0.2 0.0411377
1 0.124902 0.647656 0.249805 0.2 0.0367737
1 0.778125 0.200732 0.33125 0.39541 0.0358887
0 0.217383 0.144141 0.325391 0.288281 0.0344238
0 0.49541 0.301172 0.281055 0.529688 0.0332642
1 0.844531 0.178516 0.209375 0.352344 0.0273285
1 0.755859 0.142578 0.274219 0.275781 0.0240479
1 0.764844 0.280859 0.290625 0.561719 0.0201721
0 0.103711 0.677344 0.2 0.2375 0.0188293
1 0.7125 0.140332 0.184375 0.267383 0.0187988
0 0.502734 0.920313 0.196094 0.159375 0.0158997
1 0.144141 0.673047 0.285156 0.247656 0.0147324
1 0.103711 0.677344 0.2 0.2375 0.0142822
1 0.865625 0.217383 0.223438 0.432422 0.0137405
1 0.822656 0.458594 0.315625 0.5125 0.01297
1 0.729688 0.26582 0.217187 0.524609 0.012825
1 0.69375 0.178906 0.146875 0.291016 0.011467
1 0.83418 0.2875 0.322266 0.575 0.0109024
0 0.7125 0.140332 0.184375 0.267383 0.00985718
0 0.822656 0.458594 0.315625 0.5125 0.00941467
1 0.852344 0.140234 0.185937 0.271875 0.0091629
0 0.21792 0.202734 0.366504 0.403906 0.00912476
0 0.0818359 0.664062 0.156445 0.215625 0.00818634
0 0.532031 0.907031 0.282813 0.185937 0.00748825
1 0.359766 0.862695 0.173438 0.274609 0.00679779
0 0.754687 0.481641 0.16875 0.245312 0.00653839
0 0.732031 0.194141 0.229687 0.382812 0.00624084
1 0.405078 0.843555 0.258594 0.281641 0.00609589
1 0.0818359 0.664062 0.156445 0.215625 0.00559998
0 0.844531 0.178516 0.209375 0.352344 0.00553513
0 0.755859 0.142578 0.274219 0.275781 0.00524139
0 0.526563 0.9 0.185937 0.2 0.00518036
0 0.778125 0.200732 0.33125 0.39541 0.0051384
1 0.671094 0.185889 0.109375 0.307129 0.00475693
0 0.852344 0.140234 0.185937 0.271875 0.00452042
0 0.729688 0.26582 0.217187 0.524609 0.00452042
0 0.570312 0.209375 0.350781 0.217187 0.00445175
0 0.69375 0.178906 0.146875 0.291016 0.00428009
1 0.480078 0.319727 0.415625 0.579297 0.00421524
1 0.163574 0.407813 0.324805 0.314844 0.00388527
0 0.865625 0.217383 0.223438 0.432422 0.00383949
0 0.153101 0.147852 0.168018 0.255078 0.00359344
0 0.764844 0.280859 0.290625 0.561719 0.00355148
1 0.778125 0.817187 0.33125 0.365625 0.00341606
0 0.851953 0.661719 0.296094 0.232812 0.00318527
0 0.83418 0.2875 0.322266 0.575 0.00311089
0 0.778125 0.817187 0.33125 0.365625 0.00309944
0 0.354688 0.883203 0.163281 0.233594 0.0030632
1 0.725391 0.14834 0.133594 0.264258 0.0030632
0 0.521875 0.208008 0.182812 0.223438 0.00305176
0 0.851562 0.141211 0.14375 0.240234 0.00302696
0 0.485156 0.821094 0.390625 0.276563 0.00284576
0 0.480078 0.319727 0.415625 0.579297 0.00261116
1 0.346094 0.89375 0.155469 0.2125 0.0024929
0 0.786133 0.465234 0.227734 0.239844 0.00248146
1 0.252344 0.242188 0.461719 0.46875 0.00247192
1 0.851562 0.141211 0.14375 0.240234 0.00228691
0 0.742969 0.151562 0.109375 0.251953 0.00225258
1 0.685938 0.217187 0.129688 0.277344 0.00216484
0 0.405078 0.843555 0.258594 0.281641 0.00214958
1 0.941406 0.275391 0.117188 0.550781 0.00213242
0 0.671094 0.185889 0.109375 0.307129 0.00211525
1 0.74375 0.167578 0.103125 0.253906 0.00192642
1 0.315234 0.9 0.104687 0.2 0.0017004
0 0.335938 0.90625 0.144531 0.1875 0.00169373
0 0.393066 0.860937 0.204492 0.278125 0.00161076
0 0.252344 0.242188 0.461719 0.46875 0.00160408
1 0.153101 0.147852 0.168018 0.255078 0.0015974
0 0.374902 0.871875 0.161133 0.25625 0.00157928
1 0.916797 0.776563 0.166406 0.446875 0.00156689
0 0.333984 0.932031 0.174219 0.135937 0.00152493
0 0.685938 0.217187 0.129688 0.277344 0.00143814
1 0.839844 0.661328 0.320312 0.232031 0.00143242
0 0.461719 0.898438 0.344531 0.203125 0.00141048
0 0.572656 0.528027 0.242188 0.498633 0.00139427
1 0.393066 0.860937 0.204492 0.278125 0.00137234
1 0.333984 0.932031 0.174219 0.135937 0.00135136
0 0.14707 0.685547 0.262109 0.257031 0.00129986
0 0.875 0.677344 0.25 0.242188 0.00129414
0 0.492188 0.769531 0.417188 0.209375 0.00123501
1 0.851562 0.814844 0.296875 0.370313 0.00123024
0 0.0788086 0.403125 0.157617 0.280469 0.00119686
0 0.0824219 0.712891 0.153906 0.274219 0.00118828
1 0.754687 0.481641 0.16875 0.245312 0.00117874
0 0.851562 0.814844 0.296875 0.370313 0.0011692
1 0.485156 0.821094 0.390625 0.276563 0.00116062
1 0.300195 0.310547 0.486328 0.607031 0.0011425
1 0.0824219 0.712891 0.153906 0.274219 0.00113773
0 0.530469 0.235352 0.235938 0.224609 0.00106049
0 0.916797 0.776563 0.166406 0.446875 0.00103188
0 0.490625 0.490625 0.351562 0.416406 0.578613
0 0.812695 0.394531 0.293359 0.351562 0.550781
1 0.158984 0.439844 0.317969 0.370313 0.518555
0 0.497656 0.183203 0.232031 0.257031 0.516602
1 0.44209 0.835938 0.350195 0.328125 0.433105
1 0.14043 0.826563 0.280859 0.334375 0.388672
0 0.443848 0.832227 0.337305 0.335547 0.377441
1 0.816406 0.398047 0.298438 0.35 0.335449
1 0.775781 0.770312 0.304688 0.459375 0.306641
1 0.49209 0.475391 0.350195 0.392969 0.247314
1 0.127148 0.646875 0.246094 0.201562 0.228882
1 0.707812 0.136621 0.170312 0.269727 0.204956
1 0.497656 0.183203 0.232031 0.257031 0.161377
1 0.139453 0.758594 0.269141 0.439063 0.156372
0 0.817187 0.671875 0.3375 0.253125 0.124023
0 0.707812 0.136621 0.170312 0.269727 0.121277
1 0.817187 0.671875 0.3375 0.253125 0.119019
0 0.159863 0.431152 0.310742 0.35332 0.118774
1 0.160059 0.550781 0.31543 0.590625 0.110291
0 0.19292 0.134961 0.244629 0.264453 0.10614
1 0.218799 0.137695 0.296777 0.271484 0.0948486
1 0.741797 0.800586 0.239844 0.398828 0.0910645
0 0.806445 0.766406 0.365234 0.448438 0.090271
1 0.126367 0.691797 0.248828 0.288281 0.0661011
0 0.745313 0.772266 0.245312 0.455469 0.0606384
0 0.141406 0.847656 0.282813 0.301562 0.0519409
0 0.283594 0.978125 0.0421875 0.04375 0.0432129
0 0.742188 0.838672 0.239063 0.322656 0.0423279
1 0.0900635 0.638672 0.176123 0.139844 0.041626
0 0.117969 0.642969 0.223438 0.2 0.031311
0 0.283984 0.965625 0.0476562 0.065625 0.0303345
0 0.271875 0.979688 0.0402344 0.040625 0.0298767
0 0.244531 0.14043 0.239063 0.280859 0.0255585
1 0.0757812 0.65 0.142383 0.120312 0.0232391
0 0.298047 0.980469 0.0929687 0.0390625 0.0229797
0 0.00490723 0.320117 0.00981445 0.240234 0.0220337
1 0.850781 0.123047 0.14375 0.236719 0.0214539
0 0.149023 0.793945 0.266797 0.399609 0.0205688
0 0.275586 0.96875 0.0457031 0.059375 0.0188293
0 0.508984 0.93125 0.217969 0.128125 0.0165253
0 0.284961 0.95625 0.0542969 0.078125 0.0149002
1 0.742188 0.86582 0.2375 0.265234 0.0145569
0 0.00487061 0.273047 0.00974121 0.249219 0.014061
1 0.738672 0.152344 0.230469 0.278125 0.0140076
0 0.0900635 0.638672 0.176123 0.139844 0.0139542
0 0.00466309 0.926562 0.00932617 0.146875 0.0136871
0 0.297266 0.982813 0.15 0.034375 0.0126724
1 0.774219 0.136523 0.289062 0.260547 0.0125732
0 0.850781 0.123047 0.14375 0.236719 0.012146
0 0.00478516 0.608594 0.00957031 0.246875 0.0118256
0 0.649219 0.982422 0.05 0.0351562 0.0115509
0 0.00484619 0.117188 0.00969238 0.234375 0.0115051
0 0.658203 0.982813 0.0773437 0.034375 0.0113754
1 0.854688 0.134277 0.142188 0.169727 0.0113297
0 0.32793 0.977344 0.137109 0.0453125 0.0106506
0 0.00456543 0.944531 0.00913086 0.110937 0.0102081
0 0.287891 0.991797 0.0882813 0.0164062 0.0100937
0 0.0757812 0.65 0.142383 0.120312 0.0100098
0 0.63125 0.982031 0.05 0.0359375 0.0100098
0 0.295508 0.964063 0.0804688 0.06875 0.00981903
0 0.160059 0.550781 0.31543 0.590625 0.00981903
0 0.6875 0.386816 0.0546875 0.120117 0.00978088
0 0.00469971 0.369141 0.00939941 0.242969 0.00967407
1 0.812695 0.728125 0.343359 0.36875 0.00955963
0 0.249805 0.982422 0.0644531 0.0351562 0.00930023
0 0.0048584 0.184375 0.0097168 0.247656 0.00930023
0 0.985547 0.457812 0.0289063 0.0773437 0.00908661
0 0.269531 0.991797 0.0851562 0.0164062 0.00898743
0 0.00473633 0.705859 0.00947266 0.239844 0.00888062
0 0.316797 0.596484 0.040625 0.0601562 0.00871277
1 0.258545 0.156445 0.219629 0.291406 0.00861359
0 0.450391 0.481152 0.267969 0.37207 0.00844574
1 0.689062 0.161328 0.140625 0.260938 0.00837708
1 0.919531 0.815234 0.160938 0.369531 0.00831604
0 0.307227 0.601562 0.0390625 0.0546875 0.00806427
0 0.277734 0.957812 0.0515625 0.06875 0.00787354
1 0.707031 0.134863 0.173438 0.181055 0.00772476
0 0.307227 0.977734 0.11875 0.0445312 0.00769424
0 0.520703 0.908594 0.197656 0.173438 0.00769424
0 0.00480957 0.0919922 0.00961914 0.183984 0.00757599
0 0 0.349219 0 0.133594 0.00748825
0 0.986719 0.474219 0.0265625 0.0578125 0.00723267
0 0.675781 0.357422 0.0453125 0.101562 0.00709534
0 0.00476074 0.0464355 0.00952148 0.0928711 0.00709534
0 0.00466309 0.656641 0.00932617 0.239844 0.00656509
0 0.578125 0.549219 0.190625 0.346875 0.00631332
0 0.978906 0.623438 0.0421875 0.0640625 0.00621796
0 0.75625 0.478906 0.170312 0.173438 0.00614548
0 0.363281 0.978125 0.16875 0.04375 0.00605011
1 0.349609 0.9125 0.166406 0.159375 0.00605011
0 0.772656 0.493359 0.195312 0.117188 0.00605011
0 0.303125 0.991797 0.130469 0.0164062 0.00582123
1 0.283594 0.978125 0.0421875 0.04375 0.00572968
0 0.693359 0.977344 0.132031 0.0453125 0.00566483
1 0.885938 0.770312 0.228125 0.459375 0.00564194
0 0.605859 0.979688 0.0632813 0.040625 0.00564194
1 0.164282 0.138281 0.190967 0.269141 0.00551224
0 0.652344 0.991797 0.10625 0.0164062 0.00542831
0 0.854688 0.134277 0.142188 0.169727 0.00538635
1 0.876562 0.220703 0.175 0.424219 0.00534439
0 0.152441 0.15 0.164258 0.232812 0.00534439
1 0.680469 0.189063 0.121875 0.167969 0.00530243
1 0.846875 0.162109 0.129688 0.102344 0.00527954
0 0.650781 0.971875 0.0515625 0.0515625 0.00521851
0 0.658594 0.983594 0.145313 0.0328125 0.00518036
0 0.124902 0.685156 0.236914 0.29375 0.00516129
0 0.985156 0.438281 0.0296875 0.0765625 0.00516129
0 0.355469 0.98125 0.167187 0.0375 0.0051384
0 0.632422 0.992188 0.108594 0.015625 0.0050621
0 0.0236816 0.983984 0.0428711 0.0320312 0.00503922
0 0.00463867 0.516406 0.00927734 0.234375 0.00482941
0 0.984375 0.638281 0.03125 0.04375 0.00482941
0 0.6375 0.970312 0.053125 0.0546875 0.00479126
0 0.814062 0.168359 0.0625 0.0902344 0.00471878
1 0.914844 0.904688 0.157813 0.190625 0.00469971
0 0 0.324609 0 0.134375 0.00469971
0 0 0.374414 0 0.135547 0.00468063
0 0.976953 0.551172 0.0460938 0.104687 0.0046463
0 0.607031 0.0873291 0.0671875 0.0468262 0.00450516
0 0.380859 0.219336 0.0429688 0.096875 0.00446701
0 0.982813 0.449219 0.034375 0.0828125 0.00439835
0 0.495313 0.945312 0.183594 0.101562 0.00434875
0 0.433984 0.721484 0.128906 0.100781 0.00426483
0 0.932031 0.826563 0.135937 0.346875 0.00424957
0 0 0.399902 0 0.13457 0.00413513
1 0.283984 0.965625 0.0476562 0.065625 0.00411606
1 0.726953 0.126953 0.127344 0.116406 0.00407028
1 0.174805 0.846484 0.220703 0.307031 0.00403976
0 0.392969 0.977734 0.173438 0.0445312 0.00403976
0 0.252148 0.992188 0.117578 0.015625 0.00402451
0 0.660547 0.971875 0.08125 0.053125 0.0039444
0 0.614844 0.0981445 0.04375 0.0431641 0.00391388
0 0.0283936 0.992188 0.0567871 0.015625 0.00390053
0 0.42666 0.979688 0.162305 0.040625 0.00388527
0 0.726562 0.978125 0.1875 0.04375 0.00388527
0 0 0.199561 0 0.135254 0.00387001
0 0.9875 0.486719 0.025 0.0515625 0.00376511
0 0 0.111914 0 0.134375 0.0037365
0 0.5125 0.199609 0.217187 0.185937 0.00370789
0 0.935938 0.0572388 0.05 0.0968506 0.00366402
0 0.493652 0.917969 0.261133 0.164062 0.00366402
0 0.959766 0.934375 0.0804688 0.13125 0.00365067
0 0.0319824 0.61875 0.0639648 0.0953125 0.00365067
0 0.582812 0.976562 0.0882813 0.046875 0.00362206
0 0.807031 0.169141 0.0609375 0.0710938 0.00362206
1 0.271875 0.979688 0.0402344 0.040625 0.00359344
1 0.935938 0.865234 0.128125 0.269531 0.00356483
0 0.0046875 0.418652 0.009375 0.242383 0.00356483
0 0.583984 0.976562 0.111719 0.046875 0.00355148
1 0.713281 0.111938 0.151562 0.161279 0.00353813
0 0.00463867 0.466797 0.00927734 0.236719 0.00353813
0 0.738672 0.152344 0.230469 0.278125 0.00351143
0 0.0158691 0.985156 0.0317383 0.0296875 0.00351143
1 0.298047 0.980469 0.0929687 0.0390625 0.00351143
0 0.295312 0.950781 0.0710938 0.0890625 0.00349617
0 0.639844 0.321875 0.05625 0.0664062 0.00348282
0 0.65625 0.359766 0.0320312 0.0546875 0.00333786
0 0.0399414 0.992188 0.0798828 0.015625 0.00332451
0 0.00476074 0.557813 0.00952148 0.242969 0.00332451
0 0.157031 0.170898 0.164453 0.157031 0.00327301
1 0.136523 0.86875 0.262109 0.260938 0.00324821
1 0.704687 0.170605 0.165625 0.130273 0.00323486
1 0.726562 0.162305 0.120312 0.0886719 0.00319672
0 0.768359 0.513281 0.183594 0.09375 0.00318527
0 0 0.425 0 0.135156 0.00317192
0 0.254687 0.971875 0.0664062 0.053125 0.00314713
1 0.328516 0.939062 0.126563 0.1125 0.00314713
0 0.976562 0.613281 0.046875 0.0765625 0.00314713
0 0.499219 0.978906 0.1875 0.0421875 0.00314713
0 0.422656 0.964063 0.147656 0.06875 0.00312424
0 0.982813 0.627734 0.034375 0.0445312 0.00309944
0 0.679688 0.383984 0.053125 0.078125 0.00309944
1 0.384277 0.90625 0.245508 0.1875 0.003088
0 0 0.274805 0 0.135547 0.00300407
0 0.278516 0.953906 0.0539063 0.0921875 0.00300407
1 0.153516 0.156934 0.162109 0.19082 0.00300407
1 0.00490723 0.320117 0.00981445 0.240234 0.00299263
0 0.351172 0.98125 0.163281 0.0375 0.00298119
0 0 0.224414 0 0.135547 0.00298119
1 0.308203 0.898438 0.0871094 0.184375 0.00290108
1 0.12998 0.483984 0.249805 0.436719 0.00290108
1 0.149609 0.6875 0.299219 0.4625 0.00288963
0 0.982031 0.430469 0.0359375 0.0921875 0.00287819
0 0.298633 0.970312 0.138281 0.0578125 0.00286674
0 0 0.299609 0 0.135156 0.00284576
0 0 0.6375 0 0.135937 0.00284576
0 0.607813 0.966406 0.0578125 0.0625 0.00282288
1 0.32793 0.977344 0.137109 0.0453125 0.00282288
0 0.642187 0.332812 0.0492188 0.0585938 0.00279999
0 0 0.087207 0 0.135352 0.00277901
0 0.611719 0.991406 0.111719 0.0171875 0.00277901
0 0.982422 0.471875 0.0351562 0.0625 0.00275803
0 0.316406 0.608984 0.0382813 0.0507812 0.00275803
1 0.287891 0.991797 0.0882813 0.0164062 0.00275803
1 0.307227 0.977734 0.11875 0.0445312 0.00271416
0 0 0.136914 0 0.135156 0.00269318
1 0.578125 0.549219 0.190625 0.346875 0.00265312
1 0.275586 0.96875 0.0457031 0.059375 0.00264168
0 0.654688 0.341797 0.034375 0.065625 0.0026207
0 0.930859 0.00563965 0.138281 0.0112793 0.00261116
1 0.933984 0.769531 0.132031 0.451562 0.00257111
0 0.639063 0.828906 0.0515625 0.132812 0.00257111
0 0.458594 0.980469 0.180469 0.0390625 0.00257111
0 0.00466309 0.755469 0.00932617 0.239063 0.00255013
0 0 0.45 0 0.135937 0.00255013
0 0.079834 0.00562744 0.159668 0.0112549 0.00253105
0 0 0.174805 0 0.135547 0.00248146
0 0.724219 0.982813 0.165625 0.034375 0.00247192
0 0.774219 0.136523 0.289062 0.260547 0.00246239
0 0.763672 0.612109 0.0929687 0.0914062 0.00243378
0 0.977344 0.357812 0.0453125 0.135937 0.00243378
0 0.387598 0.194482 0.0498047 0.12666 0.00240517
1 0.842188 0.159375 0.1875 0.290625 0.00240517
0 0.648828 0.832617 0.0617188 0.150391 0.002388
0 0 0.25 0 0.135937 0.00237846
0 0.940625 0.749219 0.11875 0.0984375 0.00237846
0 0.605469 0.967188 0.129688 0.065625 0.00237846
1 0.330859 0.914062 0.120312 0.16875 0.00232315
0 0 0.5125 0 0.135156 0.00231361
0 0.0857422 0.230469 0.0376953 0.0578125 0.00230598
0 0 0.662109 0 0.135937 0.00228691
0 0.280859 0.6625 0.0546875 0.0859375 0.00228691
1 0.269531 0.991797 0.0851562 0.0164062 0.00226974
0 0 0.75 0 0.135937 0.00226021
1 0.457422 0.9125 0.330469 0.175 0.00226021
0 0.0422852 0.983203 0.0845703 0.0335938 0.00225258
0 0.354297 0.889844 0.164844 0.185937 0.00225258
0 0.986719 0.651953 0.0265625 0.0398437 0.00225258
0 0 0.0456055 0 0.0912109 0.00225258
0 0.650781 0.959375 0.0515625 0.059375 0.00224304
0 0 0.475 0 0.135156 0.00222588
0 0.950781 0.971875 0.0984375 0.05625 0.00220871
0 0.846875 0.162109 0.129688 0.102344 0.00219917
0 0.564453 0.978125 0.125781 0.04375 0.00219917
0 0.819531 0.167969 0.0765625 0.117969 0.00218201
1 0.347461 0.946875 0.163672 0.096875 0.00218201
0 0.533594 0.978906 0.175781 0.0421875 0.00214958
0 0.398438 0.982813 0.171094 0.034375 0.00213242
0 0.776758 0.977734 0.183984 0.0445312 0.00212479
1 0.724219 0.107324 0.1375 0.120508 0.00209999
1 0.00456543 0.944531 0.00913086 0.110937 0.00209999
1 0.00478516 0.608594 0.00957031 0.246875 0.00208282
0 0.00461426 0.879687 0.00922852 0.235938 0.0020504
0 0.803125 0.184424 0.08125 0.0592773 0.00201988
0 0.380859 0.982031 0.172656 0.0359375 0.00201988
0 0.700781 0.384375 0.075 0.138281 0.00201035
0 0.383594 0.210742 0.0460938 0.152734 0.00198746
1 0.675781 0.215674 0.109375 0.124121 0.00198746
0 0.221484 0.982813 0.0875 0.034375 0.00198746
1 0.00466309 0.926562 0.00932617 0.146875 0.0019722
0 0.0245605 0.975 0.0477539 0.04375 0.00195694
0 0 0.0651855 0 0.130371 0.00194168
0 0 0.5375 0 0.134375 0.00192642
1 0.309766 0.928906 0.096875 0.132812 0.00192642
0 0.102734 0.229102 0.0496094 0.0601562 0.00192642
1 0.00469971 0.369141 0.00939941 0.242969 0.00191212
1 0.658203 0.982813 0.0773437 0.034375 0.00190449
1 0.649219 0.982422 0.05 0.0351562 0.00190449
0 0.348047 0.964063 0.139062 0.06875 0.00187492
0 0.976562 0.570312 0.046875 0.096875 0.00185299
0 0.658203 0.378125 0.0335938 0.0421875 0.00185299
0 0.584375 0.960938 0.0867188 0.075 0.00185299
0 0 0.775 0 0.135937 0.00185299
0 0.978906 0.533203 0.0421875 0.0875 0.00185299
0 0.771875 0.17334 0.11875 0.0541016 0.00183105
1 0.284961 0.95625 0.0542969 0.078125 0.00182438
1 0.303125 0.991797 0.130469 0.0164062 0.00179577
0 0.295703 0.0544922 0.11875 0.096875 0.00178242
0 0 0.562109 0 0.134375 0.00177479
0 0.980859 0.367188 0.0382813 0.096875 0.00176811
0 0.087207 0.214258 0.0416016 0.0738281 0.00176811
0 0.986719 0.504297 0.0265625 0.0515625 0.00175476
0 0.103711 0.212891 0.0546875 0.0785156 0.00175476
1 0.295508 0.964063 0.0804688 0.06875 0.00175476
1 0.297266 0.982813 0.15 0.034375 0.00175476
1 0.276953 0.199219 0.226562 0.374219 0.00174809
0 0 0.973047 0 0.0539063 0.00174141
1 0.00487061 0.273047 0.00974121 0.249219 0.00174141
0 0.426953 0.978125 0.2 0.04375 0.0017271
0 0.393359 0.176611 0.0507812 0.0850586 0.0017271
1 0.0048584 0.110937 0.0097168 0.221875 0.00172043
0 0.0677246 0.218945 0.0391602 0.0636719 0.00171375
0 0.532422 0.977344 0.130469 0.0453125 0.0017004
0 0.0693848 0.206641 0.037793 0.0621094 0.0017004
0 0.680469 0.189063 0.121875 0.167969 0.00169373
0 0.0289795 0.976562 0.057959 0.040625 0.00168705
0 0.0328125 0.234375 0.0576172 0.0703125 0.00168133
0 0.751172 0.610156 0.0898438 0.0734375 0.00167465
0 0.876562 0.220703 0.175 0.424219 0.00167465
1 0.0694824 0.675 0.129004 0.0921875 0.0016613
0 0.498047 0.21333 0.196094 0.149121 0.0016613
0 0.738672 0.174512 0.0992187 0.0533203 0.0016489
0 0.41416 0.552344 0.182617 0.203125 0.00163555
0 0.489844 0.730469 0.134375 0.101562 0.00162315
0 0.575391 0.969531 0.119531 0.0609375 0.00162315
0 0.976562 0.596484 0.046875 0.08125 0.00162315
0 0 0.612109 0 0.135937 0.00162315
1 0.6875 0.386816 0.0546875 0.120117 0.00161648
0 0.655078 0.973437 0.158594 0.053125 0.00161076
0 0.660547 0.957812 0.0703125 0.06875 0.00160408
0 0.494141 0.511328 0.357031 0.411719 0.733398
0 0.448535 0.839258 0.35293 0.321484 0.695801
1 0.163672 0.428516 0.317187 0.360156 0.572754
0 0.81875 0.391309 0.307813 0.34707 0.519531
1 0.140625 0.826367 0.28125 0.328516 0.491211
0 0.499609 0.182031 0.241406 0.258203 0.362061
1 0.809766 0.771875 0.380469 0.45625 0.271973
1 0.820312 0.396094 0.304688 0.342187 0.226074
0 0.161621 0.441016 0.320898 0.382812 0.213379
1 0.447559 0.835938 0.354883 0.323438 0.136597
0 0.704687 0.133203 0.164062 0.252344 0.109314
0 0.441309 0.894531 0.368945 0.210938 0.106873
1 0.494531 0.485938 0.353125 0.396875 0.106689
0 0.810938 0.772266 0.378125 0.455469 0.0859985
1 0.704687 0.133203 0.164062 0.252344 0.0827026
1 0.499609 0.182031 0.241406 0.258203 0.0823975
0 0.14043 0.841406 0.280859 0.301562 0.0784912
0 0.810938 0.670703 0.367188 0.247656 0.0657349
1 0.12998 0.648438 0.25332 0.204688 0.0578003
1 0.810938 0.670703 0.367188 0.247656 0.0522461
1 0.807813 0.84043 0.371875 0.316016 0.0472412
1 0.220313 0.137109 0.298828 0.26875 0.0435181
0 0.807813 0.84043 0.371875 0.316016 0.0428772
0 0.560156 0.527734 0.223438 0.38125 0.0307312
0 0.220313 0.137109 0.298828 0.26875 0.0231018
1 0.441309 0.894531 0.368945 0.210938 0.0216522
1 0.903906 0.849219 0.192188 0.301562 0.0196075
0 0.123926 0.646094 0.237695 0.198437 0.0174408
1 0.139648 0.762109 0.271875 0.438281 0.0167847
1 0.850195 0.124805 0.152734 0.237109 0.0153046
0 0.852344 0.122461 0.160938 0.236719 0.0151901
0 0.903906 0.849219 0.192188 0.301562 0.0133286
1 0.780469 0.13125 0.304688 0.246875 0.0104065
0 0.76875 0.86875 0.301562 0.260938 0.00844574
0 0.470996 0.914062 0.304883 0.171875 0.00844574
0 0.506641 0.896875 0.244531 0.20625 0.00631332
1 0.76875 0.86875 0.301562 0.260938 0.00468063
1 0.739844 0.144629 0.234375 0.250977 0.0045929
1 0.882031 0.194873 0.198437 0.352441 0.00408554
0 0.921875 0.876367 0.15625 0.247266 0.00355148
0 0.139941 0.774219 0.275195 0.439063 0.00346947
1 0.147754 0.671875 0.295508 0.278125 0.00332451
0 0.780469 0.13125 0.304688 0.246875 0.003088
1 0.301562 0.192188 0.457031 0.342969 0.0030632
1 0.242529 0.16748 0.353223 0.313086 0.00305176
1 0.560156 0.527734 0.223438 0.38125 0.00273705
1 0.91875 0.800195 0.1625 0.396484 0.00243378
1 0.921875 0.876367 0.15625 0.247266 0.00236893
0 0.91875 0.800195 0.1625 0.396484 0.00220871
1 0.85293 0.149121 0.209766 0.260742 0.00210762
0 0.583594 0.567969 0.223438 0.31875 0.0020752
0 0.533984 0.98125 0.289844 0.0375 0.00175476
1 0.7625 0.169824 0.295312 0.275586 0.00173378
0 0.301562 0.192188 0.457031 0.342969 0.00169373
0 0.739844 0.144629 0.234375 0.250977 0.00166798
1 0.470996 0.914062 0.304883 0.171875 0.00148964
1 0.189893 0.468359 0.299121 0.375781 0.00148392
0 0.7625 0.169824 0.295312 0.275586 0.00146103
1 0.161035 0.870117 0.272852 0.256641 0.00141621
1 0.234766 0.226172 0.397656 0.424219 0.00139904
0 0.242529 0.16748 0.353223 0.313086 0.00135136
0 0.443359 0.785742 0.31875 0.247266 0.00123978
0 0.882031 0.194873 0.198437 0.352441 0.00107288
0 0.626172 0.982031 0.338281 0.0359375 0.00104427
0 0.0246094 0.98125 0.0492188 0.0375 0.00103664
1 0.161523 0.434766 0.321484 0.372656 0.646973
1 0.141797 0.767969 0.283594 0.451562 0.566895
0 0.489844 0.492578 0.3625 0.428125 0.530273
0 0.444629 0.83457 0.366992 0.330859 0.491211
1 0.808594 0.768359 0.382812 0.457031 0.453369
1 0.812305 0.393652 0.309766 0.351758 0.434082
0 0.496973 0.183545 0.249805 0.25791 0.425293
1 0.443848 0.833398 0.363867 0.333203 0.419678
0 0.812305 0.393652 0.309766 0.351758 0.366699
1 0.486816 0.478906 0.360742 0.403125 0.331055
1 0.496973 0.183545 0.249805 0.25791 0.187744
0 0.80625 0.772266 0.373437 0.455469 0.125244
0 0.164062 0.436621 0.319531 0.387695 0.122314
1 0.213623 0.148926 0.319629 0.286914 0.0515442
1 0.715625 0.143555 0.201562 0.276172 0.0405273
1 0.0931396 0.644141 0.180127 0.164844 0.0402527
0 0.142578 0.764063 0.285156 0.45 0.0383911
1 0.139062 0.653125 0.275391 0.214062 0.0358887
0 0.708594 0.138867 0.18125 0.262891 0.0344849
1 0.141211 0.709375 0.279297 0.320312 0.0256653
1 0.779688 0.146484 0.326562 0.279687 0.02034
0 0.553906 0.498437 0.242188 0.4375 0.016983
0 0.216406 0.147656 0.312109 0.285937 0.0164032
1 0.828125 0.139844 0.221875 0.267188 0.0112
0 0.464063 0.885547 0.33125 0.228906 0.00728989
0 0.779688 0.146484 0.326562 0.279687 0.00698471
1 0.811719 0.715625 0.360938 0.340625 0.0068779
0 0.503516 0.218945 0.267969 0.344922 0.00619125
1 0.553906 0.498437 0.242188 0.4375 0.00612259
1 0.85957 0.166309 0.202734 0.32793 0.00575256
1 0.503516 0.218945 0.267969 0.344922 0.00566483
0 0.841406 0.129395 0.185937 0.245117 0.00559998
1 0.710156 0.12041 0.173438 0.191992 0.00551224
0 0.282422 0.966406 0.0367187 0.0671875 0.00405502
1 0.255029 0.179248 0.34541 0.337598 0.00399017
1 0.806445 0.19917 0.312109 0.386816 0.00300407
1 0.161035 0.546094 0.320508 0.598437 0.00279999
1 0.709766 0.175732 0.174219 0.166504 0.00277901
0 0.0931396 0.644141 0.180127 0.164844 0.00275803
0 0.313086 0.974219 0.1125 0.0515625 0.0027256
1 0.860156 0.279883 0.242188 0.558984 0.00269318
1 0.464063 0.885547 0.33125 0.228906 0.00258064
0 0.85957 0.166309 0.202734 0.32793 0.00254059
0 0.282813 0.959375 0.0425781 0.075 0.00237846
1 0.298438 0.216797 0.430469 0.411719 0.00235939
0 0.270703 0.965625 0.034375 0.06875 0.00230598
0 0.139062 0.653125 0.275391 0.214062 0.00218201
0 0.255029 0.179248 0.34541 0.337598 0.00216484
0 0.487891 0.935938 0.208594 0.128125 0.00198746
1 0.313086 0.974219 0.1125 0.0515625 0.00195694
0 0.334375 0.973047 0.142188 0.0539063 0.00194168
1 0.894531 0.770312 0.210938 0.459375 0.00191212
0 0.742188 0.796094 0.2625 0.407813 0.00189686
0 0.30625 0.972656 0.0679687 0.0546875 0.00175476
0 0.754687 0.497656 0.164062 0.1625 0.00174141
1 0.742188 0.796094 0.2625 0.407813 0.00171375
1 0.713281 0.197266 0.229687 0.353125 0.00167465
0 0.298438 0.216797 0.430469 0.411719 0.00153637
0 0.806445 0.19917 0.312109 0.386816 0.00148964
0 0.274219 0.95625 0.0421875 0.084375 0.00140476
1 0.696094 0.197705 0.15 0.174121 0.00139904
0 0.713281 0.197266 0.229687 0.353125 0.00138283
0 0.860156 0.279883 0.242188 0.558984 0.00134563
1 0.312891 0.939844 0.0953125 0.120312 0.00127411
1 0.853906 0.141504 0.146875 0.18418 0.0012064
1 0.347266 0.930469 0.164844 0.139062 0.00120163
0 0.986719 0.466797 0.0265625 0.220313 0.00116062
1 0.0759766 0.658594 0.145703 0.148438 0.0011425
0 0.894531 0.770312 0.210938 0.459375 0.0011158
1 0.334375 0.973047 0.142188 0.0539063 0.00109863
0 0.153613 0.820312 0.266992 0.35 0.00109863
0 0.978516 0.561719 0.0429688 0.160938 0.00108147
1 0.282422 0.966406 0.0367187 0.0671875 0.00105286
1 0.362305 0.860156 0.169922 0.178125 0.00104809
0 0.8125 0.653125 0.342187 0.221875 0.00103664
1 0.162988 0.438184 0.320508 0.379883 0.775391
1 0.14082 0.775195 0.281641 0.433984 0.655762
1 0.446875 0.830469 0.348437 0.33125 0.574707
0 0.492969 0.493359 0.359375 0.421094 0.514648
1 0.807617 0.773828 0.372266 0.452344 0.488281
1 0.49209 0.475 0.356445 0.396875 0.449463
1 0.81543 0.39209 0.306641 0.348633 0.44165
0 0.81582 0.393359 0.302734 0.350781 0.399902
0 0.499609 0.184766 0.240625 0.250391 0.398926
0 0.44834 0.832812 0.356445 0.33125 0.36377
1 0.502344 0.183008 0.240625 0.245312 0.215332
1 0.135937 0.642969 0.267188 0.190625 0.208862
1 0.211914 0.146484 0.318359 0.282031 0.201172
1 0.704687 0.138672 0.16875 0.260156 0.145874
0 0.808594 0.770312 0.38125 0.454688 0.0650024
0 0.14082 0.825781 0.281641 0.3375 0.0579224
0 0.704687 0.138672 0.16875 0.260156 0.0558167
0 0.21167 0.149219 0.319629 0.281641 0.0549927
1 0.259375 0.158203 0.224219 0.292578 0.0428772
1 0.77832 0.133691 0.312109 0.251367 0.0376892
1 0.851562 0.124121 0.159375 0.231445 0.0344849
0 0.162891 0.426172 0.321484 0.352344 0.033905
1 0.807031 0.691406 0.367188 0.290625 0.0255127
0 0.259375 0.158203 0.224219 0.292578 0.0223236
0 0.118359 0.641016 0.23125 0.188281 0.0213623
1 0.101392 0.638281 0.192529 0.15625 0.0197144
1 0.742969 0.787305 0.251563 0.416016 0.0183716
0 0.575781 0.547656 0.196875 0.34375 0.0170441
0 0.807031 0.691406 0.367188 0.290625 0.0127716
0 0.742969 0.787305 0.251563 0.416016 0.0121002
1 0.876562 0.155371 0.2 0.287695 0.0120544
0 0.850195 0.128711 0.158984 0.235156 0.0115967
0 0.477246 0.910547 0.298633 0.178906 0.0109863
1 0.575781 0.547656 0.196875 0.34375 0.00751877
1 0.889844 0.780469 0.220313 0.435937 0.00709534
1 0.680469 0.179297 0.122656 0.261328 0.00494385
1 0.477246 0.910547 0.298633 0.178906 0.00415039
0 0.9 0.85332 0.2 0.290234 0.00407028
0 0.889844 0.780469 0.220313 0.435937 0.00402451
0 0.77832 0.133691 0.312109 0.251367 0.00379562
0 0.285352 0.992969 0.184766 0.0140625 0.00367928
0 0.876562 0.155371 0.2 0.287695 0.00358009
1 0.9 0.85332 0.2 0.290234 0.00348282
0 0.817969 0.655078 0.339063 0.219531 0.00348282
1 0.141211 0.848437 0.282422 0.295312 0.00313568
0 0.101392 0.638281 0.192529 0.15625 0.00312424
0 0.5125 0.921875 0.240625 0.15 0.00296974
0 0.287891 0.948047 0.0492188 0.103906 0.0026722
1 0.817969 0.655078 0.339063 0.219531 0.00230598
1 0.227686 0.502734 0.184473 0.296094 0.00219917
1 0.137598 0.689453 0.268164 0.288281 0.0018034
0 0.273438 0.952344 0.0414063 0.0953125 0.00179577
1 0.303906 0.198633 0.221094 0.379297 0.00175476
0 0.303906 0.198633 0.221094 0.379297 0.0016613
0 0.910156 0.885156 0.179688 0.229687 0.00158501
1 0.706641 0.182031 0.164844 0.210156 0.00148964
0 0.733984 0.858594 0.232031 0.276563 0.00142097
0 0.528516 0.292969 0.336719 0.445312 0.00131989
1 0.294922 0.907812 0.0554687 0.16875 0.0012598
1 0.528516 0.292969 0.336719 0.445312 0.00123024
1 0.173047 0.884375 0.220313 0.225 0.00113773
1 0.910156 0.885156 0.179688 0.229687 0.00113392
1 0.287891 0.948047 0.0492188 0.103906 0.0011034
0 0.646875 0.992969 0.190625 0.0140625 0.00108147
1 0.181641 0.137207 0.228516 0.262305 0.00108147
0 0.528516 0.978906 0.257031 0.0421875 0.00104046
0 0.227686 0.502734 0.184473 0.296094 0.00104046
0 0.00605469 0.949609 0.0121094 0.100781 0.00102043
0 0.523438 0.207617 0.260938 0.190234 0.00100803
1 0.807227 0.767969 0.385547 0.460938 0.661133
1 0.143164 0.771484 0.286328 0.457031 0.629883
1 0.166113 0.463379 0.332227 0.443555 0.622559
1 0.816406 0.393359 0.310937 0.361719 0.562012
0 0.494922 0.501172 0.367969 0.450781 0.525391
1 0.491504 0.488184 0.370117 0.431445 0.513672
1 0.446191 0.829687 0.363867 0.340625 0.47168
0 0.447266 0.829687 0.366406 0.340625 0.405518
0 0.816406 0.393359 0.310937 0.361719 0.27832
0 0.501172 0.181641 0.255469 0.274219 0.156616
1 0.501172 0.181641 0.255469 0.274219 0.151001
1 0.214062 0.158398 0.3375 0.313672 0.0950317
1 0.476562 0.25625 0.316406 0.434375 0.092041
0 0.165527 0.435547 0.331055 0.385156 0.0834351
0 0.490527 0.228955 0.287695 0.376465 0.0773926
0 0.804883 0.770508 0.380859 0.458984 0.072876
0 0.144922 0.767969 0.289844 0.454688 0.055603
1 0.732031 0.194922 0.229687 0.384375 0.0509949
0 0.125195 0.647656 0.250391 0.200781 0.0405273
1 0.125195 0.647656 0.250391 0.200781 0.0362244
1 0.778906 0.201562 0.33125 0.397656 0.035553
0 0.217529 0.144238 0.325098 0.288477 0.0344849
0 0.495313 0.303516 0.28125 0.535156 0.03302
1 0.845508 0.178906 0.208984 0.353516 0.0271759
1 0.755859 0.142773 0.274219 0.276172 0.0240479
1 0.764844 0.28125 0.290625 0.5625 0.0198669
1 0.7125 0.14043 0.184375 0.267578 0.0187683
0 0.103613 0.677734 0.199805 0.238281 0.0183411
0 0.502344 0.920313 0.195312 0.159375 0.0153046
1 0.144141 0.673828 0.285156 0.249219 0.0147858
1 0.103613 0.677734 0.199805 0.238281 0.0139542
1 0.865625 0.217578 0.223438 0.433594 0.0137405
1 0.82207 0.459277 0.315234 0.514258 0.012291
1 0.693359 0.179102 0.146094 0.291797 0.0112457
1 0.836133 0.2875 0.321484 0.575 0.0107803
0 0.7125 0.14043 0.184375 0.267578 0.00985718
1 0.852344 0.140332 0.185937 0.27207 0.00919342
0 0.218018 0.203125 0.366309 0.404687 0.0091629
0 0.82207 0.459277 0.315234 0.514258 0.00901794
0 0.081665 0.664062 0.156201 0.217187 0.00790405
0 0.53125 0.907031 0.279687 0.185937 0.00734711
1 0.358984 0.862305 0.172656 0.275391 0.00638962
0 0.754687 0.481348 0.16875 0.24668 0.00634003
0 0.732031 0.194922 0.229687 0.384375 0.00631332
1 0.403906 0.844531 0.257031 0.282813 0.00572968
0 0.845508 0.178906 0.208984 0.353516 0.00559998
1 0.081665 0.664062 0.156201 0.217187 0.00544739
0 0.755859 0.142773 0.274219 0.276172 0.00527954
0 0.526953 0.9 0.185937 0.2 0.00521851
0 0.778906 0.201562 0.33125 0.397656 0.00518036
1 0.670703 0.185742 0.108594 0.308203 0.00479126
0 0.852344 0.140332 0.185937 0.27207 0.0045929
0 0.569531 0.209375 0.35 0.217969 0.00436401
0 0.693359 0.179102 0.146094 0.291797 0.00421524
1 0.480566 0.320312 0.416992 0.580469 0.00413513
0 0.865625 0.217578 0.223438 0.433594 0.00390053
1 0.163574 0.407813 0.324805 0.314844 0.00387001
0 0.764844 0.28125 0.290625 0.5625 0.00356483
0 0.152734 0.147754 0.167187 0.256055 0.00346947
1 0.777344 0.816602 0.329688 0.366797 0.00321007
0 0.852148 0.661719 0.295703 0.232812 0.00314713
0 0.836133 0.2875 0.321484 0.575 0.00312424
1 0.725781 0.14873 0.132812 0.265039 0.0030632
0 0.521875 0.207861 0.182031 0.224121 0.0029583
0 0.354297 0.882422 0.163281 0.235156 0.00293541
0 0.851562 0.141211 0.14375 0.240625 0.00293541
0 0.777344 0.816602 0.329688 0.366797 0.00292397
0 0.495996 0.792188 0.425195 0.248437 0.00271416
0 0.480566 0.320312 0.416992 0.580469 0.00257111
1 0.252734 0.242969 0.460938 0.469531 0.00247192
1 0.346094 0.89375 0.155469 0.2125 0.00243378
0 0.785156 0.464941 0.225 0.24043 0.00236893
0 0.742969 0.151758 0.109375 0.253125 0.00225258
1 0.851562 0.141211 0.14375 0.240625 0.00223351
1 0.941406 0.275781 0.117188 0.551562 0.00214958
0 0.670703 0.185742 0.108594 0.308203 0.00212479
1 0.685938 0.217383 0.129688 0.278516 0.00209999
0 0.403906 0.844531 0.257031 0.282813 0.00201988
1 0.74375 0.167676 0.103125 0.254883 0.00190449
1 0.314844 0.9 0.103906 0.2 0.0016613
0 0.335938 0.90625 0.14375 0.1875 0.00163555
0 0.252734 0.242969 0.460938 0.469531 0.00161648
1 0.916797 0.777148 0.166406 0.445703 0.00161648
1 0.152734 0.147754 0.167187 0.256055 0.00157356
0 0.391797 0.861133 0.202344 0.277734 0.00154877
0 0.333984 0.932031 0.173438 0.135937 0.00146675
0 0.572656 0.528223 0.242188 0.499805 0.0014267
1 0.839453 0.661719 0.321094 0.232812 0.00140476
0 0.462598 0.898438 0.343555 0.203125 0.00139427
0 0.685938 0.217383 0.129688 0.278516 0.00138283
1 0.391797 0.861133 0.202344 0.277734 0.00133038
1 0.333984 0.932031 0.173438 0.135937 0.00130939
0 0.144141 0.673828 0.285156 0.249219 0.00128937
0 0.875195 0.677734 0.249609 0.242969 0.00127888
1 0.853125 0.814844 0.29375 0.370313 0.0012064
0 0.078125 0.403223 0.15625 0.281055 0.00116062
0 0.853125 0.814844 0.29375 0.370313 0.00115585
1 0.754687 0.481348 0.16875 0.24668 0.00115108
1 0.300781 0.310547 0.484375 0.607031 0.00113773
0 0.0821289 0.713281 0.15332 0.275 0.00113773
1 0.485156 0.82207 0.390625 0.277734 0.0011158
1 0.0821289 0.713281 0.15332 0.275 0.0011034
0 0.508203 0.755469 0.400781 0.182812 0.00108624
0 0.916797 0.777148 0.166406 0.445703 0.00106049
0 0.530078 0.235938 0.234375 0.226172 0.00104427
