0 0.633594 0.467285 0.2625 0.38418 0.764648
1 0.635156 0.452246 0.257812 0.356445 0.0803833
0 0.387109 0.479297 0.170312 0.347656 0.079895
1 0.387109 0.479297 0.170312 0.347656 0.0132217
0 0.621484 0.383594 0.294531 0.498437 0.0117798
0 0.373828 0.414453 0.175 0.46875 0.0106506
0 0.153906 0.0475586 0.0796875 0.0951172 0.00815582
1 0.373828 0.414453 0.175 0.46875 0.00547028
0 0.723828 0.809375 0.258594 0.36875 0.00503922
1 0.628516 0.370117 0.253906 0.501953 0.00496292
0 0.878906 0.287109 0.204688 0.357031 0.00452042
0 0.89375 0.739453 0.1875 0.433594 0.00359344
0 0.71875 0.703906 0.2 0.342187 0.00359344
1 0.889844 0.276221 0.196875 0.365527 0.00336266
0 0.882812 0.807031 0.228125 0.38125 0.00328636
0 0.9 0.232471 0.182812 0.36709 0.00318527
0 0.883594 0.679688 0.196875 0.428125 0.0028553
1 0.694531 0.80957 0.290625 0.365234 0.00277901
0 0.306055 0.811133 0.238672 0.374609 0.00277901
1 0.719531 0.796875 0.209375 0.392188 0.00264168
1 0.71875 0.703906 0.2 0.342187 0.00257111
1 0.464063 0.795313 0.078125 0.409375 0.00250244
0 0.903125 0.644141 0.178125 0.402344 0.00250244
1 0.903125 0.69375 0.178125 0.389062 0.0024929
0 0.710547 0.634766 0.213281 0.311719 0.00246239
0 0.42041 0.799219 0.218555 0.3875 0.00234222
0 0.429297 0.420703 0.255469 0.469531 0.00228691
0 0.359375 0.810938 0.328125 0.370313 0.00215721
0 0.244922 0.669531 0.101562 0.253125 0.00211525
0 0.870313 0.231445 0.225 0.441797 0.00210762
0 0.464063 0.795313 0.078125 0.409375 0.00209999
1 0.253906 0.667578 0.0796875 0.386719 0.0020752
1 0.232617 0.658984 0.0949219 0.338281 0.00206757
1 0.244922 0.669531 0.101562 0.253125 0.00206757
0 0.8 0.80918 0.4 0.378516 0.00197983
0 0.680469 0.722656 0.242188 0.326562 0.00192642
1 0.230859 0.683594 0.103125 0.214062 0.00188923
1 0.878125 0.323438 0.207813 0.315625 0.00187492
1 0.710547 0.634766 0.213281 0.311719 0.00185299
0 0.760156 0.668359 0.101562 0.260156 0.00182438
0 0.860937 0.108008 0.271875 0.216016 0.00182438
1 0.89375 0.78457 0.203125 0.424609 0.00181007
0 0.363281 0.358203 0.210156 0.553906 0.00177479
0 0.230859 0.683594 0.103125 0.214062 0.00174809
0 0.417969 0.466016 0.233594 0.35625 0.00174141
0 0.232617 0.658984 0.0949219 0.338281 0.00174141
1 0.760156 0.668359 0.101562 0.260156 0.00174141
1 0.90625 0.201562 0.18125 0.377344 0.0017004
1 0.42041 0.799219 0.218555 0.3875 0.00167465
0 0.24082 0.0911865 0.100781 0.181299 0.00163555
0 0.911719 0.236279 0.176563 0.329004 0.00162888
1 0.141113 0.249805 0.0900391 0.230859 0.00162888
0 0.253906 0.667578 0.0796875 0.386719 0.00161648
0 0.249219 0.109766 0.264062 0.219531 0.0015974
0 0.748438 0.682813 0.114063 0.21875 0.00158501
1 0.373828 0.798047 0.299219 0.403906 0.00158501
0 0.776758 0.723437 0.268359 0.417188 0.00156116
0 0.770312 0.632422 0.251563 0.324219 0.00154877
1 0.680469 0.722656 0.242188 0.326562 0.00154305
0 0.81543 0.214844 0.294141 0.429688 0.00154305
0 0.888281 0.353955 0.207813 0.36709 0.00152493
1 0.870313 0.231445 0.225 0.441797 0.00150681
0 0.900781 0.172461 0.198437 0.344922 0.00150108
0 0.18667 0.419531 0.19541 0.283594 0.0014782
0 0.86543 0.579687 0.228516 0.46875 0.00147247
1 0.901563 0.59375 0.184375 0.409375 0.00147247
0 0.846875 0.180664 0.28125 0.361328 0.00145531
0 0.767187 0.191406 0.307813 0.382812 0.00144386
1 0.363281 0.358203 0.210156 0.553906 0.00139904
0 0.674609 0.796875 0.314844 0.382812 0.00139427
0 0.63125 0.810742 0.289062 0.353516 0.00136185
1 0.306055 0.811133 0.238672 0.374609 0.00135612
0 0.667188 0.836719 0.24375 0.315625 0.00135612
0 0.91875 0.164551 0.1625 0.329102 0.00135612
1 0.871875 0.628516 0.217187 0.421094 0.00133038
0 0.832031 0.657031 0.3 0.39375 0.00131989
0 0.896094 0.685547 0.207813 0.358594 0.00129986
0 0.884375 0.317187 0.23125 0.325781 0.00129414
1 0.860937 0.108008 0.271875 0.216016 0.00126934
0 0.274414 0.838867 0.242578 0.316016 0.00126457
0 0.908203 0.588281 0.183594 0.364062 0.00126457
0 0.517871 0.150781 0.304883 0.301562 0.00125504
1 0.24082 0.0911865 0.100781 0.181299 0.00124454
0 0.141113 0.249805 0.0900391 0.230859 0.00123501
0 0.378516 0.754687 0.267188 0.48125 0.00123024
0 0.844727 0.744531 0.310547 0.470313 0.00122547
0 0.145508 0.260938 0.0917969 0.166406 0.0012207
0 0.823438 0.13457 0.3375 0.269141 0.00121593
0 0.655469 0.257812 0.298438 0.515625 0.00121117
0 0.667578 0.15498 0.313281 0.309961 0.00121117
0 0.653906 0.641797 0.267188 0.336719 0.00119686
1 0.156934 0.272852 0.0861328 0.146875 0.00118828
0 0.910547 0.0963867 0.178906 0.192773 0.00117874
0 0.196484 0.133398 0.230078 0.266797 0.00116539
1 0.145508 0.260938 0.0917969 0.166406 0.00115108
1 0.846875 0.180664 0.28125 0.361328 0.00113773
1 0.81543 0.214844 0.294141 0.429688 0.00113392
1 0.735547 0.167676 0.280469 0.335352 0.0011034
0 0.951563 0.863867 0.09375 0.272266 0.0011034
0 0.835156 0.284766 0.270312 0.376563 0.00108624
0 0.866406 0.461328 0.226562 0.413281 0.00108147
0 0.229102 0.155176 0.282813 0.310352 0.00106525
1 0.770312 0.632422 0.251563 0.324219 0.00106525
1 0.865625 0.501953 0.228125 0.416406 0.00106049
1 0.889453 0.14502 0.221094 0.290039 0.00105667
0 0.292773 0.122461 0.308203 0.244922 0.00105667
0 0.935156 0.0723633 0.129688 0.144727 0.00104046
1 0.771094 0.663281 0.109375 0.323438 0.00103188
0 0.476953 0.809375 0.276563 0.354688 0.00103188
1 0.8 0.80918 0.4 0.378516 0.00102806
0 0.333008 0.761328 0.241016 0.477344 0.00102425
0 0.82832 0.497266 0.221484 0.344531 0.00102425
1 0.776758 0.723437 0.268359 0.417188 0.00102425
1 0.249219 0.109766 0.264062 0.219531 0.00102425
0 0.561719 0.978516 0.23125 0.0429688 0.00102425
0 0.628125 0.464844 0.295312 0.375 0.75293
0 0.389844 0.489844 0.194531 0.308594 0.373047
1 0.628125 0.464453 0.295312 0.382031 0.0307312
0 0.486035 0.487891 0.38418 0.317187 0.022583
0 0.150098 0.0395508 0.0693359 0.0763672 0.0124283
0 0.515625 0.976172 0.132812 0.0476562 0.00891876
0 0.514453 0.974219 0.084375 0.0515625 0.008255
0 0.527344 0.971094 0.090625 0.0578125 0.00419998
0 0.505469 0.979688 0.096875 0.040625 0.00257111
1 0.38584 0.492969 0.18457 0.30625 0.00250244
0 0.485938 0.983594 0.140625 0.0328125 0.00245285
0 0.515625 0.978125 0.2875 0.04375 0.002388
0 0.770703 0.967188 0.0570313 0.065625 0.00226974
0 0.9625 0.973437 0.071875 0.053125 0.00218201
0 0.158008 0.033252 0.0667969 0.0665039 0.00206757
0 0.724609 0.972266 0.0867188 0.0554687 0.0018034
0 0.20083 0.319922 0.0936523 0.0796875 0.0016613
0 0.515625 0.978125 0.179688 0.04375 0.00154877
0 0.705469 0.972656 0.320312 0.0546875 0.00145531
0 0.485156 0.3625 0.0578125 0.0796875 0.00136662
0 0.528906 0.965625 0.06875 0.053125 0.00136185
0 0.499609 0.478125 0.0554687 0.1375 0.00126457
0 0.721484 0.972656 0.128906 0.0546875 0.0012207
0 0.361719 0.871875 0.240625 0.25625 0.00120163
0 0.212305 0.315234 0.120312 0.084375 0.00112438
0 0.644531 0.709375 0.111719 0.078125 0.00109005
0 0.670703 0.246094 0.0640625 0.0910156 0.00108147
0 0.147168 0.0507324 0.0630859 0.0836914 0.00104427
1 0.617969 0.474609 0.28125 0.385938 0.430176
0 0.621484 0.477344 0.274219 0.389062 0.361084
0 0.380859 0.49541 0.179688 0.331055 0.323486
0 0.395312 0.528906 0.158594 0.239063 0.0755615
0 0.722656 0.960156 0.326562 0.0796875 0.0448608
0 0.460547 0.828906 0.0820312 0.310937 0.0408325
0 0.547656 0.975 0.353125 0.05 0.0390625
0 0.264453 0.102148 0.145313 0.204297 0.0301056
0 0.88125 0.894531 0.154687 0.210938 0.0259552
1 0.381348 0.496875 0.181055 0.334375 0.0256195
1 0.460547 0.828906 0.0820312 0.310937 0.0249939
1 0.395312 0.528906 0.158594 0.239063 0.0222931
0 0.14043 0.0474609 0.0722656 0.0949219 0.0214539
0 0.158398 0.0414063 0.0664062 0.0828125 0.0207977
1 0.264453 0.102148 0.145313 0.204297 0.0191193
0 0.679297 0.195898 0.0742188 0.196484 0.0175171
1 0.547656 0.975 0.353125 0.05 0.0158997
0 0.143945 0.0837891 0.0699219 0.167578 0.0156708
0 0.385938 0.451953 0.160938 0.247656 0.0154266
0 0.694141 0.195703 0.100781 0.220313 0.0152512
0 0.971094 0.224023 0.0578125 0.114453 0.0150757
1 0.722656 0.960156 0.326562 0.0796875 0.0142288
0 0.719531 0.0796875 0.145313 0.159375 0.0141754
0 0.684375 0.945312 0.26875 0.109375 0.0136337
0 0.149414 0.0486328 0.0648438 0.0972656 0.0136337
0 0.260938 0.683203 0.0625 0.205469 0.0134277
0 0.158594 0.269141 0.11875 0.138281 0.0133286
0 0.438672 0.745313 0.132031 0.214062 0.0132751
0 0.965625 0.917969 0.06875 0.164062 0.012825
0 0.351172 0.883594 0.142969 0.232812 0.0125275
1 0.864062 0.892578 0.135937 0.214844 0.0121918
0 0.857813 0.903125 0.134375 0.190625 0.012146
0 0.0307617 0.964844 0.0615234 0.0703125 0.012146
0 0.739062 0.851367 0.173438 0.191016 0.0119171
1 0.385938 0.451953 0.160938 0.247656 0.0118713
0 0.76875 0.950781 0.376563 0.0984375 0.0112457
0 0.901563 0.377344 0.153125 0.221875 0.0104904
0 0.524219 0.966406 0.0695312 0.0671875 0.0103683
0 0.243311 0.876758 0.142285 0.246484 0.0100555
0 0.665625 0.246875 0.0617188 0.117969 0.00997162
0 0.608594 0.246484 0.0609375 0.111719 0.00997162
0 0.244141 0.691406 0.0828125 0.228125 0.00985718
1 0.679297 0.195898 0.0742188 0.196484 0.00963593
0 0.923437 0.922266 0.153125 0.155469 0.00959778
1 0.14043 0.0474609 0.0722656 0.0949219 0.00948334
0 0.971094 0.960156 0.0578125 0.0796875 0.00905609
1 0.694141 0.195703 0.100781 0.220313 0.00898743
1 0.143945 0.0837891 0.0699219 0.167578 0.00871277
0 0.488281 0.354688 0.059375 0.11875 0.00847626
0 0.25 0.653516 0.0632813 0.115625 0.00844574
0 0.578125 0.196289 0.123438 0.257422 0.008255
0 0.789062 0.417285 0.0578125 0.107617 0.008255
1 0.158594 0.269141 0.11875 0.138281 0.00800323
0 0.747656 0.678516 0.178125 0.210156 0.0078125
1 0.684375 0.945312 0.26875 0.109375 0.00769424
0 0.022583 0.960156 0.045166 0.0796875 0.00751877
0 0.872266 0.922656 0.255469 0.154687 0.00751877
0 0.9625 0.22207 0.0640625 0.11875 0.00731659
0 0.336914 0.670313 0.108203 0.167187 0.00728989
0 0.368359 0.867188 0.142188 0.265625 0.00723267
0 0.511719 0.967969 0.09375 0.0640625 0.00720596
1 0.351172 0.883594 0.142969 0.232812 0.00717545
0 0.939062 0.891016 0.11875 0.217969 0.00712204
0 0.0291992 0.108691 0.0583984 0.1125 0.00706482
0 0.358594 0.878125 0.203125 0.24375 0.00695801
1 0.889063 0.882422 0.159375 0.235156 0.0068512
1 0.9 0.381641 0.15 0.236719 0.00669098
1 0.438672 0.745313 0.132031 0.214062 0.00634003
1 0.260938 0.683203 0.0625 0.205469 0.00634003
1 0.244141 0.691406 0.0828125 0.228125 0.00629044
0 0.00467529 0.927344 0.00935059 0.145313 0.00605011
0 0.961719 0.961328 0.0671875 0.0773437 0.00598145
0 0.3625 0.263867 0.0601562 0.119922 0.005867
0 0.921875 0.185205 0.0953125 0.267871 0.00582123
0 0.316016 0.655469 0.0742188 0.107813 0.00570679
0 0.664062 0.876562 0.15625 0.190625 0.00564194
0 0.696875 0.949219 0.203125 0.0984375 0.0055542
0 0.692969 0.0603516 0.185937 0.120703 0.00548935
0 0.362891 0.859375 0.108594 0.28125 0.00548935
0 0.5375 0.953906 0.0617188 0.0921875 0.00548935
0 0.200977 0.316016 0.0726563 0.10625 0.00538635
0 0.528906 0.960938 0.071875 0.078125 0.00527954
0 0.0829102 0.889063 0.152148 0.215625 0.00521851
0 0.101855 0.923828 0.203711 0.152344 0.0051384
0 0.823633 0.923828 0.352734 0.152344 0.0050621
0 0.892187 0.880273 0.190625 0.239453 0.00494385
0 0.527344 0.985156 0.179688 0.0296875 0.00494385
0 0.464063 0.975391 0.0765625 0.0492188 0.00471878
0 0.326953 0.676172 0.144531 0.188281 0.00468063
1 0.664062 0.876562 0.15625 0.190625 0.0046463
0 0.676172 0.908594 0.0757812 0.104687 0.00445175
0 0.900781 0.923047 0.198437 0.153906 0.00443268
1 0.368359 0.867188 0.142188 0.265625 0.00439835
1 0.719531 0.0796875 0.145313 0.159375 0.00439835
0 0.909375 0.0969727 0.171875 0.193945 0.00438309
0 0.592578 0.957031 0.053125 0.0859375 0.00431442
0 0.632031 0.947266 0.353125 0.105469 0.0042305
0 0 0.115234 0 0.185937 0.00416565
0 0.628125 0.710938 0.0734375 0.10625 0.00413513
0 0.152832 0.0925781 0.0611328 0.185156 0.00411606
0 0.971094 0.975 0.0578125 0.05 0.00411606
0 0 0.0786133 0 0.157227 0.0041008
0 0.939062 0.689844 0.103125 0.259375 0.0041008
0 0.132324 0.70625 0.131445 0.240625 0.00405502
1 0.965625 0.917969 0.06875 0.164062 0.00403976
1 0.362891 0.859375 0.108594 0.28125 0.00403976
0 0.971094 0.713281 0.0578125 0.121875 0.00400543
0 0.778125 0.955859 0.053125 0.0882813 0.0039444
0 0.00473633 0.875 0.00947266 0.16875 0.0039444
0 0.367578 0.238867 0.0742188 0.262891 0.00391388
0 0.753906 0.846094 0.114063 0.2 0.00391388
0 0.925 0.80293 0.15 0.306641 0.00388527
0 0.276123 0.923828 0.289941 0.152344 0.00387001
1 0.923437 0.922266 0.153125 0.155469 0.00383949
1 0.578125 0.196289 0.123438 0.257422 0.00380898
0 0 0.189893 0 0.186621 0.00379562
0 0.495313 0.985547 0.158594 0.0289063 0.00379562
0 0 0.929688 0 0.140625 0.00376511
0 0.753125 0.695703 0.148438 0.164844 0.00376511
1 0.246484 0.872656 0.142188 0.254687 0.00376511
0 0.539062 0.219482 0.059375 0.128223 0.00369263
0 0.480859 0.371484 0.0539063 0.13125 0.00369263
0 0.226562 0.703125 0.0890625 0.276563 0.00367928
0 0.338672 0.898438 0.211719 0.2 0.00366402
0 0.589063 0.957422 0.40625 0.0851562 0.00363541
0 0.280273 0.578125 0.0722656 0.10625 0.0036068
0 0.151758 0.95625 0.0582031 0.0875 0.00359344
0 0.503906 0.103516 0.114063 0.207031 0.00359344
1 0.921875 0.185205 0.0953125 0.267871 0.00359344
0 0.275781 0.467969 0.0523437 0.157813 0.00359344
0 0.601562 0.959375 0.0578125 0.08125 0.00351143
0 0.733594 0.963281 0.071875 0.0734375 0.00348282
1 0.747656 0.678516 0.178125 0.210156 0.00348282
1 0.358594 0.878125 0.203125 0.24375 0.00346947
0 0.108374 0.692187 0.13833 0.2125 0.00342941
0 0.252734 0.708594 0.0515625 0.139062 0.00341606
0 0.38125 0.926562 0.335156 0.146875 0.00340271
0 0 0.901563 0 0.184375 0.00340271
0 0.754687 0.202734 0.182812 0.210156 0.00332451
0 0.00488281 0.0316895 0.00976562 0.0633789 0.00332451
0 0.93125 0.955859 0.05625 0.0882813 0.00331116
1 0.746875 0.842188 0.146875 0.189063 0.00329781
0 0.160156 0.691016 0.133203 0.221094 0.00325966
0 0.141797 0.0568359 0.0566406 0.113477 0.00323486
0 0.269922 0.567187 0.0734375 0.105469 0.00323486
0 0.619922 0.231982 0.065625 0.133691 0.00314713
1 0.336914 0.670313 0.108203 0.167187 0.00312424
0 0 0.0469727 0 0.0939453 0.00312424
0 0.946094 0.953125 0.05 0.09375 0.00311089
0 0 0.288477 0 0.184766 0.00309944
0 0.363281 0.236133 0.0625 0.123047 0.00309944
1 0.76875 0.950781 0.376563 0.0984375 0.00302696
0 0.31582 0.644531 0.084375 0.0828125 0.00302696
1 0.367578 0.238867 0.0742188 0.262891 0.00300407
0 0.0217529 0.0156494 0.0435059 0.0312988 0.00300407
1 0.925 0.80293 0.15 0.306641 0.00299263
0 0.125195 0.0858398 0.0976562 0.17168 0.00293541
0 0.970703 0.910937 0.0585938 0.11875 0.00291252
0 0.971875 0.6375 0.05625 0.11875 0.00291252
0 0.354688 0.244531 0.107031 0.270312 0.00288963
0 0.914062 0.9625 0.05625 0.075 0.00282288
0 0.184961 0.921875 0.369922 0.15625 0.00279999
0 0.279492 0.489844 0.0417969 0.190625 0.00279999
0 0.648438 0.403809 0.282813 0.242383 0.00279999
0 0.91875 0.226172 0.084375 0.282813 0.00277901
1 0.939062 0.891016 0.11875 0.217969 0.00277901
0 0 0.614844 0 0.185156 0.00276756
0 0.3 0.575391 0.0546875 0.114844 0.00275803
0 0 0.326953 0 0.185937 0.00271416
1 0.152832 0.0925781 0.0611328 0.185156 0.00269318
1 0.648438 0.403809 0.282813 0.242383 0.0026722
0 0.975 0.241992 0.05 0.161719 0.00265312
0 0.977344 0.954687 0.0453125 0.090625 0.00265312
0 0.285742 0.0914062 0.195703 0.182812 0.00265312
0 0 0.739844 0 0.185937 0.00263214
0 0.478906 0.849414 0.0875 0.301172 0.00263214
0 0 0.652344 0 0.1875 0.00261116
0 0 0.540625 0 0.185937 0.00261116
0 0 0.688672 0 0.185156 0.00253105
1 0.226562 0.703125 0.0890625 0.276563 0.00252151
0 0 0.364258 0 0.185547 0.00252151
0 0.976172 0.536719 0.0476562 0.136719 0.00251198
0 0 0.152319 0 0.184814 0.00251198
0 0.720312 0.964844 0.0890625 0.0703125 0.00251198
0 0.300586 0.609375 0.0589844 0.117188 0.00248146
0 0 0.476172 0 0.185156 0.00248146
1 0.326953 0.676172 0.144531 0.188281 0.00247192
0 0.0529785 0.105762 0.10459 0.211523 0.00245285
0 0.9625 0.552344 0.0625 0.121875 0.00245285
0 0.00709228 0.013208 0.0141846 0.026416 0.00245285
1 0.354688 0.244531 0.107031 0.270312 0.00243378
0 0.0773682 0.0860352 0.0562012 0.126758 0.00243378
0 0.679297 0.179297 0.0875 0.239453 0.0024147
0 0.334766 0.105273 0.136719 0.210547 0.00239754
1 0.872266 0.922656 0.255469 0.154687 0.002388
0 0.6 0.258789 0.059375 0.0984375 0.00237846
0 0.526172 0.101172 0.084375 0.202344 0.00237846
0 0.162891 0.957812 0.0578125 0.084375 0.00236893
1 0.132324 0.70625 0.131445 0.240625 0.00236893
0 0.675 0.903125 0.15625 0.184375 0.00233269
1 0.93125 0.694531 0.11875 0.257812 0.00230598
0 0.700781 0.592969 0.0765625 0.113281 0.00228691
0 0.172656 0.709766 0.101562 0.277344 0.00228691
0 0.776563 0.21875 0.14375 0.210156 0.00228691
0 0.503125 0.972656 0.0953125 0.0546875 0.00228691
1 0.160156 0.691016 0.133203 0.221094 0.00226974
1 0.108374 0.692187 0.13833 0.2125 0.00226021
1 0.754687 0.202734 0.182812 0.210156 0.00225258
0 0 0.577344 0 0.184375 0.00225258
0 0.187061 0.0623047 0.104785 0.124609 0.00222588
0 0.523828 0.0556152 0.0632813 0.11123 0.00221634
0 0.0224609 0.949219 0.0449219 0.101562 0.00221634
1 0.823633 0.923828 0.352734 0.152344 0.00219154
0 0.475684 0.957031 0.37832 0.0859375 0.00218201
0 0.259375 0.657422 0.0632813 0.110156 0.00216484
0 0.973047 0.744922 0.0539063 0.127344 0.00213242
1 0.0774414 0.8875 0.140039 0.21875 0.00211525
0 0.655469 0.230664 0.059375 0.128516 0.00209999
0 0.685156 0.928125 0.190625 0.142188 0.00209045
0 0.119702 0.0575195 0.105908 0.115039 0.00208282
0 0.0208008 0.0352051 0.0416016 0.0704102 0.00208282
1 0.632031 0.947266 0.353125 0.105469 0.0020752
0 0.739062 0.211768 0.071875 0.114746 0.0020504
0 0.327344 0.229102 0.103906 0.260547 0.00202751
0 0.583594 0.955859 0.05 0.0882813 0.00201988
1 0.327344 0.229102 0.103906 0.260547 0.00200272
0 0.503906 0.970312 0.13125 0.059375 0.00198746
0 0.237109 0.521875 0.0625 0.120312 0.0019722
0 0.473828 0.96875 0.090625 0.0625 0.00195694
0 0.203906 0.0296875 0.233203 0.059375 0.00194168
0 0.299609 0.505859 0.0390625 0.222656 0.00191212
1 0.527344 0.985156 0.179688 0.0296875 0.00191212
0 0.971875 0.83125 0.05625 0.125 0.00190449
0 0.728906 0.676562 0.065625 0.109375 0.00189686
0 0.732813 0.960156 0.075 0.0796875 0.00189686
0 0.2125 0.191992 0.0933594 0.198828 0.00187492
0 0 0.402441 0 0.18418 0.00187492
0 0.403516 0.559375 0.165625 0.195312 0.00185299
1 0.101855 0.923828 0.203711 0.152344 0.00185299
1 0.679297 0.179297 0.0875 0.239453 0.00185299
0 0 0.439844 0 0.185937 0.00185299
1 0.91875 0.226172 0.084375 0.282813 0.00184631
1 0.649219 0.865234 0.15625 0.269531 0.00183868
1 0.675 0.903125 0.15625 0.184375 0.00183868
0 0.136328 0.289062 0.0734375 0.117188 0.00183868
1 0.125195 0.0858398 0.0976562 0.17168 0.00183105
0 0.0902344 0.0984375 0.0712891 0.196875 0.00182438
0 0.400879 0.728125 0.0638672 0.115625 0.00181007
0 0.674609 0.233154 0.0617188 0.125098 0.00181007
0 0.492188 0.085791 0.164062 0.171582 0.00179577
0 0 0.252734 0 0.185156 0.00179577
0 0 0.776367 0 0.184766 0.00179577
0 0.720312 0.104395 0.121875 0.208789 0.00176144
1 0.700781 0.939062 0.198437 0.121875 0.00175476
0 0.935938 0.301172 0.06875 0.116406 0.00175476
0 0.976562 0.223047 0.046875 0.119922 0.00174141
0 0.648438 0.295508 0.115625 0.0808594 0.00173378
0 0.38125 0.398535 0.14375 0.256055 0.00173378
0 0.727344 0.301562 0.0671875 0.109375 0.0017271
1 0.900781 0.923047 0.198437 0.153906 0.0017271
1 0.38125 0.398535 0.14375 0.256055 0.0017271
0 0.0289063 0.0886719 0.0578125 0.119141 0.00171375
0 0.3625 0.212061 0.0640625 0.121973 0.0017004
1 0.478906 0.849414 0.0875 0.301172 0.0017004
0 0.00490723 0.0527344 0.00981445 0.105469 0.00166798
0 0.234375 0.898438 0.133594 0.2 0.00166798
0 0.971094 0.549219 0.0578125 0.135937 0.0016613
0 0.211133 0.751562 0.0582031 0.121875 0.0016489
0 0.464453 0.123218 0.0671875 0.120361 0.00164223
0 0.0644043 0.273633 0.0598633 0.118359 0.00164223
0 0 0.814844 0 0.185937 0.00163555
0 0.00491943 0.158594 0.00983887 0.164844 0.00162888
1 0.589063 0.957422 0.40625 0.0851562 0.00162315
0 0.258203 0.455371 0.113281 0.258008 0.00160408
0 0.710938 0.58125 0.0734375 0.115625 0.0015974
0 0.636719 0.0470703 0.0734375 0.0941406 0.00159168
0 0.448535 0.935938 0.40293 0.128125 0.00158501
0 0.974219 0.152539 0.0515625 0.151953 0.00158501
1 0.172656 0.709766 0.101562 0.277344 0.00157928
0 0.780469 0.945312 0.0515625 0.109375 0.00157356
0 0.492188 0.858594 0.096875 0.275 0.00157356
0 0.305469 0.700781 0.0515625 0.126563 0.00156689
0 0.10498 0.214453 0.0691406 0.103906 0.00156689
1 0.00467529 0.927344 0.00935059 0.145313 0.00155449
0 0.503125 0.478906 0.0554687 0.14375 0.00154877
0 0.528906 0.915625 0.0507812 0.140625 0.00153637
0 0.48125 0.262695 0.109375 0.269141 0.00153637
0 0.200439 0.70625 0.0944336 0.28125 0.00153637
1 0.495313 0.985547 0.158594 0.0289063 0.00153065
0 0.174609 0.121777 0.059375 0.120508 0.00151253
0 0.464844 0.238281 0.0578125 0.121875 0.00151253
1 0.753125 0.695703 0.148438 0.164844 0.00150108
1 0.151172 0.248242 0.139844 0.1875 0.00150108
0 0.678906 0.739062 0.171875 0.198437 0.00149536
0 0.0818359 0.977734 0.0798828 0.0445312 0.00148964
0 0 0.865625 0 0.184375 0.00147247
0 0.707031 0.982031 0.182812 0.0359375 0.00147247
0 0.746094 0.961328 0.0953125 0.0773437 0.00146675
0 0.10459 0.559375 0.0591797 0.108594 0.00146675
1 0.776563 0.21875 0.14375 0.210156 0.00145531
0 0.628906 0.471484 0.285937 0.379687 0.861816
0 0.388184 0.498047 0.173633 0.30625 0.777344
0 0.3875 0.542969 0.1625 0.209375 0.227417
0 0.378125 0.467871 0.152344 0.237695 0.141235
0 0.851562 0.917969 0.117188 0.160938 0.133911
0 0.675781 0.974219 0.15625 0.0515625 0.117554
0 0.242773 0.0873047 0.107422 0.174023 0.0836182
0 0.464063 0.849805 0.0804688 0.194141 0.083313
0 0.138086 0.0461914 0.0957031 0.0923828 0.0690308
0 0.397656 0.568359 0.153125 0.16875 0.058136
0 0.3875 0.430859 0.145313 0.182812 0.0548096
0 0.414453 0.732031 0.105469 0.129688 0.0402527
0 0.954687 0.967188 0.090625 0.065625 0.0397949
0 0.679297 0.222852 0.0757812 0.124219 0.0374756
0 0.486328 0.977734 0.155469 0.0445312 0.0374756
1 0.378125 0.467871 0.152344 0.237695 0.0366211
0 0.373828 0.509375 0.151562 0.251563 0.0347595
0 0.145117 0.280078 0.0871094 0.110937 0.0344849
0 0.0669922 0.9125 0.125781 0.128125 0.0344849
0 0.722656 0.0592773 0.123438 0.118555 0.0325928
0 0.114844 0.683203 0.109766 0.114844 0.0311432
0 0.753125 0.850195 0.134375 0.155859 0.0293121
0 0.330078 0.682031 0.0914062 0.121875 0.0283356
0 0.231299 0.898438 0.132715 0.203125 0.0282135
0 0.421973 0.739062 0.132617 0.159375 0.0269623
0 0.879687 0.386719 0.134375 0.179688 0.0266571
0 0.876562 0.913672 0.154687 0.172656 0.0261536
0 0.33125 0.929688 0.132031 0.13125 0.0249939
0 0.25918 0.684375 0.0761719 0.153125 0.0233307
0 0.0802734 0.682813 0.121875 0.104687 0.0232391
0 0.675781 0.961719 0.139062 0.0734375 0.0227966
1 0.851562 0.917969 0.117188 0.160938 0.0223694
0 0.25 0.685156 0.0964844 0.173438 0.0223694
1 0.464063 0.849805 0.0804688 0.194141 0.0215302
0 0.703125 0.973828 0.153125 0.0523437 0.0210419
1 0.3875 0.542969 0.1625 0.209375 0.0210419
0 0.647656 0.975 0.141406 0.05 0.0205688
0 0.0765625 0.726953 0.140039 0.174219 0.0197906
1 0.620703 0.471973 0.283594 0.37793 0.0185394
1 0.389453 0.496094 0.171875 0.30625 0.0185394
1 0.242773 0.0873047 0.107422 0.174023 0.0184784
0 0.151562 0.286328 0.112891 0.106641 0.0180511
0 0.836719 0.926562 0.110937 0.1375 0.0177155
0 0.131226 0.696875 0.121143 0.15 0.0176392
0 0.9125 0.817187 0.14375 0.159375 0.0173798
0 0.152246 0.0503418 0.0916016 0.100684 0.0173798
1 0.3875 0.430859 0.145313 0.182812 0.0172424
0 0.9375 0.914062 0.117188 0.15 0.0161591
0 0.5625 0.200391 0.109375 0.179688 0.0153046
0 0.957812 0.976172 0.084375 0.0476562 0.0151901
0 0.916406 0.917188 0.132812 0.153125 0.0142822
0 0.639063 0.883594 0.128125 0.107813 0.0131226
0 0.625 0.397266 0.242188 0.219531 0.0129242
0 0.335352 0.900781 0.111328 0.198437 0.012291
0 0.344336 0.945312 0.143359 0.096875 0.0120087
0 0.670313 0.234375 0.0703125 0.116406 0.0119629
1 0.138086 0.0461914 0.0957031 0.0923828 0.0115051
0 0.105103 0.726562 0.129639 0.176563 0.0106964
0 0.226562 0.0750488 0.0816406 0.150098 0.0104904
0 0.917188 0.197852 0.084375 0.124609 0.0104904
0 0.826758 0.964063 0.133984 0.071875 0.00993347
0 0.394531 0.492188 0.146875 0.252344 0.00989532
0 0.928125 0.679688 0.125 0.18125 0.00948334
0 0.741406 0.707812 0.126563 0.145313 0.00945282
0 0.455469 0.838281 0.0867188 0.159375 0.008255
1 0.414453 0.732031 0.105469 0.129688 0.00787354
0 0.148828 0.7125 0.114063 0.178125 0.0078125
0 0.150098 0.0336914 0.0912109 0.0630859 0.00772476
0 0.617969 0.975781 0.105469 0.0484375 0.00746155
1 0.679297 0.222852 0.0757812 0.124219 0.00734711
0 0.498437 0.0739258 0.125 0.147461 0.00734711
0 0.842188 0.972656 0.140625 0.0546875 0.00728989
0 0.90625 0.406348 0.146875 0.141992 0.0068512
1 0.879687 0.386719 0.134375 0.179688 0.00677109
0 0.90625 0.0851562 0.14375 0.170117 0.0064888
1 0.114844 0.683203 0.109766 0.114844 0.00643921
0 0.78125 0.969141 0.09375 0.0617188 0.00641251
1 0.242578 0.689844 0.090625 0.1875 0.00638962
0 0.225391 0.710938 0.0835937 0.2 0.00619125
0 0.638672 0.711328 0.114063 0.10625 0.00619125
1 0.330078 0.682031 0.0914062 0.121875 0.00614548
0 0.27207 0.0885742 0.166406 0.175977 0.00612259
1 0.675781 0.974219 0.15625 0.0515625 0.00609589
1 0.145117 0.280078 0.0871094 0.110937 0.00609589
0 0.366797 0.942969 0.147656 0.104687 0.00605011
1 0.373828 0.509375 0.151562 0.251563 0.00582123
0 0.292188 0.682813 0.0828125 0.1375 0.00582123
0 0.345508 0.88125 0.114453 0.228125 0.00575256
0 0.0794678 0.892187 0.145361 0.178125 0.00572968
1 0.25918 0.684375 0.0761719 0.153125 0.00568771
1 0.625 0.397266 0.242188 0.219531 0.00568771
0 0.0639648 0.755859 0.12207 0.0960938 0.00568771
0 0.294531 0.683594 0.10625 0.1625 0.00559998
0 0.957812 0.941406 0.084375 0.117188 0.0055542
1 0.9125 0.817187 0.14375 0.159375 0.00547028
0 0.239453 0.872656 0.128516 0.182812 0.00547028
0 0.446777 0.979688 0.158008 0.040625 0.00521851
1 0.0802734 0.682813 0.121875 0.104687 0.00519943
0 0.705078 0.214648 0.107031 0.133984 0.0050621
1 0.334766 0.916406 0.126563 0.167187 0.00502014
0 0.314063 0.248437 0.0929687 0.159766 0.00502014
1 0.421973 0.739062 0.132617 0.159375 0.00498199
0 0.379687 0.545313 0.129688 0.18125 0.00494385
0 0.480078 0.0866943 0.146094 0.171143 0.0049057
0 0.146094 0.673828 0.123828 0.152344 0.0049057
0 0.410547 0.464844 0.138281 0.232031 0.00486755
1 0.876562 0.913672 0.154687 0.172656 0.00486755
0 0.709375 0.0687012 0.117188 0.11416 0.00477219
0 0.105762 0.0487793 0.119336 0.0975586 0.00475693
1 0.0743164 0.910937 0.145313 0.135937 0.00471878
0 0.201904 0.196484 0.108691 0.110156 0.00460815
0 0.751562 0.213477 0.090625 0.121484 0.00453949
0 0.317578 0.0916992 0.117969 0.182617 0.00446701
0 0.319531 0.940625 0.113281 0.109375 0.00439835
0 0.219727 0.917969 0.107422 0.153125 0.00432968
0 0.730469 0.844531 0.148438 0.1625 0.00431442
0 0.0522583 0.119629 0.0935303 0.144336 0.0042305
0 0.122363 0.277148 0.0943359 0.1125 0.00421524
1 0.0765625 0.726953 0.140039 0.174219 0.00407028
0 0.867969 0.923437 0.140625 0.134375 0.00407028
0 0.921875 0.977344 0.140625 0.0453125 0.00405502
0 0.252734 0.460938 0.0976562 0.192188 0.00397491
0 0.976562 0.204492 0.046875 0.113672 0.00397491
0 0.923437 0.923437 0.109375 0.128125 0.00391388
1 0.131226 0.696875 0.121143 0.15 0.00391388
0 0.653906 0.896875 0.129688 0.107813 0.00388527
1 0.226367 0.905469 0.118359 0.189063 0.00387001
0 0.379297 0.412109 0.123438 0.164844 0.00385475
1 0.722656 0.0592773 0.123438 0.118555 0.00367928
1 0.9375 0.914062 0.117188 0.15 0.00365067
1 0.639063 0.883594 0.128125 0.107813 0.00356483
0 0.980469 0.210205 0.0390625 0.146777 0.00353813
0 0.692187 0.0668945 0.126563 0.125 0.00353813
0 0.318164 0.972656 0.165234 0.0546875 0.00353813
1 0.753125 0.850195 0.134375 0.155859 0.00346947
0 0.901563 0.901563 0.1625 0.171875 0.00346947
1 0.917188 0.197852 0.084375 0.124609 0.00333786
0 0.636719 0.9625 0.104687 0.071875 0.00327301
0 0.345117 0.974219 0.183203 0.0515625 0.00324821
0 0.599609 0.358594 0.150781 0.164062 0.00322342
0 0.946094 0.342578 0.078125 0.202344 0.00321007
0 0.216455 0.971094 0.127246 0.0578125 0.00317192
0 0.0738281 0.754687 0.144922 0.11875 0.00314713
0 0.175439 0.294922 0.124121 0.0976562 0.00313568
0 0.299219 0.821875 0.151562 0.19375 0.00313568
0 0.0589844 0.430371 0.111719 0.208008 0.00300407
0 0.521875 0.0672852 0.105469 0.133789 0.00298119
0 0.337109 0.241406 0.107813 0.144141 0.0029583
1 0.5625 0.200391 0.109375 0.179688 0.00292397
0 0.364062 0.951563 0.373437 0.096875 0.00288963
0 0.895312 0.808008 0.1125 0.149609 0.00288963
1 0.151562 0.286328 0.112891 0.106641 0.00287819
1 0.407813 0.564062 0.1375 0.173438 0.00286674
0 0.204688 0.300781 0.108203 0.0898438 0.00284576
0 0.98125 0.239893 0.0375 0.161621 0.00282288
1 0.152246 0.0503418 0.0916016 0.100684 0.00277901
0 0.251172 0.846875 0.138281 0.182812 0.00277901
0 0.928125 0.0813477 0.126563 0.14043 0.00274658
0 0.0523926 0.624219 0.0924805 0.123438 0.00273705
0 0.88125 0.939062 0.2375 0.121875 0.0027256
0 0.0434082 0.976562 0.0868164 0.046875 0.00271416
1 0.455469 0.838281 0.0867188 0.159375 0.0026722
0 0.040625 0.975 0.08125 0.05 0.00265312
0 0.773828 0.708984 0.117969 0.141406 0.00265312
0 0.402344 0.741797 0.0890625 0.133594 0.00263214
0 0.367188 0.237891 0.0773437 0.133594 0.0026207
0 0.917188 0.364062 0.165625 0.230469 0.00261116
1 0.954687 0.967188 0.090625 0.065625 0.00257111
1 0.916406 0.917188 0.132812 0.153125 0.00253105
0 0.896875 0.0619141 0.148438 0.123828 0.0024929
0 0.928125 0.835742 0.14375 0.194141 0.00240517
0 0.445703 0.739453 0.115625 0.169531 0.00239754
1 0.486328 0.977734 0.155469 0.0445312 0.00239754
0 0.474219 0.0625488 0.146875 0.125098 0.00237846
1 0.670313 0.234375 0.0703125 0.116406 0.00237846
0 0.932031 0.985937 0.135937 0.028125 0.00234222
1 0.379297 0.412109 0.123438 0.164844 0.00226974
0 0.445703 0.493848 0.298438 0.329492 0.00226021
0 0.823438 0.110937 0.078125 0.160938 0.00223351
0 0.392188 0.948438 0.125 0.090625 0.00219917
0 0.504687 0.975781 0.129688 0.0484375 0.00219154
0 0.354102 0.510156 0.107422 0.24375 0.00217438
0 0.974219 0.945312 0.0515625 0.109375 0.00215721
1 0.345508 0.88125 0.114453 0.228125 0.00214958
0 0.218164 0.935938 0.09375 0.11875 0.00213242
0 0.461719 0.982813 0.180469 0.034375 0.00213242
1 0.928125 0.679688 0.125 0.18125 0.00213242
0 0.408203 0.771094 0.100781 0.201562 0.00211525
1 0.599609 0.358594 0.150781 0.164062 0.00209999
1 0.675781 0.961719 0.139062 0.0734375 0.00209999
1 0.105103 0.726562 0.129639 0.176563 0.00209999
0 0.130103 0.730469 0.121826 0.189063 0.00209999
1 0.225391 0.710938 0.0835937 0.2 0.00209045
1 0.148828 0.7125 0.114063 0.178125 0.00206757
0 0.710156 0.958594 0.135937 0.078125 0.00206757
0 0.755469 0.713672 0.123438 0.114063 0.0020504
0 0.0942383 0.908594 0.130078 0.145313 0.0020504
0 0.624219 0.0681641 0.123438 0.136328 0.00203514
1 0.226562 0.0750488 0.0816406 0.150098 0.00203514
0 0.790625 0.944531 0.0625 0.103125 0.00200272
0 0.758984 0.227148 0.102344 0.142578 0.00199509
0 0.957031 0.645312 0.0859375 0.151562 0.00198746
0 0.332227 0.896875 0.315234 0.203125 0.00197983
0 0.835156 0.541016 0.120312 0.192969 0.0019722
0 0.00578613 0.921094 0.0115723 0.157813 0.00195694
0 0.239893 0.974609 0.149902 0.0507812 0.00194168
1 0.343164 0.939062 0.140234 0.1125 0.00193405
0 0.687891 0.213086 0.0796875 0.164453 0.00190449
0 0.876562 0.0483398 0.146875 0.0966797 0.00189686
0 0.184717 0.714063 0.104785 0.189063 0.00188923
0 0.471094 0.112598 0.104687 0.168945 0.00186729
0 0.238672 0.701563 0.084375 0.179688 0.00185299
0 0.98125 0.163647 0.0375 0.184814 0.00183105
0 0.982031 0.51875 0.0359375 0.18125 0.00182438
0 0.889063 0.913281 0.221875 0.16875 0.00182438
0 0.302344 0.079834 0.133594 0.159668 0.0018034
0 0.160938 0.974219 0.0855469 0.0515625 0.00176144
0 0.982031 0.904688 0.0359375 0.153125 0.00176144
0 0.142383 0.0916016 0.0792969 0.169141 0.00175476
0 0.835156 0.122852 0.104687 0.178516 0.00174141
1 0.514941 0.980469 0.501367 0.0390625 0.00174141
0 0.186328 0.971875 0.122266 0.05625 0.00173378
0 0.457031 0.987109 0.189063 0.0257812 0.0017271
0 0.920313 0.980859 0.154687 0.0382813 0.0017271
0 0.716016 0.707031 0.113281 0.121875 0.0017271
0 0.908594 0.862305 0.15 0.206641 0.00171375
0 0.620703 0.0756836 0.09375 0.151367 0.00170708
1 0.753516 0.708594 0.130469 0.142188 0.00168705
0 0.647656 0.441406 0.214062 0.253125 0.00168133
0 0.952344 0.971875 0.0953125 0.05625 0.00167465
0 0.129199 0.0449707 0.22832 0.0899414 0.0016489
0 0.910937 0.93125 0.178125 0.13125 0.0016489
0 0.164453 0.433984 0.111719 0.183594 0.00163555
1 0.314063 0.248437 0.0929687 0.159766 0.00163555
0 0.261328 0.858594 0.215625 0.245312 0.00162888
0 0.495313 0.98125 0.145313 0.0375 0.00162888
0 0.514941 0.980469 0.501367 0.0390625 0.00161076
0 0.855469 0.0754883 0.142188 0.147461 0.0015974
0 0.980469 0.928125 0.0390625 0.14375 0.00157928
0 0.0576172 0.591797 0.108008 0.102344 0.00157356
0 0.960156 0.917188 0.0796875 0.14375 0.00156689
0 0.836719 0.0819336 0.114063 0.157617 0.00156116
0 0.859375 0.978125 0.160938 0.04375 0.00154877
0 0.305664 0.0530762 0.262891 0.0983398 0.00153637
0 0.346094 0.864844 0.084375 0.2375 0.00153065
0 0.98125 0.319727 0.0375 0.169922 0.00151253
0 0.500391 0.963281 0.123438 0.065625 0.00150681
1 0.122363 0.277148 0.0943359 0.1125 0.00149536
0 0.0504395 0.747656 0.0893555 0.114063 0.00148964
0 0.669141 0.461328 0.191406 0.250781 0.00148964
0 0.149609 0.0421875 0.10625 0.084375 0.0014782
0 0.196289 0.0455078 0.344531 0.090625 0.00147247
0 0.320312 0.675391 0.0855469 0.147656 0.00146675
1 0.294531 0.683594 0.10625 0.1625 0.00143242
0 0.221289 0.46084 0.101562 0.19082 0.00141621
0 0.660156 0.550098 0.298438 0.393555 0.00141048
0 0.953125 0.0674316 0.09375 0.134863 0.00139904
1 0.364062 0.951563 0.373437 0.096875 0.00139904
0 0.967188 0.227344 0.065625 0.0867188 0.00139427
0 0.473828 0.623438 0.269531 0.25625 0.00139427
0 0.329688 0.108105 0.105469 0.189258 0.00137806
0 0.914062 0.983594 0.171875 0.0328125 0.00136662
0 0.316211 0.945312 0.336328 0.109375 0.00136662
1 0.946094 0.342578 0.078125 0.202344 0.00135612
1 0.239453 0.872656 0.128516 0.182812 0.00135136
1 0.146094 0.673828 0.123828 0.152344 0.00133514
0 0.907812 0.708984 0.125 0.202344 0.00131989
0 0.385059 0.979297 0.168945 0.0414063 0.00129986
1 0.292188 0.682813 0.0828125 0.1375 0.00129986
0 0.669531 0.705469 0.132812 0.10625 0.00129414
0 0.904688 0.332422 0.176563 0.285937 0.00128937
0 0.17207 0.695312 0.133594 0.184375 0.00128937
1 0.647656 0.975 0.141406 0.05 0.0012846
1 0.705078 0.214648 0.107031 0.133984 0.00127888
0 0.41709 0.980469 0.17207 0.0390625 0.00127411
0 0.0592773 0.978906 0.118555 0.0421875 0.00126457
0 0.605859 0.382715 0.182031 0.19082 0.0012598
0 0.98125 0.648047 0.0375 0.170312 0.0012598
0 0.300439 0.857813 0.31084 0.254687 0.00124931
1 0.201904 0.196484 0.108691 0.110156 0.00124454
0 0.982813 0.773047 0.034375 0.221094 0.00124454
0 0.0555664 0.0975586 0.102539 0.15293 0.00124454
0 0.721094 0.971875 0.139062 0.05625 0.00123501
0 0.925781 0.413379 0.126563 0.124805 0.00123501
0 0.348437 0.841406 0.1125 0.207813 0.00123024
0 0.885938 0.978906 0.15625 0.0421875 0.00122547
0 0.850781 0.0455566 0.13125 0.0911133 0.00121117
0 0.0877197 0.0710449 0.085498 0.133105 0.00120163
0 0.885938 0.867383 0.125 0.205859 0.00118828
0 0.328906 0.921875 0.107031 0.15625 0.00118351
0 0.15752 0.730469 0.0955078 0.185937 0.00117874
0 0.432422 0.578125 0.136719 0.148438 0.0011692
0 0.622656 0.882031 0.0984375 0.139062 0.00116539
0 0.376953 0.982813 0.419531 0.034375 0.00115585
0 0.982031 0.714844 0.0359375 0.214062 0.00115108
0 0.00915527 0.965625 0.0183105 0.06875 0.0011425
1 0.901563 0.901563 0.1625 0.171875 0.0011425
0 0.695703 0.821875 0.113281 0.157813 0.00113392
1 0.895312 0.808008 0.1125 0.149609 0.00112057
1 0.836719 0.926562 0.110937 0.1375 0.0011158
0 0.61875 0.473047 0.310937 0.382031 0.680176
0 0.392969 0.494531 0.192188 0.31875 0.589844
1 0.61875 0.473047 0.310937 0.382031 0.437744
0 0.444531 0.49375 0.302344 0.323438 0.375732
0 0.386816 0.530469 0.160742 0.23125 0.085083
1 0.391406 0.492969 0.194531 0.314063 0.0605164
1 0.444531 0.49375 0.302344 0.323438 0.0352173
0 0.379785 0.485059 0.154492 0.267383 0.032959
0 0.509277 0.497266 0.429883 0.344531 0.0175781
0 0.390234 0.440234 0.165625 0.225781 0.0157776
0 0.401172 0.563281 0.151562 0.189063 0.0156708
1 0.509277 0.497266 0.429883 0.344531 0.00548935
1 0.435937 0.821094 0.58125 0.357812 0.0050621
0 0.889844 0.370703 0.220313 0.521094 0.00271416
0 0.457812 0.861719 0.1 0.276563 0.00265312
0 0.85 0.901953 0.14375 0.196094 0.00265312
0 0.17207 0.467578 0.344141 0.689844 0.00258064
1 0.862305 0.37168 0.266016 0.618359 0.00245285
0 0.862305 0.37168 0.266016 0.618359 0.00242424
1 0.889844 0.370703 0.220313 0.521094 0.00228691
1 0.563672 0.811719 0.577344 0.376563 0.00220871
0 0.676562 0.209375 0.0859375 0.182031 0.00216484
0 0.394141 0.828125 0.532812 0.34375 0.00201035
0 0.120215 0.0514648 0.137695 0.10293 0.00199509
0 0.234717 0.109766 0.128223 0.219531 0.00184631
1 0.381152 0.84668 0.498633 0.306641 0.00174809
1 0.608203 0.764453 0.494531 0.442969 0.00173378
0 0.238281 0.707812 0.117188 0.24375 0.0017004
0 0.688672 0.954297 0.171094 0.0914062 0.00160408
1 0.630469 0.694922 0.420312 0.578906 0.00148964
1 0.17207 0.467578 0.344141 0.689844 0.00148964
0 0.25 0.654297 0.0695312 0.0984375 0.00146675
0 0.977344 0.367578 0.0453125 0.488281 0.0014267
1 0.386816 0.530469 0.160742 0.23125 0.00133514
0 0.405371 0.75 0.14082 0.201562 0.00130939
0 0.83125 0.912891 0.145313 0.174219 0.00130463
0 0.630469 0.694922 0.420312 0.578906 0.00127411
1 0.382129 0.774609 0.506055 0.438281 0.00125504
0 0.152246 0.0309082 0.0724609 0.0618164 0.00114727
0 0.411621 0.462891 0.154883 0.261719 0.00113773
1 0.256641 0.366406 0.464063 0.715625 0.00112438
0 0.255469 0.0886719 0.146094 0.177344 0.00110722
0 0.701563 0.0735352 0.153125 0.14707 0.00109863
0 0.608203 0.764453 0.494531 0.442969 0.00109863
0 0.256641 0.366406 0.464063 0.715625 0.00106525
0 0.978125 0.490625 0.04375 0.589063 0.00101662
0 0.63125 0.471875 0.301562 0.388281 0.525391
1 0.627344 0.472266 0.309375 0.386719 0.517578
0 0.402441 0.495215 0.20918 0.326758 0.404541
1 0.410156 0.494531 0.229687 0.328906 0.0735474
0 0.391406 0.545703 0.1625 0.214062 0.0534058
1 0.391797 0.802734 0.474219 0.394531 0.024704
0 0.349219 0.803516 0.438281 0.392969 0.0191956
0 0.382422 0.49209 0.166406 0.283008 0.0109482
0 0.450879 0.475 0.318555 0.384375 0.00926971
0 0.412109 0.555469 0.136719 0.20625 0.00894928
1 0.556348 0.796875 0.58418 0.40625 0.00717545
1 0.625781 0.770312 0.429688 0.440625 0.00481033
1 0.450879 0.475 0.318555 0.384375 0.00475693
1 0.311377 0.779688 0.388965 0.434375 0.00434875
0 0.874219 0.375781 0.251563 0.645312 0.00416565
1 0.3875 0.528516 0.167969 0.24375 0.0041008
0 0.921875 0.380469 0.15625 0.617969 0.00363541
0 0.423438 0.575391 0.128906 0.161719 0.00349617
0 0.624219 0.794727 0.448438 0.410547 0.00344276
0 0.452344 0.799609 0.651563 0.400781 0.00331116
1 0.399219 0.553906 0.153125 0.203125 0.00328636
1 0.874219 0.375781 0.251563 0.645312 0.00286674
0 0.171094 0.55625 0.342187 0.607813 0.0028553
0 0.378516 0.45 0.158594 0.241406 0.00266266
0 0.245703 0.332031 0.433594 0.653125 0.00254059
1 0.380469 0.471094 0.163281 0.26875 0.00239754
0 0.864258 0.773047 0.271484 0.453906 0.00236893
1 0.921875 0.380469 0.15625 0.617969 0.00223351
1 0.172461 0.744531 0.344922 0.498437 0.00215721
0 0.822656 0.361719 0.34375 0.61875 0.00209999
0 0.172461 0.744531 0.344922 0.498437 0.00203514
0 0.935938 0.319141 0.128125 0.582031 0.00193405
1 0.822656 0.361719 0.34375 0.61875 0.00161076
0 0.202539 0.473047 0.405078 0.551562 0.00160408
0 0.282031 0.831445 0.35625 0.337109 0.00157356
0 0.921484 0.763281 0.157031 0.473437 0.00155449
0 0.310547 0.760547 0.399219 0.478906 0.0015192
0 0.191211 0.290625 0.366016 0.58125 0.00151253
0 0.374805 0.303906 0.558203 0.607813 0.0014782
0 0.914062 0.825 0.171875 0.35 0.00143242
1 0.374805 0.303906 0.558203 0.607813 0.00141621
1 0.387109 0.435547 0.154687 0.219531 0.00131512
0 0.707031 0.949609 0.167187 0.100781 0.00129986
1 0.171094 0.55625 0.342187 0.607813 0.00129414
1 0.708594 0.724219 0.4375 0.514063 0.00126934
0 0.235352 0.604688 0.470703 0.642187 0.00123024
0 0.869922 0.488281 0.260156 0.6625 0.0012207
1 0.935938 0.319141 0.128125 0.582031 0.0012207
1 0.869141 0.758594 0.261719 0.482812 0.0012207
0 0.392969 0.760156 0.449219 0.476562 0.00120163
0 0.663281 0.734766 0.40625 0.482031 0.00115108
0 0.692187 0.444629 0.395312 0.279492 0.00112438
0 0.911719 0.492578 0.176563 0.658594 0.00108147
1 0.260156 0.288672 0.471094 0.575781 0.00107765
0 0.805469 0.77207 0.389062 0.455859 0.00107288
0 0.228906 0.792969 0.364062 0.414062 0.00106525
1 0.202344 0.659473 0.404687 0.657617 0.00101662
0 0.388281 0.503027 0.178125 0.306445 0.799316
0 0.626562 0.475391 0.28125 0.372656 0.756348
1 0.625 0.475 0.289062 0.379687 0.256104
0 0.391309 0.546875 0.167383 0.192188 0.072876
1 0.388281 0.506152 0.176563 0.301758 0.0396423
0 0.958594 0.976562 0.0828125 0.046875 0.0254669
0 0.9375 0.983203 0.103125 0.0335938 0.025177
0 0.467187 0.983594 0.202344 0.0328125 0.0247955
0 0.698438 0.974219 0.175 0.0515625 0.0213623
0 0.00467529 0.919531 0.00935059 0.160938 0.0213623
0 0.915625 0.983203 0.1125 0.0335938 0.0190582
0 0.404297 0.578125 0.15625 0.139844 0.0170441
0 0.0313477 0.976562 0.0626953 0.0453125 0.0167847
0 0.0253906 0.983594 0.0507812 0.0328125 0.0164032
0 0.0386719 0.975 0.0773437 0.046875 0.0162811
0 0.00483398 0.054834 0.00966797 0.109668 0.0160217
0 0.964063 0.94375 0.071875 0.1125 0.0136871
0 0.0048584 0.946094 0.0097168 0.107813 0.013588
0 0.492969 0.363086 0.059375 0.0589844 0.0127716
0 0.951172 0.975 0.0976562 0.05 0.0115509
0 0.490625 0.982422 0.1375 0.0351562 0.0106964
0 0.0324219 0.982813 0.0648438 0.034375 0.0105667
0 0.620703 0.705469 0.125781 0.075 0.0105667
0 0.0046875 0.111523 0.009375 0.223047 0.0104904
0 0.0417969 0.990625 0.0835937 0.01875 0.0103302
0 0.494531 0.358984 0.06875 0.075 0.00993347
0 0.00473633 0.181445 0.00947266 0.241797 0.00981903
0 0.00473633 0.886523 0.00947266 0.226953 0.00974274
0 0.0174805 0.983594 0.0349609 0.0328125 0.00933838
1 0.397266 0.563281 0.153906 0.176563 0.00926971
0 0.764844 0.98125 0.107813 0.0375 0.00908661
0 0.249219 0.655469 0.0875 0.0984375 0.00881195
0 0.961719 0.222266 0.0765625 0.09375 0.00874329
1 0.674219 0.233594 0.0664062 0.0875 0.00837708
0 0.955469 0.980859 0.0890625 0.0382813 0.00812531
0 0.970312 0.220703 0.059375 0.078125 0.0077858
0 0.895312 0.983203 0.1125 0.0335938 0.00731659
0 0.785937 0.98125 0.154687 0.0375 0.00728989
0 0.0046875 0.0861328 0.009375 0.172266 0.00723267
0 0.148535 0.035498 0.0978516 0.0680664 0.00695801
0 0.503125 0.976172 0.157813 0.0476562 0.0069046
0 0.774219 0.96875 0.071875 0.059375 0.00674438
0 0.673437 0.241016 0.071875 0.084375 0.00674438
0 0.148926 0.982813 0.120898 0.034375 0.00658798
1 0.459375 0.860937 0.0835937 0.235938 0.00656509
0 0.839844 0.978906 0.151562 0.0421875 0.0064888
0 0.49375 0.976172 0.15 0.0476562 0.0064621
0 0.00473633 0.594531 0.00947266 0.242188 0.00612259
0 0.714844 0.971875 0.125 0.05625 0.00575256
0 0.800781 0.977734 0.125 0.0445312 0.00547028
0 0.317578 0.494531 0.0585938 0.135937 0.00547028
0 0.00476074 0.51875 0.00952148 0.239063 0.00542831
0 0.306055 0.644531 0.119922 0.0679687 0.00538635
0 0.460156 0.991016 0.191406 0.0179687 0.00526047
0 0.0046875 0.807813 0.009375 0.24375 0.00524139
0 0.137207 0.280273 0.0861328 0.0945313 0.00508118
0 0.0046875 0.642187 0.009375 0.235938 0.00494385
0 0.653125 0.244922 0.0484375 0.0597656 0.00486755
0 0.784375 0.96875 0.109375 0.0625 0.00486755
0 0.595312 0.98125 0.053125 0.0375 0.00484848
0 0.660937 0.973437 0.172656 0.053125 0.00481033
0 0.402734 0.730469 0.084375 0.1 0.00471878
0 0.299609 0.4875 0.040625 0.090625 0.00468063
0 0.5125 0.492969 0.071875 0.134375 0.00466537
0 0.499219 0.985937 0.18125 0.028125 0.0046463
0 0.739844 0.982813 0.148438 0.034375 0.00462723
0 0.653906 0.263867 0.0546875 0.040625 0.00460815
0 0.14873 0.970312 0.11543 0.05625 0.00436401
0 0.00466309 0.730469 0.00932617 0.239063 0.00436401
0 0.716797 0.98125 0.132031 0.0375 0.00419998
0 0.0046875 0.455371 0.009375 0.239258 0.00419998
0 0.663672 0.903125 0.119531 0.071875 0.00416565
1 0.839063 0.926562 0.129688 0.128125 0.00413513
0 0.925781 0.991406 0.148438 0.0171875 0.00413513
0 0.921094 0.976562 0.134375 0.04375 0.00411606
0 0.735156 0.201514 0.120312 0.0711914 0.0041008
0 0.496875 0.347656 0.075 0.08125 0.00400543
0 0.0337402 0.104395 0.0674805 0.0587891 0.00397491
0 0.299609 0.507031 0.0398437 0.065625 0.0039444
0 0.0718262 0.984375 0.143652 0.03125 0.00392914
0 0.00472412 0.257031 0.00944824 0.242969 0.00388527
0 0.130859 0.285156 0.114844 0.0996094 0.00382423
0 0.596875 0.973437 0.05 0.05 0.00379562
0 0.597656 0.248047 0.0859375 0.0597656 0.00367928
0 0.701172 0.985156 0.175781 0.0296875 0.00358009
0 0.696875 0.982422 0.185937 0.0351562 0.00358009
1 0.698438 0.974219 0.175 0.0515625 0.00351143
0 0.137109 0.992188 0.159766 0.015625 0.00351143
1 0.233398 0.682031 0.104297 0.128125 0.00349617
0 0.692969 0.973437 0.182812 0.053125 0.00346947
0 0 0.137207 0 0.134961 0.00346947
0 0.750781 0.970312 0.11875 0.05625 0.00345612
0 0.611719 0.244922 0.0828125 0.0570313 0.00344276
0 0.665234 0.246094 0.0585938 0.0652344 0.00340271
0 0.0838867 0.990625 0.167773 0.01875 0.00338936
0 0.602344 0.992188 0.165625 0.015625 0.00337601
0 0.469141 0.977344 0.200781 0.0421875 0.00335121
0 0.325391 0.505469 0.0617188 0.123438 0.00332451
0 0.189502 0.312109 0.132715 0.084375 0.00331116
0 0.979688 0.982813 0.040625 0.034375 0.00328636
0 0.509375 0.477344 0.0625 0.13125 0.00327301
0 0.741406 0.976562 0.14375 0.046875 0.00319672
0 0.503906 0.5 0.0609375 0.115625 0.00319672
0 0.150586 0.051709 0.0683594 0.0795898 0.00314713
0 0 0.0455078 0 0.0910156 0.00312424
0 0.105273 0.981641 0.0701172 0.0367187 0.00312424
0 0.930469 0.977344 0.139062 0.0453125 0.003088
0 0.665625 0.257227 0.0578125 0.0546875 0.00305176
0 0.981641 0.975 0.0367187 0.04375 0.00302696
0 0.545313 0.211719 0.0703125 0.08125 0.00299263
0 0.138892 0.635938 0.133936 0.053125 0.0029583
0 0 0.959766 0 0.0804688 0.00293541
1 0.940625 0.380371 0.11875 0.325195 0.00293541
1 0.9375 0.983203 0.103125 0.0335938 0.00291252
1 0.0046875 0.926953 0.009375 0.146094 0.00291252
0 0 0.212305 0 0.135547 0.00291252
1 0.412109 0.584375 0.154687 0.126563 0.00291252
0 0.298047 0.526563 0.0402344 0.05 0.0028553
0 0.638281 0.279297 0.136719 0.0375 0.00282288
0 0.583984 0.983594 0.0507812 0.0328125 0.00282288
0 0.4125 0.0402832 0.0507812 0.0624023 0.00279999
0 0.371875 0.976953 0.192188 0.0460938 0.00275803
1 0.0417969 0.990625 0.0835937 0.01875 0.00273705
1 0.0048584 0.946094 0.0097168 0.107813 0.0027256
0 0.135547 0.982422 0.078125 0.0351562 0.00270462
0 0.617188 0.263281 0.084375 0.0410156 0.0026722
0 0.304102 0.857813 0.255859 0.279687 0.00265312
0 0.807813 0.983594 0.175 0.0328125 0.00261116
0 0.733594 0.673437 0.0921875 0.0765625 0.00261116
0 0.296094 0.476953 0.0382813 0.145313 0.00261116
0 0.839063 0.926562 0.129688 0.128125 0.00261116
1 0.304102 0.857813 0.255859 0.279687 0.00259018
0 0.00463867 0.304688 0.00927734 0.235938 0.00259018
0 0.940625 0.380371 0.11875 0.325195 0.00258064
0 0.317578 0.636328 0.128906 0.0617188 0.00257111
1 0.467187 0.983594 0.202344 0.0328125 0.00257111
0 0.0224121 0.01875 0.0448242 0.0375 0.00253105
1 0.0253906 0.983594 0.0507812 0.0328125 0.00250244
0 0.730469 0.982813 0.154687 0.034375 0.0024929
0 0.871875 0.983594 0.16875 0.0328125 0.00243378
0 0.49375 0.371094 0.0484375 0.0539063 0.00242424
0 0.142383 0.629297 0.157422 0.0609375 0.00242424
0 0.728516 0.304102 0.084375 0.0734375 0.0024147
1 0.421875 0.83125 0.209375 0.31875 0.002388
1 0.671875 0.221094 0.0703125 0.117188 0.00234222
0 0.503125 0.977734 0.209375 0.0445312 0.00233269
0 0.860156 0.983984 0.189063 0.0320312 0.00232315
1 0.330273 0.845117 0.384766 0.300391 0.00231361
0 0.78457 0.964063 0.0558594 0.065625 0.00228691
0 0.0046875 0.406641 0.009375 0.239844 0.00226974
0 0.41875 0.0449707 0.0554687 0.0713867 0.00223351
0 0.576953 0.990625 0.144531 0.01875 0.00223351
0 0.00460205 0.353516 0.0092041 0.232031 0.00223351
0 0 0.0871094 0 0.135742 0.00223351
0 0 0.11228 0 0.134424 0.00221634
0 0 0.637109 0 0.135156 0.00216484
1 0.00483398 0.054834 0.00966797 0.109668 0.00214958
0 0.181836 0.991406 0.176172 0.0171875 0.00213242
0 0.722656 0.0500854 0.132812 0.0861572 0.00211525
0 0 0.0585449 0 0.11709 0.00210762
0 0.508203 0.96875 0.125781 0.0578125 0.00201988
0 0.973437 0.63125 0.053125 0.0757812 0.00201988
0 0.907812 0.198242 0.08125 0.113281 0.00198746
0 0 0.762109 0 0.135156 0.0019722
0 0.279492 0.46875 0.0421875 0.0828125 0.00194931
0 0.625781 0.0394043 0.114063 0.0641602 0.00194168
0 0.594922 0.257812 0.0859375 0.0527344 0.00193405
0 0.960156 0.96875 0.0796875 0.05625 0.00192642
0 0.312305 0.701953 0.0613281 0.059375 0.00189686
1 0.915625 0.983203 0.1125 0.0335938 0.00189686
0 0.532812 0.985937 0.150781 0.028125 0.00186729
0 0 0.925 0 0.134375 0.00186729
0 0 0.612109 0 0.135156 0.00186729
1 0.90625 0.415234 0.184375 0.392188 0.00185299
0 0.0372559 0.0185547 0.0745117 0.0371094 0.00183868
0 0.683594 0.589844 0.129688 0.09375 0.00182438
1 0.492969 0.363086 0.059375 0.0589844 0.00181007
0 0.363672 0.572656 0.0890625 0.107813 0.00181007
0 0.782812 0.991406 0.164062 0.0171875 0.0018034
0 0 0.947656 0 0.104687 0.00179577
0 0.460547 0.108691 0.0828125 0.0947266 0.00178909
0 0.41875 0.634375 0.14375 0.05 0.00178242
0 0 0.662109 0 0.135156 0.00176811
0 0.223828 0.0685547 0.0785156 0.110352 0.00176144
0 0.891406 0.983594 0.159375 0.0328125 0.00174141
0 0.280273 0.480078 0.0386719 0.071875 0.0017271
0 0.279883 0.496094 0.0394531 0.05625 0.00172043
0 0.362891 0.246484 0.0867188 0.108594 0.00171375
0 0.652344 0.967969 0.136719 0.059375 0.0017004
1 0.0386719 0.975 0.0773437 0.046875 0.00169373
1 0.0046875 0.111523 0.009375 0.223047 0.00169373
1 0.503125 0.976172 0.157813 0.0476562 0.00168705
0 0 0.7375 0 0.134375 0.00168133
0 0 0.162207 0 0.13457 0.00168133
1 0.675 0.255469 0.0757812 0.075 0.00167465
1 0.0313477 0.976562 0.0626953 0.0453125 0.00166798
0 0.498437 0.991016 0.146094 0.0179687 0.0016489
1 0.0324219 0.982813 0.0648438 0.034375 0.0016489
0 0.764844 0.978906 0.160938 0.0421875 0.00163555
0 0.0812256 0.0791016 0.0594238 0.0824219 0.00162315
0 0.65625 0.981641 0.153125 0.0367187 0.00162315
0 0.233008 0.977344 0.158203 0.0453125 0.00161648
0 0.817187 0.991797 0.182812 0.0164062 0.00161076
0 0 0.7125 0 0.134375 0.00161076
0 0.602734 0.244336 0.0882813 0.08125 0.00160408
0 0.152344 0.0284058 0.0929687 0.0502197 0.0015974
0 0 0.35 0 0.135156 0.00158501
0 0.755469 0.991797 0.171875 0.0164062 0.00158501
0 0.317578 0.505469 0.0535156 0.090625 0.00157356
0 0.983203 0.21875 0.0335938 0.05625 0.00157356
1 0.00473633 0.886523 0.00947266 0.226953 0.00156116
0 0.636719 0.305078 0.195312 0.0664062 0.00154877
0 0 0.375 0 0.135156 0.00154877
0 0.953906 0.991016 0.0921875 0.0179687 0.00154877
0 0 0.687109 0 0.135937 0.00154877
0 0.0442383 0.967188 0.0884766 0.046875 0.00154305
0 0.417969 0.617969 0.145313 0.075 0.00153637
0 0.25957 0.664062 0.065625 0.110937 0.00152493
0 0 0.312109 0 0.135937 0.0015192
1 0.00473633 0.181445 0.00947266 0.241797 0.00151253
0 0.267383 0.990625 0.218359 0.01875 0.00151253
0 0 0.187305 0 0.134766 0.00150108
0 0.0880859 0.984375 0.176172 0.03125 0.00149536
0 0 0.7875 0 0.134375 0.00148964
1 0.404687 0.983203 0.476562 0.0335938 0.00148964
0 0 0.574609 0 0.135156 0.00148964
0 0.35957 0.256055 0.0832031 0.0800781 0.0014782
0 0.493359 0.333984 0.0929687 0.0644531 0.00146675
0 0.338086 0.977734 0.191797 0.0445312 0.00145531
1 0.460156 0.991016 0.191406 0.0179687 0.00145531
1 0.942969 0.436816 0.114063 0.39668 0.00145531
0 0.7 0.967188 0.154687 0.065625 0.00145531
0 0.9875 0.528516 0.025 0.0445312 0.00144386
0 0.90625 0.415234 0.184375 0.392188 0.0014267
0 0 0.237109 0 0.134766 0.0014267
0 0.669531 0.975 0.1875 0.05 0.00142097
0 0.24375 0.64375 0.0867188 0.078125 0.00142097
1 0.224023 0.703125 0.111328 0.175 0.00142097
0 0.948047 0.881055 0.103906 0.237891 0.00141621
0 0.105469 0.40625 0.20625 0.469531 0.00141048
0 0.0728516 0.272656 0.0666016 0.0726563 0.00140476
1 0.951172 0.975 0.0976562 0.05 0.00139904
0 0.657422 0.992188 0.191406 0.015625 0.00139904
0 0 0.399902 0 0.13457 0.00138855
1 0.764844 0.98125 0.107813 0.0375 0.00138855
0 0.980469 0.53125 0.0390625 0.08125 0.00138855
0 0 0.549609 0 0.135156 0.00137806
0 0.459375 0.860937 0.0835937 0.235938 0.00137234
0 0.454004 0.985937 0.173242 0.028125 0.00137234
0 0.731641 0.967188 0.125781 0.0625 0.00136662
0 0.790625 0.414062 0.0671875 0.0617188 0.00136185
0 0 0.499609 0 0.135156 0.00135612
1 0.94375 0.845312 0.1125 0.2875 0.00135612
0 0.739844 0.201367 0.0875 0.0644531 0.00135136
0 0.879687 0.00645752 0.240625 0.012915 0.00134563
0 0.258008 0.569531 0.122656 0.084375 0.00133514
1 0.0174805 0.983594 0.0349609 0.0328125 0.00133514
1 0.494531 0.358984 0.06875 0.075 0.00133514
0 0.9875 0.517187 0.025 0.0453125 0.00131989
0 0.942969 0.436816 0.114063 0.39668 0.00131989
0 0.298047 0.623438 0.127344 0.0515625 0.00130463
0 0.475781 0.373242 0.0546875 0.0691406 0.00130463
0 0.967969 0.702344 0.0640625 0.05625 0.00129986
0 0.677734 0.969531 0.167969 0.0609375 0.00129414
0 0.486719 0.368164 0.05 0.0636719 0.00129414
0 0.5 0.471094 0.05 0.139062 0.0012846
0 0.934375 0.298047 0.078125 0.0929687 0.0012846
0 0.933594 0.98125 0.132812 0.0375 0.00127411
0 0.321875 0.701172 0.0945313 0.0875 0.00126934
0 0.902734 0.984375 0.194531 0.03125 0.00126934
1 0.317578 0.494531 0.0585938 0.135937 0.00126457
0 0.967969 0.904688 0.0640625 0.075 0.00126457
1 0.236328 0.0803711 0.100781 0.118164 0.00125504
1 0.499219 0.985937 0.18125 0.028125 0.00124931
0 0.19375 0.983594 0.165625 0.0328125 0.00123024
0 0.468359 0.462891 0.0359375 0.0789063 0.0012207
0 0 0.475 0 0.135937 0.0012064
0 0.621875 0.700781 0.090625 0.059375 0.00119686
0 0.695312 0.576563 0.121875 0.0992187 0.00119686
1 0.0046875 0.0861328 0.009375 0.172266 0.00118828
1 0.932422 0.991797 0.135156 0.0164062 0.00117874
0 0.156152 0.95625 0.0974609 0.0734375 0.0011692
1 0.785937 0.98125 0.154687 0.0375 0.00116062
1 0.490625 0.982422 0.1375 0.0351562 0.00116062
0 0.985937 0.967188 0.028125 0.0453125 0.00116062
0 0.616406 0.0401367 0.145313 0.0773437 0.00115585
0 0.126367 0.0630859 0.219922 0.126172 0.0011425
0 0.364453 0.585156 0.115625 0.096875 0.0011425
0 0 0.524609 0 0.134375 0.0011425
0 0.277539 0.513281 0.0472656 0.0453125 0.00113392
0 0.156543 0.9625 0.0748047 0.0625 0.00112057
0 0.488281 0.461719 0.046875 0.125 0.00111198
0 0.435937 0.0418091 0.090625 0.0687256 0.00110722
0 0.49375 0.991406 0.207813 0.0171875 0.00110722
1 0.408594 0.732031 0.107031 0.096875 0.00110722
1 0.137109 0.992188 0.159766 0.015625 0.00110722
0 0.291016 0.602344 0.0804688 0.0375 0.0011034
1 0.800781 0.977734 0.125 0.0445312 0.0011034
1 0.91875 0.91875 0.159375 0.120312 0.00109005
1 0.00473633 0.594531 0.00947266 0.242188 0.00109005
0 0.624219 0.478906 0.298438 0.375 0.677246
0 0.561328 0.482031 0.442969 0.369531 0.642578
0 0.398438 0.511621 0.19375 0.298633 0.396973
0 0.442578 0.499902 0.288281 0.314258 0.220703
1 0.561328 0.482031 0.442969 0.369531 0.165649
1 0.624219 0.478906 0.298438 0.375 0.153564
0 0.396191 0.559375 0.162305 0.189844 0.0179138
1 0.398438 0.511621 0.19375 0.298633 0.00812531
1 0.442578 0.499902 0.288281 0.314258 0.00462723
0 0.411621 0.577344 0.170508 0.154687 0.00335121
1 0.464453 0.849805 0.636719 0.287891 0.0029583
1 0.452441 0.982031 0.735742 0.0359375 0.00283432
0 0.692578 0.971094 0.202344 0.0578125 0.00282288
0 0.960938 0.9625 0.078125 0.075 0.00257111
0 0.967969 0.971484 0.0640625 0.0570313 0.00210762
1 0.398828 0.892187 0.528906 0.2125 0.00202751
1 0.489062 0.885742 0.714063 0.228516 0.00178242
0 0.452441 0.982031 0.735742 0.0359375 0.00168705
1 0.904688 0.370508 0.182812 0.280859 0.00146675
1 0.345313 0.862305 0.415625 0.259766 0.00142097
0 0.920313 0.384473 0.157813 0.25918 0.00125504
0 0.0274414 0.981641 0.0548828 0.0367187 0.0012207
0 0.338721 0.890625 0.395996 0.215625 0.00118828
1 0.394531 0.982813 0.536719 0.034375 0.00111198
0 0.394531 0.982813 0.536719 0.034375 0.00106525
0 0.900781 0.983594 0.198437 0.0328125 0.00106525
1 0.367969 0.835156 0.517187 0.325 0.00105667
1 0.607813 0.848437 0.560938 0.267188 0.00104809
0 0.629687 0.475391 0.285937 0.382031 0.603027
0 0.398535 0.501172 0.198242 0.317969 0.446533
1 0.625781 0.475391 0.2875 0.382031 0.412109
1 0.401465 0.499609 0.206445 0.314844 0.036438
0 0.39209 0.571484 0.170508 0.160938 0.00717545
0 0.971875 0.231445 0.05625 0.115625 0.0041008
0 0.15332 0.0424805 0.0667969 0.0810547 0.00329781
0 0.459375 0.488281 0.325781 0.36875 0.00317192
0 0.0391602 0.973437 0.0783203 0.053125 0.00219917
0 0.491797 0.366211 0.0554687 0.0886719 0.00216484
0 0.679688 0.971094 0.2125 0.0578125 0.00179577
0 0.400098 0.590625 0.157617 0.13125 0.00157356
0 0.253516 0.659375 0.0679687 0.111719 0.00146675
0 0.386328 0.497559 0.178906 0.31582 0.644043
1 0.625391 0.47041 0.296094 0.374805 0.508789
0 0.627734 0.471875 0.291406 0.378125 0.487305
1 0.385547 0.496094 0.180469 0.309375 0.0875854
0 0.394531 0.557422 0.155469 0.186719 0.0106964
1 0.401563 0.833594 0.479688 0.329688 0.00542831
0 0.056543 0.993359 0.113086 0.0132813 0.00284576
1 0.493359 0.826563 0.689844 0.346875 0.00283432
1 0.394531 0.557422 0.155469 0.186719 0.00264168
1 0.665625 0.227148 0.059375 0.128125 0.00204277
1 0.375684 0.451953 0.156445 0.235156 0.00196457
0 0.154199 0.0357422 0.0779297 0.0714844 0.00195694
1 0.671094 0.210596 0.065625 0.142871 0.00191212
0 0.0103394 0.950781 0.0206787 0.0984375 0.00185299
1 0.312109 0.849219 0.379687 0.296875 0.00174809
0 0.375684 0.451953 0.156445 0.235156 0.00146675
0 0.965234 0.234766 0.0695312 0.125781 0.00139904
0 0.458594 0.992969 0.20625 0.0140625 0.00124454
0 0.914062 0.364258 0.16875 0.294922 0.00123978
0 0.312109 0.849219 0.379687 0.296875 0.00119686
1 0.416406 0.499316 0.242188 0.331055 0.00118351
1 0.889063 0.327148 0.2125 0.361328 0.00110722
1 0.45625 0.871289 0.0796875 0.257422 0.0011034
0 0.492188 0.362891 0.0609375 0.0742188 0.00109863
0 0.961719 0.929297 0.0765625 0.141406 0.00106525
0 0.890625 0.376465 0.209375 0.333008 0.00106525
0 0.0512695 0.975 0.102539 0.046875 0.00106049
1 0.244531 0.724219 0.0726563 0.25625 0.00106049
0 0.63125 0.471875 0.301562 0.388281 0.525391
1 0.627344 0.472559 0.309375 0.386133 0.517578
0 0.402441 0.495703 0.20918 0.327344 0.401611
1 0.410156 0.494531 0.229687 0.328906 0.0735474
0 0.391504 0.545313 0.162305 0.214062 0.0514526
1 0.391016 0.802734 0.472656 0.394531 0.024231
0 0.349219 0.803516 0.4375 0.392969 0.0193481
0 0.382422 0.492188 0.165625 0.283594 0.0104904
0 0.451465 0.473828 0.318945 0.3875 0.00933838
0 0.412109 0.555469 0.136719 0.20625 0.00888062
1 0.557031 0.797266 0.58125 0.405469 0.00714874
1 0.625781 0.770312 0.429688 0.440625 0.00488663
1 0.451465 0.473828 0.318945 0.3875 0.00479126
1 0.311523 0.779883 0.388672 0.433984 0.00439835
0 0.873633 0.375781 0.252734 0.645312 0.00421524
1 0.3875 0.528125 0.167969 0.24375 0.00400543
0 0.921484 0.380469 0.157031 0.61875 0.00367928
0 0.624609 0.794727 0.447656 0.410547 0.00351143
0 0.42334 0.575 0.12832 0.1625 0.00336266
0 0.453125 0.799609 0.65 0.400781 0.00333786
1 0.399219 0.553906 0.153125 0.203125 0.00322342
1 0.873633 0.375781 0.252734 0.645312 0.00288963
0 0.170996 0.555859 0.341992 0.608594 0.00286674
0 0.378516 0.45 0.158594 0.242188 0.00259018
0 0.245703 0.332031 0.434375 0.653125 0.00256157
0 0.864258 0.773047 0.271484 0.453906 0.00237846
1 0.380371 0.471094 0.162695 0.269531 0.00234222
1 0.921484 0.380469 0.157031 0.61875 0.00225258
1 0.172461 0.744531 0.344922 0.498437 0.00214958
0 0.822656 0.362109 0.34375 0.61875 0.00211525
0 0.172461 0.744531 0.344922 0.498437 0.00203514
0 0.935938 0.319727 0.128125 0.582422 0.00195694
1 0.822656 0.362109 0.34375 0.61875 0.00161648
0 0.202344 0.473047 0.404687 0.552344 0.00161076
0 0.310596 0.760938 0.399121 0.478125 0.00157928
0 0.921094 0.763281 0.157813 0.473437 0.00157356
0 0.28208 0.831445 0.356152 0.337109 0.00155449
0 0.191064 0.291016 0.366309 0.582031 0.00154305
0 0.374414 0.304297 0.557422 0.608594 0.00148964
0 0.914062 0.825 0.171875 0.35 0.00142097
1 0.374414 0.304297 0.557422 0.608594 0.00141621
1 0.170996 0.555859 0.341992 0.608594 0.00129414
1 0.387109 0.43584 0.154687 0.220508 0.0012846
1 0.708203 0.724219 0.436719 0.514063 0.00126457
0 0.707031 0.949219 0.16875 0.101562 0.00125504
0 0.234766 0.604688 0.469531 0.642187 0.00124454
0 0.392871 0.760156 0.448633 0.476562 0.00123501
1 0.935938 0.319727 0.128125 0.582422 0.00123024
0 0.869922 0.488184 0.260156 0.662695 0.00123024
1 0.869141 0.758594 0.261719 0.482812 0.00122547
0 0.663281 0.734375 0.40625 0.48125 0.00116539
0 0.911719 0.492578 0.176563 0.658594 0.00109005
1 0.260156 0.289062 0.471094 0.577344 0.00108147
0 0.6875 0.41875 0.38125 0.264062 0.00107765
0 0.229248 0.792969 0.363379 0.414062 0.00106907
0 0.787109 0.755078 0.425781 0.485156 0.00102425
1 0.202344 0.660156 0.404687 0.657812 0.00102425
