0 0.466406 0.501562 0.701563 0.73125 0.839844
1 0.466797 0.485059 0.700781 0.717383 0.196777
0 0.46709 0.372266 0.681445 0.473437 0.0137405
1 0.46709 0.372266 0.681445 0.473437 0.00222588
1 0.442578 0.10332 0.538281 0.206641 0.00118351
0 0.445703 0.795508 0.688281 0.408984 0.00115585
0 0.442578 0.10332 0.538281 0.206641 0.00112057
0 0.460547 0.261377 0.660156 0.246777 0.00104427
0 0.472266 0.493652 0.719531 0.73457 0.791992
1 0.474219 0.483594 0.710938 0.714063 0.0856934
0 0.462891 0.503906 0.714844 0.739062 0.394287
1 0.462891 0.503906 0.714844 0.739062 0.373779
0 0 0.935938 0 0.128125 0.00276756
0 0.0209717 0.0139648 0.0419434 0.0279297 0.00186729
0 0.00583496 0.0088501 0.0116699 0.0177002 0.00175476
0 0.907031 0.391406 0.0734375 0.0898438 0.00171375
0 0.00484619 0.932031 0.00969238 0.135937 0.0017004
0 0 0.878125 0 0.184375 0.00160408
0 0 0.690234 0 0.185156 0.00158501
0 0 0.046875 0 0.09375 0.00157928
0 0 0.727734 0 0.185156 0.00151253
0 0 0.917969 0 0.164062 0.00146675
0 0 0.84043 0 0.184766 0.00144386
0 0 0.765234 0 0.185156 0.00144386
0 0 0.652734 0 0.185156 0.00143814
0 0 0.527734 0 0.185156 0.00143242
0 0 0.615234 0 0.185156 0.00141048
0 0 0.80293 0 0.184766 0.00140476
0 0 0.577734 0 0.185156 0.00138855
0 0 0.490625 0 0.184375 0.00134563
0 0 0.453027 0 0.18457 0.0012064
0 0 0.415234 0 0.185156 0.00116062
0 0 0.378027 0 0.18457 0.00115585
0 0 0.952344 0 0.0953125 0.00115108
0 0 0.327734 0 0.185156 0.0011425
0 0 0.290234 0 0.185156 0.00110722
0 0 0.202783 0 0.185059 0.0011034
0 0 0.252734 0 0.184766 0.00107765
0 0 0.16543 0 0.184766 0.00104046
0 0 0.127637 0 0.18457 0.00103188
0 0.460059 0.510938 0.711133 0.771875 0.959473
0 0.710547 0.910937 0.197656 0.178125 0.00309944
0 0.666406 0.923437 0.21875 0.153125 0.00259018
0 0.429688 0.232031 0.366406 0.171875 0.00139904
0 0.726562 0.632422 0.2375 0.507031 0.00134563
1 0.457422 0.507031 0.722656 0.764063 0.00125504
0 0.458203 0.507129 0.736719 0.748242 0.842285
1 0.476172 0.506641 0.697656 0.749219 0.072876
0 0.730078 0.6625 0.244531 0.5625 0.00209045
0 0.714063 0.692187 0.31875 0.559375 0.00130463
0 0.719531 0.564062 0.253125 0.660937 0.00102806
1 0.463379 0.503906 0.729492 0.751562 0.65332
0 0.4625 0.500391 0.732813 0.750781 0.246582
1 0.466406 0.394629 0.726562 0.504492 0.0150757
0 0.466406 0.394629 0.726562 0.504492 0.00378036
0 0.705859 0.722656 0.300781 0.539062 0.00265312
0 0.683203 0.630078 0.338281 0.577344 0.00168133
0 0.648438 0.653906 0.390625 0.471875 0.00161648
0 0.204346 0.833594 0.382715 0.332812 0.00153065
0 0.785937 0.443652 0.428125 0.664258 0.00150108
0 0.663672 0.339258 0.328906 0.480859 0.00143814
0 0.372266 0.864258 0.578906 0.271484 0.00141621
1 0.785937 0.443652 0.428125 0.664258 0.00136662
0 0.825781 0.501465 0.348437 0.662695 0.00129986
1 0.702734 0.679688 0.307031 0.546875 0.00126457
0 0.658594 0.735547 0.448438 0.519531 0.00125504
0 0.627734 0.316846 0.389844 0.378027 0.00123501
0 0.169336 0.796094 0.336328 0.404687 0.00119686
1 0.689062 0.725 0.385938 0.542188 0.00117874
1 0.825781 0.501465 0.348437 0.662695 0.0011425
0 0.706641 0.385156 0.283594 0.575781 0.0011034
0 0.609766 0.258008 0.455469 0.249609 0.00106907
0 0.122461 0.457031 0.242969 0.714063 0.00106525
0 0.758984 0.728906 0.482031 0.528125 0.00104046
1 0.663672 0.339258 0.328906 0.480859 0.00103188
0 0.377344 0.937109 0.598437 0.125781 0.00102425
0 0.466797 0.507812 0.730469 0.734375 0.839844
1 0.466016 0.507422 0.717969 0.741406 0.126831
0 0.00463867 0.928516 0.00927734 0.142969 0.0049057
0 0.721094 0.648438 0.239063 0.475 0.00390053
1 0.7 0.627734 0.2875 0.494531 0.0026722
0 0.657422 0.6625 0.352344 0.446875 0.00222588
0 0.671875 0.584473 0.339063 0.537305 0.00181007
0 0 0.960156 0 0.0796875 0.00150681
0 0.103882 0.613281 0.061377 0.110156 0.00150108
0 0.00466309 0.0446289 0.00932617 0.0892578 0.00143242
1 0.657422 0.6625 0.352344 0.446875 0.00141621
1 0.00463867 0.946875 0.00927734 0.10625 0.00135612
0 0.141797 0.400781 0.0539063 0.0960938 0.00118828
0 0.685938 0.38125 0.265625 0.509375 0.00111198
0 0.8875 0.386719 0.115625 0.0484375 0.00110722
0 0.635938 0.313477 0.357812 0.365234 0.00104046
0 0.0046875 0.682031 0.009375 0.24375 0.00103188
0 0.612109 0.26875 0.391406 0.260938 0.00101662
0 0.4875 0.511328 0.728125 0.767969 0.856445
0 0.285547 0.552734 0.199219 0.166406 0.210815
0 0.241797 0.555078 0.325 0.165625 0.201172
0 0.28125 0.49375 0.4125 0.196875 0.196167
0 0.285547 0.535156 0.292969 0.174219 0.176147
0 0.224609 0.584766 0.304688 0.174219 0.115784
0 0.296094 0.435547 0.365625 0.216406 0.0806274
0 0.178516 0.563281 0.210938 0.159375 0.0570679
0 0.432031 0.440527 0.864062 0.598633 0.0383911
0 0.205469 0.534375 0.220313 0.184375 0.0369873
0 0.48125 0.794531 0.807813 0.179688 0.035553
1 0.427344 0.509766 0.854688 0.758594 0.0315552
0 0.185156 0.603906 0.221094 0.210938 0.0278015
1 0.28125 0.49375 0.4125 0.196875 0.0275879
1 0.285547 0.535156 0.292969 0.174219 0.0264587
0 0.313086 0.336377 0.381641 0.356934 0.0187683
1 0.285547 0.552734 0.199219 0.166406 0.0175171
0 0.453125 0.739844 0.784375 0.285937 0.0171814
0 0.414453 0.34707 0.70625 0.380078 0.012291
0 0.187939 0.654297 0.235059 0.263281 0.00981903
0 0.41875 0.466309 0.8375 0.229883 0.00967407
0 0.269531 0.492969 0.298438 0.209375 0.00941467
1 0.296094 0.435547 0.365625 0.216406 0.00894928
1 0.414453 0.34707 0.70625 0.380078 0.00664139
1 0.41875 0.466309 0.8375 0.229883 0.00658798
1 0.431641 0.403223 0.863281 0.538867 0.006073
0 0.376465 0.35293 0.508008 0.353516 0.00530243
0 0.417969 0.528125 0.835938 0.167187 0.00473785
0 0.430371 0.7875 0.72207 0.234375 0.00468063
1 0.313086 0.336377 0.381641 0.356934 0.00400543
0 0.542188 0.75625 0.59375 0.25625 0.00331116
0 0.445312 0.623047 0.803125 0.547656 0.00319672
1 0.417969 0.528125 0.835938 0.167187 0.00288963
0 0.31582 0.735937 0.476172 0.284375 0.00245285
0 0.230664 0.675781 0.299609 0.282813 0.00240517
0 0.485059 0.682031 0.776758 0.395312 0.00234222
0 0.723828 0.660156 0.228906 0.432813 0.00219917
1 0.228467 0.585156 0.300098 0.189063 0.00214005
0 0.386328 0.42666 0.529688 0.27168 0.00213242
0 0.303125 0.482031 0.436719 0.257031 0.00211525
0 0.6375 0.696875 0.390625 0.365625 0.00199509
0 0.243555 0.732813 0.347266 0.295312 0.00186729
1 0.241797 0.555078 0.325 0.165625 0.00156116
1 0.723828 0.660156 0.228906 0.432813 0.00138855
1 0.18418 0.564844 0.221094 0.182031 0.00125504
0 0.258984 0.618359 0.469531 0.433594 0.00124931
1 0.376465 0.35293 0.508008 0.353516 0.00110722
1 0.654297 0.646484 0.375781 0.457031 0.00102806
0 0.469141 0.503906 0.730469 0.753125 0.564941
1 0.47334 0.508984 0.714258 0.755469 0.44458
0 0.635938 0.279248 0.36875 0.308691 0.00226021
1 0.635938 0.279248 0.36875 0.308691 0.00119686
0 0.465625 0.504687 0.734375 0.75 0.682617
1 0.465723 0.505371 0.72793 0.751758 0.286865
0 0.625391 0.285547 0.385156 0.301562 0.00542831
0 0.719141 0.660156 0.236719 0.44375 0.00415039
0 0.682031 0.639453 0.309375 0.477344 0.00296974
0 0.562891 0.254297 0.544531 0.235156 0.00283432
1 0.625391 0.285547 0.385156 0.301562 0.00282288
0 0.655078 0.335547 0.336719 0.428125 0.00214005
1 0.562891 0.254297 0.544531 0.235156 0.00168705
1 0.719141 0.660156 0.236719 0.44375 0.0015974
1 0.682031 0.639453 0.309375 0.477344 0.00130939
0 0.481641 0.235938 0.700781 0.198828 0.00106525
1 0.655078 0.335547 0.336719 0.428125 0.00105667
1 0.481641 0.235938 0.700781 0.198828 0.00104046
1 0.463281 0.503906 0.728125 0.751562 0.653809
0 0.4625 0.500391 0.732813 0.750781 0.245117
1 0.466309 0.395996 0.726758 0.506445 0.0155411
0 0.466309 0.395996 0.726758 0.506445 0.00390053
0 0.70625 0.723047 0.3 0.539844 0.00264168
0 0.683594 0.630078 0.3375 0.577344 0.00168705
0 0.647656 0.653906 0.390625 0.471875 0.00162315
0 0.785742 0.443652 0.428516 0.664258 0.00151253
0 0.204492 0.833594 0.382422 0.332812 0.00150108
0 0.664062 0.339258 0.328125 0.480859 0.00144386
0 0.372461 0.864453 0.578516 0.271094 0.00142097
1 0.785742 0.443652 0.428516 0.664258 0.00138283
0 0.825 0.501562 0.35 0.664062 0.00130463
1 0.703125 0.679688 0.30625 0.546875 0.00126457
0 0.658984 0.735547 0.447656 0.519531 0.00125504
0 0.627734 0.317187 0.389844 0.378125 0.00122547
0 0.169434 0.796094 0.336133 0.404687 0.00118351
1 0.689844 0.725 0.385938 0.542188 0.00117874
1 0.825 0.501562 0.35 0.664062 0.00115108
0 0.707031 0.385156 0.282813 0.575781 0.00109863
0 0.122461 0.456934 0.242578 0.714258 0.00108147
0 0.608984 0.258203 0.455469 0.25 0.00105667
0 0.758984 0.728906 0.482031 0.528125 0.00104046
1 0.664062 0.339258 0.328125 0.480859 0.00104046
0 0.377344 0.937109 0.598437 0.125781 0.00101662
0 0.939844 0.546191 0.120312 0.663867 0.00100803
