1 0.428125 0.509375 0.653906 0.875 0.588867
1 0.535156 0.508594 0.441406 0.882812 0.365723
1 0.412891 0.454297 0.525781 0.558594 0.0861816
1 0.592969 0.517187 0.348437 0.823438 0.0495911
1 0.476953 0.474219 0.503125 0.692187 0.0284424
0 0.421094 0.554688 0.623438 0.79375 0.0161591
0 0.510156 0.501562 0.478125 0.896875 0.0113754
0 0.412891 0.454297 0.525781 0.558594 0.00723267
1 0.419434 0.362061 0.41582 0.375879 0.00418091
0 0.476953 0.474219 0.503125 0.692187 0.00294685
1 0.875781 0.425098 0.248437 0.799805 0.00214958
0 0.875781 0.425098 0.248437 0.799805 0.00179577
0 0.592969 0.517187 0.348437 0.823438 0.00179577
1 0.627734 0.57959 0.278906 0.69707 0.00156116
1 0.329297 0.499219 0.464063 0.828125 0.00152493
1 0.478125 0.358984 0.449219 0.585156 0.00150108
0 0.543359 0.104883 0.452344 0.209766 0.00143242
1 0.846875 0.352148 0.282813 0.580859 0.00129986
1 0.667969 0.507031 0.440625 0.882812 0.0012846
0 0.880664 0.3375 0.238672 0.534375 0.00123501
0 0.846875 0.352148 0.282813 0.580859 0.0012207
0 0.465234 0.100098 0.49375 0.200195 0.00121593
0 0.419434 0.362061 0.41582 0.375879 0.00112915
1 0.465234 0.100098 0.49375 0.200195 0.0011158
1 0.543359 0.104883 0.452344 0.209766 0.00106525
1 0.829883 0.424219 0.308984 0.770312 0.00106049
1 0.623828 0.717969 0.283594 0.414062 0.00101662
1 0.415625 0.527344 0.698438 0.714063 0.867676
0 0.415625 0.527344 0.698438 0.714063 0.0588989
1 0.417578 0.544922 0.467969 0.750781 0.108215
1 0.577734 0.544141 0.360156 0.755469 0.0278015
1 0.498437 0.550391 0.492969 0.766406 0.0266571
1 0.419141 0.455371 0.394531 0.55957 0.0126266
0 0.90625 0.900781 0.04375 0.145313 0.0046463
0 0.12627 0.965625 0.252539 0.06875 0.00397491
0 0.392188 0.691406 0.0546875 0.126563 0.00379562
0 0.773047 0.962891 0.372656 0.0742188 0.00327301
0 0.194141 0.216992 0.215625 0.157031 0.00305176
0 0 0.936719 0 0.126563 0.00293541
0 0.388672 0.832812 0.15625 0.26875 0.00292397
0 0.0166748 0.0139648 0.0333496 0.0279297 0.00277901
0 0.891406 0.9625 0.217187 0.075 0.00273705
0 0 0.910937 0 0.178125 0.00273705
0 0.843945 0.962109 0.312109 0.0757812 0.00273705
0 0.299609 0.962891 0.371094 0.0742188 0.0027256
1 0.619141 0.497266 0.299219 0.624219 0.00271416
0 0.00532227 0.00654297 0.0106445 0.0130859 0.0026722
1 0.415234 0.698438 0.0796875 0.276563 0.00248146
1 0.397559 0.683984 0.0798828 0.266406 0.00245285
0 0.373437 0.963281 0.373437 0.0734375 0.00239754
1 0.543359 0.454297 0.38125 0.551562 0.00234222
0 0 0.0462891 0 0.0925781 0.00234222
0 0.572266 0.833008 0.180469 0.255859 0.00224304
0 0.599609 0.963281 0.369531 0.0734375 0.00219917
0 0.698438 0.964453 0.371875 0.0710938 0.00218201
1 0.504687 0.649219 0.115625 0.3125 0.00216484
0 0.5 0.964063 0.371875 0.071875 0.00215721
0 0.224561 0.962891 0.368066 0.0742188 0.00214005
1 0.308984 0.542578 0.444531 0.755469 0.00209045
0 0.917188 0.896094 0.053125 0.110937 0.00208282
0 0.00487061 0.932031 0.00974121 0.135937 0.00206757
1 0.385547 0.829883 0.138281 0.268359 0.0020504
1 0.479297 0.647656 0.0960938 0.303125 0.00188255
1 0.572266 0.833008 0.180469 0.255859 0.00183105
0 0.836719 0.811719 0.1375 0.259375 0.0017271
0 0 0.151855 0 0.186133 0.00166798
0 0.709766 0.895312 0.059375 0.09375 0.00158501
1 0.640625 0.548047 0.135937 0.324219 0.00156116
0 0.258789 0.0804688 0.278516 0.160938 0.00153065
0 0.89375 0.896875 0.04375 0.13125 0.00151253
1 0.567187 0.627734 0.135937 0.321094 0.00151253
0 0 0.114624 0 0.185986 0.00143242
0 0.720312 0.890625 0.0578125 0.10625 0.00142097
1 0.538281 0.625391 0.129688 0.322656 0.00142097
0 0 0.340234 0 0.184375 0.00136662
0 0 0.0849609 0 0.169922 0.00135612
0 0 0.377734 0 0.184375 0.00134563
1 0.196924 0.217139 0.171777 0.156348 0.00134087
1 0.599219 0.498535 0.1 0.32168 0.00133514
0 0.106055 0.0987305 0.212109 0.197461 0.00133038
0 0 0.30293 0 0.184766 0.00131512
0 0 0.0660156 0 0.132031 0.00131512
0 0 0.678125 0 0.184375 0.00129986
0 0.423828 0.320312 0.2875 0.267969 0.00128937
0 0 0.215625 0 0.183594 0.00126457
0 0 0.640625 0 0.184375 0.00126457
0 0 0.265234 0 0.184375 0.00122547
0 0 0.565625 0 0.184375 0.00121593
0 0 0.415723 0 0.18418 0.00121593
0 0 0.790625 0 0.184375 0.00121117
0 0.546875 0.825 0.15625 0.239063 0.00120163
0 0 0.603125 0 0.184375 0.00119209
0 0 0.715625 0 0.184375 0.00118828
0 0.415234 0.698438 0.0796875 0.276563 0.00117874
0 0 0.878125 0 0.184375 0.00116539
0 0 0.753125 0 0.184375 0.00116062
0 0 0.453223 0 0.18418 0.00116062
1 0.507031 0.355664 0.167187 0.304297 0.00116062
0 0.746094 0.889063 0.0484375 0.10625 0.00113773
0 0 0.490625 0 0.184375 0.00112438
0 0.00484619 0.880469 0.00969238 0.160938 0.00112438
0 0 0.951953 0 0.0960938 0.0011158
0 0 0.528125 0 0.184375 0.0011158
0 0 0.828125 0 0.184375 0.00109005
0 0.0737793 0.329297 0.12627 0.299219 0.00105667
0 0.504687 0.649219 0.115625 0.3125 0.00103664
1 0.546875 0.825 0.15625 0.239063 0.00102425
1 0.423828 0.320312 0.2875 0.267969 0.00102425
0 0.397559 0.683984 0.0798828 0.266406 0.00102425
1 0.501562 0.599609 0.0984375 0.330469 0.00101662
1 0.428125 0.562109 0.70625 0.778906 0.829102
0 0.422266 0.563672 0.699219 0.782031 0.043457
0 0.37666 0.842969 0.151367 0.210938 0.0115967
0 0.227393 0.619531 0.188184 0.209375 0.0086441
0 0.17793 0.216211 0.160156 0.131641 0.00559998
0 0.557031 0.842969 0.18125 0.21875 0.00502014
0 0.262305 0.748047 0.174609 0.197656 0.00391388
0 0.386816 0.322656 0.238867 0.240625 0.00335121
0 0.190186 0.616406 0.158691 0.225 0.00299263
1 0.37666 0.842969 0.151367 0.210938 0.00225258
0 0.820117 0.839844 0.128516 0.198437 0.00223351
0 0.0678711 0.0998047 0.131445 0.176172 0.00216484
0 0.376465 0.346875 0.195508 0.244531 0.00210762
0 0.536816 0.815625 0.462305 0.235938 0.00205803
1 0.227393 0.619531 0.188184 0.209375 0.0018177
0 0.817187 0.867188 0.13125 0.125 0.00174141
0 0.595312 0.713672 0.349219 0.442969 0.0017004
0 0.527734 0.749219 0.480469 0.371875 0.0017004
0 0.419922 0.815625 0.703906 0.232812 0.00161076
0 0.244922 0.639063 0.173828 0.21875 0.00157356
0 0.0613281 0.339063 0.113281 0.198437 0.00148964
0 0.259766 0.438379 0.159375 0.193555 0.00143814
0 0.676562 0.707031 0.223438 0.4625 0.00135612
0 0.394531 0.982031 0.535937 0.0359375 0.00126934
0 0.208594 0.640625 0.179688 0.225 0.0012598
0 0.609375 0.842188 0.208594 0.184375 0.00117874
1 0.419922 0.815625 0.703906 0.232812 0.00115108
0 0.597266 0.80625 0.339063 0.259375 0.0011158
0 0.533984 0.844531 0.146094 0.185937 0.00107765
0 0.417871 0.347656 0.211133 0.245312 0.00105667
0 0.945312 0.0588379 0.109375 0.117676 0.00100803
1 0.438379 0.55625 0.688867 0.757812 0.907227
0 0.421777 0.557031 0.70957 0.759375 0.0102081
0 0.641406 0.688281 0.282813 0.496875 0.00256157
1 0.850195 0.489844 0.299609 0.903125 0.00250244
1 0.766406 0.503906 0.44375 0.898438 0.0015974
1 0.903125 0.510156 0.19375 0.873438 0.00153065
1 0.425 0.786719 0.73125 0.38125 0.00152493
0 0.850195 0.489844 0.299609 0.903125 0.0014782
0 0.982031 0.534766 0.0359375 0.727344 0.00146675
1 0.498437 0.175586 0.85 0.351172 0.00143814
0 0.903125 0.510156 0.19375 0.873438 0.0012846
1 0.414062 0.865039 0.74375 0.269922 0.00113392
1 0.982031 0.534766 0.0359375 0.727344 0.0011158
0 0.435937 0.945312 0.620313 0.109375 0.00109863
1 0.641406 0.688281 0.282813 0.496875 0.00106049
0 0.512109 0.1875 0.844531 0.375 0.00102425
1 0.510938 0.296875 0.784375 0.59375 0.00101662
1 0.429004 0.542285 0.770117 0.749805 0.898926
0 0.429004 0.542285 0.770117 0.749805 0.00800323
1 0.584375 0.722656 0.385938 0.434375 0.00305176
0 0.598437 0.726953 0.36875 0.428906 0.00266266
1 0.75625 0.480859 0.317187 0.647656 0.00266266
1 0.38584 0.7625 0.586133 0.353125 0.00228691
0 0.85 0.668359 0.235938 0.544531 0.00225258
0 0.692187 0.711719 0.389062 0.465625 0.00217438
1 0.76875 0.432422 0.4 0.688281 0.0020504
1 0.85 0.668359 0.235938 0.544531 0.00201035
1 0.255078 0.698047 0.414844 0.480469 0.00190449
0 0.75625 0.480859 0.317187 0.647656 0.0018034
1 0.474219 0.725391 0.603125 0.428906 0.00172043
1 0.518652 0.56084 0.550195 0.750195 0.0017004
0 0.804492 0.671875 0.284766 0.55625 0.00165462
0 0.838281 0.433984 0.323438 0.697656 0.00164223
1 0.725391 0.375781 0.432031 0.675781 0.00156689
1 0.816992 0.703906 0.247266 0.473437 0.00156689
1 0.692187 0.711719 0.389062 0.465625 0.00154877
0 0.630566 0.739844 0.543555 0.425 0.00154305
1 0.748438 0.569922 0.410937 0.682031 0.00151253
1 0.838281 0.433984 0.323438 0.697656 0.00148964
1 0.720312 0.294141 0.534375 0.588281 0.00148964
0 0.93125 0.441406 0.1375 0.676562 0.00139904
0 0.748438 0.569922 0.410937 0.682031 0.00133514
1 0.80625 0.534277 0.360938 0.695508 0.00129414
0 0.787305 0.383594 0.416016 0.684375 0.00126457
0 0.634375 0.669531 0.326562 0.55625 0.00126457
0 0.452734 0.7625 0.669531 0.348437 0.00123501
0 0.15625 0.525879 0.253906 0.707617 0.00119686
1 0.630566 0.739844 0.543555 0.425 0.00117397
0 0.223047 0.700781 0.353906 0.471875 0.00115108
0 0.932813 0.682813 0.134375 0.514063 0.00113392
1 0.634375 0.669531 0.326562 0.55625 0.00112915
0 0.80625 0.534277 0.360938 0.695508 0.00109863
1 0.93125 0.441406 0.1375 0.676562 0.00109005
1 0.469531 0.542871 0.820312 0.768945 0.842285
0 0.459473 0.560156 0.798242 0.757812 0.0623169
0 0.00463867 0.928906 0.00927734 0.142188 0.00481033
0 0.00469971 0.893359 0.00939941 0.213281 0.00443268
1 0.610156 0.785156 0.320312 0.309375 0.00443268
0 0.610156 0.785156 0.320312 0.309375 0.00344276
0 0.00458984 0.0402344 0.00917969 0.0804688 0.00307465
0 0.640625 0.721875 0.270312 0.43125 0.00260162
0 0.908594 0.9125 0.0375 0.046875 0.00254059
1 0.532812 0.817969 0.467969 0.2375 0.00253105
1 0.175 0.708203 0.273438 0.446094 0.00219154
1 0.219141 0.737109 0.35625 0.400781 0.00211525
1 0.640625 0.721875 0.270312 0.43125 0.00204277
1 0.417578 0.814062 0.717969 0.24375 0.00199509
0 0.904688 0.925 0.0625 0.040625 0.00183868
0 0.532812 0.817969 0.467969 0.2375 0.0017271
0 0.175 0.708203 0.273438 0.446094 0.00156116
0 0.932813 0.9125 0.06875 0.0453125 0.00143242
1 0.269727 0.7125 0.465234 0.454688 0.00142097
1 0.869531 0.498828 0.25625 0.736719 0.00140476
0 0 0.935156 0 0.129688 0.00139427
1 0.00458984 0.946484 0.00917969 0.107031 0.00131512
0 0 0.973047 0 0.0539063 0.00131512
0 0.398828 0.686328 0.0671875 0.0882813 0.00130939
0 0.219141 0.737109 0.35625 0.400781 0.00126934
1 0.592578 0.726562 0.419531 0.435937 0.00125504
1 0.372656 0.751172 0.620313 0.386719 0.00116062
1 0.197852 0.637109 0.301172 0.497656 0.00115108
0 0.907812 0.901563 0.034375 0.0515625 0.00109005
0 0.592578 0.726562 0.419531 0.435937 0.00105667
1 0.79707 0.769531 0.268359 0.35625 0.00105286
0 0.00478516 0.672656 0.00957031 0.25 0.00101662
1 0.442969 0.547656 0.809375 0.764063 0.787109
0 0.442969 0.547656 0.809375 0.764063 0.055603
1 0.452246 0.806055 0.637695 0.266016 0.0115051
1 0.6 0.800781 0.346875 0.279687 0.00978088
0 0.6 0.800781 0.346875 0.279687 0.00891876
0 0.452246 0.806055 0.637695 0.266016 0.00834656
1 0.579687 0.75 0.3875 0.375 0.00570679
0 0.579687 0.75 0.3875 0.375 0.00402451
1 0.417188 0.749609 0.723437 0.377344 0.00362206
0 0.657812 0.748828 0.235938 0.377344 0.00291252
1 0.657812 0.748828 0.235938 0.377344 0.00240517
1 0.459375 0.835156 0.8625 0.207813 0.00152493
0 0.0532227 0.98125 0.106445 0.0375 0.00148964
1 0.678223 0.44834 0.62793 0.49082 0.00133038
0 0.417188 0.749609 0.723437 0.377344 0.00127888
1 0.434766 0.551465 0.721094 0.770508 0.887695
0 0.444629 0.55791 0.745117 0.77168 0.033783
0 0.622656 0.682031 0.307813 0.501562 0.00153637
1 0.622656 0.682031 0.307813 0.501562 0.00139427
1 0.434375 0.556641 0.75 0.763281 0.905762
0 0.613281 0.764844 0.326562 0.346875 0.00570679
0 0.434375 0.556641 0.75 0.763281 0.00548935
1 0.601562 0.766016 0.342969 0.344531 0.00455475
0 0.608594 0.818945 0.328125 0.240234 0.0039444
0 0.646094 0.696094 0.257812 0.475 0.0030632
1 0.639063 0.729688 0.273438 0.409375 0.00279999
1 0.608594 0.818945 0.328125 0.240234 0.00235939
0 0.596875 0.711328 0.353125 0.446094 0.00198746
1 0.214795 0.754687 0.350879 0.359375 0.00161076
1 0.441406 0.798633 0.71875 0.274609 0.00148392
1 0.537402 0.564062 0.495508 0.721875 0.00137806
0 0.214795 0.754687 0.350879 0.359375 0.00118351
0 0.436328 0.810156 0.696094 0.25 0.00102043
1 0.290234 0.778906 0.453906 0.31875 0.00102043
1 0.429004 0.542188 0.770117 0.75 0.899902
0 0.429004 0.542188 0.770117 0.75 0.00821686
1 0.584375 0.721875 0.385938 0.435937 0.00293541
1 0.75625 0.48125 0.317187 0.648438 0.00266266
0 0.598437 0.726562 0.36875 0.429688 0.00261116
0 0.85 0.668359 0.235938 0.544531 0.00228691
1 0.385938 0.7625 0.584375 0.353125 0.00226021
0 0.694531 0.711719 0.385938 0.465625 0.00220871
1 0.767969 0.432422 0.4 0.688281 0.00203514
1 0.85 0.668359 0.235938 0.544531 0.00201988
1 0.255078 0.697656 0.414062 0.479688 0.00189686
0 0.75625 0.48125 0.317187 0.648438 0.0018034
1 0.519141 0.560254 0.549219 0.751367 0.00173378
1 0.474609 0.725 0.602344 0.429688 0.00169373
0 0.804688 0.671875 0.282813 0.55625 0.00168133
0 0.838086 0.433594 0.323828 0.698438 0.0016613
1 0.817383 0.703906 0.246484 0.473437 0.00157928
1 0.694531 0.711719 0.385938 0.465625 0.00156689
1 0.725 0.375781 0.43125 0.676562 0.00154877
0 0.632715 0.739844 0.54082 0.425 0.00154305
1 0.748828 0.569531 0.410156 0.682813 0.0015192
1 0.838086 0.433594 0.323828 0.698438 0.00149536
1 0.720312 0.294531 0.534375 0.589063 0.00148392
0 0.93125 0.441504 0.1375 0.676367 0.00141048
0 0.748828 0.569531 0.410156 0.682813 0.00134563
1 0.80625 0.534277 0.360938 0.69707 0.0012846
0 0.635156 0.669531 0.326562 0.55625 0.00127411
0 0.7875 0.383984 0.415625 0.685156 0.00126457
0 0.453223 0.761719 0.668555 0.35 0.0012207
0 0.15625 0.525781 0.253906 0.707812 0.00119686
1 0.776563 0.638281 0.35 0.635938 0.00117874
0 0.223242 0.700781 0.353516 0.471875 0.00117397
1 0.632715 0.739844 0.54082 0.425 0.0011692
0 0.932813 0.683203 0.134375 0.514844 0.00115108
1 0.635156 0.669531 0.326562 0.55625 0.00113392
0 0.80625 0.534277 0.360938 0.69707 0.0011034
1 0.93125 0.441504 0.1375 0.676367 0.00109863
0 0.379297 0.782812 0.574219 0.31875 0.00100803
