1 0.510938 0.507812 0.748438 0.945312 0.788574
0 0.510938 0.507812 0.748438 0.945312 0.35498
1 0.586719 0.435156 0.576563 0.832812 0.212769
1 0.535059 0.34082 0.658008 0.657422 0.0382385
0 0.586719 0.435156 0.576563 0.832812 0.0303802
0 0.535059 0.34082 0.658008 0.657422 0.0105667
1 0.703125 0.474219 0.482812 0.885938 0.00534439
1 0.585254 0.268359 0.531055 0.499219 0.0053215
1 0.778906 0.465625 0.407813 0.910937 0.00397491
0 0.585254 0.268359 0.531055 0.499219 0.00279999
1 0.882031 0.453125 0.235938 0.896875 0.00231361
0 0.703125 0.474219 0.482812 0.885938 0.00225258
0 0.778906 0.465625 0.407813 0.910937 0.00187492
0 0.902734 0.435547 0.194531 0.772656 0.00178909
0 0.882031 0.453125 0.235938 0.896875 0.00141048
1 0.512402 0.299414 0.69082 0.598828 0.00132465
1 0.500391 0.255078 0.602344 0.510156 0.00117397
0 0.500391 0.255078 0.602344 0.510156 0.00104809
0 0.907031 0.348828 0.185937 0.561719 0.00100422
0 0.5125 0.523828 0.859375 0.952344 0.714844
1 0.5125 0.523828 0.859375 0.952344 0.345215
1 0.879297 0.514844 0.241406 0.970312 0.00311089
1 0.924219 0.516406 0.151562 0.967188 0.00138855
0 0.879297 0.514844 0.241406 0.970312 0.00131512
1 0.505859 0.5125 0.849219 0.942187 0.79248
1 0.596094 0.50625 0.58125 0.903125 0.619629
0 0.516406 0.507031 0.885938 0.923437 0.0502319
1 0.374609 0.507812 0.578906 0.9375 0.0268555
0 0.221631 0.942187 0.296582 0.115625 0.0145035
0 0.870313 0.976953 0.259375 0.0460938 0.014389
0 0.596094 0.50625 0.58125 0.903125 0.0120544
0 0.810156 0.94375 0.378125 0.1125 0.0105667
0 0.301758 0.939062 0.343359 0.121875 0.00831604
1 0.668359 0.504687 0.408594 0.878125 0.00815582
0 0.901563 0.975 0.196875 0.05 0.00812531
1 0.185107 0.826367 0.0688477 0.319141 0.00743103
1 0.221631 0.942187 0.296582 0.115625 0.00706482
0 0.185107 0.826367 0.0688477 0.319141 0.0069046
0 0.253516 0.954687 0.336719 0.090625 0.0069046
0 0.964063 0.846875 0.05625 0.125 0.00682449
0 0.746094 0.938281 0.345313 0.123438 0.00656509
0 0.430859 0.9375 0.322656 0.125 0.00629044
1 0.870313 0.976953 0.259375 0.0460938 0.00595856
0 0.130957 0.938281 0.261914 0.123438 0.00564194
0 0.171777 0.93125 0.29082 0.1375 0.00538635
0 0.380078 0.942187 0.346875 0.115625 0.00519943
0 0.816016 0.960938 0.367969 0.078125 0.00468063
1 0.810156 0.94375 0.378125 0.1125 0.00391388
0 0.00484619 0.933984 0.00969238 0.132031 0.00382423
0 0.582812 0.933984 0.346875 0.132031 0.00345612
0 0.914062 0.960938 0.171875 0.078125 0.00309944
0 0.503027 0.932813 0.350195 0.134375 0.00305176
1 0.301758 0.939062 0.343359 0.121875 0.00291252
0 0.675781 0.9375 0.3625 0.125 0.00277901
1 0.171777 0.93125 0.29082 0.1375 0.00271416
0 0.219092 0.984766 0.158691 0.0304688 0.00263214
1 0.405859 0.942187 0.326562 0.115625 0.00259018
1 0.253516 0.954687 0.336719 0.090625 0.00258064
0 0.873438 0.984375 0.159375 0.03125 0.00251198
0 0.940625 0.973828 0.06875 0.0523437 0.00251198
1 0.901563 0.975 0.196875 0.05 0.00245285
0 0.651563 0.861719 0.10625 0.276563 0.00237846
1 0.751172 0.761719 0.103906 0.289062 0.00230598
1 0.130957 0.938281 0.261914 0.123438 0.00228691
1 0.746094 0.938281 0.345313 0.123438 0.00227928
0 0 0.501953 0 0.183594 0.00222588
1 0.314844 0.622656 0.130469 0.285937 0.00221634
0 0.907812 0.972656 0.075 0.0546875 0.00221634
1 0.173438 0.796094 0.0808594 0.307813 0.00219917
0 0 0.702344 0 0.184375 0.00216484
0 0 0.0849121 0 0.169824 0.00214958
0 0.00703125 0.0125 0.0140625 0.025 0.00213242
0 0.839063 0.973828 0.0875 0.0523437 0.00212479
0 0 0.602344 0 0.184375 0.00209999
0 0.751172 0.761719 0.103906 0.289062 0.0020504
0 0 0.853125 0 0.182812 0.00200272
1 0.651563 0.861719 0.10625 0.276563 0.00198746
0 0.17168 0.983203 0.144141 0.0335938 0.0019722
0 0 0.415527 0 0.181445 0.00196457
0 0.0871094 0.9125 0.174219 0.175 0.00196457
0 0.314844 0.622656 0.130469 0.285937 0.00194931
0 0 0.739844 0 0.184375 0.00190449
0 0 0.115405 0 0.184814 0.00186729
0 0 0.944531 0 0.110937 0.00186729
0 0 0.665625 0 0.183594 0.00185299
0 0.942969 0.984375 0.114063 0.03125 0.00183868
1 0.816016 0.960938 0.367969 0.078125 0.00183868
0 0.895312 0.972266 0.075 0.0554687 0.00183105
0 0 0.378027 0 0.18457 0.00182438
1 0.882812 0.478906 0.190625 0.848437 0.00181007
1 0.567969 0.757812 0.0890625 0.317187 0.00178909
0 0.964063 0.928516 0.071875 0.142969 0.00173378
0 0 0.265234 0 0.185156 0.0017271
0 0.331055 0.863672 0.116016 0.272656 0.0017271
0 0 0.340625 0 0.185156 0.0017271
0 0 0.153149 0 0.184717 0.00171375
0 0.591406 0.00463867 0.173438 0.00927734 0.00171375
0 0 0.30293 0 0.184766 0.00171375
0 0 0.788867 0 0.184766 0.00170708
0 0 0.22793 0 0.184766 0.00170708
0 0 0.453906 0 0.182031 0.0017004
0 0 0.540625 0 0.184375 0.0017004
0 0.738281 0.926562 0.1125 0.139062 0.00168705
0 0.916406 0.984375 0.167187 0.03125 0.00168133
1 0.331055 0.863672 0.116016 0.272656 0.00167465
0 0 0.0598633 0 0.119727 0.00162888
0 0.516406 0.00334473 0.164062 0.00668945 0.0015974
0 0 0.190039 0 0.184766 0.00159168
0 0.394141 0.984375 0.157031 0.03125 0.00158501
1 0.144531 0.882812 0.0878906 0.234375 0.00158501
0 0.626562 0.00400391 0.183594 0.00800781 0.00156116
0 0.0349365 0.013623 0.069873 0.0272461 0.00156116
0 0.9625 0.867188 0.0578125 0.134375 0.00156116
0 0.567969 0.757812 0.0890625 0.317187 0.00154877
1 0.457129 0.934375 0.349805 0.13125 0.00152493
0 0.473437 0.00407715 0.1875 0.0081543 0.0015192
0 0.0667969 0.52959 0.10625 0.323633 0.00151253
0 0.288086 0.984375 0.156641 0.03125 0.00150681
0 0 0.890625 0 0.184375 0.00148964
1 0.125781 0.882617 0.096875 0.234766 0.00148392
0 0.00501709 0.402344 0.0100342 0.174219 0.0014782
0 0.144922 0.9125 0.09375 0.165625 0.00147247
0 0.789844 0.984375 0.160938 0.03125 0.00146675
0 0.929688 0.974219 0.103125 0.0515625 0.00146103
0 0.344531 0.984375 0.159375 0.03125 0.00145531
0 0 0.917969 0 0.164062 0.00143814
0 0.314648 0.983594 0.161328 0.0328125 0.00141048
0 0.916406 0.808594 0.053125 0.123438 0.00138855
0 0.144629 0.983203 0.138867 0.0335938 0.00135612
0 0.974219 0.843359 0.0515625 0.313281 0.00133514
1 0.0667969 0.52959 0.10625 0.323633 0.00129986
0 0.557031 0.00361328 0.165625 0.00722656 0.00129414
0 0.114844 0.952344 0.0519531 0.0953125 0.0012846
0 0.116211 0.984375 0.141016 0.03125 0.0012846
1 0.3375 0.628125 0.142969 0.29375 0.0012846
1 0.144922 0.9125 0.09375 0.165625 0.0012846
0 0.972656 0.976562 0.0546875 0.046875 0.00127411
0 0.101953 0.942187 0.0529297 0.115625 0.00126457
0 0.173438 0.796094 0.0808594 0.307813 0.00124931
0 0.961719 0.967969 0.0546875 0.0640625 0.00124454
0 0.774219 0.960156 0.0546875 0.0796875 0.00123501
0 0.17583 0.82207 0.0639648 0.127734 0.00123501
0 0.351758 0.00341797 0.177734 0.00683594 0.00122547
0 0.441406 0.983594 0.165625 0.0328125 0.00122547
0 0.0891602 0.983594 0.139844 0.0328125 0.00121593
1 0.555859 0.931641 0.347656 0.136719 0.00119686
0 0.315234 0.00336914 0.174219 0.00673828 0.00118828
0 0.925 0.917188 0.0625 0.1125 0.00117397
0 0.3375 0.628125 0.142969 0.29375 0.0011692
0 0.93125 0.975781 0.0734375 0.0484375 0.00116539
0 0.823438 0.985156 0.171875 0.0296875 0.00115585
1 0.851562 0.717188 0.090625 0.28125 0.0011425
0 0.750391 0.960938 0.0695312 0.078125 0.00113773
1 0.195508 0.983984 0.150781 0.0320312 0.00113392
0 0.965625 0.822656 0.053125 0.142188 0.00112438
0 0.971875 0.8375 0.05625 0.140625 0.00112438
0 0.178711 0.914062 0.123438 0.1625 0.0011158
1 0.239453 0.795313 0.126563 0.30625 0.00109005
0 0.251758 0.00332031 0.172266 0.00664063 0.00108147
0 0.714063 0.983984 0.170312 0.0320312 0.00107288
0 0.853125 0.972656 0.110937 0.0546875 0.00107288
0 0.140015 0.00324707 0.167627 0.00649414 0.00105667
0 0.469531 0.983594 0.163281 0.0328125 0.00105286
0 0.589453 0.984375 0.175 0.03125 0.00104046
0 0.878125 0.972656 0.090625 0.0546875 0.00104046
0 0.144531 0.882812 0.0878906 0.234375 0.00103664
0 0.786719 0.959375 0.0515625 0.08125 0.00103664
0 0.216211 0.0032959 0.167187 0.0065918 0.00103188
0 0.663281 0.00388184 0.182812 0.00776367 0.00101185
1 0.824219 0.858008 0.0953125 0.240234 0.00100803
0 0.91875 0.974219 0.075 0.0515625 0.00100803
1 0.520312 0.510547 0.834375 0.978906 0.601074
0 0.51875 0.507422 0.885938 0.960156 0.38208
0 0.187549 0.806055 0.0702148 0.119141 0.0111618
0 0.29375 0.623438 0.0796875 0.109375 0.0068512
1 0.187549 0.806055 0.0702148 0.119141 0.00538635
0 0.306641 0.623438 0.1125 0.120312 0.00510025
0 0.560938 0.760156 0.1 0.1625 0.00498199
0 0.403906 0.163672 0.194531 0.171094 0.00448608
0 0.7125 0.978516 0.145313 0.0429688 0.00436401
0 0.168359 0.978125 0.11875 0.04375 0.00403976
0 0.306641 0.879687 0.1 0.134375 0.00337601
0 0.664062 0.978516 0.14375 0.0429688 0.00332451
0 0.240234 0.978906 0.134766 0.0421875 0.00288963
0 0.643359 0.890625 0.090625 0.203125 0.00284576
0 0.411719 0.137866 0.203125 0.164893 0.00253105
0 0.517969 0.203467 0.189063 0.20791 0.00236893
0 0.825 0.977344 0.110937 0.0453125 0.00226021
1 0.560938 0.760156 0.1 0.1625 0.00225258
0 0.192139 0.978516 0.135254 0.0429688 0.00220871
0 0.308984 0.904688 0.1 0.16875 0.00212479
0 0.969922 0.850781 0.0601562 0.176563 0.00211525
0 0.129102 0.978125 0.0976562 0.04375 0.00201035
1 0.29375 0.623438 0.0796875 0.109375 0.00196457
0 0.348828 0.978516 0.126563 0.0429688 0.00195694
0 0.370313 0.978906 0.130469 0.0421875 0.00191212
0 0.733594 0.951563 0.1 0.0859375 0.00189686
1 0.306641 0.623438 0.1125 0.120312 0.00182438
0 0.284961 0.978125 0.135547 0.04375 0.0018177
0 0.516406 0.13877 0.201562 0.179102 0.00169373
0 0.319531 0.978125 0.121094 0.04375 0.00167465
0 0.739844 0.753906 0.10625 0.142188 0.00161076
1 0.862695 0.478125 0.258984 0.859375 0.00137806
0 0.0607422 0.544922 0.104687 0.235938 0.00129986
0 0.705469 0.953125 0.108594 0.08125 0.00128937
0 0.272852 0.224023 0.180859 0.21875 0.00128937
0 0.517187 0.979297 0.15625 0.0414063 0.00121117
0 0.940625 0.974219 0.11875 0.0515625 0.00119686
0 0.4875 0.230518 0.178906 0.206934 0.0011425
0 0.172559 0.808594 0.0744141 0.129688 0.00112438
1 0.306641 0.879687 0.1 0.134375 0.00104809
1 0.526172 0.507031 0.811719 0.942187 0.799316
0 0.509375 0.5 0.85625 0.9625 0.147583
1 0.87793 0.4875 0.244141 0.921875 0.00948334
1 0.828711 0.492188 0.342578 0.93125 0.00930023
1 0.975 0.465625 0.05 0.801562 0.00448608
0 0.975 0.465625 0.05 0.801562 0.00199509
0 0.87793 0.4875 0.244141 0.921875 0.00175476
0 0.824609 0.486328 0.350781 0.925781 0.0016489
0 0.733203 0.211133 0.339844 0.385547 0.00100803
1 0.516797 0.488672 0.878906 0.938281 0.809082
0 0.508594 0.474219 0.935938 0.873438 0.191284
1 0.808008 0.494922 0.383984 0.724219 0.00376511
1 0.5 0.3625 0.814062 0.684375 0.00348282
1 0.850391 0.414453 0.299219 0.699219 0.00296974
1 0.229687 0.757812 0.428125 0.478125 0.0024929
1 0.7375 0.750391 0.485938 0.482031 0.00223351
1 0.591016 0.793945 0.521094 0.412109 0.00222588
1 0.935156 0.464063 0.129688 0.671875 0.00221634
1 0.753125 0.261133 0.478125 0.522266 0.00215721
1 0.68125 0.78457 0.54375 0.430859 0.00206757
0 0.850391 0.414453 0.299219 0.699219 0.00197983
1 0.52041 0.759375 0.470117 0.476562 0.00183105
1 0.809375 0.332812 0.38125 0.628125 0.00181007
0 0.761328 0.291016 0.477344 0.582031 0.00163555
0 0.194189 0.760156 0.365527 0.46875 0.00162888
1 0.180518 0.840234 0.0874023 0.319531 0.00162315
0 0.809375 0.332812 0.38125 0.628125 0.00145531
0 0.519629 0.793945 0.513867 0.412109 0.00135136
1 0.456348 0.790625 0.548242 0.41875 0.00127411
0 0.936719 0.422656 0.126563 0.671875 0.00124931
0 0.808008 0.494922 0.383984 0.724219 0.00119686
1 0.980469 0.428516 0.0390625 0.646094 0.00114727
1 0.770312 0.600391 0.435937 0.680469 0.00109863
1 0.910937 0.327734 0.178125 0.617969 0.00107288
0 0.261523 0.785937 0.488672 0.428125 0.00101662
1 0.501172 0.509766 0.953906 0.980469 0.700684
0 0.498437 0.500781 0.965625 0.970312 0.276611
0 0.00476074 0.926953 0.00952148 0.146094 0.0118713
1 0.507812 0.402344 0.878125 0.740625 0.0101318
0 0.00449219 0.942969 0.00898437 0.114063 0.00933838
0 0.00476074 0.411328 0.00952148 0.251563 0.00475693
0 0.00476074 0.892969 0.00952148 0.214062 0.00385475
0 0.00474854 0.0568359 0.00949707 0.113672 0.00312424
0 0.00473633 0.669531 0.00947266 0.24375 0.0030632
0 0.00478516 0.458594 0.00957031 0.246094 0.00294685
0 0.00473633 0.359766 0.00947266 0.25 0.00282288
0 0.00476074 0.845508 0.00952148 0.246484 0.00242424
1 0.17583 0.811719 0.0749023 0.0890625 0.00219154
1 0.190967 0.779688 0.350098 0.396875 0.0020504
1 0.00449219 0.942969 0.00898437 0.114063 0.00192642
0 0.00463867 0.619922 0.00927734 0.24375 0.00176811
0 0.00466309 0.782031 0.00932617 0.24375 0.0017271
0 0.00474854 0.0853516 0.00949707 0.170703 0.00171375
0 0.83418 0.983594 0.162891 0.0328125 0.0016489
1 0.00476074 0.926953 0.00952148 0.146094 0.00164223
0 0.00469971 0.719141 0.00939941 0.242969 0.00161076
0 0.158008 0.983594 0.140234 0.0328125 0.00160408
0 0.00473633 0.534375 0.00947266 0.248437 0.00157356
0 0.0224121 0.991406 0.0448242 0.0171875 0.00143242
0 0.00469971 0.307813 0.00939941 0.244531 0.00138855
0 0.195312 0.984375 0.148438 0.03125 0.00135612
0 0 0.972266 0 0.0554687 0.00132465
0 0.728125 0.976562 0.148438 0.046875 0.00130463
0 0.266016 0.984375 0.146875 0.03125 0.00127888
0 0.00473633 0.109375 0.00947266 0.21875 0.00126934
0 0.719922 0.207813 0.357031 0.3625 0.00125504
0 0.0418945 0.992188 0.0837891 0.015625 0.00124454
0 0.169434 0.992188 0.148633 0.015625 0.00122547
0 0.318359 0.982813 0.10625 0.034375 0.00121593
0 0.35 0.984375 0.154687 0.03125 0.00119686
1 0.819531 0.430859 0.346875 0.700781 0.00117397
1 0.64209 0.982422 0.562695 0.0351562 0.00115108
0 0.00467529 0.244531 0.00935059 0.242188 0.0011425
0 0.00469971 0.144531 0.00939941 0.243359 0.00113392
0 0.320312 0.984375 0.157813 0.03125 0.00113392
1 0.177344 0.829687 0.0777344 0.0875 0.00113392
0 0.835938 0.991406 0.173438 0.0171875 0.00112438
0 0.775 0.984375 0.117188 0.03125 0.00112438
0 0.745703 0.984375 0.167969 0.03125 0.00112438
0 0 0.412598 0 0.135742 0.0011158
0 0.965625 0.851562 0.059375 0.103125 0.00110722
1 0.719922 0.207813 0.357031 0.3625 0.00109863
0 0.117603 0.992188 0.128076 0.015625 0.00109005
0 0.396777 0.984375 0.158008 0.03125 0.00106049
1 0.748438 0.239844 0.364062 0.449219 0.00104046
0 0.753125 0.983594 0.117188 0.0328125 0.00103188
1 0.169727 0.802344 0.0855469 0.110937 0.00102806
0 0.183154 0.976562 0.136035 0.046875 0.00102425
1 0.776758 0.362891 0.437109 0.622656 0.00102425
0 0.694531 0.984375 0.167187 0.03125 0.00102425
0 0 0.437109 0 0.135156 0.00102043
0 0 0.724609 0 0.135156 0.00100803
1 0.521094 0.500781 0.9 0.942187 0.620605
0 0.505078 0.496484 0.955469 0.939844 0.427246
1 0.529297 0.840625 0.941406 0.314063 0.00259018
1 0.675293 0.801367 0.649414 0.359766 0.0024147
1 0.749219 0.314258 0.501562 0.546484 0.00135612
1 0.571875 0.879687 0.85625 0.240625 0.00131512
1 0.787695 0.407031 0.412109 0.639063 0.00130463
1 0.630566 0.980078 0.688867 0.0398437 0.00113392
1 0.733203 0.752344 0.533594 0.401563 0.00104809
1 0.467187 0.791992 0.920313 0.400391 0.00104427
1 0.551465 0.172168 0.71582 0.28457 0.00102425
1 0.523438 0.509375 0.875 0.98125 0.82666
0 0.515625 0.503125 0.890625 0.975 0.175537
0 0.744922 0.196924 0.314844 0.365527 0.00204277
1 0.863281 0.482031 0.26875 0.876562 0.00192642
1 0.744922 0.196924 0.314844 0.365527 0.00168705
1 0.788281 0.247266 0.298438 0.451562 0.00160408
0 0.788281 0.247266 0.298438 0.451562 0.00150108
1 0.820312 0.360547 0.301562 0.663281 0.00111198
1 0.517187 0.517969 0.9 0.964063 0.790039
0 0.496484 0.504687 0.938281 0.95625 0.175537
0 0.744141 0.216016 0.330469 0.372656 0.00492477
1 0.73125 0.19668 0.34375 0.341797 0.00366402
0 0.698438 0.183008 0.360938 0.300391 0.00335121
1 0.769531 0.238281 0.34375 0.434375 0.00313568
0 0.78125 0.268359 0.3375 0.457031 0.00201988
1 0.82832 0.445312 0.324609 0.720312 0.00191879
1 0.800781 0.301562 0.346875 0.535156 0.00145531
1 0.689062 0.167969 0.36875 0.28125 0.00106525
0 0.00531006 0.948828 0.0106201 0.102344 0.00101662
1 0.763672 0.462598 0.438281 0.743555 0.00100803
1 0.517187 0.488672 0.878125 0.938281 0.805664
0 0.509375 0.474219 0.934375 0.873438 0.196167
1 0.807813 0.495215 0.384375 0.725195 0.00382423
1 0.5 0.362891 0.814062 0.685156 0.00355148
1 0.850195 0.414746 0.299609 0.700195 0.0029583
1 0.229297 0.757422 0.428125 0.478906 0.00244331
1 0.7375 0.750391 0.484375 0.482031 0.00223351
1 0.935156 0.464063 0.129688 0.671875 0.00221634
1 0.591406 0.793945 0.520312 0.412109 0.00220871
1 0.753516 0.261328 0.477344 0.522656 0.00214958
1 0.681641 0.784375 0.541406 0.43125 0.00204277
0 0.850195 0.414746 0.299609 0.700195 0.00198746
1 0.808984 0.333203 0.382031 0.628906 0.00181007
1 0.52041 0.759375 0.468555 0.476562 0.00179577
0 0.761328 0.291211 0.477344 0.582422 0.00164223
0 0.194189 0.760156 0.365527 0.470313 0.00163555
1 0.180664 0.839648 0.0871094 0.320703 0.00161076
0 0.808984 0.333203 0.382031 0.628906 0.00145531
0 0.520215 0.793945 0.511133 0.412109 0.00135136
0 0.936719 0.422559 0.126563 0.67207 0.00125504
1 0.457422 0.790625 0.546094 0.41875 0.00124454
0 0.807813 0.495215 0.384375 0.725195 0.00121593
1 0.980469 0.428906 0.0390625 0.646875 0.00114727
1 0.770703 0.600391 0.435156 0.682031 0.0011158
1 0.910547 0.32832 0.178906 0.618359 0.00108147
0 0.261523 0.785937 0.487891 0.428125 0.00102425
