0 0.605078 0.527734 0.563281 0.596094 0.864746
0 0.496094 0.515625 0.753125 0.576563 0.359375
1 0.513184 0.525098 0.717383 0.593555 0.126831
1 0.628125 0.530078 0.520312 0.592969 0.00881195
0 0.619434 0.412598 0.520508 0.356055 0.00769424
0 0.644531 0.474902 0.490625 0.461133 0.00564194
0 0.508691 0.426465 0.713867 0.39082 0.00358009
0 0.415527 0.825391 0.487695 0.349219 0.00142097
1 0.415527 0.825391 0.487695 0.349219 0.00121593
0 0.503027 0.535156 0.79707 0.628125 0.865234
1 0.503027 0.535156 0.79707 0.628125 0.0403748
0 0.628516 0.53584 0.539844 0.59082 0.725586
0 0.500781 0.537598 0.825 0.601367 0.520508
1 0.500781 0.537598 0.825 0.601367 0.0834351
1 0.603906 0.536816 0.578125 0.598242 0.0621033
0 0.881836 0.975781 0.236328 0.0484375 0.0249939
0 0.134473 0.976562 0.268945 0.046875 0.0158997
0 0.8 0.977344 0.373437 0.0453125 0.0142822
0 0.727344 0.976562 0.373437 0.046875 0.00709534
1 0.881836 0.975781 0.236328 0.0484375 0.00561905
0 0.276611 0.977344 0.36709 0.0453125 0.00503922
0 0.653906 0.976562 0.371875 0.046875 0.00453949
0 0.180566 0.976562 0.361133 0.046875 0.00432968
1 0.134473 0.976562 0.268945 0.046875 0.00359344
0 0 0.0476562 0 0.0953125 0.00356483
1 0.8 0.977344 0.373437 0.0453125 0.00351143
0 0 0.936328 0 0.127344 0.00331116
0 0.385938 0.699609 0.229687 0.225781 0.00329781
0 0.579687 0.975 0.36875 0.05 0.00325966
0 0.0154297 0.0158203 0.0308594 0.0316406 0.00298119
0 0.35332 0.975781 0.370703 0.0484375 0.00284576
0 0 0.290234 0 0.186719 0.00279999
0 0.00488281 0.932031 0.00976562 0.135937 0.00275803
0 0.00527344 0.0105713 0.0105469 0.0211426 0.00271416
0 0 0.414746 0 0.186133 0.00268364
0 0 0.115039 0 0.186719 0.00264168
0 0 0.240039 0 0.186328 0.00263214
0 0 0.910156 0 0.179688 0.00259018
0 0 0.352539 0 0.186328 0.00259018
0 0 0.839844 0 0.185937 0.00253105
0 0 0.765234 0 0.186719 0.00251198
0 0 0.614844 0 0.185937 0.00251198
0 0 0.0665527 0 0.133105 0.0024929
0 0 0.477734 0 0.185937 0.0024929
0 0 0.190039 0 0.185937 0.00242424
0 0 0.702344 0 0.185937 0.0024147
0 0 0.0853516 0 0.170703 0.00237846
0 0 0.577344 0 0.185937 0.00236893
0 0 0.539844 0 0.185937 0.00234985
0 0 0.152148 0 0.186328 0.00229645
0 0.946875 0.970312 0.103125 0.059375 0.00228691
0 0.452734 0.971875 0.375781 0.05625 0.00223351
0 0.896094 0.970312 0.207813 0.059375 0.00222588
0 0.960938 0.96875 0.078125 0.0625 0.00221634
0 0 0.652344 0 0.185937 0.00214958
0 0.101758 0.945703 0.203516 0.108594 0.00213242
1 0.385938 0.699609 0.229687 0.225781 0.00211525
0 0 0.802344 0 0.185937 0.00206757
0 0.879492 0.907812 0.241016 0.0875 0.00194168
0 0 0.877344 0 0.185937 0.00183868
0 0.953906 0.915625 0.084375 0.103125 0.0018177
0 0.326953 0.0041626 0.185156 0.00832519 0.00168705
0 0.954687 0.847656 0.078125 0.103125 0.0016613
0 0.0683594 0.496094 0.0712891 0.0953125 0.00163555
0 0.96875 0.166699 0.0625 0.0935547 0.00162888
0 0.289648 0.00426025 0.184766 0.00852051 0.00156689
1 0.727344 0.976562 0.373437 0.046875 0.00155449
0 0.914844 0.982031 0.170312 0.0359375 0.00154305
0 0.935547 0.957422 0.128906 0.0851562 0.00154305
0 0.760938 0.982031 0.209375 0.0359375 0.00150681
0 0.305469 0.678906 0.221875 0.217187 0.00146103
0 0.678125 0.00354004 0.172656 0.00708008 0.00144386
0 0.215039 0.0043457 0.182422 0.00869141 0.00141048
0 0.809375 0.98125 0.2125 0.0375 0.00138855
0 0.389844 0.00383301 0.180469 0.00766602 0.00137234
0 0.957031 0.101953 0.075 0.1 0.00135136
0 0.251611 0.00426025 0.18584 0.00852051 0.00135136
0 0.00489502 0.0287598 0.00979004 0.0575195 0.00131512
0 0 0.951563 0 0.096875 0.00126457
0 0.934375 0.982813 0.13125 0.034375 0.00124454
0 0.0912109 0.982031 0.182422 0.0359375 0.00123978
1 0.164844 0.496875 0.106641 0.311719 0.00122547
0 0.885938 0.982031 0.210938 0.0359375 0.00119686
0 0.428027 0.00369873 0.175195 0.00739746 0.00118828
0 0.971094 0.982813 0.0578125 0.034375 0.00118828
0 0.639844 0.00339355 0.180469 0.00678711 0.00115108
0 0.182471 0.00419922 0.170215 0.00839844 0.00113773
0 0.966016 0.413672 0.0679687 0.0976562 0.0011158
0 0.954687 0.0429199 0.084375 0.0858398 0.00108147
0 0.710938 0.982031 0.207813 0.0359375 0.00105286
0 0.14541 0.00380859 0.160742 0.00761719 0.00104809
0 0.957812 0.236719 0.071875 0.1 0.00104046
0 0.467187 0.00351562 0.170312 0.00703125 0.00102425
0 0.499219 0.532031 0.810938 0.6 0.944336
0 0.890625 0.976562 0.1875 0.046875 0.0166626
0 0.892187 0.9125 0.18125 0.078125 0.00746155
0 0.847656 0.976562 0.195312 0.046875 0.00677109
0 0.769922 0.976562 0.185156 0.046875 0.00624084
0 0.0619141 0.976562 0.123828 0.046875 0.00559998
0 0.719922 0.976562 0.178906 0.046875 0.00426483
0 0.494141 0.410937 0.794531 0.365625 0.00395966
0 0.678125 0.851562 0.204688 0.08125 0.00356483
0 0.934375 0.975391 0.13125 0.0492188 0.00255013
0 0.869531 0.778125 0.182812 0.08125 0.00230598
0 0.889063 0.928125 0.190625 0.0953125 0.00213242
0 0.892187 0.965625 0.178125 0.06875 0.00188923
0 0.090332 0.976953 0.175586 0.0460938 0.00178242
0 0.669922 0.91875 0.207031 0.0875 0.00176811
0 0.782031 0.612891 0.253125 0.414844 0.00170708
0 0.817187 0.84375 0.18125 0.0875 0.0017004
0 0.721875 0.849219 0.210938 0.084375 0.00161076
0 0.668359 0.976953 0.184375 0.0460938 0.00158501
0 0.667969 0.622266 0.389062 0.414844 0.00150108
0 0.942187 0.0371582 0.115625 0.0743164 0.00150108
0 0.889063 0.771094 0.18125 0.0953125 0.00143814
0 0.971875 0.686328 0.05625 0.135156 0.00141048
0 0.214648 0.616406 0.176172 0.15 0.00137806
0 0.214062 0.977344 0.165625 0.0453125 0.00134087
0 0.625781 0.919531 0.21875 0.0890625 0.00125504
0 0.973828 0.764453 0.0523437 0.132031 0.00123024
0 0.398828 0.496191 0.588281 0.543555 0.00121593
0 0.972266 0.7125 0.0554687 0.146875 0.00120163
0 0.63125 0.857031 0.160938 0.0734375 0.0011692
0 0.666797 0.739844 0.478906 0.278125 0.00115108
0 0.956641 0.0384766 0.0867188 0.0769531 0.00115108
0 0.413281 0.344141 0.357812 0.203125 0.00109863
0 0.694531 0.8 0.45625 0.170312 0.00109482
0 0.971875 0.640234 0.05625 0.153125 0.00107765
0 0.860937 0.842188 0.179688 0.084375 0.00106907
0 0.235156 0.635156 0.195312 0.171875 0.00106525
0 0.971875 0.519531 0.05625 0.151562 0.00104809
0 0.972656 0.566797 0.0546875 0.153125 0.00104427
0 0.166211 0.977344 0.172266 0.0453125 0.00100803
0 0.972266 0.6125 0.0554687 0.149219 0.00100803
0 0.513184 0.541406 0.756445 0.603125 0.936523
1 0.508496 0.531641 0.76582 0.599219 0.0129242
0 0.978906 0.588672 0.0421875 0.499219 0.00102043
0 0.701953 0.400879 0.405469 0.438867 0.00101662
0 0.497656 0.530371 0.795313 0.58457 0.828613
1 0.506641 0.532031 0.811719 0.610937 0.111023
0 0.757031 0.660156 0.304688 0.507812 0.00257111
0 0.718359 0.623438 0.383594 0.4125 0.0017271
1 0.757031 0.660156 0.304688 0.507812 0.00118351
0 0.732422 0.432422 0.385156 0.502344 0.00101662
0 0.5 0.530469 0.80625 0.589063 0.93457
1 0.505566 0.537109 0.79668 0.600781 0.00898743
0 0.00466309 0.927344 0.00932617 0.145313 0.00812531
0 0.00458984 0.944922 0.00917969 0.110156 0.00641251
0 0.00471191 0.05625 0.00942383 0.1125 0.00538635
0 0.00463867 0.268555 0.00927734 0.236328 0.00314713
0 0.00466309 0.218359 0.00932617 0.236328 0.00288963
0 0.00465088 0.467969 0.00930176 0.236719 0.00282288
0 0.00466309 0.405859 0.00932617 0.238281 0.00279999
0 0.00465088 0.89375 0.00930176 0.2125 0.00277901
0 0.00466309 0.119238 0.00932617 0.238477 0.00277901
0 0.00465088 0.343164 0.00930176 0.237891 0.00257111
0 0.00466309 0.755469 0.00932617 0.2375 0.00254059
0 0.00465088 0.829883 0.00930176 0.237109 0.00250244
0 0.00465088 0.692969 0.00930176 0.2375 0.00234222
0 0.00466309 0.618359 0.00932617 0.235938 0.00233269
0 0.00463867 0.530469 0.00927734 0.2375 0.00209045
0 0.00466309 0.167969 0.00932617 0.235547 0.00194168
0 0 0.0459961 0 0.0919922 0.00190449
0 0.00463867 0.0882813 0.00927734 0.176563 0.00189686
0 0.688281 0.629687 0.409375 0.415625 0.00188255
0 0.789844 0.628125 0.229687 0.39375 0.00182438
0 0 0.960156 0 0.0796875 0.00176811
1 0.00458984 0.944922 0.00917969 0.110156 0.00164223
0 0.698047 0.682031 0.378906 0.304688 0.00138283
1 0.403125 0.981641 0.80625 0.0367187 0.00137234
1 0.00466309 0.927344 0.00932617 0.145313 0.00136662
0 0.755469 0.664062 0.303125 0.375 0.00136662
1 0.584473 0.98125 0.626367 0.0375 0.00129986
0 0 0.935156 0 0.129688 0.0012064
0 0.403125 0.981641 0.80625 0.0367187 0.00118828
0 0 0.4375 0 0.135156 0.00115108
0 0.584473 0.98125 0.626367 0.0375 0.00115108
0 0 0.8625 0 0.135937 0.00113773
0 0 0.0588867 0 0.117773 0.00113392
0 0 0.325 0 0.135156 0.00112915
0 0 0.799805 0 0.134766 0.00109005
0 0 0.275 0 0.135156 0.00108624
0 0 0.15 0 0.135547 0.00107288
0 0 0.375 0 0.135156 0.00107288
0 0 0.5 0 0.135156 0.00107288
0 0 0.3 0 0.135156 0.00106525
0 0 0.725 0 0.135937 0.00106525
0 0 0.947656 0 0.104687 0.00106525
1 0.789844 0.628125 0.229687 0.39375 0.00106049
0 0.124316 0.539844 0.0966797 0.04375 0.00101185
0 0.411719 0.400879 0.520312 0.254492 0.723145
0 0.492969 0.422656 0.890625 0.3625 0.609375
0 0.350586 0.376172 0.630078 0.288281 0.595703
0 0.328516 0.414062 0.515625 0.215625 0.488281
0 0.467871 0.657422 0.733008 0.288281 0.386719
0 0.459375 0.370313 0.91875 0.282813 0.291016
0 0.532422 0.688281 0.816406 0.285937 0.237915
0 0.458984 0.575781 0.716406 0.2375 0.215332
0 0.417969 0.615625 0.6125 0.335938 0.17334
0 0.457031 0.597656 0.720312 0.165625 0.157715
0 0.442187 0.597656 0.482812 0.145313 0.150513
0 0.56875 0.596875 0.13125 0.145313 0.113159
0 0.598437 0.750781 0.709375 0.173438 0.0605164
0 0.381641 0.516406 0.541406 0.2875 0.0456848
0 0.34375 0.546875 0.461719 0.365625 0.036499
0 0.467285 0.533594 0.601367 0.21875 0.0297089
1 0.411719 0.400879 0.520312 0.254492 0.0272675
0 0.382812 0.560547 0.580469 0.189844 0.0231018
0 0.475391 0.530469 0.36875 0.225 0.022583
1 0.459375 0.370313 0.91875 0.282813 0.0207214
1 0.442187 0.597656 0.482812 0.145313 0.0189056
0 0.494141 0.614844 0.49375 0.171875 0.0170441
0 0.306592 0.437109 0.388379 0.195312 0.0164032
1 0.492969 0.422656 0.890625 0.3625 0.0149536
1 0.350586 0.376172 0.630078 0.288281 0.0138474
1 0.328516 0.414062 0.515625 0.215625 0.0106125
0 0.486621 0.575 0.281445 0.170312 0.0103683
0 0.386328 0.489062 0.583594 0.204688 0.00905609
1 0.532422 0.688281 0.816406 0.285937 0.0068512
0 0.726562 0.693359 0.3625 0.258594 0.00582123
0 0.638281 0.740625 0.50625 0.170312 0.00538635
0 0.7875 0.652344 0.240625 0.310937 0.00518036
1 0.598437 0.750781 0.709375 0.173438 0.00460815
0 0.514746 0.577734 0.762695 0.16875 0.00460815
1 0.443066 0.590625 0.66543 0.140625 0.00348282
1 0.56875 0.596875 0.13125 0.145313 0.00279999
1 0.411719 0.675 0.610937 0.317187 0.00279045
0 0.33457 0.474609 0.450391 0.264062 0.00247192
1 0.467285 0.533594 0.601367 0.21875 0.00230598
0 0.678516 0.654688 0.461719 0.315625 0.00221634
0 0.788281 0.590625 0.242188 0.346875 0.00208282
0 0.667188 0.714063 0.457812 0.21875 0.00201988
1 0.726562 0.693359 0.3625 0.258594 0.00193405
1 0.7875 0.652344 0.240625 0.310937 0.0018034
1 0.514746 0.577734 0.762695 0.16875 0.00174141
1 0.638281 0.740625 0.50625 0.170312 0.00160408
0 0.61875 0.587109 0.571875 0.372656 0.00144958
0 0.543848 0.505566 0.71543 0.30293 0.0012064
0 0.378809 0.662109 0.536133 0.321094 0.0011425
0 0.608984 0.824219 0.519531 0.167187 0.00112915
0 0.773828 0.539453 0.271094 0.360938 0.00112057
0 0.503516 0.533594 0.782031 0.596875 0.929199
1 0.503516 0.533594 0.782031 0.596875 0.00967407
0 0.503223 0.534277 0.79668 0.59082 0.887207
1 0.505859 0.533496 0.800781 0.601758 0.0608521
0 0.769531 0.630469 0.273438 0.40625 0.00304031
0 0.71875 0.636719 0.348437 0.379687 0.00225258
0 0.596875 0.340039 0.629687 0.208984 0.00181007
1 0.769531 0.630469 0.273438 0.40625 0.00136662
0 0.710547 0.396875 0.380469 0.335938 0.00130939
0 0.675 0.365234 0.43125 0.260156 0.0012064
1 0.596875 0.340039 0.629687 0.208984 0.00108147
1 0.71875 0.636719 0.348437 0.379687 0.00105667
0 0.735547 0.569141 0.341406 0.500781 0.00102425
0 0.497656 0.530078 0.795313 0.585156 0.828613
1 0.506641 0.532031 0.811719 0.610937 0.10968
0 0.757812 0.660156 0.303125 0.507812 0.00259018
0 0.717969 0.623047 0.382812 0.413281 0.0017004
1 0.757812 0.660156 0.303125 0.507812 0.00119209
0 0.732813 0.43291 0.384375 0.50293 0.00101662
