0 0.468848 0.525 0.72168 0.58125 0.930664
0 0.525 0.49209 0.621875 0.461133 0.283691
1 0.468848 0.525 0.72168 0.58125 0.0211182
0 0.556152 0.402246 0.568945 0.320508 0.0166626
0 0.488281 0.381152 0.735937 0.556445 0.00256157
1 0.525 0.49209 0.621875 0.461133 0.00148964
0 0.54375 0.832812 0.526563 0.33125 0.00144958
0 0.474121 0.267578 0.542383 0.535156 0.00101185
0 0.473437 0.5375 0.74375 0.60625 0.898926
1 0.473047 0.5375 0.750781 0.601562 0.0026207
0 0.458496 0.534375 0.775195 0.576563 0.86084
0 0.575879 0.540723 0.545117 0.57793 0.121033
0 0.727344 0.607031 0.0546875 0.104687 0.0134277
1 0.49834 0.538281 0.72832 0.576563 0.0104523
0 0.964063 0.935938 0.059375 0.11875 0.00908661
0 0.972656 0.293164 0.0546875 0.108984 0.008255
0 0.742188 0.608984 0.078125 0.107813 0.008255
0 0.980859 0.229102 0.0382813 0.116797 0.0068512
0 0.965625 0.957031 0.04375 0.0859375 0.00602722
0 0 0.935938 0 0.128125 0.00510025
0 0.71875 0.609766 0.0515625 0.114844 0.00494385
0 0 0.0475586 0 0.0951172 0.00484848
0 0.973437 0.954687 0.046875 0.090625 0.00446701
0 0.965625 0.945312 0.046875 0.109375 0.00415039
0 0.124219 0.938281 0.248437 0.123438 0.00399017
0 0.0174805 0.0151855 0.0349609 0.0303711 0.00397491
0 0.984375 0.218311 0.03125 0.144629 0.0039444
0 0.00554199 0.00942383 0.011084 0.0188477 0.00391388
0 0.00483398 0.932031 0.00966797 0.135937 0.00378036
0 0.960938 0.291797 0.0734375 0.0890625 0.00356483
0 0 0.677734 0 0.186719 0.00356483
0 0.972656 0.230469 0.0546875 0.1 0.00346947
0 0 0.865625 0 0.185937 0.00332451
0 0 0.465234 0 0.186719 0.00323486
0 0 0.427246 0 0.186133 0.00318527
0 0.159277 0.950391 0.318555 0.0992187 0.00313568
0 0 0.640234 0 0.186719 0.00309944
0 0 0.740625 0 0.185937 0.00307465
0 0 0.917188 0 0.165625 0.00304031
0 0 0.803125 0 0.185937 0.00304031
0 0 0.515625 0 0.185937 0.00302696
0 0 0.389746 0 0.186133 0.00300407
0 0.975 0.980469 0.05 0.0390625 0.0029583
0 0 0.352539 0 0.186328 0.00292397
0 0 0.0666016 0 0.133203 0.00286674
0 0 0.290039 0 0.186328 0.00284576
0 0 0.577734 0 0.186719 0.00281143
0 0.103906 0.923828 0.207813 0.152344 0.00277901
0 0.867188 0.938281 0.265625 0.123438 0.00276756
0 0.95625 0.0964844 0.078125 0.0972656 0.00256157
0 0 0.177686 0 0.186816 0.00253105
0 0 0.252295 0 0.186035 0.00250244
0 0.00478516 0.0214844 0.00957031 0.0429688 0.0024929
0 0.969922 0.0407715 0.0601562 0.081543 0.0024929
0 0 0.127319 0 0.186768 0.00247192
0 0 0.0852539 0 0.170508 0.00244331
0 0 0.21543 0 0.186328 0.00243378
0 0.960938 0.871094 0.065625 0.109375 0.00220871
0 0.969141 0.922266 0.0617188 0.155469 0.00219154
0 0.814062 0.591016 0.059375 0.115625 0.00211525
0 0.3625 0.528906 0.517187 0.582812 0.00204277
0 0.778906 0.00424805 0.178125 0.00849609 0.00191212
0 0.829687 0.00430908 0.179688 0.00861816 0.00189686
0 0.775 0.6 0.05 0.09375 0.00187492
0 0.729297 0.00429688 0.178906 0.00859375 0.00184631
0 0.860156 0.941406 0.245312 0.10625 0.00181007
0 0.761719 0.65 0.139062 0.210938 0.00178909
0 0 0.951172 0 0.0976562 0.00178242
0 0.957031 0.801758 0.0734375 0.105859 0.00171375
0 0.970703 0.934375 0.0585938 0.096875 0.0017004
0 0.761719 0.607031 0.071875 0.104687 0.0017004
0 0.616406 0.411816 0.459375 0.316992 0.00167465
0 0.960938 0.0306152 0.078125 0.0612305 0.00166798
0 0.116309 0.985156 0.180273 0.0296875 0.00165462
0 0.865625 0.00405273 0.184375 0.00810547 0.0016489
0 0.921875 0.642578 0.15 0.184375 0.00162315
0 0.801562 0.651563 0.059375 0.10625 0.00160408
0 0.971875 0.935156 0.053125 0.129688 0.00156116
0 0.976562 0.264062 0.046875 0.130469 0.00155449
0 0.957812 0.226172 0.075 0.096875 0.00153637
0 0.270703 0.102734 0.0984375 0.0828125 0.0014782
0 0.953906 0.162891 0.0859375 0.0960938 0.00145531
0 0.957031 0.934375 0.05 0.13125 0.00143814
0 0.942187 0.965625 0.053125 0.06875 0.00137806
0 0.692187 0.00427246 0.178125 0.00854492 0.00132465
0 0.0631836 0.970312 0.126367 0.059375 0.00130939
0 0.825 0.571094 0.053125 0.125 0.00130463
0 0.755469 0.617969 0.0796875 0.101562 0.00129414
0 0.988281 0.954687 0.0234375 0.090625 0.00129414
1 0.00483398 0.932031 0.00966797 0.135937 0.00129414
0 0.885938 0.985156 0.178125 0.0296875 0.0012598
0 0.901563 0.00400391 0.18125 0.00800781 0.00125504
0 0.929688 0.5375 0.140625 0.229687 0.00124931
0 0.967578 0.368359 0.0648438 0.119531 0.00124454
0 0.803125 0.552734 0.0640625 0.114844 0.00124454
0 0.165918 0.985156 0.183008 0.0296875 0.00122547
0 0.641016 0.491797 0.414844 0.475781 0.00122547
0 0.927344 0.984766 0.145313 0.0304688 0.0012207
0 0.775 0.614062 0.135937 0.278125 0.00121593
1 0.726562 0.597656 0.0554687 0.0921875 0.00121117
0 0.0954102 0.00456543 0.170117 0.00913086 0.00119686
0 0.657031 0.00467529 0.171094 0.00935059 0.00117397
0 0.575 0.954687 0.392188 0.090625 0.00116539
0 0.7 0.954297 0.395312 0.0914062 0.00115108
0 0.0753906 0.983594 0.150781 0.0328125 0.0011425
0 0.179736 0.0036377 0.17959 0.00727539 0.00113392
0 0.966406 0.973437 0.0328125 0.053125 0.00112438
0 0.901563 0.948828 0.084375 0.102344 0.00112057
0 0.128345 0.00375977 0.182764 0.00751953 0.00109863
1 0.00554199 0.00942383 0.011084 0.0188477 0.00109005
0 0.957812 0.735156 0.071875 0.10625 0.00106907
0 0.0423828 0.979688 0.0847656 0.040625 0.00106525
1 0.741406 0.607031 0.06875 0.090625 0.00105667
0 0.978125 0.976172 0.0359375 0.0476562 0.00105667
0 0.373047 0.955469 0.389844 0.0890625 0.00105286
0 0.285156 0.0436523 0.090625 0.0833984 0.00104809
0 0.473437 0.957031 0.390625 0.0859375 0.00104809
0 0.203125 0.944531 0.385156 0.110937 0.00103188
0 0.800195 0.596875 0.0964844 0.107813 0.00101185
0 0.465625 0.535547 0.760938 0.591406 0.963867
0 0.307764 0.335352 0.349316 0.191016 0.00734711
0 0.916406 0.548437 0.132812 0.109375 0.00419998
0 0.915625 0.653906 0.13125 0.10625 0.00378036
0 0.758594 0.627344 0.129688 0.1125 0.00340271
0 0.860937 0.94375 0.16875 0.090625 0.0029583
0 0.913281 0.578906 0.1375 0.155469 0.00275803
0 0.969531 0.96875 0.0609375 0.0625 0.00223351
0 0.905469 0.652344 0.15625 0.129688 0.00222588
0 0.978906 0.930469 0.0421875 0.13125 0.00219154
0 0.742969 0.607031 0.0890625 0.0515625 0.00213242
0 0.755469 0.675 0.134375 0.120312 0.00183105
0 0.355469 0.521875 0.525 0.584375 0.00177479
0 0.755078 0.611719 0.138281 0.0453125 0.00174809
0 0.31875 0.522656 0.442187 0.316406 0.00172043
0 0.943359 0.0366211 0.113281 0.0732422 0.00170708
0 0.976562 0.909375 0.046875 0.153125 0.00165462
0 0.957031 0.0380371 0.0859375 0.0760742 0.00158501
0 0.977734 0.947656 0.0445312 0.104687 0.00147247
0 0.959375 0.860156 0.08125 0.0890625 0.00136185
0 0.974609 0.8625 0.0507812 0.134375 0.00133514
0 0.0602539 0.978125 0.120508 0.04375 0.00132465
0 0.886719 0.660156 0.145313 0.104687 0.00131989
0 0.733594 0.603125 0.0726563 0.0539063 0.00129414
0 0.470996 0.334375 0.77207 0.1875 0.00122547
0 0.817187 0.755078 0.165625 0.0976562 0.00119686
0 0.980469 0.288672 0.0390625 0.132812 0.00118351
0 0.0833984 0.978906 0.166797 0.0421875 0.00115108
0 0.973047 0.786719 0.0539063 0.13125 0.00115108
0 0.949219 0.7875 0.101562 0.090625 0.00113773
0 0.974219 0.711328 0.0515625 0.141406 0.00112915
0 0.836133 0.808594 0.158984 0.075 0.00112915
0 0.29082 0.30625 0.241016 0.157813 0.0011034
0 0.716406 0.625 0.307813 0.360938 0.0011034
0 0.843555 0.978906 0.216016 0.0421875 0.00107288
0 0.975391 0.442969 0.0492188 0.146094 0.00107288
0 0.974609 0.413281 0.0507812 0.14375 0.00102425
0 0.294336 0.491797 0.400391 0.527344 0.00101662
0 0.713281 0.453809 0.215625 0.24707 0.00101185
0 0.975781 0.361719 0.0484375 0.13125 0.00100422
0 0.472656 0.538281 0.73125 0.590625 0.947754
1 0.470703 0.530859 0.742969 0.585156 0.00341606
0 0.741406 0.607813 0.0859375 0.0546875 0.00134087
0 0.51875 0.304297 0.654688 0.291406 0.00123501
0 0.471191 0.53291 0.773242 0.574805 0.859375
1 0.471191 0.53291 0.773242 0.574805 0.072876
0 0.677344 0.622266 0.357812 0.432031 0.00127411
0 0.644531 0.544922 0.432813 0.542969 0.00105667
1 0.402734 0.444922 0.353906 0.401563 0.533203
1 0.333984 0.427734 0.489062 0.372656 0.361084
1 0.444922 0.446973 0.814844 0.40293 0.318359
0 0.333984 0.427734 0.489062 0.372656 0.295898
1 0.520215 0.466016 0.63457 0.473437 0.217285
0 0.402734 0.444922 0.353906 0.401563 0.14856
0 0.298633 0.525391 0.406641 0.592969 0.134521
0 0.444922 0.446973 0.814844 0.40293 0.11676
0 0.520215 0.466016 0.63457 0.473437 0.107788
0 0.432813 0.636328 0.671094 0.382031 0.0809326
0 0.394434 0.399609 0.620508 0.333594 0.0403137
0 0.742188 0.610937 0.0828125 0.0453125 0.0358276
0 0.354297 0.667969 0.516406 0.321875 0.0235138
0 0.746484 0.6125 0.139844 0.04375 0.0198669
0 0.730469 0.602344 0.0640625 0.0507812 0.0175781
1 0.394434 0.399609 0.620508 0.333594 0.0155411
0 0.378027 0.511719 0.504883 0.653125 0.0154266
0 0.00471191 0.919531 0.00942383 0.160938 0.0132217
0 0.454688 0.521484 0.80625 0.600781 0.012291
1 0.432813 0.636328 0.671094 0.382031 0.0111618
0 0.00461426 0.947656 0.00922852 0.104687 0.0104065
1 0.298633 0.525391 0.406641 0.592969 0.00937653
0 0.725 0.610937 0.05 0.046875 0.00748825
0 0.439453 0.689844 0.641406 0.275 0.00746155
0 0.741406 0.602344 0.115625 0.05 0.00740433
0 0.00469971 0.0546875 0.00939941 0.109375 0.0069313
1 0.378027 0.511719 0.504883 0.653125 0.005867
0 0.969531 0.934375 0.059375 0.059375 0.0049057
0 0.96875 0.984375 0.0375 0.03125 0.00462723
1 0.454688 0.521484 0.80625 0.600781 0.00438309
0 0.0046875 0.66875 0.009375 0.240625 0.00434875
0 0.967969 0.935938 0.0640625 0.075 0.00421524
1 0.354297 0.667969 0.516406 0.321875 0.00407028
0 0.00467529 0.743359 0.00935059 0.239844 0.00397491
0 0.0046875 0.792969 0.009375 0.239063 0.00376511
0 0.9625 0.936719 0.05 0.053125 0.0037365
0 0.0046875 0.855469 0.009375 0.2375 0.0037365
0 0.957812 0.990625 0.084375 0.01875 0.00367928
0 0.7375 0.594531 0.0890625 0.0578125 0.00356483
1 0.742188 0.610937 0.0828125 0.0453125 0.00345612
0 0 0.960156 0 0.0796875 0.00338936
0 0.00467529 0.44375 0.00935059 0.238281 0.00335121
0 0.0046875 0.281445 0.009375 0.240234 0.00332451
0 0.0046875 0.39375 0.009375 0.239063 0.00327301
0 0.788281 0.601562 0.157813 0.0421875 0.00301552
0 0.951563 0.984375 0.06875 0.03125 0.00292397
0 0.00467529 0.34375 0.00935059 0.239063 0.00286674
0 0.00465088 0.51875 0.00930176 0.239063 0.00277901
0 0.00466309 0.56875 0.00932617 0.239063 0.00274658
0 0.0046875 0.89375 0.009375 0.2125 0.00271416
0 0.585938 0.6625 0.453125 0.325 0.00259018
0 0.960938 0.94375 0.0421875 0.053125 0.00255013
1 0.406348 0.538281 0.226367 0.140625 0.00252151
0 0.00465088 0.0866211 0.00930176 0.173242 0.00245285
0 0.00467529 0.61875 0.00935059 0.240625 0.00243378
0 0.970312 0.942187 0.05 0.05625 0.00243378
1 0.746484 0.6125 0.139844 0.04375 0.00242424
0 0.978125 0.984375 0.0390625 0.03125 0.00242424
0 0.733594 0.600391 0.0734375 0.0648438 0.0024147
0 0.00463867 0.143555 0.00927734 0.237109 0.00234222
1 0.00461426 0.947656 0.00922852 0.104687 0.00232315
0 0 0.0458984 0 0.0917969 0.00230598
0 0.00466309 0.231445 0.00932617 0.240234 0.00225258
0 0.81875 0.592188 0.140625 0.0453125 0.00209999
0 0 0.7125 0 0.134375 0.0020504
0 0.964844 0.991016 0.0703125 0.0179687 0.00201988
1 0.00467529 0.928906 0.00935059 0.142188 0.00200272
0 0.638281 0.628516 0.3625 0.388281 0.00199509
0 0.969531 0.978125 0.0390625 0.0375 0.00196457
0 0 0.947656 0 0.104687 0.00194168
0 0.782031 0.592188 0.0515625 0.046875 0.00181007
0 0 0.6875 0 0.135156 0.00179577
0 0.960938 0.978125 0.059375 0.0375 0.00174141
0 0.989062 0.226562 0.021875 0.0445312 0.00168133
0 0.526563 0.518066 0.564062 0.62168 0.00167465
0 0.989453 0.238281 0.0210938 0.0398437 0.00163555
1 0.730469 0.602344 0.0640625 0.0507812 0.00162888
0 0 0.775 0 0.134375 0.00162315
0 0.80625 0.588281 0.0828125 0.0492188 0.0015974
0 0 0.837305 0 0.134766 0.00156116
0 0 0.9 0 0.134375 0.00156116
0 0.95 0.936719 0.0453125 0.0515625 0.00152493
0 0.970312 0.9625 0.0421875 0.0390625 0.00151253
0 0.0549316 0.991406 0.109863 0.0171875 0.00149536
0 0 0.6625 0 0.135937 0.00148964
0 0.960938 0.964063 0.0390625 0.0375 0.00148964
1 0.439453 0.689844 0.641406 0.275 0.00146103
0 0.745313 0.625781 0.0671875 0.0359375 0.00141048
0 0.7875 0.536719 0.120312 0.05625 0.00139427
0 0 0.3125 0 0.135156 0.00138855
0 0 0.7375 0 0.134375 0.00137806
0 0 0.5 0 0.135156 0.00136662
0 0 0.45 0 0.135156 0.00136662
0 0.645312 0.547266 0.36875 0.558594 0.00136185
0 0 0.475 0 0.135156 0.00126457
0 0.980469 0.225 0.0390625 0.046875 0.00126457
0 0.946875 0.946875 0.040625 0.0484375 0.00126457
0 0.971875 0.287109 0.05625 0.0476562 0.00126457
0 0 0.55 0 0.135937 0.00124454
0 0 0.4125 0 0.135156 0.00124454
0 0 0.6125 0 0.135156 0.00123501
1 0.585938 0.6625 0.453125 0.325 0.00123501
0 0 0.875 0 0.134375 0.00122547
0 0 0.8125 0 0.134375 0.00121593
0 0 0.6375 0 0.135156 0.00117874
0 0 0.3875 0 0.135156 0.00115108
0 0 0.525 0 0.135156 0.00115108
0 0.0852539 0.984375 0.170508 0.03125 0.00115108
0 0 0.3625 0 0.135156 0.00113392
0 0 0.2875 0 0.135156 0.0011158
0 0 0.3375 0 0.135156 0.00110722
0 0 0.0586914 0 0.117383 0.00109482
0 0 0.5875 0 0.135156 0.00109005
0 0 0.935156 0 0.129688 0.00108147
1 0.00469971 0.0546875 0.00939941 0.109375 0.00104809
1 0.741406 0.602344 0.115625 0.05 0.00103188
1 0.665234 0.628906 0.327344 0.385938 0.00102806
1 0.957812 0.990625 0.084375 0.01875 0.00101662
0 0 0.2625 0 0.135937 0.00100803
1 0.725 0.610937 0.05 0.046875 0.00100422
1 0.419531 0.398047 0.20625 0.167187 0.901855
1 0.283008 0.442285 0.206641 0.179492 0.875
1 0.371484 0.391406 0.208594 0.18125 0.870605
1 0.42041 0.426172 0.212305 0.171094 0.788086
1 0.494531 0.405371 0.207813 0.154883 0.78418
1 0.541406 0.430859 0.214844 0.155469 0.762207
1 0.33125 0.415625 0.222656 0.188281 0.759277
1 0.251123 0.480469 0.242285 0.165625 0.753418
1 0.276172 0.414844 0.204688 0.1875 0.600098
1 0.468066 0.428125 0.212305 0.164844 0.525391
1 0.417578 0.36875 0.2125 0.160938 0.486328
1 0.216211 0.503125 0.258984 0.171875 0.464844
1 0.271094 0.400391 0.542188 0.157031 0.453369
1 0.2875 0.40625 0.428125 0.165625 0.323486
1 0.460938 0.388379 0.720312 0.187305 0.318359
1 0.254687 0.525781 0.274219 0.173438 0.309082
1 0.276758 0.651563 0.310547 0.203125 0.288574
1 0.46875 0.373047 0.214844 0.150781 0.252441
1 0.291992 0.571094 0.305078 0.167187 0.234375
1 0.342187 0.364258 0.684375 0.205859 0.217285
1 0.271875 0.429688 0.366406 0.16875 0.203125
1 0.431934 0.329688 0.75957 0.230469 0.191284
1 0.230664 0.4375 0.2125 0.188281 0.189575
1 0.342578 0.368359 0.222656 0.16875 0.168823
1 0.54375 0.401563 0.217187 0.153125 0.144165
1 0.299023 0.385547 0.222266 0.183594 0.133423
1 0.282031 0.645312 0.444531 0.223438 0.129639
1 0.561719 0.446777 0.220313 0.145508 0.0900879
0 0.33125 0.686719 0.384375 0.265625 0.0589905
1 0.33125 0.686719 0.384375 0.265625 0.041687
1 0.179883 0.511328 0.223828 0.182812 0.0403748
1 0.201367 0.458594 0.230859 0.172656 0.0394897
1 0.483203 0.419531 0.669531 0.197656 0.035614
1 0.285889 0.499219 0.281348 0.170312 0.0354004
1 0.355469 0.348242 0.442969 0.203516 0.0347595
0 0.289453 0.583984 0.513281 0.466406 0.0312042
1 0.216992 0.55 0.255859 0.172656 0.0307922
1 0.236719 0.598047 0.233984 0.171094 0.0292053
0 0.282031 0.645312 0.444531 0.223438 0.0277405
0 0.276758 0.651563 0.310547 0.203125 0.0258636
1 0.532422 0.308008 0.819531 0.212891 0.0240479
0 0.394531 0.565527 0.445312 0.558008 0.0145569
1 0.250781 0.387598 0.228906 0.18418 0.0139542
1 0.521484 0.36875 0.226562 0.154687 0.0131226
1 0.289453 0.583984 0.513281 0.466406 0.0125275
1 0.242188 0.652344 0.35625 0.165625 0.0124817
0 0.371289 0.626172 0.341016 0.433594 0.0112457
0 0.502344 0.307422 0.860937 0.214844 0.0105667
1 0.204492 0.574609 0.219141 0.171094 0.0103302
1 0.241064 0.678516 0.336621 0.134375 0.00912476
1 0.322656 0.589453 0.321094 0.153906 0.0088501
1 0.45166 0.350195 0.254492 0.139453 0.00844574
1 0.360938 0.430469 0.244531 0.171875 0.00772476
1 0.34375 0.378125 0.51875 0.245312 0.00712204
1 0.312939 0.546094 0.300684 0.165625 0.00701141
1 0.169922 0.473828 0.314844 0.207031 0.00669098
0 0.256641 0.498437 0.460938 0.221875 0.00651169
0 0.260938 0.540625 0.519531 0.204688 0.00605011
0 0.409766 0.661328 0.421094 0.369531 0.00591278
0 0.169922 0.473828 0.314844 0.207031 0.00511932
1 0.404004 0.354297 0.268555 0.135937 0.00496292
1 0.320703 0.620313 0.341406 0.170312 0.00446701
1 0.278906 0.346094 0.557813 0.373437 0.00380898
0 0.203711 0.438672 0.287891 0.184375 0.0036068
1 0.3875 0.349609 0.540625 0.247656 0.00353813
1 0.320703 0.452734 0.261719 0.171094 0.00340271
1 0.471777 0.309766 0.581445 0.222656 0.00323486
0 0.461719 0.337891 0.728125 0.225 0.00294685
1 0.349805 0.342578 0.562109 0.328125 0.00294685
0 0.213086 0.596875 0.419922 0.428125 0.00282288
1 0.251563 0.396777 0.446094 0.279883 0.00281143
0 0.256836 0.598437 0.513672 0.25625 0.00277901
0 0.686719 0.704687 0.314063 0.239063 0.00276756
1 0.302148 0.645312 0.604297 0.25 0.00254059
0 0.576953 0.753125 0.491406 0.184375 0.00251198
0 0.267969 0.441309 0.450781 0.27832 0.00245285
0 0.302148 0.645312 0.604297 0.25 0.00240517
1 0.371289 0.626172 0.341016 0.433594 0.00230598
1 0.394531 0.565527 0.445312 0.558008 0.00221634
0 0.251563 0.396777 0.446094 0.279883 0.00219917
0 0.256055 0.502344 0.262891 0.170312 0.00215721
1 0.560938 0.467969 0.290625 0.148438 0.00209999
0 0.471777 0.309766 0.581445 0.222656 0.00204277
1 0.686719 0.704687 0.314063 0.239063 0.00201988
0 0.373828 0.702734 0.439844 0.216406 0.00201035
0 0.278906 0.346094 0.557813 0.373437 0.00198746
1 0.256641 0.498437 0.460938 0.221875 0.00191212
0 0.268701 0.401563 0.392285 0.184375 0.00190449
1 0.260938 0.540625 0.519531 0.204688 0.00189686
1 0.576953 0.753125 0.491406 0.184375 0.00189686
0 0.244727 0.647656 0.489453 0.335938 0.00186062
0 0.502734 0.810938 0.529688 0.170312 0.00175476
0 0.271875 0.429688 0.366406 0.16875 0.0017271
1 0.154883 0.487109 0.188672 0.189844 0.00172043
1 0.409766 0.661328 0.421094 0.369531 0.0017004
1 0.502734 0.810938 0.529688 0.170312 0.00167465
1 0.396777 0.49375 0.192383 0.121875 0.00156116
0 0.419629 0.785742 0.593555 0.191016 0.00138855
0 0.666016 0.734375 0.352344 0.21875 0.00138855
1 0.575781 0.392969 0.238281 0.157813 0.00135136
1 0.198437 0.413672 0.229687 0.184375 0.0012846
0 0.665625 0.663672 0.39375 0.296094 0.00126934
0 0.349805 0.342578 0.562109 0.328125 0.00124931
1 0.373828 0.702734 0.439844 0.216406 0.00123501
1 0.419629 0.785742 0.593555 0.191016 0.0012064
0 0.46875 0.751953 0.63125 0.177344 0.00119686
0 0.396875 0.68125 0.56875 0.357812 0.00116539
0 0.258594 0.66875 0.517187 0.460938 0.0011158
0 0.0682129 0.491016 0.136426 0.355469 0.00106907
0 0.498047 0.391406 0.700781 0.183594 0.00106525
0 0.0560547 0.978516 0.112109 0.0429688 0.00106049
0 0.34375 0.378125 0.51875 0.245312 0.00103188
0 0.582812 0.625391 0.560938 0.314844 0.00103188
1 0.601953 0.444434 0.242969 0.139258 0.00102806
1 0.666016 0.734375 0.352344 0.21875 0.00102425
0 0.0471191 0.443066 0.0942383 0.362305 0.00101185
1 0.410059 0.534375 0.211133 0.18125 1
1 0.415625 0.574219 0.210156 0.145313 0.997559
1 0.380078 0.512109 0.232812 0.167969 0.792969
1 0.356641 0.535156 0.222656 0.182812 0.697754
1 0.41875 0.597266 0.226562 0.139062 0.642578
1 0.465723 0.541406 0.238867 0.157813 0.455078
1 0.44375 0.420703 0.790625 0.350781 0.35498
1 0.410547 0.556641 0.177344 0.132031 0.30249
1 0.325 0.517578 0.389062 0.192969 0.295898
1 0.307471 0.557813 0.347559 0.128125 0.132935
0 0.486035 0.418359 0.760742 0.360156 0.120239
1 0.384766 0.408594 0.563281 0.346094 0.106323
1 0.46416 0.570312 0.238867 0.139844 0.102661
1 0.345508 0.55625 0.657422 0.135937 0.0574951
0 0.384766 0.408594 0.563281 0.346094 0.0497742
1 0.456641 0.517969 0.238281 0.14375 0.0467224
0 0.410547 0.556641 0.177344 0.132031 0.0353394
1 0.445312 0.570312 0.115625 0.119531 0.0282135
0 0.302734 0.498437 0.416406 0.282813 0.0217438
0 0.445312 0.570312 0.115625 0.119531 0.0197906
0 0.624219 0.535254 0.451562 0.570117 0.016983
1 0.420703 0.499219 0.234375 0.139062 0.0145569
1 0.344336 0.571094 0.270703 0.120312 0.0135345
0 0.294141 0.548437 0.403906 0.146875 0.0129242
0 0.345508 0.55625 0.657422 0.135937 0.0118713
0 0.344336 0.571094 0.270703 0.120312 0.01017
0 0.449609 0.509375 0.850781 0.515625 0.00993347
0 0.415234 0.577344 0.534375 0.145313 0.00978088
0 0.410059 0.534375 0.211133 0.18125 0.00740433
1 0.415234 0.577344 0.534375 0.145313 0.00664139
1 0.365234 0.588281 0.209375 0.1625 0.00624084
0 0.334375 0.549219 0.478906 0.451562 0.00616837
0 0.390527 0.519531 0.183008 0.15 0.006073
1 0.302734 0.498437 0.416406 0.282813 0.00548935
1 0.449609 0.509375 0.850781 0.515625 0.00439835
0 0.37959 0.567187 0.179883 0.155469 0.00426483
1 0.644531 0.539941 0.4 0.562305 0.00418091
0 0.738281 0.604688 0.065625 0.0546875 0.00388527
0 0.437109 0.518359 0.179688 0.153125 0.00370789
0 0.403809 0.501172 0.186133 0.130469 0.00351143
0 0.358789 0.660937 0.460547 0.328125 0.00237846
0 0.5875 0.587109 0.40625 0.478906 0.00233269
0 0.428906 0.565527 0.471875 0.52207 0.00219917
0 0.728125 0.600781 0.053125 0.0609375 0.00182438
0 0.415625 0.574219 0.210156 0.145313 0.00170708
1 0.396973 0.484375 0.245117 0.146875 0.00167465
0 0.427344 0.685938 0.428125 0.279687 0.00150108
1 0.334375 0.549219 0.478906 0.451562 0.00143242
0 0.576563 0.405566 0.579687 0.318555 0.00141048
0 0.325 0.517578 0.389062 0.192969 0.00126457
0 0.466016 0.510156 0.184375 0.14375 0.00123501
0 0.367773 0.537109 0.183984 0.139844 0.00117874
0 0.757812 0.609766 0.09375 0.046875 0.00116062
1 0.389941 0.553906 0.17168 0.160938 0.00115108
1 0.378516 0.532812 0.182031 0.151562 0.00100422
1 0.4375 0.509375 0.203125 0.16875 1
1 0.277783 0.542969 0.236621 0.173438 1
1 0.347461 0.5375 0.286328 0.15 1
1 0.446875 0.531641 0.24375 0.177344 1
1 0.360742 0.473437 0.226953 0.16875 1
1 0.409375 0.484375 0.207813 0.15 1
1 0.390625 0.444531 0.213281 0.149219 1
1 0.315234 0.464453 0.229687 0.170312 1
1 0.354297 0.44209 0.227344 0.154883 1
1 0.371289 0.557813 0.365234 0.133594 1
1 0.344922 0.573438 0.316406 0.145313 1
1 0.380371 0.5125 0.279883 0.147656 1
1 0.303516 0.516797 0.234375 0.166406 1
1 0.271094 0.508594 0.228125 0.18125 1
1 0.341992 0.5 0.223828 0.169531 1
1 0.297656 0.485938 0.228125 0.177344 1
1 0.370313 0.590625 0.384375 0.115625 0.999512
1 0.291016 0.572266 0.246875 0.166406 0.999023
1 0.421094 0.550781 0.34375 0.158594 0.999023
1 0.326953 0.599219 0.279687 0.145313 0.992676
1 0.475781 0.503125 0.142188 0.171875 0.990234
1 0.253125 0.486719 0.209766 0.178125 0.987305
1 0.391016 0.618359 0.346875 0.11875 0.976074
1 0.274023 0.465625 0.223047 0.1625 0.953613
1 0.295703 0.591016 0.196094 0.159375 0.938965
1 0.487109 0.530469 0.188281 0.190625 0.933105
1 0.45 0.480469 0.201562 0.148438 0.919434
1 0.270312 0.565625 0.174219 0.18125 0.878418
1 0.420312 0.585938 0.358594 0.15 0.817383
0 0.303516 0.516797 0.234375 0.166406 0.695801
1 0.424121 0.625 0.314258 0.179688 0.689453
0 0.322852 0.545313 0.274609 0.164844 0.622559
1 0.353125 0.625391 0.305469 0.1375 0.613281
0 0.335742 0.469531 0.222266 0.169531 0.569824
0 0.341992 0.5 0.223828 0.169531 0.544922
0 0.354297 0.44209 0.227344 0.154883 0.517578
0 0.297656 0.485938 0.228125 0.177344 0.434082
0 0.363281 0.515625 0.278906 0.140625 0.429199
1 0.394531 0.644531 0.283594 0.154687 0.388672
1 0.243018 0.5375 0.178027 0.185937 0.373779
0 0.271094 0.508594 0.228125 0.18125 0.345215
0 0.385156 0.478906 0.21875 0.160938 0.344238
0 0.392578 0.659375 0.641406 0.351562 0.274414
1 0.357617 0.430859 0.274609 0.124219 0.267334
0 0.395312 0.502734 0.227344 0.1625 0.226807
0 0.277783 0.542969 0.236621 0.173438 0.217285
1 0.439453 0.451562 0.228125 0.146875 0.214722
1 0.321875 0.621875 0.214062 0.140625 0.210083
0 0.324219 0.578125 0.282813 0.157813 0.187744
0 0.449316 0.377344 0.732617 0.277344 0.15979
0 0.253857 0.490625 0.18916 0.182812 0.119995
1 0.407813 0.429297 0.250781 0.125781 0.0933228
0 0.276904 0.46709 0.213379 0.19082 0.0755615
1 0.468848 0.571094 0.243555 0.201562 0.0747681
0 0.317187 0.448438 0.240625 0.1375 0.0661011
1 0.507031 0.509375 0.182812 0.195312 0.0541992
1 0.449316 0.377344 0.732617 0.277344 0.0514526
0 0.295703 0.591016 0.196094 0.159375 0.0440063
1 0.457812 0.666797 0.7375 0.344531 0.0430298
1 0.297852 0.607031 0.154297 0.170312 0.0401001
0 0.314258 0.5375 0.424609 0.174219 0.0379028
1 0.501172 0.477344 0.246094 0.170312 0.0268555
0 0.313672 0.541406 0.217187 0.135937 0.0240479
0 0.270312 0.565625 0.174219 0.18125 0.0231476
1 0.299805 0.441309 0.228516 0.200195 0.0227966
0 0.301758 0.377734 0.392578 0.295312 0.0217743
0 0.357617 0.430859 0.274609 0.124219 0.0201721
0 0.360547 0.571484 0.3625 0.121094 0.0195618
0 0.390625 0.444531 0.213281 0.149219 0.0171814
0 0.347266 0.602344 0.325781 0.132812 0.0149536
0 0.258594 0.596094 0.166406 0.204688 0.0137939
1 0.343359 0.669531 0.528906 0.378125 0.0131683
1 0.485156 0.452344 0.203125 0.151562 0.0115051
0 0.299805 0.441309 0.228516 0.200195 0.0109863
1 0.258594 0.596094 0.166406 0.204688 0.0106506
1 0.366016 0.521094 0.196094 0.1375 0.0105667
0 0.489844 0.457031 0.207813 0.142188 0.0085144
0 0.243018 0.5375 0.178027 0.185937 0.00837708
0 0.317383 0.65 0.459766 0.371875 0.00714874
0 0.320508 0.659375 0.182422 0.186719 0.00695801
0 0.467285 0.519922 0.21543 0.0859375 0.00638962
0 0.297656 0.640625 0.160156 0.190625 0.00624084
1 0.30625 0.632031 0.160938 0.153125 0.00614548
1 0.301758 0.377734 0.392578 0.295312 0.00602722
0 0.350977 0.573438 0.504297 0.30625 0.00588989
0 0.238672 0.614062 0.201172 0.25 0.00518036
0 0.389453 0.514063 0.217187 0.0515625 0.00510025
0 0.433496 0.500391 0.195508 0.161719 0.00460815
0 0.477734 0.514844 0.204688 0.117188 0.00439835
0 0.344531 0.601953 0.491406 0.210938 0.0039444
0 0.508203 0.479688 0.210938 0.164062 0.00374985
1 0.442969 0.433203 0.196094 0.135937 0.00359344
0 0.653516 0.435156 0.383594 0.346094 0.00332451
1 0.365234 0.546875 0.185937 0.14375 0.00311089
0 0.263477 0.633203 0.206641 0.182812 0.00307465
0 0.754297 0.607813 0.110156 0.0484375 0.00305176
0 0.402246 0.500781 0.218945 0.05 0.00305176
0 0.517969 0.4625 0.184375 0.139062 0.00302696
1 0.389453 0.514063 0.217187 0.0515625 0.00300407
0 0.386328 0.404687 0.209375 0.2 0.00275803
0 0.321875 0.621875 0.214062 0.140625 0.00271416
0 0.574609 0.394922 0.591406 0.280469 0.0026722
1 0.314258 0.5375 0.424609 0.174219 0.0026207
1 0.475391 0.415527 0.207031 0.126758 0.00243378
0 0.353125 0.625391 0.305469 0.1375 0.00236893
1 0.467285 0.519922 0.21543 0.0859375 0.00225258
0 0.297852 0.607031 0.154297 0.170312 0.00214005
0 0.647266 0.52666 0.402344 0.49668 0.00198746
1 0.335742 0.601562 0.508203 0.251563 0.00183868
0 0.671094 0.622656 0.35625 0.376563 0.00181007
1 0.313672 0.541406 0.217187 0.135937 0.00177479
1 0.496484 0.611328 0.305469 0.267188 0.00164223
1 0.402246 0.500781 0.218945 0.05 0.00162888
1 0.386328 0.404687 0.209375 0.2 0.00162315
0 0.733594 0.601172 0.0734375 0.053125 0.00157356
0 0.238477 0.595703 0.160547 0.251563 0.00150108
1 0.477734 0.514844 0.204688 0.117188 0.00142097
0 0.475391 0.415527 0.207031 0.126758 0.00141621
1 0.504687 0.437402 0.110937 0.139258 0.00132465
0 0.441504 0.516406 0.218555 0.059375 0.00131512
1 0.338281 0.494922 0.676562 0.135937 0.00125504
1 0.472656 0.417578 0.135937 0.129688 0.00121593
1 0.671094 0.622656 0.35625 0.376563 0.00118828
0 0.472656 0.417578 0.135937 0.129688 0.00113773
0 0.504687 0.437402 0.110937 0.139258 0.00113392
0 0.195361 0.614844 0.18584 0.279687 0.00110722
0 0.416406 0.421777 0.232812 0.151758 0.00106049
0 0.389746 0.526172 0.217383 0.0515625 0.00102425
0 0.471484 0.53291 0.772656 0.574805 0.859375
1 0.471484 0.53291 0.772656 0.574805 0.0731812
0 0.677734 0.622266 0.357031 0.432031 0.00127888
0 0.64375 0.544531 0.432813 0.542188 0.00106049
