0 0.446191 0.524219 0.707617 0.865625 0.805664
1 0.44834 0.514063 0.701758 0.853125 0.349609
0 0.476465 0.379297 0.618945 0.610156 0.0714722
1 0.476465 0.379297 0.618945 0.610156 0.0551147
0 0.576563 0.358203 0.523438 0.561719 0.00658798
1 0.576563 0.358203 0.523438 0.561719 0.0045929
0 0.591797 0.278955 0.521094 0.399121 0.00194168
0 0.597656 0.192188 0.526563 0.214453 0.00123024
1 0.591797 0.278955 0.521094 0.399121 0.00102425
0 0.705469 0.490625 0.553125 0.84375 0.00102043
0 0.452441 0.529297 0.713867 0.869531 0.872559
1 0.437891 0.530469 0.705469 0.860937 0.0121002
0 0.431641 0.561719 0.717969 0.83125 0.511719
1 0.438281 0.563281 0.698438 0.832812 0.170288
0 0 0.942969 0 0.114063 0.00307465
0 0.00484619 0.932031 0.00969238 0.135937 0.00279999
0 0.406641 0.975781 0.361719 0.0484375 0.00259018
0 0 0.789258 0 0.183984 0.00185299
0 0.0201172 0.0141846 0.0402344 0.0283691 0.00174141
0 0.303516 0.181299 0.05 0.136621 0.00174141
0 0 0.0467773 0 0.0935547 0.0016613
0 0 0.924219 0 0.151562 0.0015974
0 0 0.0912109 0 0.182422 0.00156689
0 0.351953 0.966406 0.349219 0.0671875 0.00154877
0 0.711328 0.946484 0.342969 0.107031 0.00143242
0 0.00617676 0.0121094 0.0123535 0.0242187 0.00140476
0 0.273828 0.974219 0.385938 0.0515625 0.00138855
0 0 0.0723633 0 0.144727 0.00137806
0 0 0.903125 0 0.184375 0.00134563
0 0 0.127734 0 0.183984 0.00134563
0 0 0.678125 0 0.184375 0.00124454
0 0.972266 0.982031 0.0554687 0.0359375 0.00122547
0 0 0.952344 0 0.0953125 0.00121593
0 0 0.752734 0 0.185156 0.00121593
0 0.907031 0.106055 0.185937 0.212109 0.00119209
0 0 0.165405 0 0.183643 0.00118351
0 0 0.715625 0 0.184375 0.00117874
0 0 0.640625 0 0.184375 0.00116539
0 0.663281 0.970703 0.339063 0.0585938 0.00115585
0 0 0.828125 0 0.18125 0.00112438
0 0 0.86582 0 0.183984 0.00110722
0 0 0.602734 0 0.184375 0.00108147
0 0 0.202734 0 0.183594 0.00107288
0 0.441016 0.984375 0.174219 0.03125 0.00102043
0 0.435547 0.547266 0.697656 0.861719 0.938965
0 0.901563 0.0795898 0.16875 0.155273 0.00284576
1 0.435547 0.547266 0.697656 0.861719 0.00248146
0 0.692969 0.94375 0.173438 0.103125 0.00149536
0 0.705078 0.711719 0.239844 0.495313 0.00133514
0 0.492188 0.423438 0.207813 0.230469 0.00119209
0 0.942187 0.0660156 0.115625 0.132031 0.00113392
0 0.274951 0.469141 0.37666 0.460156 0.00104809
0 0.235205 0.433203 0.295215 0.486719 0.00103188
0 0.436621 0.548437 0.704883 0.870313 0.90332
1 0.436621 0.548437 0.704883 0.870313 0.0276947
0 0.810742 0.470703 0.375391 0.935156 0.00240517
0 0.705859 0.716016 0.292969 0.539844 0.00167465
0 0.160938 0.744922 0.321875 0.510156 0.00132465
0 0.981641 0.444531 0.0367187 0.759375 0.0012846
0 0.14707 0.831836 0.294141 0.336328 0.00119209
0 0.553809 0.950781 0.381445 0.0984375 0.00113773
0 0.888281 0.453125 0.223438 0.895312 0.00102806
0 0.444629 0.548828 0.704492 0.811719 0.860352
1 0.444629 0.548828 0.704492 0.811719 0.0206451
0 0.877344 0.782422 0.245312 0.435156 0.00695801
0 0.136133 0.840234 0.272266 0.319531 0.0068779
0 0.141406 0.774609 0.282813 0.450781 0.0046463
0 0.797656 0.779297 0.38125 0.441406 0.0026722
0 0.837695 0.815234 0.302734 0.369531 0.00242424
0 0.880469 0.841797 0.239063 0.316406 0.00235939
0 0.951953 0.783203 0.0960938 0.433594 0.00194168
0 0.15 0.892969 0.3 0.214062 0.00190449
0 0.199219 0.775391 0.321875 0.449219 0.00182438
0 0.699609 0.741016 0.322656 0.517969 0.00132465
0 0.964063 0.735937 0.071875 0.528125 0.0012598
0 0.737109 0.814648 0.422656 0.370703 0.00123501
0 0.627344 0.739844 0.345313 0.509375 0.00122547
0 0.833594 0.405859 0.33125 0.686719 0.00122547
1 0.877344 0.782422 0.245312 0.435156 0.0012207
0 0.912109 0.705078 0.175781 0.589844 0.00117874
0 0.789062 0.324609 0.384375 0.592969 0.00105286
0 0.865625 0.700781 0.26875 0.598437 0.00102806
0 0.446777 0.546875 0.72207 0.842188 0.914062
0 0.0046875 0.927344 0.009375 0.145313 0.00978088
1 0.446484 0.554297 0.719531 0.838281 0.00740433
0 0.305664 0.17793 0.0476562 0.0636719 0.00436401
0 0.105469 0.597266 0.0558594 0.0945313 0.00236893
0 0.00471191 0.806055 0.00942383 0.231641 0.00204277
0 0.959375 0.937109 0.08125 0.125781 0.00192642
1 0.00452881 0.945703 0.00905762 0.108594 0.00190449
0 0 0.959766 0 0.0804688 0.00189686
0 0.666406 0.721094 0.257812 0.501562 0.00153637
0 0.00473633 0.0557617 0.00947266 0.111523 0.00148964
0 0.11084 0.6125 0.0560547 0.123438 0.00143242
0 0.451465 0.447266 0.726758 0.517969 0.00129414
0 0.0399902 0.992188 0.0799805 0.015625 0.00123501
1 0.00473633 0.91875 0.00947266 0.1625 0.00122547
0 0.00473633 0.892578 0.00947266 0.214844 0.00120163
1 0.666406 0.721094 0.257812 0.501562 0.00104046
0 0.00443115 0.957812 0.0088623 0.084375 0.00102425
0 0.442578 0.560156 0.722656 0.821875 0.897949
1 0.450098 0.54375 0.720117 0.8625 0.00145531
0 0.0459961 0.975781 0.0919922 0.0484375 0.00121593
0 0.452246 0.557813 0.70957 0.8375 0.887207
1 0.452246 0.557813 0.70957 0.8375 0.0252228
0 0.444141 0.555469 0.711719 0.83125 0.911621
1 0.445215 0.541016 0.712695 0.867969 0.00614548
0 0.677344 0.729688 0.242188 0.478125 0.00233269
0 0.614844 0.726562 0.342187 0.49375 0.00166798
1 0.677344 0.729688 0.242188 0.478125 0.00129414
0 0.659766 0.66875 0.274219 0.5875 0.00126457
0 0.444629 0.548437 0.704492 0.8125 0.86084
1 0.444629 0.548437 0.704492 0.8125 0.0200958
0 0.876758 0.782422 0.246484 0.435156 0.00703812
0 0.136133 0.840234 0.272266 0.319531 0.00682449
0 0.141406 0.774609 0.282813 0.450781 0.00462723
0 0.798633 0.779297 0.380859 0.441406 0.0026722
0 0.838281 0.81543 0.301562 0.369141 0.00240517
0 0.880078 0.841797 0.239844 0.316406 0.00234985
0 0.951172 0.783203 0.0976562 0.433594 0.0019722
0 0.150098 0.892969 0.300195 0.214062 0.00188255
0 0.199219 0.775195 0.321484 0.449609 0.00182438
0 0.700781 0.741016 0.321875 0.517969 0.00133038
0 0.964063 0.735937 0.071875 0.528125 0.00126457
1 0.876758 0.782422 0.246484 0.435156 0.00123501
0 0.833594 0.40625 0.33125 0.688281 0.00123501
0 0.7375 0.814648 0.421875 0.370703 0.00123024
0 0.627344 0.739453 0.345313 0.508594 0.0012207
0 0.911719 0.705078 0.176563 0.589844 0.00117874
0 0.789062 0.325 0.384375 0.59375 0.00105286
0 0.865625 0.700781 0.26875 0.598437 0.00102806
