0 0.636328 0.515723 0.649219 0.71543 0.838867
1 0.609277 0.500879 0.68457 0.68418 0.281494
0 0.700781 0.458984 0.545313 0.657031 0.00997162
0 0.208594 0.14043 0.264453 0.241406 0.00818634
1 0.222656 0.115625 0.24375 0.225781 0.00286674
0 0.249609 0.134863 0.298438 0.269727 0.0015974
1 0.197266 0.164648 0.283203 0.293359 0.00154305
0 0.404004 0.823438 0.593555 0.353125 0.0015192
0 0.224658 0.159473 0.361621 0.318945 0.00143242
0 0.25625 0.135352 0.423438 0.270703 0.00133038
0 0.638281 0.391406 0.628125 0.426562 0.00130939
1 0.465527 0.80625 0.687695 0.3875 0.00121593
0 0.584473 0.523438 0.74668 0.742188 0.872559
1 0.583594 0.514063 0.74375 0.696875 0.0253754
0 0.59834 0.520312 0.74082 0.70625 0.696777
1 0.599219 0.518359 0.764063 0.711719 0.129395
0 0.0217041 0.0153809 0.0434082 0.0307617 0.00352478
0 0.0060791 0.0129395 0.0121582 0.0258789 0.00345612
0 0 0.0470703 0 0.0941406 0.00327301
0 0 0.942578 0 0.114844 0.00319672
0 0.964063 0.914062 0.071875 0.171875 0.00288963
0 0.0048584 0.932031 0.0097168 0.135937 0.00286674
0 0.231445 0.480469 0.0542969 0.113281 0.00260162
0 0.102344 0.925 0.194531 0.14375 0.00251198
0 0 0.826563 0 0.184375 0.00235939
0 0.25 0.155859 0.186719 0.242578 0.00231361
0 0 0.264844 0 0.185156 0.00228691
0 0 0.0664062 0 0.132812 0.00220871
0 0.971094 0.883594 0.0578125 0.232812 0.00213242
0 0.971094 0.971875 0.0578125 0.05625 0.00209999
0 0 0.303125 0 0.185156 0.00200272
0 0 0.0851562 0 0.170312 0.00192642
0 0 0.203906 0 0.180469 0.00187492
0 0 0.340234 0 0.185156 0.00186729
0 0.242969 0.481641 0.0726563 0.105469 0.00181007
0 0 0.924219 0 0.151562 0.00177479
0 0 0.377734 0 0.185156 0.00174141
0 0.0541992 0.121875 0.108398 0.24375 0.00171375
0 0 0.415234 0 0.185156 0.00165462
0 0 0.789844 0 0.185937 0.00165462
0 0.00488281 0.0242187 0.00976562 0.0484375 0.00162315
0 0.220508 0.003479 0.164453 0.00695801 0.00157356
0 0.22168 0.17832 0.24375 0.324609 0.00151253
0 0.946094 0.920313 0.107813 0.159375 0.00150108
0 0 0.452734 0 0.185156 0.00148392
0 0 0.165845 0 0.183154 0.0014782
0 0 0.903125 0 0.184375 0.00146675
0 0 0.752734 0 0.185156 0.00139904
1 0.244531 0.155859 0.170703 0.245312 0.00139904
0 0.707031 0.526563 0.520312 0.703125 0.00139427
0 0 0.690234 0 0.185156 0.00138855
0 0 0.11582 0 0.183984 0.00134563
0 0 0.652734 0 0.185156 0.00133514
0 0 0.865625 0 0.182812 0.00132465
0 0.183252 0.00322266 0.153809 0.00644531 0.00127411
0 0.393652 0.970312 0.379883 0.059375 0.00126457
0 0 0.615234 0 0.185156 0.00125504
0 0 0.490234 0 0.185156 0.00125504
0 0 0.952344 0 0.0953125 0.00124931
0 0.504297 0.977344 0.364844 0.0453125 0.00124454
0 0.154883 0.00330811 0.145703 0.00661621 0.00123501
0 0 0.540234 0 0.185156 0.00122547
1 0.298828 0.626562 0.160156 0.260938 0.0012207
0 0.255811 0.00358887 0.172754 0.00717773 0.0012207
0 0 0.577734 0 0.185156 0.00119686
0 0.00498047 0.177002 0.00996094 0.172559 0.00118828
0 0.295312 0.170117 0.10625 0.301953 0.00109863
1 0.0060791 0.0129395 0.0121582 0.0258789 0.00106907
0 0.5625 0.985156 0.18125 0.0296875 0.00105286
0 0.292578 0.0034668 0.172656 0.00693359 0.00105286
0 0.298828 0.626562 0.160156 0.260938 0.00104809
1 0.102344 0.925 0.194531 0.14375 0.00102425
0 0.582812 0.528125 0.765625 0.734375 0.939941
0 0.237695 0.146265 0.162109 0.199658 0.00912476
0 0.262109 0.476562 0.107422 0.084375 0.00624084
0 0.254492 0.164551 0.147266 0.228711 0.00502014
0 0.736719 0.924219 0.210938 0.151562 0.00436401
0 0.973437 0.903906 0.053125 0.192188 0.00376511
0 0.0706543 0.928906 0.131738 0.123438 0.00351143
1 0.578809 0.533496 0.770508 0.729883 0.00322342
0 0.229102 0.149609 0.234766 0.244531 0.00256157
0 0.29082 0.627734 0.149219 0.209375 0.00233269
0 0.965234 0.91875 0.0695312 0.159375 0.00228691
0 0.245703 0.477344 0.0757812 0.0859375 0.00226974
0 0.954687 0.941406 0.090625 0.117188 0.00223351
1 0.237695 0.146265 0.162109 0.199658 0.00158501
0 0.29043 0.165625 0.119922 0.225 0.00109863
0 0.0866699 0.935156 0.17334 0.115625 0.00102425
0 0.607715 0.530859 0.725195 0.716406 0.927246
1 0.580078 0.52334 0.752344 0.708008 0.0450134
0 0.942969 0.688281 0.114063 0.584375 0.00159168
0 0.945312 0.763086 0.109375 0.473828 0.00139904
0 0.589453 0.522656 0.769531 0.7125 0.75293
1 0.588184 0.521973 0.764258 0.70918 0.181274
0 0.949609 0.812109 0.100781 0.375781 0.00621796
0 0.976953 0.810156 0.0460938 0.379687 0.00359344
0 0.917969 0.782031 0.164062 0.435937 0.00277901
0 0.795117 0.820117 0.375391 0.359766 0.00274658
0 0.727734 0.858789 0.405469 0.282422 0.00176144
0 0.828906 0.853906 0.304688 0.292188 0.0017271
0 0.789062 0.399316 0.370313 0.545117 0.00151253
0 0.946094 0.940234 0.107813 0.119531 0.00149536
0 0.789844 0.664844 0.367188 0.53125 0.00132465
0 0.875195 0.760938 0.249609 0.478125 0.0011692
0 0.295752 0.788672 0.39209 0.422656 0.00113392
0 0.316602 0.7375 0.320703 0.514063 0.00112438
0 0.707031 0.902344 0.484375 0.195312 0.0011158
0 0.186719 0.261719 0.317969 0.517187 0.00108147
0 0.748438 0.753516 0.373437 0.492969 0.00107765
0 0.969922 0.896094 0.0601562 0.207813 0.00106907
0 0.666797 0.871289 0.488281 0.257422 0.00104809
0 0.594141 0.525781 0.764844 0.717188 0.894043
1 0.592578 0.528516 0.767969 0.708594 0.0754395
0 0.238867 0.479297 0.0652344 0.0578125 0.0109024
0 0.0046875 0.927344 0.009375 0.145313 0.0085144
0 0.00478516 0.0570801 0.00957031 0.11416 0.00682449
0 0.254883 0.480469 0.111328 0.0671875 0.00641251
0 0.00477295 0.197461 0.0095459 0.248047 0.00468063
0 0.23125 0.4875 0.0585938 0.0453125 0.00419998
0 0.00471191 0.147949 0.00942383 0.250195 0.00304031
0 0.00473633 0.244092 0.00947266 0.241504 0.0024929
0 0 0.0457031 0 0.0914062 0.00244331
0 0.00463867 0.829687 0.00927734 0.228125 0.00242424
0 0.239844 0.594531 0.0625 0.0976562 0.00239754
0 0.933594 0.992188 0.110937 0.015625 0.00229645
0 0.239844 0.470313 0.0773437 0.0578125 0.00221634
0 0.00478516 0.0858398 0.00957031 0.17168 0.00216484
0 0.93125 0.985156 0.034375 0.0296875 0.00214005
0 0.963281 0.930859 0.0734375 0.138281 0.00197983
0 0.00478516 0.111035 0.00957031 0.22207 0.00196457
0 0.235352 0.579687 0.0648438 0.0617188 0.00184631
0 0 0.959766 0 0.0804688 0.00171375
1 0.0045166 0.946094 0.0090332 0.107813 0.00170708
0 0.179883 0.0057251 0.237891 0.0114502 0.00164223
0 0.903906 0.587891 0.173438 0.549219 0.00162315
0 0.0046875 0.294531 0.009375 0.242969 0.00154877
0 0.250391 0.174609 0.192188 0.309375 0.00146675
0 0 0.0587402 0 0.11748 0.00144386
0 0.158594 0.207373 0.292578 0.39541 0.00143242
0 0.958594 0.959375 0.0828125 0.08125 0.00139904
0 0.156836 0.93125 0.313672 0.1375 0.00127888
0 0.215039 0.188477 0.252344 0.339844 0.00126934
0 0 0.224414 0 0.134766 0.00123501
0 0 0.074707 0 0.136133 0.00122547
0 0.00469971 0.344531 0.00939941 0.242969 0.00121593
0 0.00469971 0.880469 0.00939941 0.239063 0.0012064
0 0 0.0997803 0 0.135986 0.00114727
0 0.0046875 0.394531 0.009375 0.242969 0.00112438
1 0.00473633 0.91875 0.00947266 0.1625 0.00112438
0 0 0.299805 0 0.135547 0.00110722
0 0.0397461 0.992188 0.0794922 0.015625 0.00109863
0 0 0.199609 0 0.135937 0.00107288
0 0.945703 0.992188 0.108594 0.015625 0.00104046
0 0 0.324805 0 0.135547 0.00103188
1 0.00478516 0.0570801 0.00957031 0.11416 0.00103188
0 0.251563 0.592188 0.08125 0.115625 0.00103188
1 0.238867 0.479297 0.0652344 0.0578125 0.00100422
0 0.584473 0.53125 0.756055 0.745313 0.902832
0 0.557422 0.715625 0.741406 0.3375 0.0148392
1 0.58916 0.530859 0.757617 0.719531 0.014061
0 0.764063 0.718359 0.367188 0.321094 0.00109005
0 0.901563 0.610937 0.171875 0.4375 0.00105667
0 0.589453 0.526172 0.764844 0.721094 0.911133
1 0.592969 0.52666 0.764063 0.720117 0.0743408
0 0.787695 0.33667 0.371484 0.373535 0.00128937
0 0.580469 0.527344 0.751562 0.709375 0.882324
0 0.506641 0.606152 0.596094 0.550195 0.179565
1 0.580469 0.527344 0.751562 0.709375 0.0503235
0 0.496484 0.688672 0.542969 0.386719 0.0068512
0 0.658203 0.675 0.503906 0.414062 0.00453949
0 0.709766 0.661328 0.360156 0.438281 0.00452042
0 0.770703 0.351367 0.407031 0.391016 0.00362206
1 0.506641 0.606152 0.596094 0.550195 0.00353813
0 0.801758 0.668359 0.333984 0.441406 0.00283432
0 0.779492 0.609375 0.375391 0.540625 0.00277901
0 0.540625 0.5875 0.125 0.182812 0.00263214
0 0.646094 0.683594 0.326562 0.396875 0.00213242
1 0.540625 0.5875 0.125 0.182812 0.00198746
1 0.770703 0.351367 0.407031 0.391016 0.0016489
0 0.749219 0.309961 0.407813 0.287109 0.0015192
0 0.86875 0.676953 0.235938 0.432031 0.00100803
0 0.589453 0.522656 0.769531 0.7125 0.754395
1 0.587891 0.521777 0.764844 0.708008 0.178711
0 0.949609 0.812109 0.100781 0.375781 0.00626373
0 0.976953 0.810352 0.0460938 0.379297 0.00363541
0 0.917969 0.782031 0.164062 0.435937 0.00281143
0 0.795313 0.820117 0.375 0.359766 0.00275803
0 0.727344 0.858594 0.404687 0.282813 0.00175476
0 0.828906 0.853906 0.304688 0.292188 0.00172043
0 0.789258 0.399219 0.371484 0.545313 0.00150681
0 0.946094 0.940234 0.107813 0.119531 0.00148964
0 0.789844 0.664844 0.367188 0.53125 0.00134087
0 0.875195 0.760547 0.249609 0.478906 0.00117397
0 0.295898 0.788672 0.392578 0.422656 0.00113773
0 0.316406 0.7375 0.321094 0.514063 0.00112438
0 0.707031 0.902344 0.484375 0.195312 0.00109863
0 0.748438 0.753125 0.371875 0.49375 0.00107765
0 0.186768 0.261523 0.317871 0.517578 0.00107288
0 0.969922 0.896094 0.0601562 0.207813 0.00106907
0 0.666797 0.871289 0.486719 0.257422 0.00104809
