0 0.464453 0.492969 0.814844 0.848437 0.85498
1 0.478906 0.489844 0.826563 0.854688 0.20752
0 0.606152 0.496094 0.595508 0.83125 0.0112457
0 0.466406 0.363672 0.84375 0.603125 0.00508118
0 0.719531 0.480469 0.560938 0.857813 0.00219917
0 0.66875 0.442187 0.48125 0.726562 0.00195694
0 0.903906 0.422754 0.192188 0.707617 0.00142097
1 0.466406 0.363672 0.84375 0.603125 0.00134563
0 0.82793 0.467187 0.344141 0.864062 0.00131512
0 0.491406 0.490625 0.829687 0.83125 0.924316
1 0.482031 0.497656 0.854688 0.853125 0.0106506
0 0.477734 0.503906 0.836719 0.860937 0.773438
1 0.477734 0.503906 0.836719 0.860937 0.0519409
0 0.911719 0.900391 0.176563 0.199219 0.00978088
0 0.425 0.0436035 0.0632813 0.087207 0.00477219
1 0.911719 0.900391 0.176563 0.199219 0.00266266
0 0.575781 0.955859 0.389062 0.0882813 0.00235939
0 0 0.942578 0 0.114844 0.00234222
0 0.00483398 0.932031 0.00966797 0.135937 0.00201988
0 0.626172 0.946094 0.383594 0.107813 0.0017271
0 0.0206299 0.0143555 0.0412598 0.0287109 0.00162315
0 0 0.924219 0 0.151562 0.00139904
0 0.972266 0.981641 0.0554687 0.0367187 0.00135612
0 0 0.0466797 0 0.0933594 0.00132465
0 0.00629883 0.0122314 0.0125977 0.0244629 0.0012846
0 0.810742 0.942187 0.359766 0.115625 0.00126934
0 0.8875 0.907812 0.215625 0.179688 0.00123978
0 0 0.601172 0 0.182812 0.00119686
0 0 0.903125 0 0.184375 0.0011692
0 0 0.477734 0 0.185156 0.00116539
0 0 0.515234 0 0.185156 0.00109863
0 0 0.86582 0 0.183984 0.00107288
0 0 0.440234 0 0.185156 0.00106907
0 0 0.552734 0 0.185156 0.00102806
0 0 0.641406 0 0.176563 0.00100803
0 0.478906 0.502344 0.842188 0.860937 0.958984
0 0.892187 0.91875 0.18125 0.1625 0.00800323
0 0.915625 0.908984 0.159375 0.182031 0.00600433
0 0.249219 0.459375 0.401563 0.710938 0.00345612
0 0.300195 0.428516 0.494141 0.591406 0.00275803
0 0.220557 0.40791 0.337012 0.513867 0.00239754
0 0.164844 0.430469 0.217969 0.554688 0.00186729
0 0.578125 0.954687 0.195312 0.0875 0.0011425
0 0.520703 0.980859 0.557031 0.0382813 0.00112438
0 0.552344 0.958594 0.184375 0.08125 0.00104809
0 0.482422 0.502734 0.821094 0.852344 0.918457
1 0.482422 0.502734 0.825781 0.850781 0.0164642
0 0.982813 0.498047 0.034375 0.763281 0.00181007
0 0.896094 0.904688 0.178125 0.190625 0.00136662
0 0.45625 0.954687 0.45 0.090625 0.00109482
0 0.570312 0.962109 0.445312 0.0757812 0.00107288
0 0.480469 0.497656 0.851562 0.848437 0.86377
1 0.480469 0.497656 0.851562 0.848437 0.0240936
0 0.482031 0.341211 0.839063 0.530078 0.0182953
0 0.899219 0.838281 0.201562 0.323438 0.00352478
0 0.841406 0.831641 0.315625 0.336719 0.00325966
0 0.140527 0.780078 0.281055 0.439844 0.00266266
0 0.838281 0.887891 0.323438 0.224219 0.00251198
0 0.870703 0.779688 0.258594 0.440625 0.00213242
0 0.7 0.683203 0.373437 0.511719 0.00168705
0 0.397266 0.934375 0.632031 0.13125 0.00156689
0 0.788867 0.781641 0.400391 0.436719 0.00153065
0 0.18418 0.821094 0.368359 0.357812 0.00146675
0 0.767187 0.70625 0.292188 0.567187 0.00145531
0 0.896875 0.973828 0.20625 0.0523437 0.00139427
0 0.379297 0.903125 0.552344 0.19375 0.00136185
0 0.758203 0.536328 0.316406 0.763281 0.00135612
0 0.283203 0.80625 0.428125 0.3875 0.00134087
0 0.417969 0.98125 0.403906 0.0375 0.0012846
0 0.74375 0.831445 0.421875 0.337109 0.00116539
0 0.983594 0.550391 0.0328125 0.708594 0.00115108
0 0.428906 0.950781 0.65 0.0984375 0.00114727
0 0.361719 0.769531 0.470313 0.435937 0.00105667
0 0.757812 0.881445 0.435937 0.237109 0.00101185
0 0.484375 0.497266 0.86875 0.867969 0.903809
1 0.4875 0.4875 0.865625 0.860937 0.0109863
0 0.0046875 0.927344 0.009375 0.145313 0.0064888
0 0.00444336 0.644531 0.00888672 0.235938 0.00239754
0 0.960156 0.938281 0.0796875 0.123438 0.00211525
1 0.0045166 0.946094 0.0090332 0.107813 0.00145531
0 0.684375 0.692187 0.378125 0.464063 0.00142097
0 0 0.960156 0 0.0796875 0.00126457
0 0.00471191 0.0560547 0.00942383 0.112109 0.00124454
0 0.771484 0.673828 0.252344 0.521094 0.0011425
0 0.480859 0.494531 0.869531 0.859375 0.924805
1 0.485547 0.500391 0.853906 0.855469 0.00335121
0 0.422656 0.978125 0.803125 0.04375 0.00188255
0 0.493359 0.196875 0.841406 0.233594 0.00173378
0 0.671875 0.237305 0.460938 0.309766 0.00163555
0 0.785937 0.696094 0.223438 0.445312 0.00112438
0 0.0455078 0.972266 0.0910156 0.0554687 0.00105667
0 0.807813 0.90625 0.38125 0.184375 0.00104046
0 0.488281 0.50625 0.85 0.870313 0.905273
1 0.482031 0.503125 0.845312 0.859375 0.0389709
0 0.697656 0.220898 0.432813 0.294922 0.00145531
0 0.475391 0.496094 0.871094 0.853125 0.920898
1 0.475391 0.496094 0.871094 0.853125 0.0131683
0 0.678516 0.229687 0.436719 0.301562 0.00593567
0 0.748438 0.652734 0.30625 0.538281 0.00233269
0 0.710938 0.296094 0.39375 0.446875 0.00198746
0 0.782031 0.684375 0.24375 0.492188 0.00175476
0 0.682031 0.670313 0.375 0.496875 0.00154877
1 0.748438 0.652734 0.30625 0.538281 0.00122547
1 0.678516 0.229687 0.436719 0.301562 0.0012064
0 0.772656 0.558203 0.267188 0.683594 0.00112438
0 0.632031 0.201562 0.573438 0.242188 0.00103664
1 0.782031 0.684375 0.24375 0.492188 0.00101662
0 0.480469 0.498437 0.851562 0.848437 0.864258
1 0.480469 0.498437 0.851562 0.848437 0.0240479
0 0.482031 0.341602 0.839063 0.530859 0.0180206
0 0.899609 0.838281 0.200781 0.323438 0.00349617
0 0.841406 0.831445 0.315625 0.337109 0.00319672
0 0.140625 0.780078 0.28125 0.439844 0.00264168
0 0.838281 0.887305 0.323438 0.225391 0.00246239
0 0.870703 0.779688 0.258594 0.440625 0.00213242
0 0.7 0.683203 0.373437 0.511719 0.00170708
0 0.397266 0.934375 0.632031 0.13125 0.00157356
0 0.788867 0.781445 0.400391 0.437109 0.0015192
0 0.767187 0.70625 0.292188 0.567187 0.00147247
0 0.18418 0.821094 0.368359 0.357812 0.00146675
0 0.896875 0.973828 0.20625 0.0523437 0.00138283
0 0.37959 0.902344 0.551758 0.195312 0.00135612
0 0.758203 0.536035 0.316406 0.763867 0.00135612
0 0.283203 0.80625 0.428125 0.3875 0.00134087
0 0.417969 0.98125 0.403906 0.0375 0.00128937
0 0.983594 0.550391 0.0328125 0.708594 0.00116539
0 0.428516 0.950781 0.650781 0.0984375 0.00115585
0 0.74375 0.83125 0.421875 0.3375 0.00115108
0 0.361719 0.769531 0.469531 0.4375 0.00106049
