1 0.446973 0.489062 0.72793 0.85625 0.943359
0 0.446973 0.489062 0.72793 0.85625 0.088501
1 0.4875 0.382812 0.620313 0.64375 0.0088501
1 0.466016 0.291211 0.666406 0.450391 0.00553513
1 0.583984 0.490625 0.482031 0.892187 0.00102425
1 0.456934 0.53125 0.74707 0.904688 0.763672
0 0.445312 0.489062 0.745313 0.825 0.145142
1 0.455469 0.358008 0.729688 0.569922 0.00152493
1 0.446484 0.509375 0.746094 0.848437 0.880859
1 0.580371 0.516016 0.467383 0.844531 0.00336266
0 0 0.942969 0 0.114063 0.00327301
0 0.0048584 0.932031 0.0097168 0.135937 0.00299263
0 0.0209229 0.0143555 0.0418457 0.0287109 0.00183868
0 0 0.924219 0 0.151562 0.0017271
0 0 0.0467773 0 0.0935547 0.00169373
0 0.00626221 0.0122803 0.0125244 0.0245605 0.00151253
0 0.574609 0.962891 0.367969 0.0742188 0.00148392
0 0 0.903125 0 0.184375 0.00145531
0 0 0.0849609 0 0.169922 0.00138855
0 0 0.865625 0 0.184375 0.00135612
0 0 0.689062 0 0.184375 0.00131989
0 0.972266 0.982031 0.0554687 0.0359375 0.00131512
0 0 0.952344 0 0.0953125 0.00126934
0 0 0.115454 0 0.183936 0.00126934
0 0 0.0661133 0 0.132227 0.00124454
0 0 0.728125 0 0.179688 0.00117397
0 0 0.828125 0 0.182812 0.00113392
0 0 0.152832 0 0.183398 0.00113392
0 0 0.652734 0 0.184375 0.00104809
0 0.650781 0.955859 0.359375 0.0882813 0.00102425
1 0.446094 0.505859 0.728125 0.867969 0.907227
0 0.440527 0.505859 0.733008 0.866406 0.02034
0 0.397656 0.981641 0.651563 0.0367187 0.00139904
0 0.277539 0.443359 0.407422 0.496094 0.00134563
1 0.397656 0.981641 0.651563 0.0367187 0.00109863
0 0.735937 0.662109 0.234375 0.564844 0.00109482
0 0.626953 0.675781 0.355469 0.528125 0.00109005
0 0.725781 0.684375 0.314063 0.557813 0.00107765
1 0.277539 0.443359 0.407422 0.496094 0.00103664
1 0.445703 0.503125 0.730469 0.860937 0.943359
1 0.709375 0.492969 0.415625 0.873438 0.00173378
1 0.418359 0.957031 0.64375 0.0859375 0.00152493
0 0.191406 0.774219 0.382812 0.45 0.00150108
0 0.418359 0.957031 0.64375 0.0859375 0.00131512
1 0.430078 0.875 0.771094 0.25 0.00119209
1 0.452344 0.497266 0.740625 0.838281 0.925293
1 0.450684 0.360352 0.733008 0.569922 0.0175171
0 0.132031 0.773438 0.264062 0.453125 0.00796509
1 0.132031 0.773438 0.264062 0.453125 0.00403976
0 0.873828 0.78457 0.252344 0.430859 0.00244331
0 0.116211 0.832812 0.232422 0.334375 0.00223351
0 0.9 0.818164 0.2 0.363672 0.00191879
0 0.45166 0.496484 0.738867 0.838281 0.00190449
0 0.157715 0.822656 0.31543 0.354688 0.00188255
0 0.828125 0.775586 0.329688 0.448828 0.00188255
0 0.698828 0.707031 0.377344 0.579687 0.00176144
0 0.129199 0.875391 0.258398 0.249219 0.0016489
0 0.717578 0.370703 0.274219 0.632031 0.00148964
1 0.217627 0.74375 0.289746 0.501562 0.00148392
0 0.217627 0.74375 0.289746 0.501562 0.00143814
0 0.646875 0.711719 0.404687 0.510938 0.00123024
0 0.679688 0.282813 0.304688 0.525781 0.00113773
0 0.759375 0.776953 0.395312 0.446094 0.00110722
0 0.258203 0.777344 0.359375 0.445312 0.00109863
1 0.713672 0.33125 0.311719 0.595312 0.00109005
1 0.679688 0.282813 0.304688 0.525781 0.00103664
1 0.458594 0.501562 0.753125 0.875 0.90332
0 0.00466309 0.927344 0.00932617 0.145313 0.00941467
0 0.455859 0.503906 0.738281 0.875 0.00519943
1 0.455078 0.370313 0.735156 0.571875 0.00366402
0 0.00461426 0.732031 0.00922852 0.235938 0.00223351
0 0.959766 0.937891 0.0804688 0.124219 0.00194931
1 0.00452881 0.945703 0.00905762 0.108594 0.00185299
0 0 0.960156 0 0.0796875 0.00182438
1 0.358984 0.980859 0.632031 0.0382813 0.00138283
0 0.617578 0.243359 0.378906 0.33125 0.00134563
0 0.00473633 0.0558594 0.00947266 0.111719 0.00132465
1 0.267529 0.506934 0.369629 0.558008 0.00130939
1 0.223047 0.463965 0.279687 0.517383 0.00127888
0 0.0399414 0.992188 0.0798828 0.015625 0.00121593
1 0.00473633 0.91875 0.00947266 0.1625 0.00118351
0 0.00471191 0.892578 0.00942383 0.214844 0.00113392
1 0.674609 0.46416 0.283594 0.723242 0.00112438
0 0.628906 0.708594 0.396875 0.473437 0.00112057
1 0.680078 0.335156 0.280469 0.51875 0.00109482
1 0.629297 0.48125 0.527344 0.821875 0.00106049
0 0.549219 0.701563 0.129688 0.110937 0.00104809
0 0.00473633 0.858594 0.00947266 0.246875 0.00103664
1 0.423047 0.936719 0.797656 0.126563 0.00100803
1 0.451562 0.506641 0.74375 0.858594 0.899414
0 0.454297 0.510547 0.741406 0.847656 0.00612259
0 0.417969 0.975 0.835938 0.05 0.00182438
1 0.413672 0.971094 0.786719 0.0578125 0.00149536
1 0.474316 0.714453 0.757617 0.450781 0.00145531
0 0.479785 0.741406 0.74043 0.4 0.0014267
1 0.447559 0.944531 0.795508 0.110937 0.00139427
1 0.558594 0.238281 0.515625 0.309375 0.00125504
0 0.558594 0.238281 0.515625 0.309375 0.00111198
0 0.635938 0.733203 0.384375 0.425781 0.00109863
0 0.0405273 0.978125 0.0810547 0.04375 0.00106049
1 0.455469 0.512891 0.739062 0.863281 0.920898
0 0.647656 0.232617 0.3375 0.333203 0.00332451
1 0.647656 0.232617 0.3375 0.333203 0.00218201
0 0.695312 0.297852 0.276563 0.462891 0.00185299
0 0.458594 0.517187 0.721875 0.870313 0.00181007
1 0.715625 0.456641 0.267188 0.789844 0.00118828
0 0.715625 0.456641 0.267188 0.789844 0.00116062
1 0.6875 0.254297 0.292188 0.414844 0.00112438
1 0.451953 0.507812 0.735156 0.851562 0.919922
0 0.634375 0.231055 0.346875 0.316016 0.00737381
1 0.634375 0.231055 0.346875 0.316016 0.00605011
0 0.673437 0.290625 0.301562 0.446875 0.00407028
1 0.673437 0.290625 0.301562 0.446875 0.00233269
0 0.692578 0.356641 0.272656 0.56875 0.00214005
1 0.692578 0.356641 0.272656 0.56875 0.00213242
0 0.660937 0.721094 0.334375 0.446875 0.00204277
0 0.692969 0.683984 0.264062 0.494531 0.00123501
1 0.587109 0.208008 0.472656 0.260938 0.00108147
1 0.452246 0.497266 0.74082 0.838281 0.924805
1 0.450684 0.361914 0.733008 0.573047 0.0176392
0 0.132129 0.773438 0.264258 0.453125 0.00796509
1 0.132129 0.773438 0.264258 0.453125 0.00400543
0 0.873438 0.78457 0.253125 0.430859 0.00246239
0 0.116211 0.832812 0.232422 0.334375 0.00220871
0 0.45166 0.496484 0.738867 0.838281 0.0019722
0 0.9 0.818164 0.2 0.363672 0.00192642
0 0.828125 0.775586 0.329688 0.448828 0.00187492
0 0.157813 0.822656 0.315625 0.354688 0.00187492
0 0.7 0.707031 0.375 0.579687 0.00177479
0 0.129297 0.875195 0.258594 0.249609 0.00162315
1 0.217627 0.74375 0.289746 0.501562 0.00148964
0 0.717188 0.370898 0.273438 0.632422 0.00146675
0 0.217627 0.74375 0.289746 0.501562 0.00145531
0 0.646484 0.711719 0.403906 0.510938 0.00124931
0 0.679297 0.282813 0.305469 0.526563 0.00112438
0 0.258203 0.776953 0.359375 0.446094 0.00111198
0 0.759766 0.776953 0.394531 0.446094 0.0011034
1 0.713281 0.33125 0.3125 0.595312 0.00108147
1 0.679297 0.282813 0.305469 0.526563 0.00102425
