0 0.516797 0.507812 0.658594 0.803125 0.778809
1 0.516504 0.502344 0.668555 0.785937 0.319092
0 0.516309 0.395996 0.62832 0.59082 0.0482178
1 0.516309 0.395996 0.62832 0.59082 0.0141754
0 0.494922 0.521094 0.683594 0.820312 0.861816
1 0.491797 0.548828 0.683594 0.866406 0.0206451
0 0.516504 0.523828 0.610742 0.792969 0.697754
1 0.51875 0.525781 0.60625 0.810938 0.118408
0 0.610156 0.526563 0.432813 0.8125 0.00746155
0 0 0.942578 0 0.114844 0.00275803
0 0.00484619 0.932031 0.00969238 0.135937 0.00243378
1 0.610156 0.526563 0.432813 0.8125 0.00233269
0 0.0197998 0.014209 0.0395996 0.028418 0.0016489
0 0 0.789258 0 0.183984 0.0015974
0 0 0.0467285 0 0.093457 0.00154877
0 0 0.0912109 0 0.182422 0.00150108
0 0 0.924219 0 0.151562 0.00148392
0 0 0.127734 0 0.183984 0.00145531
0 0 0.165332 0 0.183789 0.00136185
0 0.00615234 0.0121094 0.0123047 0.0242187 0.00131512
0 0 0.202686 0 0.183691 0.00130463
0 0 0.903125 0 0.184375 0.00128937
0 0 0.0722656 0 0.144531 0.00126457
0 0 0.240186 0 0.183691 0.00122547
0 0.972656 0.982422 0.0546875 0.0351562 0.00118351
0 0 0.952344 0 0.0953125 0.00112057
0 0 0.277734 0 0.183594 0.00105667
0 0 0.752734 0 0.185156 0.00104046
0 0 0.864844 0 0.184375 0.00104046
0 0 0.677344 0 0.184375 0.00103188
0 0.500684 0.528516 0.658008 0.821094 0.9375
1 0.485547 0.529297 0.622656 0.816406 0.00651169
0 0.707812 0.925 0.189063 0.15 0.00261116
0 0.685156 0.932813 0.195312 0.128125 0.00230598
0 0.769531 0.672266 0.348437 0.514844 0.00174141
0 0.499609 0.517578 0.661719 0.813281 0.88623
1 0.519922 0.527344 0.639844 0.810938 0.11261
0 0.80957 0.493359 0.380859 0.869531 0.00287819
1 0.80957 0.493359 0.380859 0.869531 0.00202751
0 0.905469 0.491797 0.189063 0.857031 0.00172043
0 0.746875 0.524609 0.43125 0.813281 0.00168133
0 0.982813 0.503516 0.034375 0.722656 0.00163555
0 0.725781 0.628516 0.307813 0.653906 0.00156116
1 0.746875 0.524609 0.43125 0.813281 0.00106525
1 0.905469 0.491797 0.189063 0.857031 0.00105286
0 0.519922 0.523828 0.663281 0.800781 0.824219
1 0.519922 0.523828 0.663281 0.800781 0.0494995
0 0.873047 0.774609 0.253906 0.450781 0.00818634
0 0.829492 0.754687 0.341016 0.490625 0.00286674
0 0.879297 0.829492 0.241406 0.341016 0.00265312
0 0.796289 0.491797 0.407422 0.700781 0.00247192
0 0.245312 0.77168 0.425781 0.456641 0.00244331
0 0.941406 0.77793 0.117188 0.444141 0.00235939
0 0.650781 0.875391 0.501562 0.249219 0.00187492
0 0.928125 0.495996 0.14375 0.69082 0.00185299
0 0.707812 0.815234 0.5 0.369531 0.00178242
0 0.709766 0.659375 0.335156 0.596875 0.00174809
0 0.627344 0.808984 0.423438 0.382031 0.00148392
1 0.873047 0.774609 0.253906 0.450781 0.00146675
0 0.655469 0.96875 0.420312 0.0625 0.00146675
0 0.959375 0.734766 0.08125 0.530469 0.00131512
0 0.193359 0.804102 0.385938 0.391797 0.00127888
0 0.696484 0.943359 0.394531 0.113281 0.00126934
0 0.676953 0.7125 0.360156 0.548437 0.00126457
0 0.340674 0.783984 0.392871 0.432031 0.00120163
0 0.750391 0.712891 0.391406 0.552344 0.00117397
0 0.567969 0.910937 0.535937 0.178125 0.0011692
0 0.733984 0.557031 0.385156 0.704687 0.00109005
1 0.796289 0.491797 0.407422 0.700781 0.00101662
0 0.512891 0.538281 0.674219 0.820312 0.860352
1 0.517285 0.539062 0.668555 0.825 0.0426331
0 0.00467529 0.927344 0.00935059 0.145313 0.0078125
0 0.959375 0.938281 0.08125 0.123438 0.00194168
1 0.0045166 0.946094 0.0090332 0.107813 0.00163555
0 0 0.959766 0 0.0804688 0.00151253
0 0.710938 0.65 0.282813 0.545313 0.00142097
0 0.00466309 0.805469 0.00932617 0.232812 0.00131989
0 0.00473633 0.0556641 0.00947266 0.111328 0.00123024
0 0.913281 0.828125 0.173438 0.323438 0.0011692
1 0.710938 0.65 0.282813 0.545313 0.00103188
1 0.00472412 0.91875 0.00944824 0.1625 0.00101662
0 0.517871 0.53125 0.670508 0.820312 0.884277
1 0.517187 0.529688 0.678125 0.81875 0.0128708
0 0.505469 0.976562 0.846875 0.046875 0.00157928
0 0.519141 0.70625 0.666406 0.451562 0.00119686
0 0.0397461 0.969531 0.0794922 0.0609375 0.00107288
0 0.875781 0.88457 0.2375 0.230859 0.00103188
0 0.521973 0.53125 0.654492 0.81875 0.867676
1 0.519922 0.542969 0.660156 0.835938 0.0488586
0 0.519922 0.523438 0.657031 0.807813 0.886719
1 0.524121 0.525781 0.642383 0.801562 0.0249939
0 0.717188 0.65625 0.282813 0.540625 0.00266266
0 0.620313 0.29458 0.4 0.341309 0.00208282
1 0.717188 0.65625 0.282813 0.540625 0.00170708
0 0.591797 0.258008 0.438281 0.263672 0.00113392
1 0.620313 0.29458 0.4 0.341309 0.00104809
0 0.654688 0.331445 0.4 0.441797 0.00102425
0 0.519922 0.523438 0.663281 0.8 0.825195
1 0.519922 0.523438 0.663281 0.8 0.0477905
0 0.872852 0.774609 0.254297 0.450781 0.008255
0 0.829492 0.754687 0.341016 0.490625 0.00290108
0 0.878906 0.829492 0.242188 0.341016 0.00263214
0 0.796094 0.492188 0.407813 0.701563 0.00253105
0 0.245312 0.771875 0.425 0.45625 0.00246239
0 0.941406 0.77793 0.117188 0.444141 0.00239754
0 0.927344 0.496094 0.145313 0.692187 0.00190449
0 0.650781 0.874805 0.5 0.250391 0.00186729
0 0.707812 0.814648 0.5 0.370703 0.00178242
0 0.710156 0.658691 0.334375 0.59668 0.00174809
1 0.872852 0.774609 0.254297 0.450781 0.00148392
0 0.627344 0.808398 0.423438 0.383203 0.0014782
0 0.655078 0.96875 0.419531 0.0625 0.00146675
0 0.959375 0.734375 0.08125 0.53125 0.00133038
0 0.696484 0.942969 0.394531 0.114063 0.00126934
0 0.193164 0.804297 0.385547 0.391406 0.00126457
0 0.676953 0.7125 0.360156 0.55 0.00125504
0 0.340576 0.783398 0.393066 0.433203 0.00120163
0 0.751562 0.712891 0.390625 0.552344 0.00117874
0 0.567187 0.910547 0.535937 0.178906 0.00116062
0 0.909375 0.436719 0.18125 0.671094 0.0011158
0 0.733984 0.556934 0.385156 0.704883 0.00109482
1 0.796094 0.492188 0.407813 0.701563 0.00103664
