0 0.645312 0.505469 0.645312 0.664062 0.829102
1 0.639941 0.502344 0.629492 0.654688 0.0963745
0 0.727344 0.451562 0.523438 0.641406 0.00189686
0 0.447656 0.815234 0.665625 0.369531 0.0018177
1 0.447656 0.815234 0.665625 0.369531 0.00141621
0 0.587598 0.519531 0.74668 0.692187 0.875488
1 0.588672 0.513184 0.736719 0.676758 0.00328636
0 0.621484 0.521777 0.713281 0.670508 0.858887
1 0.622656 0.520996 0.729688 0.679883 0.0145035
0 0.0992432 0.917188 0.189795 0.165625 0.0046463
0 0.717969 0.524902 0.498437 0.651758 0.00379562
0 0 0.936719 0 0.126563 0.00337601
0 0.00484619 0.932031 0.00969238 0.135937 0.00299263
0 0.314258 0.410254 0.0597656 0.120117 0.00286674
0 0.96875 0.923437 0.0625 0.153125 0.00273705
1 0.0992432 0.917188 0.189795 0.165625 0.00263214
0 0 0.801367 0 0.184766 0.00253105
0 0.6 0.978516 0.36875 0.0429688 0.00213242
0 0.974219 0.977734 0.0515625 0.0445312 0.00209045
0 0 0.439844 0 0.184375 0.00194168
0 0 0.627344 0 0.184375 0.00192642
0 0.519141 0.974219 0.377344 0.0515625 0.00189686
0 0 0.917969 0 0.164062 0.00188255
0 0 0.890625 0 0.184375 0.00174141
0 0.892969 0.0902344 0.210938 0.180469 0.00170708
0 0 0.840625 0 0.182812 0.00158501
0 0 0.589063 0 0.184375 0.00157356
0 0.0194092 0.0140625 0.0388184 0.028125 0.00144958
0 0 0.665625 0 0.184375 0.00143242
0 0.663672 0.985156 0.172656 0.0296875 0.0014267
0 0 0.765234 0 0.185156 0.00141621
0 0 0.551953 0 0.185156 0.00134563
0 0 0.952344 0 0.0953125 0.00127888
0 0 0.403027 0 0.18457 0.00127411
0 0 0.727734 0 0.185156 0.00126457
0 0 0.365234 0 0.185156 0.00116539
0 0 0.514844 0 0.184375 0.00116062
0 0 0.476172 0 0.185156 0.00115108
0 0.47041 0.964063 0.379492 0.071875 0.00113773
0 0 0.327734 0 0.185156 0.0011158
0 0.00605469 0.0119141 0.0121094 0.0238281 0.0011034
0 0.614844 0.984375 0.170312 0.03125 0.00108624
0 0 0.0466797 0 0.0933594 0.00108147
0 0 0.164819 0 0.183643 0.00101662
0 0.547266 0.519434 0.852344 0.698633 0.950195
0 0.085498 0.922656 0.170996 0.135937 0.00503922
0 0.96875 0.947266 0.0625 0.105469 0.00226974
0 0.485938 0.549219 0.617188 0.564062 0.00162315
0 0.977734 0.928125 0.0445312 0.14375 0.00146675
0 0.696875 0.917188 0.226562 0.165625 0.00135612
0 0.505859 0.85332 0.802344 0.240234 0.00126457
0 0.396094 0.480078 0.607813 0.614844 0.00117874
0 0.790625 0.910547 0.210938 0.178906 0.00117874
0 0.453223 0.594531 0.506055 0.459375 0.0011034
0 0.741406 0.913281 0.223438 0.173438 0.00107288
0 0.616016 0.525781 0.719531 0.68125 0.943848
1 0.581152 0.526172 0.775195 0.685156 0.00348282
0 0.522266 0.727734 0.653906 0.544531 0.00268364
0 0.547266 0.85293 0.800781 0.294141 0.00183868
0 0.919531 0.710156 0.160938 0.579687 0.00150681
0 0.0886719 0.919531 0.175 0.160938 0.00116539
0 0.918359 0.615625 0.163281 0.642187 0.00108147
0 0.953906 0.767187 0.0921875 0.465625 0.00103664
0 0.575 0.52041 0.807813 0.674805 0.881348
1 0.575 0.52041 0.807813 0.674805 0.0118256
0 0.470703 0.821875 0.783594 0.340625 0.0116425
0 0.481641 0.919922 0.810156 0.160156 0.00436401
0 0.482715 0.709766 0.556445 0.547656 0.00223351
1 0.470703 0.821875 0.783594 0.340625 0.00201035
0 0.205664 0.750391 0.365234 0.499219 0.0018177
0 0.153418 0.920313 0.306836 0.159375 0.00166798
0 0.793555 0.610547 0.387891 0.475781 0.00163555
0 0.211523 0.847656 0.423047 0.304688 0.00157928
0 0.477734 0.970312 0.641406 0.059375 0.00157928
0 0.575684 0.699219 0.479883 0.5375 0.00150681
0 0.915625 0.631641 0.16875 0.611719 0.00143242
0 0.858594 0.602344 0.282813 0.635938 0.00124931
0 0.790625 0.791797 0.403125 0.416406 0.0012064
0 0.592188 0.807813 0.790625 0.379687 0.00117874
0 0.107324 0.917969 0.213477 0.164062 0.00116062
0 0.244531 0.79668 0.459375 0.406641 0.00116062
0 0.930078 0.8125 0.139844 0.375 0.00110722
0 0.934375 0.609766 0.13125 0.702344 0.00107288
0 0.302344 0.746094 0.336719 0.503125 0.00104046
0 0.583203 0.526172 0.799219 0.669531 0.929199
0 0.00466309 0.927344 0.00932617 0.145313 0.00847626
0 0.241016 0.635156 0.0546875 0.0765625 0.00421524
0 0.252344 0.637891 0.0648438 0.110937 0.00352478
0 0.143555 0.91875 0.287109 0.1625 0.00337601
0 0.00465088 0.803906 0.00930176 0.226562 0.00302696
1 0.569141 0.526563 0.833594 0.66875 0.00286674
0 0.928125 0.616797 0.140625 0.510156 0.00259018
0 0.00462647 0.592188 0.00925293 0.234375 0.00253105
0 0.00472412 0.430566 0.00944824 0.235742 0.0020504
1 0.928125 0.616797 0.140625 0.510156 0.00194168
0 0.96875 0.930859 0.0625 0.138281 0.00190449
0 0.217969 0.924219 0.435937 0.151562 0.00189686
0 0.00471191 0.858008 0.00942383 0.243359 0.00184631
0 0 0.960156 0 0.0796875 0.00179577
0 0.966406 0.96875 0.0671875 0.0625 0.00178909
1 0.0045166 0.946094 0.0090332 0.107813 0.00168705
0 0.00471191 0.892187 0.00942383 0.215625 0.00154305
0 0.0046875 0.64375 0.009375 0.2375 0.0014782
0 0.00473633 0.115234 0.00947266 0.230469 0.00144958
0 0.00465088 0.541797 0.00930176 0.233594 0.00142097
0 0.951953 0.992188 0.0960938 0.015625 0.00141048
0 0.25957 0.628125 0.0777344 0.117188 0.00128937
0 0.777344 0.603906 0.39375 0.49375 0.00127888
0 0.00461426 0.480566 0.00922852 0.235742 0.00122547
1 0.00471191 0.91875 0.00942383 0.1625 0.00117874
0 0.95625 0.985156 0.034375 0.0296875 0.00113392
0 0.457812 0.979688 0.817187 0.040625 0.0011158
0 0.0394043 0.992188 0.0788086 0.015625 0.00109863
0 0 0.8375 0 0.134375 0.00107288
0 0.131055 0.972266 0.262109 0.0554687 0.00103188
0 0.00471191 0.0555664 0.00942383 0.111133 0.00101662
0 0.9625 0.992188 0.075 0.015625 0.00100422
0 0.573438 0.519922 0.81875 0.686719 0.919434
0 0.512109 0.977344 0.925781 0.0453125 0.00219917
0 0.915625 0.629297 0.159375 0.435156 0.00188255
0 0.522656 0.913281 0.920313 0.132812 0.00183105
0 0.524609 0.939062 0.950781 0.115625 0.00168705
0 0.610254 0.519922 0.748242 0.677344 0.924316
1 0.590234 0.518359 0.778906 0.678906 0.00376511
0 0.573438 0.521484 0.809375 0.672656 0.918945
1 0.591406 0.51416 0.779688 0.681055 0.00542831
0 0.838867 0.619922 0.294141 0.447656 0.00222588
0 0.9125 0.609277 0.16875 0.49082 0.00171375
0 0.87832 0.590625 0.233984 0.520312 0.00154877
0 0.778125 0.6 0.39375 0.496875 0.0012598
1 0.9125 0.609277 0.16875 0.49082 0.00105286
1 0.838867 0.619922 0.294141 0.447656 0.00101185
0 0.574609 0.520312 0.808594 0.675 0.880859
1 0.574609 0.520312 0.808594 0.675 0.0116882
0 0.470703 0.820508 0.783594 0.343359 0.0116425
0 0.482031 0.919531 0.809375 0.160938 0.00431442
0 0.482812 0.709766 0.555469 0.547656 0.00224304
1 0.470703 0.820508 0.783594 0.343359 0.00201035
0 0.205664 0.750391 0.365234 0.499219 0.0018177
0 0.152734 0.920313 0.305469 0.159375 0.00164223
0 0.79375 0.610254 0.3875 0.476367 0.00162315
0 0.477734 0.970312 0.641406 0.059375 0.00156689
0 0.211328 0.847656 0.422656 0.304688 0.00155449
0 0.575098 0.699219 0.479492 0.5375 0.0015192
0 0.915625 0.63125 0.16875 0.6125 0.00143814
0 0.858594 0.602441 0.282813 0.635742 0.00125504
0 0.790625 0.791602 0.403125 0.416797 0.00121117
0 0.592188 0.808008 0.790625 0.380859 0.0011692
0 0.244727 0.79668 0.458984 0.406641 0.00116062
0 0.106836 0.917969 0.2125 0.164062 0.00113392
0 0.929688 0.8125 0.140625 0.375 0.0011034
0 0.934375 0.609277 0.13125 0.701758 0.00107765
0 0.302295 0.746094 0.336816 0.503125 0.00104427
