0 0.489844 0.510156 0.882812 0.907812 0.84082
1 0.505469 0.510547 0.907812 0.910156 0.166626
0 0.507031 0.377246 0.85625 0.67207 0.00390053
0 0.714063 0.378516 0.534375 0.672656 0.00202751
0 0.77207 0.401465 0.455859 0.758008 0.00142097
0 0.877148 0.367383 0.245703 0.577734 0.00139904
0 0.484375 0.527344 0.925 0.945312 0.942383
1 0.483594 0.525 0.923437 0.95 0.00985718
0 0.491797 0.371094 0.880469 0.659375 0.00271416
0 0.494531 0.514063 0.954687 0.94375 0.798828
1 0.494531 0.514063 0.954687 0.94375 0.0613098
0 0 0.601953 0 0.185937 0.00362206
0 0 0.639844 0 0.184375 0.00353813
0 0 0.936719 0 0.126563 0.00276756
0 0.704687 0.975 0.345313 0.05 0.00255013
0 0.732813 0.964844 0.34375 0.0703125 0.00250244
0 0.550879 0.976562 0.363867 0.046875 0.00245285
0 0 0.564453 0 0.186719 0.00244331
0 0.00484619 0.932031 0.00969238 0.135937 0.00243378
0 0 0.376563 0 0.185937 0.00227928
0 0 0.489453 0 0.186719 0.00221634
0 0.216797 0.118945 0.053125 0.112891 0.00209999
0 0 0.678125 0 0.182812 0.00206757
0 0 0.527344 0 0.185937 0.0020504
0 0 0.452441 0 0.185742 0.00195694
0 0 0.414844 0 0.185937 0.00189686
0 0.0210449 0.0147217 0.0420898 0.0294434 0.00174141
0 0.91875 0.889844 0.1625 0.217187 0.00173378
0 0 0.340234 0 0.185156 0.00167465
0 0 0.302734 0 0.183594 0.00161648
0 0 0.917969 0 0.164062 0.00154305
0 0 0.890625 0 0.184375 0.00153065
0 0.00627441 0.0126465 0.0125488 0.025293 0.00141621
0 0.496777 0.969922 0.370508 0.0601562 0.00141048
0 0.650781 0.977734 0.354688 0.0445312 0.00139904
0 0 0.853125 0 0.184375 0.00137806
0 0.971875 0.981641 0.05625 0.0367187 0.00136185
0 0 0.0467773 0 0.0935547 0.00131512
0 0.939062 0.887305 0.11875 0.225391 0.00127888
0 0 0.803125 0 0.184375 0.00127411
0 0.564062 0.983203 0.183594 0.0335938 0.00124454
0 0 0.26543 0 0.183203 0.00124454
0 0 0.765625 0 0.182812 0.00115585
0 0.614844 0.983203 0.182812 0.0335938 0.00112915
0 0 0.952344 0 0.0953125 0.00110722
0 0.00495605 0.635156 0.00991211 0.167187 0.00107288
0 0 0.716406 0 0.18125 0.00106907
0 0.844727 0.947266 0.310547 0.105469 0.00101185
0 0.776758 0.947656 0.387109 0.104687 0.00101185
0 0.488281 0.505859 0.945312 0.928906 0.960449
0 0.251953 0.449219 0.503906 0.64375 0.00124454
0 0.349609 0.517187 0.686719 0.907812 0.00119686
0 0.605469 0.979688 0.2875 0.040625 0.00118828
0 0.0800781 0.916406 0.157813 0.165625 0.00115585
0 0.865625 0.875781 0.26875 0.242188 0.0011425
0 0.485938 0.510938 0.90625 0.934375 0.916016
1 0.487109 0.520312 0.892969 0.934375 0.0448608
0 0.808594 0.508203 0.339063 0.946094 0.00178242
0 0.98125 0.454688 0.0375 0.721875 0.0017004
0 0.935156 0.757812 0.129688 0.484375 0.00143814
0 0.598047 0.950391 0.372656 0.0992187 0.00127411
0 0.88125 0.458594 0.2375 0.85625 0.00118828
0 0.485156 0.507422 0.964063 0.916406 0.795898
1 0.479688 0.505859 0.957812 0.935156 0.252441
0 0.897266 0.829687 0.205469 0.340625 0.0069046
0 0.848437 0.831055 0.295312 0.337891 0.00664139
0 0.142969 0.789062 0.285937 0.421875 0.00411606
0 0.874805 0.792969 0.250391 0.414062 0.00329781
0 0.820312 0.880078 0.359375 0.239844 0.00296974
0 0.782031 0.7875 0.4125 0.425 0.00256157
0 0.169727 0.830469 0.339453 0.339063 0.00176811
0 0.705859 0.729688 0.388281 0.489062 0.00154877
0 0.811719 0.55 0.342187 0.815625 0.00153065
0 0.8375 0.767969 0.325 0.464063 0.00151253
0 0.896094 0.971094 0.207813 0.0578125 0.00138855
0 0.764844 0.717188 0.415625 0.551562 0.00124454
0 0.969922 0.818555 0.0601562 0.350391 0.0012207
0 0.953906 0.790039 0.0921875 0.419922 0.00117397
0 0.213086 0.774219 0.426172 0.451562 0.00115108
0 0.889844 0.696094 0.220313 0.576563 0.00108624
0 0.91875 0.765234 0.1625 0.469531 0.00104046
0 0.488672 0.50625 0.969531 0.932813 0.870605
1 0.494141 0.503906 0.967969 0.9125 0.0682983
0 0.0046875 0.927344 0.009375 0.145313 0.00725937
0 0.00469971 0.619141 0.00939941 0.242969 0.0039444
0 0.00471191 0.667578 0.00942383 0.233594 0.00366402
0 0.746094 0.706641 0.392188 0.524219 0.0020504
0 0.959766 0.937891 0.0804688 0.124219 0.00201035
0 0.00465088 0.369922 0.00930176 0.244531 0.00196457
0 0.0046875 0.56875 0.009375 0.241406 0.00192642
0 0.00480957 0.708984 0.00961914 0.242969 0.00185299
0 0 0.6375 0 0.135937 0.00167465
0 0.0046875 0.308203 0.009375 0.245312 0.0016613
0 0 0.662109 0 0.135156 0.00161076
0 0.00469971 0.420703 0.00939941 0.246094 0.00157356
1 0.0045166 0.946094 0.0090332 0.107813 0.00155449
0 0 0.6125 0 0.135937 0.00150108
0 0.219922 0.116797 0.0546875 0.0589844 0.00143242
0 0 0.960156 0 0.0796875 0.00141621
0 0.901563 0.689453 0.179688 0.507031 0.00134087
0 0.00473633 0.0563477 0.00947266 0.112695 0.00133038
0 0.696094 0.748047 0.398438 0.446094 0.00132465
0 0.0046875 0.494531 0.009375 0.242969 0.00132465
0 0.00473633 0.880273 0.00947266 0.239453 0.0012064
0 0.417871 0.980078 0.498633 0.0398437 0.00118828
0 0.49375 0.98125 0.38125 0.0375 0.0011692
0 0.553906 0.981641 0.34375 0.0367187 0.00112915
1 0.746094 0.706641 0.392188 0.524219 0.00109482
0 0.00472412 0.83418 0.00944824 0.247266 0.00108147
0 0 0.687109 0 0.134375 0.00108147
0 0.00473633 0.78418 0.00947266 0.247266 0.00100422
0 0.490625 0.500781 0.98125 0.926562 0.936035
1 0.486719 0.513281 0.973437 0.926562 0.00282288
0 0.399219 0.971094 0.798437 0.0578125 0.00225258
0 0.459375 0.977734 0.660937 0.0445312 0.00143814
0 0.707031 0.752344 0.326562 0.442187 0.00126934
0 0.904688 0.712109 0.165625 0.419531 0.00123501
0 0.845312 0.896875 0.296875 0.204688 0.00118828
0 0.483594 0.510156 0.967188 0.93125 0.874512
1 0.480859 0.520312 0.961719 0.959375 0.122314
0 0.741406 0.233008 0.36875 0.395703 0.00109863
0 0.484375 0.507031 0.96875 0.910937 0.932617
1 0.480469 0.509375 0.960938 0.917188 0.0188293
0 0.71875 0.250391 0.4 0.422656 0.00264168
0 0.753516 0.301172 0.392969 0.497656 0.00195694
0 0.705469 0.732031 0.325 0.473437 0.00179577
0 0.776563 0.707031 0.390625 0.528125 0.00143814
1 0.71875 0.250391 0.4 0.422656 0.00119686
1 0.753516 0.301172 0.392969 0.497656 0.00102806
0 0.485156 0.507422 0.964063 0.916406 0.794434
1 0.479688 0.505859 0.957812 0.935156 0.253174
0 0.896875 0.829687 0.20625 0.340625 0.0068512
0 0.848242 0.831055 0.294141 0.337891 0.00658798
0 0.143066 0.789062 0.286133 0.421875 0.0041008
0 0.874609 0.792969 0.250781 0.414062 0.00331116
0 0.820508 0.880078 0.358984 0.239844 0.00292397
0 0.782031 0.7875 0.4125 0.425 0.00256157
0 0.169922 0.830469 0.339844 0.339063 0.00176144
0 0.705469 0.729688 0.3875 0.489062 0.00154305
0 0.811133 0.55 0.343359 0.815625 0.00153065
0 0.8375 0.767969 0.325 0.464063 0.0015192
0 0.896094 0.971484 0.207813 0.0570313 0.00137806
0 0.764063 0.716797 0.415625 0.550781 0.00124931
0 0.969922 0.818555 0.0601562 0.350391 0.0012207
0 0.953906 0.790039 0.0921875 0.419922 0.00117874
0 0.212891 0.774219 0.425781 0.451562 0.00116062
0 0.890625 0.695703 0.21875 0.575781 0.00108624
0 0.91875 0.764648 0.1625 0.470703 0.00104046
