0 0.425781 0.317578 0.721875 0.584375 0.697754
1 0.425781 0.317578 0.721875 0.584375 0.359375
0 0.435156 0.4375 0.717188 0.775 0.143188
1 0.435156 0.4375 0.717188 0.775 0.0828247
0 0.434766 0.231836 0.649219 0.405859 0.0531921
1 0.434766 0.231836 0.649219 0.405859 0.0165253
1 0.431152 0.558984 0.720508 0.567969 0.00452042
0 0.431152 0.558984 0.720508 0.567969 0.00395966
0 0.451953 0.182227 0.605469 0.301172 0.00322342
0 0.330078 0.360352 0.519531 0.601172 0.00250244
1 0.451953 0.182227 0.605469 0.301172 0.00160408
0 0.540625 0.416406 0.4875 0.723437 0.00156689
0 0.535156 0.217383 0.49375 0.391016 0.00137806
0 0.433691 0.825 0.541992 0.35 0.00130463
0 0.505469 0.513184 0.554688 0.604883 0.0012207
0 0.390234 0.779102 0.544531 0.441797 0.00109005
0 0.425781 0.435156 0.720312 0.782812 0.776855
1 0.426953 0.516016 0.722656 0.946094 0.157349
1 0.427246 0.370313 0.718945 0.678906 0.0279083
0 0.436035 0.285742 0.710742 0.494922 0.00584412
1 0.418652 0.449609 0.712695 0.810156 0.690918
0 0.418652 0.449609 0.712695 0.810156 0.0153656
0 0.892969 0.939062 0.214062 0.109375 0.0138474
1 0.34375 0.367969 0.523438 0.642187 0.00551224
1 0.598828 0.446875 0.378906 0.8 0.00540543
0 0.886328 0.933594 0.227344 0.132812 0.00424957
0 0.945312 0.101562 0.09375 0.203125 0.00324821
1 0.892187 0.94375 0.215625 0.10625 0.00291252
0 0.786719 0.975781 0.3375 0.0484375 0.00283432
0 0.0664062 0.925781 0.132812 0.148438 0.00263214
0 0.849023 0.95 0.301953 0.1 0.00257111
0 0 0.936719 0 0.126563 0.00244331
0 0.0980469 0.921484 0.196094 0.157031 0.00234985
1 0.526953 0.474609 0.510156 0.753906 0.00225258
0 0.828125 0.960547 0.34375 0.0789063 0.00217438
0 0.00482178 0.932031 0.00964355 0.135937 0.00211525
1 0.949609 0.108105 0.100781 0.216211 0.00152493
0 0 0.890625 0 0.184375 0.00148392
0 0 0.917969 0 0.164062 0.00138283
0 0 0.85332 0 0.183984 0.00134563
0 0.972656 0.982813 0.0546875 0.034375 0.00126934
0 0.00478516 0.578906 0.00957031 0.173438 0.00124454
0 0.0220947 0.0145508 0.0441895 0.0291016 0.00123024
0 0 0.465234 0 0.184375 0.00113392
0 0 0.81582 0 0.183984 0.00112915
0 0.0535156 0.9 0.107031 0.19375 0.00112057
0 0.907812 0.9375 0.184375 0.11875 0.00110722
0 0 0.427734 0 0.184375 0.0011034
0 0 0.502734 0 0.184375 0.00109005
0 0 0.390234 0 0.184375 0.00107288
0 0 0.340234 0 0.184375 0.00104046
1 0.41875 0.328906 0.739062 0.578125 0.00102425
0 0.165918 0.918359 0.331836 0.163281 0.00101662
0 0 0.101758 0 0.183594 0.00101185
0 0.423438 0.397559 0.728125 0.692383 0.872559
1 0.418359 0.492969 0.716406 0.904688 0.13269
0 0.421191 0.246094 0.70293 0.420312 0.0292511
1 0.417871 0.335938 0.733008 0.564844 0.0164032
0 0.889063 0.945312 0.190625 0.096875 0.0113297
0 0.889063 0.969531 0.221875 0.0609375 0.00191879
0 0.946094 0.0760742 0.107813 0.152148 0.00182438
0 0.555469 0.895312 0.201562 0.19375 0.00168705
0 0.934375 0.9375 0.13125 0.103125 0.00105667
0 0.661328 0.602344 0.280469 0.48125 0.00102425
0 0.836719 0.972266 0.248437 0.0554687 0.00102425
1 0.432422 0.459375 0.699219 0.820312 0.850098
0 0.430469 0.459766 0.698438 0.828906 0.0682983
0 0.896094 0.94375 0.179688 0.1125 0.00443268
0 0.516797 0.860156 0.803906 0.279687 0.00115108
1 0.5 0.845703 0.828125 0.308594 0.00106907
0 0.43291 0.336133 0.687305 0.596484 0.00100803
1 0.421875 0.436719 0.728125 0.8 0.888672
0 0.424121 0.430566 0.72832 0.795117 0.0165253
1 0.41875 0.301953 0.732813 0.530469 0.00624084
0 0.518359 0.826367 0.785156 0.344141 0.00325966
0 0.903125 0.935938 0.171875 0.128125 0.00242424
0 0.613672 0.642187 0.357031 0.5625 0.00221634
1 0.487109 0.843359 0.819531 0.313281 0.00190449
0 0.41875 0.301953 0.732813 0.530469 0.00161648
0 0.471191 0.870313 0.799805 0.259375 0.00161648
0 0.318945 0.778125 0.437109 0.44375 0.00158501
0 0.917188 0.957812 0.165625 0.084375 0.00142097
0 0.622656 0.511816 0.35 0.657617 0.00137806
0 0.922656 0.914453 0.154687 0.171094 0.00135136
1 0.613672 0.642187 0.357031 0.5625 0.00133514
0 0.256055 0.755078 0.319141 0.460156 0.00133514
1 0.35957 0.767578 0.487891 0.464844 0.0011425
0 0.385547 0.814453 0.574219 0.371094 0.00106907
1 0.525391 0.801562 0.671094 0.38125 0.00104046
0 0.355078 0.728516 0.446094 0.482031 0.00103664
1 0.622656 0.511816 0.35 0.657617 0.00102043
1 0.428516 0.457031 0.735156 0.829687 0.756348
0 0.422266 0.445996 0.724219 0.789258 0.461914
0 0.00466309 0.927344 0.00932617 0.145313 0.00588989
0 0.959375 0.935938 0.08125 0.128125 0.00243378
0 0.904688 0.976562 0.190625 0.046875 0.00216484
0 0.0046875 0.598437 0.009375 0.25 0.00206757
0 0.61875 0.617578 0.351562 0.425781 0.00182438
0 0.758203 0.954297 0.483594 0.0914062 0.00150681
0 0.856836 0.957031 0.286328 0.0859375 0.00147247
0 0.657031 0.567871 0.265625 0.514258 0.00146675
0 0.0783203 0.386328 0.0558594 0.154687 0.00141621
1 0.0045166 0.946094 0.0090332 0.107813 0.00133514
1 0.638672 0.589844 0.311719 0.470313 0.00127411
0 0 0.960156 0 0.0796875 0.0011425
0 0.948047 0.975781 0.103906 0.0484375 0.00112438
1 0.431641 0.452344 0.733594 0.828125 0.705078
0 0.425684 0.440625 0.725195 0.809375 0.320068
0 0.449316 0.678516 0.748242 0.363281 0.00264168
1 0.449316 0.678516 0.748242 0.363281 0.00201035
0 0.440625 0.613672 0.696875 0.461719 0.00154305
1 0.440625 0.613672 0.696875 0.461719 0.0014782
0 0.0460938 0.972266 0.0921875 0.0554687 0.00140476
0 0.633984 0.639063 0.316406 0.36875 0.00135612
0 0.571094 0.634375 0.425 0.390625 0.00133514
1 0.571094 0.634375 0.425 0.390625 0.0012846
1 0.645703 0.616406 0.289844 0.410937 0.00121593
1 0.427344 0.459766 0.715625 0.830469 0.900879
0 0.430566 0.494531 0.701367 0.917188 0.0565491
0 0.590234 0.195312 0.378906 0.319531 0.00148392
1 0.426953 0.449219 0.717969 0.820312 0.898926
0 0.417578 0.452344 0.746094 0.821875 0.02034
0 0.585156 0.203516 0.385938 0.328125 0.0030632
0 0.632812 0.63125 0.321875 0.40625 0.0020752
0 0.655469 0.58125 0.26875 0.503125 0.00201035
1 0.585156 0.203516 0.385938 0.328125 0.00168705
0 0.547266 0.160156 0.477344 0.242188 0.00161076
1 0.655469 0.58125 0.26875 0.503125 0.00129986
1 0.632812 0.63125 0.321875 0.40625 0.00114727
1 0.547266 0.160156 0.477344 0.242188 0.00100803
1 0.422266 0.436719 0.727344 0.8 0.888184
0 0.423535 0.430469 0.72793 0.795313 0.0170441
1 0.418652 0.302734 0.733008 0.532031 0.00591278
0 0.518066 0.826367 0.785742 0.344141 0.00325966
0 0.903125 0.935156 0.171875 0.129688 0.00234985
0 0.614062 0.64209 0.35625 0.562695 0.00220871
1 0.486719 0.843359 0.81875 0.313281 0.00191879
0 0.471191 0.870117 0.799805 0.259766 0.00161648
0 0.319336 0.778125 0.437891 0.44375 0.00158501
0 0.418652 0.302734 0.733008 0.532031 0.00156689
0 0.917188 0.957812 0.165625 0.084375 0.00140476
0 0.622656 0.511719 0.35 0.657812 0.00138855
0 0.256201 0.755469 0.319629 0.460938 0.00134087
0 0.922656 0.913672 0.154687 0.172656 0.00133038
1 0.614062 0.64209 0.35625 0.562695 0.00132465
1 0.359375 0.767187 0.488281 0.465625 0.00115108
0 0.385547 0.814453 0.575 0.371094 0.00106525
0 0.354883 0.728906 0.446484 0.482812 0.00104427
1 0.525391 0.801562 0.671094 0.38125 0.00104427
1 0.622656 0.511719 0.35 0.657812 0.00102806
