0 0.481934 0.553906 0.686133 0.865625 0.737793
1 0.463672 0.509375 0.708594 0.917188 0.546875
0 0.44834 0.141602 0.375195 0.283203 0.153076
1 0.44834 0.141602 0.375195 0.283203 0.0555115
0 0.446484 0.222461 0.366406 0.444922 0.0179138
0 0.467578 0.106055 0.309375 0.212109 0.012146
1 0.446484 0.222461 0.366406 0.444922 0.0105667
1 0.467578 0.106055 0.309375 0.212109 0.00448608
1 0.442969 0.391016 0.403125 0.772656 0.00421524
0 0.442969 0.391016 0.403125 0.772656 0.00407028
0 0.544922 0.434766 0.510156 0.661719 0.00203514
0 0.14834 0.237549 0.192383 0.29834 0.00193405
0 0.470703 0.466406 0.542188 0.907812 0.00181007
1 0.441406 0.457812 0.534375 0.915625 0.00163555
1 0.544922 0.434766 0.510156 0.661719 0.00148964
0 0.60459 0.435937 0.464258 0.83125 0.00104427
0 0.473047 0.533594 0.711719 0.898438 0.74707
1 0.473047 0.533594 0.711719 0.898438 0.0118713
0 0.507422 0.121094 0.278125 0.242188 0.00224304
0 0.482812 0.155469 0.323438 0.294531 0.00211525
0 0.474609 0.622559 0.700781 0.706445 0.607422
1 0.467578 0.630078 0.724219 0.717969 0.0856934
0 0.156836 0.292773 0.174609 0.186328 0.0456848
1 0.152832 0.294531 0.163086 0.189844 0.0134811
0 0.451562 0.139453 0.374219 0.278906 0.00671768
0 0.476172 0.102344 0.342187 0.202344 0.00484848
0 0.539062 0.107617 0.203125 0.215234 0.00428009
0 0.276367 0.358984 0.0570313 0.107813 0.00397491
0 0.0213867 0.0146973 0.0427734 0.0293945 0.00293541
0 0 0.0469727 0 0.0939453 0.00282288
0 0.00617676 0.0125732 0.0123535 0.0251465 0.00273705
0 0 0.936719 0 0.126563 0.00251198
1 0.451562 0.139453 0.374219 0.278906 0.00234222
0 0.00484619 0.932031 0.00969238 0.135937 0.00214005
0 0 0.102954 0 0.183936 0.00210762
0 0 0.0787598 0 0.15752 0.00198746
0 0 0.140527 0 0.183789 0.0019722
1 0.476172 0.102344 0.342187 0.202344 0.00194168
0 0.0931641 0.108398 0.186328 0.216797 0.0018034
1 0.398828 0.408594 0.180469 0.223438 0.00179577
0 0.400781 0.425781 0.185156 0.239844 0.00168705
0 0 0.917969 0 0.164062 0.00150681
0 0 0.178125 0 0.183594 0.0014782
0 0 0.890625 0 0.184375 0.00143242
0 0 0.302734 0 0.182812 0.00135612
0 0 0.689844 0 0.18125 0.00133514
0 0.0048584 0.0234375 0.0097168 0.046875 0.00132465
0 0.588184 0.633203 0.462695 0.725781 0.00129414
0 0 0.853125 0 0.182812 0.00125504
0 0.972656 0.982422 0.0546875 0.0351562 0.00124454
0 0 0.265039 0 0.183594 0.0012207
0 0 0.340234 0 0.184375 0.0012064
0 0.471191 0.128027 0.266992 0.245117 0.00118828
0 0 0.652344 0 0.185156 0.00109005
0 0 0.815625 0 0.182812 0.00109005
0 0 0.377734 0 0.184375 0.00104809
0 0.815625 0.957031 0.33125 0.0859375 0.00101662
0 0 0.228125 0 0.183984 0.00101662
0 0 0.952344 0 0.0953125 0.00101662
0 0.592188 0.0555176 0.0859375 0.111035 0.00100422
0 0.296533 0.965625 0.393652 0.06875 0.00100422
0 0.461719 0.618652 0.721875 0.762695 0.932129
0 0.151855 0.297266 0.15918 0.169531 0.103394
1 0.14834 0.296094 0.150586 0.167969 0.0104065
0 0.451953 0.112524 0.204688 0.196436 0.00624084
0 0.370313 0.400781 0.128906 0.171094 0.00572968
0 0.455371 0.0956055 0.35957 0.182227 0.00460815
0 0.545313 0.0915771 0.167187 0.18208 0.00385475
0 0.432422 0.134473 0.1625 0.21543 0.00317192
0 0.147949 0.273486 0.195508 0.213184 0.00288963
0 0.157227 0.321875 0.137891 0.104687 0.0026722
0 0.481641 0.230469 0.161719 0.125391 0.00210762
1 0.464746 0.616309 0.720508 0.764258 0.00209999
0 0.133618 0.282617 0.137061 0.161719 0.0017271
0 0.160718 0.247705 0.196924 0.276465 0.00172043
0 0.563672 0.0755371 0.145313 0.151074 0.00150108
0 0.0806152 0.10061 0.16123 0.198779 0.00144386
0 0.449316 0.153516 0.376367 0.285156 0.00139904
0 0.501562 0.0813232 0.372656 0.155322 0.00130463
0 0.0713379 0.122461 0.12998 0.224609 0.00125504
0 0.123438 0.0984375 0.244531 0.196875 0.00118828
0 0.779688 0.732813 0.301562 0.521875 0.00107765
0 0.456641 0.0682617 0.425 0.136523 0.00102043
0 0.466016 0.608984 0.722656 0.763281 0.882324
1 0.467578 0.605469 0.721094 0.782812 0.0254669
0 0.153223 0.289062 0.156055 0.185156 0.00948334
0 0.752734 0.718359 0.311719 0.563281 0.00121593
0 0.474219 0.621875 0.720312 0.720312 0.782715
1 0.474219 0.621875 0.720312 0.720312 0.0905762
0 0.140039 0.7875 0.280078 0.425 0.00352478
0 0.448047 0.2 0.40625 0.39375 0.00259018
0 0.14082 0.849023 0.281641 0.301953 0.002388
0 0.460547 0.122559 0.427344 0.245117 0.00218201
0 0.890234 0.830078 0.219531 0.339844 0.00214958
0 0.498535 0.488965 0.712305 0.593945 0.00209045
0 0.671875 0.753906 0.351562 0.492188 0.00200272
0 0.828125 0.783203 0.34375 0.433594 0.00178909
0 0.753906 0.759766 0.379687 0.480469 0.00139904
0 0.616797 0.738281 0.474219 0.521875 0.00135136
0 0.169629 0.264453 0.243555 0.528906 0.00130939
0 0.471875 0.0879883 0.445312 0.175977 0.00123501
0 0.801562 0.833594 0.38125 0.332812 0.00118828
0 0.679688 0.495996 0.325 0.623633 0.00117397
0 0.840234 0.873047 0.319531 0.253906 0.00117397
0 0.194141 0.781055 0.324609 0.437891 0.00112438
0 0.696875 0.683691 0.3125 0.632617 0.00111198
0 0.642187 0.411719 0.396875 0.425 0.0011034
0 0.480469 0.620313 0.754687 0.73125 0.898926
1 0.479688 0.622266 0.75 0.739844 0.0197601
0 0.00466309 0.927344 0.00932617 0.145313 0.00636292
0 0.153516 0.305859 0.173828 0.209375 0.00450516
0 0.00476074 0.0564941 0.00952148 0.112988 0.00379562
0 0.477734 0.0995117 0.328906 0.199023 0.00374985
0 0.482715 0.0716797 0.317383 0.143359 0.00329781
0 0.00478516 0.721094 0.00957031 0.2375 0.00237846
0 0.959375 0.937891 0.08125 0.124219 0.00176811
0 0.115527 0.141016 0.230664 0.282031 0.00163555
0 0.455078 0.153613 0.364844 0.30293 0.00161076
0 0.00473633 0.116309 0.00947266 0.232617 0.0015974
0 0.00471191 0.231982 0.00942383 0.241504 0.00153637
0 0.00472412 0.0914062 0.00944824 0.182812 0.00150108
0 0.269922 0.352344 0.0820312 0.0601562 0.00144386
1 0.0045166 0.946094 0.0090332 0.107813 0.00143242
0 0 0.0457031 0 0.0914062 0.00137806
0 0.00473633 0.158984 0.00947266 0.247656 0.00136662
0 0.707422 0.733203 0.266406 0.505469 0.00133038
0 0.124414 0.684766 0.0515625 0.128906 0.00132465
0 0 0.960156 0 0.0796875 0.0012846
0 0.00473633 0.892969 0.00947266 0.214062 0.00126457
0 0.662109 0.75625 0.347656 0.479688 0.0011158
0 0.00473633 0.85918 0.00947266 0.247266 0.00109005
0 0.477734 0.61875 0.744531 0.746875 0.888184
1 0.474902 0.617188 0.74082 0.7625 0.0045929
0 0.483203 0.0747559 0.442969 0.146973 0.00204277
0 0.545215 0.780664 0.58457 0.438672 0.00132465
0 0.0341064 0.976172 0.0682129 0.0476562 0.00109482
0 0.484375 0.619629 0.728125 0.74043 0.867188
1 0.484277 0.617871 0.72832 0.751758 0.0247955
0 0.474609 0.588281 0.730469 0.804688 0.875488
1 0.475 0.603125 0.729688 0.782812 0.0290375
0 0.646094 0.454297 0.353125 0.421094 0.00226021
0 0.682813 0.724609 0.307813 0.524219 0.00225258
0 0.667188 0.514844 0.346875 0.58125 0.00178242
0 0.724219 0.766406 0.270312 0.448438 0.00143814
1 0.646094 0.454297 0.353125 0.421094 0.00132465
1 0.682813 0.724609 0.307813 0.524219 0.00129986
0 0.640234 0.758203 0.399219 0.478906 0.00127888
0 0.652734 0.850781 0.364844 0.289062 0.00104809
1 0.667188 0.514844 0.346875 0.58125 0.00100803
0 0.474219 0.621875 0.720312 0.720312 0.78418
1 0.474219 0.621875 0.720312 0.720312 0.0900879
0 0.140137 0.7875 0.280273 0.425 0.00353813
0 0.448047 0.200195 0.405469 0.394141 0.0026207
0 0.14082 0.849023 0.281641 0.301953 0.00237846
0 0.460547 0.123242 0.427344 0.246484 0.00220871
0 0.890234 0.830078 0.219531 0.339844 0.00215721
0 0.498535 0.489746 0.712305 0.595508 0.00209999
0 0.671875 0.754297 0.351562 0.491406 0.00201988
0 0.828125 0.783203 0.34375 0.433594 0.00179577
0 0.754297 0.759766 0.378906 0.480469 0.00140476
0 0.616406 0.739062 0.473437 0.520312 0.00135136
0 0.169922 0.264844 0.244141 0.529688 0.00129414
0 0.471875 0.0882813 0.445312 0.176563 0.00123501
0 0.801562 0.833594 0.38125 0.332812 0.00118828
0 0.840234 0.873047 0.319531 0.253906 0.0011692
0 0.679297 0.495996 0.324219 0.623633 0.0011692
0 0.193945 0.780859 0.324609 0.438281 0.00112438
0 0.696875 0.683691 0.3125 0.632617 0.0011158
0 0.642187 0.411719 0.396875 0.425 0.0011034
1 0.671875 0.754297 0.351562 0.491406 0.00100422
