1 0.506152 0.503516 0.723633 0.867969 0.955078
0 0.506152 0.503516 0.723633 0.867969 0.0604248
1 0.696875 0.499219 0.421875 0.917188 0.0102463
1 0.772266 0.496094 0.346094 0.923437 0.00547028
1 0.43916 0.364453 0.638867 0.586719 0.00163555
0 0.913281 0.49375 0.173438 0.692187 0.00109863
0 0.772266 0.496094 0.346094 0.923437 0.00101662
1 0.45 0.540625 0.685938 0.915625 0.800293
0 0.464063 0.540234 0.696875 0.916406 0.133667
1 0.580371 0.525 0.704883 0.875 0.00234222
1 0.83457 0.507031 0.255859 0.95 0.00161648
1 0.791406 0.514063 0.246875 0.926562 0.00145531
0 0.83457 0.507031 0.255859 0.95 0.00111198
1 0.466406 0.529297 0.689062 0.872656 0.897461
1 0.569141 0.543359 0.446094 0.847656 0.291016
0 0.89375 0.935156 0.2125 0.117188 0.00746155
0 0 0.936719 0 0.126563 0.00218201
0 0.554688 0.978516 0.321875 0.0429688 0.00195694
0 0.00484619 0.932031 0.00969238 0.135937 0.00191212
0 0.886523 0.932031 0.226953 0.135937 0.00188255
0 0.477441 0.978906 0.35293 0.0421875 0.00186729
0 0.0681152 0.926562 0.13623 0.146875 0.00176811
1 0.89375 0.9375 0.2125 0.11875 0.00175476
0 0.840625 0.697656 0.06875 0.339063 0.00167465
1 0.804492 0.563672 0.181641 0.794531 0.0016613
0 0.373633 0.964844 0.358203 0.0703125 0.00162315
0 0.0048584 0.578906 0.0097168 0.175 0.00160408
0 0.0210205 0.0141357 0.042041 0.0282715 0.00147247
0 0.42334 0.976562 0.370508 0.046875 0.00145531
0 0.143945 0.921094 0.287891 0.157813 0.00144958
0 0.848437 0.941016 0.303125 0.117969 0.00141048
0 0.946875 0.100586 0.0875 0.201172 0.0012846
0 0.439453 0.96875 0.284375 0.0625 0.00124454
0 0 0.890625 0 0.184375 0.00123501
0 0 0.917969 0 0.164062 0.00119686
0 0.00639648 0.0121216 0.012793 0.0242432 0.00114727
0 0.971875 0.983203 0.05625 0.0335938 0.0011425
0 0 0.046582 0 0.0931641 0.00113773
0 0 0.85332 0 0.183984 0.00112438
0 0.823828 0.959766 0.352344 0.0804688 0.00112438
1 0.641406 0.550781 0.395312 0.832812 0.0011158
1 0.840625 0.697656 0.06875 0.339063 0.00108147
0 0 0.603906 0 0.178125 0.00106525
0 0 0.101782 0 0.183936 0.00106525
1 0.192969 0.607813 0.114844 0.275 0.00106525
0 0.782617 0.973437 0.353516 0.053125 0.00104046
0 0.610937 0.972266 0.340625 0.0554687 0.00102425
0 0 0.81582 0 0.183984 0.00100803
1 0.473535 0.530469 0.699805 0.923437 0.872559
0 0.473535 0.530469 0.699805 0.923437 0.03125
0 0.889063 0.94375 0.190625 0.1 0.00538635
0 0.476953 0.979297 0.391406 0.0414063 0.00271416
0 0.946094 0.0610352 0.107813 0.12207 0.0017004
1 0.476953 0.979297 0.391406 0.0414063 0.00126457
1 0.789062 0.523047 0.228125 0.903906 0.00118351
1 0.512402 0.525391 0.775195 0.889844 0.933594
0 0.512109 0.521484 0.772656 0.872656 0.00818634
0 0.493066 0.960938 0.438867 0.078125 0.00319672
1 0.82832 0.521875 0.330859 0.903125 0.0024147
1 0.493066 0.960938 0.438867 0.078125 0.00209999
0 0.432031 0.948438 0.529688 0.103125 0.00153637
0 0.896875 0.938281 0.176563 0.123438 0.00142097
1 0.758594 0.523047 0.290625 0.892969 0.0012598
0 0.82832 0.521875 0.330859 0.903125 0.00121117
1 0.983203 0.560254 0.0335938 0.749805 0.00120163
0 0.572656 0.967188 0.58125 0.065625 0.00113392
1 0.935938 0.542188 0.128125 0.859375 0.00112438
0 0.983203 0.560254 0.0335938 0.749805 0.00106525
1 0.513965 0.520703 0.77207 0.847656 0.916504
0 0.771875 0.432422 0.271875 0.619531 0.00185299
1 0.498047 0.392969 0.752344 0.621875 0.00183868
0 0.508496 0.514063 0.787695 0.84375 0.00167465
1 0.771875 0.432422 0.271875 0.619531 0.00161076
0 0.248437 0.763281 0.472656 0.473437 0.00143242
1 0.248437 0.763281 0.472656 0.473437 0.00136185
0 0.447656 0.98125 0.448438 0.0375 0.0012846
0 0.742969 0.366016 0.317187 0.55625 0.00123978
1 0.267139 0.755469 0.31416 0.460938 0.00118828
1 0.728125 0.524316 0.359375 0.743555 0.00116539
0 0.705078 0.521484 0.433594 0.703906 0.00116539
1 0.742969 0.366016 0.317187 0.55625 0.00105286
0 0.198633 0.799219 0.389453 0.401563 0.00101662
1 0.447656 0.98125 0.448438 0.0375 0.00101662
1 0.521484 0.520703 0.791406 0.905469 0.887695
0 0.522266 0.527344 0.786719 0.860937 0.0195007
0 0.00466309 0.927344 0.00932617 0.145313 0.00575256
1 0.40166 0.98125 0.545117 0.0375 0.00312424
0 0.00473633 0.598828 0.00947266 0.25 0.00279045
0 0.40166 0.98125 0.545117 0.0375 0.00252151
0 0.958984 0.936719 0.0820312 0.126563 0.00186062
1 0.499609 0.980078 0.644531 0.0398437 0.00156116
0 0.863281 0.971484 0.273438 0.0570313 0.00135612
1 0.0045166 0.945312 0.0090332 0.109375 0.00135612
1 0.458594 0.934375 0.642187 0.1125 0.00131989
0 0.758984 0.966406 0.482031 0.0671875 0.00130463
1 0.755859 0.538965 0.296094 0.71582 0.00125504
1 0.603809 0.98125 0.600195 0.0375 0.00120163
0 0.0045166 0.648438 0.0090332 0.25 0.00118828
0 0 0.973047 0 0.0539063 0.00116062
1 0.517578 0.526563 0.810156 0.871875 0.859863
0 0.515625 0.530078 0.807813 0.874219 0.053009
0 0.457812 0.978125 0.775 0.04375 0.00300407
1 0.506934 0.769531 0.77832 0.392188 0.00202751
1 0.457812 0.978125 0.775 0.04375 0.00188923
0 0.0483398 0.977734 0.0966797 0.0445312 0.00161648
0 0.487109 0.776758 0.744531 0.374609 0.00146675
1 0.640723 0.972656 0.685742 0.0546875 0.00115108
0 0.605859 0.975 0.727344 0.05 0.00104427
0 0.762695 0.961328 0.474609 0.0773437 0.00104046
1 0.508594 0.528125 0.745313 0.8875 0.910156
0 0.519434 0.525781 0.787695 0.892187 0.0088501
1 0.775781 0.549609 0.254687 0.813281 0.00101662
1 0.518848 0.529688 0.787305 0.864062 0.914551
0 0.519141 0.532031 0.788281 0.876562 0.00416565
1 0.769531 0.500684 0.264062 0.65957 0.00168133
1 0.758203 0.401172 0.294531 0.478906 0.00137234
0 0.758203 0.401172 0.294531 0.478906 0.00101185
1 0.509375 0.510938 0.76875 0.864062 0.916504
0 0.771875 0.433203 0.271875 0.620313 0.00185299
0 0.508496 0.513672 0.787695 0.844531 0.00170708
1 0.771875 0.433203 0.271875 0.620313 0.00162315
0 0.248047 0.763281 0.472656 0.473437 0.00143242
1 0.248047 0.763281 0.472656 0.473437 0.00135612
0 0.447656 0.98125 0.448438 0.0375 0.00127888
0 0.742578 0.366406 0.317969 0.557031 0.00123978
1 0.488281 0.324414 0.7375 0.479297 0.00118828
1 0.267529 0.755469 0.314941 0.460938 0.00118828
1 0.727734 0.524902 0.360156 0.743945 0.00118351
0 0.705469 0.521484 0.432813 0.703906 0.00117874
1 0.742578 0.366406 0.317969 0.557031 0.00105667
1 0.447656 0.98125 0.448438 0.0375 0.00101185
0 0.198486 0.799219 0.388965 0.401563 0.00100803
