1 0.571094 0.489453 0.782812 0.875781 0.928223
1 0.714844 0.480469 0.525 0.870313 0.203125
1 0.409766 0.500391 0.55 0.872656 0.0742188
1 0.507422 0.316602 0.747656 0.556641 0.062439
1 0.779688 0.385254 0.410937 0.645117 0.0529175
1 0.375 0.306445 0.46875 0.521484 0.0149002
1 0.812305 0.473047 0.362891 0.836719 0.0142822
0 0.571094 0.489453 0.782812 0.875781 0.00534439
0 0.758984 0.466406 0.457031 0.826563 0.00305176
1 0.856641 0.357812 0.286719 0.609375 0.0027256
1 0.625391 0.284766 0.644531 0.467969 0.00224304
1 0.550781 0.238672 0.798437 0.404687 0.00179577
0 0.832031 0.407031 0.326562 0.696094 0.00174141
1 0.558496 0.180664 0.751758 0.361328 0.00106525
1 0.543359 0.534375 0.867969 0.93125 0.886719
0 0.537109 0.489062 0.874219 0.85 0.0589905
1 0.538672 0.333984 0.825781 0.54375 0.00154877
1 0.539844 0.473047 0.914062 0.825781 0.924805
1 0.710938 0.502344 0.55 0.823438 0.0463867
0 0.479004 0.979688 0.42793 0.040625 0.00332451
0 0 0.942969 0 0.114063 0.00324821
0 0.965625 0.915625 0.06875 0.16875 0.00314713
0 0.543359 0.978125 0.376563 0.04375 0.00313568
0 0.00483398 0.932031 0.00966797 0.135937 0.00298119
1 0.479004 0.979688 0.42793 0.040625 0.00276756
1 0.543359 0.978125 0.376563 0.04375 0.00261116
0 0.423438 0.798633 0.159375 0.212109 0.00221634
0 0.395215 0.965625 0.38457 0.06875 0.00216484
0 0.971094 0.975781 0.0578125 0.0484375 0.00215721
0 0 0.826758 0 0.183984 0.00213242
0 0.424219 0.977344 0.339844 0.0453125 0.00201035
0 0.119727 0.925 0.239453 0.14375 0.00193405
0 0.610937 0.976172 0.340625 0.0476562 0.00186062
1 0.898438 0.508594 0.159375 0.305469 0.00184631
0 0 0.924609 0 0.150781 0.00171375
1 0.341406 0.788867 0.235938 0.234766 0.00169373
0 0.562109 0.985156 0.175781 0.0296875 0.00160408
1 0.610937 0.976172 0.340625 0.0476562 0.00158501
0 0.350049 0.952344 0.384277 0.0953125 0.00155449
0 0.341406 0.788867 0.235938 0.234766 0.0014267
1 0.430859 0.77832 0.144531 0.262109 0.00141048
0 0 0.79043 0 0.184766 0.00139904
0 0.970312 0.899609 0.059375 0.200781 0.00134087
1 0.424219 0.977344 0.339844 0.0453125 0.00131989
0 0 0.903125 0 0.184375 0.00131512
0 0.533594 0.491797 0.929688 0.841406 0.00130463
0 0.58125 0.81875 0.232812 0.165625 0.00126934
0 0 0.952344 0 0.0953125 0.00126457
0 0 0.86582 0 0.183984 0.00125504
0 0.511719 0.984375 0.179688 0.03125 0.00116539
0 0 0.690625 0 0.184375 0.00113773
0 0 0.753125 0 0.184375 0.00113773
0 0 0.365234 0 0.184375 0.00112438
0 0 0.653125 0 0.184375 0.00111198
1 0.594531 0.818945 0.201562 0.168359 0.00109482
0 0 0.615625 0 0.184375 0.00108147
0 0 0.414746 0 0.18457 0.00107288
0 0 0.577734 0 0.184375 0.00104046
1 0.408594 0.795313 0.192188 0.214062 0.00103188
0 0 0.540234 0 0.184375 0.00102425
0 0.0218994 0.0141357 0.0437988 0.0282715 0.00102425
0 0.615234 0.985156 0.182031 0.0296875 0.00101662
1 0.548437 0.5 0.85 0.896875 0.925781
0 0.332617 0.614062 0.153516 0.189063 0.00559998
0 0.0731934 0.926562 0.137598 0.128125 0.00510025
0 0.972656 0.911719 0.0546875 0.159375 0.00325966
0 0.546094 0.507031 0.857813 0.889063 0.0030632
1 0.47959 0.978125 0.79082 0.04375 0.00277901
0 0.438281 0.978125 0.739062 0.04375 0.00268364
0 0.960156 0.942187 0.0796875 0.115625 0.00242424
1 0.510938 0.95 0.907812 0.084375 0.00211525
0 0.576953 0.83457 0.164062 0.140234 0.00209045
0 0.315625 0.634375 0.126563 0.204688 0.00168705
0 0.161816 0.939062 0.322852 0.11875 0.00166798
0 0.588672 0.978906 0.685156 0.0421875 0.00144958
0 0.440625 0.823438 0.120312 0.134375 0.00139427
1 0.365625 0.979297 0.667969 0.0414063 0.00132465
0 0.308203 0.807031 0.182031 0.173438 0.00124454
0 0.421094 0.828125 0.144531 0.14375 0.00116539
1 0.332617 0.614062 0.153516 0.189063 0.00115585
0 0.223828 0.942187 0.444531 0.115625 0.00102806
1 0.620313 0.980469 0.601562 0.0390625 0.00100803
1 0.533594 0.49375 0.896875 0.8625 0.957031
1 0.517969 0.9625 0.84375 0.075 0.00445175
1 0.508203 0.921875 0.911719 0.15625 0.00397491
0 0.495313 0.959375 0.825 0.08125 0.0028553
1 0.418652 0.95625 0.637695 0.0875 0.00214958
1 0.615234 0.966406 0.635156 0.0671875 0.00162315
1 0.41709 0.903125 0.726758 0.19375 0.00139904
0 0.971094 0.0599609 0.0578125 0.119922 0.00106525
0 0.615234 0.966406 0.635156 0.0671875 0.00106049
0 0.38125 0.961719 0.603125 0.0765625 0.00100803
1 0.529688 0.469531 0.904688 0.839063 0.935547
1 0.485938 0.951563 0.853125 0.096875 0.00588989
1 0.481934 0.975781 0.748633 0.0484375 0.00268364
0 0.937891 0.805273 0.124219 0.389453 0.00265312
1 0.502344 0.890625 0.860937 0.2 0.00243378
0 0.979688 0.803125 0.040625 0.39375 0.00225258
0 0.481934 0.975781 0.748633 0.0484375 0.00223351
0 0.485938 0.951563 0.853125 0.096875 0.00217438
0 0.528125 0.486719 0.914062 0.829687 0.00163555
0 0.156055 0.764844 0.291016 0.470313 0.00160408
0 0.950781 0.835742 0.0984375 0.328516 0.00152493
1 0.937891 0.805273 0.124219 0.389453 0.00149536
0 0.152148 0.877344 0.304297 0.24375 0.00135612
1 0.979688 0.803125 0.040625 0.39375 0.00124454
0 0.871094 0.2625 0.257812 0.48125 0.00120163
1 0.866406 0.244971 0.257812 0.39209 0.00119209
0 0.800391 0.713281 0.399219 0.573438 0.00114727
0 0.742188 0.814844 0.515625 0.370313 0.00114727
0 0.915234 0.777734 0.169531 0.444531 0.00112057
1 0.156055 0.764844 0.291016 0.470313 0.00100803
1 0.871484 0.329688 0.257031 0.542188 0.00100422
1 0.544922 0.484375 0.910156 0.870313 0.934082
0 0.0046875 0.927344 0.009375 0.145313 0.00905609
1 0.497656 0.979297 0.840625 0.0414063 0.00703812
1 0.521094 0.951953 0.910937 0.0960938 0.00564194
0 0.535937 0.489062 0.917188 0.865625 0.00407028
0 0.478906 0.979297 0.853125 0.0414063 0.00328636
1 0.371094 0.978906 0.6625 0.0421875 0.00269318
0 0.00466309 0.817187 0.00932617 0.229687 0.0024147
1 0.0045166 0.946094 0.0090332 0.107813 0.00182438
0 0.964063 0.93125 0.071875 0.1375 0.00179577
1 0.528906 0.901563 0.9125 0.10625 0.00175476
0 0 0.959766 0 0.0804688 0.00175476
1 0.564062 0.982813 0.603125 0.034375 0.00171375
0 0.886719 0.293408 0.226562 0.360059 0.00144958
0 0.00471191 0.870313 0.00942383 0.242188 0.00143242
0 0.808008 0.241992 0.346484 0.297266 0.00141048
1 0.886719 0.293408 0.226562 0.360059 0.00133514
1 0.85 0.27207 0.298438 0.348047 0.00132465
0 0.960938 0.9625 0.078125 0.075 0.00128937
0 0.929688 0.992188 0.109375 0.015625 0.0012846
0 0.154199 0.929688 0.308398 0.140625 0.00118351
1 0.00473633 0.91875 0.00947266 0.1625 0.00116062
0 0.85 0.27207 0.298438 0.348047 0.00115108
0 0.0400391 0.992188 0.0800781 0.015625 0.00111198
1 0.808008 0.241992 0.346484 0.297266 0.0011034
0 0.948828 0.992188 0.102344 0.015625 0.00109482
1 0.741797 0.702344 0.435156 0.423438 0.00109005
0 0.788281 0.696094 0.384375 0.445312 0.00105667
0 0.928906 0.985156 0.0390625 0.0296875 0.00105667
0 0.322266 0.976562 0.636719 0.046875 0.00104809
1 0.610059 0.942187 0.664258 0.115625 0.00104046
1 0.525781 0.491797 0.948438 0.847656 0.911621
1 0.520312 0.95625 0.934375 0.0875 0.00734711
1 0.5125 0.969141 0.925 0.0617188 0.0068512
1 0.529688 0.630078 0.925 0.561719 0.0051384
1 0.529688 0.774805 0.9125 0.272266 0.0045929
1 0.539453 0.380566 0.894531 0.635742 0.00436401
0 0.475781 0.969531 0.9375 0.0609375 0.00385475
0 0.530469 0.496875 0.926562 0.846875 0.00276756
1 0.522266 0.817187 0.883594 0.19375 0.00175476
1 0.528125 0.907812 0.921875 0.096875 0.00174141
1 0.652734 0.773438 0.614844 0.264062 0.00161648
1 0.388281 0.962109 0.776563 0.0757812 0.00153637
1 0.402344 0.950781 0.804688 0.0984375 0.00153065
0 0.388281 0.962109 0.776563 0.0757812 0.00128937
1 0.610547 0.977344 0.707031 0.0453125 0.0012064
0 0.581348 0.975 0.768555 0.05 0.00112057
0 0.520312 0.95625 0.934375 0.0875 0.00110722
1 0.61084 0.948047 0.72207 0.103906 0.00108147
1 0.791406 0.24707 0.401563 0.300391 0.00104046
1 0.539844 0.502734 0.873438 0.882031 0.952148
1 0.845508 0.26792 0.290234 0.368848 0.00302696
0 0.845508 0.26792 0.290234 0.368848 0.00265312
1 0.811133 0.228955 0.343359 0.315527 0.00263214
0 0.811133 0.228955 0.343359 0.315527 0.00254059
0 0.541797 0.497266 0.903906 0.861719 0.00203514
1 0.887305 0.317578 0.225391 0.453125 0.00107288
1 0.544141 0.496484 0.902344 0.841406 0.932617
1 0.803906 0.238477 0.373437 0.292578 0.00457382
0 0.803906 0.238477 0.373437 0.292578 0.00376511
0 0.841992 0.27168 0.300391 0.342578 0.00348282
1 0.841992 0.27168 0.300391 0.342578 0.00311089
0 0.839844 0.722656 0.295312 0.376563 0.00188255
0 0.881445 0.283643 0.233984 0.37334 0.00182438
1 0.881445 0.283643 0.233984 0.37334 0.00154305
0 0.792383 0.743359 0.365234 0.338281 0.00140476
0 0.528125 0.4875 0.90625 0.848437 0.00111198
1 0.518359 0.946094 0.910156 0.107813 0.00107288
1 0.529688 0.469531 0.904688 0.839063 0.935059
1 0.485938 0.951172 0.851562 0.0976562 0.00582123
1 0.481934 0.975781 0.74707 0.0484375 0.00266266
0 0.937891 0.804688 0.124219 0.390625 0.00264168
1 0.501562 0.889844 0.860937 0.203125 0.0024147
0 0.979688 0.803125 0.040625 0.39375 0.00225258
0 0.481934 0.975781 0.74707 0.0484375 0.00223351
0 0.485938 0.951172 0.851562 0.0976562 0.00216484
0 0.528516 0.486719 0.913281 0.829687 0.0017004
0 0.155762 0.764063 0.29082 0.470313 0.0015974
0 0.950781 0.835742 0.0984375 0.328516 0.0015192
1 0.937891 0.804688 0.124219 0.390625 0.00148392
0 0.152051 0.876367 0.304102 0.244141 0.00133514
1 0.979688 0.803125 0.040625 0.39375 0.00123978
0 0.871094 0.262891 0.257812 0.482031 0.00119209
1 0.866406 0.245361 0.257812 0.392871 0.00118351
0 0.742188 0.814844 0.515625 0.370313 0.00114727
0 0.800586 0.713281 0.398828 0.573438 0.00114727
0 0.915234 0.777734 0.169531 0.444531 0.00112438
