0 0.506641 0.433984 0.827344 0.700781 0.930664
1 0.516016 0.411328 0.819531 0.639063 0.0167847
0 0.524902 0.33418 0.79707 0.534766 0.00671768
0 0.7625 0.757031 0.33125 0.46875 0.00322342
0 0.424609 0.812891 0.689844 0.374219 0.00176144
0 0.712109 0.386719 0.549219 0.695312 0.00144958
0 0.613184 0.388281 0.64707 0.615625 0.00122547
0 0.868945 0.360156 0.262109 0.525 0.00105286
0 0.808789 0.388965 0.382422 0.686133 0.00102425
0 0.509766 0.5375 0.839844 0.925 0.915039
0 0.78125 0.793555 0.303125 0.381641 0.00416565
1 0.514063 0.541406 0.840625 0.917188 0.00356483
0 0.720703 0.791406 0.408594 0.389062 0.0017004
0 0.512109 0.425391 0.867969 0.682813 0.00153637
0 0.498047 0.517578 0.857031 0.867969 0.808594
0 0.749609 0.803125 0.360156 0.392188 0.552734
0 0.366016 0.50625 0.638281 0.834375 0.244385
1 0.499219 0.513672 0.86875 0.858594 0.0206451
1 0.754687 0.8 0.348437 0.398438 0.01297
0 0.656641 0.476953 0.546094 0.785156 0.00407028
0 0 0.936719 0 0.126563 0.00319672
0 0.501562 0.928125 0.245312 0.140625 0.00307465
0 0.938281 0.88457 0.123438 0.230859 0.00307465
0 0.00484619 0.932031 0.00969238 0.135937 0.00282288
1 0.366016 0.50625 0.638281 0.834375 0.00271416
0 0.895312 0.927734 0.209375 0.144531 0.00217438
0 0 0.739062 0 0.184375 0.00178242
0 0.648438 0.788672 0.45625 0.422656 0.00177479
0 0 0.917969 0 0.164062 0.00176811
0 0.110352 0.89375 0.220703 0.209375 0.00175476
0 0 0.389062 0 0.183594 0.0016613
0 0.0203369 0.0143555 0.0406738 0.0287109 0.0016613
0 0.514746 0.928125 0.343945 0.14375 0.00157356
0 0 0.890625 0 0.184375 0.00155449
0 0 0.352148 0 0.183984 0.00138855
0 0 0.85332 0 0.183984 0.00132465
0 0.0908203 0.889063 0.163672 0.221875 0.00131512
0 0 0.0466797 0 0.0933594 0.00131512
0 0.00620117 0.0122314 0.0124023 0.0244629 0.00130939
1 0.110352 0.89375 0.220703 0.209375 0.00129986
0 0.971875 0.980859 0.05625 0.0382813 0.0012846
0 0 0.702734 0 0.185156 0.00124931
0 0 0.665234 0 0.185156 0.00122547
0 0 0.952344 0 0.0953125 0.00121593
0 0.344336 0.970312 0.386328 0.059375 0.00120163
0 0 0.627734 0 0.185156 0.00117874
0 0 0.540625 0 0.184375 0.00116062
0 0 0.502734 0 0.184375 0.0011158
0 0 0.77793 0 0.181641 0.00110722
1 0.501562 0.928125 0.245312 0.140625 0.0011034
0 0 0.590234 0 0.184375 0.00109863
0 0 0.427441 0 0.18418 0.00108147
0 0.812695 0.730859 0.249609 0.253906 0.00107288
0 0.778125 0.757812 0.3125 0.351562 0.00103188
1 0.0908203 0.889063 0.163672 0.221875 0.00102425
0 0 0.465234 0 0.184375 0.00100803
0 0.509375 0.516797 0.85625 0.872656 0.938965
0 0.698438 0.780469 0.460938 0.435937 0.345215
0 0.371875 0.496875 0.603906 0.80625 0.0323486
0 0.639453 0.752734 0.557031 0.494531 0.0225067
0 0.4875 0.934375 0.214062 0.125 0.0197144
0 0.695703 0.673437 0.474219 0.615625 0.00743103
0 0.785937 0.725 0.25625 0.228125 0.00345612
0 0.454688 0.944531 0.84375 0.110937 0.00318527
0 0.0808105 0.916406 0.161621 0.164062 0.00281143
0 0.697656 0.841406 0.378125 0.314063 0.00251198
0 0.513281 0.315234 0.809375 0.439844 0.002388
0 0.491016 0.975781 0.725781 0.0484375 0.00214958
0 0.258252 0.462109 0.399121 0.685156 0.00194931
0 0.927344 0.90625 0.132812 0.184375 0.00184631
0 0.5375 0.9125 0.692187 0.171875 0.00170708
0 0.595703 0.876758 0.599219 0.243359 0.00168705
0 0.310937 0.521875 0.50625 0.645312 0.00156116
0 0.905469 0.875195 0.189063 0.249609 0.00148392
0 0.580469 0.95 0.217187 0.0875 0.00144386
0 0.511719 0.95 0.245312 0.0875 0.0014267
0 0.910937 0.920313 0.1375 0.145313 0.00136662
1 0.454688 0.944531 0.84375 0.110937 0.00119686
1 0.682031 0.741406 0.498437 0.50625 0.00113392
0 0.810156 0.702344 0.209375 0.207813 0.00112057
0 0.503125 0.916406 0.198437 0.154687 0.00106525
0 0.906641 0.920313 0.186719 0.15625 0.00105667
0 0.579687 0.977344 0.307031 0.0453125 0.00105667
0 0.519922 0.513281 0.814844 0.854688 0.898926
0 0.701172 0.787695 0.471094 0.405859 0.143433
1 0.488672 0.525 0.835156 0.875 0.0215302
0 0.621875 0.759375 0.617188 0.4625 0.00945282
1 0.701172 0.787695 0.471094 0.405859 0.00706482
0 0.670313 0.664062 0.534375 0.671875 0.00547028
0 0.54209 0.838281 0.733008 0.31875 0.00448608
0 0.773047 0.793555 0.328906 0.397266 0.00413513
0 0.484766 0.910547 0.825781 0.178906 0.00251198
0 0.754297 0.726172 0.374219 0.524219 0.00234222
1 0.621875 0.759375 0.617188 0.4625 0.00199509
0 0.563379 0.419531 0.741992 0.665625 0.00188923
1 0.54209 0.838281 0.733008 0.31875 0.0017004
0 0.98125 0.482812 0.0375 0.721875 0.00156689
0 0.719531 0.596484 0.439063 0.797656 0.00148964
0 0.489453 0.925 0.200781 0.15 0.00146675
0 0.532422 0.958594 0.661719 0.0828125 0.00143242
0 0.828125 0.510938 0.240625 0.878125 0.00139904
1 0.484766 0.910547 0.825781 0.178906 0.00137234
0 0.873438 0.808984 0.245312 0.382031 0.00127888
0 0.159961 0.760547 0.319922 0.466406 0.0012064
0 0.158203 0.851367 0.316406 0.294141 0.00119209
0 0.315625 0.489453 0.523438 0.830469 0.00118828
0 0.965234 0.811914 0.0695312 0.376172 0.00108147
0 0.885938 0.856055 0.220313 0.287891 0.00107288
0 0.79082 0.454688 0.305859 0.8375 0.00103188
1 0.670313 0.664062 0.534375 0.671875 0.00102425
0 0.502344 0.476953 0.86875 0.789844 0.865723
0 0.695312 0.791406 0.496875 0.415625 0.336426
0 0.501953 0.374023 0.849219 0.562891 0.168335
1 0.503906 0.503906 0.870313 0.807813 0.0115051
1 0.695312 0.791406 0.496875 0.415625 0.00985718
0 0.583984 0.805859 0.675781 0.388281 0.00754929
0 0.145117 0.789844 0.290234 0.420312 0.00754929
0 0.911719 0.836719 0.176563 0.326562 0.00486755
0 0.170215 0.844727 0.339258 0.310547 0.0039444
0 0.892969 0.795313 0.214062 0.409375 0.00385475
0 0.49541 0.892187 0.756055 0.215625 0.0037365
0 0.509473 0.845703 0.69668 0.308594 0.0037365
0 0.425 0.914062 0.6375 0.171875 0.00227928
0 0.867188 0.836719 0.25625 0.326562 0.00220871
1 0.501953 0.374023 0.849219 0.562891 0.00211525
1 0.520312 0.823242 0.764063 0.353516 0.00201988
1 0.622656 0.768359 0.6 0.463281 0.00192642
0 0.425 0.967969 0.491406 0.0640625 0.00189686
0 0.817383 0.79043 0.346484 0.419141 0.00187492
0 0.83125 0.580859 0.2625 0.722656 0.00165462
0 0.517969 0.748828 0.570312 0.502344 0.00152493
0 0.125781 0.854102 0.251563 0.291797 0.0014782
0 0.560938 0.924219 0.348437 0.151562 0.00146675
0 0.965625 0.821484 0.06875 0.357031 0.00136185
0 0.620313 0.729688 0.553125 0.534375 0.00135612
0 0.218359 0.774219 0.386719 0.451562 0.00135136
0 0.517969 0.970703 0.517187 0.0585938 0.00132465
1 0.892969 0.795313 0.214062 0.409375 0.00132465
1 0.911719 0.836719 0.176563 0.326562 0.00128937
0 0.777344 0.575391 0.353125 0.755469 0.00126457
0 0.851367 0.878516 0.297266 0.242969 0.00124454
0 0.721484 0.663281 0.455469 0.660937 0.00117874
0 0.50625 0.0640625 0.892187 0.128125 0.00117397
0 0.198242 0.891797 0.396484 0.216406 0.00110722
0 0.945312 0.6 0.109375 0.715625 0.00109482
0 0.98125 0.600781 0.0375 0.689062 0.00105286
0 0.510156 0.517578 0.890625 0.839844 0.886719
0 0.507031 0.378125 0.857813 0.553125 0.540039
0 0.714063 0.801758 0.425 0.387109 0.0178528
0 0.00467529 0.927344 0.00935059 0.145313 0.00800323
1 0.510156 0.517578 0.890625 0.839844 0.00600433
0 0.765625 0.78418 0.34375 0.356641 0.00397491
0 0.00466309 0.366211 0.00932617 0.227734 0.00298119
1 0.726562 0.802344 0.398438 0.395312 0.00275803
0 0.604297 0.821875 0.660156 0.345313 0.00230598
0 0.803125 0.764063 0.273438 0.3125 0.00227928
0 0.457422 0.935938 0.757031 0.128125 0.00226021
0 0.959766 0.9375 0.0804688 0.125 0.00224304
1 0.507031 0.378125 0.857813 0.553125 0.00216484
0 0.00471191 0.755469 0.00942383 0.23125 0.0020504
0 0.935938 0.826563 0.121875 0.346875 0.00183868
1 0.0045166 0.946094 0.0090332 0.107813 0.00165462
0 0 0.960156 0 0.0796875 0.00163555
0 0.646875 0.860742 0.542188 0.275391 0.00161076
0 0.725391 0.85 0.389844 0.295312 0.00148392
0 0.420996 0.975 0.583008 0.05 0.00146675
0 0.935938 0.880469 0.125 0.239063 0.00144386
0 0.0782959 0.586719 0.0516113 0.117969 0.00138283
1 0.661719 0.782812 0.535937 0.4125 0.00133514
0 0.00471191 0.892578 0.00942383 0.214844 0.00133514
0 0.533594 0.925 0.710938 0.14375 0.00131512
0 0.00471191 0.0557617 0.00942383 0.111523 0.0011425
0 0.570312 0.89375 0.714063 0.209375 0.00112915
1 0.00473633 0.91875 0.00947266 0.1625 0.00109005
0 0.854883 0.496484 0.183984 0.43125 0.00109005
1 0.604297 0.821875 0.660156 0.345313 0.00108147
1 0.457422 0.935938 0.757031 0.128125 0.00106525
0 0.865625 0.561719 0.1625 0.51875 0.00104046
0 0.0401367 0.992188 0.0802734 0.015625 0.00102425
0 0.678906 0.690234 0.504687 0.585156 0.00101662
0 0.513281 0.512109 0.882812 0.853906 0.900391
0 0.648438 0.80332 0.573438 0.383984 0.0324097
0 0.742578 0.804883 0.389844 0.377734 0.00815582
0 0.581641 0.868555 0.691406 0.259766 0.00526047
0 0.514844 0.923828 0.889063 0.152344 0.00475693
0 0.732813 0.866992 0.395312 0.262891 0.00335121
0 0.460156 0.959375 0.909375 0.08125 0.00288963
0 0.541406 0.834375 0.815625 0.31875 0.00283432
1 0.583496 0.812305 0.693945 0.372266 0.00189686
1 0.514844 0.923828 0.889063 0.152344 0.00160408
0 0.797656 0.784375 0.278125 0.3625 0.00158501
0 0.9125 0.89375 0.164062 0.2125 0.00151253
1 0.460156 0.959375 0.909375 0.08125 0.00104046
0 0.908594 0.854297 0.165625 0.291406 0.00103664
0 0.0333008 0.976172 0.0666016 0.0476562 0.00102043
1 0.516016 0.523438 0.892969 0.875 0.00101662
0 0.507031 0.542969 0.864062 0.914062 0.873535
0 0.740625 0.79082 0.4 0.393359 0.168335
1 0.505469 0.521875 0.864062 0.88125 0.0243378
1 0.746484 0.791992 0.385156 0.394141 0.00878143
0 0.657031 0.774219 0.54375 0.435937 0.00228691
0 0.500781 0.5125 0.857813 0.842188 0.878906
0 0.723437 0.79375 0.425 0.39375 0.093689
0 0.642969 0.792969 0.578125 0.407813 0.0184784
1 0.50625 0.499609 0.875 0.810156 0.00871277
1 0.695703 0.79043 0.474219 0.412891 0.00614548
0 0.787305 0.785937 0.300391 0.365625 0.0024929
0 0.622266 0.854492 0.624219 0.284766 0.00200272
0 0.725781 0.328125 0.4 0.496875 0.00162888
1 0.760547 0.799219 0.355469 0.396875 0.00152493
0 0.571875 0.9 0.675 0.196875 0.00147247
0 0.763672 0.862305 0.344531 0.269141 0.00133038
0 0.547559 0.926953 0.673633 0.146094 0.00118351
0 0.895312 0.874805 0.196875 0.247266 0.0011692
0 0.764453 0.374609 0.352344 0.542188 0.0011158
0 0.501953 0.476953 0.867969 0.789844 0.865723
0 0.694531 0.791406 0.498437 0.415625 0.338135
0 0.501562 0.374023 0.85 0.562891 0.166138
1 0.503906 0.503906 0.870313 0.807813 0.0115967
1 0.694531 0.791406 0.498437 0.415625 0.00989532
0 0.145117 0.789844 0.290234 0.420312 0.00754929
0 0.583691 0.805859 0.674805 0.388281 0.00737381
0 0.911719 0.836719 0.176563 0.326562 0.00486755
0 0.170215 0.844141 0.339258 0.311719 0.00391388
0 0.892969 0.795313 0.214062 0.409375 0.00388527
0 0.510156 0.845508 0.696875 0.308984 0.00372124
0 0.496094 0.891406 0.754687 0.217187 0.00362206
0 0.425 0.914062 0.6375 0.171875 0.00225258
0 0.867383 0.836719 0.255859 0.326562 0.00220871
1 0.501562 0.374023 0.85 0.562891 0.00210762
1 0.520215 0.822656 0.762695 0.354688 0.00197983
1 0.622754 0.767969 0.599805 0.464063 0.00191879
0 0.425 0.967969 0.490625 0.0640625 0.00188923
0 0.817383 0.79043 0.346484 0.419141 0.00188255
0 0.83125 0.580566 0.2625 0.723242 0.00166798
0 0.517578 0.748438 0.569531 0.503125 0.00153065
0 0.560156 0.924219 0.346875 0.151562 0.0014782
0 0.125879 0.853516 0.251758 0.292969 0.00144386
0 0.964844 0.821289 0.0703125 0.357422 0.00136662
0 0.218311 0.773828 0.386035 0.452344 0.00136185
0 0.620703 0.729688 0.552344 0.534375 0.00136185
1 0.892969 0.795313 0.214062 0.409375 0.00132465
0 0.517969 0.970312 0.515625 0.059375 0.00129414
1 0.911719 0.836719 0.176563 0.326562 0.0012846
0 0.777344 0.575391 0.353125 0.757031 0.00127411
0 0.851953 0.878516 0.296094 0.242969 0.00123501
0 0.721484 0.661816 0.455469 0.663867 0.00117874
0 0.505469 0.0641602 0.892187 0.12832 0.00117397
0 0.945312 0.6 0.109375 0.715625 0.00110722
0 0.198242 0.891797 0.396484 0.216406 0.00107765
0 0.98125 0.600781 0.0375 0.689062 0.00106525
