1 0.472754 0.497656 0.763867 0.865625 0.946777
0 0.490234 0.497656 0.753906 0.851562 0.152588
1 0.477734 0.348437 0.755469 0.571094 0.108582
1 0.6 0.495703 0.526563 0.861719 0.00831604
1 0.506641 0.275781 0.669531 0.429688 0.00407028
0 0.6 0.495703 0.526563 0.861719 0.00331116
1 0.490723 0.217529 0.704492 0.289941 0.00123501
0 0.50166 0.367188 0.706055 0.616406 0.0011034
1 0.477246 0.535937 0.75332 0.928125 0.832031
0 0.475781 0.492578 0.795313 0.839844 0.0948486
1 0.479004 0.376172 0.732617 0.614844 0.00867462
1 0.497559 0.507031 0.743945 0.854688 0.884277
0 0.935938 0.883594 0.128125 0.232812 0.00901794
0 0.130273 0.967969 0.260547 0.0640625 0.00595856
1 0.935938 0.883594 0.128125 0.232812 0.00408554
0 0.164258 0.976562 0.328516 0.046875 0.00298119
0 0.925781 0.921484 0.148438 0.157031 0.00296974
0 0 0.942969 0 0.114063 0.00185299
0 0 0.889063 0 0.184375 0.00185299
0 0.204688 0.978906 0.359375 0.0421875 0.00178909
0 0.91875 0.920313 0.1625 0.159375 0.00167465
1 0.377734 0.570312 0.253906 0.254687 0.00162315
0 0.0048584 0.932031 0.0097168 0.135937 0.00154877
0 0.524219 0.963672 0.369531 0.0726563 0.00144386
0 0.932031 0.908594 0.135937 0.173438 0.00137806
1 0.942187 0.857422 0.109375 0.285156 0.00134563
0 0.601562 0.958594 0.365625 0.0828125 0.00132465
0 0.0209229 0.0141602 0.0418457 0.0283203 0.00126934
1 0.682031 0.513281 0.360938 0.846875 0.00117874
0 0.942187 0.857422 0.109375 0.285156 0.00115108
0 0.972656 0.98125 0.0546875 0.0375 0.00115108
0 0 0.85293 0 0.184766 0.00110722
0 0 0.925 0 0.15 0.00107288
0 0.0658203 0.110352 0.125195 0.220703 0.00105667
0 0.448047 0.962891 0.363281 0.0742188 0.00104427
0 0 0.815625 0 0.184375 0.00100803
0 0 0.127759 0 0.183545 0.00100422
1 0.485059 0.506641 0.748633 0.892969 0.921387
0 0.932813 0.901563 0.125 0.196875 0.00366402
0 0.485059 0.506641 0.748633 0.892969 0.00284576
0 0.358789 0.560938 0.188672 0.175781 0.00245285
0 0.923437 0.910937 0.1125 0.1625 0.00206757
1 0.358789 0.560938 0.188672 0.175781 0.00174141
0 0.945703 0.0410156 0.108594 0.0820312 0.00172043
0 0.742969 0.646875 0.2875 0.58125 0.00164223
0 0.935938 0.866406 0.128125 0.260938 0.00157928
0 0.224268 0.465625 0.26709 0.839063 0.00124931
0 0.0564453 0.974219 0.112891 0.0515625 0.0011692
0 0.363477 0.594531 0.171484 0.209375 0.00105667
0 0.658594 0.675781 0.340625 0.51875 0.00104427
0 0.926562 0.763672 0.128125 0.442969 0.00104046
1 0.363477 0.594531 0.171484 0.209375 0.00102425
0 0.939062 0.793945 0.121875 0.383984 0.00100803
1 0.463672 0.507031 0.750781 0.873438 0.963867
1 0.785156 0.489062 0.429688 0.9125 0.00322342
0 0.785156 0.489062 0.429688 0.9125 0.00291252
0 0.982813 0.509375 0.034375 0.828125 0.00253105
0 0.930469 0.488672 0.139062 0.911719 0.00214005
1 0.930469 0.488672 0.139062 0.911719 0.00206757
1 0.982813 0.509375 0.034375 0.828125 0.00194168
1 0.445703 0.939062 0.577344 0.121875 0.00115585
0 0.717188 0.351953 0.329688 0.610156 0.00115108
0 0.713281 0.655469 0.373437 0.63125 0.00112057
0 0.972656 0.724609 0.0546875 0.550781 0.00109482
1 0.476953 0.492969 0.780469 0.860937 0.942871
0 0.932422 0.807617 0.135156 0.384766 0.00453949
0 0.911719 0.771875 0.176563 0.45625 0.00344276
0 0.68125 0.731641 0.3875 0.536719 0.0026207
0 0.939062 0.753125 0.121875 0.49375 0.00255013
0 0.850195 0.751953 0.299609 0.496094 0.00186729
0 0.978906 0.730078 0.0421875 0.539844 0.00176811
0 0.703906 0.658984 0.40625 0.603906 0.00153065
0 0.7375 0.288477 0.278125 0.517578 0.00153065
0 0.925781 0.715234 0.148438 0.569531 0.00145531
1 0.911719 0.771875 0.176563 0.45625 0.0014267
0 0.723047 0.509766 0.496094 0.753906 0.00133514
1 0.7375 0.288477 0.278125 0.517578 0.00133038
0 0.619531 0.735547 0.490625 0.478906 0.00129414
0 0.760156 0.383203 0.290625 0.660937 0.00125504
1 0.68125 0.731641 0.3875 0.536719 0.00124454
1 0.934375 0.776367 0.13125 0.447266 0.00119686
1 0.23457 0.762109 0.305859 0.475781 0.00114727
0 0.982813 0.547266 0.034375 0.700781 0.0011158
1 0.228906 0.802344 0.359375 0.395312 0.00107765
0 0.978125 0.810156 0.04375 0.379687 0.00106525
0 0.709375 0.261133 0.296875 0.426172 0.00102043
1 0.850195 0.751953 0.299609 0.496094 0.00100422
0 0.941797 0.535937 0.116406 0.729688 0.00100422
1 0.500781 0.503516 0.815625 0.889844 0.917969
0 0.0045166 0.946094 0.0090332 0.107813 0.00438309
0 0.00471191 0.91875 0.00942383 0.1625 0.00362206
0 0.483203 0.507422 0.792969 0.891406 0.00291252
0 0.680859 0.237305 0.350781 0.327734 0.00214005
0 0.959766 0.935938 0.0804688 0.128125 0.0020752
1 0.221875 0.45 0.256641 0.815625 0.00183868
0 0.667969 0.702344 0.38125 0.476562 0.00176811
0 0.00462647 0.889063 0.00925293 0.221875 0.00167465
0 0.885938 0.992188 0.11875 0.015625 0.00144386
1 0.273486 0.481641 0.367871 0.807031 0.00136662
0 0.941016 0.825781 0.117969 0.320312 0.00135136
1 0.680859 0.237305 0.350781 0.327734 0.00131512
0 0.85625 0.992188 0.10625 0.015625 0.0012846
0 0.938281 0.883008 0.123438 0.230859 0.00127411
0 0.604297 0.728516 0.497656 0.432031 0.00126934
0 0.854688 0.985156 0.0375 0.0296875 0.00126457
0 0.00473633 0.509375 0.00947266 0.246875 0.00124454
1 0.347266 0.976562 0.635156 0.046875 0.00118351
0 0.93125 0.06875 0.1375 0.1375 0.0011692
0 0.628125 0.207471 0.4625 0.264746 0.00113392
1 0.0045166 0.946094 0.0090332 0.107813 0.00112438
0 0.246094 0.476172 0.30625 0.760156 0.00106907
1 0.667969 0.702344 0.38125 0.476562 0.00102806
1 0.488379 0.504687 0.787305 0.86875 0.912598
0 0.487891 0.505469 0.799219 0.867188 0.0112457
1 0.398047 0.972656 0.796094 0.0546875 0.00156689
0 0.673047 0.257227 0.377344 0.366016 0.00156689
0 0.414062 0.975781 0.828125 0.0484375 0.00126934
1 0.673047 0.257227 0.377344 0.366016 0.00124931
1 0.432813 0.941016 0.8125 0.117969 0.00124931
0 0.510254 0.757031 0.710742 0.38125 0.00110722
0 0.0436035 0.969531 0.087207 0.0609375 0.00109482
1 0.494922 0.752344 0.778906 0.385938 0.00109482
1 0.489844 0.514844 0.770312 0.876562 0.927246
0 0.7 0.229492 0.321875 0.337891 0.00403976
1 0.7 0.229492 0.321875 0.337891 0.00271416
0 0.74375 0.318555 0.278125 0.514453 0.00192642
1 0.74375 0.318555 0.278125 0.514453 0.00153637
0 0.657422 0.223633 0.441406 0.3 0.00133038
0 0.486328 0.516016 0.774219 0.883594 0.00100422
1 0.477441 0.507031 0.782617 0.870313 0.939453
0 0.686328 0.229687 0.347656 0.324219 0.00891876
1 0.686328 0.229687 0.347656 0.324219 0.005867
0 0.725391 0.294141 0.308594 0.458594 0.00348282
0 0.648438 0.202344 0.446875 0.256641 0.00221634
1 0.725391 0.294141 0.308594 0.458594 0.00216484
0 0.70625 0.735937 0.33125 0.417188 0.00202751
1 0.648438 0.202344 0.446875 0.256641 0.0018034
0 0.746094 0.374219 0.284375 0.625 0.00141048
0 0.728516 0.635254 0.308594 0.56543 0.00119686
1 0.746094 0.374219 0.284375 0.625 0.00117874
1 0.476953 0.492969 0.780469 0.860937 0.942383
0 0.932422 0.807617 0.135156 0.384766 0.00446701
0 0.911328 0.77168 0.177344 0.456641 0.00340271
0 0.681641 0.73125 0.386719 0.5375 0.00263214
0 0.939062 0.753125 0.121875 0.49375 0.00252151
0 0.848242 0.751953 0.300391 0.496094 0.00186062
0 0.978906 0.730078 0.0421875 0.539844 0.00176811
0 0.7375 0.288672 0.278125 0.517969 0.00153065
0 0.703906 0.658594 0.404687 0.604688 0.00152493
0 0.925 0.714844 0.15 0.570312 0.00144958
1 0.911328 0.77168 0.177344 0.456641 0.00141048
0 0.723047 0.510547 0.496094 0.753906 0.00135136
1 0.7375 0.288672 0.278125 0.517969 0.00132465
0 0.619141 0.735156 0.491406 0.479688 0.00128937
0 0.760156 0.383594 0.290625 0.661719 0.00124931
1 0.681641 0.73125 0.386719 0.5375 0.00124454
1 0.934375 0.776367 0.13125 0.447266 0.00118351
1 0.234375 0.762109 0.305469 0.475781 0.0011425
0 0.982813 0.547266 0.034375 0.700781 0.00112438
1 0.228906 0.801953 0.358594 0.396094 0.00106907
0 0.978125 0.810156 0.04375 0.379687 0.00106049
0 0.709375 0.261523 0.296875 0.426953 0.00102425
0 0.941797 0.535937 0.116406 0.729688 0.00101185
