1 0.483203 0.486719 0.833594 0.826563 0.666504
0 0.492188 0.48125 0.828125 0.80625 0.625977
0 0.611328 0.462109 0.599219 0.778906 0.0589905
1 0.611328 0.462109 0.599219 0.778906 0.00534439
0 0.760547 0.425 0.478906 0.83125 0.00323486
0 0.87168 0.441406 0.256641 0.857813 0.00275803
0 0.69375 0.398828 0.520312 0.683594 0.00263214
1 0.87168 0.441406 0.256641 0.857813 0.00243378
1 0.760547 0.425 0.478906 0.83125 0.00236893
0 0.891406 0.393359 0.217187 0.659375 0.00161648
0 0.480078 0.493652 0.905469 0.79082 0.782227
1 0.494531 0.494629 0.926562 0.795117 0.132568
0 0.812109 0.510938 0.375781 0.953125 0.00300407
0 0.869922 0.501172 0.260156 0.922656 0.00228691
0 0.482812 0.489062 0.870313 0.7875 0.728516
0 0.567969 0.507812 0.526563 0.803125 0.477539
1 0.482812 0.489062 0.870313 0.7875 0.0534973
1 0.567969 0.507812 0.526563 0.803125 0.0193481
0 0.904688 0.908594 0.190625 0.18125 0.00731659
0 0 0.615234 0 0.183594 0.00468063
0 0 0.578125 0 0.184375 0.00392914
0 0.111914 0.539062 0.191016 0.28125 0.00385475
0 0 0.540625 0 0.184375 0.00318527
0 0 0.936719 0 0.126563 0.00312424
0 0 0.653516 0 0.18125 0.00311089
0 0 0.502734 0 0.185156 0.00288963
1 0.111914 0.539062 0.191016 0.28125 0.00286674
0 0.695312 0.504297 0.364062 0.800781 0.0028553
0 0.00487061 0.932031 0.00974121 0.135937 0.00282288
0 0 0.465234 0 0.185156 0.00268364
0 0.00510254 0.598828 0.0102051 0.169531 0.00239754
0 0 0.428027 0 0.18457 0.00235939
0 0.0881836 0.886719 0.172852 0.226562 0.00223351
0 0 0.365625 0 0.184375 0.00219917
1 0.895312 0.914062 0.203125 0.171875 0.00191212
0 0 0.32793 0 0.184766 0.00183868
0 0 0.878125 0 0.184375 0.00178242
0 0 0.840625 0 0.184375 0.00176144
0 0 0.803125 0 0.184375 0.00175476
0 0 0.753125 0 0.184375 0.00175476
0 0.813867 0.952734 0.347266 0.0945313 0.00174809
0 0 0.917969 0 0.164062 0.0017004
0 0.0204346 0.014502 0.0408691 0.0290039 0.0016489
0 0.0050293 0.475 0.0100586 0.171875 0.00158501
0 0 0.715625 0 0.184375 0.00156116
0 0.00499268 0.641406 0.00998535 0.175 0.00155449
0 0.00515137 0.562109 0.0103027 0.171094 0.00152493
0 0.00507812 0.512891 0.0101562 0.172656 0.00148964
1 0.0881836 0.886719 0.172852 0.226562 0.00138283
0 0.00622559 0.012439 0.0124512 0.0248779 0.00132465
0 0 0.0467773 0 0.0935547 0.00132465
0 0.00500488 0.437598 0.0100098 0.17168 0.00124454
0 0 0.177295 0 0.183691 0.00123978
0 0 0.951953 0 0.0960938 0.00122547
0 0 0.29043 0 0.184766 0.00119686
0 0.972656 0.982422 0.0546875 0.0351562 0.00118828
0 0.838281 0.93125 0.323438 0.1375 0.0011425
0 0 0.22793 0 0.183984 0.00112915
0 0.324219 0.776563 0.238281 0.2875 0.00105286
0 0.116504 0.821875 0.233008 0.35625 0.00105286
0 0.783594 0.967188 0.354688 0.065625 0.00100803
0 0.492188 0.50625 0.90625 0.860937 0.921387
0 0.0832031 0.547656 0.136133 0.209375 0.0538025
1 0.0832031 0.547656 0.136133 0.209375 0.0109024
0 0.890625 0.923437 0.184375 0.153125 0.00837708
0 0.311719 0.779688 0.182031 0.2 0.00619125
0 0.0987305 0.530469 0.159961 0.178125 0.00614548
0 0.317969 0.746094 0.172656 0.209375 0.00530243
0 0.133179 0.417188 0.158643 0.160938 0.0050621
0 0.339453 0.723047 0.1375 0.200781 0.00494385
0 0.112891 0.669922 0.157813 0.217969 0.00446701
0 0.0711914 0.565625 0.108789 0.25 0.0041008
0 0.211133 0.595312 0.162109 0.185937 0.00403976
0 0.078125 0.913281 0.15625 0.173438 0.00378036
1 0.492969 0.511719 0.8875 0.864062 0.00366402
0 0.129199 0.652344 0.157227 0.198437 0.00324821
0 0.279492 0.796875 0.211328 0.204688 0.00323486
0 0.914844 0.917188 0.157813 0.165625 0.00263214
0 0.158887 0.416309 0.17168 0.186133 0.00219154
0 0.188281 0.621875 0.175 0.208594 0.00203514
0 0.865625 0.929688 0.18125 0.125 0.00191212
0 0.241992 0.779688 0.185547 0.209375 0.00179577
0 0.519531 0.423828 0.1375 0.186719 0.00178909
0 0.132129 0.690625 0.154492 0.221875 0.00175476
0 0.671484 0.925 0.202344 0.13125 0.00175476
0 0.118066 0.873438 0.233398 0.248437 0.00174141
0 0.623438 0.553125 0.107813 0.217187 0.00161648
0 0.907812 0.118945 0.157813 0.217578 0.00158501
0 0.355859 0.596094 0.2125 0.1875 0.00157928
0 0.503516 0.447656 0.144531 0.213281 0.00134087
0 0.436328 0.771094 0.135937 0.2 0.00132465
0 0.112012 0.449609 0.154492 0.182812 0.00123501
0 0.480469 0.980469 0.748438 0.0390625 0.0012064
0 0.471484 0.191406 0.691406 0.207422 0.00117874
0 0.0704102 0.917188 0.127539 0.146875 0.00115585
0 0.0948975 0.411719 0.152783 0.153125 0.00111198
1 0.339453 0.723047 0.1375 0.200781 0.00109863
1 0.0987305 0.530469 0.159961 0.178125 0.00107765
0 0.286914 0.752734 0.208203 0.196094 0.00106907
0 0.127148 0.907812 0.253906 0.184375 0.00104046
0 0.48125 0.5 0.840625 0.801562 0.893555
1 0.4875 0.490625 0.846875 0.81875 0.0231018
0 0.792578 0.450391 0.414844 0.871094 0.00803375
0 0.970312 0.479297 0.059375 0.810156 0.00441742
0 0.854492 0.48125 0.291016 0.892187 0.00300407
0 0.892969 0.910156 0.182812 0.179688 0.0019722
1 0.970312 0.479297 0.059375 0.810156 0.00151253
1 0.828125 0.451953 0.34375 0.877344 0.00150681
0 0.481641 0.949219 0.655469 0.101562 0.00141621
0 0.464453 0.883203 0.771094 0.233594 0.00127411
0 0.529688 0.182812 0.725 0.365625 0.0011692
0 0.547559 0.255664 0.633008 0.343359 0.00104046
0 0.489062 0.470313 0.93125 0.76875 0.848145
1 0.500781 0.49375 0.960938 0.801562 0.0406799
0 0.449219 0.379785 0.825 0.585742 0.0216522
0 0.11875 0.788672 0.2375 0.422656 0.0027256
0 0.810352 0.875 0.379297 0.25 0.00243378
0 0.816016 0.503027 0.367969 0.74082 0.00240517
0 0.513379 0.917969 0.735742 0.164062 0.00222588
0 0.923047 0.521484 0.153906 0.707031 0.00208282
0 0.888281 0.866797 0.223438 0.266406 0.00195694
0 0.81875 0.816211 0.3625 0.367578 0.00193405
0 0.710938 0.843164 0.56875 0.313672 0.00175476
0 0.122461 0.862109 0.244922 0.275781 0.00162315
0 0.534375 0.976953 0.603125 0.0460938 0.00159168
0 0.421777 0.975 0.52207 0.05 0.00143242
0 0.833398 0.970312 0.333203 0.059375 0.00140476
0 0.599316 0.876562 0.688867 0.246875 0.00140476
0 0.895312 0.967969 0.209375 0.0640625 0.00137234
0 0.800781 0.958594 0.398438 0.0828125 0.00132465
0 0.630078 0.964844 0.544531 0.0703125 0.00124931
0 0.746875 0.941406 0.43125 0.117188 0.00123978
0 0.183594 0.827344 0.367188 0.345313 0.00112057
0 0.486719 0.866016 0.754687 0.267969 0.0011034
0 0.978906 0.542969 0.0421875 0.69375 0.00102425
0 0.499219 0.486328 0.935938 0.797656 0.910645
0 0.0046875 0.927344 0.009375 0.145313 0.01017
1 0.504297 0.4875 0.964844 0.815625 0.0100098
0 0.00479736 0.595703 0.00959473 0.246094 0.00967407
0 0.00473633 0.660156 0.00947266 0.248437 0.00740433
0 0.00478516 0.546875 0.00957031 0.248437 0.00677109
0 0.00476074 0.496875 0.00952148 0.249219 0.00557709
0 0.00473633 0.446484 0.00947266 0.248437 0.00352478
0 0.00474854 0.396777 0.00949707 0.248633 0.00311089
0 0 0.625 0 0.135937 0.00305176
0 0 0.649609 0 0.135156 0.00251198
0 0.00479736 0.709375 0.00959473 0.246875 0.0024147
0 0 0.6 0 0.135937 0.00240517
0 0.00476074 0.346289 0.00952148 0.247266 0.00216484
0 0.00476074 0.78457 0.00952148 0.249609 0.00214958
0 0 0.959766 0 0.0804688 0.0020504
0 0.959766 0.939062 0.0804688 0.121875 0.00201988
0 0.00476074 0.834375 0.00952148 0.248437 0.00201988
1 0.0045166 0.945703 0.0090332 0.108594 0.00194168
0 0 0.674609 0 0.135156 0.00192642
0 0.00476074 0.880078 0.00952148 0.239844 0.00186062
0 0 0.575 0 0.135937 0.00181007
1 0.00479736 0.595703 0.00959473 0.246094 0.00175476
0 0 0.55 0 0.135937 0.00154877
0 0 0.525 0 0.135937 0.00139904
0 0.00473633 0.0561523 0.00947266 0.112305 0.00133514
1 0.00473633 0.91875 0.00947266 0.1625 0.00132465
0 0 0.5 0 0.135937 0.00127411
0 0.0400391 0.992188 0.0800781 0.015625 0.00123501
0 0 0.7 0 0.135937 0.00118828
1 0.00478516 0.546875 0.00957031 0.248437 0.00118351
0 0.103613 0.872656 0.206836 0.253125 0.00114727
0 0 0.7625 0 0.135937 0.0011425
0 0 0.474609 0 0.135937 0.00112438
1 0.0046875 0.646875 0.009375 0.247656 0.00109005
0 0 0.7375 0 0.135937 0.00106907
0 0.00440674 0.957812 0.00881348 0.084375 0.00106049
0 0 0.947656 0 0.104687 0.00105667
0 0 0.7875 0 0.135937 0.00104809
0 0.108203 0.81875 0.216406 0.3625 0.00104809
0 0.409277 0.982031 0.72207 0.0359375 0.00104046
0 0 0.449609 0 0.135937 0.00102425
0 0.503906 0.496094 0.967188 0.814062 0.922852
0 0.45 0.964844 0.9 0.0703125 0.00304031
0 0.465625 0.928125 0.93125 0.14375 0.00287819
0 0.529688 0.972656 0.889063 0.0546875 0.00119686
0 0.501562 0.519922 0.901563 0.866406 0.937988
1 0.492188 0.4875 0.934375 0.821875 0.00370789
0 0.494141 0.4875 0.933594 0.796875 0.92041
1 0.48125 0.482812 0.915625 0.803125 0.011467
0 0.619434 0.489746 0.595508 0.783008 0.00989532
0 0.489062 0.470703 0.93125 0.769531 0.848633
1 0.500781 0.49375 0.960938 0.801562 0.0397034
0 0.449219 0.380371 0.825 0.586133 0.0213623
0 0.118945 0.788672 0.237891 0.422656 0.00268364
0 0.816016 0.502344 0.367969 0.742188 0.00247192
0 0.810547 0.875 0.378906 0.25 0.002388
0 0.513672 0.917578 0.735156 0.164844 0.00218201
0 0.922266 0.521094 0.155469 0.707812 0.00213242
0 0.888281 0.866797 0.223438 0.266406 0.00192642
0 0.819141 0.816211 0.361719 0.367578 0.00191879
0 0.710938 0.843164 0.56875 0.313672 0.00171375
0 0.122461 0.862109 0.244922 0.275781 0.00158501
0 0.534375 0.976953 0.601562 0.0460938 0.00156689
0 0.421777 0.975 0.520508 0.05 0.00141621
0 0.833398 0.970312 0.333203 0.059375 0.00138855
0 0.599609 0.876367 0.688281 0.247266 0.00137234
0 0.895312 0.967969 0.209375 0.0640625 0.00135612
0 0.800977 0.958594 0.398047 0.0828125 0.00130939
0 0.630078 0.964844 0.544531 0.0703125 0.00122547
0 0.747266 0.942187 0.430469 0.115625 0.0012207
0 0.183789 0.827148 0.367578 0.345703 0.00109863
0 0.486035 0.865234 0.754492 0.269531 0.00108624
0 0.978906 0.542578 0.0421875 0.694531 0.00103664
