0 0.51084 0.464844 0.71582 0.846875 0.874512
0 0.523047 0.32207 0.697656 0.624609 0.130737
1 0.51084 0.464844 0.71582 0.846875 0.0408325
0 0.524609 0.239453 0.661719 0.478906 0.0275879
0 0.505469 0.139648 0.601562 0.279297 0.00763702
1 0.523047 0.32207 0.697656 0.624609 0.00488663
1 0.524609 0.239453 0.661719 0.478906 0.00345612
1 0.505469 0.139648 0.601562 0.279297 0.00254059
0 0.582422 0.394531 0.577344 0.699219 0.00170708
0 0.503125 0.520703 0.75625 0.958594 0.878906
1 0.503125 0.520703 0.75625 0.958594 0.0110703
0 0.519141 0.355469 0.713281 0.654688 0.0018177
0 0.501953 0.514844 0.764844 0.94375 0.541992
1 0.489746 0.508594 0.737695 0.935938 0.187988
0 0.919531 0.883203 0.159375 0.233594 0.00837708
0 0.419141 0.977344 0.372656 0.0453125 0.00460815
1 0.919531 0.883203 0.159375 0.233594 0.00457382
0 0.00483398 0.932813 0.00966797 0.134375 0.00421524
0 0 0.9375 0 0.125 0.00345612
0 0.369336 0.962891 0.376172 0.0742188 0.003088
0 0 0.917188 0 0.165625 0.00301552
0 0.348047 0.946094 0.374219 0.107813 0.00237846
0 0.911719 0.922656 0.176563 0.154687 0.00228691
0 0 0.877344 0 0.185937 0.0020752
0 0.0925781 0.929688 0.185156 0.140625 0.00200272
0 0.396777 0.977344 0.112695 0.0453125 0.00186062
0 0.47666 0.973828 0.382617 0.0523437 0.00176144
0 0.913281 0.825 0.154687 0.34375 0.00172043
0 0.434375 0.984375 0.180469 0.03125 0.00163555
0 0.114648 0.95625 0.229297 0.0875 0.00162888
0 0.413281 0.976562 0.0976562 0.046875 0.00158501
0 0 0.840625 0 0.184375 0.00142097
0 0.914062 0.909375 0.171875 0.171875 0.00141621
0 0.0896484 0.985156 0.153906 0.0296875 0.00140476
0 0.466406 0.984766 0.182031 0.0304688 0.00136662
0 0.0200684 0.0143066 0.0401367 0.0286133 0.00131512
0 0.360547 0.970703 0.174219 0.0585938 0.0012846
0 0.00479736 0.909375 0.00959473 0.165625 0.00126457
0 0.972266 0.982031 0.0554687 0.0359375 0.00125504
0 0.195703 0.879297 0.196875 0.241406 0.00124454
0 0.685547 0.949219 0.353906 0.101562 0.00121593
0 0 0.951953 0 0.0960938 0.00119686
0 0 0.227686 0 0.183691 0.00118828
0 0 0.140234 0 0.183984 0.00117874
1 0.195703 0.879297 0.196875 0.241406 0.00117874
0 0.164844 0.829297 0.235938 0.341406 0.0011692
0 0 0.177734 0 0.183984 0.0011692
0 0 0.265234 0 0.183984 0.00116539
0 0 0.102759 0 0.183936 0.0011158
0 0 0.764844 0 0.184375 0.00110722
0 0 0.302734 0 0.183594 0.0011034
1 0.926562 0.858203 0.14375 0.283594 0.00109863
0 0 0.0466309 0 0.0932617 0.00109482
1 0.00483398 0.932813 0.00966797 0.134375 0.00109005
0 0.925781 0.855469 0.1375 0.289062 0.00107765
0 0.0610352 0.979688 0.12207 0.040625 0.00106049
0 0.605469 0.975 0.35625 0.05 0.00105667
0 0.0446289 0.954687 0.0892578 0.0625 0.00102425
0 0 0.803125 0 0.184375 0.00102425
0 0.501172 0.505469 0.742969 0.951563 0.927734
1 0.475391 0.507031 0.699219 0.957812 0.00723267
0 0.176758 0.914062 0.192188 0.170312 0.0055542
0 0.90625 0.910156 0.148438 0.164062 0.00471878
0 0.17168 0.88457 0.249609 0.224609 0.00332451
0 0.916406 0.85957 0.167187 0.274609 0.00294685
0 0.919531 0.77832 0.157813 0.415234 0.00277901
0 0.178125 0.916016 0.271875 0.167969 0.00227928
0 0.208594 0.927344 0.200391 0.1375 0.00195694
0 0.35293 0.976953 0.165234 0.0460938 0.00178909
0 0.913281 0.888281 0.139062 0.223438 0.00152493
0 0.745313 0.682813 0.282813 0.55 0.00134087
0 0.309375 0.975 0.2 0.05 0.00127411
0 0.949219 0.573438 0.101562 0.73125 0.00122547
0 0.864844 0.723047 0.259375 0.533594 0.00119686
1 0.174512 0.905078 0.174414 0.189844 0.00117397
0 0.172559 0.809375 0.240039 0.367188 0.0011158
0 0.198828 0.779883 0.287109 0.433984 0.00109482
0 0.696875 0.696875 0.304688 0.553125 0.00102425
0 0.669531 0.944531 0.184375 0.101562 0.00101185
0 0.496484 0.5 0.747656 0.934375 0.849121
1 0.491309 0.500391 0.750195 0.955469 0.111267
0 0.977344 0.508594 0.0453125 0.854688 0.00609589
0 0.921875 0.490234 0.15625 0.932031 0.0053215
0 0.80625 0.482812 0.35625 0.953125 0.00370789
1 0.977344 0.508594 0.0453125 0.854688 0.00247192
1 0.921875 0.490234 0.15625 0.932031 0.0017271
0 0.915625 0.7875 0.16875 0.415625 0.00144386
0 0.721875 0.691406 0.348437 0.576563 0.00138283
0 0.880469 0.769531 0.229687 0.453125 0.00132465
1 0.80625 0.482812 0.35625 0.953125 0.00130463
0 0.208594 0.816406 0.349219 0.367188 0.00129414
0 0.511719 0.488281 0.76875 0.932813 0.788086
0 0.514844 0.35625 0.748438 0.675 0.101074
1 0.509766 0.50625 0.775781 0.925 0.0837402
0 0.191406 0.801562 0.307422 0.396875 0.0144501
0 0.919922 0.777539 0.160156 0.444922 0.0116425
1 0.191406 0.801562 0.307422 0.396875 0.00548935
0 0.84668 0.757812 0.306641 0.484375 0.00542831
0 0.942187 0.60166 0.115625 0.691992 0.00411606
0 0.978125 0.598828 0.04375 0.705469 0.0039444
1 0.919922 0.777539 0.160156 0.444922 0.00256157
0 0.79043 0.778125 0.384766 0.44375 0.00247192
0 0.9125 0.838281 0.175 0.323438 0.00235939
1 0.514844 0.35625 0.748438 0.675 0.00226021
0 0.921094 0.660547 0.157813 0.660156 0.00225258
0 0.202295 0.854492 0.340723 0.291016 0.00220871
0 0.682031 0.721094 0.357812 0.557813 0.00193405
1 0.84668 0.757812 0.306641 0.484375 0.00179577
0 0.970312 0.782031 0.059375 0.435937 0.00178909
0 0.816797 0.705469 0.366406 0.589063 0.00177479
0 0.253906 0.764844 0.382031 0.460938 0.00176144
0 0.980859 0.493359 0.0382813 0.696094 0.00175476
0 0.970703 0.6625 0.0585938 0.675 0.00156116
0 0.836133 0.533691 0.299609 0.70918 0.0015192
1 0.253906 0.764844 0.382031 0.460938 0.00141048
0 0.712109 0.808203 0.410156 0.383594 0.00133514
1 0.978125 0.598828 0.04375 0.705469 0.00122547
1 0.942969 0.546875 0.114063 0.696875 0.00104046
0 0.624219 0.720312 0.43125 0.50625 0.00102043
1 0.682031 0.721094 0.357812 0.557813 0.00100422
0 0.507031 0.492188 0.7625 0.957812 0.851562
1 0.504297 0.496094 0.766406 0.960938 0.0445862
0 0.00469971 0.929688 0.00939941 0.140625 0.0159607
0 0.164941 0.851758 0.242773 0.296484 0.00706482
0 0.00466309 0.901953 0.00932617 0.196094 0.00436401
0 0.923437 0.821094 0.153125 0.339063 0.00434875
0 0.393652 0.983594 0.148633 0.0328125 0.00345612
0 0.512402 0.332031 0.739258 0.5875 0.00316048
0 0.920313 0.878125 0.15625 0.239063 0.00257111
0 0.00471191 0.85625 0.00942383 0.239063 0.0024929
1 0.164941 0.851758 0.242773 0.296484 0.00242424
0 0 0.960156 0 0.0796875 0.0024147
1 0.00454102 0.946094 0.00908203 0.107813 0.00239754
0 0.167773 0.908984 0.254297 0.182031 0.00222588
0 0.0435547 0.991797 0.0871094 0.0164062 0.00219917
0 0.00473633 0.685156 0.00947266 0.248437 0.00214958
0 0.959375 0.9375 0.08125 0.125 0.00198746
0 0.933594 0.753906 0.132812 0.4375 0.00177479
1 0.921875 0.824219 0.153125 0.3375 0.00161076
1 0.00473633 0.921875 0.00947266 0.15625 0.0015974
0 0.830469 0.985156 0.0390625 0.0296875 0.00158501
0 0 0.947656 0 0.104687 0.00156116
0 0.44834 0.983594 0.16582 0.0328125 0.00156116
0 0.833594 0.992188 0.115625 0.015625 0.00148964
0 0.426562 0.991406 0.160938 0.0171875 0.00145531
0 0.658984 0.690625 0.353906 0.55 0.00139427
0 0.903906 0.751562 0.179688 0.478125 0.00137234
0 0.458203 0.992188 0.183594 0.015625 0.00136662
0 0.0638672 0.991016 0.127734 0.0179687 0.00134563
0 0.00465088 0.635156 0.00930176 0.249219 0.00130939
0 0.00438232 0.957812 0.00876465 0.084375 0.00121593
0 0 0.9 0 0.134375 0.00112915
0 0.37959 0.983594 0.212695 0.0328125 0.0011158
0 0.8625 0.992188 0.134375 0.015625 0.00106525
0 0.916406 0.91875 0.167187 0.1625 0.00104809
0 0.511719 0.5 0.792188 0.953125 0.889648
1 0.516016 0.502734 0.786719 0.947656 0.00349617
0 0.916406 0.846875 0.15625 0.290625 0.00248146
0 0.917188 0.891406 0.159375 0.214062 0.00232315
0 0.0416992 0.980469 0.0833984 0.0390625 0.00186729
0 0.162305 0.898438 0.252734 0.203125 0.00161076
0 0.89375 0.807617 0.2 0.372266 0.00160408
0 0.939062 0.603027 0.121875 0.583008 0.00124931
0 0.837695 0.780469 0.305859 0.420312 0.00113773
0 0.601562 0.748438 0.439063 0.446875 0.00112438
0 0.360156 0.980469 0.622656 0.0390625 0.00105667
0 0.925781 0.782617 0.139062 0.412891 0.00105286
0 0.508594 0.496875 0.76875 0.954687 0.81543
1 0.517285 0.511719 0.76543 0.976562 0.115784
0 0.504297 0.496875 0.764844 0.954687 0.888184
1 0.504297 0.496875 0.764844 0.954687 0.0673218
0 0.697656 0.704687 0.323438 0.520312 0.00231361
0 0.185742 0.816992 0.3 0.362891 0.00200272
0 0.91875 0.765625 0.159375 0.45625 0.00194931
0 0.677344 0.237109 0.384375 0.417969 0.00157928
0 0.00561523 0.951953 0.0112305 0.0960938 0.00150681
0 0.669141 0.182422 0.410156 0.299219 0.00136662
1 0.697656 0.704687 0.323438 0.520312 0.00134087
0 0.634375 0.714844 0.375 0.504687 0.00118351
0 0.979688 0.55625 0.040625 0.773438 0.00103664
0 0.511719 0.488281 0.76875 0.932813 0.790039
0 0.514844 0.356641 0.748438 0.675781 0.102112
1 0.510254 0.50625 0.776367 0.925 0.0812378
0 0.191406 0.801562 0.307422 0.396875 0.0144501
0 0.919922 0.777539 0.160156 0.444922 0.0115967
0 0.845508 0.757812 0.308984 0.484375 0.00542831
1 0.191406 0.801562 0.307422 0.396875 0.00542831
0 0.941406 0.601953 0.117188 0.692969 0.00413513
0 0.978125 0.598437 0.04375 0.70625 0.00395966
1 0.919922 0.777539 0.160156 0.444922 0.00256157
0 0.790625 0.778125 0.384375 0.44375 0.00247192
0 0.9125 0.838281 0.175 0.323438 0.00232315
0 0.919531 0.660254 0.160938 0.660742 0.00226021
1 0.514844 0.356641 0.748438 0.675781 0.00225258
0 0.202295 0.854492 0.340723 0.291016 0.00215721
0 0.682031 0.721094 0.357812 0.557813 0.00191212
0 0.970312 0.782031 0.059375 0.435937 0.00179577
0 0.816797 0.705469 0.366406 0.589063 0.00179577
1 0.845508 0.757812 0.308984 0.484375 0.00178909
0 0.253906 0.764844 0.382031 0.460938 0.00178242
0 0.980859 0.493359 0.0382813 0.696094 0.00177479
0 0.94375 0.491406 0.1125 0.695312 0.00164223
0 0.970312 0.6625 0.059375 0.675 0.00157928
0 0.836133 0.533594 0.299609 0.709375 0.00153065
1 0.253906 0.764844 0.382031 0.460938 0.00141621
0 0.7125 0.808203 0.409375 0.383594 0.00133038
1 0.978125 0.598437 0.04375 0.70625 0.00122547
1 0.942969 0.547266 0.114063 0.697656 0.00104427
