1 0.497656 0.532031 0.801562 0.80625 0.909668
1 0.56416 0.588672 0.695117 0.669531 0.361084
0 0.501562 0.584277 0.803125 0.701758 0.0793457
1 0.614746 0.553027 0.558008 0.55957 0.00186729
1 0.665234 0.505078 0.494531 0.692969 0.00156689
1 0.730469 0.453906 0.421875 0.823438 0.00106525
1 0.509766 0.601953 0.821094 0.688281 0.708984
0 0.502344 0.588965 0.817187 0.648633 0.416748
1 0.501562 0.600098 0.859375 0.654492 0.887207
1 0.618652 0.601953 0.586133 0.657031 0.75293
0 0.882227 0.951563 0.235547 0.096875 0.00763702
0 0.936719 0.109375 0.126563 0.21875 0.00664139
1 0.936719 0.109375 0.126563 0.21875 0.00317192
0 0.0681641 0.898438 0.126172 0.19375 0.00269318
0 0 0.942578 0 0.114844 0.0024929
0 0.901172 0.947656 0.197656 0.0953125 0.00231361
0 0.0824219 0.923828 0.164844 0.152344 0.00227928
0 0.00484619 0.932031 0.00969238 0.135937 0.00219917
0 0.897656 0.946094 0.204688 0.107813 0.00165462
0 0.858203 0.964063 0.283594 0.071875 0.00158501
0 0.0187744 0.0141357 0.0375488 0.0282715 0.0014782
0 0 0.084375 0 0.16875 0.00144958
0 0.971094 0.983203 0.0578125 0.0335938 0.00143242
0 0.129688 0.921875 0.259375 0.15625 0.00137806
0 0 0.924219 0 0.151562 0.00136185
0 0.837891 0.972656 0.324219 0.0546875 0.00132465
1 0.882227 0.951563 0.235547 0.096875 0.0012846
0 0 0.0466797 0 0.0933594 0.00118828
0 0 0.903125 0 0.184375 0.00118351
0 0.00610352 0.0118652 0.012207 0.0237305 0.0011425
0 0 0.86582 0 0.183984 0.00112438
0 0.501562 0.600098 0.859375 0.654492 0.00107765
0 0.926953 0.949219 0.146094 0.101562 0.00104427
0 0 0.952344 0 0.0953125 0.00104046
0 0.600391 0.9625 0.358594 0.075 0.00103188
1 0.497656 0.601953 0.832812 0.655469 0.751465
0 0.498437 0.610937 0.80625 0.673437 0.13501
0 0.932031 0.0963867 0.125 0.192773 0.00335121
0 0.8875 0.973437 0.2125 0.053125 0.00331116
0 0.892969 0.960156 0.178125 0.071875 0.00309944
0 0.0645996 0.917188 0.120801 0.151562 0.00161076
0 0.8 0.672266 0.229687 0.528906 0.00157356
0 0.930469 0.970703 0.139062 0.0585938 0.00124454
0 0.44375 0.98125 0.511719 0.0375 0.00120163
0 0.239014 0.472754 0.305566 0.45918 0.00107288
1 0.502734 0.604004 0.828906 0.651367 0.933105
0 0.500781 0.60625 0.817187 0.651563 0.00540543
0 0.762891 0.691016 0.300781 0.516406 0.00162315
0 0.216211 0.517969 0.254297 0.523438 0.00135136
0 0.78418 0.521484 0.284766 0.666406 0.00133514
0 0.447266 0.95 0.4375 0.1 0.00131512
0 0.978125 0.719531 0.04375 0.560938 0.00118828
0 0.753906 0.517969 0.334375 0.514063 0.00105667
1 0.504687 0.592969 0.84375 0.660937 0.922852
0 0.499219 0.599316 0.832812 0.651367 0.0141754
0 0.757812 0.744531 0.325 0.510938 0.00225258
0 0.161523 0.766797 0.323047 0.466406 0.00209045
1 0.208594 0.774219 0.301562 0.451562 0.00126457
0 0.79043 0.479004 0.284766 0.59043 0.00124454
1 0.757812 0.744531 0.325 0.510938 0.00112438
0 0.200195 0.813867 0.347656 0.372266 0.00105667
0 0.256445 0.777344 0.344922 0.442187 0.00104809
0 0.223242 0.733594 0.283984 0.5125 0.00103664
1 0.505469 0.603027 0.84375 0.651758 0.891113
0 0.507422 0.603223 0.839844 0.656055 0.0372009
0 0.00466309 0.927344 0.00932617 0.145313 0.006073
0 0.957812 0.936328 0.084375 0.127344 0.0020752
0 0.742188 0.722656 0.326562 0.4375 0.00199509
0 0.866406 0.980469 0.267188 0.0390625 0.0015192
1 0.273828 0.537891 0.366406 0.474219 0.00151253
0 0.917188 0.971875 0.1625 0.05625 0.00144958
1 0.0045166 0.945703 0.0090332 0.108594 0.00139904
0 0.273828 0.537891 0.366406 0.474219 0.00135136
0 0.00455322 0.585156 0.00910645 0.248437 0.00129986
1 0.765625 0.696875 0.282813 0.478125 0.00124931
0 0 0.973047 0 0.0539063 0.00119686
0 0.775195 0.979688 0.449609 0.040625 0.00119686
0 0.762109 0.461328 0.302344 0.369531 0.00106525
1 0.761328 0.464063 0.308594 0.400781 0.00103664
1 0.509375 0.597754 0.84375 0.67168 0.786133
0 0.506641 0.6 0.842969 0.66875 0.101929
0 0.785156 0.731641 0.251563 0.394531 0.00183868
0 0.779688 0.973047 0.440625 0.0539063 0.00149536
0 0.881641 0.977344 0.236719 0.0453125 0.00132465
0 0.0482422 0.976562 0.0964844 0.046875 0.00123501
0 0.441016 0.978906 0.802344 0.0421875 0.00118828
1 0.785156 0.731641 0.251563 0.394531 0.00108147
0 0.516016 0.728906 0.821094 0.404687 0.00102425
1 0.504687 0.60459 0.834375 0.662695 0.894043
0 0.510547 0.610059 0.822656 0.673633 0.0484924
0 0.782031 0.447266 0.26875 0.405469 0.00159168
0 0.745313 0.432422 0.339063 0.332031 0.0012207
1 0.782031 0.447266 0.26875 0.405469 0.00121117
1 0.501562 0.601953 0.832812 0.655469 0.901367
0 0.501562 0.601953 0.832812 0.655469 0.0287628
0 0.783594 0.702344 0.254687 0.451562 0.00346947
0 0.762109 0.452734 0.308594 0.383594 0.00253105
0 0.725781 0.708594 0.359375 0.432813 0.0017004
0 0.732031 0.415234 0.364062 0.286719 0.00167465
1 0.762109 0.452734 0.308594 0.383594 0.00162888
1 0.783594 0.702344 0.254687 0.451562 0.0014267
0 0.764844 0.641016 0.292188 0.571094 0.00138855
1 0.732031 0.415234 0.364062 0.286719 0.00116062
0 0.769531 0.523438 0.290625 0.514063 0.00115108
1 0.504687 0.592969 0.84375 0.660937 0.922363
0 0.499219 0.599316 0.832812 0.651367 0.0145035
0 0.757812 0.744531 0.325 0.510938 0.00226021
0 0.161621 0.766797 0.323242 0.466406 0.00208282
1 0.208594 0.773828 0.301953 0.452344 0.00126457
0 0.791406 0.479297 0.284375 0.589844 0.00124454
1 0.757812 0.744531 0.325 0.510938 0.00112438
0 0.256445 0.776758 0.344922 0.443359 0.00105286
0 0.200391 0.813867 0.347656 0.372266 0.00104427
0 0.223486 0.733594 0.284277 0.5125 0.00104046
