1 0.484473 0.508594 0.70293 0.926562 0.975586
1 0.588379 0.482812 0.479492 0.903125 0.0369873
1 0.497266 0.289062 0.652344 0.5125 0.0359497
1 0.519531 0.208008 0.5875 0.335547 0.0105667
0 0.484473 0.508594 0.70293 0.926562 0.0104065
1 0.532422 0.15332 0.538281 0.234375 0.00127888
1 0.603906 0.309961 0.446875 0.550391 0.00103664
1 0.478125 0.520703 0.735937 0.958594 0.85498
0 0.478906 0.525781 0.74375 0.948438 0.11377
1 0.497266 0.521094 0.688281 0.932813 0.831055
0 0.249561 0.964063 0.363379 0.071875 0.0078125
0 0.203906 0.95625 0.357812 0.0875 0.00614548
0 0 0.937109 0 0.125781 0.00526047
0 0.914062 0.882031 0.171875 0.235938 0.00452042
0 0.00480957 0.932422 0.00961914 0.135156 0.00452042
0 0.300781 0.95 0.371094 0.1 0.00362206
0 0.403809 0.936719 0.35957 0.126563 0.00307465
0 0 0.916797 0 0.166406 0.00302696
0 0.526563 0.951172 0.367188 0.0976562 0.00279999
0 0 0.839063 0 0.185937 0.00276756
0 0.0797119 0.824219 0.133154 0.245312 0.00261116
1 0.914062 0.882031 0.171875 0.235938 0.0024147
1 0.227148 0.961719 0.365234 0.0765625 0.00236893
0 0.17041 0.94375 0.34082 0.1125 0.00212479
1 0.365625 0.562109 0.138281 0.300781 0.00201035
0 0.0952148 0.888281 0.19043 0.223438 0.0019722
0 0 0.889063 0 0.184375 0.00186062
1 0.180273 0.948438 0.360547 0.103125 0.00186062
0 0 0.778906 0 0.18125 0.00183868
0 0.0998047 0.927734 0.199609 0.144531 0.00158501
0 0.060791 0.978125 0.121582 0.04375 0.00157356
0 0 0.952344 0 0.0953125 0.00157356
0 0.473828 0.939844 0.378906 0.120312 0.00154305
0 0.0201416 0.0143311 0.0402832 0.0286621 0.00153065
1 0.0952148 0.888281 0.19043 0.223438 0.00151253
0 0.237305 0.984766 0.183203 0.0304688 0.00149536
0 0.167578 0.984766 0.171094 0.0304688 0.00148964
0 0 0.740625 0 0.18125 0.00148964
1 0.387891 0.675391 0.138281 0.317969 0.00146675
1 0.0797119 0.824219 0.133154 0.245312 0.00144386
1 0.423438 0.717188 0.15 0.309375 0.00140476
0 0.9 0.923047 0.2 0.153906 0.00139904
1 0.00480957 0.932422 0.00961914 0.135156 0.00137234
0 0.574219 0.9625 0.3875 0.075 0.00134563
0 0.140625 0.964063 0.0941406 0.071875 0.00134087
0 0.00507812 0.738672 0.0101562 0.172656 0.00132465
0 0 0.0467285 0 0.093457 0.00130463
0 0 0.277734 0 0.183594 0.00126934
0 0 0.177686 0 0.183691 0.00124454
0 0 0.315625 0 0.183594 0.00124454
0 0 0.215186 0 0.183691 0.00122547
0 0 0.140332 0 0.183789 0.00122547
0 0.287109 0.772656 0.0632813 0.11875 0.00121593
0 0.00621338 0.0122192 0.0124268 0.0244385 0.00120163
0 0 0.352734 0 0.183594 0.00118828
0 0 0.102759 0 0.183936 0.00117397
0 0.789258 0.936719 0.293359 0.126563 0.00117397
0 0.00476074 0.907031 0.00952148 0.160938 0.0011692
0 0.972656 0.982422 0.0546875 0.0351562 0.00116539
1 0.362109 0.672656 0.127344 0.31875 0.00115108
0 0 0.390527 0 0.183008 0.00110722
0 0.273242 0.724219 0.0621094 0.123438 0.00109863
0 0.070459 0.985156 0.140918 0.0296875 0.00109005
0 0 0.478125 0 0.182812 0.00107765
0 0 0.428027 0 0.183008 0.00106907
1 0.414062 0.678125 0.122656 0.315625 0.00105286
0 0 0.515625 0 0.182812 0.00104046
0 0.365625 0.562109 0.138281 0.300781 0.00103664
1 0.590625 0.519922 0.4875 0.960156 0.00103188
0 0.00483398 0.808594 0.00966797 0.164062 0.00102425
0 0.497266 0.521094 0.688281 0.932813 0.00102425
0 0 0.0785156 0 0.157031 0.00101662
1 0.466504 0.516406 0.718555 0.964063 0.918945
0 0.0621582 0.807031 0.113574 0.160938 0.0110321
0 0.903125 0.901172 0.159375 0.197656 0.00376511
0 0.464063 0.513281 0.725 0.954687 0.00369263
0 0.068457 0.940625 0.132617 0.10625 0.00300407
0 0.191992 0.978125 0.159766 0.04375 0.00279045
0 0.143262 0.978125 0.141992 0.04375 0.00234222
1 0.0636719 0.810938 0.112109 0.18125 0.00188255
0 0.114233 0.978516 0.161377 0.0429688 0.00174809
0 0.732813 0.725 0.267188 0.526563 0.00144958
1 0.79668 0.497266 0.369141 0.958594 0.00136662
0 0.79668 0.497266 0.369141 0.958594 0.00132465
0 0.953516 0.522266 0.0929687 0.914844 0.00131512
0 0.245508 0.978906 0.181641 0.0421875 0.00128937
0 0.914844 0.763281 0.170312 0.45 0.0012846
0 0.911719 0.859375 0.176563 0.273438 0.00118351
1 0.896875 0.495313 0.190625 0.9375 0.0011692
0 0.896875 0.495313 0.190625 0.9375 0.00116062
0 0.468066 0.978906 0.195117 0.0421875 0.00108624
0 0.65625 0.734766 0.35 0.496094 0.00108147
1 0.464063 0.510938 0.729688 0.940625 0.950195
1 0.816992 0.489844 0.344141 0.970312 0.00734711
0 0.816992 0.489844 0.344141 0.970312 0.00378036
1 0.947656 0.489453 0.104687 0.958594 0.00301552
0 0.947656 0.489453 0.104687 0.958594 0.00247192
1 0.192969 0.814258 0.385938 0.371484 0.00211525
0 0.98125 0.509766 0.0375 0.855469 0.00206757
1 0.98125 0.509766 0.0375 0.855469 0.00161076
0 0.646484 0.715625 0.405469 0.54375 0.00123024
0 0.934375 0.0753906 0.13125 0.150781 0.00107288
0 0.718359 0.695312 0.350781 0.59375 0.00104427
0 0.669531 0.204688 0.34375 0.342187 0.00100803
1 0.472656 0.503906 0.735937 0.935938 0.921875
1 0.207031 0.784766 0.401563 0.430469 0.00503922
0 0.915234 0.774609 0.169531 0.450781 0.00482941
0 0.47666 0.510156 0.75918 0.917188 0.00292397
0 0.882812 0.747266 0.234375 0.505469 0.00281143
1 0.306445 0.757812 0.441797 0.48125 0.0024147
0 0.175977 0.782031 0.351953 0.435937 0.0019722
0 0.953125 0.539844 0.09375 0.720312 0.00196457
0 0.664062 0.754687 0.375 0.490625 0.00184631
0 0.925781 0.699609 0.148438 0.600781 0.00177479
0 0.858594 0.692969 0.282813 0.614062 0.00174809
1 0.131836 0.780273 0.260547 0.439453 0.0017004
1 0.158398 0.825781 0.316797 0.348437 0.00154305
0 0.84707 0.511719 0.277734 0.75 0.00148392
0 0.916016 0.849219 0.167969 0.301562 0.00146675
1 0.915234 0.774609 0.169531 0.450781 0.00146103
0 0.981641 0.545313 0.0367187 0.701563 0.00139904
0 0.811133 0.774023 0.352734 0.451953 0.00135612
0 0.976562 0.733203 0.046875 0.533594 0.00132465
0 0.726953 0.288672 0.285156 0.535156 0.0012846
0 0.973047 0.78125 0.0539063 0.4375 0.00127411
0 0.75625 0.501562 0.442187 0.757812 0.00124931
0 0.864258 0.810547 0.243359 0.378906 0.00120163
0 0.942969 0.632031 0.114063 0.704687 0.0011692
1 0.882812 0.747266 0.234375 0.505469 0.0011692
1 0.726953 0.288672 0.285156 0.535156 0.00116062
1 0.664062 0.754687 0.375 0.490625 0.00115108
0 0.602344 0.775781 0.501562 0.448438 0.00110722
1 0.731641 0.289844 0.399219 0.55625 0.00107765
0 0.978906 0.642187 0.0421875 0.70625 0.00106525
0 0.218164 0.75 0.349609 0.49375 0.00102806
0 0.767187 0.453223 0.33125 0.75293 0.00101185
1 0.475391 0.509375 0.755469 0.95 0.897461
0 0.00473633 0.93125 0.00947266 0.1375 0.0143356
0 0.00461426 0.950781 0.00922852 0.0984375 0.0125732
0 0.475391 0.509375 0.755469 0.95 0.00971222
0 0.128491 0.970312 0.172705 0.059375 0.00651169
0 0.00480957 0.771484 0.00961914 0.246094 0.00508118
1 0.211328 0.8125 0.422656 0.375 0.00397491
0 0.00466309 0.828125 0.00932617 0.232812 0.00391388
0 0 0.960156 0 0.0796875 0.00348282
0 0.134399 0.982422 0.185889 0.0351562 0.00337601
0 0.00473633 0.721875 0.00947266 0.246875 0.00312424
1 0.161133 0.816211 0.314453 0.367578 0.00305176
1 0.00461426 0.950781 0.00922852 0.0984375 0.00244331
0 0.00458984 0.900391 0.00917969 0.199219 0.00235939
0 0.917188 0.81582 0.1625 0.355859 0.00220871
0 0.0552246 0.991406 0.110449 0.0171875 0.00205803
1 0.00473633 0.93125 0.00947266 0.1375 0.0019722
1 0.205273 0.562891 0.229297 0.616406 0.00183105
1 0.222266 0.865625 0.444531 0.26875 0.00177479
0 0.928906 0.740625 0.142188 0.426562 0.00176811
0 0.959375 0.9375 0.08125 0.125 0.00174141
1 0.221436 0.761719 0.317285 0.451562 0.00172043
0 0 0.947656 0 0.104687 0.00171375
0 0.205273 0.562891 0.229297 0.616406 0.00156116
0 0.632812 0.755859 0.39375 0.455469 0.00154877
0 0.936719 0.0695801 0.126563 0.13916 0.00147247
1 0.920313 0.765625 0.153125 0.439063 0.00135136
0 0.00471191 0.673437 0.00942383 0.25 0.00134563
0 0.915625 0.878906 0.165625 0.2375 0.00132465
0 0 0.8625 0 0.134375 0.00131512
0 0.579687 0.983594 0.207813 0.0328125 0.00129414
0 0.174023 0.984375 0.180078 0.03125 0.00124454
1 0.623438 0.750391 0.3875 0.475781 0.00123501
1 0.14043 0.928125 0.280859 0.14375 0.00122547
1 0.691406 0.236719 0.29375 0.435937 0.00117874
0 0.934375 0.0370605 0.13125 0.0741211 0.00115585
0 0 0.786719 0 0.134375 0.0011034
0 0.819531 0.992188 0.1 0.015625 0.00108147
0 0.225342 0.985156 0.189941 0.0296875 0.00107288
1 0.188477 0.626562 0.194141 0.5125 0.00105286
0 0.188477 0.626562 0.194141 0.5125 0.00103188
0 0.00471191 0.0556641 0.00942383 0.111328 0.00102425
0 0.848437 0.992188 0.121875 0.015625 0.00100803
1 0.47666 0.511719 0.75918 0.935938 0.896973
0 0.475781 0.508594 0.770312 0.935938 0.00626373
1 0.458496 0.793555 0.770508 0.409766 0.00250244
0 0.911719 0.848437 0.167187 0.2875 0.00201035
1 0.51084 0.191455 0.69082 0.289746 0.00192642
0 0.9125 0.891406 0.173438 0.210938 0.00167465
1 0.460547 0.852734 0.800781 0.294531 0.00142097
1 0.624219 0.773438 0.389062 0.426562 0.00139904
0 0.624219 0.773438 0.389062 0.426562 0.00139427
1 0.589453 0.188281 0.486719 0.285937 0.00135612
1 0.486328 0.339453 0.735156 0.591406 0.00115108
0 0.513965 0.794531 0.59707 0.398438 0.00109482
0 0.907031 0.76875 0.175 0.445312 0.00103188
1 0.482422 0.516016 0.750781 0.936719 0.932129
0 0.474316 0.513281 0.741992 0.939062 0.00511932
0 0.701563 0.220898 0.289062 0.374609 0.00248146
0 0.652734 0.182422 0.364844 0.287109 0.002388
1 0.652734 0.182422 0.364844 0.287109 0.0020752
1 0.738672 0.288477 0.258594 0.525391 0.00191212
0 0.738672 0.288477 0.258594 0.525391 0.0016489
1 0.701563 0.220898 0.289062 0.374609 0.00152493
1 0.470996 0.514844 0.739258 0.954687 0.921387
1 0.648438 0.183252 0.354688 0.275684 0.0039444
0 0.685938 0.212061 0.298438 0.352441 0.00335121
1 0.164648 0.82832 0.329297 0.343359 0.00322342
1 0.715234 0.243164 0.267969 0.433984 0.00311089
0 0.648438 0.183252 0.354688 0.275684 0.00293541
0 0.715234 0.243164 0.267969 0.433984 0.00282288
0 0.682031 0.772656 0.304688 0.421875 0.00261116
1 0.685938 0.212061 0.298438 0.352441 0.00256157
0 0.00612793 0.956641 0.0122559 0.0867188 0.0016489
1 0.199219 0.77832 0.325391 0.430859 0.00152493
0 0.628125 0.807031 0.367188 0.365625 0.00146675
1 0.639063 0.753516 0.351562 0.460156 0.00135612
1 0.60625 0.14873 0.50625 0.210352 0.00126934
0 0.915625 0.747266 0.16875 0.491406 0.00119686
0 0.605078 0.735156 0.410156 0.503125 0.0011158
1 0.732813 0.34375 0.289062 0.630469 0.00108147
1 0.473047 0.503906 0.736719 0.935938 0.921875
1 0.207227 0.784766 0.401172 0.430469 0.00498199
0 0.915234 0.774609 0.169531 0.450781 0.00477219
0 0.476953 0.510938 0.758594 0.917188 0.00311089
0 0.881445 0.746875 0.237109 0.50625 0.00279999
1 0.306641 0.757422 0.441406 0.482031 0.00244331
0 0.175977 0.782031 0.351953 0.435937 0.00197983
0 0.953125 0.539844 0.09375 0.720312 0.0019722
0 0.664453 0.754687 0.374219 0.490625 0.00185299
0 0.925781 0.699219 0.148438 0.601562 0.00178909
0 0.858008 0.692578 0.283984 0.614844 0.00176144
1 0.131738 0.780273 0.259961 0.439453 0.0016613
1 0.158398 0.825781 0.316797 0.348437 0.00150108
0 0.84707 0.5125 0.277734 0.75 0.00148964
0 0.916016 0.849219 0.167969 0.301562 0.00145531
1 0.915234 0.774609 0.169531 0.450781 0.00144386
0 0.981641 0.545313 0.0367187 0.701563 0.00141048
0 0.810156 0.774023 0.353125 0.451953 0.00135136
0 0.976562 0.733203 0.046875 0.533594 0.00133514
0 0.973047 0.78125 0.0539063 0.4375 0.00127888
0 0.726562 0.289062 0.285937 0.535937 0.00127411
0 0.757031 0.502246 0.442187 0.758008 0.00124931
0 0.863867 0.810547 0.244141 0.378906 0.00119686
0 0.942969 0.631934 0.114063 0.704883 0.00118351
1 0.881445 0.746875 0.237109 0.50625 0.00116062
1 0.664453 0.754687 0.374219 0.490625 0.00115108
1 0.726562 0.289062 0.285937 0.535937 0.00115108
0 0.603125 0.775586 0.5 0.448828 0.0011034
0 0.978906 0.642578 0.0421875 0.707031 0.00107288
1 0.731641 0.289844 0.399219 0.55625 0.00106907
0 0.218164 0.75 0.349609 0.49375 0.00104046
0 0.767187 0.453516 0.33125 0.752344 0.00101185
1 0.953125 0.539844 0.09375 0.720312 0.00100422
