1 0.505469 0.522656 0.839063 0.845312 0.976074
1 0.348437 0.525 0.554688 0.842188 0.265869
1 0.673828 0.523828 0.477344 0.833594 0.142944
1 0.485547 0.330273 0.775781 0.417578 0.00967407
0 0.501562 0.526563 0.807813 0.842188 0.00392914
1 0.577734 0.403906 0.624219 0.582812 0.00266266
1 0.868945 0.463281 0.262109 0.907812 0.00256157
1 0.757812 0.483203 0.351562 0.861719 0.00243378
1 0.7625 0.466406 0.475 0.920313 0.00234985
1 0.369727 0.776172 0.574609 0.447656 0.00227928
1 0.581152 0.2875 0.60957 0.335938 0.00202751
0 0.877734 0.454297 0.244531 0.764844 0.00190449
1 0.374609 0.877148 0.509375 0.245703 0.0012064
0 0.892969 0.337891 0.214062 0.533594 0.00116062
1 0.503125 0.509766 0.834375 0.791406 0.895508
0 0.499219 0.510156 0.829687 0.8 0.0813599
1 0.5 0.398047 0.796875 0.551562 0.00202751
1 0.502344 0.517969 0.832812 0.807813 0.89209
1 0.371484 0.520312 0.586719 0.804688 0.614258
0 0 0.942578 0 0.114844 0.00286674
0 0.00484619 0.932031 0.00969238 0.135937 0.00259018
1 0.705078 0.528125 0.413281 0.792188 0.00251198
0 0.0208496 0.0143555 0.0416992 0.0287109 0.0016613
0 0 0.924219 0 0.151562 0.00156116
0 0.578516 0.957812 0.371094 0.084375 0.00153637
0 0.528125 0.964063 0.3625 0.071875 0.00144958
0 0 0.0466797 0 0.0933594 0.00132465
0 0 0.903125 0 0.184375 0.00132465
0 0.00629883 0.0122803 0.0125977 0.0245605 0.00131989
0 0.971875 0.982031 0.05625 0.0359375 0.00121593
0 0 0.86582 0 0.183984 0.00121593
0 0 0.664453 0 0.183594 0.0011692
0 0 0.952344 0 0.0953125 0.00116539
0 0.841797 0.952344 0.316406 0.0953125 0.00101185
0 0 0.828125 0 0.182812 0.00100422
1 0.498437 0.529688 0.80625 0.823438 0.932617
0 0.491406 0.532031 0.8125 0.835938 0.00600433
0 0.686328 0.679688 0.432031 0.479688 0.00132465
0 0.417578 0.98125 0.633594 0.0375 0.00107288
1 0.491406 0.519141 0.823438 0.814844 0.959473
1 0.759766 0.523438 0.427344 0.834375 0.00243378
0 0.725 0.295312 0.365625 0.348437 0.00178242
1 0.982813 0.545313 0.034375 0.75625 0.0017271
0 0.761719 0.376172 0.332812 0.572656 0.00171375
0 0.759766 0.523438 0.427344 0.834375 0.00160408
0 0.982813 0.545313 0.034375 0.75625 0.00149536
1 0.924219 0.533203 0.151562 0.825781 0.00129414
1 0.492578 0.949219 0.569531 0.101562 0.00126934
0 0.446973 0.949219 0.55918 0.101562 0.00117874
0 0.673828 0.667188 0.425781 0.542188 0.00100803
1 0.498047 0.521875 0.835156 0.79375 0.939453
0 0.136523 0.773047 0.271484 0.453906 0.00671768
1 0.136523 0.773047 0.271484 0.453906 0.00448608
1 0.792969 0.319141 0.248437 0.516406 0.00304031
0 0.792969 0.319141 0.248437 0.516406 0.00245285
1 0.496094 0.384766 0.814062 0.513281 0.00188923
0 0.917969 0.821875 0.164062 0.35625 0.0018177
1 0.191064 0.740625 0.293652 0.498437 0.00177479
0 0.893359 0.779492 0.213281 0.441016 0.0016489
0 0.873242 0.817383 0.253516 0.365234 0.00138283
1 0.763672 0.278906 0.400781 0.557813 0.00131512
0 0.191064 0.740625 0.293652 0.498437 0.00128937
1 0.767969 0.274414 0.257812 0.412109 0.00117397
1 0.800195 0.404687 0.265234 0.65 0.00113773
0 0.704687 0.725 0.375 0.510938 0.00112915
1 0.225732 0.78418 0.373535 0.431641 0.00109863
0 0.800195 0.404687 0.265234 0.65 0.00109005
1 0.757812 0.469434 0.421875 0.71582 0.00103664
1 0.506641 0.527344 0.846094 0.803125 0.92041
0 0.00465088 0.927344 0.00930176 0.145313 0.00616837
0 0.5125 0.517187 0.8625 0.815625 0.0055542
0 0.728125 0.294727 0.35625 0.332422 0.00216484
0 0.959766 0.938281 0.0804688 0.123438 0.00208282
1 0.728125 0.294727 0.35625 0.332422 0.00199509
1 0.697656 0.487891 0.495313 0.758594 0.00176811
1 0.754297 0.330859 0.322656 0.451562 0.0016613
0 0.696094 0.711719 0.371875 0.448438 0.00158501
0 0.00478516 0.720703 0.00957031 0.238281 0.0014782
1 0.0045166 0.946094 0.0090332 0.107813 0.00141621
0 0 0.973437 0 0.053125 0.0012207
1 0.772656 0.433984 0.279687 0.622656 0.00118828
1 0.387891 0.978906 0.663281 0.0421875 0.00113392
1 0.696094 0.711719 0.371875 0.448438 0.00113392
1 0.734375 0.340234 0.485938 0.491406 0.00109005
1 0.699609 0.263477 0.352344 0.264453 0.00108624
0 0.699609 0.263477 0.352344 0.264453 0.00107288
1 0.485547 0.946094 0.817969 0.107813 0.00106907
1 0.5 0.521484 0.846875 0.797656 0.892578
0 0.505469 0.524219 0.860937 0.814062 0.0078125
0 0.719531 0.310352 0.384375 0.362891 0.00188923
1 0.719531 0.310352 0.384375 0.362891 0.00186062
1 0.490625 0.748438 0.801562 0.365625 0.00157928
0 0.503516 0.740234 0.802344 0.378906 0.00145531
0 0.425 0.979688 0.8375 0.040625 0.00119686
0 0.648047 0.730078 0.472656 0.391406 0.00119209
1 0.425 0.979688 0.8375 0.040625 0.00117874
1 0.648047 0.730078 0.472656 0.391406 0.0011158
1 0.485156 0.853906 0.832812 0.164062 0.00104809
1 0.499219 0.532422 0.832812 0.813281 0.938477
0 0.750391 0.282471 0.319531 0.336621 0.00695801
1 0.750391 0.282471 0.319531 0.336621 0.00582123
0 0.503906 0.527344 0.8375 0.817187 0.00388527
1 0.78418 0.307031 0.266016 0.43125 0.00301552
0 0.78418 0.307031 0.266016 0.43125 0.00234222
1 0.803125 0.426465 0.248437 0.667383 0.00157356
1 0.49375 0.523828 0.826563 0.802344 0.921387
0 0.734766 0.285547 0.349219 0.317969 0.00881195
1 0.734766 0.285547 0.349219 0.317969 0.00806427
0 0.774219 0.341016 0.28125 0.451562 0.00372124
1 0.774219 0.341016 0.28125 0.451562 0.00305176
0 0.497656 0.520312 0.829687 0.815625 0.00222588
0 0.695703 0.258984 0.386719 0.257031 0.00174141
1 0.695703 0.258984 0.386719 0.257031 0.00170708
0 0.714844 0.721875 0.335938 0.426562 0.00147247
0 0.678906 0.760156 0.367188 0.315625 0.00109863
1 0.498047 0.522266 0.835156 0.794531 0.939453
0 0.136523 0.773047 0.271484 0.453906 0.00671768
1 0.136523 0.773047 0.271484 0.453906 0.00445175
1 0.792969 0.319141 0.248437 0.516406 0.00302696
0 0.792969 0.319141 0.248437 0.516406 0.00244331
1 0.496094 0.385547 0.814062 0.515625 0.00188923
0 0.917578 0.821875 0.164844 0.35625 0.00182438
1 0.191016 0.740625 0.29375 0.498437 0.00178242
0 0.893359 0.779297 0.213281 0.441406 0.0016613
0 0.873242 0.817383 0.253516 0.365234 0.00138855
0 0.191016 0.740625 0.29375 0.498437 0.00130939
1 0.764063 0.279102 0.4 0.558203 0.00130939
1 0.767969 0.275 0.257812 0.4125 0.00117874
0 0.704687 0.725391 0.373437 0.511719 0.0011425
1 0.800195 0.404785 0.265234 0.651367 0.00112915
1 0.225732 0.78418 0.373535 0.431641 0.00111198
0 0.800195 0.404785 0.265234 0.651367 0.00108147
1 0.757812 0.469629 0.421875 0.716992 0.00104046
