0 0.490625 0.497656 0.882812 0.929688 0.764648
1 0.487891 0.513281 0.908594 0.953125 0.354004
0 0.659277 0.482812 0.595508 0.875 0.0182648
0 0.63125 0.358203 0.603125 0.678906 0.00261116
0 0.730859 0.440234 0.485156 0.813281 0.00208282
0 0.825977 0.396484 0.348047 0.729688 0.00157928
1 0.721484 0.446875 0.500781 0.81875 0.00135612
0 0.516797 0.229102 0.822656 0.415234 0.00103188
0 0.495313 0.521875 0.907812 0.95625 0.944824
1 0.498437 0.517187 0.903125 0.965625 0.0171051
0 0.500781 0.516016 0.942187 0.936719 0.790527
1 0.497656 0.510938 0.945312 0.959375 0.0923462
0 0.917969 0.899219 0.164062 0.201562 0.00551224
0 0.785937 0.964844 0.345313 0.0703125 0.00369263
0 0 0.936719 0 0.126563 0.00271416
0 0.0048584 0.932031 0.0097168 0.135937 0.00242424
0 0 0.490234 0 0.184375 0.00220871
0 0.822266 0.936719 0.355469 0.126563 0.00194168
0 0 0.528125 0 0.184375 0.00181007
0 0 0.601562 0 0.184375 0.00174141
0 0 0.453027 0 0.18457 0.0017004
0 0.0208252 0.0145508 0.0416504 0.0291016 0.00168133
0 0.00489502 0.486328 0.00979004 0.16875 0.0016613
0 0 0.641406 0 0.178125 0.00161076
1 0.917969 0.899219 0.164062 0.201562 0.0015974
0 0 0.917969 0 0.164062 0.00143242
0 0 0.890625 0 0.184375 0.00137806
0 0.430078 0.973047 0.369531 0.0539063 0.00137234
0 0.00627441 0.0124512 0.0125488 0.0249023 0.00135612
0 0.971875 0.981641 0.05625 0.0367187 0.00135612
0 0 0.565234 0 0.185156 0.00134563
0 0 0.0467285 0 0.093457 0.00130463
0 0.00493164 0.447559 0.00986328 0.167383 0.00130463
0 0 0.853125 0 0.184375 0.00126934
0 0 0.815625 0 0.182812 0.00120163
0 0 0.415527 0 0.18457 0.00117397
0 0 0.778125 0 0.182812 0.0011425
0 0.71875 0.982031 0.170312 0.0359375 0.0011158
0 0 0.952344 0 0.0953125 0.00111198
0 0.730859 0.978125 0.342969 0.04375 0.00110722
0 0.0046875 0.628125 0.009375 0.170312 0.00107288
0 0.642969 0.985937 0.159375 0.028125 0.00105667
0 0.451562 0.241992 0.065625 0.133594 0.00105667
0 0 0.740625 0 0.182812 0.00105286
0 0.592188 0.003479 0.175 0.00695801 0.00104809
0 0.087793 0.886328 0.171484 0.227344 0.00101185
0 0.5 0.499219 0.910937 0.967188 0.946777
0 0.190234 0.491406 0.326953 0.8375 0.00428009
0 0.89375 0.919531 0.175 0.159375 0.00382423
0 0.270508 0.492188 0.488672 0.864062 0.00332451
0 0.917969 0.909375 0.151562 0.18125 0.00244331
1 0.503906 0.508984 0.90625 0.982031 0.00188255
0 0.139258 0.469141 0.233984 0.799219 0.00171375
0 0.751172 0.975781 0.189844 0.0484375 0.00147247
0 0.3625 0.167285 0.198437 0.224805 0.00128937
0 0.486719 0.502344 0.898438 0.957812 0.905273
1 0.495313 0.514844 0.8875 0.957812 0.10321
0 0.975781 0.475391 0.0484375 0.683594 0.00124454
0 0.948438 0.75 0.103125 0.5 0.00109482
0 0.811719 0.502344 0.310937 0.960938 0.00106525
0 0.494531 0.507031 0.929688 0.945312 0.80127
1 0.490625 0.515234 0.935938 0.969531 0.299805
0 0.130176 0.823633 0.260352 0.352734 0.00273705
0 0.891406 0.875781 0.217187 0.248437 0.00261116
0 0.836133 0.834375 0.324609 0.33125 0.00212479
1 0.489844 0.300391 0.910937 0.542969 0.0019722
0 0.836328 0.891797 0.327344 0.216406 0.00195694
0 0.464063 0.730469 0.839063 0.5 0.00193405
0 0.800195 0.51875 0.349609 0.871875 0.00183868
0 0.864648 0.785742 0.270703 0.428516 0.00163555
0 0.831445 0.748828 0.299609 0.502344 0.00162315
0 0.746875 0.742188 0.373437 0.501562 0.00130463
0 0.894531 0.975781 0.210938 0.0484375 0.0012846
0 0.176758 0.814258 0.351953 0.371484 0.00124931
0 0.489844 0.300391 0.910937 0.542969 0.00100422
0 0.492969 0.498437 0.935938 0.959375 0.855957
1 0.494922 0.514844 0.928906 0.970312 0.161011
0 0.0046875 0.927344 0.009375 0.145313 0.00720596
0 0.00478516 0.508984 0.00957031 0.244531 0.00664139
0 0.00476074 0.458496 0.00952148 0.245508 0.00403976
0 0.00473633 0.557813 0.00947266 0.24375 0.00312424
0 0.00466309 0.659375 0.00932617 0.24375 0.00268364
0 0.426562 0.263672 0.147656 0.0625 0.00243378
0 0.959375 0.938281 0.08125 0.123438 0.00191879
0 0.0046875 0.408594 0.009375 0.245312 0.00157356
1 0.0045166 0.945703 0.0090332 0.108594 0.00156116
0 0.730859 0.744531 0.366406 0.473437 0.0015192
0 0 0.960156 0 0.0796875 0.00139904
0 0.00473633 0.05625 0.00947266 0.1125 0.00125504
0 0.00473633 0.892578 0.00947266 0.214844 0.00109863
0 0.436719 0.25 0.123438 0.0875 0.00106049
0 0.49375 0.499219 0.934375 0.954687 0.924805
1 0.494531 0.509766 0.932813 0.961719 0.00912476
0 0.502734 0.752344 0.900781 0.457812 0.00135136
0 0.0438477 0.974219 0.0876953 0.0515625 0.00104046
0 0.49375 0.5 0.926562 0.957812 0.854492
1 0.494531 0.512109 0.942187 0.975781 0.283691
0 0.748438 0.187891 0.40625 0.320312 0.00113392
0 0.489453 0.502344 0.939844 0.939062 0.893066
1 0.490625 0.516016 0.93125 0.967969 0.0482178
0 0.733203 0.189844 0.414844 0.315234 0.00349617
0 0.762891 0.24375 0.394531 0.433594 0.00191879
0 0.727344 0.730469 0.371875 0.492188 0.00174141
0 0.79707 0.719141 0.312109 0.514844 0.00140476
1 0.733203 0.189844 0.414844 0.315234 0.00123501
0 0.822656 0.55625 0.279687 0.714063 0.00119209
0 0.494531 0.507031 0.929688 0.945312 0.802734
1 0.490625 0.515234 0.935938 0.969531 0.295898
0 0.130273 0.823633 0.260547 0.352734 0.00271416
0 0.891406 0.875781 0.217187 0.248437 0.00259018
0 0.835938 0.834375 0.323438 0.33125 0.00209999
0 0.836719 0.891797 0.326562 0.216406 0.00193405
1 0.489844 0.300391 0.910937 0.542969 0.00191212
0 0.799805 0.51875 0.350391 0.871875 0.00183105
0 0.464844 0.730469 0.8375 0.5 0.00173378
0 0.864844 0.785156 0.270312 0.429688 0.00164223
0 0.83125 0.748828 0.3 0.502344 0.00162315
0 0.746875 0.742188 0.373437 0.501562 0.00132465
0 0.894531 0.975781 0.210938 0.0484375 0.00127411
0 0.176904 0.814258 0.35166 0.371484 0.00124454
