1 0.494531 0.471875 0.795313 0.896875 0.952637
0 0.505469 0.469141 0.770312 0.891406 0.0745239
1 0.515234 0.323438 0.750781 0.620313 0.00821686
1 0.638672 0.476562 0.524219 0.86875 0.00548935
0 0.515234 0.323438 0.750781 0.620313 0.00434875
0 0.523047 0.229297 0.735156 0.433594 0.00370789
0 0.687891 0.450781 0.424219 0.792188 0.00329781
1 0.523047 0.229297 0.735156 0.433594 0.00302696
1 0.469531 0.793555 0.740625 0.372266 0.00184631
0 0.539844 0.175391 0.725 0.314844 0.00183105
1 0.702734 0.425391 0.408594 0.746094 0.00168133
0 0.921094 0.424609 0.157813 0.696094 0.00119686
0 0.710547 0.357031 0.410156 0.628125 0.00112438
1 0.472656 0.826758 0.75 0.246484 0.00102425
1 0.503809 0.470313 0.798633 0.875 0.82373
0 0.505078 0.502344 0.786719 0.951563 0.150024
1 0.506934 0.48125 0.761133 0.90625 0.896484
1 0.386719 0.477344 0.554688 0.904688 0.0498657
0 0.928906 0.881641 0.142188 0.236719 0.0113297
1 0.932813 0.882422 0.134375 0.235156 0.00579834
0 0.129785 0.976562 0.25957 0.046875 0.00500107
0 0.164746 0.978906 0.329492 0.0421875 0.00311089
0 0.917969 0.922656 0.164062 0.154687 0.0029583
0 0.925781 0.910156 0.148438 0.170312 0.00210762
0 0.934375 0.85918 0.121875 0.281641 0.00191212
0 0 0.942187 0 0.115625 0.00179577
1 0.686328 0.484375 0.422656 0.889063 0.0017004
0 0 0.901563 0 0.184375 0.00168133
0 0.0048584 0.932031 0.0097168 0.135937 0.0015974
1 0.923437 0.83457 0.128125 0.318359 0.00142097
0 0.971875 0.98125 0.05625 0.0375 0.00129414
0 0.9125 0.920703 0.175 0.158594 0.00126457
0 0.0208252 0.0143555 0.0416504 0.0287109 0.00123501
0 0.923437 0.83457 0.128125 0.318359 0.00123024
0 0.0963867 0.963281 0.192773 0.0734375 0.00121593
0 0.166602 0.983984 0.161328 0.0320312 0.00114727
0 0.601172 0.959766 0.372656 0.0804688 0.0011425
0 0 0.127905 0 0.183643 0.00112438
0 0 0.925 0 0.15 0.00112057
0 0 0.16543 0 0.183594 0.0011034
0 0 0.20293 0 0.183594 0.00106049
0 0 0.86543 0 0.184766 0.00105667
0 0 0.0910156 0 0.182031 0.00105667
0 0.0654785 0.971875 0.121777 0.05625 0.00103188
0 0 0.24043 0 0.183594 0.00102043
0 0 0.0466309 0 0.0932617 0.00101185
0 0 0.278125 0 0.183594 0.00100803
1 0.498047 0.478516 0.757031 0.921094 0.908203
0 0.496484 0.478516 0.772656 0.921094 0.024231
0 0.924219 0.9 0.142188 0.2 0.00502014
0 0.739453 0.925 0.189844 0.15 0.00234222
0 0.946484 0.0384277 0.107031 0.0768555 0.0020752
0 0.924219 0.772266 0.129688 0.428906 0.00202751
0 0.932813 0.871094 0.134375 0.246875 0.00194168
0 0.914844 0.921875 0.129688 0.145313 0.00182438
0 0.766797 0.915625 0.180469 0.16875 0.0015192
0 0.421484 0.978906 0.721094 0.0421875 0.00150108
0 0.766797 0.682813 0.289844 0.532812 0.00143814
0 0.253125 0.449219 0.303125 0.720312 0.00122547
1 0.421484 0.978906 0.721094 0.0421875 0.00118351
1 0.924219 0.772266 0.129688 0.428906 0.00115585
0 0.941406 0.746094 0.117188 0.454688 0.00112438
0 0.909375 0.740625 0.159375 0.5125 0.00112438
0 0.975 0.584766 0.05 0.255469 0.00111198
0 0.955469 0.651563 0.0890625 0.264062 0.00110722
0 0.925781 0.889844 0.114063 0.220313 0.00102425
0 0.535156 0.83125 0.6625 0.189063 0.00101662
1 0.496094 0.475391 0.757812 0.911719 0.950684
1 0.829102 0.480469 0.341797 0.909375 0.00413513
1 0.939453 0.487109 0.121094 0.903906 0.00349617
0 0.829102 0.480469 0.341797 0.909375 0.00328636
0 0.939453 0.487109 0.121094 0.903906 0.00250244
1 0.982031 0.504297 0.0359375 0.846094 0.002388
0 0.982031 0.504297 0.0359375 0.846094 0.00230598
0 0.488281 0.479297 0.767187 0.897656 0.00155449
0 0.489453 0.948828 0.600781 0.102344 0.00129414
1 0.44541 0.950781 0.63418 0.0984375 0.00117397
0 0.928125 0.812695 0.1375 0.365234 0.00116062
1 0.541504 0.949219 0.512305 0.101562 0.00109863
0 0.717188 0.68125 0.36875 0.55 0.00109005
0 0.975 0.732813 0.05 0.534375 0.00101662
1 0.502344 0.467969 0.801562 0.8875 0.95459
0 0.927344 0.775195 0.145313 0.449609 0.00366402
1 0.247461 0.76875 0.381641 0.4625 0.0024147
1 0.916406 0.774219 0.167187 0.451562 0.0020504
0 0.863672 0.753516 0.272656 0.492969 0.00183105
0 0.763672 0.714063 0.333594 0.565625 0.00182438
0 0.928516 0.840234 0.142969 0.319531 0.00179577
0 0.762891 0.302344 0.294531 0.569531 0.00138855
0 0.9375 0.708984 0.125 0.582031 0.00137234
1 0.863672 0.753516 0.272656 0.492969 0.00135612
0 0.977344 0.682031 0.0453125 0.635938 0.00135612
0 0.823242 0.731641 0.353516 0.536719 0.00134563
0 0.982031 0.542969 0.0359375 0.695312 0.00131989
1 0.938281 0.729688 0.123438 0.540625 0.00129414
0 0.247461 0.76875 0.381641 0.4625 0.00128937
0 0.739062 0.471777 0.521875 0.758008 0.00124931
0 0.938281 0.493359 0.123438 0.722656 0.00124454
0 0.979688 0.750781 0.040625 0.498437 0.00124454
1 0.977344 0.682031 0.0453125 0.635938 0.0011158
0 0.7375 0.240039 0.315625 0.461328 0.00104809
1 0.982031 0.542969 0.0359375 0.695312 0.00104809
1 0.938281 0.493359 0.123438 0.722656 0.00103188
1 0.523438 0.469531 0.84375 0.923437 0.925293
0 0.505469 0.476562 0.810938 0.9125 0.00588989
0 0.00463867 0.927734 0.00927734 0.144531 0.00508118
1 0.935938 0.839063 0.128125 0.307813 0.00319672
0 0.935938 0.839063 0.128125 0.307813 0.00281143
1 0.926562 0.897656 0.140625 0.201562 0.00239754
1 0.94375 0.785937 0.1125 0.3875 0.00231361
0 0.932813 0.8875 0.134375 0.221875 0.00224304
0 0.959375 0.936719 0.08125 0.126563 0.00217438
0 0.869531 0.992188 0.107813 0.015625 0.00213242
0 0.740234 0.693359 0.327344 0.482031 0.00193405
0 0.859375 0.985156 0.034375 0.0296875 0.00191212
1 0.915625 0.785937 0.153125 0.40625 0.00170708
0 0.00462647 0.895312 0.00925293 0.209375 0.00167465
0 0.842188 0.985156 0.0375 0.0296875 0.0016489
1 0.387891 0.975391 0.703906 0.0492188 0.00157356
0 0.842188 0.992188 0.10625 0.015625 0.00152493
0 0.94375 0.785937 0.1125 0.3875 0.0014782
1 0.952734 0.724219 0.0945313 0.421875 0.00146675
0 0.69375 0.183643 0.373437 0.313965 0.00144958
0 0.00473633 0.571875 0.00947266 0.245312 0.00141621
1 0.923437 0.927344 0.153125 0.145313 0.00124454
0 0.930078 0.917188 0.139844 0.165625 0.0012064
1 0.889063 0.750391 0.19375 0.477344 0.0012064
1 0.0045166 0.946094 0.0090332 0.107813 0.00118828
1 0.726953 0.728125 0.342969 0.415625 0.00116539
1 0.43125 0.939844 0.85 0.120312 0.0011425
0 0.732813 0.221094 0.340625 0.395312 0.00112438
0 0.256689 0.453223 0.31709 0.574805 0.00109863
0 0.0046875 0.521875 0.009375 0.248437 0.00107765
0 0 0.973437 0 0.053125 0.00100803
1 0.510938 0.465234 0.8125 0.882031 0.888184
0 0.510938 0.465234 0.8125 0.882031 0.00559998
1 0.428906 0.964063 0.857813 0.071875 0.00225258
1 0.44375 0.948828 0.8875 0.102344 0.00211525
0 0.759375 0.718359 0.285937 0.416406 0.00191879
0 0.428906 0.964063 0.857813 0.071875 0.0018034
0 0.927344 0.89375 0.1375 0.20625 0.00159168
1 0.759375 0.718359 0.285937 0.416406 0.0014782
1 0.923437 0.8625 0.134375 0.257812 0.00137806
0 0.7125 0.742969 0.342187 0.376563 0.00136185
1 0.7125 0.742969 0.342187 0.376563 0.0012207
1 0.491406 0.857031 0.81875 0.157813 0.00116062
0 0.487891 0.975 0.864844 0.05 0.0011425
0 0.682813 0.188672 0.415625 0.317187 0.00107288
1 0.487891 0.975 0.864844 0.05 0.00106525
0 0.724609 0.268359 0.352344 0.480469 0.00105286
1 0.511328 0.479688 0.802344 0.921875 0.938965
0 0.508691 0.488281 0.79043 0.929688 0.0026722
0 0.742188 0.225 0.320312 0.407813 0.00158501
0 0.702344 0.175977 0.378125 0.314453 0.00144386
1 0.497559 0.478125 0.789258 0.909375 0.913574
0 0.697266 0.179248 0.374219 0.306348 0.00419998
0 0.728906 0.227148 0.34375 0.402734 0.00395966
0 0.757812 0.749219 0.2875 0.353125 0.00268364
1 0.697266 0.179248 0.374219 0.306348 0.00251198
1 0.728906 0.227148 0.34375 0.402734 0.00205803
0 0.782812 0.702344 0.248437 0.432813 0.00144386
0 0.760938 0.3 0.290625 0.529688 0.00133514
0 0.711328 0.778906 0.347656 0.292188 0.00108147
0 0.775 0.589063 0.254687 0.560938 0.00107765
1 0.502344 0.467969 0.801562 0.889063 0.95459
0 0.927344 0.775195 0.145313 0.449609 0.00369263
1 0.247266 0.767969 0.382031 0.464063 0.00243378
1 0.916406 0.774219 0.167187 0.451562 0.0020504
0 0.862891 0.753516 0.274219 0.492969 0.00185299
0 0.764063 0.714063 0.332812 0.565625 0.00182438
0 0.928516 0.840234 0.142969 0.319531 0.00177479
0 0.9375 0.708984 0.125 0.582031 0.00138283
0 0.762891 0.302539 0.294531 0.569922 0.00137806
1 0.862891 0.753516 0.274219 0.492969 0.00136662
0 0.977344 0.681934 0.0453125 0.636133 0.00136662
0 0.823242 0.731641 0.353516 0.536719 0.00135612
0 0.982031 0.542871 0.0359375 0.695508 0.00134087
0 0.247266 0.767969 0.382031 0.464063 0.00129986
1 0.9375 0.729688 0.125 0.540625 0.00129986
0 0.938281 0.493066 0.123438 0.723242 0.00126934
0 0.739453 0.471875 0.521094 0.759375 0.00126934
0 0.979688 0.750781 0.040625 0.498437 0.0012598
1 0.977344 0.681934 0.0453125 0.636133 0.0011158
1 0.982031 0.542871 0.0359375 0.695508 0.00106049
1 0.938281 0.493066 0.123438 0.723242 0.00105286
0 0.7375 0.240234 0.315625 0.461719 0.00104427
