1 0.505078 0.486719 0.824219 0.845312 0.962891
0 0.503906 0.492188 0.798437 0.8375 0.11615
1 0.510156 0.344922 0.767187 0.58125 0.0594177
1 0.643359 0.487891 0.557031 0.835156 0.0104523
1 0.577246 0.243018 0.629883 0.369434 0.0024147
1 0.537891 0.201172 0.708594 0.260938 0.00232315
1 0.805664 0.458594 0.388672 0.867188 0.00151253
0 0.706641 0.459375 0.555469 0.85 0.00148964
0 0.860742 0.439941 0.278516 0.718555 0.00143242
0 0.805664 0.458594 0.388672 0.867188 0.0012846
1 0.733984 0.433984 0.532031 0.797656 0.00101662
1 0.238232 0.482031 0.323535 0.860937 0.00100422
1 0.505859 0.499219 0.835156 0.851562 0.923828
0 0.501172 0.479688 0.832031 0.815625 0.0287628
1 0.503906 0.364062 0.803125 0.590625 0.0145569
1 0.500781 0.498047 0.854688 0.847656 0.922852
1 0.638281 0.5 0.528125 0.84375 0.695801
1 0.158008 0.576563 0.143359 0.296875 0.0124817
1 0.175049 0.603516 0.178027 0.291406 0.00841522
1 0.183789 0.545703 0.192578 0.320312 0.00482941
1 0.259375 0.766797 0.167187 0.257031 0.00407028
0 0.158008 0.576563 0.143359 0.296875 0.00325966
1 0.177783 0.358594 0.12334 0.30625 0.00286674
0 0.175049 0.603516 0.178027 0.291406 0.00277901
0 0 0.942578 0 0.114844 0.00245285
1 0.237305 0.752734 0.154687 0.253906 0.00231361
1 0.183984 0.666016 0.157813 0.310156 0.00227928
1 0.148633 0.523047 0.117578 0.325 0.00194168
0 0.00484619 0.932031 0.00969238 0.135937 0.00184631
1 0.158789 0.621875 0.134375 0.304688 0.00157356
0 0.459375 0.971484 0.342187 0.0570313 0.00148964
0 0.0203369 0.0134766 0.0406738 0.0269531 0.00134563
1 0.152734 0.353711 0.0859375 0.312891 0.00133514
0 0 0.889844 0 0.184375 0.00130463
1 0.288281 0.779883 0.179688 0.271484 0.00129414
1 0.216846 0.722266 0.150684 0.241406 0.00127888
0 0.183789 0.545703 0.192578 0.320312 0.00126457
0 0 0.924219 0 0.151562 0.00126457
0 0.553809 0.95 0.370508 0.1 0.00117874
0 0 0.715234 0 0.183594 0.00117874
0 0.00588379 0.00803223 0.0117676 0.0160645 0.0011692
0 0 0.853125 0 0.184375 0.00113392
0 0 0.0464844 0 0.0929687 0.00112057
1 0.131348 0.548437 0.103711 0.3125 0.00110722
0 0 0.677734 0 0.184375 0.00109863
0 0 0.81582 0 0.183984 0.00109863
0 0 0.952344 0 0.0953125 0.00108147
0 0 0.764844 0 0.184375 0.00103664
1 0.503125 0.500781 0.8125 0.870313 0.922852
1 0.367188 0.503906 0.572656 0.864062 0.00434875
1 0.229883 0.483984 0.292578 0.885156 0.00301552
0 0.525 0.508594 0.717188 0.882812 0.00291252
0 0.447656 0.978906 0.590625 0.0421875 0.00246239
1 0.410156 0.978906 0.6 0.0421875 0.00208282
1 0.427734 0.940625 0.850781 0.1125 0.00191212
0 0.464844 0.939844 0.85 0.109375 0.00173378
1 0.250391 0.461719 0.396094 0.670313 0.00153637
0 0.739844 0.924219 0.192188 0.151562 0.00137806
0 0.469141 0.854688 0.727344 0.1375 0.00104809
1 0.492969 0.495313 0.828125 0.85625 0.971191
1 0.479004 0.942969 0.579492 0.114063 0.00316048
0 0.479004 0.942969 0.579492 0.114063 0.00293541
1 0.460156 0.915625 0.767187 0.16875 0.00265312
0 0.982813 0.507422 0.034375 0.728906 0.00161076
0 0.460156 0.915625 0.767187 0.16875 0.00157356
0 0.66875 0.664062 0.44375 0.546875 0.00123501
1 0.563281 0.959375 0.603125 0.08125 0.00122547
0 0.563281 0.959375 0.603125 0.08125 0.00116539
0 0.767187 0.305859 0.33125 0.515625 0.00113392
0 0.939844 0.0638672 0.120312 0.127734 0.00109863
1 0.249023 0.775586 0.498047 0.448828 0.00104809
1 0.98125 0.546094 0.0375 0.745313 0.00103188
1 0.502344 0.494531 0.842188 0.85 0.964355
1 0.152539 0.585547 0.146875 0.291406 0.00362206
0 0.787695 0.264062 0.274609 0.46875 0.00220871
1 0.787695 0.264062 0.274609 0.46875 0.00186729
1 0.164355 0.630078 0.168945 0.297656 0.00185299
0 0.740234 0.703906 0.363281 0.579687 0.00184631
1 0.204492 0.803711 0.381641 0.392578 0.00181007
1 0.267139 0.769141 0.236035 0.242969 0.00142097
0 0.204492 0.803711 0.381641 0.392578 0.00126934
1 0.404004 0.946875 0.68418 0.10625 0.00124931
1 0.153027 0.37207 0.0931641 0.327734 0.00117874
1 0.245361 0.746875 0.183496 0.246875 0.00109482
1 0.241992 0.766797 0.315234 0.466406 0.00104046
1 0.754687 0.250781 0.41875 0.498437 0.00101185
1 0.5125 0.492578 0.85 0.861719 0.928711
0 0.00463867 0.929297 0.00927734 0.141406 0.0042305
1 0.475781 0.941797 0.83125 0.116406 0.00288963
1 0.391016 0.973437 0.658594 0.053125 0.00283432
1 0.233594 0.483203 0.265234 0.753906 0.00266266
0 0.7375 0.239111 0.359375 0.32959 0.00234985
1 0.200195 0.430078 0.190625 0.680469 0.0020504
0 0.726953 0.673828 0.372656 0.499219 0.00171375
1 0.262305 0.535547 0.366016 0.671094 0.00164223
0 0.509375 0.494531 0.853125 0.864062 0.00155449
0 0.416504 0.973828 0.660742 0.0523437 0.00150681
0 0.946875 0.0599609 0.10625 0.119922 0.00146103
1 0.7375 0.239111 0.359375 0.32959 0.00136185
1 0.0544434 0.466016 0.108887 0.480469 0.00123978
0 0.936719 0.0323975 0.126563 0.0647949 0.0012207
1 0.00466309 0.947656 0.00932617 0.104687 0.0012064
1 0.479785 0.980469 0.65293 0.0390625 0.00119686
0 0.780469 0.27168 0.278125 0.408203 0.00118351
1 0.209375 0.341406 0.209375 0.535937 0.00118351
0 0 0.973437 0 0.053125 0.00115585
0 0.758594 0.619531 0.320312 0.557813 0.0011425
0 0.589844 0.728125 0.133594 0.1 0.00113392
1 0.683594 0.692187 0.4125 0.464063 0.0011034
1 0.497266 0.845312 0.744531 0.164062 0.00109863
0 0.66875 0.714063 0.3875 0.404687 0.00107288
0 0.804688 0.559375 0.24375 0.621875 0.00102425
1 0.511719 0.492188 0.854688 0.857813 0.899902
0 0.511719 0.492188 0.854688 0.857813 0.00298119
1 0.427734 0.964844 0.855469 0.0703125 0.00266266
0 0.461719 0.966406 0.889063 0.0671875 0.00252151
0 0.733203 0.242969 0.377344 0.335938 0.00250244
1 0.478125 0.948047 0.928125 0.103906 0.00234985
1 0.733203 0.242969 0.377344 0.335938 0.00191212
0 0.772656 0.300391 0.30625 0.457031 0.0015192
0 0.715625 0.717969 0.334375 0.404687 0.00137234
0 0.760156 0.697656 0.301562 0.432813 0.00123024
0 0.478125 0.948047 0.928125 0.103906 0.00122547
1 0.496094 0.850195 0.85625 0.165234 0.0012207
0 0.795508 0.657422 0.262109 0.491406 0.00104046
1 0.505859 0.503125 0.835156 0.859375 0.953613
0 0.752344 0.226367 0.332812 0.329297 0.00638962
1 0.752344 0.226367 0.332812 0.329297 0.0039444
0 0.785742 0.243799 0.275391 0.39834 0.00378036
1 0.785742 0.243799 0.275391 0.39834 0.0027256
0 0.807813 0.332422 0.245312 0.561719 0.00129414
1 0.154102 0.363672 0.0957031 0.171875 0.00115108
1 0.504687 0.492188 0.83125 0.857813 0.946289
0 0.746484 0.226758 0.347656 0.312891 0.0127716
1 0.746484 0.226758 0.347656 0.312891 0.00993347
0 0.775781 0.271484 0.296875 0.417188 0.00591278
1 0.775781 0.271484 0.296875 0.417188 0.00273705
0 0.767969 0.693359 0.301562 0.464844 0.00228691
0 0.716406 0.71875 0.339063 0.41875 0.00215721
0 0.782617 0.555859 0.284766 0.661719 0.00174809
0 0.688281 0.762109 0.379687 0.289844 0.0012846
1 0.502344 0.494141 0.842188 0.849219 0.964355
1 0.152441 0.585547 0.14668 0.292969 0.00342941
0 0.787695 0.264453 0.274609 0.469531 0.00220871
1 0.787695 0.264453 0.274609 0.469531 0.00186729
0 0.740234 0.703906 0.363281 0.579687 0.00185299
1 0.204492 0.803125 0.381641 0.39375 0.00178242
1 0.164062 0.629687 0.168359 0.298438 0.00174141
1 0.266992 0.769141 0.235547 0.242969 0.00137806
0 0.204492 0.803125 0.381641 0.39375 0.00125504
1 0.403809 0.946875 0.683008 0.10625 0.00125504
1 0.153027 0.37207 0.0931641 0.328516 0.00113773
1 0.245117 0.746875 0.182422 0.248437 0.00106525
1 0.241992 0.766016 0.316016 0.467969 0.00104046
1 0.755078 0.250977 0.419531 0.499609 0.00100803
