0 0.470313 0.537109 0.835938 0.853906 0.835938
1 0.48125 0.530078 0.834375 0.855469 0.208862
0 0.596484 0.479785 0.621094 0.71543 0.00268364
0 0.553809 0.398828 0.681445 0.594531 0.00225258
0 0.881641 0.493066 0.236719 0.745117 0.00127888
0 0.470313 0.353125 0.820312 0.507812 0.00113392
0 0.712891 0.514453 0.574219 0.886719 0.00112057
0 0.683984 0.457031 0.525781 0.717188 0.00104427
0 0.491016 0.524609 0.841406 0.835156 0.893555
1 0.483594 0.548437 0.865625 0.903125 0.0301514
0 0.480859 0.544141 0.839844 0.846094 0.604004
1 0.480859 0.544141 0.839844 0.846094 0.187988
0 0.506641 0.974219 0.346094 0.0515625 0.00524139
0 0.578906 0.974219 0.35 0.0515625 0.00482941
0 0.655859 0.969141 0.342969 0.0617188 0.00358009
0 0.273096 0.960938 0.372559 0.078125 0.00358009
0 0.354102 0.976562 0.347266 0.046875 0.00342941
0 0.431934 0.977344 0.345508 0.0453125 0.00299263
0 0 0.936719 0 0.126563 0.00275803
0 0.707031 0.958594 0.354688 0.0828125 0.00261116
0 0.229492 0.942187 0.362891 0.115625 0.00198746
0 0.00484619 0.932031 0.00969238 0.135937 0.00176811
0 0.757031 0.945312 0.3625 0.109375 0.00174141
0 0 0.503125 0 0.184375 0.00146675
0 0 0.540625 0 0.184375 0.00135612
0 0 0.652344 0 0.184375 0.00134563
0 0.0199463 0.0136475 0.0398926 0.0272949 0.00134563
0 0 0.465527 0 0.18457 0.00133514
0 0 0.917969 0 0.164062 0.00132465
0 0 0.615234 0 0.185156 0.00129414
0 0.528125 0.105566 0.0484375 0.142383 0.00122547
0 0 0.690625 0 0.184375 0.00121593
0 0 0.890625 0 0.184375 0.0012064
0 0.00571289 0.00797119 0.0114258 0.0159424 0.0012064
0 0.365625 0.982813 0.174219 0.034375 0.00117874
0 0 0.577734 0 0.185156 0.0011692
0 0 0.952344 0 0.0953125 0.00116539
0 0 0.853125 0 0.184375 0.00115108
0 0 0.728125 0 0.184375 0.00115108
0 0 0.778125 0 0.184375 0.00113392
0 0 0.815625 0 0.184375 0.00112915
0 0 0.428027 0 0.18457 0.0011158
0 0 0.046582 0 0.0931641 0.00110722
0 0 0.352734 0 0.184375 0.00109005
0 0.344336 0.832031 0.191797 0.2375 0.00105286
0 0 0.390527 0 0.18457 0.00102425
0 0.485938 0.536719 0.8375 0.845312 0.943359
1 0.48125 0.532031 0.84375 0.845312 0.00275803
0 0.414746 0.982813 0.29707 0.034375 0.00157356
0 0.362695 0.983203 0.283984 0.0335938 0.00144958
0 0.278125 0.45166 0.471875 0.657617 0.00100803
0 0.491016 0.551172 0.808594 0.838281 0.837402
1 0.473437 0.537109 0.8375 0.844531 0.11615
0 0.38125 0.954687 0.369531 0.090625 0.00177479
0 0.98125 0.557031 0.0375 0.753125 0.00171375
0 0.432715 0.948438 0.400195 0.103125 0.00140476
0 0.806445 0.529688 0.312109 0.834375 0.00102425
0 0.482422 0.538281 0.858594 0.845312 0.608398
1 0.486719 0.534766 0.851562 0.842969 0.443604
0 0.476172 0.403516 0.853906 0.582812 0.00239754
0 0.698438 0.703906 0.385938 0.503125 0.00236893
0 0.162598 0.810938 0.301367 0.378125 0.00166798
0 0.755469 0.733984 0.346875 0.532031 0.00148964
0 0.749219 0.562891 0.335938 0.774219 0.00139904
1 0.698438 0.703906 0.385938 0.503125 0.00127411
0 0.423047 0.976562 0.366406 0.046875 0.00115108
0 0.21582 0.808594 0.285547 0.373437 0.0011425
0 0.190967 0.757422 0.338379 0.485156 0.00106049
0 0.487109 0.536719 0.869531 0.835938 0.798828
1 0.494531 0.534766 0.873438 0.864844 0.192505
0 0.00462647 0.946875 0.00925293 0.10625 0.00439835
0 0.0046875 0.919141 0.009375 0.161719 0.0037365
0 0.338477 0.982031 0.390234 0.0359375 0.00184631
0 0.692578 0.684766 0.363281 0.538281 0.00183105
0 0 0.973437 0 0.053125 0.00129414
1 0.00462647 0.946875 0.00925293 0.10625 0.00127411
0 0.767578 0.657422 0.267969 0.567969 0.00117874
1 0.692578 0.684766 0.363281 0.538281 0.0011158
0 0.00473633 0.545313 0.00947266 0.24375 0.00105667
0 0.410547 0.98125 0.471094 0.0375 0.00105667
0 0.491406 0.546094 0.851562 0.842188 0.893066
1 0.489062 0.534375 0.85625 0.854688 0.0131226
0 0.413184 0.977734 0.651758 0.0445312 0.0026207
0 0.490234 0.757422 0.828906 0.407031 0.0012846
0 0.04375 0.973437 0.0875 0.053125 0.00103664
0 0.487109 0.546094 0.849219 0.851562 0.797363
1 0.485938 0.540625 0.842188 0.85625 0.291016
0 0.476172 0.537109 0.850781 0.842969 0.834961
1 0.48125 0.533594 0.85 0.84375 0.13501
0 0.683594 0.290186 0.426562 0.275879 0.00219917
0 0.704687 0.692969 0.351562 0.5125 0.00189686
0 0.716016 0.337061 0.375781 0.37666 0.00156116
0 0.775 0.671094 0.257812 0.542188 0.00156116
1 0.704687 0.692969 0.351562 0.5125 0.00106907
0 0.482422 0.538281 0.858594 0.845312 0.608398
1 0.4875 0.535156 0.851562 0.842188 0.439697
0 0.698438 0.703906 0.385938 0.503125 0.00237846
0 0.476172 0.403906 0.853906 0.582812 0.00234985
0 0.162598 0.810352 0.301367 0.379297 0.00165462
0 0.755469 0.734375 0.346875 0.53125 0.00150108
0 0.749609 0.562891 0.335156 0.774219 0.00138855
1 0.698438 0.703906 0.385938 0.503125 0.00127411
0 0.42334 0.975781 0.36582 0.0484375 0.00114727
0 0.21582 0.808008 0.285547 0.374609 0.00113392
0 0.19082 0.757422 0.338672 0.485156 0.00106049
