0 0.477344 0.569141 0.879687 0.733594 0.851562
1 0.479688 0.563281 0.896875 0.728125 0.113403
0 0.498047 0.446484 0.872656 0.553125 0.0653687
0 0.606152 0.514453 0.67207 0.599219 0.0167847
1 0.498047 0.446484 0.872656 0.553125 0.00891876
0 0.339844 0.10625 0.476562 0.2125 0.00419998
0 0.344141 0.168164 0.539062 0.336328 0.00299263
1 0.339844 0.10625 0.476562 0.2125 0.00296974
0 0.650781 0.447266 0.575 0.466406 0.00286674
0 0.535937 0.393359 0.807813 0.36875 0.00219154
1 0.413184 0.179199 0.645508 0.358398 0.00206757
0 0.458594 0.176172 0.639063 0.352344 0.00163555
0 0.429688 0.144336 0.557813 0.288672 0.00134563
0 0.724219 0.409766 0.459375 0.55 0.0012064
1 0.429688 0.144336 0.557813 0.288672 0.00112438
0 0.497656 0.549219 0.884375 0.70625 0.922363
1 0.497656 0.549219 0.884375 0.70625 0.00878143
0 0.493359 0.566016 0.930469 0.730469 0.654785
1 0.496875 0.577734 0.93125 0.735156 0.143188
0 0.549219 0.970703 0.382031 0.0585938 0.00857544
0 0.474609 0.969141 0.382031 0.0617188 0.00475693
0 0.661719 0.575391 0.529688 0.717969 0.00453949
0 0.621875 0.964063 0.389062 0.071875 0.00411606
0 0 0.502734 0 0.183594 0.00407028
0 0 0.465527 0 0.183008 0.00329781
0 0.00501709 0.458594 0.0100342 0.165625 0.00273705
0 0 0.540625 0 0.184375 0.00234222
0 0 0.427734 0 0.183594 0.00226974
0 0.00498047 0.498437 0.00996094 0.16875 0.00200272
0 0.0202637 0.0136719 0.0405273 0.0273438 0.00200272
0 0.00505371 0.422656 0.0101074 0.167969 0.00188923
0 0.00578613 0.00861816 0.0115723 0.0172363 0.00186729
1 0.661719 0.575391 0.529688 0.717969 0.00186062
0 0 0.936719 0 0.126563 0.0018177
0 0 0.0468262 0 0.0936523 0.00163555
0 0.671875 0.955859 0.392188 0.0882813 0.0015974
0 0 0.640234 0 0.185156 0.00133514
0 0 0.390234 0 0.184375 0.0012846
0 0 0.677734 0 0.185156 0.00125504
0 0 0.602734 0 0.185156 0.00123501
0 0 0.715625 0 0.184375 0.00113392
0 0.0048584 0.932031 0.0097168 0.135937 0.00112915
0 0 0.35293 0 0.184766 0.00112438
1 0.549219 0.970703 0.382031 0.0585938 0.0011158
0 0 0.315234 0 0.184375 0.00101185
0 0.497656 0.583984 0.901563 0.753906 0.955078
0 0.283789 0.391016 0.244922 0.197656 0.00828552
0 0.305518 0.366406 0.293652 0.180469 0.00331116
0 0.507812 0.976562 0.257812 0.046875 0.00245285
0 0.215039 0.445312 0.399609 0.513281 0.00233269
0 0.296484 0.463965 0.5625 0.487695 0.00232315
0 0.553125 0.976562 0.255469 0.046875 0.00192642
0 0.459375 0.976562 0.251563 0.046875 0.00157356
0 0.262939 0.422266 0.230371 0.234375 0.00145531
0 0.30625 0.310547 0.307031 0.183594 0.00129986
0 0.278125 0.285156 0.285156 0.14375 0.00129414
1 0.5 0.570312 0.89375 0.74375 0.00109005
0 0.332031 0.341016 0.310937 0.205469 0.00105667
0 0.499609 0.571094 0.875781 0.725 0.902832
1 0.502344 0.575684 0.873438 0.72832 0.0289764
0 0.51875 0.177734 0.84375 0.355469 0.00189686
0 0.286719 0.364453 0.205469 0.183594 0.0018034
0 0.948438 0.711328 0.103125 0.577344 0.00150108
0 0.528125 0.245312 0.835938 0.490625 0.0011034
0 0.973437 0.636035 0.053125 0.632617 0.00107288
0 0.492578 0.559473 0.939844 0.74043 0.758301
1 0.49375 0.537109 0.9375 0.694531 0.185913
0 0.720703 0.700391 0.413281 0.500781 0.00194931
0 0.204297 0.819336 0.327734 0.361328 0.0015974
0 0.505859 0.124414 0.863281 0.248828 0.00156689
0 0.794336 0.772852 0.411328 0.454297 0.00148964
0 0.770312 0.610547 0.396875 0.666406 0.00122547
0 0.923437 0.801562 0.153125 0.396875 0.00114727
0 0.421094 0.98125 0.425781 0.0375 0.00112057
0 0.501562 0.17793 0.823438 0.355859 0.00108147
0 0.343945 0.393359 0.423047 0.240625 0.00104046
0 0.89375 0.771875 0.2125 0.45625 0.00102043
0 0.495313 0.569531 0.928125 0.720312 0.898926
1 0.498047 0.562402 0.925781 0.739258 0.0293121
0 0.00479736 0.494922 0.00959473 0.241406 0.0103302
0 0.00478516 0.445312 0.00957031 0.242188 0.00728989
0 0.00480957 0.546094 0.00961914 0.24375 0.00477219
0 0.00466309 0.947656 0.00932617 0.104687 0.00275803
0 0.00471191 0.395312 0.00942383 0.24375 0.00245285
0 0.0046875 0.919531 0.009375 0.160938 0.00224304
0 0 0.524609 0 0.134375 0.00208282
0 0 0.499609 0 0.134375 0.00189686
0 0.0046875 0.0452637 0.009375 0.0905273 0.00186729
0 0 0.474609 0 0.134375 0.00151253
0 0.723437 0.703906 0.353125 0.479688 0.00148964
0 0 0.55 0 0.134375 0.00144958
1 0.00479736 0.494922 0.00959473 0.241406 0.00141621
0 0 0.45 0 0.134375 0.00109005
1 0.00478516 0.445312 0.00957031 0.242188 0.00106907
0 0.00466309 0.594531 0.00932617 0.242188 0.00100803
0 0.497656 0.564453 0.935938 0.752344 0.911621
1 0.496875 0.572656 0.934375 0.740625 0.00232315
0 0.417285 0.982813 0.782617 0.034375 0.00166798
0 0.499219 0.729688 0.879687 0.404687 0.00150108
0 0.497656 0.576172 0.917188 0.746094 0.919434
1 0.5 0.572754 0.904688 0.738867 0.0210419
0 0.491016 0.572656 0.933594 0.734375 0.925781
1 0.491016 0.569922 0.917969 0.732031 0.0342407
0 0.723437 0.692187 0.36875 0.5 0.00160408
0 0.739062 0.365234 0.426562 0.272656 0.00108147
0 0.79375 0.620313 0.332812 0.5875 0.00100422
0 0.492969 0.559473 0.939062 0.74043 0.757812
1 0.49375 0.537109 0.9375 0.694531 0.185913
0 0.720312 0.700391 0.4125 0.500781 0.00194931
0 0.204102 0.819141 0.327734 0.361719 0.0015974
0 0.505469 0.124609 0.864062 0.249219 0.00158501
0 0.794922 0.772852 0.410156 0.454297 0.00149536
0 0.770312 0.610254 0.396875 0.666992 0.00122547
0 0.923047 0.801562 0.153906 0.396875 0.00115108
0 0.420996 0.98125 0.426758 0.0375 0.0011158
0 0.501953 0.178125 0.824219 0.35625 0.00109863
0 0.344141 0.393359 0.421875 0.241406 0.00103188
0 0.892969 0.77168 0.214062 0.456641 0.00102425
0 0.873828 0.641797 0.252344 0.628906 0.00100803
