0 0.452441 0.493359 0.707617 0.760156 0.925781
0 0.45625 0.360156 0.704687 0.535937 0.0849609
1 0.454297 0.4375 0.708594 0.667188 0.025177
0 0.442578 0.801953 0.674219 0.396094 0.00123501
0 0.574902 0.410547 0.470508 0.641406 0.00100803
0 0.458496 0.492285 0.729883 0.766992 0.889648
1 0.44209 0.490625 0.712695 0.767187 0.00547028
0 0.448535 0.49834 0.688867 0.75957 0.736328
1 0.448535 0.49834 0.688867 0.75957 0.103027
0 0.429688 0.121973 0.0507812 0.121289 0.00400543
0 0 0.936328 0 0.127344 0.00234222
0 0.0203857 0.0135742 0.0407715 0.0271484 0.00155449
0 0.00483398 0.932031 0.00966797 0.135937 0.00145531
0 0 0.0466797 0 0.0933594 0.00142097
0 0.807031 0.932813 0.364062 0.134375 0.00141048
0 0.435937 0.134204 0.0546875 0.130811 0.00139904
0 0.00588379 0.00788574 0.0117676 0.0157715 0.00138283
0 0 0.878125 0 0.184375 0.00124454
0 0 0.917969 0 0.164062 0.00121117
0 0 0.84043 0 0.184766 0.0012064
0 0 0.80293 0 0.184766 0.00115108
0 0 0.690234 0 0.185156 0.0011425
0 0 0.765234 0 0.185156 0.00110722
0 0 0.440234 0 0.185156 0.00110722
0 0 0.477734 0 0.185156 0.00107288
0 0 0.527344 0 0.184375 0.00106907
0 0 0.327734 0 0.184375 0.00106525
0 0 0.727734 0 0.185156 0.00106049
0 0 0.652344 0 0.184375 0.00104046
0 0 0.952344 0 0.0953125 0.00100803
0 0.435937 0.505859 0.71875 0.766406 0.941406
1 0.435937 0.505859 0.71875 0.766406 0.00677109
0 0.288281 0.373828 0.407813 0.428125 0.00149536
0 0.758594 0.947656 0.128125 0.096875 0.00142097
0 0.321094 0.427344 0.46875 0.517187 0.00141621
0 0.554688 0.675 0.35625 0.404687 0.00137806
0 0.488281 0.664062 0.389062 0.425 0.00131512
0 0.637109 0.929688 0.174219 0.140625 0.00126457
0 0.407715 0.659375 0.518945 0.435937 0.00106525
0 0.442187 0.503906 0.721875 0.751562 0.879395
1 0.448535 0.494141 0.72168 0.746094 0.0545044
0 0.450684 0.483984 0.72207 0.728906 0.818848
1 0.450684 0.483984 0.72207 0.728906 0.0634766
0 0.204102 0.7875 0.315625 0.425 0.00279999
0 0.24707 0.824609 0.369922 0.350781 0.00186729
0 0.339258 0.819531 0.455859 0.360938 0.00172043
0 0.545703 0.845312 0.538281 0.309375 0.00162315
0 0.521777 0.90625 0.662695 0.1875 0.0014782
0 0.589746 0.878516 0.633008 0.242969 0.00146675
0 0.387109 0.917969 0.549219 0.164062 0.00135612
0 0.63584 0.814453 0.54082 0.371094 0.00134087
0 0.628906 0.648438 0.345313 0.515625 0.00128937
0 0.347656 0.891797 0.483594 0.216406 0.00128937
0 0.682813 0.773438 0.484375 0.453125 0.00126934
0 0.613672 0.967578 0.505469 0.0648438 0.00109863
0 0.591406 0.716016 0.371875 0.455469 0.00104046
0 0.453125 0.506641 0.73125 0.758594 0.898926
1 0.450391 0.500391 0.725781 0.741406 0.0378113
0 0.00463867 0.947656 0.00927734 0.104687 0.00413513
0 0.00466309 0.919531 0.00932617 0.160938 0.00348282
0 0.433203 0.114844 0.0507812 0.0492188 0.00266266
0 0.434375 0.126367 0.0484375 0.0486328 0.002388
0 0.00463867 0.0437988 0.00927734 0.0875977 0.00136662
0 0.674609 0.624219 0.255469 0.539062 0.00124931
1 0.00463867 0.947656 0.00927734 0.104687 0.00119686
0 0 0.960156 0 0.0796875 0.00117874
0 0.452734 0.498828 0.724219 0.771094 0.878906
1 0.452441 0.499609 0.729492 0.766406 0.00800323
0 0.45625 0.510547 0.720312 0.771094 0.855469
1 0.45625 0.510547 0.720312 0.771094 0.0733032
0 0.452344 0.495703 0.723437 0.764844 0.872559
1 0.452344 0.495703 0.723437 0.764844 0.0412292
0 0.683594 0.588672 0.251563 0.592969 0.00209999
0 0.647656 0.632422 0.307813 0.507031 0.00198746
0 0.618359 0.283252 0.391406 0.332715 0.0017271
1 0.683594 0.588672 0.251563 0.592969 0.00118828
1 0.647656 0.632422 0.307813 0.507031 0.00107288
0 0.450781 0.483984 0.721875 0.728906 0.818848
1 0.450781 0.483984 0.721875 0.728906 0.0633545
0 0.203906 0.7875 0.316797 0.425 0.00283432
0 0.246875 0.824609 0.370313 0.350781 0.00186729
0 0.339453 0.819531 0.455469 0.360938 0.00174141
0 0.545703 0.844531 0.536719 0.310937 0.00162888
0 0.521875 0.90625 0.6625 0.1875 0.00147247
0 0.589844 0.87832 0.632812 0.243359 0.00145531
0 0.387109 0.917188 0.548437 0.165625 0.00136185
0 0.63584 0.814453 0.54082 0.371094 0.00133514
0 0.347656 0.891797 0.483594 0.216406 0.00128937
0 0.628906 0.648438 0.345313 0.515625 0.0012846
0 0.682813 0.773438 0.484375 0.453125 0.00127411
0 0.614453 0.967578 0.505469 0.0648438 0.00108624
0 0.591406 0.716406 0.370313 0.45625 0.00104809
