1 0.486328 0.516406 0.761719 0.854688 0.938477
0 0.495215 0.503906 0.75332 0.851562 0.119202
1 0.501465 0.3375 0.74707 0.509375 0.0162811
1 0.641406 0.507031 0.484375 0.876562 0.0114212
0 0.501465 0.3375 0.74707 0.509375 0.00273705
1 0.728906 0.501953 0.542188 0.902344 0.00239754
0 0.694531 0.505469 0.520312 0.895312 0.00149536
0 0.767969 0.489844 0.464063 0.9125 0.00104046
1 0.483691 0.725 0.748242 0.489062 0.00104046
0 0.929688 0.465723 0.140625 0.706055 0.00100803
1 0.497266 0.515625 0.769531 0.859375 0.797363
0 0.497266 0.515625 0.769531 0.859375 0.147095
1 0.807031 0.510938 0.20625 0.921875 0.00146675
1 0.494531 0.380859 0.748438 0.585156 0.00134563
1 0.771875 0.498437 0.239063 0.875 0.00102806
1 0.489844 0.510938 0.784375 0.828125 0.899902
0 0.766406 0.940625 0.345313 0.11875 0.00481033
0 0.714063 0.942187 0.259375 0.10625 0.00397491
0 0.367578 0.942969 0.332031 0.114063 0.00254059
0 0 0.936719 0 0.126563 0.00181007
1 0.601953 0.52666 0.542969 0.79668 0.00174809
0 0.357227 0.945312 0.244922 0.10625 0.00152493
0 0.0201416 0.0134033 0.0402832 0.0268066 0.00129414
0 0.00585938 0.00756836 0.0117188 0.0151367 0.00112438
0 0.00483398 0.932031 0.00966797 0.135937 0.0011034
0 0 0.0464844 0 0.0929687 0.00102806
0 0.802734 0.960547 0.394531 0.0789063 0.00102425
1 0.483691 0.516797 0.754492 0.853906 0.926758
0 0.699219 0.946875 0.196875 0.096875 0.00551224
0 0.494629 0.517578 0.757617 0.849219 0.00284576
0 0.328906 0.951563 0.178906 0.090625 0.00246239
1 0.410547 0.980859 0.672656 0.0382813 0.00183868
0 0.707422 0.964844 0.247656 0.0703125 0.00171375
0 0.395703 0.981641 0.578906 0.0367187 0.00164223
1 0.442187 0.935938 0.85 0.10625 0.00158501
0 0.332227 0.971094 0.244922 0.0578125 0.00138283
1 0.563281 0.94375 0.676562 0.0828125 0.00120163
1 0.593359 0.979688 0.561719 0.040625 0.00101662
1 0.494434 0.516797 0.745508 0.844531 0.95752
1 0.455859 0.948438 0.575 0.103125 0.00203514
0 0.455859 0.948438 0.575 0.103125 0.00169373
1 0.773047 0.492969 0.453906 0.864062 0.00141048
1 0.630078 0.954687 0.472656 0.090625 0.00134563
1 0.466504 0.892969 0.738867 0.214062 0.00134087
1 0.566406 0.950781 0.628125 0.0984375 0.00123978
1 0.983594 0.51416 0.0328125 0.70918 0.00117397
1 0.583691 0.934375 0.573242 0.13125 0.00113392
0 0.7125 0.345703 0.35625 0.553906 0.00112438
0 0.983594 0.51416 0.0328125 0.70918 0.00108147
1 0.499902 0.50625 0.76582 0.828125 0.945312
0 0.735156 0.298828 0.303125 0.492969 0.00150108
0 0.768359 0.348828 0.278906 0.600781 0.00148964
1 0.626953 0.94375 0.547656 0.1125 0.00126457
1 0.735156 0.298828 0.303125 0.492969 0.00124454
0 0.223047 0.801172 0.352344 0.397656 0.0012064
1 0.768359 0.348828 0.278906 0.600781 0.00119686
1 0.241016 0.7625 0.320312 0.475 0.00113392
1 0.803125 0.746875 0.2375 0.50625 0.00104046
1 0.509375 0.504687 0.79375 0.853125 0.912598
1 0.501562 0.383203 0.773438 0.571094 0.0045929
1 0.561816 0.95 0.598242 0.1 0.00431442
1 0.610547 0.968359 0.517969 0.0632813 0.00399017
0 0.00461426 0.946875 0.00922852 0.10625 0.00314713
1 0.410937 0.970312 0.660937 0.059375 0.00256157
0 0.00467529 0.919531 0.00935059 0.160938 0.00252151
1 0.467969 0.936719 0.804688 0.126563 0.00201035
1 0.660937 0.978516 0.540625 0.0429688 0.00181007
1 0.690625 0.700391 0.414062 0.496094 0.00164223
1 0.784766 0.730469 0.430469 0.517187 0.00163555
0 0.927344 0.0720703 0.145313 0.144141 0.00158501
1 0.741016 0.695312 0.292969 0.471875 0.00155449
0 0.736328 0.27832 0.299219 0.401953 0.00132465
1 0.299609 0.978125 0.492188 0.04375 0.00129414
1 0.675879 0.9375 0.648242 0.125 0.0012846
1 0.711719 0.508594 0.367188 0.671875 0.0012207
0 0.511328 0.516406 0.788281 0.825 0.0012064
0 0.682031 0.245508 0.370313 0.323828 0.00117397
1 0.720312 0.983594 0.55625 0.0328125 0.00116062
0 0.932813 0.0398437 0.134375 0.0796875 0.00114727
1 0.496484 0.508594 0.769531 0.848437 0.898926
1 0.610547 0.95 0.661719 0.1 0.0068512
1 0.438281 0.965234 0.842188 0.0695312 0.00331116
1 0.555078 0.953906 0.663281 0.0921875 0.00311089
1 0.4625 0.944531 0.853125 0.110937 0.003088
1 0.667871 0.943359 0.664258 0.113281 0.00244331
1 0.676172 0.965625 0.647656 0.06875 0.00220871
0 0.438281 0.965234 0.842188 0.0695312 0.00200272
1 0.502734 0.848437 0.810156 0.190625 0.00156689
1 0.698828 0.977344 0.602344 0.0453125 0.00148964
0 0.608203 0.95625 0.605469 0.0875 0.00141621
1 0.764844 0.717188 0.24375 0.428125 0.00138855
1 0.706641 0.898438 0.586719 0.18125 0.00136662
1 0.707031 0.727344 0.375 0.428125 0.00114727
0 0.725781 0.329688 0.329688 0.501562 0.00103188
1 0.50459 0.513281 0.775195 0.860937 0.930176
0 0.748438 0.308984 0.29375 0.471094 0.00281143
0 0.695312 0.238721 0.3625 0.316309 0.00274658
1 0.748438 0.308984 0.29375 0.471094 0.00184631
1 0.695312 0.238721 0.3625 0.316309 0.00177479
1 0.775195 0.416016 0.265234 0.717969 0.0011692
0 0.775195 0.416016 0.265234 0.717969 0.00107288
1 0.50166 0.508203 0.754492 0.836719 0.941406
0 0.728906 0.294727 0.323438 0.437109 0.00551224
0 0.682031 0.240625 0.378125 0.310937 0.00503922
1 0.728906 0.294727 0.323438 0.437109 0.00325966
1 0.682031 0.240625 0.378125 0.310937 0.00316048
0 0.751562 0.357031 0.298438 0.588281 0.00174141
1 0.78125 0.716406 0.207813 0.382812 0.00155449
1 0.751562 0.357031 0.298438 0.588281 0.00147247
1 0.629687 0.941406 0.529688 0.117188 0.00132465
1 0.746875 0.751172 0.271875 0.338281 0.0011425
1 0.500098 0.50625 0.766992 0.828125 0.945312
0 0.734766 0.298828 0.303906 0.492969 0.00148392
0 0.767969 0.348828 0.279687 0.600781 0.0014782
1 0.627246 0.94375 0.548633 0.1125 0.00124931
1 0.734766 0.298828 0.303906 0.492969 0.00123501
0 0.24082 0.7625 0.319922 0.475 0.00120163
1 0.767969 0.348828 0.279687 0.600781 0.00119209
1 0.24082 0.7625 0.319922 0.475 0.00113392
1 0.782617 0.717969 0.244141 0.551562 0.00104427
