0 0.49541 0.539844 0.756055 0.820312 0.839355
1 0.496191 0.540234 0.788867 0.824219 0.172974
0 0.501562 0.4125 0.767187 0.591406 0.0889893
1 0.493066 0.412891 0.779492 0.596094 0.0185852
0 0.665625 0.528125 0.520312 0.834375 0.00186729
0 0.714844 0.520312 0.570312 0.876562 0.00124931
0 0.910156 0.489746 0.179688 0.72832 0.0011158
0 0.504297 0.542188 0.808594 0.81875 0.916016
0 0.508594 0.419141 0.801562 0.571094 0.00760651
1 0.50625 0.558203 0.810938 0.855469 0.00760651
0 0.510059 0.551562 0.767383 0.81875 0.842773
1 0.501562 0.547266 0.842188 0.811719 0.0236511
0 0.659766 0.963672 0.339844 0.0726563 0.00457382
0 0.447559 0.964844 0.364258 0.0703125 0.00446701
0 0.582031 0.978125 0.334375 0.04375 0.00419998
0 0.477344 0.123999 0.0515625 0.130518 0.00269318
0 0.520215 0.978125 0.362695 0.04375 0.00245285
0 0.727344 0.957031 0.370313 0.0859375 0.00198746
0 0.401465 0.957812 0.373633 0.084375 0.00185299
0 0 0.942578 0 0.114844 0.00162315
0 0.0201416 0.013501 0.0402832 0.027002 0.00138855
0 0.778906 0.951172 0.373437 0.0976562 0.00128937
0 0.00584717 0.00769043 0.0116943 0.0153809 0.00121593
0 0 0.046582 0 0.0931641 0.00112057
0 0.494531 0.548828 0.810938 0.799219 0.956543
0 0.207861 0.480371 0.219434 0.58457 0.00206757
0 0.469922 0.432813 0.766406 0.573438 0.00168705
0 0.607031 0.975781 0.178125 0.0484375 0.00159168
0 0.305469 0.250391 0.303125 0.159375 0.00148964
0 0.395703 0.974219 0.20625 0.0515625 0.00144958
0 0.273242 0.458594 0.348828 0.470313 0.00143242
0 0.504004 0.981641 0.320117 0.0367187 0.00106907
0 0.502246 0.559375 0.773633 0.820312 0.923828
1 0.483984 0.559766 0.797656 0.817969 0.0125732
0 0.982031 0.551562 0.0359375 0.746875 0.00158501
0 0.523438 0.144336 0.775 0.288672 0.00141621
0 0.497266 0.952734 0.355469 0.0945313 0.00126457
0 0.497266 0.546094 0.824219 0.814062 0.867676
0 0.497656 0.419141 0.820312 0.544531 0.0751953
1 0.497266 0.546094 0.824219 0.814062 0.0243835
1 0.497656 0.419141 0.820312 0.544531 0.00305176
0 0.729688 0.701172 0.340625 0.517969 0.00183105
0 0.771875 0.735547 0.323438 0.514844 0.0014267
0 0.982813 0.598828 0.034375 0.708594 0.0012207
0 0.819727 0.774023 0.360547 0.451953 0.00115108
0 0.47334 0.978906 0.362695 0.0421875 0.00112915
0 0.213721 0.775391 0.313184 0.449219 0.00109482
0 0.264258 0.775781 0.317578 0.425 0.00106907
0 0.507129 0.551562 0.798242 0.815625 0.904785
0 0.503516 0.437598 0.814844 0.560742 0.0445251
1 0.507129 0.551562 0.798242 0.815625 0.0166626
0 0.00461426 0.946875 0.00922852 0.10625 0.00263214
0 0.00466309 0.919531 0.00932617 0.160938 0.00200272
0 0.683594 0.728906 0.38125 0.457812 0.00131512
0 0.773828 0.690234 0.250781 0.516406 0.00119209
0 0.437402 0.979688 0.392383 0.040625 0.00115108
0 0.499902 0.685156 0.764258 0.539062 0.00107288
0 0.503906 0.535937 0.821875 0.859375 0.908203
0 0.442578 0.977344 0.628906 0.0453125 0.00201035
1 0.501562 0.544922 0.83125 0.821094 0.00169373
0 0.752344 0.723437 0.289062 0.451562 0.00125504
0 0.657812 0.733594 0.429688 0.448438 0.00102425
0 0.505859 0.551172 0.816406 0.838281 0.875977
1 0.505859 0.551172 0.816406 0.838281 0.0507202
0 0.498047 0.549609 0.825781 0.822656 0.916504
1 0.499219 0.548047 0.809375 0.814844 0.026413
0 0.74375 0.694141 0.309375 0.507031 0.00349617
0 0.710938 0.340234 0.396875 0.373437 0.00215721
0 0.682813 0.296533 0.4375 0.281934 0.00177479
1 0.74375 0.694141 0.309375 0.507031 0.0017004
0 0.679297 0.708594 0.364844 0.485938 0.00121593
0 0.497266 0.546094 0.824219 0.814062 0.867676
0 0.497656 0.419141 0.820312 0.544531 0.0776367
1 0.497266 0.546094 0.824219 0.814062 0.0248871
1 0.497656 0.419141 0.820312 0.544531 0.00317192
0 0.729688 0.701172 0.340625 0.517969 0.00185299
0 0.771875 0.735937 0.323438 0.515625 0.00143242
0 0.982813 0.598828 0.034375 0.708594 0.00123501
0 0.819727 0.773438 0.360547 0.453125 0.00114727
0 0.473437 0.978906 0.3625 0.0421875 0.00112915
0 0.213721 0.775391 0.313184 0.449219 0.0011034
0 0.264258 0.775781 0.317578 0.425 0.00107288
0 0.757031 0.562109 0.320312 0.782031 0.00101662
