1 0.516406 0.471875 0.854688 0.859375 0.959473
0 0.515625 0.465625 0.853125 0.860937 0.0961914
1 0.721875 0.466797 0.5125 0.864844 0.0360718
1 0.817969 0.464844 0.364062 0.860937 0.00661469
0 0.747266 0.464063 0.466406 0.85 0.00312424
1 0.548047 0.330664 0.785156 0.620703 0.00309944
1 0.531641 0.173633 0.738281 0.287891 0.00195694
0 0.858984 0.441406 0.282031 0.803125 0.00139427
1 0.420703 0.763281 0.635156 0.473437 0.00133514
1 0.519141 0.451953 0.886719 0.802344 0.760742
0 0.519141 0.451953 0.886719 0.802344 0.236572
1 0.522656 0.470313 0.942187 0.867188 0.90332
0 0.522656 0.465625 0.932813 0.865625 0.00671768
1 0.695312 0.467969 0.564062 0.857813 0.00252151
0 0 0.942578 0 0.114844 0.00234222
0 0.0199219 0.013623 0.0398437 0.0272461 0.00145531
0 0 0.465527 0 0.18457 0.0014267
0 0.00483398 0.932031 0.00966797 0.135937 0.00139904
0 0 0.428027 0 0.18457 0.00134563
0 0.00583496 0.00766602 0.0116699 0.015332 0.00133514
0 0 0.0466797 0 0.0933594 0.00131512
0 0 0.502734 0 0.185156 0.0012598
0 0 0.923828 0 0.152344 0.00123501
0 0 0.390527 0 0.18457 0.0011425
0 0 0.540234 0 0.184375 0.00113392
0 0 0.890625 0 0.184375 0.00110722
0 0 0.327734 0 0.184375 0.00107288
0 0 0.290234 0 0.184375 0.00105667
0 0 0.853125 0 0.184375 0.00103188
0 0 0.952344 0 0.0953125 0.00102806
1 0.527344 0.478516 0.8875 0.902344 0.714844
0 0.527344 0.475781 0.895312 0.89375 0.288574
0 0.889063 0.925 0.195312 0.15 0.00494385
0 0.516406 0.137891 0.853125 0.203516 0.00367928
0 0.910937 0.913281 0.175 0.173438 0.00243378
0 0.560938 0.35332 0.203125 0.208984 0.00124454
0 0.760547 0.669141 0.403906 0.446094 0.00123978
0 0.98125 0.500781 0.0375 0.18125 0.00109005
0 0.553516 0.108301 0.786719 0.143555 0.00104809
0 0.746484 0.929688 0.216406 0.140625 0.00101185
1 0.526563 0.460938 0.878125 0.890625 0.916504
0 0.520312 0.469922 0.896875 0.866406 0.0334778
1 0.472656 0.88125 0.870313 0.2375 0.00152493
0 0.490625 0.957812 0.765625 0.084375 0.00129986
1 0.490625 0.957812 0.765625 0.084375 0.00123978
0 0.563281 0.171973 0.7125 0.278711 0.00118828
0 0.720312 0.673828 0.470313 0.463281 0.00113392
0 0.472656 0.88125 0.870313 0.2375 0.00112057
0 0.957031 0.0624023 0.0859375 0.124805 0.00104809
1 0.517578 0.455469 0.911719 0.851562 0.952637
0 0.517578 0.455469 0.911719 0.851562 0.00714874
0 0.228125 0.785937 0.342969 0.426562 0.00254059
1 0.228125 0.785937 0.342969 0.426562 0.00184631
0 0.779883 0.70625 0.393359 0.55 0.00168133
1 0.510938 0.253125 0.873438 0.432813 0.0016613
0 0.915625 0.802148 0.16875 0.395703 0.00157928
0 0.7875 0.807031 0.425 0.385938 0.00153637
0 0.836719 0.677734 0.326562 0.563281 0.00119686
0 0.817969 0.285937 0.364062 0.546875 0.00117397
0 0.734766 0.85332 0.530469 0.293359 0.00107765
1 0.817969 0.285937 0.364062 0.546875 0.00106049
1 0.779883 0.70625 0.393359 0.55 0.00101662
0 0.278906 0.820312 0.451562 0.359375 0.00100422
1 0.535156 0.461719 0.925 0.882812 0.91748
0 0.532422 0.462891 0.922656 0.850781 0.023819
0 0.00462647 0.947656 0.00925293 0.104687 0.00388527
0 0.0046875 0.919531 0.009375 0.160938 0.00324821
0 0.772656 0.676172 0.385938 0.439844 0.0018034
1 0.772656 0.676172 0.385938 0.439844 0.00145531
1 0.433984 0.981641 0.794531 0.0367187 0.00123024
1 0.936719 0.740625 0.126563 0.364062 0.0012064
1 0.477344 0.940625 0.9125 0.11875 0.00116062
1 0.00462647 0.947656 0.00925293 0.104687 0.00115108
0 0 0.973437 0 0.053125 0.00112057
0 0.00466309 0.0445312 0.00932617 0.0890625 0.00110722
1 0.51875 0.15332 0.853125 0.235156 0.00106907
0 0.51875 0.15332 0.853125 0.235156 0.00101662
0 0.245703 0.437891 0.382031 0.546094 0.00100803
1 0.517578 0.471875 0.950781 0.875 0.767578
0 0.519531 0.460156 0.923437 0.860937 0.0864868
1 0.527344 0.722656 0.882812 0.359375 0.00353813
1 0.482031 0.948438 0.964063 0.103125 0.00235939
0 0.527344 0.722656 0.882812 0.359375 0.00212479
0 0.542969 0.153125 0.829687 0.230469 0.00188255
0 0.470703 0.964844 0.941406 0.0703125 0.00185299
1 0.523438 0.796094 0.8625 0.229687 0.00174809
1 0.470703 0.964844 0.941406 0.0703125 0.00173378
1 0.502344 0.895312 0.917188 0.14375 0.00161076
0 0.523438 0.796094 0.8625 0.229687 0.00135136
0 0.482031 0.948438 0.964063 0.103125 0.00131512
0 0.542969 0.211914 0.840625 0.344922 0.00127411
0 0.705469 0.71875 0.485938 0.36875 0.00113392
0 0.775781 0.700781 0.385938 0.396875 0.00111198
1 0.517969 0.157813 0.904688 0.242969 0.00109482
1 0.775781 0.700781 0.385938 0.396875 0.00108147
1 0.705469 0.71875 0.485938 0.36875 0.00106525
0 0.88125 0.666016 0.221875 0.417969 0.00100422
1 0.527344 0.471875 0.903125 0.88125 0.937012
0 0.524219 0.477734 0.901563 0.896094 0.0120544
0 0.750391 0.186523 0.403906 0.305859 0.00100803
1 0.520312 0.470313 0.9125 0.848437 0.893066
0 0.521875 0.467969 0.9125 0.85625 0.0104065
0 0.776367 0.222998 0.384766 0.378223 0.00300407
0 0.739062 0.190625 0.415625 0.29375 0.00232315
0 0.803906 0.703906 0.353125 0.392188 0.00225258
1 0.776367 0.222998 0.384766 0.378223 0.00204277
1 0.739062 0.190625 0.415625 0.29375 0.00139904
0 0.561719 0.163184 0.782812 0.248633 0.00137806
1 0.517187 0.175195 0.875 0.275391 0.0012846
1 0.803906 0.703906 0.353125 0.392188 0.00121593
1 0.517578 0.455469 0.911719 0.851562 0.952637
0 0.517578 0.455469 0.911719 0.851562 0.00734711
0 0.228125 0.785937 0.342969 0.426562 0.00253105
1 0.228125 0.785937 0.342969 0.426562 0.00182438
0 0.779688 0.70625 0.392188 0.551562 0.00168133
1 0.510938 0.253516 0.873438 0.433594 0.00166798
0 0.915625 0.802148 0.16875 0.395703 0.00157928
0 0.7875 0.807031 0.425 0.385938 0.00153637
0 0.8375 0.677734 0.325 0.563281 0.00119209
0 0.81875 0.286328 0.3625 0.547656 0.00117397
0 0.734375 0.85332 0.53125 0.293359 0.00105667
1 0.81875 0.286328 0.3625 0.547656 0.00105667
1 0.779688 0.70625 0.392188 0.551562 0.00101185
0 0.278516 0.820312 0.450781 0.359375 0.00100422
