0 0.478125 0.566016 0.879687 0.747656 0.80127
1 0.480469 0.565234 0.898438 0.750781 0.304932
0 0.499219 0.456348 0.876562 0.591992 0.0520325
0 0.605078 0.526563 0.671094 0.628125 0.0247498
1 0.499219 0.456348 0.876562 0.591992 0.0240479
0 0.338477 0.106738 0.488672 0.213477 0.00356483
0 0.649219 0.453223 0.573438 0.495117 0.00338936
1 0.338477 0.106738 0.488672 0.213477 0.00279999
0 0.347656 0.173535 0.555469 0.34707 0.0024929
0 0.530469 0.4 0.81875 0.38125 0.00217438
1 0.414941 0.183984 0.656055 0.367969 0.00194931
0 0.723828 0.396777 0.458594 0.586133 0.00147247
0 0.460938 0.176758 0.6375 0.353516 0.00146675
1 0.605078 0.526563 0.671094 0.628125 0.00129986
0 0.43125 0.142773 0.554688 0.285547 0.0011692
1 0.43125 0.142773 0.554688 0.285547 0.00100422
0 0.497266 0.545313 0.889844 0.7125 0.906738
1 0.497266 0.545313 0.889844 0.7125 0.0249939
0 0.492969 0.567578 0.929688 0.736719 0.647949
1 0.494922 0.580078 0.939844 0.736719 0.162964
0 0.525 0.970703 0.382812 0.0585938 0.00656509
0 0.654688 0.575 0.557813 0.71875 0.00614548
0 0 0.502734 0 0.183594 0.00391388
0 0 0.465527 0 0.183008 0.00300407
0 0.448438 0.96875 0.38125 0.0625 0.00291252
0 0.596875 0.967969 0.390625 0.0640625 0.00284576
0 0.00500488 0.458594 0.0100098 0.165625 0.00250244
0 0 0.540625 0 0.184375 0.0024147
0 0 0.427734 0 0.183594 0.00213242
0 0.0201904 0.0136719 0.0403809 0.0273438 0.00191879
0 0 0.936719 0 0.126563 0.00182438
0 0.00500488 0.498437 0.0100098 0.16875 0.00181007
0 0.00578613 0.00788574 0.0115723 0.0157715 0.00178242
0 0.0050293 0.422656 0.0100586 0.167969 0.00168705
0 0.645312 0.959375 0.39375 0.08125 0.00162315
0 0 0.0467285 0 0.093457 0.00156116
0 0.436719 0.0848633 0.065625 0.113867 0.00123978
0 0 0.577734 0 0.185156 0.00118351
0 0 0.390234 0 0.184375 0.00117874
0 0 0.677734 0 0.184375 0.0011692
0 0.0048584 0.932031 0.0097168 0.135937 0.0011158
0 0 0.640625 0 0.184375 0.00110722
0 0.448438 0.088501 0.0578125 0.114014 0.00108147
0 0 0.715625 0 0.184375 0.00102425
0 0.492969 0.580469 0.907812 0.75625 0.939453
0 0.289404 0.361523 0.259473 0.138672 0.0103302
1 0.494531 0.56875 0.901563 0.74375 0.00448608
0 0.272461 0.37959 0.205859 0.154883 0.00247192
0 0.305859 0.308008 0.314844 0.176172 0.0020752
0 0.306836 0.339453 0.336328 0.198437 0.00195694
0 0.448828 0.503906 0.225781 0.215625 0.00186729
0 0.289258 0.460254 0.548047 0.47793 0.00168133
0 0.280469 0.280078 0.295312 0.133594 0.00161648
0 0.484375 0.976562 0.260156 0.046875 0.00157356
0 0.274414 0.503516 0.252734 0.207813 0.0014267
0 0.257031 0.410156 0.189063 0.205469 0.00142097
0 0.217187 0.445312 0.404687 0.514063 0.00139427
0 0.317969 0.503125 0.257812 0.201562 0.00130939
0 0.429688 0.352539 0.241406 0.121484 0.00130463
0 0.478516 0.340234 0.258594 0.130469 0.00113392
0 0.534375 0.976562 0.271875 0.046875 0.00106525
0 0.383594 0.359375 0.246094 0.119531 0.00100803
0 0.496484 0.574219 0.910156 0.725 0.88623
1 0.499219 0.575 0.910937 0.721875 0.0526123
0 0.523438 0.173828 0.85 0.347656 0.00191212
0 0.952734 0.711719 0.0945313 0.576563 0.00168133
0 0.267188 0.364258 0.208203 0.180859 0.00154877
0 0.530469 0.239844 0.835938 0.479688 0.00112057
0 0.975 0.639453 0.05 0.636719 0.00109863
0 0.472656 0.960156 0.485938 0.0796875 0.00109482
0 0.879492 0.696094 0.241016 0.607813 0.00106907
0 0.497656 0.567285 0.932813 0.731055 0.767578
1 0.492969 0.531641 0.9375 0.680469 0.253174
0 0.739062 0.724219 0.38125 0.5375 0.00168133
0 0.79375 0.769531 0.4125 0.460938 0.00167465
0 0.510547 0.119824 0.872656 0.239648 0.00162315
0 0.203906 0.820898 0.325781 0.358203 0.00153637
0 0.753125 0.809961 0.49375 0.380078 0.00130463
0 0.509375 0.17666 0.835938 0.35332 0.00123024
0 0.345313 0.391504 0.41875 0.237305 0.0012064
0 0.416309 0.98125 0.451758 0.0375 0.00115585
0 0.775781 0.610937 0.3875 0.665625 0.0011425
0 0.875195 0.643359 0.249609 0.632031 0.00112438
0 0.910156 0.796875 0.179688 0.40625 0.00108147
0 0.884766 0.768555 0.230469 0.462891 0.00107765
0 0.810938 0.685547 0.357812 0.572656 0.00103664
0 0.502344 0.562402 0.942187 0.739258 0.86084
1 0.492578 0.568652 0.925781 0.70332 0.0709229
0 0.00477295 0.494434 0.0095459 0.24082 0.00945282
0 0.00478516 0.445312 0.00957031 0.242969 0.00679779
0 0.00480957 0.546094 0.00961914 0.24375 0.0050621
0 0.00461426 0.946875 0.00922852 0.10625 0.00290108
0 0.00471191 0.395312 0.00942383 0.244531 0.0024929
0 0.00467529 0.919531 0.00935059 0.160938 0.00227928
0 0 0.524609 0 0.134375 0.00203514
0 0 0.499609 0 0.134375 0.0017271
0 0.00463867 0.044043 0.00927734 0.0880859 0.00161076
0 0 0.55 0 0.134375 0.00158501
0 0 0.474609 0 0.134375 0.00136662
1 0.00477295 0.494434 0.0095459 0.24082 0.00133514
0 0.722656 0.699609 0.365625 0.491406 0.00132465
0 0 0.449609 0 0.135156 0.00108147
0 0.492969 0.571094 0.945312 0.745313 0.900391
1 0.49375 0.578906 0.94375 0.732813 0.00671768
0 0.499219 0.729688 0.885938 0.404687 0.00173378
0 0.451562 0.982813 0.865625 0.034375 0.00173378
0 0.497656 0.575781 0.923437 0.75 0.901855
1 0.494531 0.563672 0.917188 0.753906 0.0456848
0 0.490625 0.573047 0.934375 0.732031 0.905273
1 0.489844 0.570703 0.920313 0.730469 0.0359497
0 0.723437 0.692969 0.371875 0.504687 0.00156689
0 0.78457 0.700781 0.337109 0.514063 0.00138855
0 0.8 0.618848 0.323438 0.59668 0.00126934
0 0.740625 0.365234 0.421875 0.273438 0.00104809
0 0.497656 0.567285 0.932813 0.731055 0.768555
1 0.493359 0.531641 0.938281 0.680469 0.252441
0 0.739062 0.724219 0.38125 0.5375 0.00168705
0 0.79375 0.769531 0.4125 0.460938 0.00168133
0 0.510547 0.120117 0.872656 0.240234 0.0016489
0 0.203857 0.820898 0.325879 0.358203 0.00153065
0 0.752734 0.809961 0.494531 0.380078 0.00129414
0 0.509375 0.176758 0.8375 0.353516 0.00124454
0 0.345508 0.391504 0.418359 0.237305 0.00121593
0 0.416016 0.98125 0.452344 0.0375 0.00115108
0 0.775781 0.610547 0.3875 0.666406 0.00113773
0 0.875781 0.643359 0.248437 0.632031 0.00112915
0 0.884375 0.768555 0.23125 0.462891 0.00108624
0 0.910156 0.796875 0.179688 0.40625 0.00108624
0 0.811133 0.685547 0.358984 0.572656 0.00104046
