0 0.553906 0.633203 0.715625 0.691406 0.850586
1 0.552734 0.585156 0.719531 0.803125 0.235107
0 0.355029 0.233936 0.394629 0.277441 0.120422
0 0.539941 0.499219 0.741992 0.954687 0.0844727
0 0.356592 0.432129 0.391504 0.682617 0.0233307
1 0.355029 0.233936 0.394629 0.277441 0.0200195
0 0.360742 0.313281 0.391016 0.4625 0.0106964
1 0.356592 0.432129 0.391504 0.682617 0.0068512
0 0.657422 0.605469 0.550781 0.654688 0.00390053
1 0.360742 0.313281 0.391016 0.4625 0.00325966
0 0.434766 0.257617 0.530469 0.395703 0.00232315
0 0.455371 0.453516 0.595508 0.761719 0.00220871
1 0.455371 0.453516 0.595508 0.761719 0.0017004
0 0.363281 0.143359 0.364062 0.25 0.00151253
1 0.434766 0.257617 0.530469 0.395703 0.00148964
0 0.372266 0.15498 0.420312 0.309961 0.00121593
0 0.352344 0.183838 0.370313 0.229199 0.00113392
0 0.715234 0.500781 0.467969 0.779688 0.00105667
1 0.715234 0.500781 0.467969 0.779688 0.00101662
0 0.550391 0.651953 0.758594 0.685156 0.868164
1 0.548828 0.632812 0.757031 0.6875 0.018692
0 0.551172 0.662891 0.753906 0.649219 0.704102
1 0.542578 0.660156 0.778906 0.64375 0.117188
0 0 0.140405 0 0.184424 0.00284576
0 0 0.17793 0 0.184375 0.00279999
0 0 0.937109 0 0.125781 0.00275803
0 0 0.0469727 0 0.0939453 0.00269318
0 0.0213135 0.0147217 0.042627 0.0294434 0.00269318
0 0 0.21543 0 0.184375 0.00265312
0 0 0.102954 0 0.184326 0.00260162
0 0 0.25293 0 0.184375 0.0024929
0 0.00622559 0.0126465 0.0124512 0.025293 0.00244331
0 0 0.290234 0 0.184375 0.00230598
0 0.00484619 0.932031 0.00969238 0.135937 0.00228691
0 0 0.0787109 0 0.157422 0.00221634
0 0 0.878125 0 0.184375 0.00219917
0 0 0.840625 0 0.184375 0.00210762
0 0 0.778125 0 0.184375 0.00210762
0 0 0.703125 0 0.184375 0.00209999
0 0 0.740625 0 0.184375 0.0020752
0 0 0.327734 0 0.184375 0.00206757
0 0 0.665625 0 0.184375 0.00201988
0 0.0728516 0.112109 0.139062 0.224219 0.00196457
0 0 0.36543 0 0.183984 0.00191212
0 0 0.911719 0 0.176563 0.00191212
0 0 0.628125 0 0.184375 0.00181007
0 0.111914 0.105859 0.211328 0.211719 0.00178909
0 0 0.402734 0 0.184375 0.00174141
0 0 0.440723 0 0.18418 0.00157928
0 0.679688 0.671484 0.496875 0.657031 0.00157356
0 0 0.590625 0 0.184375 0.00156689
0 0 0.540625 0 0.184375 0.00156116
0 0 0.478125 0 0.184375 0.00153637
0 0.0443848 0.128906 0.0823242 0.257812 0.00150681
0 0.843164 0.963672 0.313672 0.0726563 0.00132465
0 0.851562 0.947266 0.296875 0.105469 0.00127411
0 0.00487061 0.0234863 0.00974121 0.0469727 0.00118828
0 0.321875 0.953906 0.364062 0.0921875 0.00113392
0 0.277783 0.204639 0.235059 0.225098 0.00109863
0 0.341992 0.264795 0.378516 0.325098 0.00108624
0 0 0.953125 0 0.09375 0.00104046
0 0.548047 0.663184 0.764844 0.654883 0.935547
0 0.308203 0.0405762 0.164062 0.0811523 0.00300407
0 0.266064 0.154883 0.191309 0.107031 0.0024147
0 0.43125 0.652734 0.525 0.608594 0.00235939
0 0.257227 0.0405762 0.160938 0.0811523 0.00233269
0 0.358008 0.040625 0.169141 0.08125 0.00226974
0 0.333203 0.157129 0.232031 0.113867 0.00215721
0 0.241846 0.184814 0.166309 0.162402 0.00213242
0 0.116211 0.0407227 0.136719 0.0814453 0.00195694
0 0.370703 0.184814 0.410156 0.153809 0.00190449
0 0.208154 0.040625 0.158691 0.08125 0.00183105
0 0.526172 0.0404297 0.872656 0.0808594 0.00182438
0 0.0459839 0.0746094 0.08479 0.149219 0.00159168
0 0.351172 0.237305 0.382812 0.263281 0.00156689
0 0.339453 0.046582 0.164844 0.0810547 0.00154305
0 0.159375 0.040625 0.153906 0.08125 0.00146675
0 0.389453 0.0418945 0.626562 0.0837891 0.00146675
0 0.288672 0.0467773 0.160156 0.0814453 0.00144386
0 0.408594 0.0406738 0.167969 0.0813477 0.00132465
0 0.70625 0.0401855 0.15625 0.0803711 0.0012846
0 0.941406 0.0404785 0.117188 0.080957 0.00122547
0 0.0755615 0.0473633 0.140674 0.09375 0.00117874
0 0.657031 0.0402832 0.154687 0.0805664 0.0011692
0 0.0440552 0.122656 0.0710693 0.21875 0.0011158
0 0.387891 0.206689 0.448438 0.201465 0.00108147
0 0.2375 0.0468872 0.157031 0.0816162 0.00107288
0 0.441016 0.186133 0.544531 0.169922 0.00106049
0 0.555371 0.673437 0.74082 0.653125 0.902832
1 0.542969 0.670313 0.751562 0.6375 0.0288696
0 0.551953 0.175586 0.772656 0.351172 0.00253105
0 0.542578 0.0509766 0.830469 0.101953 0.00234985
0 0.964063 0.751562 0.071875 0.496875 0.00126934
0 0.559766 0.345508 0.778906 0.691016 0.00108147
0 0.546484 0.660156 0.771094 0.659375 0.751465
1 0.55 0.660059 0.7625 0.651758 0.327637
0 0.528906 0.0410156 0.88125 0.0820312 0.00291252
0 0.535547 0.0988281 0.819531 0.197656 0.0024929
0 0.682031 0.760547 0.49375 0.478906 0.00226974
0 0.83418 0.769336 0.294141 0.461328 0.00189686
0 0.767578 0.761328 0.336719 0.477344 0.00159168
0 0.528125 0.221289 0.748438 0.442578 0.00149536
0 0.342627 0.228906 0.377246 0.361719 0.00124454
0 0.566406 0.769922 0.651563 0.460156 0.00109005
0 0.871289 0.791406 0.257422 0.417188 0.00107288
0 0.813281 0.707031 0.278125 0.585938 0.00106907
0 0.334814 0.299414 0.374121 0.460547 0.00106049
0 0.289648 0.0464844 0.406641 0.0929687 0.00100803
0 0.550879 0.669629 0.749805 0.651367 0.823242
1 0.546484 0.67666 0.738281 0.64668 0.213379
0 0.509375 0.798047 0.6875 0.403906 0.00712204
0 0.00465088 0.927344 0.00930176 0.145313 0.00636292
0 0.00474854 0.0563965 0.00949707 0.112793 0.0039444
1 0.509375 0.798047 0.6875 0.403906 0.00296974
0 0.545313 0.0403809 0.909375 0.0807617 0.00248146
0 0.00473633 0.171289 0.00947266 0.248437 0.00234222
0 0.00473633 0.122656 0.00947266 0.245312 0.00221634
0 0.00474854 0.221484 0.00949707 0.248437 0.00219917
0 0.00473633 0.0976562 0.00947266 0.195312 0.00199509
0 0.00473633 0.271289 0.00947266 0.248047 0.00192642
0 0.389844 0.0414063 0.630469 0.0828125 0.00178242
0 0.00472412 0.321289 0.00944824 0.248047 0.00171375
0 0.00473633 0.683594 0.00947266 0.248437 0.00168705
0 0.00472412 0.733594 0.00944824 0.248437 0.0016489
0 0.00473633 0.808594 0.00947266 0.246875 0.00158501
0 0.00471191 0.858594 0.00942383 0.246875 0.00156689
0 0.00473633 0.371094 0.00947266 0.247656 0.00150108
0 0 0.0457031 0 0.0914062 0.00142097
1 0.0045166 0.946094 0.0090332 0.107813 0.00139904
0 0.00473633 0.892187 0.00947266 0.215625 0.00139427
0 0.00473633 0.633594 0.00947266 0.246875 0.00133514
0 0 0.959766 0 0.0804688 0.00132465
0 0.251563 0.0418945 0.503125 0.0837891 0.00119686
0 0 0.187305 0 0.135547 0.00117874
0 0 0.212158 0 0.13584 0.00116062
0 0 0.162305 0 0.135547 0.00115108
0 0.810938 0.734375 0.248437 0.510938 0.00113773
0 0.00473633 0.583594 0.00947266 0.246875 0.00113392
0 0.00471191 0.421094 0.00942383 0.246875 0.00113392
0 0 0.237158 0 0.13584 0.00112915
0 0.00473633 0.508594 0.00947266 0.246875 0.0011158
0 0 0.137207 0 0.135742 0.0011158
0 0 0.262109 0 0.135937 0.00109863
0 0 0.112109 0 0.135547 0.00106525
0 0 0.287109 0 0.135937 0.00101662
0 0.553223 0.552344 0.773242 0.434375 0.734863
0 0.539941 0.802344 0.732617 0.389062 0.505859
0 0.532129 0.653809 0.723242 0.639258 0.0368347
0 0.534473 0.701563 0.726367 0.225 0.0343018
1 0.553223 0.552344 0.773242 0.434375 0.0246582
0 0.549219 0.657812 0.229687 0.151562 0.024231
0 0.4875 0.660156 0.157813 0.251563 0.0177765
0 0.484375 0.7 0.15625 0.189063 0.0172424
0 0.528906 0.673828 0.225 0.167187 0.0160217
1 0.529297 0.8125 0.719531 0.375 0.00441742
0 0.468359 0.691406 0.142188 0.223438 0.00426483
0 0.533594 0.0435547 0.903125 0.0871094 0.00348282
0 0.54375 0.901563 0.732813 0.196875 0.00266266
0 0.585156 0.656641 0.225 0.142969 0.00230598
0 0.576465 0.645312 0.708008 0.479688 0.00192642
0 0.363672 0.0443848 0.628906 0.0887695 0.00146675
0 0.505078 0.632031 0.172656 0.265625 0.00138855
1 0.483203 0.720312 0.153906 0.19375 0.00136662
0 0.552344 0.689062 0.217187 0.182812 0.00125504
0 0.665625 0.765625 0.517187 0.46875 0.00117874
0 0.0224121 0.969531 0.0448242 0.0609375 0.00108624
0 0.25957 0.0452637 0.519141 0.0905273 0.00102806
0 0.550781 0.661328 0.754687 0.663281 0.861328
1 0.553223 0.660547 0.756055 0.658594 0.0963745
0 0.56875 0.0395996 0.81875 0.0791992 0.00106049
0 0.549902 0.664062 0.750195 0.659375 0.888672
1 0.547754 0.663965 0.756055 0.648633 0.0562439
0 0.750781 0.758594 0.353125 0.471875 0.0027256
1 0.750781 0.758594 0.353125 0.471875 0.00148964
0 0.807617 0.772656 0.262891 0.439063 0.0011692
0 0.723828 0.509766 0.417969 0.333594 0.00116539
0 0.711328 0.464453 0.436719 0.246094 0.00112438
0 0.546484 0.660156 0.771094 0.659375 0.75293
1 0.55 0.660059 0.7625 0.651758 0.325195
0 0.528906 0.0411133 0.88125 0.0822266 0.00290108
0 0.535156 0.0994141 0.820312 0.198828 0.00250244
0 0.682422 0.760156 0.492969 0.479688 0.00218201
0 0.83418 0.769336 0.294141 0.461328 0.00189686
0 0.767578 0.761328 0.336719 0.477344 0.00160408
0 0.528516 0.221484 0.749219 0.442969 0.00152493
0 0.342627 0.228516 0.377246 0.364844 0.00125504
0 0.813281 0.707031 0.278125 0.585938 0.00107765
0 0.871289 0.791406 0.257422 0.417188 0.00107288
0 0.334766 0.299414 0.374219 0.462109 0.00105667
