0 0.543359 0.571094 0.717969 0.775 0.851074
1 0.530078 0.560156 0.717969 0.739062 0.222656
0 0.541309 0.4375 0.698633 0.641406 0.0049057
0 0.657422 0.560547 0.513281 0.813281 0.0020504
1 0.541309 0.4375 0.698633 0.641406 0.00108147
0 0.714063 0.548047 0.571875 0.863281 0.00104809
0 0.914453 0.535156 0.171094 0.679688 0.00102043
0 0.5375 0.578516 0.726562 0.766406 0.870117
1 0.5375 0.578516 0.726562 0.766406 0.0290375
0 0.532422 0.591406 0.735156 0.767187 0.57959
1 0.533203 0.591504 0.721094 0.766992 0.212769
0 0.450391 0.978125 0.358594 0.04375 0.00356483
0 0.393359 0.969531 0.366406 0.0609375 0.00342941
0 0 0.936719 0 0.126563 0.00322342
0 0 0.703125 0 0.184375 0.00284576
0 0 0.740625 0 0.184375 0.00279999
0 0 0.853125 0 0.184375 0.00277901
0 0 0.815625 0 0.184375 0.00275803
0 0 0.778125 0 0.184375 0.0027256
0 0 0.665625 0 0.184375 0.00271416
0 0 0.890625 0 0.184375 0.00269318
0 0.0048584 0.932031 0.0097168 0.135937 0.00266266
0 0 0.628125 0 0.184375 0.00236893
0 0 0.917969 0 0.164062 0.00234222
0 0 0.590234 0 0.184375 0.00201035
0 0 0.315234 0 0.184375 0.00200272
0 0 0.277734 0 0.184375 0.0019722
0 0 0.352734 0 0.184375 0.0019722
0 0 0.390234 0 0.184375 0.00194168
0 0 0.240234 0 0.184375 0.00191212
0 0 0.552734 0 0.184375 0.00189686
0 0.0193359 0.0142578 0.0386719 0.0285156 0.00189686
0 0.463281 0.983203 0.171875 0.0335938 0.00188923
0 0 0.427734 0 0.184375 0.00188255
0 0 0.465234 0 0.184375 0.00185299
0 0 0.202734 0 0.184375 0.00185299
0 0 0.515234 0 0.184375 0.00185299
0 0 0.0467773 0 0.0935547 0.00181007
0 0.513672 0.985156 0.163281 0.0296875 0.00181007
0 0 0.165137 0 0.18418 0.00178242
0 0.783594 0.960938 0.360938 0.078125 0.00168133
0 0 0.127734 0 0.183984 0.0016489
0 0.808594 0.947266 0.359375 0.105469 0.00156116
0 0.00609131 0.0120728 0.0121826 0.0241455 0.00154877
0 0.350586 0.95 0.372266 0.1 0.00150108
0 0.757422 0.973047 0.360156 0.0539063 0.00145531
0 0 0.0911133 0 0.182227 0.00141048
0 0.564844 0.985937 0.157813 0.028125 0.00130939
0 0 0.0722656 0 0.144531 0.0012846
0 0 0.953125 0 0.09375 0.0011425
0 0.508496 0.976953 0.351758 0.0460938 0.00104809
0 0.672266 0.985547 0.163281 0.0289063 0.00103188
0 0.411328 0.982813 0.182812 0.034375 0.00103188
0 0.532422 0.599609 0.724219 0.772656 0.94873
1 0.537891 0.6 0.730469 0.770312 0.00323486
0 0.941406 0.0416016 0.117188 0.0832031 0.00129414
0 0.490234 0.517969 0.638281 0.607813 0.00108624
0 0.540723 0.598047 0.723242 0.757031 0.878906
1 0.534277 0.596875 0.725195 0.753125 0.144409
0 0.572656 0.141992 0.701563 0.283984 0.00165462
0 0.563672 0.0451172 0.769531 0.0902344 0.00118828
0 0.98125 0.596973 0.0375 0.72793 0.0011692
0 0.539453 0.586719 0.739844 0.785937 0.666504
1 0.542969 0.591016 0.73125 0.780469 0.376709
0 0.541406 0.47041 0.734375 0.518555 0.00656509
0 0.698047 0.733594 0.388281 0.5 0.00214005
1 0.541406 0.47041 0.734375 0.518555 0.00209999
0 0.75625 0.608984 0.314063 0.747656 0.00174809
0 0.772266 0.744922 0.299219 0.510156 0.00156116
0 0.535059 0.096875 0.779883 0.19375 0.00136185
0 0.800586 0.755469 0.398828 0.489062 0.00133038
0 0.526563 0.0405273 0.84375 0.0810547 0.00127888
1 0.698047 0.733594 0.388281 0.5 0.00112438
0 0.616504 0.736328 0.582617 0.489844 0.00103188
0 0.549219 0.597266 0.734375 0.757031 0.876465
1 0.55 0.592969 0.753125 0.764063 0.143433
0 0.00466309 0.927344 0.00932617 0.145313 0.00643921
0 0.00473633 0.683594 0.00947266 0.248437 0.00200272
0 0.00473633 0.733594 0.00947266 0.248437 0.00191879
0 0.00473633 0.821094 0.00947266 0.248437 0.00183868
0 0.683594 0.729688 0.392188 0.509375 0.00176811
0 0.00473633 0.871094 0.00947266 0.248437 0.00174141
0 0.782812 0.699219 0.2375 0.548437 0.00156116
0 0.00472412 0.633594 0.00944824 0.247656 0.00151253
0 0 0.959766 0 0.0804688 0.00138855
1 0.0045166 0.946094 0.0090332 0.107813 0.00138855
0 0.00471191 0.0555664 0.00942383 0.111133 0.00125504
0 0.00471191 0.583594 0.00942383 0.246875 0.00113392
0 0.742188 0.738281 0.3125 0.496875 0.00109005
1 0.683594 0.729688 0.392188 0.509375 0.00107765
0 0 0.712109 0 0.135156 0.00106525
0 0 0.737109 0 0.135156 0.00104809
0 0.00471191 0.533594 0.00942383 0.246875 0.00104046
0 0 0.762109 0 0.135156 0.00102806
0 0.00473633 0.320703 0.00947266 0.246875 0.00100803
0 0.542578 0.590234 0.736719 0.772656 0.895996
1 0.541504 0.589453 0.737305 0.774219 0.025177
0 0.607715 0.741406 0.548633 0.484375 0.00136662
0 0.548437 0.042041 0.853125 0.084082 0.00135136
0 0.788281 0.741797 0.221875 0.460156 0.00127888
0 0.704687 0.746875 0.354688 0.470313 0.00113773
0 0.0288086 0.957812 0.0576172 0.084375 0.00107288
0 0.549219 0.59541 0.734375 0.77168 0.769043
1 0.548535 0.592285 0.732617 0.766992 0.35498
0 0.542969 0.594922 0.739062 0.760156 0.877441
1 0.541406 0.591016 0.7375 0.771094 0.150513
0 0.709766 0.729297 0.342969 0.500781 0.0020752
0 0.782812 0.70625 0.240625 0.534375 0.00205803
0 0.695312 0.371289 0.409375 0.323047 0.00194168
0 0.658203 0.311328 0.514844 0.203125 0.00123024
1 0.782812 0.70625 0.240625 0.534375 0.00113773
1 0.709766 0.729297 0.342969 0.500781 0.00111198
0 0.746094 0.669141 0.314063 0.614844 0.00106525
0 0.539746 0.587109 0.739258 0.786719 0.663574
1 0.543066 0.591016 0.732617 0.780469 0.376709
0 0.541406 0.470215 0.734375 0.518945 0.00634003
0 0.697656 0.733594 0.3875 0.5 0.00213242
1 0.541406 0.470215 0.734375 0.518945 0.00205803
0 0.755859 0.608594 0.314844 0.746875 0.00178909
0 0.770312 0.757812 0.359375 0.484375 0.00155449
0 0.534766 0.0970703 0.780469 0.194141 0.00137234
0 0.526563 0.0405762 0.84375 0.0811523 0.00128937
1 0.697656 0.733594 0.3875 0.5 0.0011158
0 0.617188 0.736328 0.58125 0.488281 0.00102425
0 0.983594 0.608984 0.0328125 0.700781 0.00100422
