1 0.607813 0.575 0.603125 0.815625 0.958984
1 0.608984 0.463379 0.572656 0.526367 0.044281
1 0.701953 0.566016 0.457031 0.822656 0.0120544
0 0.608984 0.579297 0.621094 0.808594 0.00926971
1 0.759375 0.517969 0.48125 0.892187 0.00213242
1 0.835938 0.546094 0.328125 0.878125 0.00196457
0 0.728125 0.555469 0.482812 0.854688 0.00166798
0 0.889844 0.555859 0.220313 0.739844 0.00139427
0 0.835938 0.546094 0.328125 0.878125 0.00112438
1 0.603223 0.362305 0.55918 0.338672 0.00109863
0 0.884766 0.431641 0.230469 0.579687 0.00103188
1 0.609766 0.578906 0.642969 0.7875 0.842285
0 0.609766 0.578906 0.642969 0.7875 0.0389099
1 0.609375 0.444141 0.592188 0.496094 0.00584412
1 0.606348 0.586328 0.624805 0.789844 0.814453
0 0 0.936719 0 0.126563 0.00317192
0 0 0.690625 0 0.184375 0.00287819
0 0 0.865625 0 0.184375 0.00286674
0 0 0.815625 0 0.184375 0.0028553
0 0 0.728125 0 0.184375 0.00284576
0 0 0.778125 0 0.184375 0.00284576
0 0 0.652734 0 0.184375 0.0026207
0 0.00483398 0.932031 0.00966797 0.135937 0.00260162
0 0 0.903125 0 0.184375 0.00259018
0 0 0.227734 0 0.184375 0.00244331
0 0 0.190234 0 0.184375 0.00242424
0 0 0.265234 0 0.184375 0.00237846
0 0 0.615234 0 0.184375 0.00228691
0 0 0.152734 0 0.184375 0.00226974
0 0 0.302734 0 0.184375 0.00226974
0 0 0.340234 0 0.184375 0.00214958
0 0 0.115137 0 0.18418 0.00208282
0 0 0.377734 0 0.184375 0.0020504
0 0 0.415234 0 0.184375 0.00201988
0 0 0.046875 0 0.09375 0.00198746
0 0 0.577734 0 0.184375 0.00197983
0 0 0.452734 0 0.184375 0.00192642
0 0.742969 0.984375 0.167187 0.03125 0.00189686
0 0.017749 0.0142822 0.035498 0.0285645 0.00189686
0 0 0.540234 0 0.184375 0.00185299
0 0 0.490234 0 0.184375 0.0018177
0 0 0.0849121 0 0.169824 0.0018034
0 0 0.0661621 0 0.132324 0.00158501
0 0.005896 0.0120239 0.011792 0.0240479 0.00155449
0 0.467187 0.984375 0.165625 0.03125 0.00133514
0 0.694531 0.985156 0.164062 0.0296875 0.00121593
0 0.773438 0.978516 0.367188 0.0429688 0.00113392
0 0 0.953125 0 0.09375 0.00112915
0 0.734375 0.981641 0.0921875 0.0367187 0.00112438
0 0.592969 0.985547 0.159375 0.0289063 0.00112438
0 0.541406 0.985547 0.159375 0.0289063 0.00109863
0 0.643359 0.985547 0.161719 0.0289063 0.00109482
1 0.603906 0.582422 0.628125 0.810156 0.915039
0 0.596094 0.585938 0.6125 0.80625 0.00841522
0 0.79375 0.707812 0.234375 0.546875 0.0016489
0 0.560547 0.972656 0.332031 0.0546875 0.00133514
0 0.499902 0.977344 0.34082 0.0453125 0.00131512
0 0.654688 0.974219 0.304688 0.0515625 0.00118828
0 0.757031 0.728125 0.310937 0.492188 0.00118351
0 0.610937 0.970312 0.320312 0.059375 0.00117397
0 0.701563 0.978125 0.30625 0.04375 0.00106525
1 0.597266 0.580371 0.642969 0.789258 0.943359
0 0.592188 0.933203 0.4875 0.133594 0.0014782
0 0.664453 0.935156 0.377344 0.129688 0.00136185
0 0.742969 0.720312 0.3375 0.515625 0.00135612
0 0.692969 0.953125 0.34375 0.09375 0.00133514
1 0.979688 0.598828 0.040625 0.699219 0.0012598
0 0.536328 0.948438 0.492969 0.103125 0.0012064
1 0.603516 0.586719 0.652344 0.8 0.912598
1 0.610059 0.435937 0.626758 0.475 0.0134277
0 0.818555 0.411719 0.241016 0.523438 0.0016613
1 0.796094 0.373047 0.264062 0.457031 0.0015974
0 0.745313 0.764844 0.345313 0.470313 0.00129986
0 0.785156 0.363477 0.326562 0.512109 0.00109005
1 0.605859 0.59375 0.622656 0.775 0.922852
0 0.00466309 0.927344 0.00932617 0.145313 0.00602722
0 0.606152 0.592969 0.654883 0.782812 0.00518036
0 0.00472412 0.683594 0.00944824 0.248437 0.00203514
0 0.00473633 0.733594 0.00947266 0.248437 0.00195694
0 0.00472412 0.795117 0.00944824 0.247266 0.00189686
0 0.00476074 0.846094 0.00952148 0.246875 0.00186729
0 0.724219 0.759375 0.35 0.439063 0.00167465
0 0.00473633 0.886328 0.00947266 0.227344 0.0016489
0 0.00471191 0.0556641 0.00942383 0.111328 0.00146675
0 0.00473633 0.633594 0.00947266 0.246875 0.00146675
0 0.00472412 0.270898 0.00944824 0.247266 0.00138283
0 0.00472412 0.183252 0.00944824 0.247559 0.00135136
1 0.724219 0.759375 0.35 0.439063 0.00133514
1 0.0045166 0.946094 0.0090332 0.107813 0.00133514
0 0 0.960156 0 0.0796875 0.00129414
0 0.00473633 0.320898 0.00947266 0.247266 0.0012846
0 0.784375 0.37168 0.290625 0.381641 0.00126457
1 0.785156 0.380371 0.304688 0.436133 0.0012064
1 0.713672 0.581641 0.442969 0.683594 0.00118828
0 0.00471191 0.583203 0.00942383 0.246875 0.0011692
0 0.00471191 0.370703 0.00942383 0.246875 0.0011692
0 0.00469971 0.420703 0.00939941 0.246875 0.0011158
0 0 0.724609 0 0.135156 0.00106525
0 0.00471191 0.533203 0.00942383 0.246875 0.00106525
0 0 0.7 0 0.135937 0.00104809
0 0 0.749609 0 0.135156 0.00104809
0 0.00471191 0.133203 0.00942383 0.246875 0.00104427
0 0.94375 0.0580078 0.1125 0.116016 0.00103188
0 0 0.774609 0 0.135156 0.00102806
0 0.00471191 0.470703 0.00942383 0.246875 0.00102425
0 0.945312 0.0974609 0.109375 0.194922 0.00101662
0 0 0.799805 0 0.134766 0.00100803
1 0.603906 0.584375 0.664062 0.792188 0.878906
0 0.771875 0.786133 0.2625 0.387109 0.00240517
0 0.603906 0.584375 0.664062 0.792188 0.00190449
1 0.771875 0.786133 0.2625 0.387109 0.0015974
1 0.77832 0.394922 0.308984 0.414062 0.00110722
0 0.672656 0.765234 0.434375 0.421094 0.00102043
0 0.572266 0.0475586 0.855469 0.0951172 0.00101185
1 0.603906 0.587109 0.626562 0.800781 0.90918
0 0.795508 0.387109 0.271484 0.419531 0.00341606
0 0.60625 0.586328 0.648438 0.805469 0.00331116
1 0.795508 0.387109 0.271484 0.419531 0.00290108
0 0.760938 0.341797 0.317187 0.315625 0.00253105
1 0.760938 0.341797 0.317187 0.315625 0.00201988
1 0.813281 0.446094 0.253125 0.553125 0.00158501
1 0.6125 0.395703 0.621875 0.396094 0.00143814
0 0.749219 0.725781 0.31875 0.503125 0.00112915
0 0.813281 0.446094 0.253125 0.553125 0.00109482
1 0.596875 0.583496 0.64375 0.786133 0.913086
1 0.784375 0.370313 0.292188 0.3875 0.00559998
0 0.784375 0.370313 0.292188 0.3875 0.00498199
1 0.753516 0.341406 0.333594 0.295312 0.00349617
0 0.783594 0.801562 0.242188 0.346875 0.00311089
0 0.753516 0.341406 0.333594 0.295312 0.0028553
0 0.752734 0.764844 0.311719 0.417188 0.00282288
1 0.783594 0.801562 0.242188 0.346875 0.00134563
1 0.752734 0.764844 0.311719 0.417188 0.00131989
1 0.603516 0.586719 0.652344 0.8 0.912598
1 0.610156 0.436328 0.626562 0.475781 0.0133286
0 0.818555 0.412402 0.241016 0.523633 0.00166798
1 0.796094 0.373242 0.264062 0.457422 0.00159168
0 0.745313 0.764844 0.345313 0.470313 0.00130939
0 0.785156 0.364062 0.326562 0.5125 0.00109005
