1 0.558594 0.539062 0.782812 0.854688 0.974609
1 0.558203 0.425684 0.739844 0.598633 0.308105
1 0.692969 0.550781 0.532812 0.864062 0.0463867
0 0.553223 0.539844 0.754492 0.848437 0.0271759
1 0.566406 0.314063 0.721875 0.377344 0.0155411
1 0.785742 0.474219 0.362891 0.770312 0.00317192
1 0.526563 0.103809 0.560938 0.207617 0.00120163
0 0.867188 0.444141 0.265625 0.702344 0.00115108
1 0.561328 0.563281 0.780469 0.86875 0.881836
0 0.562109 0.542188 0.788281 0.828125 0.0717163
1 0.552344 0.408984 0.745313 0.570312 0.0118713
1 0.563965 0.556641 0.79707 0.846094 0.897461
0 0 0.936719 0 0.126563 0.00305176
0 0.00482178 0.932031 0.00964355 0.135937 0.00247192
0 0 0.878125 0 0.184375 0.0024147
0 0 0.840625 0 0.184375 0.00230598
0 0 0.917969 0 0.164062 0.00223351
0 0 0.803125 0 0.184375 0.00221634
0 0 0.765625 0 0.184375 0.00215721
0 0 0.728125 0 0.184375 0.00214005
0 0 0.690625 0 0.184375 0.00209999
0 0 0.165234 0 0.184375 0.0019722
0 0 0.202734 0 0.184375 0.00192642
0 0 0.652734 0 0.184375 0.00191212
0 0 0.12771 0 0.184033 0.00183868
0 0 0.240234 0 0.184375 0.00181007
0 0.0197998 0.0142578 0.0395996 0.0285156 0.00174809
0 0 0.327734 0 0.184375 0.00171375
0 0 0.615234 0 0.184375 0.00168133
0 0 0.0467285 0 0.093457 0.00167465
0 0 0.277734 0 0.184375 0.0016613
0 0 0.365234 0 0.184375 0.0016489
0 0 0.402734 0 0.184375 0.00155449
0 0 0.0911133 0 0.182227 0.00150108
0 0 0.577734 0 0.184375 0.00146675
0 0 0.439941 0 0.18418 0.00146103
0 0 0.527734 0 0.184375 0.00142097
0 0.813281 0.964453 0.342187 0.0710938 0.00142097
0 0 0.477344 0 0.184375 0.00139904
0 0.00617676 0.012085 0.0123535 0.0241699 0.00139904
0 0.784375 0.973437 0.342187 0.053125 0.00138855
0 0 0.0723145 0 0.144629 0.00127411
0 0 0.953125 0 0.09375 0.00109863
1 0.556641 0.552734 0.755469 0.871094 0.924805
0 0.561328 0.555469 0.777344 0.873438 0.00600433
0 0.942578 0.0400391 0.114844 0.0800781 0.00144386
1 0.543359 0.0399902 0.835156 0.0799805 0.00119686
1 0.558691 0.551953 0.773242 0.861719 0.959473
0 0.939453 0.0498047 0.121094 0.0996094 0.00125504
0 0.966797 0.0987305 0.0664062 0.197461 0.00113773
1 0.544922 0.18584 0.797656 0.37168 0.00108147
1 0.573047 0.548047 0.783594 0.850781 0.945801
1 0.560938 0.410156 0.78125 0.564062 0.00967407
1 0.811719 0.316602 0.329688 0.483984 0.0017004
1 0.528125 0.0982422 0.834375 0.196484 0.0012846
1 0.760156 0.269727 0.465625 0.539453 0.00123024
1 0.845117 0.358203 0.253516 0.53125 0.0011425
0 0.284961 0.77832 0.305859 0.443359 0.00113392
1 0.807031 0.300195 0.273438 0.367578 0.00108147
0 0.811719 0.316602 0.329688 0.483984 0.00104809
1 0.330078 0.772656 0.282813 0.4375 0.00103188
1 0.575391 0.549219 0.792969 0.871875 0.910156
0 0.00466309 0.927344 0.00932617 0.145313 0.00609589
0 0.574219 0.550781 0.804688 0.873438 0.00335121
1 0.299219 0.5125 0.251563 0.734375 0.00154877
1 0.343018 0.539844 0.340527 0.701563 0.00141048
1 0.770312 0.292383 0.346875 0.327734 0.00134087
0 0.00473633 0.846094 0.00947266 0.246875 0.00133514
1 0.0045166 0.946094 0.0090332 0.107813 0.00133514
0 0.00473633 0.892187 0.00947266 0.215625 0.00132465
0 0 0.959766 0 0.0804688 0.00130463
0 0.00473633 0.721094 0.00947266 0.246875 0.00127411
0 0.00471191 0.796094 0.00942383 0.246875 0.00125504
0 0.00471191 0.671094 0.00942383 0.246875 0.00123501
0 0.00471191 0.0556641 0.00942383 0.111328 0.00123024
1 0.711328 0.745313 0.453906 0.485938 0.0012064
0 0.950781 0.0519531 0.0984375 0.103906 0.00119209
1 0.803125 0.326953 0.304688 0.424219 0.00115108
1 0.812305 0.728125 0.291016 0.464063 0.00113392
1 0.568652 0.438379 0.77207 0.607617 0.0011158
0 0.746875 0.289062 0.36875 0.320312 0.00110722
0 0.00471191 0.183203 0.00942383 0.246875 0.00108147
0 0.939453 0.0332031 0.121094 0.0664062 0.00108147
1 0.760938 0.300781 0.409375 0.409375 0.00102425
0 0.960156 0.0890625 0.0796875 0.178125 0.00101662
1 0.571875 0.551562 0.807813 0.85625 0.90918
1 0.563379 0.813867 0.76543 0.362891 0.00453949
1 0.553027 0.868555 0.736133 0.253516 0.00282288
0 0.575391 0.551562 0.805469 0.85625 0.00228691
1 0.769531 0.298242 0.357812 0.335547 0.00162315
0 0.555859 0.814844 0.772656 0.3625 0.00116539
0 0.553027 0.868555 0.736133 0.253516 0.00110722
1 0.823438 0.751953 0.270312 0.410156 0.00109482
1 0.57041 0.557422 0.78418 0.863281 0.932617
1 0.79082 0.282373 0.305859 0.32666 0.00486755
0 0.79082 0.282373 0.305859 0.32666 0.00351143
1 0.831445 0.336133 0.246484 0.436328 0.0024147
0 0.573438 0.558594 0.78125 0.854688 0.0020752
0 0.831445 0.336133 0.246484 0.436328 0.00123024
1 0.568066 0.550781 0.770117 0.854688 0.933594
1 0.747656 0.278906 0.375 0.297656 0.0091629
0 0.747656 0.278906 0.375 0.297656 0.00502014
1 0.792383 0.307227 0.315234 0.354297 0.00349617
0 0.792383 0.307227 0.315234 0.354297 0.00255013
1 0.599609 0.227295 0.678906 0.199316 0.0012064
1 0.83125 0.326367 0.25625 0.433984 0.00118351
1 0.695703 0.263281 0.510156 0.271875 0.00112438
1 0.573047 0.548047 0.783594 0.850781 0.945312
1 0.560938 0.410937 0.78125 0.565625 0.00971222
1 0.811719 0.316797 0.329688 0.484375 0.00169373
1 0.528125 0.0984375 0.834375 0.196875 0.0012846
1 0.760156 0.269922 0.465625 0.539844 0.00122547
1 0.846094 0.358594 0.253125 0.53125 0.00113773
0 0.284766 0.77832 0.307031 0.443359 0.00113392
1 0.807031 0.300391 0.273438 0.367969 0.00107765
0 0.811719 0.316797 0.329688 0.484375 0.00105286
1 0.330078 0.772656 0.282813 0.4375 0.00103188
0 0.749219 0.747266 0.440625 0.505469 0.00100803
