1 0.613965 0.559766 0.706445 0.788281 0.700195
0 0.60625 0.566016 0.715625 0.811719 0.640625
0 0.642187 0.467969 0.65625 0.625 0.117371
1 0.667188 0.440234 0.598437 0.558594 0.0806274
0 0.710547 0.571973 0.555469 0.788867 0.0132217
0 0.738281 0.455859 0.509375 0.583594 0.0104904
1 0.767187 0.419531 0.434375 0.520312 0.00566483
1 0.75 0.528809 0.475 0.698633 0.00544739
0 0.257227 0.283643 0.326953 0.302246 0.00518036
1 0.662109 0.336719 0.557031 0.323438 0.00370789
1 0.257227 0.283643 0.326953 0.302246 0.00327301
0 0.806445 0.416016 0.387109 0.596094 0.00157356
0 0.79707 0.547266 0.393359 0.752344 0.00152493
0 0.662109 0.336719 0.557031 0.323438 0.00119686
0 0.278564 0.239063 0.361621 0.375 0.00101185
0 0.601953 0.566016 0.755469 0.805469 0.843262
1 0.605469 0.571094 0.753125 0.807813 0.0564575
1 0.602734 0.574609 0.760156 0.819531 0.435059
0 0.602734 0.574609 0.760156 0.819531 0.29834
0 0.163477 0.114868 0.192578 0.113623 0.0176392
0 0.15752 0.132324 0.170117 0.142383 0.00703812
1 0.163477 0.114868 0.192578 0.113623 0.0069046
0 0.354688 0.338477 0.129688 0.172266 0.00679779
0 0 0.278125 0 0.184766 0.00379562
0 0 0.240625 0 0.184766 0.00372124
0 0 0.203125 0 0.184375 0.00362206
0 0 0.31543 0 0.184766 0.00346947
0 0 0.165601 0 0.184424 0.00345612
0 0 0.35293 0 0.184766 0.00327301
0 0 0.0469727 0 0.0939453 0.00322342
0 0.0212646 0.0149414 0.0425293 0.0298828 0.00316048
0 0 0.128101 0 0.184424 0.00314713
0 0 0.678125 0 0.184375 0.00314713
0 0.233594 0.116504 0.0875 0.100977 0.00309944
0 0 0.390527 0 0.18457 0.00307465
0 0 0.0914062 0 0.182812 0.00307465
0 0 0.936719 0 0.126563 0.00307465
0 0 0.640625 0 0.184375 0.00305176
0 0.0348145 0.11875 0.0696289 0.2375 0.00304031
0 0 0.440527 0 0.18457 0.00300407
0 0.388184 0.326367 0.0580078 0.119141 0.00298119
0 0 0.715625 0 0.184375 0.00296974
0 0.00615234 0.0127441 0.0123047 0.0254883 0.00293541
0 0 0.490625 0 0.184375 0.00291252
0 0 0.603125 0 0.184375 0.00286674
0 0 0.753125 0 0.184375 0.0028553
0 0.0732422 0.10293 0.146484 0.205859 0.00281143
0 0 0.540625 0 0.184375 0.00277901
0 0 0.790625 0 0.184375 0.00277901
0 0 0.865625 0 0.184375 0.00277901
0 0 0.828125 0 0.184375 0.00273705
0 0 0.0726563 0 0.145313 0.00269318
1 0.15752 0.132324 0.170117 0.142383 0.00263214
0 0 0.903125 0 0.184375 0.00253105
0 0.0048584 0.932031 0.0097168 0.135937 0.00242424
0 0.0317871 0.240674 0.0635742 0.331152 0.00209999
1 0.354688 0.338477 0.129688 0.172266 0.0020752
0 0.0320068 0.166992 0.0640137 0.322266 0.00194931
0 0.396484 0.316797 0.0585938 0.122656 0.00186729
0 0.163867 0.12041 0.260547 0.116602 0.00176144
0 0.113647 0.116626 0.092627 0.10542 0.00173378
0 0.0326904 0.311328 0.0653809 0.319531 0.00154305
0 0.00487061 0.0238281 0.00974121 0.0476562 0.00146675
0 0.03125 0.363281 0.0625 0.324219 0.00125504
0 0.0974365 0.113696 0.0641113 0.105029 0.00123501
0 0.127246 0.926172 0.254492 0.147656 0.00112438
0 0 0.952344 0 0.0953125 0.00109005
1 0.341797 0.542188 0.208594 0.275 0.00101662
0 0.341797 0.542188 0.208594 0.275 0.00100803
0 0.601953 0.579687 0.755469 0.821875 0.916016
0 0.138184 0.116504 0.138477 0.0923828 0.103027
1 0.602344 0.579297 0.765625 0.825781 0.0394897
0 0.35293 0.336133 0.125391 0.140234 0.0152512
1 0.138184 0.116504 0.138477 0.0923828 0.00971222
0 0.259375 0.242773 0.184375 0.141016 0.00572968
0 0.509375 0.426562 0.246875 0.214062 0.00503922
0 0.290625 0.238672 0.18125 0.142188 0.00475693
0 0.492188 0.447656 0.204688 0.228125 0.00436401
0 0.533594 0.450391 0.229687 0.207031 0.00415039
0 0.559375 0.474121 0.210938 0.211133 0.00407028
0 0.601562 0.475391 0.208594 0.203125 0.00400543
0 0.582812 0.496875 0.189063 0.225 0.00349617
0 0.0384888 0.112695 0.0697021 0.195312 0.00325966
0 0.624219 0.496484 0.170312 0.221094 0.00309944
0 0.338672 0.528906 0.190625 0.217187 0.00282288
0 0.497266 0.406348 0.191406 0.20293 0.00282288
0 0.471094 0.470313 0.165625 0.233594 0.00224304
0 0.120337 0.109277 0.107373 0.110742 0.00201988
0 0.267139 0.304102 0.37041 0.282422 0.00191879
0 0.5125 0.471094 0.209375 0.220313 0.00186729
0 0.532422 0.496875 0.188281 0.226562 0.00171375
0 0.0392578 0.283594 0.0699219 0.225 0.00161648
0 0.107837 0.117554 0.0894043 0.095752 0.00153065
0 0.0391113 0.348047 0.0708008 0.214062 0.00153065
0 0.0392456 0.22832 0.0695557 0.211328 0.00148964
0 0.475781 0.425391 0.16875 0.216406 0.00146675
0 0.0517578 0.0462402 0.103516 0.0924805 0.00144386
1 0.35293 0.336133 0.125391 0.140234 0.00143242
0 0.211328 0.283398 0.25 0.315234 0.00137234
0 0.491406 0.496875 0.165625 0.228125 0.00131512
0 0.55625 0.51875 0.159375 0.234375 0.0012598
0 0.477246 0.577344 0.483008 0.582812 0.00117397
0 0.202393 0.340625 0.151465 0.148438 0.00114727
0 0.158301 0.345313 0.138086 0.158594 0.00114727
0 0.562109 0.287305 0.203125 0.128125 0.00113392
0 0.0436646 0.0683594 0.0845459 0.136719 0.00112915
0 0.874219 0.736328 0.225 0.524219 0.00109863
0 0.038916 0.403223 0.0704102 0.220117 0.00107765
0 0.0676758 0.0366699 0.129102 0.0733398 0.00106525
0 0.0390625 0.178662 0.0697266 0.212988 0.00104427
1 0.605078 0.584375 0.749219 0.81875 0.551758
0 0.599219 0.585547 0.76875 0.828906 0.505859
0 0.571777 0.145996 0.781445 0.291992 0.00214958
0 0.559375 0.0509766 0.795313 0.101953 0.0014782
0 0.133789 0.12522 0.148828 0.134717 0.00128937
1 0.571777 0.145996 0.781445 0.291992 0.00124931
0 0.855469 0.730859 0.264062 0.538281 0.00107765
0 0.80918 0.717969 0.356641 0.564062 0.00102043
0 0.607813 0.570312 0.75 0.825 0.680176
1 0.606934 0.569141 0.74707 0.814844 0.347656
0 0.604785 0.459375 0.757617 0.569531 0.00261116
0 0.232227 0.36875 0.337891 0.520312 0.00251198
0 0.815625 0.760156 0.346875 0.479688 0.00234222
0 0.534766 0.126367 0.857031 0.252734 0.00197983
0 0.758203 0.744531 0.447656 0.507812 0.00181007
0 0.201758 0.298438 0.264453 0.475 0.00168133
1 0.604785 0.459375 0.757617 0.569531 0.00162315
0 0.1625 0.313281 0.215625 0.521875 0.00158501
1 0.758203 0.744531 0.447656 0.507812 0.00139427
1 0.815625 0.760156 0.346875 0.479688 0.00133514
0 0.913672 0.749609 0.172656 0.500781 0.00129414
0 0.838281 0.646094 0.323438 0.696875 0.0011158
0 0.894531 0.813281 0.210938 0.373437 0.00109482
0 0.525 0.0535645 0.873438 0.107129 0.00102425
0 0.967969 0.816211 0.0640625 0.367578 0.00100803
0 0.610937 0.578516 0.765625 0.816406 0.71875
1 0.611621 0.573047 0.748633 0.836719 0.363037
0 0.00476074 0.0568359 0.00952148 0.113672 0.00542831
0 0.00465088 0.927344 0.00930176 0.145313 0.00521851
0 0.113379 0.113574 0.138086 0.0830078 0.00468063
0 0.00478516 0.24707 0.00957031 0.250391 0.0039444
0 0.00478516 0.29707 0.00957031 0.250391 0.00374985
0 0.00477295 0.19707 0.0095459 0.25 0.00362206
0 0.00477295 0.14707 0.0095459 0.249609 0.00322342
0 0.00477295 0.346875 0.0095459 0.25 0.00319672
0 0.00478516 0.10459 0.00957031 0.20918 0.00318527
0 0.213281 0.300977 0.239063 0.317578 0.00287819
0 0.396094 0.321094 0.0554687 0.0882813 0.00271416
0 0.00476074 0.396875 0.00952148 0.249219 0.00265312
0 0.00476074 0.446777 0.00952148 0.248633 0.00237846
0 0.00474854 0.671094 0.00949707 0.248437 0.00223351
0 0.00477295 0.496777 0.0095459 0.248633 0.00221634
0 0.110181 0.111523 0.0905762 0.0730469 0.00219917
0 0.759766 0.742578 0.421094 0.513281 0.0020504
0 0.00473633 0.546875 0.00947266 0.248437 0.00198746
0 0 0.0457031 0 0.0914062 0.00195694
0 0 0.262109 0 0.135937 0.00194168
0 0.00474854 0.596094 0.00949707 0.248437 0.00194168
0 0 0.287109 0 0.135937 0.00194168
0 0.217139 0.107031 0.148535 0.0720703 0.00192642
0 0 0.312109 0 0.135937 0.00191212
0 0.00476074 0.721094 0.00952148 0.248437 0.00189686
0 0 0.237158 0 0.13584 0.00187492
0 0 0.212158 0 0.13584 0.00178242
0 0 0.337109 0 0.135937 0.00176811
0 0.816992 0.769141 0.325391 0.450781 0.00174809
0 0 0.187158 0 0.13584 0.00171375
0 0 0.362109 0 0.135937 0.0017004
0 0.00473633 0.771094 0.00947266 0.248437 0.00163555
0 0 0.162207 0 0.135742 0.00160408
0 0 0.124707 0 0.135742 0.00158501
0 0.00476074 0.820117 0.00952148 0.247266 0.00157356
1 0.759766 0.742578 0.421094 0.513281 0.00156689
0 0 0.099707 0 0.135742 0.00154877
0 0 0.387109 0 0.135937 0.00149536
0 0.928125 0.736719 0.140625 0.510938 0.00146675
0 0 0.0587891 0 0.117578 0.00146675
0 0.00472412 0.870117 0.00944824 0.247266 0.00142097
0 0 0.412109 0 0.135937 0.00139904
0 0 0.074707 0 0.135937 0.00139904
0 0.872656 0.742578 0.245312 0.514844 0.00139904
0 0.178564 0.305664 0.201465 0.373828 0.00131512
0 0 0.437109 0 0.135937 0.00129986
1 0.928125 0.736719 0.140625 0.510938 0.00129414
0 0 0.4625 0 0.135937 0.00124931
0 0 0.7 0 0.135937 0.0012207
0 0 0.4875 0 0.135937 0.0012207
1 0.0045166 0.946094 0.0090332 0.107813 0.00121593
0 0 0.5125 0 0.135937 0.00119686
0 0.132812 0.123242 0.15 0.0867188 0.00117397
0 0 0.724609 0 0.135156 0.00116062
0 0 0.960156 0 0.0796875 0.00113392
0 0 0.675 0 0.135937 0.0011158
0 0 0.5375 0 0.135937 0.00111198
0 0.629785 0.723047 0.695117 0.553906 0.00108624
0 0.292139 0.331055 0.387598 0.351953 0.00108147
0 0 0.5625 0 0.135937 0.00107765
1 0.816992 0.769141 0.325391 0.450781 0.00107765
1 0.872656 0.742578 0.245312 0.514844 0.00106907
0 0 0.749609 0 0.135156 0.00105667
0 0 0.625 0 0.135937 0.00104809
0 0 0.5875 0 0.135937 0.00104046
0 0 0.65 0 0.135937 0.00102806
0 0 0.774609 0 0.135156 0.00100803
0 0.612109 0.574609 0.761719 0.816406 0.779297
1 0.613281 0.576172 0.764063 0.832031 0.125122
0 0.605469 0.761719 0.751562 0.476562 0.00291252
0 0.721094 0.802344 0.482812 0.395312 0.00200272
1 0.630859 0.796875 0.652344 0.40625 0.00163555
0 0.8 0.785937 0.3625 0.41875 0.00139904
0 0.617871 0.301758 0.74707 0.248828 0.00138855
0 0.891406 0.772656 0.204688 0.439063 0.0012598
0 0.762109 0.844531 0.369531 0.307813 0.00121593
0 0.614062 0.582422 0.759375 0.822656 0.703125
1 0.614746 0.583984 0.74707 0.821094 0.343262
0 0.610156 0.576953 0.754687 0.814844 0.728027
1 0.610547 0.576563 0.755469 0.821875 0.354004
0 0.781055 0.336719 0.419141 0.31875 0.0036068
0 0.801367 0.760938 0.359766 0.464063 0.00270462
1 0.781055 0.336719 0.419141 0.31875 0.00203514
0 0.88125 0.730078 0.226562 0.522656 0.00194168
0 0.735547 0.303906 0.519531 0.257812 0.0015974
0 0.832031 0.815625 0.304688 0.367188 0.00157356
1 0.801367 0.760938 0.359766 0.464063 0.00148964
0 0.915625 0.744141 0.159375 0.496094 0.00128937
0 0.819531 0.382715 0.340625 0.40957 0.00127888
0 0.719531 0.732813 0.420312 0.528125 0.00124454
1 0.88125 0.730078 0.226562 0.522656 0.00105286
0 0.667578 0.282422 0.633594 0.213281 0.00102425
0 0.236279 0.338477 0.323535 0.383203 0.00100422
0 0.607813 0.570312 0.75 0.825 0.683594
1 0.606641 0.569141 0.746094 0.814844 0.34082
0 0.604785 0.460059 0.757617 0.570508 0.00265312
0 0.232373 0.369141 0.337598 0.521094 0.00250244
0 0.815625 0.759766 0.346875 0.480469 0.00234222
0 0.535156 0.126758 0.857813 0.253516 0.00197983
0 0.758203 0.744531 0.447656 0.507812 0.0018034
0 0.201758 0.298828 0.264453 0.475781 0.00167465
1 0.604785 0.460059 0.757617 0.570508 0.00157928
0 0.1625 0.313281 0.216016 0.521875 0.00157928
1 0.758203 0.744531 0.447656 0.507812 0.00139427
1 0.815625 0.759766 0.346875 0.480469 0.00133514
0 0.914062 0.749609 0.171875 0.500781 0.0012846
0 0.838281 0.645215 0.323438 0.69707 0.0011158
0 0.894531 0.813281 0.210938 0.373437 0.00110722
0 0.525 0.0538086 0.873438 0.107617 0.00102043
0 0.967969 0.816211 0.0640625 0.367578 0.00101185
0 0.372266 0.810156 0.314844 0.379687 0.00100422
