0 0.562109 0.594141 0.767969 0.785156 0.884277
1 0.570215 0.522754 0.792383 0.62793 0.17749
0 0.569531 0.460254 0.782812 0.507617 0.0569763
0 0.7375 0.475879 0.51875 0.54668 0.00600433
0 0.630078 0.524219 0.717969 0.632812 0.00362206
0 0.631152 0.406152 0.69082 0.379883 0.00283432
0 0.58125 0.587109 0.804688 0.746094 0.907227
1 0.578125 0.585059 0.815625 0.748633 0.00636292
0 0.578809 0.467578 0.795508 0.486719 0.00154877
0 0.60166 0.598535 0.77168 0.75918 0.805664
1 0.577344 0.600391 0.842188 0.752344 0.0802002
0 0 0.936719 0 0.126563 0.00322342
0 0 0.878125 0 0.184375 0.00263214
0 0.00483398 0.932031 0.00966797 0.135937 0.00261116
0 0 0.840625 0 0.184375 0.00253105
0 0 0.790625 0 0.184375 0.00252151
0 0 0.740625 0 0.184375 0.00251198
0 0 0.703125 0 0.184375 0.0024929
0 0.498828 0.978906 0.14375 0.0421875 0.00243378
0 0 0.665625 0 0.184375 0.00234222
0 0 0.911719 0 0.176563 0.00232315
0 0.0211426 0.0143555 0.0422852 0.0287109 0.00215721
0 0 0.328125 0 0.184375 0.00202751
0 0 0.0467773 0 0.0935547 0.00201035
0 0 0.628125 0 0.184375 0.00200272
0 0 0.365625 0 0.184375 0.00198746
0 0.512891 0.985937 0.169531 0.028125 0.00197983
0 0 0.290625 0 0.184375 0.0019722
0 0 0.177783 0 0.184277 0.00194168
0 0 0.25293 0 0.184375 0.00192642
0 0 0.140332 0 0.18418 0.00192642
0 0 0.21543 0 0.184375 0.00191212
0 0 0.403125 0 0.184375 0.00190449
0 0.00627441 0.0123657 0.0125488 0.0247314 0.00183868
0 0 0.440723 0 0.18418 0.00182438
0 0 0.490625 0 0.184375 0.00179577
0 0 0.102905 0 0.184033 0.00178242
0 0 0.528125 0 0.184375 0.00174141
0 0 0.590625 0 0.184375 0.00171375
0 0 0.0786133 0 0.157227 0.00155449
0 0.495313 0.170117 0.075 0.107422 0.00137806
0 0.142871 0.947656 0.285742 0.104687 0.00133514
0 0 0.953125 0 0.09375 0.0011425
0 0.575 0.612891 0.8125 0.772656 0.957031
0 0.433594 0.532422 0.546875 0.539844 0.00173378
0 0.573438 0.492578 0.80625 0.529688 0.00129414
0 0.94375 0.0361328 0.1125 0.0722656 0.00117397
0 0.569141 0.608594 0.814844 0.751562 0.917969
1 0.569141 0.610156 0.822656 0.764063 0.0392761
0 0.576563 0.18457 0.725 0.369141 0.00325966
0 0.914062 0.769336 0.171875 0.461328 0.00178909
0 0.886328 0.741797 0.227344 0.516406 0.00157928
0 0.933594 0.816406 0.132812 0.367188 0.00148392
0 0.550684 0.0782227 0.768945 0.156445 0.00146675
1 0.576563 0.18457 0.725 0.369141 0.00128937
0 0.864258 0.802344 0.271484 0.395312 0.00110722
0 0.578906 0.604688 0.828125 0.751562 0.834961
1 0.576563 0.541016 0.828125 0.619531 0.0757446
0 0.579687 0.471875 0.817187 0.485938 0.00701141
0 0.551562 0.126953 0.80625 0.253906 0.00372124
0 0.896875 0.819531 0.20625 0.360938 0.00235939
0 0.764063 0.742188 0.417188 0.5125 0.00203514
0 0.842578 0.78418 0.314844 0.431641 0.00175476
0 0.882031 0.771875 0.235938 0.45625 0.00173378
0 0.907812 0.732813 0.184375 0.534375 0.00160408
0 0.969531 0.814453 0.0609375 0.371094 0.00156689
0 0.555469 0.180859 0.823438 0.361719 0.00136185
0 0.535937 0.0574707 0.823438 0.114941 0.00123024
0 0.946094 0.791797 0.107813 0.416406 0.00119686
0 0.853125 0.625879 0.29375 0.748242 0.00117397
0 0.935156 0.690234 0.129688 0.619531 0.00115108
0 0.916406 0.847656 0.167187 0.304688 0.00113773
0 0.925 0.773438 0.15 0.453125 0.00108147
0 0.583203 0.608496 0.816406 0.758008 0.908691
1 0.577734 0.605078 0.828906 0.736719 0.0222015
0 0.0046875 0.927344 0.009375 0.145313 0.00619125
0 0.528906 0.75625 0.675 0.484375 0.0049057
0 0.502734 0.984375 0.205469 0.03125 0.0039444
0 0.925 0.692578 0.15 0.524219 0.0020752
0 0.00473633 0.0562012 0.00947266 0.112402 0.00194168
0 0.00473633 0.721094 0.00947266 0.248437 0.00163555
0 0.656348 0.726172 0.629492 0.547656 0.00161648
0 0.00473633 0.846094 0.00947266 0.248437 0.00159168
0 0.00476074 0.671094 0.00952148 0.248437 0.00157356
0 0.00476074 0.796094 0.00952148 0.248437 0.00156689
0 0.507031 0.991016 0.203125 0.0179687 0.00155449
0 0.00473633 0.886328 0.00947266 0.227344 0.00143242
1 0.0045166 0.946094 0.0090332 0.107813 0.00137234
0 0.00473633 0.321289 0.00947266 0.248047 0.00133514
0 0 0.960156 0 0.0796875 0.00132465
1 0.925 0.692578 0.15 0.524219 0.00125504
0 0.00473633 0.371289 0.00947266 0.248047 0.00125504
0 0.00474854 0.271289 0.00949707 0.248047 0.00125504
0 0.00476074 0.221045 0.00952148 0.247754 0.00115585
0 0.00472412 0.421191 0.00944824 0.248242 0.00113392
0 0.00472412 0.621094 0.00944824 0.247656 0.0011158
0 0.00472412 0.158594 0.00944824 0.247656 0.00108147
0 0.00473633 0.471094 0.00947266 0.247656 0.00108147
0 0.522656 0.985937 0.195312 0.028125 0.00107288
0 0.00473633 0.116016 0.00947266 0.232031 0.00102425
0 0.00472412 0.521094 0.00944824 0.247656 0.00102043
0 0.58125 0.604785 0.8375 0.751367 0.899414
1 0.578906 0.60459 0.829687 0.74707 0.00945282
0 0.915625 0.709766 0.1625 0.427344 0.00230598
0 0.564453 0.790625 0.771094 0.415625 0.00200272
0 0.762109 0.770703 0.400781 0.455469 0.00103664
0 0.0254639 0.945312 0.0509277 0.109375 0.00101662
0 0.578906 0.60459 0.815625 0.75957 0.908203
1 0.578906 0.603516 0.810938 0.761719 0.0432739
0 0.573438 0.605371 0.825 0.754883 0.89209
1 0.575391 0.600879 0.814844 0.770117 0.0372009
0 0.768359 0.746484 0.375781 0.499219 0.00296974
0 0.892187 0.6625 0.209375 0.590625 0.00234222
0 0.77832 0.388184 0.437109 0.320508 0.00183868
0 0.910156 0.733594 0.178125 0.484375 0.00162315
0 0.842188 0.7625 0.29375 0.460938 0.00144958
1 0.768359 0.746484 0.375781 0.499219 0.00122547
0 0.713281 0.764453 0.339063 0.464844 0.00121117
1 0.910156 0.678516 0.175 0.510156 0.00112057
0 0.578906 0.604297 0.828125 0.750781 0.834961
1 0.576563 0.540723 0.828125 0.620117 0.0748901
0 0.579687 0.472266 0.81875 0.486719 0.00698471
0 0.551562 0.127539 0.80625 0.255078 0.00374985
0 0.896875 0.819531 0.20625 0.360938 0.00234222
0 0.763281 0.742188 0.417188 0.5125 0.00206757
0 0.842578 0.783984 0.314844 0.432031 0.00174141
0 0.882031 0.771875 0.235938 0.45625 0.00174141
0 0.907812 0.732813 0.184375 0.534375 0.0015974
0 0.969531 0.814648 0.0609375 0.370703 0.00157356
0 0.555469 0.18125 0.823438 0.3625 0.00137234
0 0.535547 0.0578125 0.824219 0.115625 0.00123978
0 0.946094 0.791797 0.107813 0.416406 0.00120163
0 0.853125 0.625781 0.29375 0.748438 0.00118828
0 0.935156 0.690234 0.129688 0.619531 0.00115108
0 0.916406 0.847656 0.167187 0.304688 0.00112438
0 0.925 0.773438 0.15 0.453125 0.00108624
