0 0.514844 0.57041 0.715625 0.75918 0.874512
0 0.530078 0.464844 0.716406 0.553906 0.200562
1 0.515234 0.560938 0.722656 0.753125 0.128784
0 0.540234 0.392285 0.696094 0.376367 0.0051384
1 0.524219 0.439844 0.726562 0.492188 0.00214005
0 0.525391 0.562891 0.741406 0.783594 0.898926
1 0.526563 0.551953 0.740625 0.744531 0.00784302
0 0.524316 0.575098 0.716992 0.770117 0.806152
1 0.508496 0.575391 0.761133 0.771094 0.0351562
0 0.507812 0.975781 0.326562 0.0484375 0.00407028
0 0.576172 0.976562 0.349219 0.046875 0.00346947
0 0.631641 0.972656 0.342969 0.0546875 0.00307465
0 0.679688 0.959375 0.35625 0.08125 0.00286674
0 0.457422 0.978125 0.327344 0.04375 0.00255013
0 0 0.936328 0 0.127344 0.00219917
0 0.753906 0.952344 0.376563 0.0953125 0.0016613
0 0.0202637 0.0134766 0.0405273 0.0269531 0.00148392
0 0.00583496 0.00775146 0.0116699 0.0155029 0.00133514
0 0.330469 0.934375 0.358594 0.13125 0.00131512
0 0.00483398 0.932031 0.00966797 0.135937 0.00130463
0 0 0.046582 0 0.0931641 0.0012846
0 0 0.917969 0 0.164062 0.00123024
0 0 0.890625 0 0.184375 0.00116062
0 0 0.853125 0 0.184375 0.00110722
0 0 0.81543 0 0.184766 0.00106907
0 0 0.765234 0 0.185156 0.00105667
0 0 0.727734 0 0.185156 0.00104427
0 0 0.690234 0 0.185156 0.00103664
0 0.505469 0.574316 0.74375 0.785742 0.956055
0 0.510547 0.575 0.739844 0.767187 0.929199
1 0.513281 0.578223 0.74375 0.77793 0.00626373
0 0.50625 0.570703 0.728125 0.799219 0.672363
0 0.516797 0.472266 0.760156 0.565625 0.121277
1 0.518359 0.569531 0.750781 0.795313 0.0944824
0 0.493359 0.669531 0.628906 0.564062 0.0393372
1 0.492969 0.478125 0.692187 0.589844 0.00466537
0 0.608691 0.704687 0.526367 0.5 0.0036068
0 0.444141 0.723047 0.530469 0.469531 0.00253105
1 0.493359 0.669531 0.628906 0.564062 0.00152493
0 0.745313 0.582812 0.317187 0.740625 0.00145531
0 0.831055 0.767969 0.337891 0.464063 0.00139904
0 0.678125 0.726172 0.3625 0.477344 0.00135612
0 0.773047 0.754297 0.447656 0.483594 0.00120163
0 0.474316 0.979688 0.335742 0.040625 0.00112438
0 0.779297 0.591797 0.441406 0.730469 0.00104809
0 0.932813 0.599121 0.134375 0.693945 0.00104427
1 0.475879 0.391797 0.618555 0.384375 0.318359
1 0.538672 0.429297 0.257031 0.400781 0.151978
0 0.523535 0.772266 0.629492 0.352344 0.149536
1 0.395312 0.418848 0.534375 0.412305 0.115173
1 0.533203 0.435254 0.413281 0.387305 0.0996704
1 0.402734 0.542578 0.521875 0.711719 0.0546875
0 0.430078 0.574316 0.555469 0.785742 0.0489502
0 0.330811 0.553516 0.360254 0.764844 0.0403137
1 0.484766 0.466797 0.502344 0.427344 0.033844
1 0.491309 0.640625 0.24082 0.146094 0.0197906
1 0.466406 0.610156 0.248437 0.157813 0.0173798
1 0.523535 0.772266 0.629492 0.352344 0.00831604
1 0.432031 0.583984 0.253125 0.167969 0.00582123
1 0.330811 0.553516 0.360254 0.764844 0.00540543
0 0.435547 0.4625 0.582031 0.551562 0.00436401
0 0.531152 0.632031 0.606445 0.646875 0.00356483
1 0.574219 0.459375 0.225 0.497656 0.00293541
0 0.00461426 0.947656 0.00922852 0.104687 0.00292397
0 0.412891 0.382031 0.555469 0.383594 0.0027256
0 0.00466309 0.919531 0.00932617 0.160938 0.00239754
1 0.51875 0.614062 0.267188 0.148438 0.00219917
1 0.493652 0.585547 0.25332 0.153906 0.00185299
1 0.490723 0.666016 0.238867 0.138281 0.00179577
0 0.502734 0.81582 0.558594 0.271484 0.00168133
0 0.636328 0.614453 0.527344 0.583594 0.00128937
0 0.00465088 0.0436523 0.00930176 0.0873047 0.00102425
1 0.463281 0.367188 0.914062 0.241406 0.227417
1 0.460547 0.460156 0.728906 0.165625 0.103577
1 0.382129 0.406934 0.243555 0.19707 0.0960083
1 0.445703 0.43125 0.880469 0.152344 0.0375366
0 0.354883 0.635156 0.709766 0.357812 0.0229797
1 0.424609 0.41084 0.23125 0.200195 0.016983
0 0.446191 0.773438 0.481055 0.371875 0.0114212
0 0.33457 0.522656 0.517578 0.475 0.00790405
1 0.454688 0.324023 0.865625 0.248828 0.00784302
1 0.361914 0.43291 0.241016 0.181055 0.00634003
0 0.627344 0.788281 0.395312 0.325 0.00588989
1 0.344336 0.386621 0.580078 0.17832 0.00498199
1 0.354883 0.635156 0.709766 0.357812 0.00486755
0 0.429297 0.696875 0.496875 0.53125 0.00466537
0 0.516406 0.351172 0.85 0.298438 0.0045929
0 0.362305 0.464844 0.487891 0.371875 0.00366402
0 0.519531 0.455469 0.770312 0.175 0.00337601
1 0.451465 0.387891 0.24082 0.18125 0.00324821
0 0.293945 0.618359 0.587891 0.517969 0.00283432
0 0.343555 0.678906 0.372266 0.25625 0.00271416
1 0.404687 0.381641 0.259375 0.186719 0.00261116
0 0.473437 0.980469 0.357812 0.0390625 0.00258064
0 0.605371 0.592188 0.587695 0.485938 0.00244331
0 0.622656 0.726953 0.475 0.469531 0.00195694
1 0.33457 0.522656 0.517578 0.475 0.00185299
1 0.349023 0.585156 0.269922 0.185937 0.0017004
1 0.526563 0.43916 0.234375 0.199805 0.00167465
1 0.305469 0.610937 0.189844 0.192188 0.00150108
0 0.41875 0.839844 0.485938 0.273438 0.00148392
0 0.46875 0.715625 0.667188 0.4875 0.00146675
0 0.666406 0.624609 0.4625 0.492969 0.00128937
0 0.327734 0.712109 0.560156 0.308594 0.0012846
0 0.245898 0.630469 0.426172 0.278125 0.00125504
0 0.383203 0.98125 0.41875 0.0375 0.00119686
0 0.510547 0.842383 0.591406 0.227734 0.00117874
0 0.624609 0.842188 0.394531 0.223438 0.00114727
0 0.291406 0.716406 0.58125 0.464063 0.0011425
1 0.33457 0.422656 0.476172 0.160156 0.0011425
0 0.45791 0.789258 0.68418 0.337109 0.00109005
1 0.406348 0.440234 0.248242 0.186719 0.00109005
1 0.430371 0.322656 0.564258 0.248437 0.00107765
0 0.333203 0.653125 0.515625 0.285937 0.00104427
1 0.517969 0.601953 0.220313 0.148438 0.799316
1 0.460938 0.564453 0.245312 0.175 0.777344
1 0.463672 0.533594 0.239063 0.185937 0.638672
1 0.5125 0.575781 0.229687 0.146094 0.583008
1 0.45791 0.595312 0.249805 0.1625 0.501953
1 0.481152 0.626953 0.261133 0.147656 0.413086
1 0.523438 0.627734 0.223438 0.149219 0.222656
1 0.522559 0.401953 0.673633 0.4375 0.164551
1 0.430566 0.545703 0.466992 0.176563 0.12146
0 0.451562 0.422656 0.59375 0.478125 0.11499
1 0.5 0.521875 0.404687 0.234375 0.113403
1 0.407031 0.403906 0.513281 0.442969 0.0653687
1 0.510938 0.539062 0.253125 0.171875 0.0524292
1 0.379687 0.563281 0.453125 0.165625 0.0378113
1 0.414941 0.588281 0.195117 0.1875 0.0348816
1 0.435547 0.515527 0.351562 0.293945 0.0255127
1 0.480371 0.652734 0.27832 0.148438 0.0224609
1 0.508984 0.590625 0.160938 0.170312 0.011467
1 0.408203 0.5625 0.217969 0.192188 0.00812531
1 0.438281 0.6125 0.144531 0.182812 0.0069046
0 0.570312 0.415234 0.695312 0.460156 0.00674438
0 0.633203 0.576953 0.533594 0.742969 0.00429916
0 0.736719 0.576563 0.320312 0.740625 0.0037365
0 0.667969 0.682031 0.364062 0.54375 0.00291252
0 0.617188 0.660156 0.321875 0.585938 0.0027256
1 0.455078 0.494531 0.179688 0.176563 0.00219917
0 0.518848 0.511328 0.774805 0.674219 0.00200272
1 0.633203 0.576953 0.533594 0.742969 0.00183868
0 0.728125 0.440723 0.335938 0.510742 0.00174141
0 0.430566 0.545703 0.466992 0.176563 0.00169373
1 0.736719 0.576563 0.320312 0.740625 0.00160408
1 0.48291 0.51875 0.788867 0.251563 0.00151253
0 0.551172 0.710938 0.450781 0.4875 0.00131512
1 0.667969 0.682031 0.364062 0.54375 0.00116062
0 0.475 0.578906 0.160938 0.159375 0.00109482
0 0.392578 0.540625 0.496094 0.721875 0.00109005
1 0.367578 0.50625 0.195312 0.182812 0.999023
1 0.361914 0.5375 0.189453 0.167187 0.998535
1 0.438965 0.536719 0.25957 0.180469 0.993164
1 0.375391 0.586719 0.236719 0.2125 0.986816
1 0.446191 0.574219 0.281055 0.201562 0.956543
1 0.368164 0.482812 0.243359 0.175 0.952148
1 0.419434 0.599609 0.314258 0.204688 0.882324
1 0.3875 0.569531 0.189844 0.198437 0.303955
1 0.408203 0.6 0.216406 0.214062 0.291748
1 0.437109 0.484375 0.295312 0.178125 0.248657
1 0.461719 0.514063 0.282031 0.189063 0.193115
0 0.432813 0.406641 0.828125 0.428906 0.133179
0 0.360547 0.716016 0.482812 0.316406 0.126343
0 0.410254 0.682813 0.12793 0.184375 0.111267
0 0.337109 0.376563 0.346094 0.384375 0.0948486
1 0.410254 0.682813 0.12793 0.184375 0.0844727
1 0.431934 0.619141 0.24707 0.197656 0.0658569
0 0.387109 0.624609 0.43125 0.177344 0.0646362
1 0.424219 0.664453 0.159375 0.192188 0.0643921
0 0.374219 0.387891 0.489062 0.408594 0.0607605
0 0.381641 0.730859 0.583594 0.455469 0.0584412
0 0.424219 0.664453 0.159375 0.192188 0.0535889
0 0.352344 0.65625 0.197656 0.232812 0.0396423
0 0.422266 0.737891 0.578906 0.358594 0.0326538
0 0.530566 0.460547 0.749805 0.546094 0.0316772
1 0.360156 0.380566 0.48125 0.382617 0.0302124
0 0.411328 0.620313 0.214062 0.203125 0.0268555
1 0.367969 0.620313 0.139062 0.260156 0.0265503
0 0.343359 0.638281 0.560156 0.18125 0.0231476
0 0.384766 0.699609 0.151562 0.221094 0.0213623
0 0.320898 0.666016 0.276953 0.252344 0.0206451
0 0.367969 0.620313 0.139062 0.260156 0.0204163
0 0.58125 0.723828 0.446875 0.453906 0.0199127
0 0.303516 0.686328 0.222656 0.250781 0.0192719
0 0.368164 0.482812 0.243359 0.175 0.0191193
1 0.405078 0.535937 0.360938 0.146875 0.0171814
1 0.337891 0.433594 0.520312 0.320312 0.0153046
0 0.376563 0.779688 0.479688 0.351562 0.0143356
1 0.432813 0.406641 0.828125 0.428906 0.0137405
0 0.341602 0.704687 0.186328 0.2375 0.012146
0 0.383984 0.466504 0.460156 0.432617 0.011116
0 0.391797 0.638281 0.1625 0.189063 0.0108185
0 0.596484 0.696094 0.580469 0.509375 0.0103683
1 0.412109 0.465625 0.308594 0.159375 0.0100555
1 0.424316 0.523828 0.212305 0.148438 0.00963593
0 0.424316 0.523828 0.212305 0.148438 0.00933838
0 0.655469 0.703125 0.382812 0.49375 0.0091629
0 0.572656 0.640625 0.68125 0.60625 0.00841522
0 0.414844 0.440723 0.219531 0.29668 0.00796509
0 0.513281 0.753906 0.477344 0.392188 0.00787354
0 0.367578 0.50625 0.195312 0.182812 0.0078125
0 0.445703 0.598047 0.283594 0.203906 0.0069046
0 0.363672 0.575781 0.144531 0.217187 0.00674438
0 0.396484 0.702344 0.141406 0.179688 0.00674438
1 0.414844 0.440723 0.219531 0.29668 0.00674438
1 0.352344 0.65625 0.197656 0.232812 0.00626373
1 0.391797 0.638281 0.1625 0.189063 0.0055542
0 0.361133 0.538672 0.162109 0.192188 0.00547028
1 0.384766 0.699609 0.151562 0.221094 0.00468063
1 0.382031 0.439844 0.225 0.208594 0.00460815
1 0.351562 0.712109 0.573438 0.297656 0.0045929
0 0.349805 0.539453 0.389453 0.635156 0.00438309
0 0.286377 0.374219 0.27959 0.402344 0.00397491
1 0.341602 0.704687 0.186328 0.2375 0.00395966
0 0.396094 0.460547 0.299219 0.152344 0.0037365
0 0.382031 0.439844 0.225 0.208594 0.00333786
1 0.387109 0.624609 0.43125 0.177344 0.00314713
1 0.303516 0.686328 0.222656 0.250781 0.00300407
0 0.378516 0.65625 0.463281 0.442187 0.0026722
0 0.537109 0.680078 0.713281 0.422656 0.00253105
0 0.337891 0.433594 0.520312 0.320312 0.00243378
1 0.343359 0.638281 0.560156 0.18125 0.00230598
1 0.655469 0.703125 0.382812 0.49375 0.00215721
1 0.381641 0.730859 0.583594 0.455469 0.00211525
1 0.58125 0.723828 0.446875 0.453906 0.00209999
1 0.383984 0.466504 0.460156 0.432617 0.00200272
0 0.320117 0.631641 0.326953 0.282813 0.00195694
0 0.467285 0.570312 0.266992 0.204688 0.00192642
1 0.320898 0.666016 0.276953 0.252344 0.00191212
0 0.704687 0.668359 0.359375 0.564844 0.00178909
1 0.535937 0.540234 0.745313 0.694531 0.00160408
1 0.396484 0.702344 0.141406 0.179688 0.00160408
1 0.422266 0.737891 0.578906 0.358594 0.00157928
0 0.771094 0.621875 0.254687 0.59375 0.00148964
1 0.349805 0.539453 0.389453 0.635156 0.00141621
1 0.376563 0.779688 0.479688 0.351562 0.00138283
0 0.685547 0.325 0.419531 0.246875 0.00135612
0 0.287891 0.708984 0.178906 0.263281 0.00131512
0 0.438672 0.508594 0.269531 0.184375 0.00130939
0 0.433203 0.639844 0.264844 0.19375 0.00121593
1 0.292188 0.544531 0.584375 0.15625 0.00112057
0 0.644531 0.583203 0.50625 0.716406 0.00107288
1 0.286377 0.374219 0.27959 0.402344 0.00103188
0 0.305664 0.444434 0.285547 0.30332 0.00103188
1 0.596484 0.696094 0.580469 0.509375 0.00101662
0 0.507031 0.570703 0.729688 0.799219 0.679199
0 0.51709 0.472266 0.761133 0.565625 0.11676
1 0.518848 0.569531 0.751367 0.795313 0.0951538
0 0.49375 0.669141 0.629687 0.564844 0.0381775
1 0.494141 0.478125 0.694531 0.589844 0.00455475
0 0.608594 0.704297 0.526563 0.500781 0.00355148
0 0.443652 0.722656 0.529883 0.470313 0.00236893
1 0.49375 0.669141 0.629687 0.564844 0.00144958
0 0.744922 0.582422 0.317969 0.741406 0.00143814
0 0.831055 0.767969 0.337891 0.464063 0.00139904
0 0.678125 0.726172 0.3625 0.477344 0.00135136
0 0.773047 0.754297 0.447656 0.483594 0.0012064
0 0.474609 0.979688 0.335156 0.040625 0.00112438
0 0.779492 0.591406 0.441016 0.73125 0.00105667
0 0.932813 0.598828 0.134375 0.694531 0.00105286
