1 0.510254 0.480469 0.787305 0.867188 0.930176
0 0.510254 0.480469 0.787305 0.867188 0.166138
1 0.516406 0.297266 0.767187 0.524219 0.0166626
1 0.642578 0.483594 0.583594 0.895312 0.00709534
1 0.525781 0.187695 0.735937 0.289453 0.00591278
1 0.741797 0.417969 0.485156 0.778125 0.00214958
0 0.705078 0.4625 0.502344 0.859375 0.00194931
1 0.551465 0.148828 0.687695 0.219531 0.00145531
1 0.832422 0.410937 0.335156 0.7875 0.00137234
0 0.882422 0.435937 0.235156 0.753125 0.00131989
0 0.786719 0.456641 0.426562 0.874219 0.00109005
1 0.522656 0.498828 0.823438 0.914844 0.73584
0 0.521875 0.479297 0.823438 0.852344 0.331055
1 0.522559 0.373828 0.78457 0.673437 0.0172424
1 0.524219 0.489062 0.820312 0.9 0.890625
0 0.524219 0.489062 0.820312 0.9 0.00498199
0 0 0.935938 0 0.128125 0.00305176
0 0.0048584 0.932031 0.0097168 0.135937 0.00188255
1 0.663672 0.510156 0.522656 0.842188 0.00186729
0 0 0.890625 0 0.184375 0.00183868
0 0 0.84043 0 0.184766 0.00183868
0 0 0.80293 0 0.184766 0.00174141
0 0 0.917969 0 0.164062 0.00171375
0 0 0.765234 0 0.185156 0.0016613
0 0 0.727734 0 0.185156 0.00158501
0 0 0.690625 0 0.184375 0.00147247
0 0.0200928 0.0134766 0.0401855 0.0269531 0.00135612
0 0 0.652734 0 0.185156 0.0012846
1 0.575781 0.172949 0.285937 0.242383 0.00126457
0 0 0.952344 0 0.0953125 0.0012064
0 0 0.615234 0 0.185156 0.00119209
0 0.00584717 0.0076416 0.0116943 0.0152832 0.00118351
0 0 0.0465332 0 0.0930664 0.00108147
0 0 0.577734 0 0.184375 0.00102425
0 0.526563 0.493359 0.828125 0.922656 0.639648
1 0.526563 0.488672 0.814062 0.913281 0.537109
0 0.517187 0.375781 0.190625 0.221094 0.00204277
0 0.788281 0.926172 0.198437 0.147656 0.00150681
0 0.352539 0.352539 0.234766 0.208984 0.0014782
0 0.545313 0.154199 0.734375 0.202539 0.00138283
1 0.547266 0.104517 0.727344 0.110107 0.00132465
0 0.547266 0.104517 0.727344 0.110107 0.00127888
1 0.545313 0.154199 0.734375 0.202539 0.00126934
0 0.788281 0.669922 0.303125 0.544531 0.00123501
0 0.461621 0.98125 0.556445 0.0375 0.0011692
0 0.832617 0.660937 0.228516 0.5625 0.00107765
0 0.746094 0.934375 0.217187 0.123438 0.00106907
0 0.719531 0.671875 0.365625 0.496875 0.00106525
1 0.517969 0.491406 0.826563 0.892187 0.905273
0 0.516797 0.492969 0.822656 0.889063 0.00959778
0 0.980469 0.47959 0.0390625 0.68457 0.00141048
0 0.773438 0.287891 0.334375 0.517969 0.00135612
0 0.946875 0.0628906 0.10625 0.125781 0.00127411
0 0.715234 0.675 0.427344 0.56875 0.00114727
1 0.980469 0.47959 0.0390625 0.68457 0.00112438
0 0.447266 0.953906 0.477344 0.0921875 0.00107288
0 0.728906 0.20708 0.375 0.33584 0.00105667
0 0.935156 0.0270264 0.129688 0.0540527 0.00105667
1 0.526172 0.475 0.821094 0.875 0.904785
0 0.530469 0.480469 0.828125 0.892187 0.0261078
1 0.518359 0.325391 0.803906 0.560156 0.0020504
0 0.206055 0.784766 0.328516 0.430469 0.00195694
0 0.761328 0.720703 0.388281 0.558594 0.00178909
0 0.787305 0.282031 0.322266 0.540625 0.00171375
1 0.787305 0.282031 0.322266 0.540625 0.00168705
1 0.206055 0.784766 0.328516 0.430469 0.00126934
1 0.740234 0.257422 0.519531 0.514844 0.00123501
1 0.512891 0.225439 0.792969 0.353809 0.00122547
0 0.836719 0.724219 0.275 0.551562 0.00119686
0 0.740234 0.257422 0.519531 0.514844 0.00108147
0 0.762109 0.566406 0.371094 0.696875 0.00103188
1 0.762109 0.566406 0.371094 0.696875 0.00101662
0 0.264014 0.775 0.303223 0.45 0.00101185
1 0.53125 0.485156 0.840625 0.860937 0.847168
0 0.532422 0.482031 0.847656 0.909375 0.120667
0 0.00463867 0.947656 0.00927734 0.104687 0.00460815
0 0.0046875 0.919531 0.009375 0.160938 0.0041008
1 0.855469 0.537109 0.18125 0.603906 0.00148392
0 0.949219 0.0605469 0.101562 0.121094 0.00145531
0 0.746094 0.698438 0.385938 0.4875 0.00136662
0 0 0.960156 0 0.0796875 0.00136662
0 0.772656 0.232031 0.317187 0.407813 0.00133514
1 0.00463867 0.947656 0.00927734 0.104687 0.00131512
0 0.9375 0.0322998 0.125 0.0645996 0.00126457
1 0.813281 0.63125 0.260938 0.56875 0.00118351
1 0.523047 0.209766 0.802344 0.324219 0.00112915
0 0.855469 0.537109 0.18125 0.603906 0.00112057
1 0.772656 0.232031 0.317187 0.407813 0.00108147
1 0.288281 0.497266 0.3625 0.691406 0.00104046
1 0.533594 0.470703 0.840625 0.867969 0.600098
0 0.532812 0.485156 0.840625 0.889063 0.50293
1 0.523438 0.230273 0.825 0.362891 0.00614548
0 0.529688 0.745703 0.801562 0.377344 0.00219154
1 0.518359 0.15791 0.833594 0.219336 0.00194168
1 0.529688 0.745703 0.801562 0.377344 0.0017004
0 0.824219 0.687109 0.235938 0.482031 0.00122547
0 0.732813 0.717969 0.379687 0.428125 0.00121117
0 0.433594 0.978516 0.83125 0.0429688 0.00115108
0 0.767578 0.269531 0.338281 0.465625 0.00107288
1 0.532422 0.499609 0.835156 0.919531 0.905273
0 0.526563 0.498437 0.825 0.896875 0.0383301
0 0.793555 0.237109 0.281641 0.415625 0.00388527
1 0.793555 0.237109 0.281641 0.415625 0.00270462
0 0.748438 0.192578 0.340625 0.317187 0.00226021
1 0.748438 0.192578 0.340625 0.317187 0.00183868
1 0.812305 0.286328 0.262891 0.528906 0.0012846
0 0.817969 0.357031 0.254687 0.651563 0.00115585
1 0.535156 0.492188 0.835938 0.871875 0.786621
0 0.523438 0.491406 0.828125 0.873438 0.0526123
0 0.751562 0.218945 0.351562 0.352734 0.00682449
1 0.751562 0.218945 0.351562 0.352734 0.00484848
0 0.776758 0.276172 0.321484 0.471094 0.00370789
0 0.756641 0.726562 0.344531 0.428125 0.00228691
1 0.546484 0.211719 0.752344 0.321094 0.00209045
1 0.776758 0.276172 0.321484 0.471094 0.00205803
1 0.713281 0.190039 0.409375 0.280078 0.00188923
0 0.713281 0.190039 0.409375 0.280078 0.00188923
0 0.826563 0.630078 0.23125 0.552344 0.00148964
1 0.526172 0.475 0.821094 0.875 0.904785
0 0.53125 0.480469 0.828125 0.892187 0.0275879
1 0.51875 0.325781 0.803125 0.561719 0.00205803
0 0.205469 0.78457 0.328906 0.430859 0.00197983
0 0.762109 0.720703 0.386719 0.558594 0.00178242
0 0.787305 0.282422 0.322266 0.541406 0.00170708
1 0.787305 0.282422 0.322266 0.541406 0.00168133
1 0.205469 0.78457 0.328906 0.430859 0.00126934
1 0.740234 0.257422 0.519531 0.514844 0.00123501
1 0.513184 0.225977 0.792383 0.355078 0.00121593
0 0.8375 0.724219 0.275 0.551562 0.00119209
0 0.740234 0.257422 0.519531 0.514844 0.00109005
0 0.761719 0.566309 0.371875 0.69707 0.00103188
0 0.264014 0.774805 0.304004 0.450391 0.00101662
1 0.761719 0.566309 0.371875 0.69707 0.00101662
