1 0.554688 0.500391 0.659375 0.827344 0.912598
1 0.651953 0.494141 0.472656 0.846094 0.879883
1 0.429688 0.515234 0.535937 0.830469 0.0459595
0 0.538672 0.503516 0.711719 0.817969 0.0274353
1 0.534277 0.369141 0.729883 0.497656 0.0193481
1 0.700781 0.430859 0.365625 0.699219 0.00815582
1 0.732422 0.480469 0.402344 0.860937 0.00402451
0 0.651953 0.494141 0.472656 0.846094 0.00311089
1 0.329297 0.508203 0.341406 0.819531 0.00226021
0 0.927344 0.439844 0.145313 0.684375 0.00142097
1 0.895312 0.465625 0.209375 0.86875 0.0012846
1 0.528125 0.530469 0.75625 0.826563 0.871094
0 0.529688 0.511816 0.75625 0.798242 0.0615234
1 0.507031 0.415234 0.723437 0.592969 0.013588
1 0.717578 0.514063 0.355469 0.789062 0.00318527
1 0.5125 0.511328 0.746875 0.788281 0.50293
1 0.632812 0.514063 0.503125 0.790625 0.483398
1 0.428809 0.513281 0.517383 0.785937 0.0699463
1 0.710938 0.516797 0.367188 0.782031 0.0288696
1 0.290234 0.645312 0.186719 0.326562 0.00385475
0 0.551562 0.136719 0.0578125 0.109375 0.00228691
0 0 0.936719 0 0.126563 0.00219917
0 0.0199707 0.0134766 0.0399414 0.0269531 0.00153065
0 0.770312 0.9375 0.360938 0.125 0.00150108
0 0.482031 0.970703 0.3125 0.0585938 0.00142097
0 0.00581055 0.00766602 0.0116211 0.015332 0.00136185
0 0 0.046582 0 0.0931641 0.00132465
0 0.00484619 0.932031 0.00969238 0.135937 0.00132465
0 0 0.917969 0 0.164062 0.00123024
0 0.431348 0.967188 0.320117 0.065625 0.00123024
0 0 0.890625 0 0.184375 0.0011692
0 0.570312 0.969922 0.365625 0.0601562 0.00112915
0 0.290234 0.645312 0.186719 0.326562 0.00110722
0 0 0.85293 0 0.184766 0.00109005
1 0.288086 0.698047 0.171484 0.314844 0.00109005
0 0 0.80293 0 0.184766 0.00104046
0 0 0.765234 0 0.185156 0.00102425
1 0.525391 0.526563 0.736719 0.828125 0.899902
1 0.671094 0.53125 0.459375 0.8375 0.335449
1 0.350195 0.524219 0.373828 0.821875 0.045105
0 0.523828 0.529688 0.750781 0.84375 0.00854492
0 0.482422 0.980078 0.603906 0.0398437 0.0019722
0 0.366602 0.946094 0.191797 0.1 0.00166798
1 0.513281 0.979688 0.626562 0.040625 0.00119686
0 0.583203 0.979297 0.613281 0.0414063 0.00109482
0 0.690625 0.946875 0.1875 0.096875 0.00109005
1 0.526563 0.515625 0.732813 0.810938 0.959473
0 0.521973 0.961328 0.631055 0.0773437 0.00218201
1 0.521973 0.961328 0.631055 0.0773437 0.00198746
1 0.478125 0.887109 0.782812 0.225781 0.00129414
1 0.983594 0.499316 0.0328125 0.663867 0.00112057
0 0.924219 0.0802246 0.151562 0.160449 0.00110722
0 0.478125 0.887109 0.782812 0.225781 0.00109005
1 0.792188 0.49375 0.410937 0.7875 0.00103188
1 0.533594 0.511719 0.759375 0.807813 0.925293
1 0.515625 0.412598 0.74375 0.57793 0.00290108
0 0.406934 0.947656 0.686133 0.104687 0.00194931
1 0.297461 0.651172 0.248828 0.308594 0.00185299
0 0.454297 0.978516 0.508594 0.0429688 0.00178909
1 0.747656 0.295117 0.360938 0.523047 0.00142097
0 0.221924 0.775781 0.338965 0.445312 0.00137806
1 0.726172 0.266602 0.503906 0.533203 0.00134563
1 0.776367 0.305078 0.250391 0.49375 0.00131512
0 0.721094 0.716406 0.367188 0.5625 0.00125504
0 0.369922 0.976172 0.425781 0.0476562 0.00122547
1 0.406934 0.947656 0.686133 0.104687 0.00118351
0 0.375781 0.943359 0.470313 0.113281 0.00116062
1 0.241602 0.744141 0.346484 0.499219 0.00115108
0 0.670313 0.740625 0.510938 0.509375 0.00110722
1 0.454297 0.978516 0.508594 0.0429688 0.00107765
0 0.930469 0.0235352 0.139062 0.0470703 0.00103188
1 0.543359 0.519531 0.752344 0.796875 0.916016
0 0.00463867 0.947656 0.00927734 0.104687 0.00345612
0 0.00466309 0.919531 0.00932617 0.160938 0.00284576
1 0.726953 0.294531 0.328906 0.328125 0.00190449
1 0.435254 0.980859 0.679492 0.0382813 0.0018177
0 0.930469 0.0700195 0.139062 0.140039 0.0016613
0 0.701563 0.289258 0.360938 0.318359 0.00143242
0 0.435254 0.980859 0.679492 0.0382813 0.00136185
1 0.691016 0.269141 0.363281 0.271875 0.00133514
1 0.321826 0.478223 0.328223 0.70293 0.00131989
1 0.76875 0.573047 0.25625 0.610156 0.00131512
0 0.932813 0.0390137 0.134375 0.0780273 0.00125504
1 0.725781 0.622656 0.340625 0.554688 0.00116062
0 0.00463867 0.0436523 0.00927734 0.0873047 0.0011158
0 0.697656 0.683594 0.390625 0.489062 0.00109863
1 0.00463867 0.947656 0.00927734 0.104687 0.00104809
1 0.463281 0.951563 0.854688 0.096875 0.00104809
0 0.543359 0.519531 0.752344 0.796875 0.00102425
0 0 0.973437 0 0.053125 0.00100803
1 0.543066 0.510156 0.75293 0.78125 0.899902
0 0.471875 0.964063 0.901563 0.071875 0.00395966
1 0.471875 0.964063 0.901563 0.071875 0.00312424
1 0.487109 0.953906 0.891406 0.0921875 0.00246239
0 0.487109 0.953906 0.891406 0.0921875 0.00214958
0 0.753125 0.707031 0.276563 0.432813 0.00135612
0 0.545703 0.511719 0.753906 0.8 0.0012846
1 0.720312 0.307861 0.346875 0.353027 0.0011425
0 0.686719 0.741016 0.36875 0.324219 0.00106907
0 0.645312 0.71875 0.467187 0.379687 0.00102806
1 0.541406 0.535547 0.753125 0.824219 0.945801
0 0.75 0.289648 0.2875 0.359766 0.00263214
1 0.75 0.289648 0.2875 0.359766 0.00247192
0 0.544141 0.519922 0.755469 0.807031 0.00237846
1 0.772656 0.326953 0.254687 0.469531 0.00153637
1 0.732422 0.521875 0.317969 0.796875 0.00135612
1 0.534375 0.510547 0.73125 0.796094 0.928223
1 0.737109 0.285596 0.313281 0.320996 0.00698471
0 0.737109 0.285596 0.313281 0.320996 0.00542831
1 0.698047 0.25957 0.364844 0.258984 0.00217438
0 0.747266 0.691016 0.291406 0.433594 0.00212479
0 0.710547 0.721094 0.336719 0.375 0.00153637
0 0.784375 0.675781 0.2125 0.460938 0.00143242
0 0.698047 0.25957 0.364844 0.258984 0.00139904
0 0.708594 0.781055 0.329688 0.234766 0.00120163
1 0.533594 0.512109 0.760938 0.808594 0.924805
1 0.515234 0.412402 0.742969 0.57832 0.0030632
0 0.407031 0.947656 0.684375 0.104687 0.00195694
0 0.454688 0.978516 0.50625 0.0429688 0.00178909
1 0.296875 0.650781 0.247656 0.309375 0.0017271
1 0.748047 0.295312 0.360156 0.523438 0.00142097
0 0.221289 0.775781 0.338672 0.445312 0.00138855
1 0.726172 0.266797 0.503906 0.533594 0.00134563
1 0.776367 0.305469 0.250391 0.494531 0.00130463
0 0.721875 0.716406 0.365625 0.5625 0.00124931
0 0.370117 0.976172 0.425391 0.0476562 0.0012207
1 0.407031 0.947656 0.684375 0.104687 0.0011692
1 0.24082 0.74375 0.346484 0.5 0.00116539
0 0.375879 0.943359 0.470117 0.113281 0.00115585
0 0.671094 0.740234 0.510938 0.508594 0.00111198
1 0.454688 0.978516 0.50625 0.0429688 0.00106525
0 0.930469 0.023584 0.139062 0.047168 0.00103188
