0 0.475391 0.425879 0.586719 0.74668 0.888672
0 0.475781 0.314063 0.570312 0.515625 0.0372009
1 0.475391 0.419922 0.580469 0.716406 0.028656
0 0.483594 0.198242 0.521875 0.287109 0.00298119
0 0.457812 0.827539 0.576563 0.344922 0.002388
1 0.457812 0.827539 0.576563 0.344922 0.00149536
0 0.460938 0.773438 0.626562 0.4375 0.0011158
0 0.459375 0.459375 0.620313 0.8 0.80127
1 0.465723 0.460938 0.591992 0.80625 0.0191956
0 0.463965 0.450781 0.592383 0.782812 0.496094
1 0.463965 0.450781 0.592383 0.782812 0.248047
0 0 0.936719 0 0.126563 0.00213242
0 0 0.340234 0 0.185156 0.00153637
0 0.0198486 0.0135986 0.0396973 0.0271973 0.00150681
0 0 0.302734 0 0.185156 0.00150108
0 0 0.377734 0 0.185156 0.00148964
0 0 0.453027 0 0.18457 0.00142097
0 0 0.265283 0 0.185059 0.00139904
0 0 0.415234 0 0.185156 0.00139427
0 0 0.490234 0 0.185156 0.00137234
0 0 0.527734 0 0.185156 0.00134563
0 0.00577393 0.00787354 0.0115479 0.0157471 0.00134563
0 0 0.677734 0 0.185156 0.00134087
0 0 0.565625 0 0.184375 0.00131512
0 0 0.602734 0 0.185156 0.00129414
0 0 0.640234 0 0.185156 0.00129414
0 0 0.0466797 0 0.0933594 0.00129414
0 0.00480957 0.932031 0.00961914 0.135937 0.00127411
0 0 0.227734 0 0.184766 0.00126457
0 0 0.715234 0 0.185156 0.00124454
0 0 0.917578 0 0.164844 0.00119686
0 0 0.190234 0 0.184766 0.00118828
0 0 0.878125 0 0.184375 0.00118351
0 0 0.84043 0 0.184766 0.0011692
0 0 0.80293 0 0.184766 0.00116062
0 0 0.752734 0 0.185156 0.00116062
1 0.240283 0.360547 0.14209 0.308594 0.00109863
0 0 0.152759 0 0.184717 0.00108147
0 0.464844 0.448047 0.6 0.774219 0.898926
1 0.4625 0.453906 0.607813 0.782812 0.0134811
0 0.638281 0.910937 0.198437 0.178125 0.00228691
0 0.664844 0.895312 0.176563 0.171875 0.00188923
0 0.654688 0.623047 0.235156 0.485156 0.00147247
0 0.465723 0.453906 0.618555 0.757812 0.837402
1 0.463281 0.458203 0.605469 0.778906 0.138428
0 0.76875 0.471875 0.4625 0.859375 0.00453949
0 0.837891 0.467187 0.324219 0.859375 0.00311089
1 0.76875 0.471875 0.4625 0.859375 0.00268364
1 0.837891 0.467187 0.324219 0.859375 0.00185299
0 0.64375 0.647266 0.275 0.517969 0.00121593
0 0.702734 0.482031 0.394531 0.807813 0.00101185
0 0.463379 0.420703 0.60293 0.714844 0.815918
1 0.466016 0.419531 0.591406 0.710938 0.0607605
0 0.467285 0.816992 0.704492 0.366016 0.00264168
0 0.84707 0.469531 0.305859 0.742188 0.00258064
0 0.425781 0.769922 0.55625 0.460156 0.00213242
0 0.785156 0.471484 0.429688 0.728906 0.00211525
0 0.648438 0.64375 0.282813 0.54375 0.00143242
0 0.469141 0.722656 0.680469 0.554688 0.00133514
0 0.676562 0.776758 0.520312 0.446484 0.00132465
0 0.560547 0.865234 0.738281 0.269531 0.00123978
0 0.30293 0.792969 0.404297 0.414062 0.00122547
0 0.599121 0.812305 0.676758 0.375391 0.00112438
0 0.604688 0.51084 0.35 0.698633 0.00107288
0 0.240967 0.771484 0.346191 0.441406 0.00103188
0 0.604297 0.958594 0.549219 0.0828125 0.00102425
0 0.465234 0.469629 0.602344 0.798242 0.833984
1 0.469141 0.45 0.599219 0.757812 0.0766602
0 0.00462647 0.947656 0.00925293 0.104687 0.00342941
0 0.0046875 0.919531 0.009375 0.160938 0.00286674
0 0.627344 0.608203 0.2625 0.491406 0.00279045
1 0.627344 0.608203 0.2625 0.491406 0.00176811
0 0.00463867 0.04375 0.00927734 0.0875 0.00119686
1 0.00462647 0.947656 0.00925293 0.104687 0.00104809
0 0.459766 0.462598 0.616406 0.793555 0.88623
1 0.459766 0.462598 0.616406 0.793555 0.0385437
0 0.642187 0.635938 0.248437 0.423438 0.00279045
0 0.455859 0.581641 0.632812 0.532031 0.00227928
0 0.542578 0.6125 0.442969 0.46875 0.00148964
1 0.642187 0.635938 0.248437 0.423438 0.00123501
0 0.473437 0.462598 0.595312 0.788867 0.830566
1 0.478223 0.462598 0.612305 0.787305 0.104126
0 0.467969 0.459375 0.601562 0.775 0.816895
1 0.477734 0.448828 0.608594 0.767969 0.15564
0 0.632031 0.601953 0.264062 0.491406 0.00400543
1 0.632031 0.601953 0.264062 0.491406 0.00211525
0 0.647656 0.661328 0.239063 0.410156 0.00127888
0 0.594531 0.24375 0.34375 0.372656 0.00123501
0 0.566797 0.203955 0.395312 0.284277 0.00106907
0 0.463281 0.420703 0.603125 0.714844 0.816406
1 0.466016 0.419531 0.591406 0.710938 0.0600891
0 0.467187 0.816797 0.704687 0.366406 0.00263214
0 0.84707 0.469141 0.305859 0.742969 0.00261116
0 0.426172 0.769922 0.55625 0.460156 0.00215721
0 0.785742 0.471094 0.428516 0.729688 0.00211525
0 0.648438 0.64375 0.282813 0.54375 0.00142097
0 0.46875 0.722266 0.68125 0.555469 0.00134563
0 0.676172 0.776172 0.519531 0.447656 0.00132465
0 0.303125 0.792969 0.404687 0.414062 0.00123501
0 0.56084 0.864648 0.737695 0.270703 0.00121593
0 0.457129 0.876758 0.781055 0.246484 0.0011692
0 0.598828 0.812305 0.675781 0.375391 0.00112057
0 0.604688 0.510156 0.351562 0.7 0.00107765
0 0.240625 0.771094 0.346875 0.442187 0.00105286
0 0.604297 0.958594 0.547656 0.0828125 0.00100803
