1 0.321875 0.529297 0.3625 0.500781 0.577637
0 0.321924 0.527344 0.363965 0.504687 0.408203
1 0.485938 0.26543 0.291406 0.391016 0.0755615
1 0.0920898 0.278711 0.17832 0.470703 0.0600891
1 0.721094 0.482031 0.410937 0.875 0.0529175
1 0.0937744 0.440625 0.182764 0.84375 0.0476074
0 0.485938 0.26543 0.291406 0.391016 0.0382385
1 0.215625 0.161914 0.282813 0.311328 0.0195312
0 0.0920898 0.278711 0.17832 0.470703 0.00568771
0 0.682031 0.996094 0.220313 0.0078125 0.00547028
0 0.504687 0.996094 0.217187 0.0078125 0.00530243
0 0.63125 0.996094 0.220313 0.0078125 0.00518036
0 0.455859 0.996094 0.215625 0.0078125 0.00503922
0 0.554688 0.996094 0.21875 0.0078125 0.00502014
0 0.729297 0.996094 0.219531 0.0078125 0.00494385
0 0.405566 0.996094 0.216992 0.0078125 0.00457382
1 0.104321 0.703516 0.178857 0.352344 0.00418091
0 0.776367 0.996094 0.219141 0.0078125 0.00400543
0 0.721094 0.482031 0.410937 0.875 0.00344276
0 0.499219 0.962109 0.214062 0.0757812 0.00333786
1 0.646094 0.346875 0.439063 0.575 0.00332451
0 0.649219 0.961719 0.215625 0.0765625 0.00317192
0 0.448438 0.961719 0.214844 0.0765625 0.00309944
0 0.194922 0.166602 0.321875 0.321875 0.003088
0 0.548047 0.961719 0.217187 0.0765625 0.00305176
0 0.699219 0.961719 0.215625 0.0765625 0.00305176
1 0.397266 0.34668 0.446094 0.564453 0.00299263
0 0.598828 0.961719 0.217187 0.0765625 0.00296974
1 0.586328 0.283398 0.524219 0.439453 0.00282288
0 0.360938 0.996094 0.211719 0.0078125 0.00277901
1 0.705859 0.996094 0.219531 0.0078125 0.00276756
0 0.400684 0.960938 0.211133 0.078125 0.0027256
0 0.827344 0.996484 0.20625 0.00703125 0.00271416
1 0.657031 0.996094 0.220313 0.0078125 0.00261116
1 0.517578 0.733594 0.382812 0.38125 0.00257111
1 0.504687 0.996094 0.217187 0.0078125 0.00257111
1 0.508887 0.989844 0.700977 0.0203125 0.00253105
1 0.455859 0.996094 0.215625 0.0078125 0.00243378
1 0.753516 0.996094 0.221094 0.0078125 0.0024147
1 0.554688 0.996094 0.21875 0.0078125 0.00240517
1 0.0735352 0.459766 0.136719 0.758594 0.00239754
1 0.605469 0.996094 0.220313 0.0078125 0.00236893
0 0.896875 0.997266 0.2 0.00546875 0.00232315
0 0.084082 0.638281 0.144922 0.314063 0.00231361
0 0.0899658 0.428125 0.176709 0.821875 0.00228691
1 0.157617 0.410937 0.295312 0.803125 0.00227928
0 0.747656 0.961719 0.217187 0.0765625 0.00226974
1 0.801758 0.996094 0.212109 0.0078125 0.00224304
1 0.535156 0.78457 0.3625 0.280859 0.00218201
1 0.084082 0.638281 0.144922 0.314063 0.00216484
0 0.260547 0.996484 0.217969 0.00703125 0.00209999
1 0.405566 0.996094 0.216992 0.0078125 0.00209999
0 0.508887 0.989844 0.700977 0.0203125 0.00209999
0 0.243555 0.9625 0.193359 0.075 0.00205803
0 0.0855957 0.975781 0.171191 0.0484375 0.0020504
1 0.671777 0.693359 0.625195 0.466406 0.00201988
0 0.825781 0.960938 0.20625 0.078125 0.00191879
0 0.35 0.960938 0.214062 0.078125 0.00188923
0 0.633594 0.989453 0.65 0.0210938 0.00188255
1 0.633594 0.989453 0.65 0.0210938 0.00183868
1 0.280078 0.989844 0.560156 0.0203125 0.00176144
0 0.892187 0.960156 0.2 0.0796875 0.00175476
1 0.0719727 0.595312 0.128711 0.329688 0.00172043
0 0.646094 0.346875 0.439063 0.575 0.0017004
0 0.923437 0.998047 0.153125 0.00390625 0.0017004
0 0.312305 0.996094 0.224609 0.0078125 0.00169373
0 0.586328 0.283398 0.524219 0.439453 0.00164223
1 0.360938 0.996094 0.211719 0.0078125 0.00161076
1 0.851562 0.996484 0.210938 0.00703125 0.00158501
1 0.183398 0.979297 0.366797 0.0414063 0.00157356
1 0.181055 0.191211 0.346484 0.373047 0.00154877
0 0.971875 0.961719 0.05625 0.0765625 0.00152493
1 0.438672 0.7875 0.500781 0.275 0.0015192
0 0.740625 0.990234 0.429688 0.0195312 0.00151253
0 0.355664 0.990234 0.626172 0.0195312 0.0014782
0 0.0173828 0.106738 0.0347656 0.213477 0.00147247
1 0.244531 0.832812 0.0929687 0.121875 0.00143814
0 0.541406 0.382812 0.127344 0.15625 0.00141048
1 0.740625 0.990234 0.429688 0.0195312 0.00140476
1 0.290039 0.996484 0.224609 0.00703125 0.00138855
1 0.923437 0.998047 0.153125 0.00390625 0.00138283
1 0.674609 0.961719 0.216406 0.0765625 0.00135612
1 0.499219 0.962109 0.214062 0.0757812 0.00135612
1 0.309766 0.65625 0.360156 0.270312 0.00134563
0 0.183398 0.979297 0.366797 0.0414063 0.00134087
1 0.119727 0.210352 0.226562 0.391797 0.00134087
0 0.158594 0.996875 0.216016 0.00625 0.00133514
1 0.723437 0.961719 0.215625 0.0765625 0.00130463
1 0.504297 0.250781 0.378906 0.453125 0.00129986
1 0.118457 0.796875 0.211133 0.259375 0.00127411
0 0.0719727 0.595312 0.128711 0.329688 0.00125504
0 0.0777344 0.959766 0.155469 0.0804688 0.00125504
1 0.448438 0.961719 0.214844 0.0765625 0.00124931
0 0.209375 0.996484 0.217969 0.00703125 0.00124454
0 0.2375 0.988281 0.475 0.0234375 0.00123501
0 0.81875 0.991406 0.320312 0.0171875 0.00122547
1 0.896875 0.997266 0.2 0.00546875 0.00122547
1 0.623438 0.961719 0.217187 0.0765625 0.00121117
0 0.923437 0.9625 0.153125 0.075 0.0012064
1 0.548047 0.961719 0.217187 0.0765625 0.00118828
1 0.0173828 0.106738 0.0347656 0.213477 0.0011692
0 0.952344 0.998438 0.0953125 0.003125 0.00116539
0 0.504297 0.250781 0.378906 0.453125 0.00116062
1 0.271875 0.964844 0.198828 0.0703125 0.00116062
1 0.947656 0.134473 0.104687 0.268945 0.00115585
1 0.250586 0.851562 0.0980469 0.145313 0.00115585
0 0.301758 0.964844 0.210547 0.0703125 0.0011425
1 0.773438 0.961719 0.21875 0.0765625 0.00112438
1 0.81875 0.991406 0.320312 0.0171875 0.0011158
1 0.416016 0.739844 0.530469 0.36875 0.00110722
0 0.1 0.991406 0.2 0.0171875 0.00109863
1 0.377246 0.960938 0.208008 0.078125 0.00109482
1 0.482031 0.487891 0.483594 0.858594 0.00109005
0 0.947656 0.134473 0.104687 0.268945 0.00108147
0 0.397266 0.34668 0.446094 0.564453 0.00108147
1 0.15625 0.8625 0.138281 0.121875 0.00107288
1 0.0923828 0.341602 0.184766 0.544922 0.00107288
1 0.142578 0.748047 0.250781 0.352344 0.00105667
0 0.867383 0.990625 0.255859 0.01875 0.00105286
0 0.104321 0.703516 0.178857 0.352344 0.00104809
1 0.326562 0.0612305 0.197656 0.119727 0.00102806
0 0.00219727 0.915234 0.00439453 0.169531 0.00102425
1 0.825781 0.960938 0.20625 0.078125 0.00102425
0 0.172852 0.961719 0.208984 0.0765625 0.00100422
0 0.314258 0.528809 0.355859 0.498633 0.633301
1 0.313721 0.532129 0.369434 0.504492 0.532227
0 0.412109 0.2 0.145313 0.20625 0.196777
0 0.275391 0.136426 0.125781 0.123242 0.0847778
0 0.378906 0.0646973 0.229687 0.12002 0.0352783
0 0.0248779 0.236377 0.0497559 0.285059 0.0346069
0 0.475391 0.198242 0.278125 0.222266 0.0324707
0 0.0276367 0.224414 0.0552734 0.222656 0.0204926
0 0.272266 0.189648 0.13125 0.216797 0.0123825
1 0.475391 0.198242 0.278125 0.222266 0.0115509
0 0.0275635 0.0994141 0.055127 0.198828 0.0102463
0 0.0418457 0.0910156 0.0836914 0.182031 0.008255
1 0.412109 0.2 0.145313 0.20625 0.00818634
1 0.275391 0.136426 0.125781 0.123242 0.00717545
0 0.659375 0.151562 0.0796875 0.065625 0.0069046
1 0.378906 0.0646973 0.229687 0.12002 0.005867
1 0.218945 0.192969 0.255859 0.236719 0.00534439
0 0.199414 0.225391 0.134766 0.160547 0.0051384
0 0.286523 0.152539 0.0769531 0.0773437 0.00484848
0 0.584375 0.0644531 0.1 0.125 0.00468063
1 0.0248779 0.236377 0.0497559 0.285059 0.00460815
0 0.0095459 0.119434 0.0190918 0.238867 0.00407028
0 0.0197754 0.133398 0.0395508 0.266797 0.00402451
0 0.218945 0.192969 0.255859 0.236719 0.00376511
0 0.529688 0.367773 0.19375 0.198828 0.00332451
1 0.0276367 0.224414 0.0552734 0.222656 0.00265312
0 0.485547 0.253467 0.292188 0.329004 0.00256157
0 0.550781 0.25293 0.157813 0.216016 0.00251198
0 0.674219 0.156836 0.142188 0.0699219 0.00232315
1 0.485547 0.253467 0.292188 0.329004 0.00203514
0 0.0358643 0.803906 0.0717285 0.270312 0.00198746
0 0.286719 0.14707 0.0992187 0.0925781 0.00181007
1 0.52666 0.586328 0.73418 0.683594 0.00178909
0 0.0575195 0.0935547 0.114258 0.187109 0.00173378
0 0.0269287 0.155762 0.0538574 0.311523 0.00162315
0 0.01875 0.639844 0.0375 0.309375 0.00157356
0 0.548437 0.378125 0.142188 0.1875 0.00156116
1 0.0275635 0.0994141 0.055127 0.198828 0.0014782
1 0.272266 0.189648 0.13125 0.216797 0.00144958
0 0.692969 0.186328 0.160938 0.121094 0.00144386
0 0.0515137 0.960938 0.103027 0.075 0.00137234
1 0.208398 0.162402 0.262891 0.319336 0.00121593
0 0.287109 0.673437 0.065625 0.075 0.00121593
0 0.653906 0.147266 0.0609375 0.0660156 0.00121117
0 0.233008 0.102441 0.219922 0.204492 0.00119686
0 0.444531 0.239063 0.110937 0.125 0.00102425
1 0.0418457 0.0910156 0.0836914 0.182031 0.00101662
0 0.0313477 0.102734 0.0626953 0.13125 0.00100803
1 0.318359 0.544531 0.360938 0.496875 0.744629
1 0.729688 0.477734 0.535937 0.921094 0.629883
0 0.318359 0.544531 0.360938 0.496875 0.0552063
1 0.483203 0.221094 0.288281 0.258594 0.0292053
1 0.224268 0.151758 0.263965 0.284766 0.0235138
0 0.413281 0.198242 0.153906 0.201562 0.011116
0 0.483203 0.221094 0.288281 0.258594 0.0103302
0 0.729688 0.477734 0.535937 0.921094 0.0049057
0 0.373242 0.0652344 0.199609 0.126953 0.00468063
1 0.171484 0.166016 0.340625 0.314844 0.00413513
1 0.349609 0.100415 0.521094 0.192139 0.00380898
1 0.173438 0.246484 0.341406 0.469531 0.00319672
1 0.925 0.103125 0.146875 0.20625 0.00279999
1 0.373242 0.0652344 0.199609 0.126953 0.00263214
0 0.922656 0.0956787 0.154687 0.185986 0.00248146
1 0.191602 0.365234 0.382422 0.713281 0.00230598
1 0.375 0.0731445 0.5375 0.138867 0.00225258
1 0.367969 0.155859 0.41875 0.277734 0.00223351
1 0.413281 0.198242 0.153906 0.201562 0.00195694
0 0.345313 0.832031 0.165625 0.184375 0.00194931
1 0.405859 0.0631348 0.424219 0.120605 0.00165462
0 0.935938 0.0812744 0.128125 0.15542 0.00162315
1 0.417578 0.0292725 0.383594 0.0585449 0.0012598
1 0.314844 0.408984 0.330469 0.239063 0.00123501
1 0.345313 0.832031 0.165625 0.184375 0.00123501
1 0.739844 0.335938 0.520312 0.655469 0.00112438
0 0.0419922 0.98125 0.0839844 0.0375 0.00104046
0 0.319336 0.533594 0.353516 0.495313 0.89209
0 0.484766 0.199805 0.285156 0.218359 0.580566
0 0.49375 0.265576 0.276563 0.340723 0.458008
0 0.547656 0.265039 0.170312 0.346484 0.223389
1 0.32168 0.532422 0.354297 0.511719 0.11615
0 0.444141 0.195508 0.214844 0.211328 0.0761108
1 0.49375 0.265576 0.276563 0.340723 0.0475159
1 0.733203 0.477344 0.533594 0.860937 0.0387573
1 0.547656 0.265039 0.170312 0.346484 0.0321655
1 0.48125 0.202002 0.276563 0.221777 0.0311432
0 0.32168 0.421191 0.342578 0.276367 0.0133286
1 0.213867 0.153516 0.262109 0.297656 0.00536346
0 0.227344 0.151758 0.230859 0.283594 0.00457382
0 0.461328 0.121777 0.152344 0.0667969 0.00403976
1 0.421484 0.196094 0.1625 0.203125 0.00382423
0 0.420703 0.196094 0.158594 0.194531 0.00279999
0 0.383496 0.05625 0.187695 0.108203 0.00260162
0 0.345703 0.0722656 0.189063 0.121094 0.00110722
0 0.0361328 0.967188 0.0429688 0.065625 0.00106907
0 0.309033 0.653125 0.328027 0.267188 0.00104427
0 0.317383 0.534473 0.365234 0.507617 0.904297
0 0.480371 0.282764 0.29707 0.381348 0.653809
0 0.539844 0.287891 0.1875 0.361719 0.105774
1 0.478906 0.286523 0.296094 0.389453 0.0970459
1 0.31875 0.542188 0.360156 0.495313 0.0420837
1 0.539844 0.287891 0.1875 0.361719 0.00703812
0 0.478809 0.223486 0.292383 0.263184 0.00553513
0 0.416016 0.200049 0.151562 0.20459 0.00300407
0 0.366406 0.0614258 0.178906 0.122852 0.00237846
0 0.761328 0.494141 0.477344 0.836719 0.00215721
1 0.926562 0.109961 0.146875 0.219922 0.00176811
1 0.478809 0.223486 0.292383 0.263184 0.0015192
0 0.316602 0.538281 0.371484 0.507812 0.754883
0 0.492969 0.278906 0.307031 0.370313 0.388672
1 0.317383 0.538281 0.371484 0.509375 0.283691
0 0.487891 0.208252 0.302344 0.230371 0.187744
0 0.550781 0.275732 0.19375 0.36416 0.185303
1 0.492969 0.278906 0.307031 0.370313 0.0375977
1 0.550781 0.275732 0.19375 0.36416 0.036499
1 0.749609 0.496094 0.500781 0.792188 0.0292053
1 0.487891 0.208252 0.302344 0.230371 0.0136871
0 0.386719 0.0609375 0.203125 0.113281 0.00926971
1 0.772266 0.736328 0.455469 0.366406 0.00595856
1 0.690625 0.729688 0.61875 0.379687 0.00317192
1 0.843359 0.745313 0.313281 0.35 0.00171375
0 0.228467 0.146973 0.265723 0.291992 0.00154877
0 0.417871 0.0523437 0.261133 0.0921875 0.0014782
1 0.909375 0.520703 0.18125 0.346094 0.00145531
1 0.772266 0.378516 0.455469 0.6375 0.00134563
0 0.758203 0.486328 0.483594 0.799219 0.0012846
0 0.559766 0.309766 0.154687 0.317969 0.00117397
1 0.230859 0.149316 0.25625 0.29707 0.00105667
0 0.319531 0.532031 0.371094 0.498437 0.813965
0 0.484766 0.217383 0.289844 0.247266 0.418701
0 0.484766 0.282031 0.296094 0.376563 0.384033
1 0.484766 0.282031 0.296094 0.376563 0.189575
1 0.484766 0.217383 0.289844 0.247266 0.133423
1 0.319922 0.532129 0.371094 0.499805 0.0762939
1 0.769531 0.485547 0.460938 0.689844 0.00828552
1 0.73125 0.469141 0.403125 0.532031 0.00695801
1 0.697656 0.414062 0.285937 0.325781 0.00669098
1 0.663672 0.371094 0.313281 0.407813 0.00651169
1 0.773047 0.425 0.453906 0.471875 0.00511932
0 0.553027 0.0538086 0.64082 0.107617 0.00432968
1 0.594141 0.0506836 0.664844 0.101367 0.00358009
0 0.383984 0.0611328 0.191406 0.119141 0.00342941
1 0.213672 0.149023 0.298047 0.298047 0.00319672
1 0.9 0.552734 0.2 0.396094 0.00292397
0 0.284766 0.671094 0.0515625 0.06875 0.00273705
0 0.658984 0.152637 0.0609375 0.0599609 0.00271416
0 0.433594 0.20293 0.189063 0.195703 0.00269318
1 0.469922 0.0566406 0.728906 0.113281 0.00234985
1 0.573047 0.336719 0.464844 0.475 0.00216484
0 0.282813 0.154492 0.0570313 0.0617188 0.00209999
0 0.0326172 0.964063 0.0519531 0.0625 0.00208282
1 0.816602 0.506641 0.366797 0.425781 0.00194168
0 0.519531 0.232373 0.215625 0.275098 0.00192642
1 0.871875 0.520215 0.25 0.383008 0.0018177
0 0.213672 0.149023 0.298047 0.298047 0.00169373
0 0.326123 0.398828 0.344629 0.230469 0.00145531
1 0.383984 0.0611328 0.191406 0.119141 0.00125504
1 0.920703 0.587891 0.158594 0.475781 0.00123978
1 0.440625 0.65625 0.517969 0.534375 0.00116062
0 0.663672 0.371094 0.313281 0.407813 0.00115108
1 0.518066 0.739062 0.318555 0.371875 0.00112057
1 0.93125 0.119141 0.134375 0.238281 0.00107765
1 0.304102 0.101953 0.483984 0.203906 0.00107765
1 0.775 0.341016 0.45 0.446875 0.00102043
0 0.319531 0.533984 0.371875 0.500781 0.799316
0 0.48291 0.277686 0.299805 0.369629 0.246582
0 0.482422 0.22168 0.3 0.259766 0.15979
1 0.319482 0.537891 0.373535 0.503906 0.131348
1 0.486719 0.28125 0.295312 0.375781 0.0704346
1 0.482422 0.22168 0.3 0.259766 0.00912476
0 0.552734 0.370117 0.152344 0.226172 0.00247192
0 0.431934 0.200195 0.192383 0.202734 0.00168705
0 0.360938 0.397656 0.310937 0.258594 0.00140476
1 0.740625 0.485547 0.478125 0.819531 0.0011158
0 0.316846 0.532812 0.364746 0.503125 0.834473
0 0.488184 0.28418 0.295508 0.381641 0.394287
1 0.314258 0.533594 0.363672 0.509375 0.0608521
1 0.488184 0.28418 0.295508 0.381641 0.0502319
0 0.0330566 0.967188 0.0444336 0.065625 0.00815582
1 0.739844 0.497656 0.520312 0.864062 0.00346947
0 0.656641 0.153516 0.0523437 0.059375 0.00319672
0 0.739844 0.497656 0.520312 0.864062 0.00214005
0 0.467187 0.186719 0.258594 0.196875 0.00200272
0 0.305127 0.686719 0.33584 0.209375 0.00111198
0 0.314795 0.536035 0.359473 0.501367 0.791992
0 0.5125 0.281445 0.232812 0.367578 0.480469
1 0.316797 0.538672 0.361719 0.500781 0.117798
1 0.5125 0.281445 0.232812 0.367578 0.112793
0 0.550781 0.333203 0.151562 0.275781 0.0202484
0 0.407422 0.19707 0.147656 0.194922 0.011467
0 0.548437 0.28125 0.170312 0.384375 0.00775528
0 0.477734 0.248633 0.288281 0.319922 0.00677109
1 0.550781 0.333203 0.151562 0.275781 0.00521851
1 0.752734 0.463281 0.472656 0.848437 0.00508118
1 0.548437 0.28125 0.170312 0.384375 0.00317192
1 0.477734 0.248633 0.288281 0.319922 0.00162315
0 0.433984 0.192139 0.197656 0.203223 0.00144958
0 0.384277 0.0615234 0.179883 0.121094 0.00137806
0 0.316846 0.532812 0.364746 0.503125 0.834473
0 0.488281 0.28418 0.296094 0.381641 0.393311
1 0.314258 0.533203 0.363672 0.508594 0.0609741
1 0.488281 0.28418 0.296094 0.381641 0.0501404
0 0.0330566 0.967188 0.0444336 0.065625 0.00812531
1 0.739844 0.497656 0.520312 0.864062 0.00342941
0 0.656641 0.153516 0.0523437 0.059375 0.00318527
0 0.739844 0.497656 0.520312 0.864062 0.00211525
0 0.467187 0.18667 0.258594 0.196973 0.00198746
0 0.305127 0.686719 0.33584 0.209375 0.00111198
