1 0.603125 0.6375 0.603125 0.46875 0.690918
1 0.186133 0.450391 0.371484 0.796094 0.23584
1 0.183398 0.324805 0.366797 0.553516 0.192505
1 0.510059 0.651563 0.411133 0.435937 0.185669
0 0.603125 0.6375 0.603125 0.46875 0.078064
1 0.304102 0.863477 0.316797 0.273047 0.0387573
0 0.304102 0.863477 0.316797 0.273047 0.0233307
0 0.510059 0.651563 0.411133 0.435937 0.0184326
0 0.183398 0.324805 0.366797 0.553516 0.0146713
0 0.186133 0.450391 0.371484 0.796094 0.0115967
0 0.0437378 0.886719 0.085376 0.214062 0.0115051
0 0.0392456 0.845312 0.0769775 0.309375 0.00800323
1 0.0437378 0.886719 0.085376 0.214062 0.00728989
1 0.60166 0.471484 0.568555 0.860156 0.00658798
0 0.913281 0.451465 0.173438 0.161133 0.00579834
1 0.913281 0.451465 0.173438 0.161133 0.0050621
0 0.932813 0.461328 0.123438 0.135156 0.00486755
0 0.0743652 0.996484 0.14873 0.00703125 0.00413513
1 0.932813 0.461328 0.123438 0.135156 0.0039444
0 0.0451172 0.922656 0.0902344 0.154687 0.00379562
1 0.0370605 0.813281 0.0741211 0.359375 0.00342941
0 0.910937 0.996484 0.178125 0.00703125 0.00327301
0 0.0370605 0.813281 0.0741211 0.359375 0.00318527
1 0.855273 0.796094 0.289453 0.34375 0.00292397
1 0.692187 0.4625 0.54375 0.83125 0.00282288
1 0.305518 0.992188 0.340527 0.015625 0.00277901
1 0.583984 0.990234 0.810156 0.0195312 0.00274658
1 0.0392456 0.845312 0.0769775 0.309375 0.00261116
1 0.117969 0.342969 0.230469 0.535937 0.00257111
1 0.489941 0.842969 0.723242 0.314063 0.00253105
0 0.857813 0.83418 0.284375 0.278516 0.00228691
1 0.0292236 0.738672 0.0584473 0.322656 0.00228691
0 0.439844 0.777344 0.19375 0.157813 0.0019722
1 0.0451172 0.922656 0.0902344 0.154687 0.0019722
0 0.870117 0.996094 0.216016 0.0078125 0.00194931
0 0.0432617 0.867188 0.0865234 0.265625 0.00194931
0 0.0292236 0.738672 0.0584473 0.322656 0.00192642
1 0.0432617 0.867188 0.0865234 0.265625 0.00184631
1 0.0812988 0.996094 0.162598 0.0078125 0.00177479
1 0.935547 0.790625 0.128906 0.326562 0.0017004
1 0.0517578 0.980859 0.103516 0.0382813 0.00168705
1 0.384766 0.990625 0.503906 0.01875 0.00166798
1 0.439844 0.777344 0.19375 0.157813 0.00162888
0 0.305518 0.992188 0.340527 0.015625 0.00162888
0 0.157422 0.651563 0.295312 0.428125 0.00157356
1 0.467578 0.457812 0.627344 0.8375 0.00152493
1 0.936719 0.455371 0.126563 0.217383 0.00152493
1 0.923437 0.996484 0.153125 0.00703125 0.0015192
0 0.689453 0.990625 0.610156 0.01875 0.00147247
0 0.136719 0.316406 0.269141 0.474219 0.00146103
1 0.157422 0.651563 0.295312 0.428125 0.00145531
1 0.948438 0.526953 0.103125 0.328906 0.00145531
1 0.721875 0.990625 0.504687 0.01875 0.00144386
0 0.960938 0.638281 0.078125 0.140625 0.00142097
0 0.872852 0.1875 0.254297 0.374609 0.00142097
1 0.229102 0.650391 0.105078 0.100781 0.00140476
0 0.0517578 0.980859 0.103516 0.0382813 0.00136185
0 0.971094 0.977344 0.0578125 0.0453125 0.00135612
0 0.00233154 0.881836 0.00466309 0.236328 0.00133514
0 0.00258789 0.9125 0.00517578 0.175 0.00132465
1 0.684766 0.626562 0.485156 0.439063 0.00129986
0 0.936719 0.455371 0.126563 0.217383 0.0012846
0 0.516406 0.849609 0.789062 0.300781 0.00127411
0 0.934375 0.996875 0.13125 0.00625 0.0012598
0 0.605859 0.471484 0.435156 0.892969 0.00123501
0 0.0955322 0.996484 0.185498 0.00703125 0.00122547
0 0.0333008 0.816016 0.0666016 0.367969 0.00122547
1 0.136328 0.156836 0.251172 0.313672 0.00119686
0 0.951563 0.997656 0.096875 0.0046875 0.00118828
0 0.0378906 0.928125 0.0757812 0.14375 0.00118828
1 0.11377 0.11416 0.206055 0.22832 0.0011692
0 0.948438 0.526953 0.103125 0.328906 0.0011692
1 0.134766 0.232422 0.260156 0.464844 0.00116539
1 0.175195 0.250781 0.346484 0.426562 0.0011425
1 0.108691 0.485938 0.210352 0.801562 0.00110722
0 0.959375 0.614062 0.08125 0.439063 0.00110722
1 0.872852 0.1875 0.254297 0.374609 0.0011034
1 0.593066 0.928125 0.795117 0.14375 0.0011034
0 0.0242187 0.101367 0.0484375 0.202734 0.00109863
1 0.314844 0.992578 0.467969 0.0148437 0.00108147
0 0.138281 0.696484 0.241406 0.336719 0.00107288
1 0.4 0.781055 0.273438 0.153516 0.00105667
0 0.961719 0.6 0.0765625 0.207813 0.00104809
1 0.0665039 0.997656 0.133008 0.0046875 0.00104809
0 0.953906 0.679688 0.0921875 0.417188 0.00104427
0 0.314844 0.992578 0.467969 0.0148437 0.00102425
1 0.465625 0.78125 0.673437 0.4375 0.00101662
0 0.919531 0.965625 0.160938 0.06875 0.00101662
1 0.9625 0.571973 0.075 0.40293 0.00101662
1 0.445703 0.686719 0.314844 0.385938 0.00101662
0 0.73125 0.991406 0.415625 0.0171875 0.00100803
1 0.602734 0.641406 0.619531 0.420312 0.773926
0 0.602246 0.640234 0.620508 0.421094 0.092041
0 0.306641 0.88125 0.321094 0.23125 0.0417786
0 0.936719 0.774219 0.126563 0.171875 0.0175781
0 0.901563 0.450391 0.1875 0.154687 0.0106506
0 0.459375 0.814062 0.271094 0.075 0.00926971
0 0.879492 0.875 0.237891 0.15625 0.00891876
1 0.311523 0.879687 0.325391 0.235938 0.00871277
0 0.416797 0.766016 0.153906 0.130469 0.00327301
0 0.503906 0.796875 0.114063 0.03125 0.00234222
0 0.511719 0.799219 0.100781 0.046875 0.00232315
0 0.497656 0.798437 0.0992187 0.040625 0.00225258
1 0.857617 0.883594 0.281641 0.154687 0.0020752
0 0.908984 0.587109 0.182031 0.428906 0.00204277
1 0.511328 0.660156 0.414844 0.3875 0.00176811
1 0.459375 0.814062 0.271094 0.075 0.00171375
0 0.511328 0.660156 0.414844 0.3875 0.00163555
0 0.84375 0.885938 0.29375 0.153125 0.00143814
0 0.905859 0.482812 0.188281 0.214062 0.00137806
1 0.908984 0.587109 0.182031 0.428906 0.00136662
0 0.885156 0.195703 0.229687 0.391406 0.00110722
0 0.430566 0.767969 0.22793 0.129688 0.00110722
0 0.407031 0.823438 0.413281 0.096875 0.00108624
0 0.17998 0.518359 0.359961 0.930469 0.00108147
0 0.497656 0.805469 0.114063 0.0515625 0.00102425
1 0.617969 0.663281 0.607813 0.4125 0.592773
0 0.614844 0.663672 0.598437 0.411719 0.125732
1 0.29707 0.485547 0.567578 0.907031 0.00985718
0 0.964063 0.576563 0.071875 0.217187 0.00723267
0 0.938281 0.776563 0.123438 0.157813 0.00664139
0 0.727734 0.656641 0.408594 0.416406 0.00421524
0 0.907812 0.453906 0.184375 0.164062 0.00388527
1 0.729297 0.655469 0.408594 0.40625 0.00266266
1 0.907812 0.453906 0.184375 0.164062 0.00219917
1 0.964063 0.576563 0.071875 0.217187 0.00211525
0 0.0556641 0.983984 0.111328 0.0320312 0.00103188
1 0.938281 0.776563 0.123438 0.157813 0.00102425
0 0.960938 0.104199 0.078125 0.196289 0.00102043
0 0.615625 0.650391 0.604688 0.414844 0.881836
0 0.60166 0.583203 0.629492 0.280469 0.290283
1 0.612109 0.65 0.608594 0.4125 0.0682983
1 0.60166 0.583203 0.629492 0.280469 0.0257568
0 0.902344 0.452344 0.190625 0.148438 0.0256653
0 0.888281 0.873438 0.221875 0.15 0.0149536
1 0.428027 0.773438 0.208008 0.153125 0.00723267
1 0.902344 0.452344 0.190625 0.148438 0.00341606
0 0.428027 0.773438 0.208008 0.153125 0.00318527
0 0.541309 0.673828 0.45957 0.374219 0.00317192
0 0.559473 0.729297 0.495117 0.261719 0.00311089
0 0.475391 0.7375 0.328125 0.245312 0.00296974
0 0.478125 0.423828 0.95625 0.767969 0.00208282
1 0.478125 0.423828 0.95625 0.767969 0.00175476
0 0.45625 0.691016 0.294531 0.335156 0.00151253
0 0.337549 0.875 0.374902 0.25 0.00135612
0 0.495703 0.798437 0.065625 0.053125 0.00129414
1 0.888281 0.873438 0.221875 0.15 0.00123501
0 0.876562 0.848242 0.24375 0.212891 0.00117874
0 0.64375 0.651563 0.679688 0.426562 0.888184
0 0.330518 0.882812 0.39834 0.23125 0.0609741
1 0.632031 0.646484 0.642187 0.438281 0.0386047
0 0.436035 0.7875 0.256055 0.14375 0.0311432
0 0.451953 0.808594 0.307031 0.104687 0.026062
0 0.427344 0.772656 0.205469 0.154687 0.0149536
0 0.436816 0.817969 0.251367 0.0859375 0.0110703
1 0.427344 0.772656 0.205469 0.154687 0.0050621
1 0.436035 0.7875 0.256055 0.14375 0.00429916
0 0.892187 0.451953 0.209375 0.154687 0.00405502
0 0.4875 0.807813 0.05625 0.0703125 0.00363541
0 0.484375 0.807031 0.0390625 0.0671875 0.00331116
1 0.451953 0.808594 0.307031 0.104687 0.00288963
0 0.116016 0.975 0.0617188 0.05 0.00235939
0 0.934375 0.455078 0.125 0.153125 0.00165462
1 0.892187 0.451953 0.209375 0.154687 0.00162315
0 0.11709 0.227148 0.233008 0.353516 0.00156689
1 0.32207 0.8875 0.376172 0.225 0.0015192
0 0.864062 0.202539 0.271875 0.405078 0.00150108
1 0.864062 0.202539 0.271875 0.405078 0.00145531
0 0.172656 0.226904 0.340625 0.367285 0.00141048
1 0.436816 0.817969 0.251367 0.0859375 0.00138855
0 0.442969 0.660156 0.273438 0.398438 0.00109005
0 0.485938 0.795313 0.0539063 0.0765625 0.00104046
0 0.621484 0.655859 0.630469 0.414844 0.910645
0 0.857422 0.192139 0.285156 0.375098 0.0214539
0 0.443066 0.814844 0.223242 0.0953125 0.0105667
1 0.621484 0.654688 0.638281 0.428125 0.00763702
0 0.501562 0.801758 0.075 0.0652344 0.00754929
0 0.207031 0.446875 0.40625 0.839063 0.00677109
0 0.90625 0.455469 0.1875 0.160938 0.00591278
0 0.214062 0.319531 0.414062 0.575 0.00526047
0 0.210547 0.237891 0.411719 0.408594 0.00428009
1 0.857422 0.192139 0.285156 0.375098 0.00397491
0 0.482031 0.801562 0.0421875 0.059375 0.00367928
0 0.766797 0.155859 0.466406 0.297656 0.00363541
0 0.2125 0.169141 0.407031 0.279687 0.00318527
0 0.489844 0.807813 0.0609375 0.059375 0.00294685
0 0.439941 0.796094 0.22168 0.13125 0.00273705
1 0.207031 0.446875 0.40625 0.839063 0.00236893
0 0.496875 0.816406 0.0890625 0.075 0.00176811
1 0.90625 0.455469 0.1875 0.160938 0.00147247
0 0.333984 0.874805 0.410156 0.250391 0.00141048
1 0.214062 0.319531 0.414062 0.575 0.00136185
0 0.479688 0.791406 0.0375 0.065625 0.00122547
0 0.505859 0.79043 0.0726563 0.0753906 0.0011692
0 0.935156 0.456641 0.129688 0.153906 0.00113392
1 0.766797 0.155859 0.466406 0.297656 0.00111198
1 0.210547 0.237891 0.411719 0.408594 0.00109863
1 0.2125 0.169141 0.407031 0.279687 0.00105667
0 0.616016 0.649219 0.616406 0.428125 0.858398
1 0.616016 0.65 0.617969 0.428125 0.0610962
0 0.492969 0.799219 0.0640625 0.0546875 0.0148392
0 0.942187 0.454688 0.1125 0.145313 0.0135345
0 0.485156 0.786719 0.046875 0.05 0.00784302
0 0.435059 0.775781 0.229883 0.157813 0.00631332
0 0.503125 0.789844 0.0695312 0.0671875 0.00626373
0 0.882617 0.884375 0.225391 0.135937 0.00582123
0 0.921094 0.451465 0.154687 0.15332 0.00518036
0 0.503516 0.801367 0.078125 0.0535156 0.00503922
1 0.938281 0.452344 0.120312 0.15 0.00471878
1 0.856445 0.176172 0.287109 0.352344 0.00424957
0 0.43584 0.802344 0.250195 0.107813 0.00356483
0 0.856445 0.176172 0.287109 0.352344 0.00269318
0 0.336914 0.886914 0.423047 0.226172 0.0026722
1 0.435059 0.775781 0.229883 0.157813 0.00192642
1 0.847656 0.127148 0.296875 0.254297 0.00173378
0 0.0654785 0.335938 0.122168 0.125 0.00135612
0 0.114844 0.972266 0.0625 0.0554687 0.00134563
0 0.847656 0.127148 0.296875 0.254297 0.0012064
1 0.220313 0.286133 0.415625 0.519141 0.00113392
1 0.336914 0.886914 0.423047 0.226172 0.0011158
0 0.619922 0.651953 0.619531 0.428906 0.782715
1 0.623828 0.651172 0.608594 0.430469 0.230225
1 0.210938 0.433984 0.410156 0.825781 0.0049057
0 0.441406 0.799219 0.249219 0.125 0.00402451
1 0.186719 0.340625 0.368359 0.617188 0.00153065
0 0.434277 0.774609 0.242383 0.167969 0.0015192
0 0.936719 0.453906 0.126563 0.15625 0.00145531
0 0.320117 0.883594 0.383203 0.229687 0.00141048
1 0.152246 0.166016 0.297852 0.25 0.00102043
0 0.61709 0.652734 0.61582 0.422656 0.900879
0 0.940234 0.456641 0.119531 0.140625 0.025177
1 0.61709 0.652734 0.61582 0.422656 0.0102463
0 0.339404 0.881445 0.396973 0.237109 0.00757599
0 0.446094 0.785156 0.234375 0.153125 0.00530243
0 0.489844 0.813281 0.15 0.059375 0.00385475
0 0.497266 0.804688 0.0765625 0.05625 0.00355148
0 0.955469 0.0927979 0.0859375 0.174561 0.00223351
1 0.940234 0.456641 0.119531 0.140625 0.00192642
0 0.450879 0.802344 0.263867 0.115625 0.00148392
0 0.494141 0.792188 0.0664062 0.0609375 0.0012207
0 0.617969 0.653125 0.617188 0.423438 0.847168
1 0.615625 0.654688 0.61875 0.420312 0.169678
0 0.324805 0.88125 0.384766 0.235938 0.00971222
1 0.223828 0.427734 0.439844 0.803906 0.00301552
1 0.332812 0.883594 0.40625 0.232812 0.00175476
0 0.223828 0.427734 0.439844 0.803906 0.0015974
0 0.61709 0.652734 0.61582 0.422656 0.901367
0 0.940234 0.456641 0.119531 0.140625 0.0247955
1 0.61709 0.652734 0.61582 0.422656 0.0102081
0 0.339404 0.881445 0.396973 0.237109 0.00748825
0 0.446094 0.785156 0.234375 0.153125 0.00526047
0 0.489844 0.813281 0.150781 0.059375 0.00379562
0 0.497656 0.804688 0.0765625 0.05625 0.00353813
0 0.955469 0.0927734 0.0859375 0.174609 0.00223351
1 0.940234 0.456641 0.119531 0.140625 0.00191212
0 0.450879 0.802344 0.263867 0.115625 0.00146675
0 0.494141 0.792188 0.0664062 0.0609375 0.00121593
