0 0.458203 0.534766 0.702344 0.802344 0.82373
1 0.787695 0.139453 0.418359 0.263281 0.279785
1 0.457422 0.530469 0.700781 0.8125 0.212769
0 0.773438 0.140039 0.445312 0.265625 0.0680542
0 0.330469 0.533496 0.435156 0.789258 0.041626
0 0.903906 0.579687 0.192188 0.671875 0.00438309
1 0.761719 0.249805 0.467187 0.480859 0.00321007
0 0.53125 0.46084 0.559375 0.583008 0.00253105
0 0.134961 0.173828 0.267578 0.347656 0.00240517
0 0.902344 0.453125 0.195312 0.548437 0.00223351
0 0.788281 0.767578 0.423438 0.453906 0.0019722
0 0.525684 0.631641 0.567383 0.599219 0.00191212
0 0.451172 0.996094 0.215625 0.0078125 0.00183868
0 0.0624023 0.508203 0.113086 0.830469 0.00176811
0 0.920703 0.995703 0.158594 0.00859375 0.00176811
0 0.0999023 0.202148 0.19082 0.398828 0.00173378
1 0.903906 0.579687 0.192188 0.671875 0.00162888
0 0.564453 0.354688 0.489844 0.423438 0.00162888
0 0.400879 0.995703 0.213867 0.00859375 0.00160408
0 0.501953 0.996094 0.214844 0.0078125 0.0015974
0 0.0815918 0.996094 0.163184 0.0078125 0.00157928
0 0.26543 0.477734 0.307422 0.608594 0.00155449
0 0.299219 0.995703 0.220313 0.00859375 0.00153637
0 0.579687 0.995703 0.217187 0.00859375 0.00149536
0 0.348828 0.996094 0.217187 0.0078125 0.00143242
0 0.249658 0.995703 0.220215 0.00859375 0.00134563
0 0.628906 0.995703 0.215625 0.00859375 0.00134087
1 0.330469 0.533496 0.435156 0.789258 0.00130463
0 0.343164 0.724219 0.421484 0.410937 0.00127411
1 0.920703 0.995703 0.158594 0.00859375 0.00127411
0 0.725 0.995703 0.21875 0.00859375 0.00126934
0 0.868359 0.320508 0.263281 0.601953 0.00126457
0 0.773047 0.995703 0.222656 0.00859375 0.00126457
0 0.89375 0.995703 0.2125 0.00859375 0.00124454
0 0.676562 0.995703 0.217187 0.00859375 0.00123501
0 0.470215 0.694531 0.667383 0.479688 0.00122547
1 0.134961 0.173828 0.267578 0.347656 0.00122547
0 0.564453 0.685547 0.477344 0.489844 0.00121593
0 0.822656 0.995703 0.223438 0.00859375 0.00116539
0 0.936719 0.142383 0.126563 0.280859 0.00113392
0 0.200732 0.995703 0.217285 0.00859375 0.00112915
0 0.962891 0.125 0.0742188 0.25 0.00112438
1 0.936719 0.142383 0.126563 0.280859 0.0011158
1 0.902344 0.453125 0.195312 0.548437 0.00109863
0 0.0841553 0.5125 0.161768 0.853125 0.00109863
0 0.106641 0.995703 0.207422 0.00859375 0.00108147
0 0.889844 0.672266 0.220313 0.532031 0.00106049
0 0.153418 0.995703 0.213086 0.00859375 0.00103664
1 0.0624023 0.508203 0.113086 0.830469 0.00103188
0 0.120605 0.98125 0.241211 0.0375 0.00102806
1 0.964063 0.125586 0.071875 0.251172 0.00100422
0 0.473535 0.546094 0.674805 0.753125 0.927246
0 0.207422 0.525781 0.414844 0.826563 0.0302124
0 0.243164 0.539062 0.430078 0.796875 0.0216522
0 0.654688 0.545313 0.328125 0.740625 0.0125732
0 0.316016 0.537109 0.394531 0.644531 0.0105286
0 0.170508 0.505469 0.341016 0.876562 0.00854492
0 0.360547 0.539062 0.477344 0.751562 0.00570679
0 0.296484 0.425781 0.354688 0.517187 0.00234985
0 0.522266 0.208203 0.323438 0.065625 0.00185299
1 0.473535 0.546094 0.674805 0.753125 0.00183868
0 0.458594 0.219873 0.640625 0.129004 0.00169373
0 0.87168 0.143848 0.256641 0.267773 0.00159168
0 0.798437 0.139062 0.375 0.275 0.00115108
0 0.535156 0.192383 0.264062 0.0640625 0.00114727
0 0.553906 0.197852 0.109375 0.0699219 0.00112915
0 0.455469 0.248389 0.635938 0.189941 0.00109005
0 0.553906 0.15791 0.09375 0.0822266 0.00107765
0 0.477246 0.380078 0.626758 0.442187 0.00106907
0 0.439941 0.298633 0.612305 0.283203 0.00106049
0 0.312891 0.300195 0.372656 0.276172 0.00104046
0 0.471094 0.553125 0.703125 0.759375 0.798828
1 0.466797 0.544922 0.714844 0.766406 0.0957031
0 0.602344 0.553027 0.429688 0.75957 0.00390053
0 0.894531 0.250195 0.201562 0.462109 0.00271416
0 0.925 0.229297 0.15 0.392188 0.00182438
0 0.867188 0.291797 0.254687 0.564062 0.00154877
0 0.792383 0.30625 0.324609 0.603125 0.00141048
0 0.314063 0.298242 0.385938 0.266016 0.00124931
0 0.429004 0.978125 0.748242 0.04375 0.00105667
0 0.469922 0.398535 0.703906 0.46543 0.00105286
0 0.46416 0.54375 0.67793 0.75625 0.908203
0 0.469141 0.363281 0.678906 0.414062 0.20752
0 0.434277 0.283594 0.601758 0.255469 0.0348206
0 0.337891 0.346045 0.405469 0.378223 0.0132217
0 0.327344 0.284766 0.376563 0.257031 0.0110703
1 0.46416 0.54375 0.67793 0.75625 0.0109482
0 0.479785 0.718359 0.65293 0.405469 0.00146675
0 0.51875 0.414453 0.60625 0.485156 0.0012846
0 0.367773 0.835938 0.419141 0.160938 0.00108147
0 0.476562 0.540527 0.703125 0.775195 0.912598
1 0.476562 0.539844 0.696875 0.760938 0.00356483
0 0.317187 0.555859 0.403906 0.739844 0.00271416
0 0.913281 0.522656 0.173438 0.803125 0.00263214
0 0.477734 0.42041 0.697656 0.531055 0.00168133
0 0.472559 0.541016 0.711133 0.783594 0.916016
1 0.474902 0.539062 0.71582 0.796875 0.00283432
0 0.360547 0.187891 0.307813 0.0675781 0.0015974
0 0.916797 0.517969 0.166406 0.682813 0.00108147
0 0.470703 0.535059 0.696094 0.77832 0.913574
1 0.474609 0.539062 0.689844 0.770312 0.00109005
0 0.469531 0.545313 0.715625 0.757812 0.878906
0 0.41709 0.251367 0.411133 0.19375 0.00244331
1 0.470313 0.544922 0.696875 0.763281 0.00191879
0 0.502344 0.245508 0.560938 0.180859 0.00164223
0 0.89375 0.519141 0.20625 0.724219 0.00134087
0 0.472656 0.549609 0.701563 0.772656 0.937988
1 0.468359 0.550098 0.685156 0.77168 0.00457382
0 0.916406 0.560254 0.160938 0.699805 0.00171375
0 0.474219 0.55166 0.701563 0.762305 0.93457
1 0.475781 0.551172 0.7 0.760156 0.00516129
0 0.90625 0.522656 0.178125 0.728125 0.00161076
0 0.676172 0.502344 0.289844 0.664062 0.00144386
0 0.472656 0.549609 0.701563 0.772656 0.937988
1 0.468359 0.550098 0.685156 0.77168 0.00457382
0 0.916406 0.560059 0.160938 0.698633 0.00171375
