1 0.477344 0.547656 0.7375 0.882812 0.89502
1 0.12207 0.187939 0.237891 0.362402 0.0254669
0 0.103101 0.187109 0.198096 0.358203 0.0230713
0 0.482422 0.552734 0.742969 0.875781 0.0132217
1 0.815039 0.797852 0.369922 0.404297 0.0113297
0 0.815039 0.797852 0.369922 0.404297 0.00821686
1 0.923437 0.535937 0.153125 0.89375 0.00496292
1 0.475879 0.766797 0.707617 0.453906 0.00486755
1 0.83125 0.842578 0.332812 0.314844 0.00378036
0 0.928906 0.547266 0.142188 0.880469 0.00367928
0 0.83125 0.842578 0.332812 0.314844 0.00317192
0 0.30918 0.980469 0.411328 0.0390625 0.00307465
1 0.317187 0.989453 0.55625 0.0210938 0.00291252
0 0.282227 0.967969 0.334766 0.0640625 0.00286674
1 0.0923584 0.79668 0.175439 0.387891 0.00270462
0 0.238672 0.9625 0.248437 0.075 0.00255013
1 0.0623535 0.522266 0.114746 0.742969 0.0024929
0 0.0923584 0.79668 0.175439 0.387891 0.0024147
1 0.30918 0.980469 0.411328 0.0390625 0.0024147
0 0.318311 0.995313 0.386035 0.009375 0.00232315
0 0.317187 0.989453 0.55625 0.0210938 0.00209045
0 0.878711 0.766016 0.242578 0.452344 0.00197983
1 0.238672 0.9625 0.248437 0.075 0.00194931
1 0.282227 0.967969 0.334766 0.0640625 0.00192642
1 0.318311 0.995313 0.386035 0.009375 0.00185299
1 0.0641602 0.407031 0.117773 0.65625 0.00177479
0 0.145605 0.185547 0.283789 0.358594 0.00174809
1 0.0823975 0.195654 0.155518 0.366504 0.00173378
1 0.823633 0.992578 0.346484 0.0148437 0.00161648
0 0.395996 0.995313 0.261133 0.009375 0.0015974
0 0.573438 0.995313 0.226562 0.009375 0.00157356
1 0.878711 0.766016 0.242578 0.452344 0.00156116
0 0.0615723 0.571875 0.113965 0.80625 0.00144958
0 0.903125 0.995703 0.19375 0.00859375 0.00140476
0 0.0944336 0.996094 0.188867 0.0078125 0.00132465
0 0.802344 0.992578 0.357812 0.0148437 0.00130463
1 0.117969 0.982813 0.235938 0.034375 0.00128937
0 0.117969 0.982813 0.235938 0.034375 0.00117397
0 0.559375 0.994531 0.314063 0.0109375 0.00115585
0 0.894531 0.501172 0.210938 0.900781 0.00113392
1 0.941406 0.503516 0.117188 0.799219 0.00112438
1 0.0761719 0.350391 0.145313 0.541406 0.00112438
1 0.112695 0.842969 0.219531 0.314063 0.00110722
0 0.0763672 0.192969 0.152734 0.360156 0.00109005
0 0.112695 0.842969 0.219531 0.314063 0.00108624
1 0.566797 0.585254 0.589844 0.723242 0.00103188
1 0.894531 0.501172 0.210938 0.900781 0.00102806
1 0.0607422 0.201123 0.121484 0.369629 0.00102806
0 0.917578 0.417578 0.164844 0.647656 0.00102043
1 0.480469 0.54375 0.732813 0.848437 0.851074
0 0.501465 0.540625 0.712695 0.851562 0.0236969
0 0.464063 0.0751709 0.0515625 0.143408 0.0122375
1 0.471094 0.0790039 0.065625 0.138672 0.0016613
0 0.48125 0.0787109 0.0765625 0.145313 0.00101662
1 0.494531 0.557422 0.739062 0.858594 0.879883
0 0.486035 0.554297 0.749805 0.855469 0.00743103
1 0.60625 0.561719 0.523438 0.860937 0.00270462
1 0.49541 0.422656 0.74668 0.602344 0.0018177
0 0.0608887 0.984375 0.121777 0.03125 0.00113773
1 0.929688 0.567969 0.13125 0.782812 0.00105286
1 0.484375 0.547656 0.721875 0.853125 0.854004
1 0.483594 0.340625 0.720312 0.453125 0.0179901
1 0.483203 0.245703 0.724219 0.278125 0.00542831
1 0.276367 0.530469 0.552734 0.889063 0.0017271
1 0.837891 0.530469 0.324219 0.8875 0.00168705
1 0.758984 0.53125 0.482031 0.890625 0.0012064
1 0.173047 0.520312 0.346094 0.8875 0.00100422
1 0.493848 0.547656 0.749805 0.864062 0.882812
0 0.494434 0.544922 0.745508 0.867969 0.025177
0 0.107422 0.786719 0.2125 0.420312 0.00165462
1 0.288721 0.383984 0.328809 0.542969 0.00138283
0 0.254102 0.965625 0.283984 0.06875 0.00135136
0 0.444531 0.0679199 0.1 0.126855 0.0011425
1 0.493848 0.539844 0.768555 0.854688 0.90918
0 0.503516 0.542969 0.758594 0.865625 0.0135345
1 0.497656 0.546484 0.746875 0.882031 0.92041
1 0.686719 0.546875 0.360938 0.875 0.0069046
1 0.696094 0.24375 0.325 0.245312 0.0017271
1 0.494531 0.54375 0.748438 0.865625 0.910645
0 0.494531 0.54375 0.748438 0.865625 0.00572968
1 0.490723 0.851758 0.706055 0.277734 0.00109005
1 0.495996 0.547266 0.739258 0.877344 0.910156
0 0.491016 0.541016 0.739844 0.867969 0.00175476
1 0.90625 0.547656 0.178125 0.85625 0.0014267
1 0.493359 0.549219 0.741406 0.865625 0.915527
0 0.493359 0.549219 0.741406 0.865625 0.00428009
1 0.495996 0.547266 0.739258 0.877344 0.910156
0 0.490625 0.541016 0.739062 0.867969 0.00176144
1 0.90625 0.547656 0.178125 0.85625 0.00142097
