1 0.553516 0.494141 0.483594 0.588281 0.836914
1 0.159961 0.457031 0.319922 0.842188 0.0133286
1 0.485547 0.789844 0.905469 0.420312 0.0091629
1 0.726172 0.769531 0.539844 0.442187 0.00828552
0 0.54834 0.505566 0.47832 0.560742 0.00484848
0 0.158789 0.470703 0.317578 0.846094 0.00475693
1 0.441016 0.783008 0.739844 0.362109 0.00446701
1 0.357031 0.757422 0.695312 0.472656 0.00385475
1 0.889063 0.431641 0.221875 0.717969 0.00341606
1 0.594531 0.800195 0.725 0.383984 0.00279999
1 0.228125 0.762109 0.45625 0.464844 0.0026722
1 0.478223 0.50459 0.331055 0.54707 0.00264168
1 0.522656 0.988672 0.873438 0.0226563 0.0024929
0 0.749609 0.763281 0.500781 0.45625 0.00217438
0 0.647754 0.790625 0.660742 0.404687 0.00183868
1 0.777734 0.714453 0.444531 0.482031 0.00176144
1 0.545313 0.601172 0.45625 0.371094 0.00174141
0 0.889063 0.431641 0.221875 0.717969 0.00167465
1 0.889063 0.632031 0.221875 0.565625 0.00137806
1 0.533203 0.651953 0.439063 0.264844 0.00132465
0 0.505078 0.810156 0.933594 0.379687 0.00123501
1 0.914844 0.471484 0.170312 0.714844 0.00121593
1 0.45 0.725391 0.667188 0.411719 0.0012064
1 0.826172 0.379297 0.347656 0.629687 0.00119209
0 0.518066 0.795313 0.70918 0.332812 0.00109863
1 0.187305 0.355859 0.374609 0.695312 0.00105667
0 0.805078 0.715625 0.389844 0.495313 0.00100803
0 0.351758 0.488672 0.0816406 0.129688 0.00100422
1 0.550098 0.502441 0.476367 0.554492 0.749023
0 0.551562 0.519141 0.465625 0.585156 0.00260162
0 0.108691 0.494922 0.217383 0.882031 0.00206757
0 0.583594 0.261719 0.345313 0.0726563 0.00178242
0 0.0806641 0.544922 0.161328 0.805469 0.00108147
1 0.551465 0.507031 0.468945 0.557813 0.830566
0 0.548047 0.508594 0.472656 0.554688 0.00170708
1 0.546973 0.344141 0.454492 0.224219 0.00135612
1 0.553223 0.495215 0.48418 0.536133 0.838867
0 0.55 0.500391 0.478125 0.552344 0.00656509
1 0.557031 0.494531 0.485938 0.55 0.913086
0 0.557031 0.494531 0.485938 0.55 0.0026722
1 0.555078 0.510938 0.488281 0.570312 0.891602
0 0.555469 0.508594 0.479688 0.576563 0.0121918
1 0.558594 0.494531 0.489062 0.570312 0.904297
0 0.558594 0.494531 0.489062 0.570312 0.00258064
1 0.557129 0.501953 0.48418 0.557031 0.890625
0 0.553906 0.501953 0.48125 0.571094 0.00220871
1 0.553516 0.501953 0.485156 0.557031 0.907227
0 0.552344 0.502441 0.484375 0.573242 0.00582123
1 0.55459 0.503906 0.487695 0.55625 0.87207
0 0.555078 0.507031 0.488281 0.553125 0.0051384
1 0.553516 0.501953 0.485156 0.557031 0.907227
0 0.552344 0.502441 0.484375 0.573242 0.00579834
