1 0.501953 0.474219 0.733594 0.76875 0.850098
0 0.491406 0.470703 0.732813 0.775781 0.0399475
1 0.508203 0.623438 0.702344 0.448438 0.00878143
1 0.320654 0.445312 0.361816 0.695312 0.00746155
0 0.353516 0.996094 0.213281 0.0078125 0.00314713
0 0.680469 0.996094 0.214062 0.0078125 0.00312424
0 0.305664 0.996094 0.213672 0.0078125 0.00309944
0 0.630469 0.996094 0.214062 0.0078125 0.00301552
0 0.730469 0.996094 0.215625 0.0078125 0.00300407
0 0.403125 0.996094 0.2125 0.0078125 0.00288963
0 0.579687 0.996094 0.214062 0.0078125 0.00288963
0 0.779688 0.996094 0.2125 0.0078125 0.00283432
0 0.528906 0.996094 0.2125 0.0078125 0.00279045
0 0.454004 0.996094 0.212305 0.0078125 0.00273705
0 0.255908 0.996094 0.214746 0.0078125 0.00261116
1 0.598047 0.4625 0.516406 0.703125 0.00214958
0 0.208008 0.996484 0.212891 0.00703125 0.00206757
1 0.924609 0.482031 0.150781 0.751562 0.00205803
0 0.346875 0.961719 0.215625 0.0765625 0.00194168
0 0.672656 0.961719 0.215625 0.0765625 0.00192642
1 0.521875 0.989062 0.88125 0.021875 0.00192642
0 0.832812 0.996094 0.223438 0.0078125 0.00189686
0 0.597656 0.962109 0.215625 0.0757812 0.00189686
1 0.08396 0.4625 0.159033 0.775 0.00189686
0 0.298242 0.961719 0.215234 0.0765625 0.00188923
0 0.772266 0.9625 0.211719 0.075 0.00187492
1 0.329297 0.996094 0.214062 0.0078125 0.00186729
0 0.547656 0.961719 0.214062 0.0765625 0.00185299
1 0.680469 0.996094 0.214062 0.0078125 0.00185299
1 0.378516 0.996094 0.213281 0.0078125 0.00183868
1 0.80957 0.738281 0.380859 0.3625 0.00183105
0 0.723437 0.962109 0.217187 0.0757812 0.0018177
1 0.730469 0.996094 0.215625 0.0078125 0.0018034
1 0.630469 0.996094 0.214062 0.0078125 0.00176811
0 0.396191 0.961719 0.21543 0.0765625 0.0017271
0 0.913281 0.994531 0.173438 0.0109375 0.0017271
0 0.497656 0.961719 0.214062 0.0765625 0.00171375
1 0.779688 0.996094 0.2125 0.0078125 0.0017004
1 0.896875 0.452246 0.20625 0.776758 0.00169373
1 0.281836 0.996094 0.213672 0.0078125 0.00166798
0 0.447266 0.961719 0.214844 0.0765625 0.0016613
1 0.428516 0.996094 0.213281 0.0078125 0.00165462
1 0.579687 0.996094 0.214062 0.0078125 0.0016489
0 0.0721191 0.457422 0.132324 0.753906 0.00162315
0 0.927344 0.476562 0.145313 0.74375 0.00161648
1 0.528906 0.996094 0.2125 0.0078125 0.00159168
1 0.831641 0.458594 0.336719 0.792188 0.00158501
1 0.478906 0.996094 0.211719 0.0078125 0.00156689
1 0.923437 0.996484 0.153125 0.00703125 0.00154305
0 0.245117 0.962109 0.220703 0.0757812 0.00153637
1 0.471094 0.863477 0.91875 0.273047 0.0015192
1 0.487891 0.901563 0.924219 0.196875 0.00151253
0 0.521875 0.989062 0.88125 0.021875 0.00148392
1 0.832812 0.996094 0.223438 0.0078125 0.0014782
0 0.9125 0.963281 0.175 0.0734375 0.00141621
0 0.201562 0.9625 0.204688 0.075 0.00140476
0 0.896875 0.452246 0.20625 0.776758 0.00139904
0 0.879687 0.996484 0.204688 0.00703125 0.00136185
1 0.942187 0.471484 0.115625 0.750781 0.00135612
0 0.971875 0.975781 0.05625 0.0484375 0.00131512
0 0.320654 0.445312 0.361816 0.695312 0.00129986
1 0.230908 0.996094 0.216309 0.0078125 0.00129986
0 0.831641 0.458594 0.336719 0.792188 0.00129414
0 0.80957 0.738281 0.380859 0.3625 0.00112438
0 0.826758 0.9625 0.230859 0.075 0.00112057
0 0.09375 0.990234 0.1875 0.0195312 0.00108147
0 0.95625 0.996094 0.0875 0.0078125 0.00107288
0 0.163281 0.996484 0.212109 0.00703125 0.00107288
1 0.921875 0.962891 0.15625 0.0742188 0.00105667
0 0.20332 0.973437 0.406641 0.053125 0.00104427
0 0.938281 0.997266 0.123438 0.00546875 0.00102425
1 0.495313 0.464453 0.684375 0.724219 0.816895
0 0.489062 0.462891 0.696875 0.725781 0.149292
1 0.495313 0.479297 0.695312 0.719531 0.882324
0 0.487891 0.479688 0.702344 0.728125 0.00540543
1 0.628906 0.474121 0.434375 0.720508 0.00268364
0 0.517578 0.973437 0.908594 0.053125 0.00134087
1 0.513281 0.954687 0.917188 0.090625 0.00100422
1 0.483203 0.462109 0.716406 0.728906 0.691895
0 0.488672 0.473437 0.700781 0.725 0.428223
0 0.484375 0.352148 0.715625 0.492578 0.0189819
0 0.486719 0.266211 0.701563 0.317578 0.00926971
1 0.484375 0.352148 0.715625 0.492578 0.00527954
1 0.486719 0.266211 0.701563 0.317578 0.00217438
0 0.360352 0.310742 0.425391 0.386328 0.00138855
1 0.488379 0.74375 0.701367 0.2125 0.00126934
0 0.365039 0.402344 0.437109 0.540625 0.00104427
1 0.508984 0.467285 0.719531 0.72793 0.813477
0 0.508203 0.463965 0.699219 0.718945 0.203125
1 0.360156 0.473047 0.428125 0.716406 0.00161076
1 0.502344 0.48125 0.734375 0.746875 0.775391
0 0.498437 0.480078 0.725 0.742969 0.188354
0 0.54834 0.378125 0.586133 0.541406 0.00240517
0 0.659375 0.326562 0.371875 0.4375 0.0018177
0 0.658203 0.244141 0.364844 0.278125 0.00117397
0 0.5875 0.27793 0.498437 0.348828 0.0011425
1 0.503223 0.469531 0.693555 0.735937 0.911133
0 0.501172 0.46875 0.694531 0.739062 0.0102463
1 0.498437 0.473828 0.7 0.732031 0.827148
0 0.501953 0.474121 0.702344 0.729883 0.0483093
1 0.500098 0.47334 0.69043 0.729883 0.899902
0 0.5 0.472754 0.7 0.738867 0.0606384
1 0.499219 0.475781 0.710938 0.723437 0.830566
0 0.498828 0.470313 0.708594 0.728125 0.151245
1 0.500391 0.47334 0.689844 0.729883 0.899902
0 0.5 0.472754 0.7 0.738867 0.0602112
