1 0.538281 0.517969 0.870313 0.707812 0.656738
0 0.0822266 0.79043 0.164453 0.412891 0.500977
1 0.0822266 0.79043 0.164453 0.412891 0.260498
0 0.538281 0.517969 0.870313 0.707812 0.182983
1 0.355469 0.503125 0.523438 0.665625 0.029541
0 0.355469 0.503125 0.523438 0.665625 0.0113297
1 0.554297 0.987891 0.863281 0.0242187 0.0111618
1 0.516406 0.837305 0.923437 0.325391 0.00656509
1 0.680078 0.542578 0.636719 0.652344 0.00582123
1 0.510254 0.653125 0.776367 0.446875 0.00559998
0 0.750391 0.500781 0.499219 0.5875 0.00479126
1 0.685547 0.643359 0.627344 0.474219 0.00428009
0 0.680078 0.542578 0.636719 0.652344 0.00421524
0 0.554297 0.987891 0.863281 0.0242187 0.00416565
1 0.750391 0.500781 0.499219 0.5875 0.00370789
0 0.685547 0.643359 0.627344 0.474219 0.00355148
1 0.547656 0.905469 0.89375 0.189063 0.00307465
1 0.701953 0.988672 0.589844 0.0226563 0.00284576
0 0.768359 0.611719 0.463281 0.526563 0.00270462
0 0.844141 0.536621 0.311719 0.664258 0.00266266
0 0.516406 0.837305 0.923437 0.325391 0.00263214
1 0.844141 0.536621 0.311719 0.664258 0.00258064
0 0.510254 0.653125 0.776367 0.446875 0.00227928
1 0.490234 0.306641 0.896094 0.613281 0.00225258
0 0.701953 0.988672 0.589844 0.0226563 0.00218201
1 0.866016 0.989844 0.267969 0.0203125 0.00217438
0 0.299219 0.454688 0.395312 0.54375 0.00202751
1 0.361523 0.984375 0.491797 0.03125 0.00193405
0 0.435937 0.708203 0.695312 0.333594 0.00187492
0 0.898438 0.539453 0.203125 0.664844 0.00183868
1 0.373047 0.667188 0.550781 0.4125 0.00178242
1 0.758984 0.990625 0.374219 0.01875 0.00174809
0 0.866016 0.989844 0.267969 0.0203125 0.00174809
0 0.373047 0.667188 0.550781 0.4125 0.00174141
1 0.810938 0.991406 0.340625 0.0171875 0.00172043
1 0.527344 0.746875 0.885938 0.271875 0.00163555
1 0.768359 0.611719 0.463281 0.526563 0.00162888
1 0.435937 0.708203 0.695312 0.333594 0.0015974
1 0.299219 0.454688 0.395312 0.54375 0.00158501
0 0.758984 0.990625 0.374219 0.01875 0.00154877
1 0.0780273 0.961719 0.156055 0.0765625 0.00150108
0 0.810938 0.991406 0.340625 0.0171875 0.0014782
0 0.895312 0.983594 0.209375 0.0328125 0.00146103
0 0.547656 0.905469 0.89375 0.189063 0.00144386
1 0.895312 0.983594 0.209375 0.0328125 0.00144386
1 0.0833008 0.814844 0.166602 0.370313 0.00127411
1 0.270898 0.983984 0.340234 0.0320312 0.00126934
0 0.361523 0.984375 0.491797 0.03125 0.00123978
0 0.0764648 0.333594 0.139648 0.604688 0.0012207
1 0.924219 0.959766 0.151562 0.0804688 0.00119686
0 0.295898 0.644141 0.384766 0.408594 0.00119686
0 0.925781 0.563379 0.148438 0.645117 0.00114727
1 0.898438 0.539453 0.203125 0.664844 0.0011425
0 0.933594 0.872461 0.132812 0.255078 0.00112438
0 0.861719 0.6125 0.276563 0.51875 0.00111198
1 0.0764648 0.333594 0.139648 0.604688 0.00110722
0 0.872266 0.867188 0.255469 0.265625 0.00106525
1 0.121875 0.444531 0.235156 0.832812 0.00106525
0 0.527344 0.746875 0.885938 0.271875 0.00105667
0 0.946094 0.0873047 0.107813 0.174609 0.00103664
1 0.701953 0.0788086 0.432031 0.157617 0.00103188
0 0.0318848 0.119922 0.0637695 0.239844 0.00102425
1 0.338867 0.829297 0.430859 0.341406 0.00100803
1 0.545313 0.529297 0.85625 0.694531 0.589844
0 0.54375 0.530469 0.878125 0.690625 0.339844
0 0.0835449 0.800781 0.16709 0.384375 0.0858765
0 0.742188 0.642969 0.501562 0.45 0.0252686
1 0.0840332 0.798242 0.168066 0.381641 0.0247955
0 0.563281 0.641406 0.842188 0.459375 0.00390053
0 0.826367 0.638672 0.337891 0.428906 0.00329781
0 0.842188 0.565625 0.3125 0.553125 0.00235939
1 0.712109 0.642969 0.553906 0.454688 0.00214958
0 0.85293 0.679688 0.294141 0.326562 0.00205803
0 0.427344 0.532129 0.642187 0.65293 0.00201035
0 0.532812 0.736328 0.840625 0.260156 0.0018177
0 0.0886963 0.846875 0.169482 0.279687 0.00156689
0 0.705469 0.533594 0.579687 0.660937 0.00156116
1 0.81582 0.539844 0.368359 0.64375 0.00144386
0 0.80332 0.538281 0.387109 0.64375 0.0014267
0 0.853711 0.460254 0.292578 0.50293 0.0012846
0 0.0817383 0.914062 0.163477 0.165625 0.00112915
0 0.558594 0.534375 0.870313 0.692187 0.658203
0 0.0886475 0.803125 0.172705 0.39375 0.484375
1 0.552734 0.534766 0.894531 0.688281 0.356689
0 0.810156 0.648438 0.379687 0.451562 0.0200195
1 0.0888672 0.804688 0.175391 0.390625 0.0164032
0 0.797656 0.538281 0.401563 0.667188 0.0151291
0 0.0867676 0.88125 0.173535 0.23125 0.00235939
0 0.807031 0.434277 0.382812 0.445508 0.0015192
0 0.723437 0.644531 0.532812 0.467187 0.00115585
0 0.804492 0.361523 0.387891 0.338672 0.00113773
0 0.8875 0.6625 0.225 0.390625 0.00112438
0 0.545703 0.528125 0.908594 0.675 0.818359
0 0.0850586 0.795313 0.166797 0.396875 0.220703
0 0.542578 0.360742 0.900781 0.351953 0.168091
1 0.546875 0.503027 0.903125 0.63457 0.0948486
0 0.5375 0.304297 0.9 0.240625 0.0389099
0 0.691016 0.638281 0.616406 0.464063 0.0173035
1 0.542578 0.360742 0.900781 0.351953 0.0110703
1 0.0850586 0.795313 0.166797 0.396875 0.0103683
0 0.554688 0.754297 0.884375 0.236719 0.00516129
1 0.5375 0.304297 0.9 0.240625 0.0042305
0 0.55 0.626953 0.9 0.485156 0.00247192
0 0.377246 0.446973 0.55332 0.50293 0.00178242
0 0.374219 0.547266 0.54375 0.602344 0.00126934
0 0.789453 0.638281 0.421094 0.454688 0.0011692
0 0.904688 0.067334 0.190625 0.12041 0.00112915
0 0.70625 0.565234 0.5875 0.480469 0.00111198
0 0.555469 0.532031 0.889063 0.6875 0.884277
0 0.0835937 0.783594 0.163477 0.421875 0.704102
1 0.555469 0.529688 0.889063 0.690625 0.0381775
1 0.0832031 0.780469 0.1625 0.434375 0.0193481
0 0.862305 0.0699219 0.272266 0.1375 0.00775528
0 0.358594 0.543848 0.513281 0.638867 0.00477219
0 0.0868896 0.849219 0.172705 0.292188 0.00335121
0 0.725391 0.566016 0.549219 0.632031 0.00143242
0 0.547656 0.525391 0.904688 0.697656 0.896973
0 0.0916016 0.789062 0.183203 0.420312 0.498047
1 0.546094 0.529297 0.907812 0.688281 0.03125
1 0.0916016 0.789062 0.183203 0.420312 0.0055542
0 0.162695 0.801172 0.325391 0.397656 0.00244331
0 0.833594 0.42959 0.332812 0.45332 0.00214005
0 0.850586 0.512402 0.298828 0.618945 0.00126457
0 0.551562 0.526563 0.896875 0.701563 0.891602
0 0.0849854 0.798633 0.164404 0.393359 0.332031
1 0.0849854 0.798633 0.164404 0.393359 0.132935
1 0.544922 0.523047 0.910156 0.692969 0.0587769
0 0.0875 0.892187 0.168164 0.210938 0.00426483
0 0.871875 0.373047 0.25625 0.325 0.00159168
0 0.559766 0.527344 0.880469 0.69375 0.84082
0 0.0883789 0.779883 0.168555 0.437109 0.0734253
1 0.55625 0.521875 0.8875 0.685938 0.0684204
1 0.088501 0.775 0.169092 0.4375 0.00566483
0 0.714844 0.709766 0.570312 0.346094 0.00167465
0 0.825781 0.307031 0.339063 0.220313 0.00166798
0 0.312109 0.540625 0.408594 0.657812 0.00151253
0 0.772656 0.317578 0.410937 0.252344 0.00135612
0 0.665527 0.661719 0.668945 0.439063 0.00105667
0 0.0858398 0.861719 0.165234 0.276563 0.00104809
0 0.553125 0.526953 0.89375 0.692969 0.898438
0 0.0869141 0.789258 0.170703 0.415234 0.421631
1 0.0879883 0.786719 0.170117 0.417188 0.014389
1 0.555078 0.527734 0.889844 0.689844 0.00496292
0 0.778125 0.673437 0.44375 0.410937 0.00450516
0 0.757031 0.734375 0.485938 0.289062 0.00157928
0 0.555859 0.530371 0.888281 0.687695 0.945801
0 0.0847656 0.7875 0.169531 0.41875 0.753418
1 0.555078 0.520703 0.889844 0.674219 0.0131683
1 0.0848633 0.79043 0.169727 0.412891 0.0068512
0 0.0849609 0.853125 0.161133 0.29375 0.00362206
0 0.766016 0.661719 0.467969 0.435937 0.0019722
0 0.828125 0.651172 0.339063 0.449219 0.00157356
0 0.561719 0.524219 0.876562 0.696875 0.898438
0 0.0869141 0.789258 0.170703 0.415234 0.421631
1 0.0879883 0.786719 0.170117 0.417188 0.0144501
1 0.555078 0.527734 0.889844 0.689844 0.00494385
0 0.778125 0.673437 0.44375 0.410937 0.00452042
0 0.757031 0.734375 0.485938 0.289062 0.00158501
