1 0.473828 0.432813 0.702344 0.63125 0.748535
1 0.473437 0.8 0.8875 0.304688 0.0358887
0 0.476172 0.444531 0.703906 0.64375 0.0250854
1 0.450781 0.828125 0.832812 0.21875 0.0150146
1 0.714063 0.760938 0.565625 0.459375 0.00803375
1 0.400781 0.443066 0.50625 0.601367 0.00717545
1 0.479004 0.525391 0.676367 0.444531 0.00593567
1 0.386035 0.746875 0.749805 0.459375 0.00460815
0 0.469922 0.817969 0.875781 0.260938 0.00407028
1 0.382031 0.384375 0.596875 0.764063 0.00370789
1 0.507031 0.815039 0.959375 0.369922 0.00342941
1 0.351562 0.505469 0.454688 0.482031 0.00314713
1 0.874219 0.359766 0.251563 0.565625 0.0024929
1 0.763281 0.710547 0.473437 0.494531 0.00217438
1 0.583496 0.767969 0.77832 0.43125 0.00214958
0 0.469531 0.766016 0.907812 0.396094 0.00204277
0 0.654688 0.766406 0.670313 0.44375 0.00172043
0 0.874219 0.359766 0.251563 0.565625 0.0016613
1 0.508984 0.987109 0.910156 0.0257812 0.00160408
1 0.422754 0.788281 0.760742 0.195312 0.00139904
1 0.89375 0.455371 0.2125 0.701758 0.00139427
0 0.752734 0.745313 0.494531 0.4875 0.00134563
1 0.782227 0.335938 0.435547 0.563281 0.00130463
0 0.782227 0.335938 0.435547 0.563281 0.00126457
0 0.913281 0.464844 0.173438 0.682813 0.00124454
1 0.331836 0.622656 0.605859 0.251563 0.00119209
1 0.914844 0.403516 0.170312 0.560156 0.00114727
1 0.844922 0.6625 0.310156 0.4875 0.00103188
1 0.346484 0.609766 0.664062 0.342969 0.00102043
1 0.48584 0.446875 0.656445 0.585156 0.875488
0 0.491406 0.447266 0.64375 0.574219 0.0120544
0 0.293164 0.970312 0.0957031 0.053125 0.00148392
1 0.491406 0.455566 0.671875 0.598242 0.886719
0 0.486328 0.455859 0.675781 0.590625 0.00441742
1 0.619141 0.455859 0.405469 0.584375 0.0036068
0 0.269141 0.967188 0.0453125 0.05 0.00226974
1 0.485547 0.446094 0.672656 0.578906 0.816895
0 0.483984 0.441016 0.675781 0.561719 0.0204163
1 0.480078 0.360938 0.678906 0.414062 0.0110703
0 0.273047 0.971094 0.0421875 0.05 0.00252151
1 0.476465 0.27793 0.69082 0.248047 0.00152493
1 0.457422 0.632031 0.625 0.240625 0.0012598
0 0.279297 0.971094 0.0347656 0.0453125 0.00112915
1 0.494531 0.446094 0.673437 0.588281 0.887207
0 0.494531 0.446094 0.673437 0.588281 0.0323486
0 0.270312 0.974219 0.0375 0.0515625 0.0104904
1 0.368555 0.449121 0.425391 0.570508 0.00141048
0 0.264844 0.973437 0.0386719 0.053125 0.00118828
1 0.486621 0.452246 0.668945 0.592383 0.851562
0 0.491309 0.45166 0.683008 0.59668 0.0404663
0 0.269922 0.973437 0.0445312 0.053125 0.00286674
1 0.490625 0.443359 0.654688 0.599219 0.897461
0 0.271875 0.972656 0.0507812 0.05 0.035675
0 0.273828 0.964063 0.0546875 0.05 0.0157166
0 0.263867 0.964063 0.0457031 0.053125 0.00591278
0 0.485156 0.443652 0.6625 0.60332 0.00553513
0 0.296289 0.959375 0.0714844 0.04375 0.00329781
0 0.292969 0.970312 0.065625 0.040625 0.00182438
0 0.323438 0.960938 0.0511719 0.046875 0.0012064
0 0.307422 0.960938 0.0570313 0.04375 0.00118828
1 0.491406 0.448047 0.657812 0.597656 0.791992
0 0.495996 0.453906 0.65957 0.596094 0.0915527
1 0.491797 0.445996 0.657031 0.592383 0.902832
0 0.269141 0.973828 0.0398437 0.0523437 0.0245209
0 0.497266 0.450391 0.653906 0.590625 0.0204163
0 0.272852 0.965625 0.0414063 0.046875 0.00494385
0 0.28457 0.98125 0.105078 0.0375 0.00222588
1 0.269141 0.973828 0.0398437 0.0523437 0.00186729
0 0.262109 0.972656 0.0367187 0.0546875 0.00167465
1 0.494141 0.448828 0.674219 0.588281 0.86084
0 0.494141 0.448828 0.674219 0.588281 0.0432129
1 0.491797 0.446484 0.657031 0.592969 0.902832
0 0.269141 0.973828 0.0398437 0.0523437 0.0245209
0 0.496973 0.450391 0.654492 0.590625 0.0204468
0 0.272852 0.965625 0.0414063 0.046875 0.00494385
0 0.284375 0.98125 0.104687 0.0375 0.00220871
1 0.269141 0.973828 0.0398437 0.0523437 0.00185299
0 0.262109 0.972656 0.0367187 0.0546875 0.0016613
