1 0.542578 0.611719 0.4 0.632812 0.585938
0 0.539062 0.576172 0.39375 0.578906 0.254639
1 0.910937 0.400879 0.178125 0.257617 0.200562
1 0.803906 0.348633 0.179688 0.182422 0.0869141
0 0.910937 0.400879 0.178125 0.257617 0.0855713
0 0.156152 0.759375 0.30957 0.389062 0.0490417
1 0.156152 0.759375 0.30957 0.389062 0.0363464
0 0.803906 0.348633 0.179688 0.182422 0.0303802
1 0.904688 0.800781 0.139062 0.3875 0.0213318
1 0.139551 0.553516 0.279102 0.869531 0.0189056
1 0.16543 0.606348 0.330859 0.68418 0.0104065
0 0.139551 0.553516 0.279102 0.869531 0.00847626
1 0.879687 0.767969 0.1625 0.423438 0.00743103
0 0.779688 0.348047 0.120312 0.166406 0.00723267
0 0.16543 0.606348 0.330859 0.68418 0.00564194
1 0.807031 0.777344 0.31875 0.43125 0.00521851
1 0.525391 0.555469 0.371094 0.467187 0.00498199
0 0.617188 0.947656 0.09375 0.104687 0.0045929
0 0.904688 0.800781 0.139062 0.3875 0.00436401
1 0.777344 0.348437 0.117188 0.171094 0.00419998
1 0.188281 0.498437 0.314844 0.803125 0.00403976
0 0.139453 0.3625 0.270312 0.574219 0.00395966
1 0.617969 0.948828 0.0921875 0.102344 0.00390053
0 0.801758 0.340625 0.146484 0.15625 0.00388527
1 0.464453 0.162402 0.582031 0.311133 0.0037365
1 0.139453 0.3625 0.270312 0.574219 0.00355148
1 0.188477 0.357422 0.324609 0.530469 0.00344276
1 0.678516 0.992188 0.307031 0.015625 0.00340271
1 0.6625 0.990625 0.571875 0.01875 0.00313568
1 0.494141 0.990625 0.661719 0.01875 0.00312424
1 0.260596 0.869531 0.336621 0.260938 0.00301552
0 0.188281 0.498437 0.314844 0.803125 0.00299263
0 0.188477 0.357422 0.324609 0.530469 0.00292397
0 0.260596 0.869531 0.336621 0.260938 0.00288963
1 0.396094 0.991406 0.673437 0.0171875 0.00263214
0 0.592969 0.948047 0.148438 0.103906 0.0026207
0 0.534766 0.66875 0.383594 0.482812 0.00254059
0 0.846094 0.136035 0.248437 0.25957 0.00253105
1 0.798437 0.346875 0.139062 0.163281 0.0024929
0 0.6625 0.990625 0.571875 0.01875 0.00243378
1 0.246289 0.9875 0.322266 0.025 0.00232315
0 0.6875 0.991406 0.36875 0.0171875 0.00226974
0 0.246289 0.9875 0.322266 0.025 0.00221634
0 0.958594 0.645312 0.0828125 0.15625 0.00220871
1 0.915625 0.838672 0.167187 0.322656 0.00216484
0 0.494141 0.990625 0.661719 0.01875 0.00211525
1 0.886719 0.83125 0.107813 0.145313 0.00208282
1 0.914062 0.885938 0.171875 0.228125 0.00186062
0 0.889063 0.812695 0.1125 0.155859 0.00183868
1 0.704687 0.858594 0.265625 0.282813 0.0018177
0 0.396094 0.991406 0.673437 0.0171875 0.00178909
1 0.932813 0.776367 0.132812 0.412891 0.00175476
0 0.88125 0.944531 0.125 0.110937 0.00174141
1 0.192188 0.770312 0.384375 0.445312 0.0017004
1 0.785937 0.741797 0.228125 0.392969 0.0017004
1 0.902344 0.750781 0.109375 0.190625 0.00168705
0 0.914062 0.996875 0.16875 0.00625 0.00168133
1 0.746875 0.992188 0.365625 0.015625 0.00164223
0 0.664453 0.94375 0.171094 0.1125 0.00160408
1 0.125391 0.781445 0.250781 0.408984 0.00159168
1 0.816406 0.134375 0.1875 0.257812 0.00157928
1 0.742188 0.516406 0.0875 0.189844 0.00156116
0 0.521973 0.732813 0.366992 0.373437 0.00155449
0 0.879687 0.767969 0.1625 0.423438 0.00148392
0 0.952344 0.699219 0.0953125 0.301562 0.00148392
0 0.938672 0.128027 0.122656 0.256055 0.00144958
0 0.111035 0.426953 0.216992 0.642969 0.0014267
1 0.9125 0.492871 0.175 0.437695 0.00142097
1 0.290234 0.395215 0.109375 0.267383 0.00139904
1 0.952344 0.699219 0.0953125 0.301562 0.00138855
0 0.913672 0.900781 0.172656 0.195312 0.00137806
1 0.532812 0.707422 0.371875 0.419531 0.00137234
1 0.946484 0.767187 0.107031 0.364062 0.00135136
0 0.896094 0.932813 0.123438 0.134375 0.00135136
0 0.192188 0.770312 0.384375 0.445312 0.00134563
0 0.895312 0.772656 0.110937 0.19375 0.00133514
1 0.892187 0.791406 0.1125 0.179688 0.00130463
0 0.0674316 0.978516 0.134863 0.0429688 0.00130463
0 0.947656 0.117285 0.104687 0.23457 0.00129986
0 0.107031 0.780469 0.214062 0.398438 0.00129986
0 0.875 0.996094 0.175 0.0078125 0.00129414
0 0.964063 0.695703 0.071875 0.264844 0.0012846
1 0.689844 0.791406 0.382812 0.415625 0.00127411
0 0.221875 0.991797 0.322656 0.0164062 0.00126457
0 0.660156 0.997656 0.196875 0.0046875 0.00124931
1 0.0674316 0.978516 0.134863 0.0429688 0.00121593
1 0.592969 0.948047 0.148438 0.103906 0.00121117
1 0.749219 0.816406 0.301562 0.367188 0.0012064
0 0.932813 0.776367 0.132812 0.412891 0.00120163
1 0.664453 0.94375 0.171094 0.1125 0.00119209
1 0.916406 0.985937 0.167187 0.028125 0.00119209
1 0.93125 0.529297 0.1375 0.467969 0.00118351
1 0.300781 0.396875 0.116406 0.340625 0.00117874
0 0.974219 0.975 0.0515625 0.05 0.00115585
1 0.905859 0.992188 0.188281 0.015625 0.00112915
1 0.947656 0.117285 0.104687 0.23457 0.0011158
0 0.942969 0.158691 0.114063 0.304492 0.0011034
0 0.233594 0.832422 0.285156 0.335156 0.00109863
1 0.698438 0.915625 0.273438 0.16875 0.00109863
1 0.272656 0.321875 0.178906 0.495313 0.00108624
0 0.607031 0.996875 0.186719 0.00625 0.00108147
0 0.878125 0.851562 0.090625 0.117188 0.00108147
1 0.884375 0.939062 0.115625 0.121875 0.00106525
1 0.632422 0.997266 0.186719 0.00546875 0.00106525
1 0.362891 0.466406 0.691406 0.932813 0.00106049
1 0.233594 0.832422 0.285156 0.335156 0.00105667
0 0.951563 0.760938 0.096875 0.428125 0.00104046
1 0.957031 0.634375 0.0859375 0.154687 0.00104046
0 0.966016 0.74375 0.0679687 0.201562 0.00102425
1 0.219336 0.991406 0.289453 0.0171875 0.00102425
1 0.815625 0.992969 0.325 0.0140625 0.00102043
0 0.248633 0.795898 0.366016 0.408203 0.00102043
0 0.154785 0.18623 0.304883 0.372461 0.00101662
0 0.533691 0.614746 0.39043 0.618945 0.760742
1 0.532715 0.609277 0.395508 0.606445 0.234375
0 0.636719 0.156543 0.153906 0.188477 0.0311432
0 0.628516 0.940625 0.0820312 0.11875 0.0245209
0 0.653906 0.142676 0.121875 0.161914 0.016098
0 0.8125 0.342578 0.19375 0.169531 0.0106506
0 0.147461 0.507812 0.294922 0.95 0.0102463
0 0.281445 0.332812 0.0847656 0.265625 0.00894928
0 0.786719 0.345117 0.126563 0.167578 0.00857544
0 0.642969 0.125977 0.153125 0.132422 0.00595856
0 0.15791 0.786133 0.31582 0.393359 0.00488663
1 0.636719 0.156543 0.153906 0.188477 0.00402451
1 0.628516 0.940625 0.0820312 0.11875 0.00362206
0 0.277539 0.282422 0.0753906 0.253906 0.00356483
0 0.912109 0.903906 0.175781 0.192188 0.00288963
0 0.0921875 0.742969 0.178125 0.125 0.00286674
0 0.724219 0.511719 0.125 0.175 0.0026722
0 0.613281 0.940625 0.105469 0.1125 0.00259018
0 0.290234 0.391406 0.101562 0.248437 0.00259018
0 0.572656 0.926562 0.0828125 0.053125 0.00253105
0 0.216797 0.867969 0.321094 0.264062 0.00250244
0 0.577344 0.925 0.115625 0.059375 0.0024929
0 0.885938 0.76875 0.134375 0.248437 0.00243378
1 0.653906 0.142676 0.121875 0.161914 0.00234222
0 0.759766 0.524609 0.0632813 0.102344 0.00228691
0 0.289453 0.864258 0.435937 0.271484 0.00214958
0 0.807031 0.617969 0.151562 0.207813 0.00205803
0 0.6375 0.0996094 0.165625 0.152344 0.00194931
0 0.184766 0.342578 0.369531 0.685156 0.00191212
0 0.811719 0.150977 0.165625 0.21875 0.00168705
0 0.678125 0.347656 0.101562 0.220313 0.00163555
0 0.457422 0.191748 0.352344 0.257129 0.00156689
1 0.156836 0.508984 0.313672 0.974219 0.0014782
1 0.278906 0.30625 0.0773437 0.255469 0.00135612
0 0.221484 0.852344 0.425 0.285937 0.00135612
1 0.8125 0.342578 0.19375 0.169531 0.00127411
0 0.401465 0.861719 0.643945 0.267188 0.00126457
0 0.590234 0.247656 0.0875 0.1 0.00113392
0 0.733203 0.483984 0.0804688 0.103125 0.00112438
0 0.879687 0.392578 0.240625 0.257812 0.0011158
1 0.285352 0.350586 0.0925781 0.262891 0.00111198
0 0.159766 0.86875 0.319531 0.2625 0.00109005
1 0.786719 0.345117 0.126563 0.167578 0.00104809
0 0.378906 0.164941 0.4125 0.329883 0.00104427
0 0.533594 0.525391 0.364062 0.446875 0.00102806
0 0.0996094 0.765625 0.199219 0.179688 0.00101662
0 0.833008 0.804492 0.271484 0.316016 0.00101662
0 0.543652 0.628223 0.373633 0.638867 0.747559
1 0.54209 0.631934 0.376758 0.648633 0.107788
0 0.457422 0.941406 0.186719 0.117188 0.00488663
0 0.821094 0.15332 0.146875 0.289844 0.00426483
0 0.742188 0.486719 0.0859375 0.234375 0.00273705
0 0.539453 0.445312 0.345313 0.289062 0.00233269
0 0.603125 0.131055 0.257812 0.255469 0.00201988
1 0.821094 0.15332 0.146875 0.289844 0.00168705
0 0.810938 0.351562 0.184375 0.196094 0.0016613
0 0.813281 0.629297 0.140625 0.244531 0.00151253
1 0.742188 0.486719 0.0859375 0.234375 0.00145531
1 0.813281 0.629297 0.140625 0.244531 0.00138855
0 0.839063 0.138086 0.210938 0.267188 0.00131512
0 0.454688 0.485938 0.210156 0.81875 0.0012846
0 0.509277 0.378516 0.326758 0.657812 0.00127411
0 0.0627441 0.98125 0.125488 0.0375 0.00123978
0 0.939844 0.378906 0.120312 0.19375 0.00116062
0 0.921875 0.814062 0.15625 0.364062 0.00106049
1 0.456641 0.930859 0.184375 0.138281 0.00103188
0 0.443848 0.492969 0.426367 0.951563 0.00102425
0 0.534375 0.547656 0.370313 0.485938 0.836914
1 0.534766 0.576465 0.374219 0.537695 0.03302
0 0.537109 0.444922 0.363281 0.289062 0.0282135
0 0.446875 0.182031 0.360156 0.244531 0.0103302
0 0.805469 0.344922 0.160938 0.171094 0.00609589
0 0.513281 0.182764 0.248437 0.238379 0.00359344
0 0.563281 0.0483887 0.170312 0.0864258 0.00222588
0 0.458203 0.248828 0.433594 0.350781 0.00219154
0 0.510547 0.411719 0.249219 0.23125 0.00204277
0 0.566797 0.923437 0.0546875 0.0578125 0.00186062
0 0.585547 0.0475586 0.239844 0.0951172 0.00162888
0 0.467578 0.347852 0.342187 0.341797 0.00126457
0 0.813281 0.302734 0.1625 0.0898438 0.0012598
0 0.501172 0.334766 0.175 0.071875 0.00106525
0 0.530469 0.599219 0.389844 0.609375 0.883789
0 0.156738 0.759375 0.30957 0.353125 0.255371
1 0.528125 0.616016 0.396094 0.627344 0.0220337
1 0.156738 0.759375 0.30957 0.353125 0.0135345
0 0.548437 0.204883 0.167187 0.186328 0.00616837
0 0.109277 0.756641 0.215039 0.353906 0.00382423
0 0.548437 0.0463379 0.146875 0.0926758 0.00300407
0 0.567969 0.929688 0.0578125 0.053125 0.00166798
0 0.229297 0.858594 0.303125 0.278125 0.00144958
0 0.812695 0.342969 0.174609 0.174219 0.00135612
0 0.201123 0.691797 0.217285 0.203906 0.00133514
0 0.917188 0.646973 0.165625 0.585742 0.00125504
0 0.58125 0.0414063 0.220313 0.0828125 0.0011158
0 0.539941 0.597559 0.39668 0.593945 0.831055
0 0.553906 0.0424316 0.151562 0.0817383 0.0863037
1 0.546875 0.59834 0.417188 0.61582 0.0303345
0 0.461035 0.161621 0.44043 0.306445 0.0026722
0 0.560938 0.925 0.0484375 0.0625 0.00171375
1 0.553906 0.0414063 0.151562 0.0816406 0.00158501
0 0.567969 0.00496826 0.217187 0.00993652 0.0012207
0 0.393359 0.21333 0.311719 0.366309 0.0011034
0 0.585938 0.0414063 0.217187 0.0828125 0.00102806
0 0.535547 0.574316 0.389844 0.541992 0.839355
1 0.535937 0.573047 0.398438 0.538281 0.0330811
0 0.110937 0.807813 0.216406 0.332812 0.0085144
0 0.0779053 0.808008 0.152002 0.293359 0.00784302
0 0.169043 0.783594 0.327539 0.409375 0.00769424
0 0.509375 0.155078 0.651563 0.310156 0.00593567
1 0.746094 0.528125 0.084375 0.242188 0.00503922
0 0.640723 0.0536133 0.573242 0.107227 0.00231361
0 0.183398 0.709375 0.353125 0.58125 0.00231361
0 0.592188 0.139746 0.404687 0.279492 0.00215721
0 0.564453 0.925 0.0617188 0.05625 0.00188255
1 0.509375 0.155078 0.651563 0.310156 0.00184631
1 0.169043 0.783594 0.327539 0.409375 0.00173378
0 0.229883 0.948438 0.258203 0.1 0.00166798
1 0.110937 0.807813 0.216406 0.332812 0.00152493
0 0.536816 0.427344 0.370117 0.254687 0.00143814
1 0.0779053 0.808008 0.152002 0.293359 0.00141621
0 0.271875 0.939062 0.348437 0.121875 0.00141048
0 0.678125 0.940625 0.1875 0.11875 0.00135612
0 0.721094 0.933203 0.326562 0.133594 0.00132465
0 0.454297 0.886133 0.749219 0.227734 0.0011425
0 0.317383 0.930078 0.431641 0.139844 0.00106049
0 0.184961 0.575 0.348047 0.790625 0.00103188
0 0.555469 0.393848 0.329688 0.19043 0.00100803
0 0.496484 0.205908 0.521094 0.351465 0.00100422
0 0.539844 0.591797 0.395312 0.592969 0.808105
1 0.538379 0.592969 0.398242 0.595312 0.141968
0 0.530078 0.403027 0.325 0.212695 0.00131512
0 0.536621 0.58125 0.386133 0.565625 0.836426
1 0.536035 0.582812 0.398242 0.575 0.0300446
0 0.821094 0.127734 0.170312 0.241406 0.00502014
0 0.571875 0.048291 0.190625 0.0901367 0.0039444
1 0.821094 0.127734 0.170312 0.241406 0.00127888
0 0.151074 0.760156 0.293945 0.396875 0.0012598
0 0.6 0.0595703 0.25 0.109766 0.00109482
0 0.262891 0.848242 0.325781 0.303516 0.00103188
0 0.859375 0.556641 0.278125 0.735156 0.00103188
0 0.535059 0.58291 0.387695 0.566992 0.823242
1 0.534277 0.580371 0.393945 0.568945 0.0542908
0 0.116895 0.763672 0.233789 0.358594 0.00127411
0 0.422266 0.342383 0.378906 0.537109 0.00117874
0 0.536621 0.58125 0.386133 0.565625 0.836426
1 0.536035 0.582812 0.398242 0.575 0.0298767
0 0.82207 0.127734 0.171484 0.241406 0.00502014
0 0.571875 0.0483398 0.190625 0.0902344 0.00391388
1 0.82207 0.127734 0.171484 0.241406 0.0012846
0 0.151074 0.760156 0.293945 0.396875 0.00124931
0 0.6 0.0595215 0.250781 0.109668 0.00108147
0 0.262939 0.848242 0.325684 0.303516 0.00103188
0 0.859375 0.556641 0.278125 0.735156 0.00103188
