1 0.332031 0.542188 0.635938 0.915625 0.686035
1 0.910937 0.550391 0.171875 0.292969 0.0991211
1 0.062793 0.86875 0.125586 0.2625 0.0910645
1 0.245898 0.722266 0.437109 0.455469 0.0428162
1 0.909375 0.63125 0.179688 0.459375 0.033844
1 0.0814453 0.16416 0.157227 0.310742 0.0325317
1 0.212842 0.532812 0.39541 0.901563 0.0289764
0 0.910937 0.550391 0.171875 0.292969 0.0265503
1 0.15293 0.488672 0.276953 0.753906 0.0255127
0 0.0629883 0.884375 0.125977 0.23125 0.0156708
1 0.954687 0.8625 0.090625 0.270312 0.0150757
1 0.889063 0.232422 0.20625 0.441406 0.0132217
1 0.108691 0.146094 0.209961 0.286719 0.0116425
1 0.0612793 0.835742 0.122559 0.328516 0.0114212
0 0.0886719 0.145313 0.167578 0.283984 0.0102081
0 0.957422 0.907812 0.0851562 0.157813 0.00937653
0 0.857813 0.832812 0.103125 0.140625 0.00837708
1 0.0894531 0.12002 0.163281 0.240039 0.00806427
0 0.954687 0.8625 0.090625 0.270312 0.00775528
1 0.918359 0.707031 0.163281 0.567187 0.00682449
1 0.951563 0.790625 0.096875 0.4 0.00634003
0 0.909375 0.63125 0.179688 0.459375 0.00612259
0 0.326953 0.539453 0.629687 0.921094 0.006073
1 0.859375 0.827344 0.10625 0.154687 0.00605011
1 0.508203 0.418359 0.294531 0.549219 0.005867
1 0.957422 0.907812 0.0851562 0.157813 0.00579834
1 0.727344 0.308252 0.134375 0.372559 0.00492477
0 0.0612793 0.835742 0.122559 0.328516 0.00481033
0 0.889063 0.232422 0.20625 0.441406 0.00473785
0 0.859375 0.785156 0.10625 0.165625 0.0046463
1 0.184717 0.35625 0.334473 0.541406 0.00450516
0 0.729688 0.308643 0.135937 0.365527 0.00397491
1 0.239258 0.629785 0.444141 0.63418 0.00395966
1 0.900781 0.448438 0.198437 0.828125 0.00390053
1 0.907031 0.836914 0.185937 0.326172 0.00388527
1 0.407422 0.991406 0.557031 0.0171875 0.00369263
1 0.763281 0.314648 0.214062 0.378516 0.00363541
1 0.297461 0.396777 0.542578 0.61582 0.0036068
0 0.957812 0.116992 0.084375 0.232422 0.00359344
1 0.135645 0.472559 0.241992 0.30332 0.00337601
0 0.0280762 0.685156 0.0561523 0.232812 0.00332451
1 0.0598145 0.182471 0.119629 0.341309 0.00331116
1 0.134375 0.545313 0.239063 0.551562 0.00327301
0 0.777344 0.30918 0.232812 0.388672 0.00307465
0 0.8375 0.0566406 0.0953125 0.110156 0.00307465
1 0.860937 0.78457 0.104687 0.177734 0.00299263
0 0.809375 0.0477539 0.1625 0.0955078 0.0029583
1 0.833594 0.266406 0.314063 0.467187 0.00294685
1 0.739453 0.578125 0.186719 0.310937 0.00293541
1 0.958984 0.0910156 0.0820312 0.167187 0.00291252
1 0.8375 0.0566406 0.0953125 0.110156 0.00288963
0 0.898438 0.995703 0.196875 0.00859375 0.0028553
0 0.85625 0.85625 0.1 0.10625 0.00275803
0 0.951563 0.790625 0.096875 0.4 0.00273705
0 0.106445 0.117578 0.203516 0.235156 0.0026722
1 0.957812 0.116992 0.084375 0.232422 0.00258064
0 0.0740234 0.171875 0.148047 0.319922 0.00250244
0 0.8625 0.839063 0.096875 0.265625 0.00248146
1 0.8625 0.839063 0.096875 0.265625 0.00244331
1 0.494922 0.991797 0.380469 0.0164062 0.00243378
1 0.728125 0.746875 0.096875 0.109375 0.00233269
0 0.997656 0.453906 0.0046875 0.14375 0.00232315
1 0.404004 0.797656 0.529492 0.404687 0.00230598
0 0.855469 0.995703 0.195312 0.00859375 0.00228691
0 0.959375 0.0921875 0.08125 0.165625 0.00226974
0 0.828906 0.0492188 0.120312 0.0941406 0.00219154
0 0.973437 0.435254 0.053125 0.163867 0.00211525
0 0.864844 0.174609 0.159375 0.3375 0.00203514
0 0.918359 0.707031 0.163281 0.567187 0.00202751
1 0.822656 0.992188 0.2625 0.015625 0.00201988
0 0.907031 0.836914 0.185937 0.326172 0.00199509
0 0.108203 0.169531 0.2125 0.325391 0.0019722
1 0.898438 0.995703 0.196875 0.00859375 0.0019722
0 0.907031 0.508594 0.135937 0.178125 0.00194168
0 0.719141 0.0507324 0.142969 0.101465 0.00192642
1 0.884375 0.992188 0.214062 0.015625 0.00191212
1 0.924219 0.59375 0.151562 0.432813 0.00188255
1 0.758203 0.427441 0.200781 0.67793 0.00186062
0 0.973437 0.996094 0.053125 0.0078125 0.00185299
1 0.860937 0.854688 0.103125 0.101562 0.00185299
0 0.884375 0.992188 0.214062 0.015625 0.00183868
1 0.867969 0.201562 0.16875 0.389062 0.00183105
1 0.0604004 0.976562 0.120801 0.046875 0.00182438
0 0.739453 0.578125 0.186719 0.310937 0.00182438
1 0.544531 0.79707 0.246875 0.405859 0.00181007
0 0.957812 0.0543945 0.084375 0.108789 0.00178909
0 0.235938 0.720312 0.434375 0.445312 0.00176811
1 0.0662598 0.989062 0.13252 0.021875 0.0017271
0 0.0553223 0.928906 0.110059 0.142188 0.00167465
0 0.728125 0.746875 0.096875 0.109375 0.0016489
0 0.822656 0.992188 0.2625 0.015625 0.00164223
0 0.849219 0.941016 0.178125 0.117969 0.00161076
1 0.861719 0.75625 0.103125 0.139062 0.00159168
1 0.927344 0.525391 0.145313 0.311719 0.00158501
0 0.0607422 0.904688 0.11875 0.175 0.00158501
0 0.00773926 0.708594 0.0154785 0.303125 0.00157928
1 0.855469 0.995703 0.195312 0.00859375 0.00157356
1 0.224023 0.991406 0.389453 0.0171875 0.00156116
1 0.973437 0.435254 0.053125 0.163867 0.00152493
1 0.722656 0.992578 0.264062 0.0148437 0.00151253
0 0.401465 0.996094 0.204883 0.0078125 0.00150108
0 0.861719 0.75625 0.103125 0.139062 0.00148392
0 0.805469 0.995703 0.225 0.00859375 0.00146103
0 0.407422 0.991406 0.557031 0.0171875 0.00145531
1 0.506348 0.10166 0.287305 0.20332 0.00144386
0 0.00185547 0.301758 0.00371094 0.201172 0.00143242
0 0.751172 0.995703 0.227344 0.00859375 0.00143242
1 0.724219 0.0551758 0.120312 0.104297 0.00139904
1 0.94375 0.710938 0.1125 0.578125 0.00139904
0 0.385547 0.940625 0.171875 0.11875 0.00139904
1 0.848633 0.41709 0.287109 0.706445 0.00139904
0 0.506348 0.10166 0.287305 0.20332 0.00139427
0 0.701953 0.02854 0.163281 0.0570801 0.00136185
0 0.0731445 0.997266 0.146289 0.00546875 0.00133514
0 0.953516 0.875 0.0929687 0.16875 0.00133514
1 0.0280762 0.685156 0.0561523 0.232812 0.00131512
0 0.889063 0.939844 0.15625 0.120312 0.00131512
1 0.652344 0.95 0.11875 0.1 0.00129986
1 0.239648 0.794141 0.384766 0.411719 0.00129414
1 0.846094 0.0760742 0.104687 0.141992 0.0012846
1 0.911328 0.339063 0.177344 0.503125 0.00125504
1 0.552344 0.992188 0.285937 0.015625 0.00125504
0 0.808008 0.274805 0.287109 0.423047 0.00124454
1 0.885938 0.154395 0.196875 0.29707 0.00123501
1 0.0605469 0.889063 0.117578 0.2 0.00123501
1 0.532031 0.47041 0.24375 0.441992 0.00121593
1 0.755469 0.502734 0.157813 0.455469 0.0012064
1 0.50459 0.846875 0.342383 0.30625 0.00119686
0 0.722656 0.992578 0.264062 0.0148437 0.00117397
0 0.0544922 0.125098 0.108984 0.250195 0.00117397
1 0.941406 0.991797 0.117188 0.0164062 0.0011692
0 0.0285156 0.732031 0.0570313 0.271875 0.00113392
1 0.660937 0.996094 0.171875 0.0078125 0.00113392
1 0.944922 0.483594 0.110156 0.372656 0.00113392
0 0.0521362 0.539062 0.0859619 0.132812 0.00112057
1 0.425391 0.996094 0.209375 0.0078125 0.00110722
1 0.678906 0.941406 0.090625 0.117188 0.00109863
1 0.664844 0.992188 0.314063 0.015625 0.00109863
0 0.637109 0.996094 0.175 0.0078125 0.00108147
1 0.553906 0.356836 0.245312 0.537891 0.00107765
1 0.957031 0.890625 0.0859375 0.209375 0.00107288
1 0.946094 0.989844 0.107813 0.0203125 0.00106525
1 0.0442871 0.202734 0.0885742 0.379687 0.00106525
1 0.907031 0.508594 0.135937 0.178125 0.00105667
1 0.828906 0.0492188 0.120312 0.0941406 0.00105667
0 0.0560669 0.51875 0.0929443 0.154687 0.00104427
0 0.652344 0.95 0.11875 0.1 0.00104046
0 0.976562 0.457812 0.046875 0.164062 0.00103188
0 0.957031 0.890625 0.0859375 0.209375 0.00102425
0 0.494922 0.991797 0.380469 0.0164062 0.00101662
1 0.323438 0.532031 0.6125 0.865625 0.770996
0 0.623047 0.233643 0.119531 0.130371 0.0720825
0 0.0241211 0.696094 0.0482422 0.289062 0.0481262
0 0.0551758 0.870117 0.110352 0.234766 0.0391846
0 0.863281 0.792188 0.103125 0.221875 0.0261536
0 0.114648 0.106445 0.229297 0.212891 0.0194244
0 0.0277832 0.724219 0.0555664 0.2875 0.0191193
0 0.608203 0.104102 0.0695312 0.202344 0.0167236
0 0.957031 0.879492 0.0859375 0.222266 0.0153656
0 0.323633 0.497656 0.605859 0.779688 0.0118713
1 0.243164 0.725781 0.441797 0.398438 0.0109863
0 0.0375488 0.87207 0.0750977 0.243359 0.01017
1 0.620313 0.232812 0.128906 0.132812 0.00728989
0 0.642969 0.878125 0.123438 0.215625 0.0064888
1 0.0241211 0.696094 0.0482422 0.289062 0.00624084
0 0.402344 0.635938 0.142188 0.167187 0.00595856
0 0.650781 0.847656 0.109375 0.148438 0.00591278
0 0.017041 0.10918 0.034082 0.218359 0.00564194
0 0.0161621 0.644922 0.0323242 0.317969 0.00527954
0 0.748438 0.0791992 0.1875 0.14668 0.0046463
0 0.0275146 0.777344 0.0550293 0.389062 0.00407028
1 0.114648 0.106445 0.229297 0.212891 0.00324821
0 0.576563 0.554297 0.13125 0.203125 0.00319672
0 0.73125 0.767969 0.115625 0.059375 0.00300407
1 0.0551758 0.870117 0.110352 0.234766 0.00296974
1 0.863281 0.792188 0.103125 0.221875 0.0029583
0 0.0116699 0.114258 0.0233398 0.228516 0.00290108
1 0.608203 0.104102 0.0695312 0.202344 0.00288963
0 0.263086 0.823438 0.241016 0.192188 0.00274658
0 0.729688 0.760156 0.090625 0.078125 0.00257111
0 0.910156 0.500781 0.135937 0.220313 0.00251198
1 0.0277832 0.724219 0.0555664 0.2875 0.00243378
0 0.253125 0.344531 0.168359 0.213281 0.00209999
1 0.0273926 0.759375 0.0547852 0.454688 0.00194168
1 0.957031 0.879492 0.0859375 0.222266 0.00178242
0 0.281641 0.85625 0.253125 0.134375 0.00169373
0 0.336719 0.278516 0.0546875 0.132422 0.00169373
1 0.516016 0.435156 0.26875 0.465625 0.00164223
0 0.949219 0.847656 0.101562 0.304688 0.00160408
0 0.676562 0.833594 0.0609375 0.101562 0.0015974
0 0.554688 0.102734 0.165625 0.205469 0.0015192
0 0.0281738 0.716016 0.0563477 0.124219 0.0014782
0 0.0213379 0.751562 0.0426758 0.44375 0.00145531
0 0.696094 0.921875 0.0734375 0.0875 0.00139904
0 0.973437 0.470215 0.053125 0.24707 0.00136662
0 0.955469 0.929688 0.0890625 0.1375 0.00135612
0 0.553125 0.89375 0.126563 0.170312 0.00135612
0 0.626953 0.242969 0.15625 0.127734 0.00129986
0 0.678906 0.835938 0.0546875 0.078125 0.00129414
1 0.236328 0.467578 0.450781 0.685156 0.00124931
0 0.733203 0.738672 0.100781 0.0976562 0.00117874
0 0.741406 0.7625 0.114063 0.05 0.0011692
0 0.0249268 0.710938 0.0498535 0.148438 0.00116062
0 0.647656 0.0983398 0.11875 0.193945 0.00115108
0 0.595312 0.584375 0.090625 0.1375 0.00114727
1 0.0375488 0.87207 0.0750977 0.243359 0.00108624
0 0.577344 0.90625 0.164062 0.15 0.00105667
1 0.333203 0.523828 0.616406 0.877344 0.912598
1 0.825586 0.491406 0.348828 0.926562 0.0529175
0 0.957031 0.85625 0.0859375 0.278125 0.0302124
0 0.8625 0.797656 0.10625 0.28125 0.0223694
1 0.878125 0.514453 0.24375 0.952344 0.0222931
1 0.8625 0.797656 0.10625 0.28125 0.0123825
1 0.467578 0.520312 0.40625 0.734375 0.0116882
0 0.0601562 0.878906 0.120312 0.242188 0.0108185
0 0.0777344 0.116797 0.151367 0.233594 0.0104065
1 0.957031 0.85625 0.0859375 0.278125 0.01017
1 0.536328 0.520703 0.586719 0.730469 0.00955963
1 0.923047 0.650781 0.153906 0.554688 0.00731659
1 0.612598 0.560938 0.774805 0.878125 0.00698471
1 0.0601562 0.878906 0.120312 0.242188 0.00695801
0 0.627344 0.241406 0.10625 0.126563 0.00429916
1 0.89375 0.819531 0.165625 0.30625 0.00385475
1 0.0777344 0.116797 0.151367 0.233594 0.00358009
1 0.920313 0.571094 0.153125 0.814062 0.00302696
1 0.477734 0.429297 0.351562 0.444531 0.00275803
1 0.940625 0.827344 0.11875 0.334375 0.00234222
1 0.584375 0.542188 0.126563 0.2375 0.00234222
1 0.627344 0.241406 0.10625 0.126563 0.00226021
0 0.0665527 0.147656 0.129785 0.291406 0.00188255
0 0.628125 0.269727 0.1 0.156641 0.00188255
0 0.954297 0.89375 0.0914062 0.20625 0.00161076
0 0.723828 0.0890869 0.167969 0.172607 0.00160408
0 0.721875 0.929688 0.18125 0.140625 0.00156116
1 0.343359 0.152344 0.608594 0.224219 0.00133038
1 0.94375 0.879102 0.1125 0.241797 0.00122547
1 0.336328 0.192236 0.586719 0.191309 0.00113392
0 0.333203 0.523828 0.616406 0.877344 0.00112057
1 0.717188 0.921875 0.190625 0.153125 0.00107288
1 0.333398 0.0234619 0.412891 0.0469238 0.00104427
1 0.069043 0.845312 0.135156 0.309375 0.00101662
1 0.330078 0.491406 0.611719 0.804688 0.833984
1 0.810352 0.463672 0.379297 0.780469 0.0143356
1 0.80625 0.293359 0.3875 0.471875 0.00769424
0 0.330078 0.491406 0.611719 0.804688 0.00723267
1 0.333594 0.305469 0.60625 0.425 0.00502014
1 0.749609 0.521875 0.500781 0.889063 0.00283432
1 0.235938 0.706641 0.4125 0.417969 0.00283432
1 0.303906 0.226953 0.523438 0.269922 0.00191212
0 0.0729492 0.112598 0.144922 0.220117 0.00157928
1 0.908594 0.516309 0.182812 0.764258 0.00126457
1 0.449316 0.396875 0.399805 0.601562 0.00108147
0 0.303906 0.226953 0.523438 0.269922 0.00104046
1 0.331641 0.537891 0.653125 0.886719 0.650391
0 0.330273 0.539453 0.647266 0.886719 0.252441
0 0.864062 0.774609 0.103125 0.247656 0.0104065
1 0.957812 0.858008 0.084375 0.268359 0.00568771
0 0.957812 0.858008 0.084375 0.268359 0.00397491
1 0.864062 0.774609 0.103125 0.247656 0.00305176
0 0.948828 0.813281 0.102344 0.365625 0.00184631
0 0.875 0.814258 0.190625 0.355859 0.00182438
1 0.978125 0.421094 0.04375 0.324219 0.00177479
1 0.971094 0.513281 0.0578125 0.870313 0.00147247
0 0.632812 0.233008 0.128125 0.135156 0.00133514
0 0.842383 0.772266 0.155859 0.285156 0.00132465
0 0.864062 0.79082 0.13125 0.352734 0.00132465
1 0.184766 0.522656 0.338672 0.845312 0.00131989
1 0.910547 0.517969 0.178906 0.867188 0.00109863
1 0.338281 0.507812 0.625 0.840625 0.883301
0 0.336328 0.507422 0.624219 0.836719 0.0107346
0 0.952344 0.825781 0.0953125 0.348437 0.00912476
1 0.957812 0.849219 0.084375 0.292188 0.0078125
1 0.236719 0.722656 0.41875 0.404687 0.00492477
1 0.920313 0.540234 0.159375 0.417188 0.00479126
1 0.566406 0.423047 0.173438 0.482031 0.00274658
0 0.922266 0.542969 0.155469 0.403906 0.00161076
1 0.926562 0.474219 0.146875 0.51875 0.0015974
0 0.870313 0.779688 0.10625 0.254687 0.00117397
1 0.34043 0.529688 0.629297 0.882812 0.889648
1 0.867969 0.793555 0.10625 0.219141 0.140869
1 0.955469 0.891406 0.0890625 0.215625 0.0794678
1 0.223438 0.719531 0.405469 0.40625 0.0643921
1 0.914453 0.546875 0.171094 0.367188 0.0539856
1 0.575781 0.913281 0.145313 0.164062 0.0311432
1 0.920313 0.471191 0.159375 0.37793 0.0306244
0 0.953906 0.891406 0.0921875 0.210938 0.0248871
0 0.865625 0.790625 0.1125 0.225 0.0136337
1 0.348047 0.399609 0.608594 0.632031 0.0129242
1 0.914062 0.513672 0.15625 0.239844 0.0120544
1 0.514844 0.915625 0.953125 0.16875 0.00878143
1 0.636328 0.234766 0.122656 0.128906 0.0069313
1 0.736719 0.928125 0.14375 0.1375 0.00638962
1 0.976562 0.465234 0.046875 0.235156 0.00629044
0 0.636328 0.234766 0.122656 0.128906 0.00536346
1 0.313086 0.725781 0.569141 0.426562 0.00455475
1 0.867578 0.444629 0.264844 0.573242 0.00434875
1 0.0630859 0.851367 0.117578 0.297266 0.00372124
0 0.0912109 0.106445 0.176172 0.207813 0.00318527
1 0.914062 0.295703 0.171875 0.496094 0.00282288
1 0.898438 0.498828 0.203125 0.538281 0.00255013
1 0.878125 0.229639 0.24375 0.348535 0.00246239
0 0.972656 0.408594 0.0546875 0.132031 0.00242424
0 0.338281 0.503516 0.621875 0.830469 0.00240517
0 0.060498 0.857031 0.104199 0.285937 0.00239754
1 0.796289 0.281641 0.407422 0.527344 0.00214958
0 0.98125 0.442969 0.0375 0.197656 0.00194168
0 0.664844 0.885156 0.05625 0.071875 0.00182438
1 0.973437 0.341797 0.053125 0.575 0.00178909
1 0.877344 0.816992 0.11875 0.228516 0.00170708
1 0.93125 0.350391 0.1375 0.611719 0.00167465
1 0.81582 0.22417 0.368359 0.391504 0.00161648
1 0.921875 0.659375 0.15625 0.196875 0.00159168
1 0.909375 0.258545 0.18125 0.286816 0.00152493
1 0.927344 0.613281 0.1375 0.423438 0.00150681
1 0.463672 0.919922 0.625781 0.160156 0.00145531
0 0.223438 0.719531 0.405469 0.40625 0.00144958
1 0.936328 0.48125 0.127344 0.2125 0.00143814
1 0.529688 0.440625 0.254687 0.444531 0.00139904
0 0.575781 0.913281 0.145313 0.164062 0.00138855
0 0.914453 0.546875 0.171094 0.367188 0.0012846
1 0.811523 0.441406 0.376953 0.803125 0.00127411
1 0.947656 0.864062 0.09375 0.2375 0.00119686
1 0.9625 0.46875 0.075 0.202344 0.00119209
1 0.833594 0.782031 0.176563 0.245312 0.00112438
0 0.670313 0.81875 0.0617188 0.0828125 0.00112438
0 0.675391 0.83125 0.0585938 0.0703125 0.00109005
0 0.920313 0.471191 0.159375 0.37793 0.00108147
1 0.134082 0.877344 0.261523 0.245312 0.00106525
0 0.504687 0.696094 0.0546875 0.104687 0.00104809
1 0.921094 0.471191 0.157813 0.591992 0.00104046
1 0.0912109 0.106445 0.176172 0.207813 0.00102806
0 0.974219 0.385156 0.05 0.132031 0.00102425
1 0.871875 0.166797 0.140625 0.269922 0.00102425
1 0.400098 0.649219 0.154492 0.19375 0.00101662
1 0.533594 0.515625 0.257812 0.671875 0.00100422
1 0.341406 0.508594 0.634375 0.829687 0.879395
1 0.21958 0.717969 0.37959 0.407813 0.03125
1 0.914062 0.599316 0.15625 0.701367 0.0206451
0 0.865625 0.782812 0.09375 0.240625 0.0168457
1 0.916406 0.51875 0.167187 0.871875 0.0136337
1 0.957812 0.865039 0.084375 0.269922 0.012291
0 0.08125 0.108789 0.15293 0.211328 0.0111618
1 0.865625 0.782812 0.09375 0.240625 0.01017
1 0.977344 0.458594 0.0453125 0.815625 0.00912476
0 0.957812 0.865039 0.084375 0.269922 0.00844574
1 0.978125 0.428809 0.04375 0.326758 0.00305176
1 0.884375 0.808008 0.11875 0.343359 0.00296974
1 0.176904 0.6875 0.318848 0.354688 0.00288963
1 0.973047 0.374219 0.0539063 0.585156 0.00247192
1 0.907031 0.80625 0.139062 0.378125 0.00218201
1 0.946094 0.842969 0.0953125 0.3 0.00217438
0 0.978125 0.428809 0.04375 0.326758 0.0017004
1 0.093335 0.109961 0.170361 0.219922 0.00158501
1 0.952344 0.452344 0.0953125 0.825 0.00154877
1 0.210352 0.785156 0.358203 0.273438 0.00139427
1 0.228955 0.183643 0.396777 0.191309 0.00136662
1 0.798633 0.509375 0.402734 0.871875 0.00134087
0 0.0613281 0.855859 0.108203 0.288281 0.00110722
1 0.338867 0.523828 0.616016 0.852344 0.904297
1 0.95625 0.853125 0.0875 0.292188 0.0526123
0 0.0817139 0.112891 0.150635 0.216016 0.0477905
1 0.844531 0.48125 0.310937 0.884375 0.0252228
1 0.902344 0.501562 0.195312 0.871875 0.0219116
1 0.208008 0.698438 0.376953 0.448438 0.0197144
1 0.867188 0.779492 0.103125 0.241016 0.0157776
0 0.95625 0.853125 0.0875 0.292188 0.0049057
1 0.0817139 0.112891 0.150635 0.216016 0.00419998
1 0.95 0.78125 0.0953125 0.429688 0.00254059
0 0.867188 0.779492 0.103125 0.241016 0.00242424
1 0.686328 0.5 0.627344 0.828125 0.00235939
1 0.301562 0.695312 0.5375 0.460938 0.00228691
0 0.338867 0.523828 0.616016 0.852344 0.00222588
1 0.885938 0.79375 0.109375 0.392188 0.0014782
1 0.946094 0.465234 0.107813 0.791406 0.00143814
1 0.190283 0.799219 0.352246 0.314063 0.00135136
1 0.977734 0.400879 0.0445312 0.329492 0.00119686
1 0.744531 0.93125 0.125 0.134375 0.00112438
1 0.163086 0.832617 0.314063 0.334766 0.00106907
1 0.333789 0.5 0.619141 0.80625 0.905273
1 0.954687 0.860742 0.0875 0.278516 0.0313721
1 0.914844 0.632812 0.16875 0.55625 0.026001
1 0.8625 0.783594 0.109375 0.245312 0.0232391
1 0.903125 0.50625 0.19375 0.9125 0.0173035
1 0.22793 0.720312 0.412109 0.407813 0.00898743
0 0.0835693 0.108008 0.161377 0.211328 0.00784302
1 0.914453 0.5375 0.171094 0.70625 0.00751877
0 0.8625 0.783594 0.109375 0.245312 0.00376511
1 0.831055 0.5 0.337891 0.957812 0.00353813
1 0.0835693 0.108008 0.161377 0.211328 0.00283432
0 0.954687 0.860742 0.0875 0.278516 0.00203514
0 0.336133 0.504297 0.623047 0.816406 0.00188923
1 0.7375 0.926562 0.13125 0.14375 0.00100803
1 0.339063 0.523828 0.616406 0.852344 0.904297
1 0.95625 0.853125 0.0875 0.292188 0.0526123
0 0.0816406 0.112891 0.150586 0.216016 0.0474243
1 0.844531 0.48125 0.310937 0.884375 0.0250854
1 0.902344 0.501562 0.195312 0.871875 0.0218658
1 0.208008 0.698438 0.376953 0.448438 0.0195618
1 0.867188 0.779688 0.103125 0.242188 0.0156708
0 0.95625 0.853125 0.0875 0.292188 0.00486755
1 0.0816406 0.112891 0.150586 0.216016 0.00419998
1 0.95 0.78125 0.0953125 0.429688 0.00253105
0 0.867188 0.779688 0.103125 0.242188 0.00239754
1 0.686719 0.5 0.626562 0.828125 0.00234985
1 0.301562 0.695312 0.538281 0.460938 0.00228691
0 0.339063 0.523828 0.616406 0.852344 0.00223351
1 0.885938 0.79375 0.109375 0.392188 0.00147247
1 0.946094 0.465234 0.107813 0.791406 0.00144386
1 0.190283 0.799219 0.352246 0.314063 0.00135136
1 0.977734 0.400781 0.0445312 0.329688 0.00118828
1 0.744531 0.93125 0.125 0.134375 0.00112915
1 0.163086 0.832617 0.314063 0.334766 0.00107288
