1 0.123438 0.692969 0.241406 0.4375 0.280518
1 0.457422 0.483984 0.15 0.197656 0.262207
1 0.610547 0.514063 0.159375 0.215625 0.240112
0 0.612891 0.519531 0.157031 0.207031 0.201782
0 0.458203 0.491406 0.151562 0.192188 0.153564
0 0.870313 0.192627 0.075 0.12959 0.0370483
0 0.458594 0.503125 0.128125 0.153125 0.0333252
1 0.870313 0.191797 0.078125 0.132812 0.0219421
0 0.0411133 0.127173 0.0822266 0.116748 0.0198669
1 0.550781 0.112793 0.120312 0.183789 0.0175171
0 0.0439575 0.557031 0.087085 0.148438 0.016922
0 0.544531 0.111035 0.126563 0.188086 0.0152512
1 0.0732422 0.610937 0.142188 0.258594 0.0150757
0 0.0495239 0.374609 0.0984131 0.18125 0.0147324
1 0.458594 0.503125 0.128125 0.153125 0.0145569
1 0.607813 0.367969 0.1875 0.542188 0.0142288
1 0.0411133 0.127173 0.0822266 0.116748 0.012825
1 0.0724609 0.300195 0.142188 0.362891 0.0122375
1 0.870703 0.626172 0.258594 0.425781 0.0122375
1 0.863281 0.0665039 0.120312 0.124023 0.0122375
0 0.842188 0.485938 0.132812 0.135937 0.0122375
1 0.509375 0.734375 0.31875 0.348437 0.0121002
1 0.0614746 0.347656 0.122363 0.272656 0.0109863
1 0.644531 0.374023 0.25 0.548828 0.00997162
0 0.8625 0.0679687 0.121875 0.122266 0.00933838
1 0.759375 0.669922 0.110937 0.135156 0.00888062
1 0.0496948 0.383594 0.097876 0.185156 0.0088501
1 0.851562 0.484375 0.128125 0.13125 0.00881195
0 0.541797 0.144531 0.119531 0.125 0.00874329
1 0.116992 0.751953 0.230078 0.325781 0.00837708
1 0.247852 0.717578 0.313672 0.394531 0.00772476
1 0.094043 0.250586 0.182227 0.469922 0.00760651
1 0.6125 0.45 0.2375 0.746875 0.00757599
0 0.762109 0.667188 0.113281 0.13125 0.00746155
1 0.288477 0.327344 0.326953 0.654688 0.00743103
1 0.0429199 0.561719 0.0858398 0.15 0.00701141
1 0.782031 0.208398 0.10625 0.115625 0.0068779
0 0.778125 0.209766 0.096875 0.107031 0.00679779
1 0.677734 0.528516 0.272656 0.233594 0.00638962
1 0.885938 0.545313 0.228125 0.259375 0.00634003
0 0.0416992 0.0987305 0.0833984 0.158789 0.00629044
1 0.541797 0.144531 0.119531 0.125 0.00629044
1 0.546973 0.73125 0.487305 0.35625 0.00612259
1 0.144531 0.144629 0.0972656 0.135352 0.00534439
1 0.171484 0.46875 0.270312 0.88125 0.00500107
1 0.408691 0.735937 0.399805 0.34375 0.00494385
1 0.308984 0.759375 0.196094 0.304688 0.00475693
1 0.114355 0.290625 0.225195 0.504687 0.00473785
1 0.204688 0.687891 0.405469 0.457031 0.00460815
1 0.130078 0.599219 0.249609 0.247656 0.00397491
0 0.509375 0.734375 0.31875 0.348437 0.00379562
1 0.351172 0.436719 0.109375 0.1125 0.00369263
1 0.348633 0.314453 0.344141 0.596094 0.00365067
0 0.833594 0.197461 0.117188 0.132031 0.00363541
1 0.0621094 0.525781 0.120898 0.623438 0.00358009
1 0.216992 0.455859 0.254687 0.852344 0.00352478
1 0.362891 0.315625 0.230469 0.559375 0.00331116
0 0.141797 0.142188 0.0976562 0.129688 0.00323486
1 0.622266 0.527344 0.130469 0.177344 0.00317192
1 0.0986328 0.192188 0.189453 0.339453 0.00314713
0 0.959766 0.0561523 0.0804688 0.112305 0.00300407
1 0.673047 0.476465 0.285156 0.30332 0.00279999
1 0.0416992 0.0987305 0.0833984 0.158789 0.00268364
1 0.957031 0.10625 0.0859375 0.2125 0.00263214
1 0.478516 0.470313 0.111719 0.13125 0.00263214
0 0.0351318 0.566406 0.0702637 0.18125 0.00263214
1 0.860937 0.0945313 0.129688 0.189063 0.00259018
0 0.0615234 0.546484 0.121484 0.141406 0.0024929
1 0.432031 0.648438 0.10625 0.15 0.00240517
1 0.688281 0.580859 0.315625 0.366406 0.00239754
0 0.00187988 0.0961914 0.00375977 0.192383 0.00236893
0 0.123438 0.692969 0.241406 0.4375 0.00236893
1 0.613672 0.288477 0.253125 0.571484 0.00232315
1 0.546094 0.319922 0.0828125 0.135937 0.00226974
1 0.660937 0.402246 0.3 0.675195 0.00225258
0 0.0732422 0.610937 0.142188 0.258594 0.00225258
0 0.323047 0.995703 0.224219 0.00859375 0.00223351
1 0.530469 0.838281 0.0984375 0.114063 0.00222588
1 0.25542 0.420312 0.293848 0.702344 0.00222588
1 0.853125 0.457422 0.129688 0.078125 0.00216484
0 0.957031 0.10625 0.0859375 0.2125 0.00216484
1 0.267578 0.992188 0.535156 0.015625 0.00216484
0 0.699609 0.995703 0.221094 0.00859375 0.00214958
1 0.633203 0.990625 0.664844 0.01875 0.00211525
1 0.843945 0.133105 0.165234 0.265039 0.00211525
0 0.371484 0.996094 0.227344 0.0078125 0.00209999
0 0.0489746 0.170312 0.0958008 0.192969 0.0020752
0 0.27583 0.995703 0.220215 0.00859375 0.0020752
0 0.959375 0.0696289 0.08125 0.132617 0.00205803
0 0.546094 0.319922 0.0828125 0.135937 0.00205803
1 0.45625 0.571094 0.157031 0.382812 0.0020504
0 0.748047 0.995703 0.221094 0.00859375 0.0020504
0 0.351172 0.436719 0.109375 0.1125 0.00201988
1 0.48125 0.491406 0.107813 0.133594 0.00201988
1 0.17793 0.455078 0.202734 0.527344 0.00198746
1 0.628125 0.644922 0.240625 0.525781 0.00195694
1 0.51875 0.108789 0.192188 0.217578 0.00194168
1 0.833594 0.197461 0.117188 0.132031 0.00194168
0 0.408691 0.735937 0.399805 0.34375 0.00191879
1 0.837305 0.657812 0.322266 0.46875 0.00191879
0 0.870703 0.626172 0.258594 0.425781 0.00191879
0 0.308984 0.759375 0.196094 0.304688 0.00187492
0 0.650391 0.995703 0.224219 0.00859375 0.00183868
1 0.753125 0.992188 0.389062 0.015625 0.00183105
1 0.133887 0.165723 0.174023 0.331445 0.00181007
0 0.421484 0.996094 0.226562 0.0078125 0.00181007
0 0.432031 0.648438 0.10625 0.15 0.00181007
0 0.226367 0.995703 0.219141 0.00859375 0.0018034
0 0.0826172 0.996484 0.165234 0.00703125 0.00178909
0 0.498437 0.996094 0.223438 0.0078125 0.00176811
1 0.955469 0.166406 0.0890625 0.307813 0.00174809
0 0.273242 0.992188 0.512891 0.015625 0.00174809
1 0.825 0.113184 0.195312 0.226367 0.00174809
0 0.753125 0.992188 0.389062 0.015625 0.00174141
0 0.599609 0.995703 0.223438 0.00859375 0.00173378
0 0.247852 0.717578 0.313672 0.394531 0.0017271
1 0.164746 0.582812 0.186914 0.254687 0.00171375
0 0.546973 0.73125 0.487305 0.35625 0.00171375
0 0.415234 0.992188 0.638281 0.015625 0.00171375
0 0.586621 0.991406 0.748633 0.0171875 0.00170708
0 0.870313 0.215625 0.078125 0.116016 0.0017004
1 0.0616211 0.396484 0.123242 0.352344 0.0017004
1 0.521875 0.46875 0.353125 0.9375 0.00168133
1 0.178418 0.985156 0.356836 0.0296875 0.00167465
0 0.549219 0.995703 0.223438 0.00859375 0.00167465
0 0.798633 0.995703 0.221484 0.00859375 0.00166798
1 0.279102 0.38457 0.473828 0.769141 0.00163555
0 0.53125 0.8375 0.0953125 0.125 0.00162888
1 0.415234 0.992188 0.638281 0.015625 0.00161648
1 0.520312 0.991406 0.721875 0.0171875 0.00160408
1 0.935156 0.486719 0.129688 0.345313 0.00158501
0 0.0243164 0.105957 0.0486328 0.211914 0.00157356
1 0.452734 0.307422 0.107031 0.13125 0.00155449
1 0.303906 0.382422 0.203906 0.491406 0.00153637
1 0.129321 0.111523 0.160889 0.223047 0.00152493
1 0.207813 0.425098 0.230469 0.593555 0.0015192
1 0.0243164 0.105957 0.0486328 0.211914 0.00150681
0 0.946875 0.221533 0.090625 0.145215 0.00144958
1 0.342969 0.468359 0.138281 0.235938 0.00144958
0 0.88125 0.0829102 0.096875 0.132031 0.00144386
0 0.448438 0.815625 0.101562 0.1375 0.00141621
1 0.46875 0.265625 0.078125 0.164844 0.00141048
0 0.0019043 0.136133 0.00380859 0.217578 0.00139904
0 0.972656 0.996094 0.0546875 0.0078125 0.00139904
0 0.677734 0.528516 0.272656 0.233594 0.00139427
1 0.0685059 0.548437 0.123926 0.140625 0.00137234
0 0.178418 0.985156 0.356836 0.0296875 0.00137234
0 0.644531 0.374023 0.25 0.548828 0.00136662
0 0.8625 0.130078 0.11875 0.244531 0.00136662
0 0.955469 0.166406 0.0890625 0.307813 0.00136185
1 0.151953 0.15647 0.108984 0.171826 0.00135612
1 0.959375 0.0696289 0.08125 0.132617 0.00134087
0 0.889063 0.547656 0.221875 0.264062 0.00133038
0 0.846875 0.996094 0.215625 0.0078125 0.00133038
1 0.546094 0.342383 0.0828125 0.112891 0.00131512
0 0.464844 0.278711 0.0820312 0.185547 0.00130939
0 0.546094 0.342383 0.0828125 0.112891 0.00129986
1 0.714844 0.645703 0.382812 0.517969 0.00129414
0 0.607813 0.367969 0.1875 0.542188 0.0012846
1 0.785937 0.187891 0.103125 0.135547 0.00126457
0 0.478516 0.470313 0.111719 0.13125 0.00123501
1 0.544531 0.368164 0.0828125 0.124609 0.00122547
0 0.492969 0.527734 0.0921875 0.132031 0.00122547
1 0.0489746 0.170312 0.0958008 0.192969 0.0012207
0 0.85 0.992188 0.3 0.015625 0.00121593
1 0.16521 0.111621 0.189111 0.223242 0.0012064
0 0.452734 0.307422 0.107031 0.13125 0.0012064
0 0.79375 0.0645508 0.264062 0.124414 0.00118828
1 0.483594 0.588672 0.20625 0.366406 0.00118351
0 0.610156 0.544531 0.13125 0.135937 0.00117874
1 0.0871094 0.108398 0.158008 0.216797 0.00117874
1 0.925781 0.532422 0.148438 0.265625 0.0011692
1 0.541797 0.688281 0.547656 0.453125 0.00116539
0 0.843945 0.133105 0.165234 0.265039 0.00114727
1 0.85 0.992188 0.3 0.015625 0.0011425
1 0.448438 0.815625 0.101562 0.1375 0.0011425
0 0.6 0.415625 0.245312 0.83125 0.00113392
0 0.107715 0.996484 0.208398 0.00703125 0.00113392
1 0.950391 0.276172 0.0992187 0.476562 0.00112915
0 0.79043 0.197852 0.109766 0.125781 0.00112438
1 0.724219 0.995703 0.221875 0.00859375 0.00112438
0 0.839844 0.0703125 0.15 0.12168 0.0011158
1 0.219189 0.769531 0.374121 0.303125 0.0011158
1 0.947656 0.366406 0.104687 0.401563 0.00111198
0 0.0444824 0.0694824 0.0879883 0.138965 0.00111198
1 0.875 0.131836 0.1 0.242969 0.00110722
1 0.559375 0.110156 0.245312 0.220313 0.00109863
0 0.958594 0.381641 0.0828125 0.160156 0.00108624
0 0.0614746 0.347656 0.122363 0.272656 0.00108147
1 0.323047 0.995703 0.224219 0.00859375 0.00108147
1 0.879687 0.0622559 0.101562 0.106738 0.00107765
1 0.272266 0.206055 0.363281 0.412109 0.00106907
1 0.948438 0.243164 0.090625 0.129297 0.00105667
0 0.48125 0.491406 0.107813 0.133594 0.00105667
1 0.942969 0.507129 0.114063 0.437305 0.00105667
0 0.0774414 0.941797 0.154883 0.116406 0.00104809
1 0.675 0.995703 0.221875 0.00859375 0.00104427
1 0.371484 0.996094 0.227344 0.0078125 0.00104046
0 0.860937 0.0945313 0.129688 0.189063 0.00104046
0 0.922266 0.997266 0.155469 0.00546875 0.00103664
1 0.725781 0.463281 0.096875 0.0953125 0.00103188
0 0.530469 0.108301 0.185937 0.216211 0.00103188
1 0.211523 0.108887 0.222266 0.217773 0.00103188
1 0.732031 0.48125 0.101562 0.115625 0.00102806
1 0.773438 0.995703 0.221875 0.00859375 0.00100803
0 0.17793 0.995703 0.214453 0.00859375 0.00100803
0 0.614062 0.510156 0.142188 0.195312 0.927734
0 0.464063 0.482812 0.132812 0.18125 0.859863
0 0.771875 0.65625 0.114063 0.120312 0.494141
0 0.871875 0.0615234 0.104687 0.116406 0.436768
0 0.0674805 0.553516 0.131836 0.163281 0.260498
0 0.846875 0.478906 0.1375 0.123438 0.227417
0 0.348437 0.436328 0.108594 0.113281 0.193726
0 0.596875 0.35 0.110937 0.148438 0.193115
0 0.770312 0.200977 0.0875 0.117969 0.127686
1 0.463672 0.489844 0.146094 0.171094 0.123352
0 0.871875 0.186133 0.071875 0.130469 0.117981
0 0.426953 0.660547 0.1125 0.176563 0.100159
1 0.616406 0.511719 0.159375 0.201562 0.0713501
0 0.345313 0.476953 0.11875 0.195312 0.0596619
0 0.7875 0.189844 0.115625 0.14375 0.0589905
1 0.771875 0.65625 0.114063 0.120312 0.055603
0 0.942578 0.389746 0.114844 0.179883 0.0514526
0 0.680078 0.79375 0.216406 0.192188 0.0481262
1 0.871875 0.0615234 0.104687 0.116406 0.0455322
0 0.476562 0.661719 0.203125 0.176563 0.0430298
0 0.427344 0.310547 0.0625 0.133594 0.0389099
0 0.307031 0.768359 0.1375 0.102344 0.0332031
0 0.501562 0.804492 0.16875 0.172266 0.0296478
0 0.848437 0.507812 0.134375 0.1875 0.0274811
0 0.81543 0.19668 0.172266 0.13125 0.024704
0 0.89375 0.601172 0.096875 0.153906 0.0232391
1 0.0712891 0.567578 0.142578 0.186719 0.0229797
1 0.345313 0.476953 0.11875 0.195312 0.021286
1 0.770312 0.200977 0.0875 0.117969 0.0210419
1 0.0785156 0.61875 0.157031 0.290625 0.0176392
1 0.595312 0.350586 0.1125 0.150391 0.0173798
1 0.846875 0.478906 0.1375 0.123438 0.0173035
0 0.759375 0.197656 0.0671875 0.0925781 0.0171814
1 0.346484 0.441406 0.110937 0.121875 0.0167236
0 0.242627 0.127515 0.212402 0.183643 0.0165253
1 0.699219 0.800781 0.248437 0.2 0.0152512
1 0.871875 0.186133 0.071875 0.130469 0.0147858
1 0.426953 0.660547 0.1125 0.176563 0.0147858
0 0.460547 0.423438 0.119531 0.0671875 0.0147324
0 0.555469 0.160449 0.125 0.0896484 0.0139542
0 0.429688 0.636328 0.0953125 0.130469 0.0130234
0 0.640625 0.5125 0.221875 0.201562 0.0120087
0 0.312109 0.788867 0.166406 0.159766 0.0118713
1 0.851367 0.507031 0.156641 0.178125 0.0117798
0 0.426953 0.316797 0.0921875 0.147656 0.011734
1 0.481641 0.661719 0.221875 0.179688 0.0116882
1 0.444434 0.478516 0.175195 0.189063 0.0112
0 0.864062 0.570312 0.153125 0.2125 0.00941467
0 0.588281 0.509766 0.196875 0.202344 0.0091629
0 0.935938 0.557813 0.128125 0.179688 0.0085144
1 0.7875 0.189844 0.115625 0.14375 0.00841522
1 0.888281 0.554688 0.223438 0.285937 0.00763702
1 0.125488 0.692578 0.250977 0.433594 0.00743103
0 0.0785156 0.61875 0.157031 0.290625 0.0069313
1 0.427344 0.310547 0.0625 0.133594 0.00682449
1 0.942578 0.389746 0.114844 0.179883 0.00626373
0 0.9625 0.382129 0.075 0.176367 0.00602722
0 0.6625 0.786719 0.1625 0.170312 0.00600433
0 0.642187 0.538281 0.09375 0.13125 0.00595856
0 0.552734 0.666406 0.0789063 0.0953125 0.00572968
0 0.688672 0.441406 0.084375 0.0875 0.00564194
0 0.104785 0.546484 0.0615234 0.1125 0.00538635
0 0.888281 0.554688 0.223438 0.285937 0.00530243
0 0.614844 0.370703 0.0828125 0.0734375 0.00526047
0 0.449219 0.3125 0.121094 0.139062 0.00524139
0 0.864844 0.178955 0.065625 0.102246 0.00521851
0 0.0548828 0.385156 0.109766 0.224219 0.0051384
1 0.237305 0.124829 0.223047 0.199951 0.00488663
0 0.479297 0.498828 0.0984375 0.135937 0.00434875
0 0.616406 0.486328 0.151562 0.138281 0.0039444
0 0.9 0.559375 0.2 0.184375 0.0039444
1 0.81543 0.19668 0.172266 0.13125 0.00382423
1 0.307031 0.768359 0.1375 0.102344 0.0036068
1 0.555469 0.160449 0.125 0.0896484 0.00356483
0 0.0729004 0.572656 0.145801 0.198437 0.00352478
1 0.89375 0.601172 0.096875 0.153906 0.00335121
0 0.840625 0.235156 0.132812 0.0484375 0.00323486
0 0.758203 0.200049 0.0492188 0.0827148 0.00321007
0 0.921094 0.189258 0.153125 0.133203 0.00319672
1 0.435937 0.685156 0.307031 0.225 0.0030632
0 0.953906 0.553906 0.0921875 0.171875 0.00283432
0 0.883594 0.0619141 0.0765625 0.101562 0.00279045
0 0.664844 0.501172 0.0398437 0.1375 0.00277901
0 0.435937 0.685156 0.307031 0.225 0.00274658
0 0.358594 0.691406 0.0882813 0.08125 0.00271416
0 0.829492 0.659766 0.244141 0.13125 0.00268364
0 0.630469 0.546875 0.140625 0.121875 0.00268364
1 0.0616211 0.553906 0.123242 0.153125 0.00261116
1 0.426953 0.316797 0.0921875 0.147656 0.00260162
0 0.294531 0.51875 0.107813 0.0625 0.00259018
0 0.659375 0.247266 0.114063 0.107813 0.00250244
0 0.591406 0.508594 0.110937 0.183594 0.0024929
0 0.473437 0.409766 0.123438 0.0429688 0.00245285
0 0.789844 0.663281 0.164062 0.115625 0.00240517
0 0.502344 0.480469 0.225 0.192188 0.00235939
0 0.657031 0.527344 0.05625 0.159375 0.00235939
1 0.829492 0.659766 0.244141 0.13125 0.00222588
0 0.245117 0.846875 0.0953125 0.1 0.00219917
0 0.349219 0.465625 0.180469 0.235156 0.00212479
0 0.363867 0.427734 0.0808594 0.0945313 0.00206757
0 0.490625 0.500391 0.065625 0.142188 0.00204277
1 0.507812 0.811719 0.164062 0.164062 0.00202751
0 0.704687 0.455859 0.125781 0.117969 0.00197983
0 0.428125 0.285742 0.046875 0.0886719 0.00195694
1 0.143652 0.448438 0.287305 0.896875 0.00192642
0 0.174902 0.801562 0.121289 0.19375 0.00191212
0 0.897656 0.622656 0.110937 0.14375 0.00173378
0 0.870313 0.166113 0.06875 0.0947266 0.00172043
1 0.789844 0.663281 0.164062 0.115625 0.00168133
0 0.475 0.286328 0.0859375 0.199219 0.00165462
1 0.460547 0.423438 0.119531 0.0671875 0.0016489
0 0.503125 0.660937 0.16875 0.148438 0.0016489
0 0.539844 0.108203 0.160938 0.196875 0.00161648
0 0.821094 0.241797 0.14375 0.0460938 0.00161076
0 0.616016 0.315625 0.084375 0.0898438 0.00158501
0 0.854688 0.539844 0.126563 0.175 0.00157356
1 0.312109 0.788867 0.166406 0.159766 0.00156116
1 0.349219 0.465625 0.180469 0.235156 0.00153637
0 0.570312 0.32832 0.0484375 0.0957031 0.00153065
0 0.437891 0.329102 0.15 0.181641 0.00145531
0 0.442578 0.717188 0.123438 0.0796875 0.00145531
0 0.0079834 0.121875 0.0159668 0.24375 0.00144958
0 0.446094 0.497656 0.109375 0.13125 0.00141048
1 0.864062 0.570312 0.153125 0.2125 0.00137806
1 0.429688 0.636328 0.0953125 0.130469 0.00137806
0 0.526563 0.25 0.06875 0.0921875 0.00135136
0 0.665625 0.276172 0.103125 0.164844 0.00134563
0 0.8125 0.0677246 0.214062 0.118066 0.00129986
0 0.659766 0.505859 0.0632813 0.117969 0.00123978
1 0.463281 0.30625 0.104687 0.142188 0.00122547
1 0.688672 0.441406 0.084375 0.0875 0.00122547
0 0.0485352 0.377344 0.0970703 0.2875 0.00122547
0 0.618359 0.361719 0.0664062 0.0953125 0.00119686
0 0.803125 0.699219 0.178125 0.0984375 0.00119209
1 0.8125 0.0677246 0.214062 0.118066 0.00117397
0 0.809375 0.236328 0.18125 0.0554687 0.00116062
0 0.733594 0.072998 0.175 0.143066 0.00112438
0 0.365234 0.689844 0.0835937 0.104687 0.00112438
0 0.634375 0.453125 0.101562 0.078125 0.0011158
1 0.180176 0.448828 0.360352 0.897656 0.00110722
0 0.536719 0.251563 0.0921875 0.101562 0.00109005
0 0.338867 0.507031 0.120703 0.1375 0.00107765
0 0.777344 0.646875 0.0796875 0.0984375 0.00107288
0 0.532812 0.816992 0.114063 0.153516 0.00106907
0 0.226172 0.846875 0.149219 0.103125 0.00104046
0 0.591797 0.393359 0.146875 0.225 0.00103188
1 0.168457 0.692969 0.336914 0.41875 0.00100422
1 0.614844 0.513672 0.15 0.196094 0.559082
0 0.615234 0.5125 0.145313 0.196875 0.507812
1 0.465625 0.503906 0.140625 0.153906 0.361084
0 0.463281 0.492969 0.139062 0.1625 0.223389
1 0.332812 0.471094 0.665625 0.896875 0.137939
0 0.445703 0.660937 0.122656 0.183594 0.0761108
0 0.870313 0.0650391 0.109375 0.123633 0.0742188
0 0.778906 0.656641 0.140625 0.11875 0.0670776
0 0.867188 0.168359 0.078125 0.172656 0.0653687
1 0.871094 0.498437 0.201562 0.15625 0.0584412
1 0.773047 0.658203 0.124219 0.116406 0.0558167
0 0.958594 0.0851562 0.0828125 0.165625 0.0417786
0 0.79375 0.673828 0.157813 0.152344 0.0380249
1 0.870313 0.0650391 0.109375 0.123633 0.0342407
0 0.848437 0.48125 0.146875 0.135937 0.033844
0 0.621094 0.485938 0.171875 0.134375 0.0318604
0 0.599609 0.466016 0.126563 0.10625 0.0290833
0 0.960156 0.526563 0.0796875 0.123438 0.0285492
0 0.35 0.441406 0.113281 0.107813 0.0278015
1 0.445703 0.660937 0.122656 0.183594 0.0252686
0 0.960938 0.387109 0.078125 0.173438 0.0241394
1 0.867188 0.168359 0.078125 0.172656 0.0235138
0 0.949219 0.213477 0.101562 0.288672 0.0232391
1 0.848437 0.48125 0.146875 0.135937 0.0225372
1 0.79375 0.673828 0.157813 0.152344 0.02211
1 0.896875 0.528906 0.196875 0.203125 0.0209656
1 0.35 0.441406 0.113281 0.107813 0.0195618
0 0.0659668 0.551562 0.131738 0.157813 0.0195007
0 0.961719 0.555469 0.0765625 0.170312 0.0181274
0 0.957812 0.118555 0.084375 0.237109 0.0174408
1 0.839063 0.068457 0.170312 0.122461 0.0166626
0 0.611719 0.344922 0.084375 0.151562 0.0159607
1 0.798242 0.65625 0.184766 0.128906 0.0156021
1 0.0660156 0.553125 0.132031 0.159375 0.0130234
1 0.920313 0.591016 0.15 0.23125 0.0129242
0 0.920313 0.591016 0.15 0.23125 0.012825
1 0.814844 0.696094 0.226562 0.204688 0.0115051
0 0.473828 0.510156 0.122656 0.134375 0.0114212
0 0.822656 0.714063 0.10625 0.170312 0.0108185
1 0.958594 0.108691 0.0828125 0.213867 0.0104904
1 0.925 0.627344 0.15 0.1875 0.0100937
0 0.432422 0.646094 0.0867188 0.148438 0.00971222
1 0.611719 0.344922 0.084375 0.151562 0.00948334
1 0.822656 0.714063 0.10625 0.170312 0.00948334
1 0.949219 0.195312 0.101562 0.298438 0.00905609
1 0.958594 0.0760742 0.0828125 0.151367 0.00891876
1 0.599609 0.466016 0.126563 0.10625 0.0088501
1 0.753125 0.510938 0.432813 0.204688 0.00871277
0 0.867969 0.189111 0.0875 0.132715 0.00837708
0 0.796875 0.705469 0.153125 0.198437 0.00787354
1 0.471094 0.657031 0.176563 0.164062 0.00746155
1 0.621094 0.485938 0.171875 0.134375 0.00728989
1 0.900781 0.577344 0.123438 0.18125 0.00706482
1 0.960938 0.387109 0.078125 0.173438 0.00701141
0 0.900781 0.577344 0.123438 0.18125 0.00695801
1 0.739844 0.801562 0.304688 0.201562 0.0069046
0 0.951563 0.224268 0.096875 0.20459 0.0068512
1 0.796875 0.705469 0.153125 0.198437 0.00679779
1 0.960156 0.526563 0.0796875 0.123438 0.00638962
0 0.529688 0.795313 0.13125 0.209375 0.005867
1 0.432422 0.646094 0.0867188 0.148438 0.0053215
1 0.199609 0.594531 0.112109 0.114063 0.00530243
0 0.853125 0.516016 0.146875 0.205469 0.00518036
1 0.434277 0.496875 0.204883 0.167969 0.0050621
0 0.674609 0.800195 0.147656 0.202734 0.0050621
0 0.347266 0.496094 0.1125 0.220313 0.00498199
0 0.957812 0.44541 0.084375 0.163867 0.00496292
0 0.199414 0.585938 0.112891 0.107813 0.00486755
0 0.729297 0.457422 0.0976562 0.136719 0.00481033
1 0.519531 0.110352 0.146875 0.205859 0.0046463
1 0.489844 0.338281 0.66875 0.654688 0.0046463
1 0.674609 0.800195 0.147656 0.202734 0.00460815
0 0.440625 0.461328 0.096875 0.103906 0.0045929
1 0.440625 0.461328 0.096875 0.103906 0.00448608
0 0.452344 0.316406 0.129688 0.158594 0.00446701
1 0.961719 0.555469 0.0765625 0.170312 0.00426483
1 0.729297 0.457422 0.0976562 0.136719 0.0042305
0 0.957031 0.408203 0.0859375 0.140625 0.00415039
1 0.853125 0.516016 0.146875 0.205469 0.00403976
0 0.541016 0.10918 0.13125 0.206641 0.00397491
0 0.769141 0.648047 0.113281 0.109375 0.00397491
1 0.892187 0.135449 0.171875 0.258398 0.00395966
1 0.347266 0.496094 0.1125 0.220313 0.00392914
1 0.9375 0.163672 0.125 0.216406 0.00390053
1 0.452344 0.316406 0.129688 0.158594 0.00376511
1 0.0755615 0.572656 0.148877 0.184375 0.00369263
1 0.774219 0.0728516 0.289062 0.1375 0.00365067
0 0.059082 0.589844 0.116602 0.221875 0.0036068
0 0.433594 0.303125 0.101562 0.142578 0.0036068
1 0.95 0.221289 0.1 0.209766 0.00348282
1 0.957812 0.146582 0.084375 0.293164 0.00348282
1 0.860156 0.651563 0.273438 0.175 0.00341606
1 0.861719 0.146875 0.260938 0.233984 0.00340271
0 0.763672 0.594922 0.116406 0.136719 0.00337601
1 0.529688 0.795313 0.13125 0.209375 0.00329781
1 0.763672 0.594922 0.116406 0.136719 0.00327301
1 0.811719 0.139746 0.2375 0.248242 0.00324821
1 0.730469 0.114746 0.392188 0.22207 0.00316048
1 0.834375 0.74375 0.0859375 0.195312 0.00309944
0 0.549609 0.68125 0.0851562 0.101562 0.00302696
0 0.767969 0.197705 0.0796875 0.139746 0.00300407
1 0.8875 0.566406 0.1 0.270312 0.00299263
1 0.513965 0.110352 0.504883 0.211719 0.0029583
0 0.867188 0.143555 0.096875 0.225391 0.00290108
0 0.951563 0.145703 0.096875 0.270312 0.00286674
1 0.433594 0.303125 0.101562 0.142578 0.00275803
1 0.767969 0.197705 0.0796875 0.139746 0.00273705
1 0.867969 0.189111 0.0875 0.132715 0.0027256
1 0.295703 0.324609 0.533594 0.558594 0.00268364
1 0.059082 0.589844 0.116602 0.221875 0.00264168
1 0.723437 0.144238 0.475 0.270508 0.00261116
0 0.188672 0.519922 0.107031 0.211719 0.00256157
0 0.585156 0.458594 0.0953125 0.0984375 0.00253105
1 0.869531 0.575 0.254687 0.292188 0.00245285
0 0.0541016 0.0955078 0.107813 0.191016 0.00239754
0 0.8875 0.566406 0.1 0.270312 0.002388
1 0.935156 0.120312 0.129688 0.225 0.00236893
1 0.603125 0.492188 0.185937 0.232812 0.00235939
0 0.834375 0.74375 0.0859375 0.195312 0.00226974
1 0.188672 0.519922 0.107031 0.211719 0.00223351
1 0.61875 0.110742 0.479688 0.212891 0.00221634
1 0.867188 0.143555 0.096875 0.225391 0.00217438
0 0.484375 0.658594 0.182812 0.173438 0.00214958
1 0.458203 0.465234 0.11875 0.164062 0.00214005
1 0.0541016 0.0955078 0.107813 0.191016 0.00212479
1 0.791992 0.792188 0.403516 0.217187 0.0020752
1 0.876562 0.048584 0.153125 0.097168 0.00201988
0 0.61875 0.564062 0.149219 0.114063 0.00201035
1 0.483594 0.683594 0.217187 0.215625 0.00195694
0 0.760156 0.205518 0.0609375 0.105371 0.00188255
1 0.524219 0.696094 0.284375 0.245312 0.00183105
0 0.458203 0.465234 0.11875 0.164062 0.00183105
1 0.935938 0.0661133 0.128125 0.120508 0.0018177
0 0.826367 0.066748 0.203516 0.130762 0.00171375
1 0.30332 0.807813 0.176172 0.190625 0.0016489
1 0.858594 0.7375 0.278125 0.315625 0.00160408
1 0.923828 0.717188 0.152344 0.321875 0.00158501
1 0.251758 0.136719 0.164453 0.249219 0.00157356
1 0.957812 0.417578 0.084375 0.128906 0.00156116
1 0.541406 0.651953 0.273438 0.1625 0.00153637
0 0.591406 0.336328 0.13125 0.158594 0.00152493
0 0.30332 0.807813 0.176172 0.190625 0.00149536
0 0.775781 0.208203 0.1 0.130469 0.00146103
1 0.935938 0.203125 0.128125 0.208594 0.00143814
0 0.241211 0.131152 0.179297 0.24043 0.00143242
0 0.95 0.261328 0.1 0.146094 0.00141048
1 0.460059 0.0798828 0.423633 0.157031 0.00137234
0 0.535547 0.677344 0.110156 0.115625 0.00136662
1 0.188086 0.543359 0.103125 0.305469 0.00133038
1 0.192188 0.63125 0.123047 0.210156 0.00131512
0 0.864844 0.206592 0.084375 0.109473 0.00128937
1 0.68125 0.400781 0.595312 0.770312 0.0012846
1 0.546094 0.108789 0.142188 0.208203 0.0012598
1 0.775781 0.208203 0.1 0.130469 0.0012598
1 0.807031 0.0526367 0.229687 0.105273 0.00125504
1 0.422559 0.0954102 0.592383 0.183398 0.00124454
1 0.759375 0.4 0.48125 0.491406 0.00124454
1 0.889063 0.8125 0.221875 0.173438 0.00124454
0 0.470313 0.214258 0.075 0.258203 0.00123978
1 0.957812 0.44541 0.084375 0.163867 0.00123501
1 0.0658691 0.60625 0.131738 0.248437 0.00123501
1 0.585156 0.458594 0.0953125 0.0984375 0.00123024
0 0.421094 0.29375 0.071875 0.153125 0.00122547
1 0.390625 0.0793213 0.351562 0.157764 0.00121593
1 0.472656 0.624219 0.165625 0.1875 0.00119686
0 0.188086 0.543359 0.103125 0.305469 0.00118351
1 0.194336 0.575 0.116797 0.125 0.00118351
1 0.842578 0.521094 0.314844 0.195312 0.00117397
1 0.289844 0.781055 0.2125 0.259766 0.00116539
0 0.945312 0.176953 0.101562 0.206641 0.00115108
1 0.549609 0.68125 0.0851562 0.101562 0.00115108
0 0.600781 0.35918 0.107813 0.151953 0.00113773
1 0.591406 0.336328 0.13125 0.158594 0.00111198
1 0.600781 0.35918 0.107813 0.151953 0.00109005
1 0.774219 0.0412598 0.292188 0.0825195 0.00108147
1 0.860937 0.558594 0.13125 0.2875 0.00107288
1 0.848437 0.137109 0.13125 0.244531 0.00106525
1 0.0713867 0.626562 0.142773 0.335938 0.00105286
0 0.848437 0.137109 0.13125 0.244531 0.00104809
1 0.834375 0.0804688 0.190625 0.160938 0.00104809
1 0.784766 0.464063 0.430469 0.267969 0.00100422
0 0.621094 0.513281 0.153125 0.207813 0.591797
0 0.464844 0.498437 0.140625 0.153125 0.478516
1 0.0715332 0.554297 0.141309 0.150781 0.338867
1 0.773047 0.655469 0.114844 0.126563 0.241455
1 0.467578 0.496094 0.146094 0.154687 0.20813
0 0.871875 0.0657715 0.096875 0.118066 0.172729
0 0.0715332 0.554297 0.141309 0.150781 0.122314
1 0.620313 0.511719 0.152344 0.208594 0.0944824
0 0.773047 0.655469 0.114844 0.126563 0.0837402
0 0.461621 0.6625 0.24707 0.171875 0.0786133
1 0.846875 0.489062 0.140625 0.15625 0.0751953
0 0.844531 0.475 0.140625 0.123438 0.0747681
1 0.679297 0.788281 0.164062 0.178125 0.0574951
1 0.461621 0.6625 0.24707 0.171875 0.0555115
1 0.349023 0.430859 0.103516 0.0929687 0.0446777
0 0.348437 0.433594 0.101562 0.0828125 0.0409851
0 0.874219 0.189844 0.078125 0.133984 0.0399475
1 0.382031 0.666016 0.4 0.169531 0.0388184
1 0.685938 0.803125 0.214062 0.20625 0.037384
0 0.950781 0.560156 0.0984375 0.191406 0.02211
0 0.473828 0.653906 0.182812 0.15625 0.0179901
1 0.84375 0.470313 0.1375 0.110937 0.0172424
1 0.921875 0.565234 0.153125 0.2 0.0148392
1 0.672656 0.753125 0.151562 0.101562 0.0128708
1 0.642969 0.801562 0.403125 0.210938 0.0115509
1 0.870313 0.0661621 0.096875 0.116113 0.0110703
0 0.922656 0.559375 0.154687 0.189063 0.0103683
1 0.338281 0.465625 0.136719 0.169531 0.0102081
0 0.680859 0.804688 0.194531 0.201562 0.00806427
0 0.79375 0.200439 0.128125 0.136621 0.00790405
1 0.307031 0.477344 0.227344 0.190625 0.00772476
0 0.560156 0.157617 0.128125 0.0910156 0.00669098
0 0.851367 0.504297 0.159766 0.179688 0.00548935
0 0.925 0.187891 0.14375 0.130859 0.00542831
1 0.560156 0.157617 0.128125 0.0910156 0.00534439
0 0.382031 0.666016 0.4 0.169531 0.00524139
1 0.464844 0.635547 0.178125 0.125781 0.00469971
0 0.672656 0.753125 0.151562 0.101562 0.00407028
0 0.957812 0.55625 0.078125 0.160938 0.00376511
0 0.664844 0.740625 0.1375 0.0765625 0.0037365
1 0.817187 0.203125 0.178125 0.132031 0.00349617
1 0.950781 0.560156 0.0984375 0.191406 0.00335121
0 0.338281 0.465625 0.136719 0.169531 0.00322342
0 0.615625 0.492969 0.139062 0.150781 0.00322342
1 0.875 0.189063 0.08125 0.133594 0.00311089
0 0.965625 0.367773 0.06875 0.212109 0.00307465
1 0.788281 0.202002 0.11875 0.131934 0.00293541
0 0.503906 0.655469 0.145313 0.153125 0.00292397
1 0.878906 0.528906 0.203125 0.229687 0.00253105
0 0.959375 0.55 0.08125 0.239063 0.00247192
1 0.5 0.660156 0.185937 0.159375 0.00234222
1 0.331641 0.682031 0.663281 0.229687 0.00220871
0 0.972656 0.351953 0.0546875 0.276563 0.00210762
0 0.574219 0.15625 0.160938 0.105469 0.0020504
0 0.445703 0.620313 0.134375 0.0953125 0.00194168
1 0.318164 0.50625 0.636328 0.139062 0.00188923
0 0.463281 0.635938 0.167187 0.121875 0.00184631
0 0.461719 0.451562 0.120312 0.111719 0.0018177
0 0.307031 0.477344 0.227344 0.190625 0.00178909
0 0.535547 0.243945 0.0460938 0.0777344 0.00174809
1 0.517969 0.801562 0.765625 0.210938 0.00171375
0 0.527734 0.660156 0.119531 0.150781 0.00171375
1 0.7875 0.0680664 0.271875 0.125 0.00161076
1 0.073877 0.588281 0.147754 0.220313 0.00157928
1 0.808594 0.218945 0.254687 0.155859 0.00145531
1 0.744922 0.797656 0.357031 0.215625 0.00144958
1 0.261133 0.207422 0.522266 0.414844 0.00140476
1 0.972656 0.351953 0.0546875 0.276563 0.00130939
1 0.965625 0.367773 0.06875 0.212109 0.00129414
0 0.425 0.867188 0.0484375 0.0671875 0.00129414
0 0.817187 0.203125 0.178125 0.132031 0.00124931
1 0.412109 0.699609 0.627344 0.235156 0.00124454
0 0.549219 0.682422 0.0828125 0.107031 0.00115585
1 0.375391 0.100562 0.652344 0.191064 0.00115108
1 0.574219 0.15625 0.160938 0.105469 0.00114727
1 0.472656 0.653906 0.15625 0.15 0.00112438
0 0.355859 0.434375 0.121094 0.10625 0.0011158
1 0.735937 0.0716797 0.373437 0.129102 0.00106525
0 0.878906 0.528906 0.203125 0.229687 0.00105286
0 0.7875 0.0680664 0.271875 0.125 0.00102043
0 0.615234 0.5125 0.15 0.2 0.71875
0 0.4625 0.502344 0.14375 0.153125 0.684082
0 0.871875 0.0658691 0.0953125 0.119824 0.259033
1 0.772656 0.655469 0.120312 0.127344 0.217285
1 0.613672 0.509766 0.15 0.198437 0.0905762
1 0.460938 0.5 0.140625 0.1625 0.0822754
1 0.0661133 0.558984 0.132227 0.1625 0.0751953
0 0.0661133 0.558984 0.132227 0.1625 0.072876
0 0.773438 0.655078 0.11875 0.124219 0.035675
0 0.875 0.188672 0.078125 0.148047 0.0299835
1 0.870313 0.0651367 0.10625 0.117773 0.0227966
1 0.350391 0.444531 0.114063 0.114063 0.0181885
0 0.350391 0.444531 0.114063 0.114063 0.0158997
0 0.845312 0.486328 0.140625 0.146094 0.0088501
0 0.261719 0.121094 0.159375 0.198047 0.00878143
1 0.347266 0.494531 0.116406 0.220313 0.00806427
1 0.189844 0.6 0.107422 0.139062 0.00754929
1 0.810156 0.584375 0.207813 0.264062 0.00743103
0 0.848437 0.526172 0.140625 0.228125 0.00600433
1 0.870313 0.637109 0.259375 0.446094 0.00500107
0 0.189844 0.6 0.107422 0.139062 0.00475693
1 0.667188 0.798633 0.225 0.202734 0.00446701
1 0.875 0.188672 0.078125 0.148047 0.00438309
1 0.55 0.117212 0.128125 0.190186 0.00431442
1 0.785156 0.196436 0.104687 0.13916 0.00390053
1 0.850781 0.566406 0.2875 0.310937 0.00380898
1 0.848437 0.526172 0.140625 0.228125 0.00358009
0 0.667188 0.798633 0.225 0.202734 0.00341606
1 0.261719 0.121094 0.159375 0.198047 0.00333786
0 0.870313 0.637109 0.259375 0.446094 0.00325966
1 0.845312 0.486328 0.140625 0.146094 0.00324821
0 0.347266 0.494531 0.116406 0.220313 0.00321007
0 0.810156 0.584375 0.207813 0.264062 0.00311089
0 0.465234 0.723437 0.244531 0.304688 0.00281143
0 0.784375 0.199609 0.1125 0.133203 0.00266266
0 0.867188 0.206982 0.0625 0.0961914 0.0026207
0 0.957812 0.100098 0.084375 0.199414 0.002388
1 0.833008 0.563281 0.187109 0.301562 0.00226974
0 0.867969 0.56875 0.2375 0.309375 0.00225258
0 0.833008 0.563281 0.187109 0.301562 0.00191212
0 0.451562 0.664062 0.145313 0.198437 0.00189686
0 0.855469 0.189404 0.109375 0.160254 0.00187492
0 0.763281 0.944531 0.167187 0.110937 0.00181007
0 0.375 0.481641 0.309375 0.210938 0.00179577
1 0.778125 0.661719 0.132812 0.167187 0.00174809
0 0.95625 0.0683594 0.0875 0.136719 0.0017004
0 0.476562 0.414062 0.13125 0.0484375 0.00155449
1 0.375 0.481641 0.309375 0.210938 0.00150108
0 0.489844 0.258008 0.104687 0.221484 0.00150108
0 0.102832 0.552344 0.0529297 0.128125 0.0014782
1 0.800781 0.675391 0.176563 0.183594 0.00147247
1 0.489844 0.258008 0.104687 0.221484 0.00146675
0 0.595703 0.350586 0.121094 0.141016 0.00134563
1 0.963281 0.396484 0.0734375 0.19375 0.00130463
1 0.181445 0.599609 0.135156 0.180469 0.00129414
0 0.760938 0.210742 0.0671875 0.105078 0.0012846
0 0.479688 0.6625 0.196875 0.191406 0.00126457
1 0.461328 0.716406 0.25625 0.292188 0.00122547
0 0.436719 0.637891 0.110937 0.144531 0.00117874
1 0.424219 0.306641 0.0640625 0.11875 0.00117397
1 0.855469 0.189404 0.109375 0.160254 0.00115585
1 0.0671875 0.642578 0.134375 0.330469 0.00113392
0 0.106445 0.563281 0.0421875 0.14375 0.0011158
0 0.867188 0.195117 0.071875 0.110156 0.00102425
1 0.666797 0.823633 0.272656 0.252734 0.00100422
0 0.953906 0.549219 0.0921875 0.15625 0.00100422
0 0.778125 0.661719 0.132812 0.167187 0.00100422
0 0.86875 0.0628906 0.1125 0.111328 0.625977
0 0.460938 0.501562 0.148438 0.15 0.462891
1 0.0671875 0.555469 0.133984 0.153125 0.374756
0 0.621875 0.511719 0.15625 0.207813 0.364746
1 0.464844 0.501172 0.145313 0.154687 0.267334
1 0.625391 0.508203 0.164844 0.211719 0.24292
1 0.710938 0.798437 0.267188 0.2 0.151001
1 0.871875 0.0666992 0.1125 0.119141 0.0324707
0 0.0671875 0.555469 0.133984 0.153125 0.0273743
0 0.86875 0.186914 0.071875 0.138672 0.0249939
0 0.849219 0.464844 0.145313 0.1 0.0200958
1 0.776367 0.658203 0.125391 0.117969 0.0198669
1 0.885742 0.546094 0.228516 0.260938 0.0142822
1 0.849219 0.464844 0.145313 0.1 0.0132217
0 0.108203 0.534766 0.0578125 0.103125 0.0117798
0 0.107227 0.546094 0.0472656 0.125 0.00908661
1 0.857031 0.567969 0.285937 0.310937 0.00706482
0 0.477734 0.648438 0.196094 0.1625 0.0068779
1 0.8 0.60625 0.16875 0.217969 0.0068512
1 0.910937 0.583984 0.178125 0.345313 0.00664139
1 0.86875 0.186914 0.071875 0.138672 0.00658798
1 0.715234 0.505469 0.349219 0.222656 0.00557709
1 0.79375 0.646094 0.15625 0.142188 0.00548935
1 0.919531 0.544531 0.160938 0.251563 0.00443268
1 0.811719 0.144141 0.175 0.249219 0.00391388
0 0.874219 0.198096 0.075 0.103809 0.00367928
0 0.851562 0.515625 0.145313 0.196875 0.00307465
0 0.462109 0.621094 0.178125 0.110156 0.00294685
0 0.782031 0.656641 0.1375 0.113281 0.00239754
1 0.84375 0.139258 0.142188 0.250391 0.00234222
1 0.698438 0.799219 0.185937 0.198437 0.00228691
1 0.489844 0.65625 0.214062 0.164844 0.00220871
1 0.755469 0.792188 0.30625 0.204688 0.00214005
0 0.710938 0.798437 0.267188 0.2 0.00210762
1 0.851562 0.515625 0.145313 0.196875 0.00210762
1 0.473047 0.614062 0.1875 0.2125 0.00209999
1 0.482031 0.178516 0.564062 0.357031 0.00200272
1 0.80625 0.658594 0.179688 0.190625 0.00194168
1 0.775781 0.634766 0.125 0.16875 0.00188923
0 0.919531 0.544531 0.160938 0.251563 0.0016613
1 0.525 0.225391 0.7125 0.450781 0.00164223
1 0.79707 0.695312 0.171484 0.1875 0.00161076
1 0.680469 0.435254 0.29375 0.366992 0.00160408
0 0.106055 0.563281 0.040625 0.151562 0.00152493
1 0.124609 0.559766 0.246094 0.200781 0.0015192
1 0.65625 0.79043 0.401563 0.216016 0.00146675
0 0.876562 0.15918 0.0796875 0.109375 0.00143814
0 0.91875 0.189893 0.1625 0.138184 0.00143242
0 0.854688 0.187891 0.040625 0.122656 0.0014267
0 0.363867 0.689062 0.0714844 0.0828125 0.00136662
1 0.886719 0.139746 0.140625 0.255664 0.00135612
0 0.857813 0.179102 0.084375 0.168359 0.00134563
0 0.885742 0.546094 0.228516 0.260938 0.00131989
1 0.854688 0.646094 0.270312 0.320312 0.00126457
0 0.88125 0.0690308 0.0890625 0.0982666 0.00124454
1 0.0919922 0.603906 0.171875 0.258594 0.00121593
0 0.891406 0.0608398 0.06875 0.104492 0.00118351
1 0.353906 0.430469 0.119531 0.0953125 0.00115108
0 0.53125 0.845312 0.065625 0.1 0.00113773
0 0.880469 0.180078 0.0890625 0.135156 0.00113773
1 0.0689941 0.598047 0.127246 0.244531 0.00108147
0 0.794531 0.182812 0.128125 0.165625 0.00108147
0 0.622656 0.351172 0.0734375 0.0851562 0.00103188
1 0.77793 0.660156 0.128516 0.123438 0.662109
1 0.0698242 0.554688 0.133789 0.153125 0.640625
0 0.617969 0.516406 0.145313 0.204688 0.620605
1 0.617578 0.515234 0.152344 0.210156 0.52832
1 0.4625 0.499219 0.142188 0.150781 0.456055
0 0.464844 0.5 0.142188 0.146875 0.399902
1 0.685156 0.796875 0.198437 0.192188 0.335449
1 0.873438 0.065332 0.10625 0.118555 0.257568
1 0.875 0.551562 0.203125 0.2625 0.234375
0 0.871875 0.0625977 0.10625 0.125195 0.230957
1 0.871094 0.187695 0.075 0.134766 0.15918
1 0.194482 0.600391 0.11416 0.147656 0.158691
1 0.589063 0.353125 0.139062 0.145313 0.150513
1 0.0568848 0.399609 0.108301 0.170312 0.14856
1 0.788281 0.204297 0.117188 0.130078 0.132568
1 0.846875 0.514453 0.146875 0.203125 0.119995
1 0.920313 0.571094 0.15 0.253906 0.0930176
1 0.59541 0.0706543 0.749805 0.141309 0.0907593
0 0.0699219 0.554688 0.132812 0.152344 0.0755615
1 0.477441 0.660547 0.223242 0.171875 0.0667114
1 0.785742 0.684375 0.131641 0.163281 0.0632324
0 0.77832 0.657031 0.127734 0.13125 0.0595398
1 0.848437 0.48125 0.14375 0.1375 0.0507202
1 0.865625 0.495313 0.185937 0.164062 0.0502319
1 0.505859 0.0746094 0.489062 0.149219 0.0459595
1 0.915625 0.186719 0.159375 0.132031 0.0430298
1 0.255859 0.124512 0.164844 0.197461 0.0393372
1 0.674219 0.796094 0.292188 0.203125 0.0382385
0 0.685156 0.796875 0.198437 0.192188 0.037384
1 0.551172 0.163477 0.127344 0.0914062 0.0314941
1 0.0652832 0.610156 0.122168 0.259375 0.0290375
1 0.467578 0.636719 0.175 0.220313 0.0281067
1 0.353516 0.434375 0.111719 0.102344 0.0273743
0 0.871094 0.185742 0.075 0.13125 0.026062
1 0.323633 0.551562 0.148828 0.160938 0.0236969
0 0.477441 0.660547 0.223242 0.171875 0.0170441
1 0.422656 0.653125 0.360938 0.203125 0.0164642
1 0.336523 0.483984 0.139453 0.195312 0.0158997
0 0.875 0.551562 0.203125 0.2625 0.0152512
0 0.784375 0.199658 0.114063 0.140527 0.0149536
1 0.48125 0.723437 0.230469 0.284375 0.014389
1 0.454688 0.660937 0.146875 0.182812 0.014389
1 0.061084 0.742188 0.111816 0.24375 0.0136337
1 0.525 0.332227 0.29375 0.208203 0.0130234
0 0.920313 0.577344 0.157813 0.225 0.0121918
1 0.449219 0.341602 0.135937 0.193359 0.0107346
0 0.915625 0.186719 0.159375 0.132031 0.0106506
0 0.589063 0.353125 0.139062 0.145313 0.0102463
1 0.732031 0.498437 0.115625 0.203125 0.0102463
0 0.0549316 0.388672 0.0981445 0.185937 0.01017
1 0.882812 0.185156 0.103125 0.153906 0.00952148
1 0.467187 0.268018 0.528125 0.362402 0.00941467
1 0.550781 0.358594 0.217187 0.178906 0.00926971
1 0.279102 0.112402 0.199609 0.219727 0.00891876
0 0.846875 0.514453 0.146875 0.203125 0.00888062
1 0.410547 0.100684 0.415625 0.201367 0.00881195
0 0.505859 0.0746094 0.489062 0.149219 0.00857544
1 0.123242 0.247607 0.221875 0.30166 0.00834656
1 0.0505859 0.121704 0.0933594 0.115967 0.00754929
1 0.305078 0.793555 0.15625 0.169141 0.00725937
1 0.162695 0.0401855 0.137891 0.0803711 0.00712204
1 0.317773 0.478809 0.213672 0.212695 0.00712204
1 0.926562 0.225391 0.146875 0.213281 0.00706482
1 0.843555 0.711719 0.250391 0.2375 0.0069313
1 0.727734 0.458594 0.121094 0.121875 0.0068779
1 0.151758 0.0686523 0.267969 0.137305 0.00629044
0 0.594531 0.0704102 0.7125 0.14082 0.00626373
1 0.801758 0.650781 0.158984 0.14375 0.00626373
0 0.107422 0.546094 0.053125 0.132031 0.00624084
1 0.443359 0.235547 0.819531 0.471094 0.00612259
1 0.950781 0.244141 0.0984375 0.142969 0.00600433
1 0.949219 0.405371 0.101562 0.14082 0.00588989
1 0.807031 0.735156 0.165625 0.275 0.00588989
1 0.181445 0.0591797 0.275391 0.118359 0.00582123
1 0.958594 0.0604492 0.0828125 0.120703 0.00577545
1 0.531641 0.675 0.122656 0.13125 0.00557709
1 0.308984 0.552344 0.157031 0.249219 0.00544739
1 0.181055 0.574609 0.135547 0.175781 0.00534439
1 0.6625 0.509375 0.24375 0.220313 0.00524139
1 0.514453 0.662891 0.15625 0.166406 0.00518036
1 0.714844 0.806445 0.171875 0.177734 0.00498199
1 0.146289 0.607422 0.209766 0.228906 0.00494385
1 0.548437 0.0948242 0.8125 0.189648 0.00469971
1 0.12998 0.569141 0.225586 0.177344 0.00453949
1 0.212109 0.0900391 0.208594 0.180078 0.00448608
0 0.882812 0.185156 0.103125 0.153906 0.00428009
0 0.551172 0.163477 0.127344 0.0914062 0.00383949
0 0.865625 0.495313 0.185937 0.164062 0.00383949
1 0.861719 0.74375 0.264062 0.3 0.00374985
1 0.451953 0.0666992 0.4125 0.133398 0.00369263
0 0.530469 0.245703 0.0625 0.0742188 0.00366402
0 0.848437 0.48125 0.14375 0.1375 0.00365067
1 0.767969 0.0643555 0.307813 0.128711 0.00363541
0 0.102368 0.540625 0.066748 0.10625 0.00346947
1 0.364062 0.701563 0.55 0.353125 0.00329781
1 0.83125 0.200977 0.204688 0.148047 0.00328636
1 0.19375 0.576563 0.110156 0.219531 0.00327301
1 0.520312 0.370703 0.251563 0.217969 0.00316048
1 0.364258 0.636719 0.512891 0.276563 0.00314713
0 0.256836 0.124438 0.158984 0.195654 0.0030632
1 0.455371 0.735156 0.35957 0.335938 0.00300407
1 0.557422 0.740625 0.466406 0.320312 0.00296974
0 0.454688 0.660937 0.146875 0.182812 0.00288963
1 0.125684 0.167187 0.164258 0.209375 0.00275803
1 0.821875 0.0634277 0.203125 0.126855 0.00271416
1 0.332812 0.530859 0.138281 0.122656 0.00270462
0 0.761719 0.198047 0.06875 0.0929687 0.00264168
1 0.0538574 0.621875 0.107715 0.185156 0.00239754
1 0.857031 0.544531 0.145313 0.248437 0.00225258
1 0.932813 0.574219 0.134375 0.201562 0.00219917
1 0.0879883 0.767969 0.163086 0.259375 0.00214958
1 0.901563 0.573438 0.128125 0.221875 0.00211525
0 0.48125 0.723437 0.230469 0.284375 0.00210762
1 0.398828 0.316797 0.310937 0.525 0.00209999
1 0.903125 0.712109 0.1875 0.342969 0.00208282
0 0.467578 0.636719 0.175 0.220313 0.0020752
0 0.674219 0.796094 0.292188 0.203125 0.00206757
0 0.550781 0.358594 0.217187 0.178906 0.0019722
1 0.865625 0.169336 0.10625 0.184375 0.00196457
1 0.323047 0.525781 0.157031 0.090625 0.00195694
1 0.127246 0.739844 0.217383 0.289062 0.00192642
1 0.82168 0.721484 0.100391 0.141406 0.00189686
0 0.866406 0.0685547 0.0921875 0.0765625 0.00188255
1 0.735156 0.075293 0.385938 0.150586 0.00187492
1 0.461328 0.364844 0.891406 0.729688 0.00186062
0 0.353516 0.434375 0.111719 0.102344 0.00185299
1 0.142969 0.149219 0.10625 0.124609 0.0018177
1 0.292969 0.504687 0.204688 0.271094 0.00178242
0 0.410547 0.100684 0.415625 0.201367 0.0017271
1 0.57334 0.773438 0.59082 0.25 0.0017271
0 0.871094 0.206689 0.071875 0.0866211 0.00171375
1 0.304492 0.338672 0.547266 0.664844 0.00166798
1 0.124805 0.203906 0.150391 0.229687 0.00164223
1 0.0479004 0.407031 0.0958008 0.15625 0.00161648
0 0.358984 0.69375 0.0726563 0.0742188 0.00150108
1 0.686719 0.0804688 0.551562 0.160938 0.00149536
1 0.231641 0.371875 0.396094 0.614844 0.00146675
1 0.076001 0.340625 0.135498 0.282031 0.00144386
1 0.169727 0.104492 0.236719 0.208984 0.00143242
1 0.147852 0.0440918 0.293359 0.0881836 0.00141621
0 0.779492 0.828906 0.0660156 0.0875 0.00139904
1 0.803906 0.278906 0.170312 0.296875 0.00133514
0 0.926562 0.225391 0.146875 0.213281 0.00132465
1 0.604688 0.348242 0.204688 0.135547 0.00129986
1 0.617188 0.435937 0.1625 0.258594 0.00129414
0 0.767969 0.0643555 0.307813 0.128711 0.00126934
1 0.0975586 0.187354 0.170508 0.24248 0.0012598
0 0.0652832 0.610156 0.122168 0.259375 0.00125504
1 0.535937 0.194922 0.846875 0.389844 0.0012064
0 0.061084 0.742188 0.111816 0.24375 0.00120163
0 0.821875 0.0634277 0.203125 0.126855 0.00118828
1 0.482812 0.0702148 0.179688 0.14043 0.00116539
1 0.0705566 0.0455078 0.141113 0.0910156 0.00116062
0 0.554688 0.671094 0.078125 0.0757812 0.00115108
1 0.842188 0.194727 0.139062 0.142578 0.00113392
0 0.279102 0.112402 0.199609 0.219727 0.00112438
1 0.386719 0.61875 0.360938 0.278125 0.00109482
1 0.0631836 0.0968506 0.105273 0.167236 0.00109482
1 0.302539 0.588281 0.280859 0.273438 0.00108147
0 0.186328 0.586328 0.122266 0.16875 0.00107288
1 0.919922 0.832812 0.160156 0.129688 0.00104809
0 0.958594 0.0604492 0.0828125 0.120703 0.00104809
1 0.446484 0.482422 0.178906 0.189844 0.00104046
0 0.451953 0.0666992 0.4125 0.133398 0.00103664
1 0.5875 0.384277 0.155469 0.19707 0.00101662
1 0.614844 0.510938 0.154687 0.2125 0.435791
0 0.615625 0.513281 0.153125 0.20625 0.431152
1 0.460156 0.5 0.14375 0.167187 0.373047
0 0.874219 0.0640625 0.101562 0.121094 0.321777
1 0.774609 0.658594 0.119531 0.126563 0.270508
0 0.461719 0.504297 0.147656 0.152344 0.255371
1 0.0722168 0.598437 0.134473 0.235938 0.222656
1 0.853125 0.529688 0.164062 0.245312 0.161621
1 0.86875 0.0666992 0.114063 0.131055 0.102844
1 0.878906 0.549219 0.210938 0.280469 0.0837402
1 0.0678711 0.564844 0.135742 0.173438 0.0820923
0 0.86875 0.185937 0.078125 0.129297 0.0720825
1 0.783594 0.673828 0.139062 0.160156 0.053894
1 0.867188 0.186719 0.078125 0.129688 0.0389099
1 0.478906 0.433594 0.957812 0.867188 0.0296478
0 0.0678711 0.564844 0.135742 0.173438 0.0266571
1 0.434766 0.428516 0.214844 0.339844 0.0257568
0 0.915625 0.185986 0.16875 0.134277 0.0209656
1 0.0937744 0.667188 0.181201 0.346875 0.0173035
0 0.0722168 0.598437 0.134473 0.235938 0.0108185
1 0.590625 0.500781 0.209375 0.21875 0.00955963
1 0.35 0.442969 0.117188 0.125 0.00818634
1 0.195898 0.606641 0.106641 0.157031 0.00728989
1 0.126855 0.674609 0.243164 0.366406 0.00706482
1 0.915625 0.185986 0.16875 0.134277 0.00666809
1 0.125781 0.60625 0.244922 0.253125 0.00653839
1 0.685938 0.403125 0.564062 0.78125 0.00626373
1 0.839844 0.585156 0.20625 0.254687 0.00619125
1 0.362891 0.415527 0.7 0.78457 0.006073
1 0.734375 0.78125 0.310937 0.160938 0.00503922
0 0.774609 0.658594 0.119531 0.126563 0.0046463
1 0.58291 0.348828 0.782617 0.694531 0.00462723
1 0.475684 0.688281 0.225195 0.239063 0.00432968
1 0.315234 0.524609 0.524219 0.475781 0.00419998
1 0.109082 0.202148 0.197852 0.362891 0.00405502
1 0.764844 0.794531 0.434375 0.198437 0.00402451
1 0.845117 0.698438 0.244141 0.221875 0.00380898
1 0.90625 0.582812 0.184375 0.3125 0.00355148
1 0.455371 0.723828 0.289258 0.311719 0.00335121
1 0.686719 0.798437 0.172656 0.204688 0.00312424
1 0.730469 0.508594 0.390625 0.221875 0.003088
1 0.719141 0.507812 0.103125 0.226562 0.00300407
1 0.892187 0.564844 0.128125 0.242188 0.00291252
1 0.834375 0.0688477 0.178125 0.137305 0.00283432
1 0.876562 0.150977 0.103125 0.210156 0.00240517
0 0.850195 0.513281 0.152734 0.203125 0.00237846
1 0.160449 0.703125 0.304102 0.360938 0.00231361
1 0.229492 0.118555 0.305859 0.237109 0.00220871
1 0.480469 0.657812 0.207813 0.18125 0.00215721
1 0.127539 0.241016 0.234375 0.414844 0.00200272
1 0.785937 0.204248 0.117188 0.127441 0.00198746
1 0.848437 0.491406 0.146875 0.159375 0.0019722
1 0.204688 0.415625 0.389062 0.7625 0.00186729
0 0.480469 0.657812 0.207813 0.18125 0.0018177
1 0.192969 0.164648 0.332812 0.329297 0.00174809
1 0.890625 0.180518 0.125 0.145996 0.00162888
1 0.0703125 0.380859 0.124609 0.25625 0.00159168
1 0.847656 0.637891 0.248437 0.194531 0.00155449
1 0.34082 0.108008 0.474609 0.216016 0.00154877
1 0.349609 0.467187 0.110937 0.173438 0.00151253
1 0.585938 0.361133 0.14375 0.163672 0.0014782
1 0.0823975 0.324951 0.148877 0.363379 0.00145531
0 0.892187 0.564844 0.128125 0.242188 0.00141621
1 0.108984 0.748438 0.205078 0.289062 0.00141621
1 0.329492 0.700781 0.573828 0.296875 0.00138855
1 0.920703 0.578125 0.158594 0.221875 0.00134087
1 0.557422 0.732813 0.433594 0.314063 0.00129414
1 0.520703 0.710156 0.294531 0.267188 0.00122547
1 0.128613 0.170703 0.229492 0.341406 0.00119686
1 0.273242 0.48916 0.533203 0.774805 0.00118351
1 0.333594 0.608203 0.564062 0.477344 0.00115585
1 0.413281 0.0972656 0.424219 0.194531 0.0011425
1 0.153125 0.585938 0.28125 0.323438 0.00113392
1 0.152832 0.367969 0.29043 0.6 0.00112438
0 0.35 0.442969 0.117188 0.125 0.00109482
0 0.834375 0.0688477 0.178125 0.137305 0.00105667
1 0.482812 0.728125 0.399219 0.339063 0.00103188
1 0.776563 0.659766 0.125 0.124219 0.692871
1 0.463281 0.504687 0.142969 0.149219 0.631836
1 0.0685059 0.559375 0.133496 0.1625 0.525391
1 0.618359 0.512891 0.15625 0.214844 0.499023
0 0.615625 0.511719 0.146875 0.2 0.297363
0 0.872656 0.0620117 0.1 0.116406 0.250977
1 0.846875 0.495703 0.140625 0.167187 0.235107
0 0.463281 0.503906 0.14375 0.154687 0.135742
1 0.847656 0.533594 0.15 0.254687 0.0977173
1 0.687109 0.801562 0.221094 0.196875 0.0820923
1 0.790625 0.205029 0.121875 0.125879 0.0531921
1 0.351172 0.442969 0.111719 0.126563 0.0294189
1 0.872656 0.0620117 0.1 0.116406 0.0293121
0 0.0685059 0.559375 0.133496 0.1625 0.0290833
1 0.876562 0.184961 0.0875 0.129688 0.0268555
0 0.876562 0.184961 0.0875 0.129688 0.0210419
1 0.88125 0.55625 0.207813 0.29375 0.0182343
1 0.350977 0.473437 0.108984 0.190625 0.0163422
1 0.900781 0.588281 0.184375 0.360938 0.0154877
0 0.914844 0.182031 0.16875 0.146094 0.0148392
0 0.775781 0.659375 0.123438 0.125781 0.012146
0 0.790625 0.205029 0.121875 0.125879 0.012146
1 0.914844 0.182031 0.16875 0.146094 0.0105667
0 0.846875 0.495703 0.140625 0.167187 0.00933838
1 0.926172 0.573047 0.147656 0.221094 0.00930023
1 0.196289 0.603125 0.101953 0.135937 0.00775528
1 0.821094 0.607813 0.164062 0.239063 0.00674438
0 0.867188 0.188477 0.071875 0.1125 0.00551224
1 0.843555 0.620313 0.234766 0.29375 0.00547028
0 0.529688 0.245703 0.059375 0.0746094 0.00492477
0 0.761719 0.200586 0.065625 0.1 0.0045929
1 0.920313 0.652344 0.153125 0.471875 0.00441742
1 0.946875 0.56875 0.10625 0.201562 0.00436401
1 0.264453 0.11936 0.153125 0.197998 0.0041008
1 0.285352 0.508496 0.249609 0.295508 0.00385475
1 0.789258 0.685156 0.140234 0.185937 0.00383949
1 0.657031 0.805469 0.346875 0.221875 0.00380898
1 0.825 0.6875 0.09375 0.190625 0.00380898
1 0.831055 0.713281 0.212891 0.298438 0.00358009
0 0.102051 0.545313 0.0546875 0.1375 0.00296974
1 0.845312 0.471094 0.134375 0.1125 0.00284576
0 0.0978272 0.540625 0.0703613 0.1125 0.00242424
1 0.673437 0.796094 0.154687 0.196875 0.00237846
1 0.32207 0.496875 0.164453 0.238281 0.00234985
1 0.235938 0.430469 0.434375 0.820312 0.00214005
1 0.154395 0.697656 0.297461 0.44375 0.00211525
0 0.254102 0.116602 0.158984 0.205859 0.0019722
0 0.691406 0.803906 0.2375 0.204688 0.00185299
1 0.551172 0.157617 0.120312 0.107422 0.00175476
1 0.598828 0.50625 0.153125 0.189063 0.00172043
1 0.445215 0.484766 0.15957 0.203906 0.00168133
1 0.510938 0.942969 0.915625 0.114063 0.00161076
0 0.926172 0.573047 0.147656 0.221094 0.00127888
1 0.222266 0.694531 0.425781 0.475 0.00127411
1 0.715234 0.5125 0.164844 0.214062 0.00122547
1 0.807031 0.7375 0.171875 0.292188 0.00122547
1 0.296875 0.674609 0.579687 0.530469 0.00121117
0 0.350977 0.473437 0.108984 0.190625 0.00119686
1 0.888281 0.547656 0.101562 0.273438 0.00118828
1 0.13584 0.639453 0.263086 0.336719 0.00112438
1 0.896875 0.566797 0.109375 0.217969 0.00110722
1 0.857617 0.740234 0.237891 0.308594 0.00105667
1 0.76875 0.657812 0.11875 0.120312 0.82666
1 0.065625 0.55625 0.12832 0.154687 0.644043
1 0.457031 0.503125 0.134375 0.150781 0.637207
1 0.6125 0.514844 0.145313 0.201562 0.575684
0 0.869531 0.0641602 0.104687 0.115625 0.515625
0 0.6125 0.514844 0.145313 0.201562 0.412109
1 0.843555 0.48125 0.137891 0.135937 0.256104
1 0.935156 0.571094 0.129688 0.210938 0.212036
1 0.78125 0.204688 0.10625 0.116406 0.211426
1 0.347266 0.439453 0.110156 0.1125 0.143677
1 0.870313 0.188232 0.0765625 0.130566 0.139404
0 0.870313 0.188232 0.0765625 0.130566 0.123779
0 0.457812 0.503906 0.140625 0.153125 0.122925
1 0.86875 0.065332 0.109375 0.113867 0.111816
1 0.191016 0.610156 0.107813 0.1375 0.108582
1 0.680469 0.8 0.234375 0.195312 0.0754395
1 0.591797 0.350195 0.120312 0.142578 0.0663452
1 0.679688 0.797656 0.166406 0.2 0.0558167
1 0.844531 0.508984 0.142188 0.188281 0.0464783
1 0.658594 0.800195 0.321875 0.205859 0.0292053
1 0.870313 0.54375 0.19375 0.25 0.0276947
1 0.344531 0.477734 0.110937 0.141406 0.0238647
1 0.253857 0.123804 0.161816 0.199268 0.0200195
1 0.917188 0.576953 0.15625 0.271094 0.0149536
1 0.896875 0.18457 0.125 0.130078 0.0133286
1 0.478125 0.657812 0.196094 0.179688 0.0132217
1 0.324805 0.48125 0.167578 0.200781 0.00912476
0 0.896875 0.18457 0.125 0.130078 0.00912476
0 0.78125 0.205859 0.104687 0.119922 0.00898743
0 0.065625 0.55625 0.12832 0.154687 0.00898743
0 0.863281 0.187109 0.0609375 0.109375 0.00746155
0 0.935156 0.571094 0.129688 0.210938 0.00624084
1 0.95 0.264844 0.096875 0.105469 0.00577545
1 0.292773 0.783594 0.1375 0.132812 0.00568771
1 0.541406 0.161914 0.1125 0.0941406 0.00542831
0 0.760156 0.199805 0.065625 0.101172 0.00540543
0 0.104785 0.545703 0.0511719 0.127344 0.0051384
0 0.871875 0.202002 0.065625 0.0975586 0.00468063
1 0.644531 0.513281 0.220313 0.215625 0.00457382
1 0.860742 0.486719 0.178516 0.151562 0.00424957
1 0.783594 0.646875 0.129688 0.145313 0.00419998
1 0.924219 0.833008 0.15 0.130859 0.00418091
0 0.841406 0.475 0.132812 0.121094 0.00353813
0 0.9375 0.256641 0.075 0.0867188 0.00344276
1 0.582812 0.796875 0.482812 0.203125 0.00332451
0 0.767187 0.658594 0.114063 0.120312 0.00324821
1 0.771484 0.360156 0.130469 0.125781 0.00319672
1 0.129102 0.576563 0.258203 0.190625 0.00302696
0 0.478125 0.657812 0.196094 0.179688 0.00291252
1 0.953125 0.403516 0.09375 0.150781 0.00279999
0 0.348828 0.447656 0.109375 0.129688 0.00273705
1 0.439453 0.657812 0.130469 0.182812 0.00269318
1 0.507812 0.664844 0.154687 0.159375 0.00259018
1 0.176563 0.592578 0.173438 0.178906 0.00251198
0 0.253857 0.123804 0.161816 0.199268 0.00242424
0 0.528906 0.245312 0.0578125 0.0820312 0.00239754
1 0.95 0.219336 0.096875 0.201953 0.00235939
1 0.533984 0.813281 0.100781 0.164062 0.00226974
1 0.792969 0.191406 0.129688 0.136328 0.00225258
1 0.91875 0.652344 0.15625 0.404687 0.0020752
1 0.423047 0.318164 0.09375 0.128516 0.00206757
1 0.755469 0.503125 0.3 0.190625 0.00191879
1 0.186328 0.632812 0.104297 0.090625 0.00188255
0 0.876562 0.168457 0.071875 0.0912109 0.00182438
1 0.861133 0.728125 0.274609 0.29375 0.00182438
1 0.53584 0.789062 0.625195 0.228125 0.00176811
1 0.734766 0.517578 0.235156 0.200781 0.00175476
1 0.761328 0.207813 0.0710938 0.11875 0.00171375
1 0.829687 0.705859 0.0734375 0.147656 0.0017004
1 0.311133 0.516797 0.185547 0.182031 0.0015974
1 0.320703 0.303711 0.084375 0.0839844 0.00157356
1 0.951563 0.555469 0.096875 0.173438 0.00155449
1 0.349609 0.276758 0.0945313 0.131641 0.00146675
1 0.444434 0.678125 0.281445 0.225 0.00146675
1 0.464941 0.708594 0.238867 0.276563 0.00141048
1 0.262891 0.547656 0.297656 0.332812 0.00134563
0 0.591797 0.350195 0.120312 0.142578 0.00134087
1 0.326562 0.291992 0.0960938 0.107422 0.00134087
0 0.888281 0.210352 0.0390625 0.0753906 0.00131512
1 0.551465 0.753516 0.51582 0.296094 0.00129414
1 0.480078 0.243799 0.0796875 0.199121 0.00119686
1 0.846875 0.188623 0.13125 0.131348 0.00116062
1 0.469531 0.24043 0.0703125 0.173828 0.00113773
1 0.878125 0.600391 0.078125 0.159375 0.00113392
1 0.25708 0.117578 0.212402 0.221094 0.00110722
1 0.896875 0.582812 0.109375 0.19375 0.00106049
1 0.875 0.161133 0.103125 0.182031 0.00105286
1 0.34082 0.485938 0.111328 0.0921875 0.00104809
1 0.148145 0.669531 0.276367 0.376563 0.00101185
1 0.31543 0.115234 0.325391 0.225 0.00100803
1 0.776563 0.659766 0.125 0.124219 0.692871
1 0.463281 0.504687 0.142969 0.149219 0.631836
1 0.0685059 0.559375 0.133496 0.1625 0.525391
1 0.618359 0.513281 0.15625 0.215625 0.499023
0 0.615625 0.511719 0.147656 0.201562 0.297363
0 0.872656 0.0619629 0.1 0.116504 0.250244
1 0.846875 0.495703 0.140625 0.167187 0.236572
0 0.463281 0.503906 0.14375 0.154687 0.135254
1 0.847656 0.533594 0.15 0.254687 0.0977173
1 0.687109 0.801562 0.221094 0.196875 0.081665
1 0.79082 0.205029 0.121484 0.125879 0.0531921
1 0.872656 0.0619629 0.1 0.116504 0.0294189
1 0.351172 0.442969 0.111719 0.126563 0.0293121
0 0.0685059 0.559375 0.133496 0.1625 0.0289764
1 0.876562 0.184961 0.0875 0.129688 0.0268555
0 0.876562 0.184961 0.0875 0.129688 0.0210419
1 0.88125 0.55625 0.207813 0.29375 0.018158
1 0.350977 0.473437 0.108984 0.190625 0.0162811
1 0.900781 0.587891 0.184375 0.360938 0.0154877
0 0.914844 0.182031 0.16875 0.146094 0.0147858
0 0.775781 0.659375 0.123438 0.125781 0.0122375
0 0.79082 0.205029 0.121484 0.125879 0.0120544
1 0.914844 0.182031 0.16875 0.146094 0.0105667
0 0.846875 0.495703 0.140625 0.167187 0.00937653
1 0.926172 0.573047 0.147656 0.221094 0.00930023
1 0.196289 0.603125 0.101953 0.135937 0.00775528
1 0.821094 0.607422 0.164062 0.239063 0.00671768
0 0.867188 0.188477 0.071875 0.1125 0.00553513
1 0.843555 0.619922 0.234766 0.294531 0.00544739
0 0.529688 0.245703 0.059375 0.0746094 0.00488663
0 0.761719 0.200781 0.065625 0.1 0.00457382
1 0.920313 0.651953 0.153125 0.471094 0.00441742
1 0.946875 0.56875 0.10625 0.201562 0.00436401
1 0.264453 0.119336 0.153125 0.198047 0.00405502
1 0.285547 0.508496 0.249219 0.295508 0.00383949
1 0.789258 0.685156 0.140234 0.185937 0.00380898
1 0.824219 0.6875 0.0953125 0.190625 0.00379562
1 0.657031 0.805469 0.346875 0.221875 0.00376511
1 0.832031 0.713281 0.214062 0.298438 0.00356483
0 0.102051 0.545313 0.0546875 0.1375 0.00296974
1 0.845312 0.471094 0.134375 0.1125 0.00282288
0 0.0978272 0.540625 0.0703613 0.1125 0.00240517
1 0.673437 0.796094 0.154687 0.196875 0.00237846
1 0.32207 0.496875 0.163672 0.238281 0.00234222
1 0.235938 0.430469 0.433594 0.820312 0.00213242
1 0.154395 0.697656 0.297461 0.44375 0.00211525
0 0.254248 0.116602 0.158691 0.205859 0.00192642
0 0.691406 0.803906 0.2375 0.204688 0.00185299
1 0.551172 0.157617 0.120312 0.107422 0.00176144
1 0.598437 0.506641 0.153125 0.189063 0.00170708
1 0.445215 0.485156 0.15957 0.204688 0.00166798
1 0.510938 0.942969 0.915625 0.114063 0.00157928
0 0.926172 0.573047 0.147656 0.221094 0.00127888
1 0.223047 0.694531 0.427344 0.475 0.00126934
1 0.807031 0.736719 0.173438 0.292188 0.00122547
1 0.715234 0.5125 0.164844 0.214062 0.00122547
1 0.296875 0.674609 0.579687 0.530469 0.00121593
1 0.888281 0.547656 0.101562 0.273438 0.00118828
0 0.350977 0.473437 0.108984 0.190625 0.00118828
1 0.13584 0.639844 0.263086 0.3375 0.00112438
1 0.896875 0.566797 0.109375 0.217969 0.00110722
1 0.857617 0.740234 0.237891 0.308594 0.00104809
