1 0.258008 0.584766 0.476172 0.721094 0.390381
0 0.258008 0.584766 0.476172 0.721094 0.321777
0 0.177344 0.510156 0.348437 0.545313 0.0700684
1 0.685156 0.544922 0.4 0.653906 0.0687866
1 0.660156 0.621875 0.353125 0.459375 0.0572815
1 0.177344 0.510156 0.348437 0.545313 0.0240479
1 0.653906 0.708203 0.353125 0.558594 0.0157166
1 0.306641 0.175684 0.565625 0.351367 0.0156021
1 0.575781 0.610156 0.190625 0.346875 0.00831604
1 0.263672 0.375781 0.486719 0.617188 0.00787354
1 0.585938 0.562109 0.210938 0.519531 0.00723267
1 0.289844 0.458203 0.548437 0.903906 0.00661469
0 0.306641 0.175684 0.565625 0.351367 0.0045929
0 0.263672 0.375781 0.486719 0.617188 0.00431442
1 0.580469 0.574219 0.31875 0.826563 0.00428009
1 0.207813 0.764844 0.413281 0.464063 0.00405502
1 0.254297 0.482812 0.475781 0.509375 0.00392914
1 0.620313 0.575391 0.267188 0.730469 0.00362206
0 0.812695 0.494141 0.246484 0.475781 0.00349617
1 0.569531 0.669922 0.178125 0.367969 0.00340271
0 0.842969 0.490234 0.189063 0.430469 0.00338936
0 0.85918 0.187695 0.275391 0.358203 0.00321007
1 0.813867 0.472266 0.241016 0.497656 0.00321007
0 0.860937 0.526563 0.15 0.371875 0.00313568
0 0.575781 0.610156 0.190625 0.346875 0.00305176
0 0.653516 0.623047 0.346094 0.397656 0.00301552
0 0.237695 0.481348 0.454297 0.49668 0.00293541
0 0.874219 0.605469 0.1 0.167187 0.00283432
1 0.622266 0.767187 0.417969 0.460938 0.00277901
0 0.70625 0.572656 0.440625 0.734375 0.00244331
1 0.85918 0.187695 0.275391 0.358203 0.00220871
1 0.842969 0.490234 0.189063 0.430469 0.00191879
1 0.721094 0.4875 0.428125 0.5125 0.00179577
0 0.585938 0.562109 0.210938 0.519531 0.00177479
1 0.161426 0.985156 0.322852 0.0296875 0.0017271
1 0.427441 0.210938 0.770117 0.421875 0.00168705
0 0.459766 0.104199 0.124219 0.142383 0.00163555
1 0.569922 0.761328 0.183594 0.461719 0.0015974
0 0.922656 0.243408 0.154687 0.377246 0.0015192
0 0.975 0.960156 0.05 0.0796875 0.00146103
1 0.88457 0.725391 0.221484 0.517969 0.00146103
0 0.910156 0.17832 0.179688 0.336328 0.00145531
0 0.134863 0.152051 0.255664 0.298633 0.00140476
1 0.860937 0.526563 0.15 0.371875 0.00139904
0 0.75625 0.995313 0.20625 0.009375 0.00139904
0 0.545313 0.729688 0.120312 0.154687 0.00136662
1 0.19082 0.992969 0.374609 0.0140625 0.00134087
0 0.0845215 0.996094 0.169043 0.0078125 0.00133514
0 0.161426 0.985156 0.322852 0.0296875 0.00130463
0 0.717969 0.775781 0.0960938 0.110937 0.0012846
0 0.289844 0.458203 0.548437 0.903906 0.00120163
1 0.874219 0.605469 0.1 0.167187 0.00119209
0 0.0222168 0.104004 0.0444336 0.208008 0.00118828
0 0.0762695 0.230908 0.137305 0.364746 0.00116062
1 0.459766 0.104199 0.124219 0.142383 0.00116062
1 0.717969 0.775781 0.0960938 0.110937 0.00115108
0 0.869531 0.596875 0.107813 0.241406 0.0011158
1 0.553125 0.762109 0.11875 0.177344 0.00111198
0 0.620313 0.575391 0.267188 0.730469 0.00109863
1 0.596875 0.411719 0.220313 0.383594 0.00109482
1 0.785156 0.757422 0.420312 0.469531 0.00106907
0 0.9 0.995703 0.2 0.00859375 0.00106907
1 0.551562 0.725781 0.123438 0.142188 0.00105667
0 0.580469 0.574219 0.31875 0.826563 0.00105667
0 0.299805 0.995313 0.204297 0.009375 0.00104046
0 0.569531 0.669922 0.178125 0.367969 0.00104046
0 0.872656 0.653906 0.0984375 0.15625 0.00104046
0 0.598437 0.995313 0.217187 0.009375 0.00102425
0 0.240625 0.613379 0.457031 0.704492 0.427246
1 0.695703 0.566016 0.450781 0.680469 0.381104
1 0.240625 0.613379 0.457031 0.704492 0.10144
0 0.696094 0.538965 0.440625 0.62207 0.0157776
1 0.650781 0.614062 0.354688 0.690625 0.0139008
0 0.0331055 0.748438 0.0662109 0.260938 0.0086441
0 0.03125 0.748438 0.0625 0.2 0.00591278
0 0.651563 0.584766 0.35625 0.739844 0.00579834
1 0.663281 0.503516 0.334375 0.617969 0.00484848
0 0.241016 0.505859 0.442969 0.499219 0.00481033
0 0.7125 0.758594 0.06875 0.117188 0.0041008
0 0.161328 0.610059 0.322656 0.69082 0.00365067
0 0.318945 0.957031 0.0957031 0.0671875 0.00319672
1 0.578906 0.628125 0.213281 0.675 0.00286674
0 0.317187 0.945312 0.119531 0.1 0.00260162
0 0.823633 0.412891 0.165234 0.225 0.00230598
0 0.578906 0.628125 0.213281 0.675 0.00193405
0 0.712109 0.763281 0.0921875 0.121875 0.00181007
0 0.799219 0.386621 0.209375 0.225195 0.00158501
0 0.559375 0.646875 0.167187 0.245312 0.00141048
0 0.283984 0.960938 0.1875 0.075 0.00139427
1 0.0331055 0.748438 0.0662109 0.260938 0.00134087
1 0.387109 0.621484 0.713281 0.716406 0.00123024
0 0.368359 0.749219 0.0765625 0.117188 0.00113392
0 0.387109 0.621484 0.713281 0.716406 0.00107765
1 0.03125 0.748438 0.0625 0.2 0.00103664
1 0.655469 0.666406 0.335938 0.667188 0.354004
1 0.366406 0.628516 0.720312 0.742969 0.120239
1 0.258203 0.624219 0.473437 0.732813 0.114563
1 0.689844 0.597754 0.409375 0.782617 0.0548096
1 0.545313 0.621191 0.220313 0.745117 0.0158386
0 0.248047 0.624902 0.451562 0.725195 0.00861359
1 0.494531 0.555469 0.414062 0.889063 0.00766754
1 0.441406 0.5625 0.882812 0.875 0.00709534
0 0.601562 0.351953 0.201562 0.225 0.00619125
1 0.878125 0.585547 0.103125 0.348437 0.00277901
0 0.878125 0.585547 0.103125 0.348437 0.0026722
1 0.739453 0.713281 0.166406 0.220313 0.00226974
0 0.180469 0.361133 0.321875 0.262891 0.00218201
1 0.622266 0.691797 0.294531 0.566406 0.0020752
1 0.708203 0.360156 0.427344 0.246094 0.00186729
1 0.708984 0.461621 0.424219 0.44082 0.00186062
0 0.951563 0.729297 0.09375 0.286719 0.00183868
1 0.865625 0.544141 0.115625 0.602344 0.00151253
0 0.26582 0.354102 0.498047 0.522266 0.00150108
0 0.675781 0.0862305 0.176563 0.170508 0.00146675
0 0.132227 0.130469 0.244922 0.252344 0.00141621
1 0.817969 0.382422 0.165625 0.235156 0.00137806
0 0.807617 0.39209 0.181641 0.254883 0.00128937
0 0.958594 0.535156 0.08125 0.20625 0.00126457
0 0.366406 0.628516 0.720312 0.742969 0.00126457
0 0.95 0.463281 0.096875 0.29375 0.0011692
1 0.794531 0.369531 0.185937 0.220313 0.00109005
1 0.833008 0.440625 0.143359 0.30625 0.00108147
0 0.86875 0.139551 0.254687 0.270898 0.00107288
0 0.95625 0.490625 0.0875 0.215625 0.00104809
0 0.739453 0.713281 0.166406 0.220313 0.00103188
1 0.814258 0.517871 0.268359 0.679883 0.00101662
0 0.779688 0.367578 0.160938 0.24375 0.00101662
0 0.250977 0.526172 0.448047 0.522656 0.787109
1 0.70625 0.545313 0.45 0.603125 0.70166
0 0.247461 0.397754 0.431641 0.27793 0.619629
1 0.710156 0.608984 0.451562 0.427344 0.308105
0 0.601562 0.329688 0.220313 0.200781 0.0545959
0 0.703125 0.340234 0.417188 0.216406 0.0527039
1 0.703125 0.340234 0.417188 0.216406 0.0283356
1 0.249219 0.490234 0.448438 0.446094 0.0243835
0 0.247998 0.373047 0.361816 0.227344 0.0173035
1 0.247461 0.397754 0.431641 0.27793 0.0132751
1 0.807031 0.348047 0.175 0.2 0.0077858
0 0.807031 0.348047 0.175 0.2 0.00775528
0 0.70625 0.545313 0.45 0.603125 0.00757599
0 0.710156 0.608984 0.451562 0.427344 0.0037365
0 0.231641 0.383984 0.216016 0.249219 0.00353813
0 0.667188 0.331641 0.292188 0.202344 0.00312424
1 0.601562 0.329688 0.220313 0.200781 0.00300407
0 0.497656 0.538281 0.948438 0.576563 0.00299263
1 0.497656 0.538281 0.948438 0.576563 0.002388
1 0.716797 0.524219 0.214844 0.192188 0.00213242
0 0.184033 0.402734 0.303809 0.288281 0.00188255
1 0.707031 0.45 0.4375 0.432813 0.00122547
0 0.199023 0.396973 0.199609 0.27168 0.00116539
1 0.320703 0.529297 0.614844 0.525781 0.00115108
0 0.360156 0.399316 0.185156 0.248242 0.00114727
0 0.242578 0.530078 0.45 0.539844 0.855957
1 0.6625 0.643359 0.36875 0.436719 0.469727
0 0.6625 0.643359 0.36875 0.436719 0.365723
1 0.241406 0.537109 0.450781 0.546094 0.0359497
0 0.686328 0.388184 0.421094 0.32207 0.00725937
1 0.686328 0.388184 0.421094 0.32207 0.00631332
1 0.690625 0.59375 0.432813 0.723437 0.00538635
0 0.600781 0.667969 0.248437 0.4875 0.00387001
0 0.690625 0.59375 0.432813 0.723437 0.00365067
1 0.600781 0.667969 0.248437 0.4875 0.00300407
0 0.8125 0.36543 0.159375 0.207422 0.00206757
0 0.330273 0.150488 0.660547 0.300977 0.00165462
0 0.130176 0.174609 0.256055 0.349219 0.00163555
1 0.692578 0.597656 0.435156 0.739062 0.8125
1 0.653906 0.533203 0.351562 0.607031 0.788574
0 0.250586 0.557813 0.451172 0.59375 0.695312
1 0.250586 0.554297 0.455859 0.582031 0.161011
0 0.65625 0.552734 0.364062 0.646094 0.0218658
1 0.696094 0.341797 0.43125 0.233594 0.00263214
0 0.696094 0.341797 0.43125 0.233594 0.00245285
0 0.218359 0.136328 0.425 0.267188 0.00232315
0 0.247266 0.419531 0.442969 0.332812 0.00172043
0 0.25332 0.356641 0.432422 0.204688 0.00145531
1 0.696094 0.410156 0.432813 0.367969 0.00108624
1 0.7625 0.3875 0.303125 0.31875 0.00102425
1 0.733594 0.60625 0.217187 0.448438 0.00102043
1 0.685156 0.557422 0.401563 0.671094 0.802734
0 0.248437 0.524219 0.450781 0.535937 0.777832
1 0.662891 0.631641 0.361719 0.410156 0.740234
1 0.255859 0.573535 0.471094 0.62793 0.108215
1 0.700781 0.471484 0.439063 0.482031 0.0843506
0 0.259375 0.629297 0.485938 0.741406 0.0634766
1 0.697266 0.366797 0.432031 0.272656 0.0394897
0 0.596094 0.347852 0.23125 0.220703 0.0140076
0 0.697266 0.366797 0.432031 0.272656 0.0121918
0 0.660156 0.578027 0.348437 0.529883 0.0107346
0 0.685156 0.557422 0.401563 0.671094 0.00790405
0 0.80625 0.397266 0.189063 0.289062 0.00582123
0 0.698828 0.440723 0.433594 0.420117 0.00479126
1 0.80625 0.397266 0.189063 0.289062 0.00388527
1 0.555469 0.653906 0.154687 0.25625 0.00340271
1 0.746094 0.563281 0.153125 0.260156 0.00254059
1 0.722266 0.531641 0.208594 0.199219 0.00251198
1 0.835938 0.422266 0.151562 0.325781 0.00243378
1 0.876562 0.536719 0.184375 0.592188 0.0024147
0 0.554297 0.653906 0.149219 0.265625 0.00201988
0 0.485938 0.149023 0.91875 0.298047 0.00181007
1 0.898438 0.604688 0.19375 0.728125 0.00153637
1 0.596094 0.347852 0.23125 0.220703 0.00150108
0 0.835938 0.422266 0.151562 0.325781 0.0014267
0 0.722266 0.531641 0.208594 0.199219 0.00137806
1 0.838281 0.492969 0.175 0.519531 0.00121593
1 0.227734 0.839258 0.439063 0.321484 0.00119209
0 0.124023 0.909375 0.234375 0.18125 0.00117874
1 0.694531 0.704687 0.190625 0.240625 0.0011158
1 0.586719 0.675781 0.21875 0.510938 0.00108147
1 0.702344 0.561328 0.445312 0.680469 0.722656
0 0.248828 0.535156 0.45625 0.557813 0.600098
1 0.664453 0.596777 0.371094 0.531445 0.581543
1 0.251953 0.629687 0.461719 0.740625 0.394287
1 0.651953 0.61875 0.349219 0.3875 0.291016
1 0.249219 0.524219 0.452344 0.545313 0.00390053
1 0.698438 0.425098 0.434375 0.387305 0.00376511
1 0.685156 0.344141 0.407813 0.228125 0.00301552
0 0.180469 0.351172 0.321875 0.194531 0.00286674
0 0.685156 0.344141 0.407813 0.228125 0.00246239
1 0.194141 0.857617 0.372656 0.284766 0.00158501
1 0.173047 0.571094 0.319531 0.554688 0.00148964
0 0.173047 0.571094 0.319531 0.554688 0.00147247
0 0.111816 0.122852 0.215039 0.245703 0.00115108
0 0.144922 0.134277 0.278516 0.268555 0.00109482
0 0.244141 0.528906 0.464844 0.540625 0.808594
1 0.65625 0.632031 0.345313 0.428125 0.716309
1 0.671094 0.559473 0.375 0.663867 0.119995
1 0.678906 0.704297 0.395312 0.566406 0.108398
1 0.245312 0.530566 0.460938 0.54668 0.0578003
0 0.657812 0.615625 0.34375 0.501562 0.00329781
1 0.602344 0.641406 0.248437 0.440625 0.00133038
0 0.179736 0.559277 0.317871 0.504883 0.00123024
1 0.653516 0.627734 0.346094 0.403906 0.700684
0 0.248242 0.526953 0.461328 0.533594 0.623535
1 0.24375 0.528125 0.452344 0.534375 0.0564575
1 0.697266 0.553027 0.438281 0.643945 0.0429688
0 0.371484 0.528809 0.203906 0.514258 0.0327148
1 0.873438 0.60625 0.1 0.304688 0.0157166
1 0.691016 0.433203 0.419531 0.405469 0.0100555
1 0.371484 0.528809 0.203906 0.514258 0.00985718
0 0.821094 0.398438 0.15625 0.2375 0.00754929
1 0.578516 0.616016 0.196094 0.372656 0.00629044
0 0.873438 0.60625 0.1 0.304688 0.00598145
1 0.821094 0.398438 0.15625 0.2375 0.00559998
0 0.254687 0.632031 0.465625 0.735937 0.00542831
1 0.254687 0.632031 0.465625 0.735937 0.00521851
1 0.873438 0.524609 0.165625 0.505469 0.00421524
1 0.552734 0.642187 0.149219 0.276563 0.00335121
1 0.375781 0.633984 0.2125 0.732031 0.00322342
0 0.797656 0.371484 0.182812 0.213281 0.00270462
0 0.375781 0.633984 0.2125 0.732031 0.00269318
1 0.759375 0.611719 0.13125 0.315625 0.00263214
0 0.935938 0.422656 0.11875 0.564062 0.00244331
0 0.17207 0.535059 0.299219 0.525195 0.00214958
0 0.654297 0.629297 0.346094 0.399219 0.00204277
0 0.873438 0.524609 0.165625 0.505469 0.00194168
1 0.797656 0.371484 0.182812 0.213281 0.00191879
0 0.698828 0.539844 0.444531 0.625 0.00173378
1 0.896875 0.603906 0.182812 0.565625 0.00166798
1 0.935938 0.422656 0.11875 0.564062 0.00161076
0 0.593359 0.33125 0.208594 0.194531 0.00153637
1 0.919531 0.482812 0.132812 0.640625 0.0012598
0 0.395312 0.537891 0.135156 0.421875 0.00112915
0 0.919531 0.482812 0.132812 0.640625 0.00100803
1 0.876562 0.585547 0.096875 0.435156 0.00100803
0 0.94375 0.432031 0.10625 0.334375 0.00100422
0 0.244141 0.529297 0.464844 0.541406 0.808594
1 0.65625 0.632031 0.345313 0.428125 0.716309
1 0.670703 0.559375 0.374219 0.6625 0.115784
1 0.678906 0.704687 0.395312 0.565625 0.112793
1 0.245312 0.530566 0.460938 0.54668 0.0579224
0 0.657812 0.616309 0.34375 0.500195 0.00331116
1 0.602734 0.641016 0.249219 0.439844 0.00134563
0 0.179883 0.559375 0.317969 0.504687 0.00123024
