0 0.205078 0.703125 0.216406 0.279687 0.844727
0 0.82168 0.407422 0.234766 0.298438 0.806152
0 0.539453 0.198877 0.207813 0.281152 0.78125
0 0.596484 0.472266 0.222656 0.270312 0.771973
0 0.894531 0.137695 0.210938 0.267578 0.758301
0 0.501562 0.741016 0.220313 0.305469 0.751465
0 0.0931396 0.210938 0.182861 0.25625 0.750488
0 0.371484 0.496094 0.226562 0.291406 0.749023
0 0.8375 0.819531 0.2125 0.267188 0.74707
0 0.154883 0.441797 0.219531 0.259375 0.714844
0 0.349805 0.213721 0.187109 0.252246 0.665527
0 0.917188 0.676562 0.165625 0.320312 0.664551
0 0.09375 0.851562 0.177344 0.242188 0.507812
0 0.963672 0.358594 0.0726563 0.225781 0.486328
0 0.653125 0.828125 0.1875 0.253125 0.433105
0 0.712891 0.611719 0.188281 0.20625 0.320801
0 0.217578 0.216406 0.0898438 0.204688 0.185913
0 0.685156 0.133008 0.204688 0.266016 0.171387
1 0.501562 0.741016 0.220313 0.305469 0.136108
1 0.963672 0.358594 0.0726563 0.225781 0.132568
0 0.252734 0.0568359 0.128125 0.10918 0.121277
1 0.371484 0.496094 0.226562 0.291406 0.115784
0 0.680469 0.087793 0.20625 0.175586 0.11261
0 0.264648 0.867188 0.181641 0.21875 0.107239
0 0.435937 0.0434082 0.096875 0.0862305 0.0917358
0 0.270117 0.0585449 0.198828 0.11709 0.0838623
1 0.653125 0.833594 0.182031 0.248437 0.0830078
1 0.0931396 0.210938 0.182861 0.25625 0.081543
1 0.349805 0.213721 0.187109 0.252246 0.081543
1 0.595312 0.469434 0.228125 0.264258 0.0773926
0 0.684375 0.0794678 0.128906 0.155908 0.0750122
0 0.703125 0.163184 0.179688 0.24082 0.074646
1 0.153125 0.443066 0.215625 0.25918 0.072876
1 0.205078 0.703125 0.216406 0.279687 0.0607605
0 0.446875 0.0458008 0.120312 0.0916016 0.0568542
0 0.0468262 0.653906 0.0911133 0.160938 0.0548096
1 0.223779 0.220898 0.100879 0.214062 0.0509033
1 0.713672 0.607031 0.188281 0.205469 0.0505066
0 0.0522461 0.655469 0.104102 0.214062 0.0496826
0 0.102344 0.0507812 0.114844 0.100781 0.0483093
0 0.267188 0.0449219 0.145313 0.0839844 0.0472412
1 0.917188 0.676562 0.165625 0.320312 0.0452576
0 0.398438 0.847656 0.0945313 0.196875 0.0437012
0 0.900781 0.71875 0.198437 0.359375 0.0423889
0 0.421094 0.853125 0.136719 0.217187 0.0396423
0 0.0338867 0.339063 0.0677734 0.147656 0.0360718
1 0.89375 0.138086 0.2125 0.268359 0.0350037
0 0.0361328 0.360156 0.0722656 0.101562 0.0328369
1 0.440625 0.040332 0.102344 0.0806641 0.0318604
1 0.836719 0.817383 0.210938 0.271484 0.0307922
0 0.9625 0.402246 0.075 0.189258 0.0294189
0 0.359961 0.698438 0.0832031 0.104687 0.0264587
1 0.252734 0.0568359 0.128125 0.10918 0.0249939
1 0.398438 0.847656 0.0945313 0.196875 0.0248871
0 0.210352 0.735937 0.248047 0.35 0.0224609
0 0.965625 0.886719 0.06875 0.0953125 0.0215302
1 0.102344 0.0507812 0.114844 0.100781 0.0206451
0 0.967188 0.363281 0.065625 0.208594 0.0202484
1 0.539453 0.198877 0.207813 0.281152 0.0201721
0 0.22832 0.85332 0.255859 0.237109 0.0201721
0 0.984375 0.380469 0.03125 0.1875 0.0200195
1 0.0468262 0.653906 0.0911133 0.160938 0.0191193
1 0.09375 0.851562 0.177344 0.242188 0.018692
1 0.270117 0.0585449 0.198828 0.11709 0.0173798
1 0.0361328 0.360156 0.0722656 0.101562 0.016983
1 0.421094 0.853125 0.136719 0.217187 0.0163422
1 0.460156 0.0432617 0.139062 0.0865234 0.016098
1 0.359961 0.698438 0.0832031 0.104687 0.0156021
0 0.574219 0.17168 0.2125 0.270703 0.0150146
0 0.0286621 0.496094 0.0573242 0.175 0.0148392
1 0.684375 0.0794678 0.128906 0.155908 0.0148392
1 0.210352 0.735937 0.248047 0.35 0.0142822
1 0.823633 0.403516 0.233984 0.296094 0.014061
0 0.472266 0.0305908 0.155469 0.0611816 0.0131226
0 0.996094 0.415625 0.0078125 0.145313 0.0127258
1 0.216797 0.191406 0.0945313 0.157031 0.012146
1 0.271484 0.0512695 0.149219 0.100781 0.0119629
1 0.9625 0.402246 0.075 0.189258 0.0118713
0 0.462109 0.0462891 0.163281 0.0925781 0.0112457
0 0.639844 0.314844 0.0921875 0.0707031 0.0109863
1 0.264648 0.867188 0.181641 0.21875 0.0109482
1 0.965625 0.886719 0.06875 0.0953125 0.0109024
1 0.702734 0.0685547 0.139062 0.136523 0.0102921
1 0.900781 0.71875 0.198437 0.359375 0.00955963
1 0.0338867 0.339063 0.0677734 0.147656 0.00941467
1 0.639844 0.314844 0.0921875 0.0707031 0.00941467
1 0.692578 0.155469 0.196094 0.276953 0.00912476
0 0.464844 0.0341553 0.1375 0.0683105 0.0088501
0 0.270117 0.0374023 0.211328 0.0695312 0.0086441
1 0.0522461 0.655469 0.104102 0.214062 0.0085144
0 0.00222168 0.300391 0.00444336 0.217969 0.00831604
0 0.236279 0.0535156 0.154004 0.107031 0.008255
1 0.967188 0.363281 0.065625 0.208594 0.00812531
0 0.636719 0.232861 0.046875 0.118652 0.00790405
0 0.702734 0.0685547 0.139062 0.136523 0.00746155
0 0.215674 0.175781 0.0967773 0.141406 0.00746155
0 0.964063 0.320312 0.071875 0.154687 0.00740433
0 0.660547 0.16084 0.255469 0.279102 0.00734711
1 0.679688 0.0810547 0.201562 0.162109 0.00731659
0 0.0516113 0.624609 0.103223 0.285156 0.00658798
1 0.0298096 0.494531 0.0596191 0.171875 0.00653839
0 0.0813477 0.0469727 0.160156 0.0939453 0.0064888
0 0.176953 0.0611328 0.0648438 0.104883 0.00634003
0 0.709375 0.189111 0.129688 0.169434 0.00582123
0 0.177783 0.801758 0.285059 0.321484 0.00577545
1 0.984375 0.380469 0.03125 0.1875 0.00568771
0 0.372461 0.966406 0.167578 0.0671875 0.00518036
0 0.244727 0.212939 0.152344 0.238184 0.00516129
0 1 0.865625 0 0.120312 0.00494385
0 0.464844 0 0.154687 0 0.0049057
0 0.256982 0.991406 0.227441 0.0171875 0.00488663
1 0.176953 0.0611328 0.0648438 0.104883 0.00486755
0 0.0345703 0.29082 0.0676758 0.237891 0.00475693
1 0.472266 0.0305908 0.155469 0.0611816 0.00475693
0 0.0490723 0.579297 0.0963867 0.308594 0.0046463
0 0.992188 0.344922 0.015625 0.192969 0.00448608
1 0.464844 0.0341553 0.1375 0.0683105 0.00446701
0 0.649219 0.971875 0.178125 0.05625 0.00441742
1 0.22832 0.85332 0.255859 0.237109 0.00441742
0 0.998828 0.437109 0.00234375 0.135937 0.00426483
0 0.111328 0.992188 0.219531 0.015625 0.00419998
0 0.640625 0.303125 0.090625 0.0601562 0.00416565
0 0.0436035 0.271094 0.0844727 0.135937 0.00407028
0 0.375 0.996484 0.200781 0.00703125 0.00405502
0 0.991406 0.88125 0.0171875 0.1125 0.00403976
0 0.308984 0.0854492 0.160156 0.170898 0.00388527
0 0.00311279 0.483203 0.00622559 0.203906 0.00388527
0 0.292188 0.0523926 0.185937 0.104785 0.00387001
0 0.118066 0.0517578 0.0958984 0.103516 0.00366402
0 0.381641 0.978125 0.158594 0.04375 0.00365067
0 0.851562 0.995703 0.210938 0.00859375 0.00362206
0 0.660937 0.988281 0.214062 0.0234375 0.00362206
0 0.215674 0.788281 0.278809 0.357812 0.00352478
1 0.438281 0.0456055 0.121875 0.0912109 0.00351143
0 0.175586 0.374023 0.154687 0.129297 0.00348282
1 0.574219 0.17168 0.2125 0.270703 0.00346947
0 0.857813 0.827344 0.153125 0.234375 0.00337601
0 0.183398 0.0260986 0.239453 0.0521973 0.00336266
0 0.0382813 0.669922 0.0753906 0.210156 0.00335121
0 0.299561 0.994531 0.255566 0.0109375 0.00332451
1 0.270117 0.0374023 0.211328 0.0695312 0.00331116
0 0.486328 0.106348 0.167969 0.212695 0.00325966
0 0.122461 0.657031 0.0535156 0.146875 0.00318527
1 0.640625 0.303125 0.090625 0.0601562 0.00317192
0 0.967188 0.416406 0.065625 0.144531 0.00316048
1 0.0516113 0.624609 0.103223 0.285156 0.00314713
0 0.689062 0.994922 0.235938 0.0101562 0.00300407
0 0.203564 0.995703 0.27959 0.00859375 0.00298119
0 0.636719 0.994141 0.204688 0.0117188 0.00292397
0 0.610156 0.23125 0.0859375 0.136719 0.00287819
1 0.964063 0.320312 0.071875 0.154687 0.00286674
1 0.444434 0.864844 0.14082 0.196875 0.00279999
0 0.619141 0.174805 0.339844 0.280078 0.00279045
1 0.00230713 0.315234 0.00461426 0.200781 0.00271416
0 0.032666 0.528516 0.065332 0.14375 0.00270462
0 0.156641 0.995313 0.278906 0.009375 0.00270462
0 0.00219727 0.434766 0.00439453 0.260156 0.0026722
0 0.334766 0.979688 0.23125 0.040625 0.00263214
0 0.674609 0.0650879 0.205469 0.127637 0.00263214
0 0.426172 8.54492e-05 0.159375 0.000170898 0.00261116
1 0.996094 0.415625 0.0078125 0.145313 0.00261116
0 0.8 0.996875 0.260938 0.00625 0.00261116
0 0.507812 0.971875 0.126563 0.05625 0.00261116
0 0.7 0.205811 0.110937 0.149316 0.00260162
0 0.639844 0.861719 0.154687 0.182812 0.00258064
0 0.239014 0.0408203 0.27666 0.0816406 0.00253105
0 0.327148 0.199951 0.143359 0.254004 0.0024929
0 0.896875 0.996484 0.2 0.00703125 0.00248146
0 0.839063 0.969922 0.210938 0.0601562 0.00234222
0 0.0917725 9.76563e-05 0.148096 0.000195313 0.00231361
0 0.738281 0.0643555 0.084375 0.128711 0.00228691
1 0.381641 0.978125 0.158594 0.04375 0.00228691
0 0.225 0.982031 0.195703 0.0359375 0.00227928
0 0.510156 0.955469 0.121875 0.0890625 0.00226974
0 0.0693359 0.772266 0.128906 0.380469 0.00226021
0 0.997266 0.89375 0.00546875 0.107813 0.00225258
0 1 0.91875 0 0.121875 0.00225258
0 0.00197754 0.525 0.00395508 0.229687 0.00225258
0 0.420312 0.996484 0.220313 0.00703125 0.00225258
0 0.171875 0.714063 0.290625 0.295312 0.00223351
0 0.733594 0.599219 0.140625 0.1875 0.00219917
0 0.245703 0.127905 0.150781 0.159033 0.00215721
1 0.244727 0.212939 0.152344 0.238184 0.00214005
1 0.372461 0.966406 0.167578 0.0671875 0.00214005
0 0.355859 0.141406 0.153125 0.128125 0.00213242
0 0.091626 0.983203 0.176514 0.0335938 0.00213242
0 0.0017334 0.620313 0.0034668 0.270312 0.00212479
0 0.121387 0.955469 0.242773 0.0890625 0.00211525
0 0.432813 0.0484375 0.078125 0.096875 0.00209999
0 0.517187 0.940625 0.111719 0.109375 0.00209999
0 0.508594 0.996875 0.175 0.00625 0.00209999
0 0.963281 0.794531 0.0734375 0.151562 0.00209045
0 0.614062 0.121875 0.309375 0.24375 0.0020752
0 0.444434 0.864844 0.14082 0.196875 0.0020752
0 0.632812 0.0464844 0.141406 0.0929687 0.00205803
0 0.139453 0.254883 0.0851562 0.140625 0.0020504
1 0.308984 0.0854492 0.160156 0.170898 0.00203514
0 0.799219 0.810156 0.125 0.259375 0.00202751
0 0.0773926 0.973047 0.154785 0.0539063 0.00198746
0 0.282617 0.709375 0.0855469 0.15 0.0019722
0 0.176221 0.980469 0.255371 0.0390625 0.00195694
0 0.0214355 0.515625 0.0428711 0.242188 0.00193405
0 0.815625 0.963281 0.228125 0.0734375 0.00190449
0 0.645312 0.0602539 0.14375 0.120508 0.00188255
0 0.126172 0.0634766 0.0898438 0.126953 0.00186729
0 0.265234 0 0.167187 0 0.00185299
0 0.120508 0.642578 0.0449219 0.135156 0.00181007
0 0.483691 0.996484 0.243555 0.00703125 0.0018034
0 0.0287842 0.453516 0.0575684 0.242969 0.0018034
0 0.265039 0.983984 0.177344 0.0320312 0.00179577
0 0.112598 0.197998 0.130273 0.248535 0.00178242
0 0.544141 0.453125 0.122656 0.210156 0.00176144
0 0.468359 0.854688 0.220313 0.242188 0.00175476
0 0.00170898 0.666016 0.00341797 0.227344 0.00175476
0 0.603125 0.967969 0.207813 0.0640625 0.00174141
0 0.316016 0.495313 0.114063 0.157813 0.00173378
0 0.134155 0.0588379 0.142627 0.104785 0.00171375
0 0.0226563 0.1125 0.0453125 0.225 0.0017004
0 0.00180664 0.910156 0.00361328 0.179688 0.0017004
0 0.999609 0.311328 0.00078125 0.1375 0.00169373
1 0.245703 0.127905 0.150781 0.159033 0.00169373
0 0.771484 0.959375 0.210156 0.08125 0.00168133
1 0.649219 0.971875 0.178125 0.05625 0.0016613
0 0.272461 0.0251953 0.216016 0.0503906 0.0016613
0 1 0.819531 0 0.153125 0.0016613
1 0.292188 0.0523926 0.185937 0.104785 0.0016489
0 0.788281 0.762109 0.114063 0.152344 0.00163555
0 0.86543 0.973437 0.194141 0.053125 0.00162315
1 0.237842 0.994922 0.23916 0.0101562 0.00161648
1 0.450391 7.32422e-05 0.14375 0.000146484 0.00158501
0 0.732813 0.996484 0.235938 0.00703125 0.00157356
1 0.177783 0.801758 0.285059 0.321484 0.00156689
0 0.904688 0.959375 0.184375 0.08125 0.00156116
1 0.393848 0.996875 0.198242 0.00625 0.00156116
0 0.0859375 0.0628906 0.137695 0.125781 0.00153065
0 0.53125 0.115991 0.14375 0.131299 0.00152493
0 0.0307617 0.401172 0.0615234 0.274219 0.0015192
1 0.112598 0.197998 0.130273 0.248535 0.00151253
1 0.709375 0.189111 0.129688 0.169434 0.00148964
0 0.966797 0.380859 0.0664062 0.157031 0.00148964
0 0.976562 0.946094 0.046875 0.107813 0.0014782
1 0.236279 0.0535156 0.154004 0.107031 0.0014782
1 0.0998047 0.988672 0.199609 0.0226563 0.0014782
0 0.489453 0.80625 0.242188 0.265625 0.00147247
1 0.660937 0.988281 0.214062 0.0234375 0.00146675
1 0.636719 0.994141 0.204688 0.0117188 0.00143814
0 0.592969 0.996875 0.264062 0.00625 0.00143814
1 0.489453 0.80625 0.242188 0.265625 0.00141621
0 0.857031 0.0500488 0.146875 0.100098 0.00139904
1 0.0813477 0.0469727 0.160156 0.0939453 0.00139427
0 0.0723633 0.921094 0.144727 0.157813 0.00138855
1 0.517187 0.940625 0.111719 0.109375 0.00138283
1 0.279883 0.989844 0.238672 0.0203125 0.00138283
1 0.486328 0.106348 0.167969 0.212695 0.00138283
0 0.923437 0.997266 0.153125 0.00546875 0.00137234
0 0.226611 0 0.163184 0 0.00134563
1 0.120679 0.0561523 0.100439 0.112305 0.00134563
1 0.00311279 0.483203 0.00622559 0.203906 0.00134087
0 0.540234 0.997266 0.191406 0.00546875 0.00133514
1 0.992188 0.344922 0.015625 0.192969 0.00133038
0 0.383691 0.819531 0.0669922 0.146875 0.00131512
0 1 0.471094 0 0.170312 0.00131512
0 0.00249023 0.0675781 0.00498047 0.135156 0.00131512
0 0.0769775 0.206982 0.138232 0.236816 0.00129414
1 0.215674 0.788281 0.278809 0.357812 0.0012846
0 0.0149414 0.482031 0.0298828 0.215625 0.00127411
0 0.537891 0.158789 0.196094 0.212891 0.00127411
1 0.301221 0.982813 0.265527 0.034375 0.00126457
1 0.0693359 0.772266 0.128906 0.380469 0.00126457
0 0.533594 0.209961 0.1625 0.242578 0.0012598
1 0.327148 0.199951 0.143359 0.254004 0.00125504
0 0.959375 0.380859 0.08125 0.263281 0.00125504
1 0.0226563 0.1125 0.0453125 0.225 0.00125504
0 0.395703 0.982813 0.159375 0.034375 0.00122547
0 0.689062 0.102759 0.10625 0.143311 0.00119686
1 0.829687 0.995703 0.226562 0.00859375 0.00119209
0 0.660156 0.0755859 0.160938 0.151172 0.00118828
0 0.372656 0.404687 0.157031 0.119531 0.00117874
1 0.136328 0.994531 0.249219 0.0109375 0.00117874
1 0.689062 0.994922 0.235938 0.0101562 0.00117874
0 1 0.796875 0 0.159375 0.00116539
1 0.00212402 0.41875 0.00424805 0.28125 0.00115585
1 0.368555 0.54375 0.218359 0.226562 0.00115585
0 0.650781 0.989844 0.398438 0.0203125 0.00115108
0 0.998438 0.938672 0.003125 0.122656 0.0011425
1 0.733594 0.599219 0.140625 0.1875 0.00113773
0 0.950781 0.989062 0.0984375 0.021875 0.00113773
0 0.689844 0.973437 0.21875 0.053125 0.00113392
0 0.703906 0.763281 0.189063 0.282813 0.00112915
1 0.589063 0.519922 0.234375 0.214062 0.00112438
0 0.301221 0.982813 0.265527 0.034375 0.0011158
0 0.0874023 0.133203 0.146875 0.266406 0.00111198
1 0.614062 0.121875 0.309375 0.24375 0.00110722
0 0.289062 0.524219 0.0609375 0.138281 0.0011034
0 0.124121 0.0168457 0.122461 0.0336914 0.00109863
0 0.0918945 0.882812 0.159961 0.184375 0.00109863
1 0.603125 0.967969 0.207813 0.0640625 0.00109863
0 0.960938 0.432813 0.078125 0.155469 0.00109482
1 0.0773926 0.973047 0.154785 0.0539063 0.00109005
1 0.0017334 0.620313 0.0034668 0.270312 0.00109005
0 0.15127 0.443359 0.22168 0.258594 0.922363
0 0.594922 0.462109 0.228906 0.267188 0.90625
0 0.368945 0.494141 0.216797 0.2875 0.893066
0 0.825 0.408496 0.234375 0.289258 0.88623
0 0.20542 0.701953 0.222754 0.275781 0.883789
0 0.540625 0.19668 0.217187 0.276563 0.87793
0 0.839063 0.817187 0.209375 0.2625 0.871582
0 0.500391 0.735937 0.228906 0.284375 0.867676
0 0.710547 0.615625 0.182031 0.184375 0.852539
0 0.0908203 0.846094 0.181641 0.246875 0.829102
0 0.0896484 0.205859 0.179297 0.247656 0.828613
0 0.650781 0.83457 0.19375 0.240234 0.827148
0 0.91875 0.676172 0.1625 0.322656 0.82373
0 0.348437 0.208789 0.194531 0.256641 0.821777
0 0.896094 0.131934 0.207813 0.260742 0.791992
0 0.275342 0.0575195 0.203223 0.115039 0.592773
0 0.263086 0.884375 0.178125 0.173438 0.577637
0 0.216406 0.210938 0.100781 0.198437 0.509766
0 0.963281 0.359766 0.0734375 0.221875 0.472656
0 0.644922 0.869531 0.199219 0.1625 0.326904
0 0.667969 0.080835 0.197656 0.155518 0.275146
0 0.0393555 0.351562 0.0787109 0.0992187 0.229492
0 0.449609 0.0408691 0.142188 0.0807617 0.191895
0 0.864844 0.720703 0.270312 0.388281 0.187134
0 0.0860352 0.8875 0.17207 0.157813 0.144653
0 0.0311035 0.494531 0.062207 0.170312 0.143677
0 0.00610352 0.512891 0.012207 0.244531 0.100891
0 0.395312 0.850195 0.0921875 0.205859 0.100159
0 0.567969 0.817383 0.351562 0.246484 0.0731812
0 0.0251953 0.360938 0.0503906 0.135937 0.0690308
0 0.0223633 0.545313 0.0447266 0.277344 0.0609741
0 0.182422 0.852344 0.297656 0.239063 0.0607605
0 0.0388672 0.336523 0.0777344 0.137891 0.0589905
0 0.438672 0.870313 0.164844 0.171875 0.055603
0 0.101392 0.0456055 0.097998 0.0841797 0.0509033
1 0.216406 0.210938 0.100781 0.198437 0.0492249
0 0.266406 0.907812 0.177344 0.109375 0.0488586
0 0.0507812 0.644531 0.101562 0.145313 0.0486755
1 0.963281 0.359766 0.0734375 0.221875 0.0463867
0 0.0315918 0.351172 0.0631836 0.258594 0.0456848
0 0.432422 0.913281 0.173438 0.0859375 0.042572
1 0.701172 0.609375 0.186719 0.1875 0.0409851
0 0.800781 0.817187 0.14375 0.260938 0.0363464
1 0.0886719 0.204492 0.177344 0.254297 0.0354919
0 0.0614258 0.837695 0.114648 0.233984 0.0335999
1 0.894141 0.128516 0.211719 0.251953 0.0314331
0 0.355469 0.698438 0.0789063 0.096875 0.0284424
1 0.0393555 0.351562 0.0787109 0.0992187 0.0281067
0 0.796875 0.767187 0.1375 0.178125 0.0274811
1 0.917578 0.675781 0.164844 0.317187 0.0249939
1 0.667969 0.080835 0.197656 0.155518 0.0239563
0 0.716016 0.172754 0.133594 0.181836 0.0236053
1 0.276172 0.0540527 0.2125 0.108105 0.021286
0 0.0130371 0.564062 0.0260742 0.334375 0.0202484
0 0.669141 0.116797 0.217969 0.219531 0.0195007
0 0.434375 0.896094 0.184375 0.1375 0.019455
0 0.00721436 0.344531 0.0144287 0.217187 0.0189819
0 0.642969 0.319922 0.101562 0.0609375 0.0185394
0 0.0504883 0.721484 0.100977 0.297656 0.0181274
1 0.449609 0.0408691 0.142188 0.0807617 0.0179138
0 0.466406 0.0418457 0.175 0.0836914 0.0173798
1 0.0311035 0.494531 0.062207 0.170312 0.0170441
1 0.34707 0.208154 0.201172 0.254785 0.0163422
1 0.644922 0.869531 0.199219 0.1625 0.016098
0 0.659375 0.885938 0.19375 0.13125 0.016098
0 0.0866455 0.0421875 0.13335 0.0835937 0.0148392
0 0.962109 0.386328 0.0757812 0.260156 0.013588
0 0.65625 0.610156 0.278125 0.203125 0.013588
1 0.541016 0.190234 0.216406 0.275 0.0127716
1 0.369922 0.490625 0.220313 0.2875 0.0127258
1 0.256055 0.873438 0.179688 0.178125 0.0124283
0 0.709375 0.208203 0.129688 0.1125 0.0116882
0 0.218164 0.174902 0.106641 0.126758 0.0116425
0 0.0100952 0.384766 0.0201904 0.404687 0.011467
0 0.700391 0.151367 0.178906 0.245703 0.0110703
0 0.218164 0.769531 0.246875 0.395312 0.0110703
0 0.839844 0.858594 0.198437 0.182812 0.0109863
1 0.650781 0.83457 0.19375 0.240234 0.0106964
1 0.0388672 0.336523 0.0777344 0.137891 0.0106506
1 0.594922 0.462109 0.228906 0.267188 0.00926971
1 0.500391 0.734766 0.224219 0.288281 0.00919342
1 0.00610352 0.512891 0.012207 0.244531 0.00919342
0 0.277344 0.0443481 0.190625 0.0872803 0.00898743
0 0.670313 0.757422 0.121094 0.132031 0.00891876
1 0.0849609 0.849219 0.169922 0.228125 0.00871277
0 0.00598145 0.0998047 0.0119629 0.199609 0.00867462
0 0.00540771 0.413965 0.0108154 0.40957 0.0086441
0 0.627734 0.166113 0.327344 0.261914 0.00834656
0 0.297461 0.050293 0.262109 0.0947266 0.00806427
0 0.00847168 0.495313 0.0169434 0.1875 0.00784302
0 0.278906 0.853125 0.146875 0.217187 0.00746155
0 0.674219 0.782031 0.129688 0.173438 0.00734711
1 0.266406 0.907812 0.177344 0.109375 0.00712204
1 0.839063 0.817187 0.209375 0.2625 0.00706482
1 0.395312 0.850195 0.0921875 0.205859 0.00624084
0 0.0351562 0.508984 0.0703125 0.125 0.00584412
1 0.437109 0.855469 0.164844 0.20625 0.00568771
1 0.0251953 0.360938 0.0503906 0.135937 0.00530243
0 0.0449707 0.358203 0.0899414 0.0765625 0.00530243
0 0.456348 0.0502441 0.163867 0.0702148 0.00521851
0 0.0625488 0.803906 0.11709 0.159375 0.0051384
0 0.0769531 0.11748 0.153125 0.0802734 0.00502014
1 0.0315918 0.351172 0.0631836 0.258594 0.00500107
1 0.0223633 0.545313 0.0447266 0.277344 0.00498199
1 0.101392 0.0456055 0.097998 0.0841797 0.00492477
0 0.387891 0.835156 0.0773437 0.167187 0.00486755
1 0.0860352 0.8875 0.17207 0.157813 0.00453949
0 0.195898 0.0604004 0.102734 0.105957 0.00448608
0 0.211328 0.746484 0.217969 0.180469 0.00443268
0 0.14668 0.761328 0.293359 0.378906 0.00408554
0 0.178564 0.217773 0.203027 0.222266 0.00407028
0 0.791406 0.741406 0.123438 0.129688 0.00388527
1 0.15127 0.443359 0.22168 0.258594 0.00388527
1 0.716016 0.172754 0.133594 0.181836 0.00379562
1 0.433594 0.909375 0.171875 0.09375 0.00379562
1 0.20542 0.701953 0.222754 0.275781 0.00376511
0 0.763281 0.131055 0.04375 0.106641 0.00353813
1 0.82168 0.405078 0.231641 0.295312 0.00348282
0 0.0543945 0.201172 0.104492 0.242969 0.00348282
0 0.348633 0.244531 0.183984 0.175781 0.00345612
0 0.00559082 0.28208 0.0111816 0.360059 0.00341606
0 0.099707 0.443652 0.104297 0.236133 0.00340271
0 0.7625 0.138281 0.0578125 0.107422 0.00335121
0 0.131543 0.910937 0.106445 0.109375 0.00333786
0 0.539453 0.142676 0.211719 0.188086 0.00332451
0 0.051123 0.357812 0.102246 0.0929687 0.00328636
0 0.00703125 0.587109 0.0140625 0.422656 0.00314713
0 0.0404297 0.311328 0.0808594 0.170312 0.00309944
0 0.245703 0.0491699 0.152344 0.0983398 0.00291252
0 0.206836 0.771094 0.250391 0.132812 0.00279999
0 0.00605469 0.665625 0.0121094 0.340625 0.00279999
0 0.630469 0.235938 0.021875 0.0929687 0.0027256
1 0.0507812 0.644531 0.101562 0.145313 0.00264168
0 0.483594 0.0350708 0.0890625 0.0693115 0.00258064
0 0.11748 0.927344 0.148633 0.0875 0.00255013
1 0.642969 0.319922 0.101562 0.0609375 0.0024929
0 0.697656 0.0824219 0.13125 0.155469 0.00245285
0 0.324609 0.791406 0.0609375 0.0953125 0.00244331
0 0.339648 0.173047 0.178516 0.196094 0.0024147
0 0.936328 0.395703 0.127344 0.269531 0.00234222
0 0.791406 0.799219 0.1125 0.229687 0.00229645
0 0.279102 0.704687 0.0738281 0.120312 0.00226974
0 0.0422363 0.412598 0.0844727 0.368555 0.00226974
0 0.131348 0.895312 0.0896484 0.125 0.00223351
0 0.696094 0.0951416 0.164062 0.133154 0.00218201
0 0.13916 0.212695 0.27832 0.236719 0.00215721
0 0.183203 0.0513184 0.0542969 0.0959961 0.00214958
1 0.709375 0.208203 0.129688 0.1125 0.00214958
0 0.869531 0.0639648 0.154687 0.123242 0.00206757
1 0.0130371 0.564062 0.0260742 0.334375 0.00204277
0 0.135449 0.929688 0.145117 0.06875 0.00203514
0 0.499609 0.0344727 0.101562 0.0689453 0.00200272
0 0.0657227 0.0388184 0.131445 0.0776367 0.00198746
0 0.300586 0.869531 0.264453 0.2 0.0019722
0 0.118555 0.0489746 0.06875 0.0911133 0.00194168
1 0.355469 0.698438 0.0789063 0.096875 0.00194168
0 0.281641 0.7 0.0570313 0.154687 0.00191879
0 0.664844 0.0655762 0.210938 0.131152 0.00191879
0 0.0496216 0.675 0.0984131 0.2 0.00188255
0 0.444141 0.00124512 0.123438 0.00249023 0.00185299
0 0.112012 0.945312 0.155664 0.05 0.00178242
1 0.659375 0.885938 0.19375 0.13125 0.00177479
1 0.00721436 0.344531 0.0144287 0.217187 0.00174141
0 0.967578 0.884375 0.0648438 0.0953125 0.00174141
0 0.048291 0.583594 0.096582 0.357812 0.00172043
0 0.0112549 0.427734 0.0225098 0.203906 0.00168705
1 0.0614258 0.837695 0.114648 0.233984 0.00168705
1 0.0100952 0.384766 0.0201904 0.404687 0.00168705
0 0.149805 0.239502 0.0449219 0.139746 0.00167465
0 0.913281 0.633594 0.1625 0.223438 0.00167465
0 0.00388184 0.914844 0.00776367 0.170312 0.00167465
0 0.0787109 0.142969 0.157227 0.126953 0.00164223
0 0.655469 0.726172 0.105469 0.0742188 0.00162888
0 0.495703 0.0761719 0.117969 0.0480469 0.0015974
0 0.00898437 0.553809 0.0179687 0.35957 0.00156689
0 0.859375 0.394434 0.28125 0.275195 0.00148392
0 0.00142822 0.36543 0.00285645 0.106641 0.0014782
0 0.6375 0.0406738 0.146875 0.0762695 0.0014782
0 0.734375 0.0546387 0.0625 0.109277 0.00146675
0 0.117188 0.625781 0.0367187 0.13125 0.00146675
0 0.996484 0.885156 0.00703125 0.09375 0.00145531
0 0.00588379 0.877344 0.0117676 0.245312 0.00143242
0 0.345898 0.143164 0.184766 0.135937 0.00141621
0 0 0.357422 0 0.109375 0.00137806
1 0.00585938 0.0982422 0.0117188 0.196484 0.00137234
0 0.602344 0.155273 0.078125 0.111719 0.00135612
1 0.460938 0.0430664 0.160938 0.0861328 0.00135136
0 0.321875 0.0417969 0.102734 0.0789063 0.00134563
0 0.664062 0.736719 0.105469 0.0796875 0.00134563
0 0.143555 0.890625 0.0583984 0.132812 0.00131512
0 0.185889 0.0538574 0.0743164 0.102832 0.00131512
0 0.967188 0.364453 0.065625 0.232031 0.0012846
0 0.319727 0.203076 0.127734 0.246191 0.00126457
1 0.969141 0.376465 0.0617188 0.256445 0.00122547
0 0.355469 0.692969 0.110937 0.103125 0.00121593
0 0 0.0557129 0 0.102637 0.00119686
0 0.964844 0.863281 0.0703125 0.132812 0.00118828
0 0.526563 0.236377 0.192188 0.188184 0.00118351
0 0.319336 0.842188 0.323828 0.24375 0.0011692
0 0.185742 0.0763428 0.0722656 0.0762207 0.00116062
0 0.303906 0.834375 0.0921875 0.176563 0.00114727
0 0.107251 0.0355469 0.115186 0.0710938 0.00112438
0 0 0.334375 0 0.114063 0.0011034
0 0.595312 0.158887 0.0835937 0.136133 0.00109863
1 0.0866455 0.0421875 0.13335 0.0835937 0.00109005
0 0.316211 0.80957 0.0761719 0.105859 0.00108147
0 0.547656 0.0313721 0.311719 0.0627441 0.00106525
0 0.232471 0 0.124121 0 0.00106525
0 0.110547 0.0437988 0.0712891 0.0875977 0.00106525
0 0.876562 0.109473 0.1625 0.218945 0.00105667
0 0.965234 0.357422 0.0695312 0.135156 0.00105667
0 0.287305 0.682031 0.046875 0.129688 0.00104809
0 0.179248 0.369531 0.175098 0.117188 0.00104427
0 0.573828 0.445312 0.191406 0.225781 0.00104046
0 0.249609 0.820312 0.201562 0.148438 0.00103664
0 0.278906 0.679688 0.0757812 0.1125 0.00103188
0 0.00124512 0.0847412 0.00249023 0.0949707 0.00103188
0 0 0.471094 0 0.109375 0.00103188
0 0.0274658 0.0336182 0.0549316 0.0672363 0.00100422
0 0.158008 0.439941 0.210547 0.25918 0.793945
0 0.819531 0.408594 0.223438 0.3 0.757812
0 0.508984 0.738672 0.213281 0.282031 0.731934
0 0.206055 0.702734 0.212109 0.277344 0.72168
0 0.0887695 0.208594 0.177539 0.241797 0.654785
0 0.371094 0.491016 0.214062 0.277344 0.654785
0 0.899219 0.13418 0.201562 0.254687 0.651367
0 0.713281 0.623047 0.18125 0.175781 0.640625
0 0.834375 0.820508 0.198437 0.265234 0.633301
0 0.344922 0.21167 0.184375 0.253223 0.618652
0 0.594141 0.471777 0.225781 0.26582 0.597168
0 0.538281 0.194287 0.202344 0.273145 0.594727
0 0.9625 0.360938 0.075 0.239063 0.583008
0 0.648438 0.83457 0.182812 0.246484 0.548828
0 0.0903564 0.857617 0.175928 0.228516 0.466797
0 0.919141 0.621875 0.161719 0.207813 0.437744
0 0.919531 0.678125 0.160938 0.320312 0.42627
0 0.219336 0.186914 0.103516 0.158984 0.34082
0 0.26582 0.88125 0.170703 0.18125 0.315674
0 0.273633 0.0563965 0.206641 0.106738 0.309082
0 0.705469 0.134375 0.154687 0.257422 0.282227
0 0.961719 0.332422 0.075 0.169531 0.212036
1 0.536719 0.196289 0.207813 0.273828 0.161011
1 0.709375 0.133105 0.15 0.246289 0.157715
1 0.899219 0.13418 0.201562 0.254687 0.14563
1 0.34668 0.208643 0.176953 0.256934 0.145386
0 0.0525391 0.650781 0.103906 0.173438 0.132935
0 0.844531 0.860937 0.198437 0.179688 0.123779
1 0.594531 0.469141 0.221875 0.270312 0.111816
1 0.371094 0.491016 0.214062 0.277344 0.109314
0 0.433691 0.846875 0.168555 0.225 0.105591
1 0.9625 0.360938 0.075 0.239063 0.101562
0 0.212109 0.15625 0.0949219 0.102344 0.0930176
1 0.7125 0.614844 0.185937 0.185156 0.0853882
0 0.713281 0.159204 0.148438 0.193311 0.0755615
1 0.678906 0.1375 0.207813 0.259766 0.0730591
0 0.699609 0.0817871 0.160156 0.163574 0.0710449
0 0.471875 0.0445312 0.182812 0.0878906 0.0594177
1 0.0887695 0.208594 0.177539 0.241797 0.0549011
1 0.503906 0.735937 0.226562 0.28125 0.0519409
1 0.158008 0.439941 0.210547 0.25918 0.0445862
1 0.284961 0.056543 0.204297 0.110156 0.0437012
0 0.0932617 0.0429199 0.179883 0.0858398 0.0420837
1 0.219336 0.186914 0.103516 0.158984 0.0419312
0 0.0517578 0.632031 0.101758 0.115625 0.0396423
0 0.356641 0.689062 0.0882813 0.114063 0.0347595
1 0.819531 0.408594 0.223438 0.3 0.0344238
0 0.909375 0.728906 0.178125 0.421875 0.0333862
0 0.0436523 0.35918 0.0873047 0.0941406 0.0319824
0 0.666406 0.0692383 0.232812 0.136523 0.0313721
1 0.205811 0.703906 0.211816 0.278125 0.0293121
0 0.960938 0.300391 0.078125 0.105859 0.0292053
0 0.542969 0.237549 0.203125 0.194434 0.0290833
0 0.804688 0.740625 0.148438 0.125 0.0285492
0 0.676562 0.116797 0.204688 0.217969 0.0280151
0 0.711328 0.105371 0.152344 0.173633 0.0262604
1 0.26582 0.88125 0.170703 0.18125 0.0259094
0 0.964844 0.390234 0.0703125 0.178125 0.0254669
0 0.224268 0.219971 0.108496 0.218652 0.024231
1 0.649219 0.849805 0.1875 0.197266 0.0235138
0 0.95625 0.359766 0.0875 0.217969 0.0232391
1 0.844531 0.860937 0.198437 0.179688 0.0230713
0 0.964453 0.882031 0.0710938 0.0984375 0.0227966
1 0.961719 0.332422 0.075 0.169531 0.0219421
1 0.0871094 0.855469 0.172461 0.228125 0.0194244
1 0.699609 0.0817871 0.160156 0.163574 0.0185394
1 0.433691 0.846875 0.168555 0.225 0.0156021
1 0.834375 0.820508 0.198437 0.265234 0.0150146
1 0.0525391 0.650781 0.103906 0.173438 0.0148392
1 0.212109 0.15625 0.0949219 0.102344 0.0136871
0 0.369141 0.539844 0.217187 0.19375 0.0127258
1 0.919141 0.621875 0.161719 0.207813 0.012291
0 0.967969 0.366797 0.0640625 0.224219 0.0121918
1 0.919531 0.678125 0.160938 0.320312 0.0118256
1 0.471875 0.0445312 0.182812 0.0878906 0.0115051
0 0.205273 0.20918 0.0910156 0.228516 0.0108566
0 0.421484 0.876562 0.142969 0.167187 0.0102081
1 0.666406 0.0692383 0.232812 0.136523 0.00963593
1 0.0932617 0.0429199 0.179883 0.0858398 0.00930023
1 0.711328 0.105371 0.152344 0.173633 0.00926971
0 0.405469 0.831055 0.108594 0.225391 0.00898743
0 0.114844 0.0501831 0.185937 0.0982666 0.00818634
0 0.125684 0.628125 0.0677734 0.107813 0.0068512
0 0.710938 0.582031 0.189063 0.130469 0.00661469
0 0.598437 0.512891 0.225 0.182031 0.00658798
0 0.901563 0.73125 0.196875 0.24375 0.00595856
0 0.788867 0.754297 0.116016 0.150781 0.00582123
0 0.117188 0.451172 0.141406 0.225 0.00577545
0 0.681641 0.747266 0.138281 0.105469 0.00577545
0 0.673828 0.779688 0.142969 0.164062 0.00526047
0 0.803125 0.821875 0.140625 0.265625 0.00521851
1 0.653906 0.8125 0.18125 0.215625 0.00494385
1 0.0517578 0.632031 0.101758 0.115625 0.00486755
0 0.965625 0.417188 0.06875 0.139062 0.0046463
0 0.64375 0.323047 0.110937 0.0847656 0.00453949
1 0.804688 0.740625 0.148438 0.125 0.00450516
0 0.958594 0.820312 0.0828125 0.08125 0.00448608
0 0.0525391 0.615625 0.103906 0.08125 0.00407028
1 0.0436523 0.35918 0.0873047 0.0941406 0.00397491
0 0.294531 0.0450195 0.177344 0.0886719 0.00385475
0 0.48125 0.0303223 0.192969 0.0606445 0.00382423
1 0.961328 0.310742 0.0773437 0.108203 0.00366402
1 0.542969 0.237549 0.203125 0.194434 0.0036068
0 0.175 0.0475586 0.301172 0.0923828 0.00346947
1 0.964844 0.390234 0.0703125 0.178125 0.00344276
0 0.38125 0.817969 0.0625 0.165625 0.00340271
0 0.514844 0.747266 0.229687 0.194531 0.00331116
0 0.823633 0.463672 0.224609 0.184375 0.00328636
0 0.678516 0.725781 0.145313 0.0765625 0.00317192
1 0.356641 0.689062 0.0882813 0.114063 0.00293541
0 0.0920898 0.889063 0.171289 0.1625 0.00284576
1 0.421484 0.876562 0.142969 0.167187 0.00276756
1 0.205273 0.20918 0.0910156 0.228516 0.00275803
0 0.871094 0.999219 0.165625 0.0015625 0.0026722
0 0.0951172 0.117383 0.183594 0.08125 0.00265312
0 0.513281 0.788281 0.217187 0.190625 0.00263214
0 0.16084 0.472266 0.224414 0.184375 0.00261116
1 0.715625 0.168555 0.148438 0.182031 0.00259018
1 0.710938 0.582031 0.189063 0.130469 0.00251198
0 0.671875 0.997656 0.170312 0.0046875 0.00250244
0 0.699219 0.998438 0.170312 0.003125 0.0024929
1 0.95625 0.359766 0.0875 0.217969 0.00247192
0 0.679688 0.83125 0.126563 0.271875 0.00245285
0 0.560547 0.978125 0.254687 0.04375 0.00237846
0 0.860937 0.0481934 0.148438 0.0954102 0.00234985
0 0.212891 0.753906 0.214062 0.175 0.00229645
1 0.673828 0.779688 0.142969 0.164062 0.00228691
0 0.655469 0.85918 0.204688 0.184766 0.00225258
0 0.409375 0.0473511 0.239063 0.088501 0.00222588
0 0.702734 0.633203 0.183594 0.132031 0.00219917
0 0.525781 0.125391 0.225 0.203125 0.00218201
1 0.964453 0.882031 0.0710938 0.0984375 0.00214958
0 0.0289063 0.978516 0.0578125 0.0429688 0.00214958
0 0.521484 0.0244873 0.207031 0.0489746 0.00210762
0 0.615625 0.974219 0.232812 0.0515625 0.00208282
0 0.696484 0.731641 0.169531 0.0882813 0.00208282
0 0.514844 0.982813 0.264062 0.034375 0.0020752
0 0.716797 0.211377 0.147656 0.122559 0.00206757
0 0.0917725 0.285156 0.178174 0.114844 0.00201988
0 0.828906 0.422656 0.242188 0.2125 0.00198746
0 0.498047 0.168359 0.132812 0.155859 0.00195694
0 0.355469 0.613281 0.108594 0.071875 0.00195694
1 0.224268 0.219971 0.108496 0.218652 0.00194168
0 0.328516 0.977344 0.271094 0.0453125 0.0018177
0 0.675781 0.971875 0.228125 0.05625 0.0018177
0 0.82168 0.974219 0.222266 0.0515625 0.0018034
0 0.766797 0.973437 0.241406 0.053125 0.00179577
0 0.0940186 0.144238 0.181494 0.13418 0.00179577
1 0.369141 0.539844 0.217187 0.19375 0.00178242
0 0.158398 0.628125 0.130469 0.113281 0.00178242
1 0.48125 0.0303223 0.192969 0.0606445 0.00177479
0 0.721484 0.975781 0.244531 0.0484375 0.00173378
0 0.489062 0.13186 0.110937 0.155029 0.00172043
1 0.967969 0.366797 0.0640625 0.224219 0.00171375
0 0.416309 0.0349365 0.198633 0.069873 0.00170708
0 0.544141 0.446777 0.128125 0.167383 0.0017004
0 0.156348 0.0587891 0.203711 0.112109 0.0016613
0 0.24707 0.0539063 0.253516 0.107813 0.00161648
0 0.00876465 0.355078 0.0175293 0.105469 0.00161648
0 0.538281 0.421484 0.114063 0.173438 0.00161076
0 0.872656 0.973437 0.229687 0.053125 0.00160408
1 0.114844 0.0501831 0.185937 0.0982666 0.00148964
0 0.317187 0.173633 0.133594 0.182422 0.0014782
1 0.592969 0.510156 0.229687 0.1875 0.0014782
0 0.415234 0.978125 0.270312 0.04375 0.00146675
0 0.460547 0.832031 0.208594 0.114063 0.00145531
0 0.672656 0.0487183 0.226562 0.0959229 0.00144386
0 0.91875 0.999219 0.159375 0.0015625 0.00143242
0 0.0984375 0.0336426 0.178516 0.0672852 0.00134087
0 0.0121338 0.371484 0.0242676 0.10625 0.00129414
0 0.602734 0.809375 0.144531 0.3 0.00127411
0 0.826563 0.998828 0.175 0.00234375 0.00127411
0 0.257031 0.0736816 0.208203 0.128223 0.00125504
0 0.325781 0.219922 0.150781 0.205469 0.00124931
1 0.117188 0.451172 0.141406 0.225 0.00123024
1 0.788867 0.754297 0.116016 0.150781 0.00119209
0 0.00633545 0.434375 0.0126709 0.1875 0.00117874
0 0.054248 0.0314941 0.108496 0.0629883 0.00116062
0 0.899609 0.975781 0.200781 0.0484375 0.00115108
0 0.145117 0.0365479 0.238672 0.0730957 0.00112915
0 0.264062 0.345313 0.0941406 0.0882813 0.00112057
0 0.694922 0.659375 0.171094 0.107813 0.00110722
0 0.117285 0.9625 0.225586 0.075 0.00109863
0 0.22832 0.0636719 0.176563 0.114258 0.00109005
0 0.329688 0.478125 0.146094 0.165625 0.00109005
1 0.909375 0.728906 0.178125 0.421875 0.00104427
1 0.676562 0.75 0.140625 0.121875 0.00103188
0 0.335547 0.0449707 0.096875 0.0870117 0.00102425
0 0.282031 0.998828 0.176563 0.00234375 0.00101662
0 0.902344 0.170508 0.195312 0.182812 0.00101662
0 0.605469 0.0265381 0.198437 0.0530762 0.00101185
0 0.376465 0.796094 0.0501953 0.104687 0.00100422
0 0.156445 0.437109 0.211719 0.253125 0.903809
0 0.542578 0.194922 0.200781 0.282813 0.894531
0 0.821875 0.409375 0.214062 0.292188 0.891602
0 0.208545 0.703125 0.219629 0.2875 0.885254
0 0.59375 0.469922 0.210938 0.265625 0.881836
0 0.505859 0.733594 0.214844 0.2875 0.868164
0 0.901563 0.130469 0.196875 0.257812 0.861816
0 0.371094 0.494922 0.205469 0.291406 0.855469
0 0.349219 0.209375 0.186719 0.253125 0.84375
0 0.84043 0.825 0.197266 0.264062 0.787109
0 0.655859 0.829687 0.172656 0.251563 0.772461
0 0.0879883 0.207031 0.173438 0.242188 0.766113
0 0.921875 0.661719 0.15625 0.29375 0.750488
0 0.0888916 0.851562 0.172998 0.2375 0.719238
0 0.713672 0.607813 0.169531 0.201562 0.713867
0 0.276172 0.0546387 0.199219 0.109277 0.70166
0 0.267188 0.8875 0.160547 0.15 0.693359
0 0.694531 0.0796875 0.160156 0.15918 0.685059
0 0.721094 0.183594 0.129688 0.15625 0.588867
0 0.43125 0.876562 0.158594 0.171875 0.450439
0 0.463672 0.0379883 0.150781 0.0759766 0.443604
0 0.0493652 0.646875 0.0954102 0.15 0.35498
0 0.219336 0.191406 0.0972656 0.163672 0.238647
0 0.10293 0.038916 0.123438 0.077832 0.206299
0 0.965625 0.375879 0.06875 0.274805 0.200562
0 0.220703 0.215039 0.0996094 0.228516 0.14563
0 0.972266 0.388965 0.0554687 0.295508 0.123352
0 0.712109 0.201514 0.133594 0.129004 0.100891
0 0.457031 0.0427246 0.140625 0.0754883 0.083313
0 0.359375 0.697656 0.0851562 0.09375 0.0742188
0 0.109668 0.0458008 0.110937 0.0806641 0.0616455
0 0.716406 0.142383 0.1375 0.236328 0.0555115
0 0.915625 0.620313 0.159375 0.220313 0.0474243
0 0.0400391 0.363672 0.0800781 0.0742188 0.0463867
0 0.357031 0.678516 0.0835937 0.129688 0.0411377
1 0.921094 0.677344 0.157813 0.317187 0.0406189
0 0.11582 0.0450684 0.125391 0.0901367 0.0340881
1 0.901563 0.130469 0.196875 0.257812 0.0283356
0 0.635938 0.320312 0.109375 0.0527344 0.0245209
1 0.087207 0.204346 0.171289 0.247559 0.0214081
1 0.374219 0.489844 0.208594 0.288281 0.0204468
1 0.683594 0.0809082 0.18125 0.161816 0.0191956
1 0.0888916 0.851562 0.172998 0.2375 0.0178528
1 0.348828 0.209814 0.185937 0.25459 0.0177155
0 0.672656 0.0807129 0.2 0.161426 0.0170441
0 0.264062 0.855469 0.170312 0.223438 0.0168457
0 0.296484 0.839258 0.105469 0.252734 0.0165863
1 0.542578 0.194922 0.200781 0.282813 0.0164032
0 0.419531 0.84375 0.1375 0.25 0.0162811
1 0.821875 0.401953 0.223438 0.291406 0.0156708
1 0.276172 0.0546387 0.199219 0.109277 0.0150757
1 0.710156 0.614062 0.176563 0.184375 0.0147324
1 0.594922 0.462891 0.214062 0.260938 0.0140076
0 0.921875 0.717188 0.15625 0.232812 0.0138474
1 0.842188 0.818555 0.195312 0.272266 0.0135345
1 0.714453 0.189014 0.133594 0.150098 0.0131226
0 0.437891 0.040625 0.123438 0.08125 0.0130234
1 0.10293 0.038916 0.123438 0.077832 0.0122375
0 0.664453 0.80957 0.130469 0.221484 0.011734
1 0.21167 0.70625 0.212598 0.282813 0.0115051
1 0.43125 0.876562 0.158594 0.171875 0.0111618
0 0.664844 0.765625 0.121875 0.14375 0.0110321
1 0.264844 0.890625 0.164844 0.146875 0.0108566
1 0.505469 0.737891 0.2125 0.292969 0.0104904
1 0.155762 0.439941 0.21543 0.25293 0.00948334
1 0.652734 0.826367 0.178906 0.256641 0.00933838
0 0.0832031 0.0462402 0.155664 0.0807617 0.00857544
0 0.995703 0.397266 0.00859375 0.330469 0.00837708
1 0.463672 0.0379883 0.150781 0.0759766 0.00828552
0 0.28418 0.0457031 0.187891 0.0914062 0.00763702
1 0.972266 0.388965 0.0554687 0.295508 0.00728989
1 0.0493652 0.646875 0.0954102 0.15 0.00728989
0 0.24082 0.213867 0.136328 0.233594 0.00725937
0 0.433984 0.907812 0.148438 0.104687 0.00701141
0 0.964844 0.345313 0.0703125 0.169531 0.00695801
0 0.249805 0.0538086 0.212109 0.107617 0.00658798
0 0.650781 0.870313 0.171875 0.15 0.0064888
1 0.965625 0.375879 0.06875 0.274805 0.0064621
0 0.707422 0.105859 0.144531 0.208594 0.00609589
0 0.0635254 0.638281 0.120605 0.128125 0.00600433
1 0.219336 0.191406 0.0972656 0.163672 0.00598145
0 0.522656 0.0285889 0.185937 0.0571777 0.00575256
1 0.220703 0.215039 0.0996094 0.228516 0.00502014
0 0.374609 0.696875 0.116406 0.0984375 0.00486755
0 0.633594 0.0444824 0.189063 0.0889648 0.00469971
0 0.616406 0.324609 0.148438 0.0523437 0.00443268
0 0.159863 0.351758 0.16543 0.0777344 0.00436401
0 0.0123779 0.361133 0.0247559 0.243359 0.0039444
0 0.80957 0.780469 0.143359 0.2 0.00312424
0 0.0806641 0.0374512 0.154102 0.0749023 0.00312424
0 0.667969 0.0566406 0.198437 0.101562 0.00311089
0 0.0378906 0.352539 0.0757812 0.123047 0.0030632
0 0.725 0.590625 0.15 0.15 0.00302696
0 0.998438 0.358984 0.003125 0.311719 0.00292397
1 0.711719 0.214062 0.13125 0.0933594 0.00273705
0 0.920313 0.585156 0.15 0.128906 0.00253105
0 0.601562 0.338672 0.189063 0.0265625 0.00247192
0 0.0107178 0.294531 0.0214355 0.23125 0.00223351
0 0.467969 0.0513794 0.170312 0.0845459 0.00216484
1 0.915625 0.620313 0.159375 0.220313 0.00209999
0 0.747656 0.142773 0.0875 0.225391 0.00188255
0 0.999219 0.412891 0.0015625 0.2625 0.00186729
0 0.286914 0.817383 0.090625 0.187109 0.00173378
0 0.00522461 0.394922 0.0104492 0.297656 0.0017271
1 0.664453 0.80957 0.130469 0.221484 0.00167465
0 0.0692871 0.0363281 0.138574 0.0726563 0.0015974
0 0.999609 0.877148 0.00078125 0.245703 0.00152493
0 0.497656 0.625 0.16875 0.0734375 0.00152493
1 0.45625 0.042627 0.146875 0.0766602 0.0015192
0 0.466309 0.917188 0.204883 0.109375 0.00149536
0 0.644531 0.310156 0.101562 0.065625 0.00148392
0 0.798437 0.0638184 0.0375 0.0737305 0.00147247
0 0.732422 0.564844 0.150781 0.142188 0.00144958
0 0.516406 0.0943359 0.145313 0.0767578 0.00144958
0 0.929688 0.60625 0.1375 0.179688 0.00138855
0 0.814844 0.811719 0.15625 0.267188 0.00137234
0 0.580078 0.367578 0.169531 0.0742188 0.00134087
0 0.344922 0.12002 0.152344 0.0789063 0.00133038
0 0.354297 0.38916 0.1625 0.0794922 0.00132465
0 0.394141 0.850781 0.0898438 0.254687 0.00130939
0 0.535156 0.141406 0.192188 0.280078 0.00127411
0 0.623438 0.287109 0.0578125 0.0875 0.00127411
0 0.91875 0.763672 0.15625 0.163281 0.00124454
1 0.0953125 0.0438477 0.13457 0.0775391 0.0012207
0 0.805469 0.74375 0.140625 0.1125 0.0012207
0 0.361719 0.933594 0.167969 0.132812 0.00121593
0 0.595312 0.410156 0.221094 0.163281 0.00120163
0 0.278906 0.933594 0.163281 0.132812 0.0011692
0 0.357422 0.707031 0.065625 0.0796875 0.0011692
0 0.978125 0.442187 0.04375 0.259375 0.00116062
0 0.973828 0.878125 0.0523437 0.175 0.00112915
0 0.785742 0.0625 0.0347656 0.0658203 0.00112438
0 0.983594 0.860937 0.0328125 0.153125 0.00110722
0 0.782617 0.0540161 0.0285156 0.0613037 0.00104809
0 0.799219 0.299414 0.151562 0.0855469 0.00101662
0 0.594531 0.469922 0.21875 0.266406 0.912598
0 0.538672 0.196484 0.208594 0.286719 0.910645
0 0.819531 0.40791 0.229687 0.287305 0.905762
0 0.157031 0.436328 0.214844 0.255469 0.88623
0 0.502344 0.735937 0.217187 0.290625 0.880371
0 0.205469 0.703125 0.216797 0.285937 0.878906
0 0.898438 0.131641 0.2 0.259375 0.865234
0 0.346094 0.211377 0.189844 0.26084 0.859375
0 0.368164 0.491797 0.212109 0.299219 0.853027
0 0.839063 0.820312 0.196875 0.259375 0.798828
0 0.920313 0.677344 0.159375 0.320312 0.739258
0 0.0865234 0.211914 0.17168 0.256641 0.733398
0 0.648828 0.825195 0.180469 0.249609 0.720215
0 0.714844 0.610156 0.179688 0.196875 0.679199
0 0.0861572 0.848242 0.16792 0.244141 0.625977
0 0.265625 0.885156 0.16875 0.165625 0.587891
0 0.710938 0.135156 0.15 0.250781 0.557129
0 0.274805 0.0529297 0.201953 0.0925781 0.46875
0 0.435937 0.871875 0.164062 0.18125 0.315674
0 0.964063 0.371875 0.071875 0.264062 0.287842
0 0.052063 0.639844 0.0904053 0.138281 0.265869
0 0.220117 0.214893 0.113281 0.203027 0.215332
0 0.464063 0.044043 0.157813 0.0880859 0.108215
0 0.358984 0.695312 0.0945313 0.102344 0.0387573
0 0.441309 0.914062 0.162695 0.0984375 0.0352783
0 0.9625 0.391016 0.075 0.295312 0.0252686
0 0.26875 0.0505859 0.221875 0.101172 0.0186157
0 0.0490112 0.360938 0.0914307 0.0867188 0.0180511
0 0.219922 0.185937 0.105078 0.152344 0.0175171
0 0.698438 0.0833008 0.154687 0.164648 0.0151901
1 0.090625 0.838281 0.163281 0.25 0.0149002
1 0.964063 0.371875 0.071875 0.264062 0.01297
0 0.0931641 0.88125 0.163281 0.175 0.0127258
0 0.41875 0.853906 0.135156 0.228125 0.0127258
0 0.63125 0.235547 0.0234375 0.257812 0.0121002
1 0.368164 0.491797 0.212109 0.299219 0.0118256
0 0.471875 0.0381836 0.185156 0.0763672 0.011734
0 0.754687 0.955859 0.264062 0.0882813 0.0115967
0 0.367773 0.965234 0.178516 0.0695312 0.0110703
0 0.0876953 0.0427246 0.175391 0.0854492 0.00971222
1 0.716406 0.609375 0.175 0.189063 0.00945282
0 0.363672 0.977344 0.185156 0.0453125 0.00912476
0 0.974219 0.381934 0.0515625 0.258008 0.00901794
1 0.0865234 0.211914 0.17168 0.256641 0.0088501
0 0.974219 0.391406 0.0515625 0.323438 0.008255
1 0.435937 0.871875 0.164062 0.18125 0.00818634
0 0.0876953 0.0475098 0.169531 0.0928711 0.00796509
0 0.19668 0.976562 0.204297 0.046875 0.0077858
0 0.646875 0.964844 0.175 0.0703125 0.00772476
0 0.0573242 0.644531 0.114648 0.15625 0.00763702
0 0.197314 0.967188 0.219434 0.065625 0.00728989
1 0.917188 0.685547 0.159375 0.341406 0.00720596
0 0.636328 0.317578 0.0890625 0.0578125 0.00714874
1 0.651563 0.81582 0.176563 0.258984 0.00614548
0 0.0783203 0.977344 0.15625 0.0453125 0.00595856
1 0.714844 0.139062 0.145313 0.251172 0.00577545
1 0.215625 0.215967 0.107031 0.208691 0.00575256
1 0.894531 0.134766 0.201562 0.260156 0.00551224
0 0.180127 0.0573242 0.0506836 0.107617 0.00544739
1 0.344141 0.211719 0.183594 0.266406 0.00538635
1 0.207373 0.702344 0.22041 0.276563 0.00519943
1 0.5 0.734766 0.226562 0.292969 0.00496292
0 0.525 0.973437 0.140625 0.053125 0.00482941
1 0.846094 0.826367 0.195312 0.244141 0.00481033
0 0.65 0.964453 0.176563 0.0710938 0.00460815
1 0.267188 0.896875 0.167187 0.140625 0.0045929
0 0.460156 0.00235596 0.275 0.00471191 0.00446701
0 0.104687 0.00078125 0.209375 0.0015625 0.00446701
0 0.638281 0.314063 0.1125 0.0710938 0.00439835
0 0.244141 0.985156 0.244922 0.0296875 0.00432968
1 0.154687 0.439063 0.216797 0.250781 0.0042305
0 0.714844 0.177686 0.146875 0.179785 0.00415039
1 0.278906 0.0553711 0.2 0.107813 0.00397491
0 0.296875 0.0437988 0.166406 0.084082 0.00391388
0 0.180518 0.0648438 0.0639648 0.104492 0.00390053
1 0.0511719 0.641406 0.0980469 0.140625 0.00358009
0 0.958594 0.352539 0.0828125 0.224609 0.00358009
1 0.538672 0.196484 0.208594 0.286719 0.00336266
0 0.1625 0.979688 0.254687 0.040625 0.00317192
1 0.820312 0.409375 0.228125 0.301562 0.00309944
0 0.41416 0.00141602 0.295117 0.00283203 0.00301552
0 0.0458008 0.365234 0.0916016 0.111719 0.00296974
0 0.375391 0.953906 0.177344 0.0921875 0.00284576
0 0.623438 0.957812 0.170312 0.084375 0.00271416
0 0.662109 0.810938 0.136719 0.232812 0.0026207
1 0.592969 0.466309 0.213281 0.275195 0.00257111
0 0.396191 0.984375 0.188867 0.03125 0.00257111
0 0.641406 0.22207 0.0203125 0.230859 0.00254059
1 0.974219 0.391406 0.0515625 0.323438 0.00246239
0 0.306445 0.983594 0.262891 0.0328125 0.00243378
0 0.611719 0.966016 0.170312 0.0679687 0.00243378
0 0.679688 0.107129 0.198437 0.200586 0.00240517
0 0.109961 0.984766 0.219922 0.0304688 0.00225258
0 0.96875 0.882812 0.059375 0.084375 0.00220871
0 0.325586 0.796094 0.0578125 0.0984375 0.00220871
0 0.0828125 0.966797 0.162305 0.0664062 0.00219154
0 0.78125 0.965234 0.229687 0.0695312 0.00219154
0 0.635156 0.322461 0.117188 0.0507812 0.00213242
0 0.555469 0.975 0.2 0.05 0.00205803
0 0.0687012 0.969922 0.137402 0.0601562 0.00204277
0 0.13877 0.00234375 0.277539 0.0046875 0.00197983
1 0.457422 0.0439453 0.157031 0.0878906 0.00188255
0 0.561719 0.970312 0.210938 0.059375 0.00187492
0 0.365625 0.722656 0.1 0.0421875 0.0018034
0 0.890625 0.972656 0.20625 0.0546875 0.00164223
0 0.664844 0.0796875 0.226562 0.154687 0.00156116
0 0.622656 0.244873 0.025 0.234473 0.00154877
0 0.528125 0.00220947 0.367969 0.00441895 0.00152493
0 0.403125 0.971875 0.203906 0.05625 0.00152493
0 0.566797 0.953125 0.216406 0.09375 0.00147247
0 0.147559 0.966797 0.295117 0.0664062 0.00141048
0 0.522266 0.971484 0.135937 0.0570313 0.00138855
0 0.845508 0.857617 0.193359 0.181641 0.00136662
0 0.231836 0.971094 0.232422 0.0578125 0.00136662
0 0.920313 0.751562 0.153125 0.1875 0.00135612
0 0.355664 0.711719 0.0839844 0.0640625 0.00129414
0 0.610156 0.973437 0.173438 0.053125 0.00125504
0 0.0682129 0.982031 0.136426 0.0359375 0.00125504
0 0.832617 0.971875 0.225391 0.05625 0.00124454
0 0.794531 0.0964844 0.0265625 0.192969 0.00124454
0 0.401563 0.957031 0.203125 0.0859375 0.0012207
0 0.0726074 0.958594 0.145215 0.0828125 0.00121117
0 0.188867 0.0726563 0.0667969 0.0882813 0.00118828
0 0.615625 0.289844 0.075 0.1 0.00116062
0 0.94375 0.878906 0.025 0.078125 0.00116062
0 0.682031 0.308203 0.171875 0.0875 0.00113392
0 0.657812 0.734375 0.139844 0.0984375 0.00110722
0 0.782031 0.971094 0.217187 0.0578125 0.00109863
0 0.696484 0.974609 0.255469 0.0507812 0.00109005
0 0.378027 0.77793 0.0376953 0.181641 0.00104427
0 0.6125 0.00117188 0.38125 0.00234375 0.00104046
0 0.186523 0.00197754 0.373047 0.00395508 0.00103188
0 0.576563 0.982813 0.220313 0.034375 0.00102806
0 0.304883 0.825781 0.0902344 0.182812 0.00100803
0 0.895312 0.131641 0.209375 0.255469 0.868164
0 0.508594 0.734375 0.226562 0.29375 0.85498
0 0.540625 0.197852 0.217187 0.284766 0.852051
0 0.162305 0.439453 0.225781 0.258594 0.845703
0 0.596094 0.468066 0.23125 0.279492 0.833496
0 0.374219 0.496777 0.214062 0.289258 0.822754
0 0.825781 0.409375 0.229687 0.295312 0.803711
0 0.208545 0.702734 0.224316 0.285156 0.798828
0 0.353516 0.211279 0.196094 0.257129 0.774414
0 0.094751 0.208398 0.176123 0.25 0.734863
0 0.281055 0.0535278 0.203516 0.0972412 0.70752
0 0.919531 0.679688 0.160938 0.329688 0.700684
0 0.094165 0.853125 0.178857 0.240625 0.696777
0 0.654688 0.828125 0.185156 0.2625 0.683594
0 0.716406 0.605469 0.178125 0.210156 0.629883
0 0.842188 0.817969 0.215625 0.270312 0.614258
0 0.267969 0.86543 0.18125 0.206641 0.472656
0 0.680469 0.0831299 0.204688 0.148584 0.401611
0 0.267578 0.898438 0.176563 0.140625 0.286133
0 0.466406 0.0413086 0.171875 0.0808594 0.263672
0 0.964063 0.367578 0.071875 0.242188 0.182373
0 0.440234 0.885938 0.170312 0.15625 0.180664
0 0.697656 0.0826172 0.15 0.158203 0.154541
0 0.217236 0.175195 0.109277 0.135937 0.143677
0 0.22417 0.216211 0.124316 0.221484 0.127686
0 0.0583008 0.624219 0.10957 0.101562 0.126343
0 0.866992 0.793945 0.266016 0.324609 0.113586
0 0.972656 0.379004 0.0546875 0.266992 0.0680542
0 0.104395 0.0467285 0.130664 0.0834961 0.0668335
0 0.0445312 0.359766 0.0886719 0.0953125 0.0596619
0 0.845312 0.850781 0.195312 0.204688 0.0544128
0 0.441797 0.917188 0.171094 0.0921875 0.0460205
0 0.437891 0.851562 0.163281 0.226562 0.0448608
0 0.720312 0.190674 0.132812 0.14209 0.0406799
0 0.713281 0.164258 0.153125 0.188672 0.0301056
0 0.0453125 0.336328 0.090625 0.145313 0.0293121
0 0.642187 0.317969 0.104687 0.0632813 0.0262604
0 0.635156 0.305469 0.09375 0.0742188 0.0154266
1 0.717969 0.602344 0.178125 0.214062 0.0127258
0 0.293555 0.839844 0.121484 0.25 0.0114212
1 0.0918945 0.207471 0.167773 0.249121 0.0113754
1 0.91875 0.678906 0.1625 0.326562 0.0113297
1 0.0906006 0.843555 0.16958 0.253516 0.0109482
0 0.765625 0.126172 0.0640625 0.107031 0.0105286
0 0.707812 0.0569824 0.145313 0.103223 0.00933838
0 0.212891 0.750781 0.209375 0.190625 0.00930023
1 0.896094 0.133398 0.207813 0.258203 0.00857544
1 0.842969 0.840625 0.20625 0.221875 0.00828552
0 0.816406 0.778906 0.1625 0.198437 0.00784302
0 0.395996 0.817187 0.0876953 0.304688 0.00751877
1 0.654297 0.826563 0.177344 0.245312 0.0068512
0 0.642969 0.323047 0.124219 0.0765625 0.00664139
0 0.00426025 0.364844 0.00852051 0.409375 0.00651169
0 0.290234 0.0407227 0.227344 0.0814453 0.00643921
0 0.248242 0.804492 0.160547 0.125391 0.00629044
0 0.470313 0.0012207 0.205469 0.00244141 0.00605011
0 0.462891 0.032666 0.195312 0.065332 0.00564194
0 0.710938 0.121265 0.160938 0.148877 0.00559998
0 0.0625977 0.644141 0.119336 0.142188 0.0055542
0 0.808594 0.7375 0.15 0.110937 0.00551224
1 0.969922 0.373828 0.0601562 0.257031 0.00503922
0 0.211719 0.776758 0.202734 0.137109 0.00502014
0 0.66875 0.75625 0.135937 0.15 0.00502014
0 0.66875 0.782812 0.14375 0.192188 0.00486755
0 0.920313 0.632812 0.159375 0.2375 0.00479126
0 0.479688 0.0275879 0.201562 0.0551758 0.00445175
0 0.310547 0.0442383 0.144531 0.0884766 0.00432968
1 0.26875 0.86875 0.171094 0.196875 0.00424957
0 0.0916992 0.238867 0.168945 0.182422 0.00397491
1 0.267578 0.898438 0.176563 0.140625 0.00383949
0 0.505078 0.824219 0.200781 0.123438 0.00379562
0 0.275977 0.00148926 0.295703 0.00297852 0.00365067
0 0.748438 0.144141 0.09375 0.209375 0.00356483
1 0.505469 0.7375 0.21875 0.3 0.00352478
0 0.408203 0.797656 0.0914062 0.314063 0.00345612
0 0.8375 0.904688 0.204688 0.103125 0.00345612
0 0.651563 0.888281 0.184375 0.129688 0.00341606
0 0.697266 0.103491 0.178906 0.185205 0.00332451
1 0.281055 0.0535278 0.203516 0.0972412 0.00324821
1 0.373047 0.494434 0.211719 0.292383 0.00324821
0 0.0658203 0.365234 0.0619141 0.0945313 0.00314713
0 0.0959229 0.890625 0.165967 0.153125 0.00312424
0 0.0273438 0.364844 0.0546875 0.115625 0.00304031
0 0.176123 0.348242 0.199316 0.0792969 0.00300407
0 0.260742 0.766406 0.205078 0.4 0.00291252
0 0.376465 0.838281 0.0564453 0.248437 0.00282288
0 0.507812 0.778906 0.201562 0.214062 0.00279045
0 0.0814209 0.0433105 0.155127 0.0823242 0.00271416
0 0.466016 0.910937 0.225781 0.13125 0.00259018
0 0.505078 0.0322266 0.0960938 0.0640625 0.00253105
0 0.133105 0.921875 0.0623047 0.1 0.00237846
1 0.211768 0.702344 0.22334 0.28125 0.00236893
0 0.0914062 0.280859 0.171875 0.107813 0.00227928
0 0.738281 0.182227 0.0859375 0.0902344 0.00226021
0 0.212891 0.220313 0.0902344 0.204297 0.00223351
1 0.440234 0.885938 0.170312 0.15625 0.00223351
0 0.992188 0.375391 0.015625 0.255469 0.00219917
0 0.0917725 0.138965 0.171533 0.111914 0.00219154
0 0.00336914 0.383203 0.00673828 0.232031 0.00213242
0 0.712891 0.639063 0.180469 0.142188 0.00212479
0 0.604688 0.357812 0.190625 0.0726563 0.00206757
0 0.743359 0.0422852 0.0820312 0.0845703 0.00204277
0 0.420215 0.825781 0.136133 0.282813 0.00201988
0 0.814844 0.714844 0.101562 0.0765625 0.00200272
1 0.542969 0.19375 0.21875 0.278906 0.00199509
1 0.352734 0.209766 0.191406 0.250781 0.00194168
0 0.46709 0.857813 0.226758 0.217187 0.00192642
0 0.764063 0.142383 0.05625 0.130078 0.00191212
0 0.126172 0.934375 0.0734375 0.078125 0.00187492
0 0.370703 0.259375 0.147656 0.157031 0.00186729
1 0.825781 0.408203 0.229687 0.296875 0.00185299
0 0.970312 0.879687 0.059375 0.0875 0.00184631
1 0.466406 0.0413086 0.171875 0.0808594 0.00183868
0 0.167285 0.0680176 0.0353516 0.136035 0.00182438
0 0.712891 0.951563 0.308594 0.0953125 0.00175476
0 0.305859 0.801367 0.0867188 0.300391 0.0017271
0 0.717578 0.126953 0.210156 0.241016 0.00172043
1 0.595703 0.468652 0.226562 0.27207 0.00172043
0 0.75 0.141895 0.209375 0.238867 0.00171375
0 0.342187 0.112476 0.171875 0.0848145 0.00169373
0 0.518652 0.00148926 0.383008 0.00297852 0.00168705
0 0.0595215 0.605469 0.108301 0.071875 0.00168705
1 0.698438 0.0836914 0.15625 0.15957 0.00167465
0 0.957812 0.387109 0.084375 0.260156 0.00164223
0 0.851367 0.873438 0.175391 0.15625 0.00163555
0 0.616406 0.250586 0.0625 0.177344 0.00162315
0 0.118555 0.244971 0.126172 0.143652 0.00161076
0 0.00302734 0.345703 0.00605469 0.230469 0.00158501
0 0.622656 0.473828 0.170312 0.247656 0.00155449
0 0.0445312 0.436328 0.0257812 0.170312 0.00154877
0 0.113379 0.0402832 0.0923828 0.0805664 0.00154305
0 0.219531 0.795313 0.204297 0.109375 0.0015192
0 0.694922 0.112402 0.141406 0.0976562 0.00151253
0 0.733203 0.603125 0.149219 0.153125 0.0014782
0 0.019873 0.379687 0.0397461 0.167969 0.00146103
0 0.0658203 0.346875 0.126172 0.120312 0.00145531
0 0.0415894 0.418359 0.0351807 0.147656 0.00143242
0 0.630469 0.280664 0.071875 0.144141 0.00140476
0 0.294141 0.835156 0.225781 0.264062 0.00139904
0 0.381641 0.791406 0.0585938 0.328125 0.00135136
0 0.326562 0.796875 0.0710938 0.107813 0.00131512
0 0.35332 0.275391 0.194922 0.129688 0.00129414
0 0.266797 0.91875 0.179688 0.096875 0.00127411
1 0.162305 0.439453 0.225781 0.258594 0.00123978
0 0.501953 0.0746094 0.185937 0.0878906 0.0012064
0 0.535547 0.282813 0.16875 0.108984 0.00117397
0 0.765625 0.82207 0.371875 0.262109 0.00112915
1 0.437891 0.851562 0.163281 0.226562 0.00110722
0 0.0264648 0.430469 0.0501953 0.075 0.00107765
0 0.172266 0.0619141 0.0453125 0.123828 0.00107288
0 0.273779 0.000671387 0.20791 0.00134277 0.00102806
0 0.894531 0.131836 0.207813 0.263672 0.844238
0 0.503125 0.735547 0.217969 0.285156 0.837402
0 0.156445 0.446484 0.219922 0.254687 0.830566
0 0.540625 0.195264 0.209375 0.27041 0.823242
0 0.205908 0.701953 0.222559 0.274219 0.816406
0 0.821094 0.403906 0.226562 0.290625 0.814453
0 0.370508 0.491797 0.212891 0.289844 0.804199
0 0.597266 0.462109 0.220313 0.259375 0.785156
0 0.350391 0.207764 0.192969 0.249316 0.769531
0 0.0898438 0.205273 0.174219 0.241016 0.766113
0 0.0888672 0.851562 0.170117 0.24375 0.67334
0 0.65 0.828906 0.185937 0.254687 0.67041
0 0.91875 0.683203 0.1625 0.322656 0.624512
0 0.839258 0.817187 0.202734 0.271875 0.623535
0 0.7125 0.611328 0.182812 0.203906 0.600098
0 0.218311 0.220361 0.0977539 0.22334 0.527344
0 0.272266 0.0584961 0.216406 0.116992 0.512695
0 0.963281 0.373242 0.0734375 0.247266 0.509766
0 0.672656 0.0790039 0.2125 0.158008 0.493164
0 0.265234 0.870508 0.178125 0.208984 0.345215
0 0.0563477 0.670313 0.106641 0.196875 0.272705
0 0.431934 0.885938 0.161133 0.171875 0.204346
0 0.482812 0.0386719 0.20625 0.0773437 0.147339
0 0.458203 0.0416504 0.158594 0.0833008 0.119202
0 0.436719 0.843555 0.164062 0.241016 0.078064
1 0.963281 0.373242 0.0734375 0.247266 0.0726318
0 0.698047 0.0820312 0.146875 0.161719 0.0611877
0 0.0532349 0.635547 0.0988037 0.126563 0.0545959
0 0.398828 0.851367 0.0960938 0.237891 0.0538025
0 0.0842041 0.0410156 0.158545 0.0820312 0.0494995
0 0.729688 0.140039 0.153125 0.257422 0.0307312
1 0.713281 0.599609 0.182812 0.214062 0.0299835
1 0.218311 0.220361 0.0977539 0.22334 0.0253754
0 0.0424927 0.356445 0.0794678 0.0917969 0.0223694
0 0.716016 0.180029 0.142969 0.166504 0.0217743
1 0.650391 0.82832 0.185937 0.255859 0.0157776
0 0.172656 0.054541 0.0425781 0.107715 0.0154877
0 0.701953 0.131445 0.161719 0.262891 0.0154266
1 0.370313 0.488672 0.211719 0.285937 0.0146713
1 0.0888672 0.851562 0.170117 0.24375 0.0146179
0 0.925 0.877344 0.03125 0.0765625 0.0139542
0 0.945312 0.86875 0.03125 0.0625 0.013588
1 0.0889648 0.208789 0.170508 0.253516 0.0126724
1 0.398828 0.851367 0.0960938 0.237891 0.0125732
1 0.91875 0.683203 0.1625 0.322656 0.0105667
0 0.967188 0.882812 0.065625 0.0828125 0.0100098
1 0.894531 0.131836 0.207813 0.263672 0.00971222
1 0.276172 0.059668 0.209375 0.114258 0.00926971
0 0.0959961 0.0472534 0.140039 0.0881104 0.00898743
0 0.949219 0.88125 0.0375 0.0625 0.00878143
1 0.422559 0.847656 0.143945 0.234375 0.00821686
0 0.630859 0.225439 0.0359375 0.195215 0.00818634
0 0.357617 0.683594 0.0988281 0.125 0.00772476
1 0.689844 0.0800537 0.167187 0.157861 0.00728989
1 0.539844 0.192188 0.20625 0.279297 0.00609589
1 0.840625 0.823242 0.198437 0.269141 0.00598145
1 0.265234 0.870508 0.178125 0.208984 0.00584412
1 0.0424927 0.356445 0.0794678 0.0917969 0.00559998
1 0.503125 0.734766 0.223438 0.285156 0.00544739
1 0.0837891 0.0464844 0.160156 0.0914062 0.00540543
1 0.821094 0.403906 0.226562 0.285937 0.00526047
1 0.156445 0.446484 0.219922 0.254687 0.0051384
1 0.0536255 0.697266 0.0993896 0.252344 0.00510025
1 0.438184 0.877344 0.167383 0.175 0.0049057
0 0.947656 0.861719 0.0390625 0.059375 0.00486755
0 0.438965 0.914062 0.167383 0.1 0.00486755
1 0.597266 0.462109 0.220313 0.259375 0.00462723
0 0.053418 0.715625 0.0994141 0.292188 0.00438309
1 0.206641 0.704687 0.214062 0.273438 0.00395966
1 0.458203 0.0416504 0.158594 0.0833008 0.00385475
0 0.110352 0.0447144 0.0978516 0.0845947 0.00340271
0 0.00341797 0.405469 0.00683594 0.227344 0.00299263
0 0.923437 0.896875 0.0375 0.0546875 0.00277901
0 0.619531 0.238672 0.034375 0.180859 0.00273705
0 0.762891 0.12041 0.0554687 0.181836 0.0027256
0 0.118066 0.685938 0.0365234 0.2125 0.00265312
1 0.0532349 0.635547 0.0988037 0.126563 0.00261116
0 0.921875 0.858594 0.04375 0.0703125 0.00250244
0 0.00341797 0.326953 0.00683594 0.20625 0.0024147
0 0.00400391 0.89375 0.00800781 0.2125 0.00230598
0 0.471875 0.00795898 0.203906 0.015918 0.00191879
1 0.482812 0.0386719 0.20625 0.0773437 0.00189686
0 0.371875 0.799219 0.0351562 0.11875 0.00188255
1 0.350391 0.205859 0.186719 0.253125 0.00187492
0 0.117383 0.0484863 0.194141 0.0969727 0.00183868
0 0.0385254 0.00472412 0.0770508 0.00944824 0.00181007
0 0.155664 0.0487793 0.0242187 0.0975586 0.00179577
0 0.169434 0.0366211 0.0369141 0.0732422 0.00179577
0 0.260107 0.781445 0.190723 0.383984 0.00179577
0 0.0919678 0.882812 0.167627 0.175 0.00174809
0 0.378125 0.79043 0.0414063 0.172266 0.0017271
0 0.00290527 0.482715 0.00581055 0.225195 0.00161076
0 0.741406 0.859375 0.0265625 0.204688 0.00158501
0 0.613281 0.616797 0.0359375 0.0492188 0.0014782
0 0.178711 0.0536133 0.0558594 0.107227 0.00146103
0 0.516797 0.973828 0.160938 0.0523437 0.00145531
1 0.716016 0.180029 0.142969 0.166504 0.00144958
0 0.966406 0.375391 0.0671875 0.238281 0.00141621
0 0.282227 0.0481445 0.227734 0.0962891 0.00138855
0 0.914844 0.632812 0.170312 0.2375 0.00137234
0 0.37207 0.803906 0.0386719 0.173438 0.00135612
0 0.0041748 0.0456055 0.00834961 0.0912109 0.00129986
0 0.0892578 0.014917 0.178516 0.029834 0.00129414
0 0.117773 0.644531 0.0378906 0.196875 0.00125504
0 0.914062 0.864062 0.04375 0.15 0.0012064
0 0.00825195 0.0318604 0.0165039 0.0637207 0.00119686
0 0.471094 0.929688 0.173438 0.107813 0.00117874
0 0.8 0.6 0.0328125 0.0875 0.00117397
0 0.276172 0.0445312 0.205469 0.0875 0.00116062
0 0.703906 0.475098 0.028125 0.224805 0.00115585
0 0.0575195 0.034082 0.115039 0.0681641 0.00113392
0 0.424609 0.910156 0.158594 0.126563 0.00112438
0 0.380859 0.769531 0.0375 0.123438 0.00108147
0 0.801562 0.607813 0.0296875 0.124219 0.00108147
0 0.00375977 0.922656 0.00751953 0.154687 0.00107288
0 0.0294922 0.467969 0.0589844 0.224219 0.00106049
0 0.00351562 0.267383 0.00703125 0.227734 0.00104046
0 0.667188 0.789062 0.140625 0.184375 0.00103188
1 0.967188 0.884375 0.065625 0.10625 0.00100803
0 0.505859 0.734766 0.221094 0.291406 0.842773
0 0.898438 0.131641 0.203125 0.262109 0.838867
0 0.158984 0.442969 0.219141 0.254687 0.824219
0 0.207813 0.703516 0.214062 0.278906 0.806152
0 0.367969 0.492578 0.2125 0.292188 0.804199
0 0.598047 0.469141 0.230469 0.278125 0.804199
0 0.536328 0.194873 0.205469 0.285254 0.776855
0 0.81543 0.407031 0.225391 0.297656 0.772461
0 0.348828 0.214502 0.186719 0.259277 0.680176
0 0.0884766 0.207422 0.174219 0.25 0.635254
0 0.649219 0.830469 0.179688 0.251563 0.607422
0 0.0914062 0.85332 0.169531 0.240234 0.584961
0 0.917188 0.676172 0.165625 0.321094 0.571777
0 0.833008 0.819531 0.202734 0.271875 0.548828
0 0.714844 0.614844 0.185937 0.194531 0.517578
0 0.9625 0.372266 0.075 0.257031 0.432129
0 0.670703 0.0804688 0.210156 0.160938 0.375732
0 0.267773 0.895312 0.176563 0.146875 0.341553
0 0.276563 0.0581055 0.215625 0.116211 0.337158
0 0.215039 0.224023 0.0945313 0.234766 0.304932
0 0.0542969 0.648438 0.102148 0.157031 0.107056
0 0.063623 0.670313 0.114941 0.203125 0.0859985
0 0.431934 0.873438 0.15332 0.179688 0.0390625
0 0.464453 0.0445312 0.163281 0.0890625 0.0337219
0 0.802344 0.817969 0.154687 0.270312 0.0214539
0 0.414844 0.850781 0.125781 0.226562 0.0206451
0 0.394629 0.857031 0.0841797 0.2375 0.0201721
0 0.960156 0.382715 0.0796875 0.279883 0.0175781
0 0.0914062 0.045813 0.138867 0.0900147 0.016098
1 0.9625 0.372266 0.075 0.257031 0.0107346
0 0.7125 0.591406 0.182812 0.139062 0.0106125
0 0.460547 0.00478516 0.167969 0.00957031 0.0100937
1 0.714844 0.614844 0.185937 0.194531 0.00978088
0 0.726562 0.205078 0.15 0.134766 0.00941467
0 0.910937 0.641406 0.167187 0.235938 0.00908661
0 0.320703 0.00499268 0.190625 0.00998535 0.00674438
1 0.91875 0.679688 0.1625 0.33125 0.00551224
0 0.642578 0.317578 0.0976562 0.071875 0.00482941
0 0.389746 0.0476562 0.15957 0.0953125 0.00479126
0 0.164453 0.00444336 0.189063 0.00888672 0.00479126
0 0.280078 0.00494385 0.180469 0.0098877 0.00475693
0 0.20542 0.00462647 0.169629 0.00925293 0.00475693
0 0.243359 0.00498047 0.157031 0.00996094 0.0039444
0 0.0922852 0.00430908 0.164258 0.00861816 0.00367928
1 0.65 0.829687 0.184375 0.248437 0.00362206
0 0.498437 0.00510254 0.2125 0.0102051 0.00353813
1 0.090625 0.846875 0.172656 0.248437 0.00352478
1 0.267578 0.889063 0.176563 0.159375 0.00337601
0 0.435254 0.898438 0.156055 0.128125 0.00332451
1 0.215039 0.224023 0.0945313 0.234766 0.00307465
0 0.395312 0.00446777 0.214062 0.00893555 0.00282288
0 0.738281 0.169043 0.139062 0.214258 0.00282288
0 0.474609 0.0358643 0.157813 0.0717285 0.00234222
1 0.899219 0.132422 0.201562 0.260156 0.00226974
0 0.0270752 0.45459 0.0541504 0.24082 0.00209999
0 0.974219 0.386816 0.0515625 0.291992 0.00206757
1 0.833008 0.819531 0.202734 0.271875 0.00178909
0 0.544141 0.00490723 0.200781 0.00981445 0.0017271
0 0.807813 0.00401611 0.164062 0.00803223 0.00172043
0 0.617969 0.0381836 0.125 0.0763672 0.00169373
1 0.503516 0.7375 0.222656 0.290625 0.00144386
0 0.289795 0.0515137 0.231348 0.103027 0.00143242
1 0.536719 0.19668 0.20625 0.277734 0.00130939
1 0.66875 0.0788818 0.214062 0.155908 0.00129414
0 0.270508 0.853906 0.169141 0.198437 0.00121117
0 0.617969 0.00480957 0.139844 0.00961914 0.0012064
0 0.262891 0.0470703 0.178125 0.0941406 0.00113392
0 0.0551758 0.0341797 0.110352 0.0683594 0.00107288
0 0.360547 0.689062 0.0914062 0.114063 0.00104427
1 0.367969 0.492578 0.2125 0.292188 0.00104046
0 0.507812 0.733594 0.216406 0.289062 0.831055
0 0.901563 0.133105 0.192188 0.254102 0.830078
0 0.598437 0.465723 0.229687 0.276367 0.815918
0 0.208203 0.702344 0.214844 0.276563 0.806641
0 0.367773 0.492969 0.215234 0.295312 0.792969
0 0.160938 0.443359 0.217969 0.253906 0.789062
0 0.539062 0.198633 0.204688 0.283984 0.785156
0 0.0906006 0.208398 0.175049 0.251172 0.774414
0 0.819531 0.408594 0.223438 0.298438 0.769043
0 0.348437 0.210156 0.189844 0.254297 0.765625
0 0.649609 0.83418 0.182031 0.244141 0.67041
0 0.91875 0.678125 0.159375 0.328125 0.647949
0 0.0890625 0.853906 0.171875 0.239063 0.572754
0 0.836719 0.817187 0.201562 0.273438 0.567871
0 0.7125 0.611719 0.18125 0.198437 0.507812
0 0.259717 0.860937 0.17041 0.225 0.417725
0 0.278516 0.0571289 0.220313 0.106836 0.371094
0 0.0567383 0.625 0.106445 0.10625 0.210815
0 0.965625 0.366797 0.06875 0.257031 0.145142
0 0.226904 0.216602 0.113379 0.222266 0.126831
0 0.692187 0.0784912 0.171875 0.148486 0.115967
0 0.432031 0.880469 0.154687 0.179688 0.11261
0 0.0567383 0.64375 0.105273 0.153125 0.0820923
0 0.259766 0.895312 0.167578 0.14375 0.0750122
0 0.459375 0.0440552 0.1625 0.0876709 0.0663452
0 0.309375 0.00358887 0.203906 0.00717773 0.0420837
0 0.450391 0.00349121 0.151562 0.00698242 0.0372009
0 0.174609 0.00181885 0.196875 0.0036377 0.0271759
0 0.249609 0.0036499 0.15 0.0072998 0.0268555
0 0.143164 0.00249023 0.149609 0.00498047 0.0237732
0 0.109399 0.0501465 0.105029 0.093457 0.0230713
1 0.965625 0.369141 0.06875 0.257031 0.0198669
1 0.648438 0.819531 0.176563 0.260938 0.0195618
0 0.957812 0.381641 0.084375 0.300781 0.0184021
0 0.260547 0.049707 0.173828 0.0994141 0.0180511
1 0.367383 0.493066 0.216016 0.295117 0.0178528
0 0.499219 0.00422363 0.229687 0.00844727 0.0178528
0 0.182812 0.0032959 0.148438 0.0065918 0.0162201
0 0.0672852 0.00255127 0.13457 0.00510254 0.0154266
0 0.171484 0.0520996 0.0402344 0.100488 0.0153046
0 0.222998 0.00396729 0.13916 0.00793457 0.0148392
0 0.0397949 0.362109 0.0795898 0.0820312 0.0135345
0 0.101978 0.00299072 0.175732 0.00598145 0.0127258
0 0.205859 0.00195312 0.180859 0.00390625 0.0123367
0 0.35918 0.00314941 0.206641 0.00629883 0.0123367
1 0.9 0.13457 0.196875 0.258984 0.0119171
0 0.386719 0.00185547 0.197656 0.00371094 0.0112915
1 0.714063 0.610937 0.18125 0.195312 0.0109863
0 0.408594 0.00371094 0.208594 0.00742187 0.0108185
0 0.401563 0.847656 0.09375 0.223438 0.0107346
0 0.508594 0.969531 0.104687 0.0609375 0.00933838
0 0.511328 0.960547 0.116406 0.0789063 0.00871277
0 0.967188 0.884375 0.065625 0.084375 0.00857544
1 0.160938 0.443359 0.217969 0.253906 0.00790405
0 0.276367 0.00205078 0.192578 0.00410156 0.00784302
0 0.6375 0.971094 0.141406 0.0578125 0.00746155
0 0.087793 0.00175781 0.175586 0.00351562 0.00731659
1 0.505469 0.735156 0.217969 0.290625 0.00717545
0 0.425391 0.848437 0.14375 0.21875 0.00712204
1 0.0891602 0.209766 0.172461 0.253125 0.0069046
0 0.226367 0.182373 0.114063 0.157129 0.00658798
1 0.0871094 0.846094 0.166797 0.246875 0.00638962
0 0.09375 0.0446289 0.132031 0.0892578 0.00614548
0 0.0676758 0.00195312 0.135352 0.00390625 0.006073
1 0.432422 0.88125 0.154687 0.160938 0.00600433
0 0.811719 0.00214844 0.196875 0.00429688 0.00582123
1 0.226367 0.216357 0.114063 0.225879 0.00538635
1 0.91875 0.678125 0.159375 0.328125 0.00510025
0 0.464844 0.0320312 0.159375 0.0640625 0.00475693
0 0.0518555 0.00269775 0.103711 0.00539551 0.0046463
0 0.00230713 0.410156 0.00461426 0.215625 0.00462723
1 0.428516 0.848633 0.147656 0.227734 0.00462723
0 0.235596 0.00258789 0.201465 0.00517578 0.00457382
1 0.0567383 0.625 0.106445 0.10625 0.00450516
0 0.116211 0.694141 0.0320312 0.207031 0.00446701
0 0.593359 0.00367432 0.207031 0.00734863 0.00443268
1 0.838281 0.822656 0.2 0.271875 0.00434875
1 0.539062 0.198047 0.207813 0.274609 0.00403976
0 0.105664 0.685156 0.0226563 0.159375 0.00392914
0 0.626172 0.00330811 0.182031 0.00661621 0.00390053
0 0.124023 0.0435547 0.0945313 0.0871094 0.00385475
1 0.259717 0.860937 0.17041 0.225 0.0037365
0 0.746094 0.957031 0.223438 0.0859375 0.00367928
1 0.692187 0.0784912 0.171875 0.148486 0.00365067
1 0.0567383 0.64375 0.105273 0.153125 0.00359344
0 0.864062 0.00366211 0.167187 0.00732422 0.00338936
0 0.0438477 0.354688 0.0876953 0.110937 0.00335121
1 0.259766 0.895312 0.167578 0.14375 0.00324821
0 0.0494629 0.615625 0.0989258 0.084375 0.00318527
1 0.0672852 0.00255127 0.13457 0.00510254 0.00294685
1 0.348437 0.210156 0.189844 0.254297 0.00292397
0 0.435547 0.00213623 0.203125 0.00427246 0.00268364
1 0.597266 0.46709 0.228906 0.273633 0.00268364
0 0.294531 0.0307617 0.20625 0.0615234 0.00261116
0 0.248047 0.0391602 0.157813 0.0783203 0.00261116
0 0.610156 0.601562 0.159375 0.0265625 0.00259018
0 0.732031 0.00310059 0.189063 0.00620117 0.00257111
1 0.273633 0.0597656 0.198828 0.109766 0.00243378
1 0.143164 0.00249023 0.149609 0.00498047 0.002388
0 0.196289 0.971094 0.157031 0.0578125 0.00237846
0 0.767187 0.967578 0.203125 0.0648438 0.00236893
0 0.916406 0.00220947 0.167187 0.00441895 0.00231361
1 0.208203 0.702344 0.214844 0.276563 0.00230598
1 0.820508 0.410547 0.224609 0.291406 0.00228691
0 0.00253906 0.896094 0.00507812 0.207813 0.00227928
0 0.658984 0.00354004 0.207031 0.00708008 0.00226974
0 0.609375 0.964063 0.1125 0.05 0.00223351
0 0.104468 0.0584473 0.118408 0.0588867 0.00221634
0 0.377344 0.792969 0.0382813 0.167187 0.00221634
0 0.261328 0.786719 0.16875 0.370313 0.00216484
0 0.38125 0.8375 0.0632813 0.204688 0.00203514
0 0.00222168 0.326172 0.00444336 0.208594 0.00195694
0 0.430859 0.966406 0.153906 0.0265625 0.00193405
0 0.00253906 0.923437 0.00507812 0.153125 0.00192642
1 0.309375 0.00358887 0.203906 0.00717773 0.00190449
1 0.401563 0.847656 0.09375 0.223438 0.00185299
0 0.371875 0.833594 0.0445312 0.195312 0.00181007
1 0.450391 0.00349121 0.151562 0.00698242 0.00181007
0 0.0723633 0.0500854 0.0664062 0.0599854 0.0018034
0 0.562109 0.00217285 0.200781 0.0043457 0.00179577
0 0.473437 0.00213623 0.203125 0.00427246 0.00179577
1 0.459375 0.0440552 0.1625 0.0876709 0.00178242
1 0.109399 0.0501465 0.105029 0.093457 0.00178242
0 0.704297 0.00213623 0.186719 0.00427246 0.00174141
0 0.725781 0.185596 0.146875 0.165527 0.0017271
0 0.400879 0.983594 0.19668 0.03125 0.0017004
0 0.617188 0.0351562 0.121875 0.0703125 0.0017004
0 0.439453 0.996875 0.166406 0.00625 0.00168705
0 0.975781 0.360156 0.0484375 0.232812 0.00163555
0 0.890625 0.00239258 0.190625 0.00478516 0.00162315
0 0.263086 0.965625 0.205469 0.025 0.00161076
0 0.00217285 0.484375 0.0043457 0.217187 0.0015974
0 0.75 0.158008 0.16875 0.223047 0.0015974
0 0.100586 0.982813 0.201172 0.028125 0.00158501
0 0.00253906 0.268945 0.00507812 0.223047 0.00153637
0 0.379687 0.782812 0.0304688 0.123438 0.00152493
0 0.0670898 0.0400391 0.13418 0.0800781 0.00152493
0 0.7 0.627344 0.15625 0.157031 0.00148392
1 0.182812 0.0032959 0.148438 0.0065918 0.00146675
0 0.524219 0.00296631 0.204688 0.00593262 0.00142097
0 0.455469 0.970312 0.0453125 0.0375 0.00141048
0 0.766016 0.00223389 0.189844 0.00446777 0.00140476
1 0.101978 0.00299072 0.175732 0.00598145 0.00138855
0 0.181299 0.0531738 0.0592773 0.102246 0.00138283
0 0.480859 0.975 0.0570313 0.05 0.00136662
0 0.116992 0.651563 0.0359375 0.196875 0.00135612
0 0.263086 0.982813 0.197266 0.028125 0.00134563
0 0.00283203 0.803906 0.00566406 0.2 0.00132465
0 0.173047 0.959375 0.174219 0.04375 0.00131512
0 0.107251 0.0481445 0.142139 0.0810547 0.00124931
0 0.155469 0.0468262 0.0232422 0.0936523 0.00124931
0 0.613281 0.972656 0.09375 0.0546875 0.00123024
0 0.482031 0.0389526 0.145313 0.063501 0.00122547
0 0.401465 0.972656 0.195508 0.034375 0.00121593
0 0.167383 0.0419434 0.0316406 0.0782227 0.00118828
0 0.545313 0.916406 0.09375 0.0734375 0.00116062
0 1 0.929688 0 0.140625 0.00114727
0 0.522266 0.927344 0.117969 0.117188 0.00112438
0 0.040625 0.0686035 0.08125 0.0428711 0.00112057
1 0.0734375 0.0424316 0.130859 0.0848633 0.0011158
1 0.249609 0.0036499 0.15 0.0072998 0.0011158
0 0.0834961 0.0583984 0.0677734 0.0597656 0.0011158
0 0.00249023 0.0935303 0.00498047 0.184424 0.00110722
0 0.41875 0.983594 0.0984375 0.0328125 0.00109005
0 0.505469 0.976953 0.0976562 0.0460938 0.00108624
0 0.0231689 0.459473 0.0463379 0.245117 0.00107288
0 0.557422 0.938281 0.163281 0.109375 0.00103664
0 0.364062 0.960938 0.196094 0.0375 0.00103188
0 0.758594 0.118384 0.0625 0.157373 0.00103188
0 0.502344 0.0250732 0.142188 0.0501465 0.00100803
0 0.416406 0.998438 0.1625 0.003125 0.00100422
0 0.00272217 0.697266 0.00544434 0.214844 0.00100422
0 0.504297 0.735937 0.21875 0.290625 0.863281
0 0.592188 0.467578 0.21875 0.269531 0.842285
0 0.154883 0.442187 0.212109 0.252344 0.838867
0 0.898438 0.130566 0.2 0.25332 0.830078
0 0.367969 0.493066 0.210938 0.295117 0.828613
0 0.817187 0.410937 0.226562 0.29375 0.827637
0 0.5375 0.200391 0.201562 0.280469 0.818848
0 0.208203 0.703906 0.213672 0.279687 0.816895
0 0.0873047 0.20918 0.174219 0.249609 0.804199
0 0.346289 0.211377 0.186328 0.257715 0.784668
0 0.83418 0.817969 0.197266 0.26875 0.72168
0 0.648828 0.821875 0.177344 0.25625 0.697754
0 0.917969 0.679297 0.160938 0.327344 0.678223
0 0.0878906 0.851758 0.171875 0.243359 0.555664
0 0.710156 0.608594 0.175 0.196875 0.532227
0 0.260547 0.85 0.169531 0.240625 0.395996
0 0.846875 0.773438 0.23125 0.354688 0.383057
0 0.216797 0.218408 0.0984375 0.222559 0.300781
0 0.964063 0.369141 0.071875 0.259375 0.29248
0 0.050293 0.673437 0.0929687 0.20625 0.258301
0 0.277002 0.0552246 0.218652 0.102832 0.221313
0 0.69375 0.0791992 0.147656 0.157813 0.137085
0 0.422266 0.870313 0.139844 0.192188 0.10376
0 0.0355957 0.351562 0.0704102 0.104687 0.0402527
0 0.0519043 0.636719 0.0973633 0.134375 0.037323
0 0.450781 0.0429688 0.142188 0.0859375 0.0322266
1 0.0871094 0.211719 0.169336 0.252734 0.03125
1 0.896875 0.130176 0.2 0.256445 0.0288696
1 0.964063 0.369141 0.071875 0.259375 0.0253754
1 0.367969 0.493066 0.210938 0.295117 0.0236053
1 0.646875 0.825 0.178125 0.259375 0.0202484
0 0.716016 0.135449 0.158594 0.269727 0.0181274
1 0.087207 0.844531 0.168945 0.254687 0.0165863
0 0.958594 0.375879 0.0828125 0.329492 0.01297
0 0.263281 0.884375 0.171094 0.165625 0.0126266
0 0.102246 0.0483398 0.108008 0.0953125 0.0112915
1 0.216797 0.218408 0.0984375 0.222559 0.0106125
1 0.155273 0.441797 0.213672 0.253125 0.00978088
0 0.401465 0.851562 0.0970703 0.223438 0.00971222
0 0.973437 0.41084 0.053125 0.343945 0.00941467
1 0.709375 0.604297 0.178125 0.210938 0.00930023
1 0.917969 0.679297 0.160938 0.327344 0.00874329
0 0.446484 0.0019165 0.138281 0.00383301 0.0085144
0 0.175 0.00141602 0.171094 0.00283203 0.00841522
1 0.835156 0.818555 0.2 0.269141 0.00731659
1 0.263477 0.8625 0.174609 0.217187 0.00695801
1 0.592969 0.466797 0.21875 0.267969 0.00661469
0 0.283398 0.00197754 0.164453 0.00395508 0.00612259
0 0.715625 0.180811 0.139062 0.174316 0.00605011
1 0.534766 0.198828 0.198437 0.284766 0.00588989
1 0.421973 0.846875 0.135742 0.234375 0.00568771
0 0.248437 0.00227051 0.135937 0.00454102 0.00508118
1 0.973437 0.41084 0.053125 0.343945 0.00482941
0 0.21582 0.00147705 0.133984 0.0029541 0.00462723
1 0.504687 0.733984 0.217187 0.291406 0.00441742
0 0.171875 0.0555664 0.0429688 0.111133 0.00413513
1 0.346289 0.211377 0.186328 0.257715 0.00333786
0 0.339258 0.00178223 0.144922 0.00356445 0.00325966
0 0.147852 0.00109863 0.106641 0.00219727 0.00324821
0 0.492188 0.00273437 0.182812 0.00546875 0.00312424
0 0.026001 0.453809 0.052002 0.264258 0.00307465
0 0.121289 0.00131836 0.120703 0.00263672 0.00299263
1 0.694141 0.0793213 0.150781 0.155811 0.00293541
0 0.141504 0.00177002 0.166211 0.00354004 0.00258064
1 0.208252 0.707031 0.219434 0.279687 0.00256157
0 0.261133 0.0496094 0.170312 0.0992187 0.00243378
1 0.820312 0.408594 0.223438 0.291406 0.00209999
0 0.185352 0.00164795 0.0964844 0.0032959 0.00203514
0 0.473437 0.032666 0.120312 0.065332 0.00199509
0 0.401953 0.00153809 0.170312 0.00307617 0.00199509
1 0.0504883 0.670313 0.0943359 0.204688 0.0019722
1 0.276563 0.0564941 0.203125 0.10791 0.0019722
0 0.312109 0.00141602 0.175781 0.00283203 0.00195694
1 0.0355957 0.351562 0.0704102 0.104687 0.00195694
1 0.846875 0.773438 0.23125 0.354688 0.00151253
0 0.0488281 0.00311279 0.0976562 0.00622559 0.00150681
0 0.0603516 0.00112305 0.118359 0.00224609 0.00148964
1 0.450781 0.0429688 0.142188 0.0859375 0.00144386
0 0.00249023 0.411719 0.00498047 0.221094 0.00141048
1 0.401465 0.851562 0.0970703 0.223438 0.00139427
0 0.118359 0.0464844 0.0757812 0.0929687 0.00134563
0 0.0939453 0.00166016 0.131641 0.00332031 0.00133038
0 0.0904297 0.0453125 0.113672 0.090625 0.00126934
0 0.536328 0.00252686 0.171094 0.00505371 0.00125504
0 0.087207 0.00113525 0.174414 0.00227051 0.00121117
0 0.0436523 0.683594 0.0873047 0.225 0.00116062
0 0.292578 0.836719 0.117188 0.260938 0.00115585
0 0.633594 0.0801758 0.160938 0.157227 0.00101662
1 0.102246 0.0483398 0.108008 0.0953125 0.00100803
0 0.507812 0.733594 0.216406 0.289062 0.830566
0 0.901563 0.133105 0.192188 0.254102 0.830078
0 0.598437 0.465723 0.229687 0.276367 0.816406
0 0.208203 0.702344 0.214844 0.276563 0.806641
0 0.367578 0.492969 0.215625 0.295312 0.792969
0 0.160938 0.443359 0.217969 0.253906 0.789062
0 0.539062 0.198633 0.204688 0.283984 0.785156
0 0.0906494 0.208398 0.175342 0.251172 0.774414
0 0.819531 0.408594 0.223438 0.298438 0.769043
0 0.348437 0.210156 0.189844 0.254297 0.765625
0 0.649609 0.833594 0.182031 0.245312 0.67041
0 0.91875 0.678125 0.159375 0.328125 0.647949
0 0.0890625 0.853906 0.171875 0.239063 0.572754
0 0.836719 0.817187 0.201562 0.273438 0.566895
0 0.7125 0.611719 0.18125 0.198437 0.507812
0 0.259766 0.860742 0.170312 0.225391 0.416748
0 0.278516 0.0571289 0.220313 0.106836 0.370117
0 0.0568359 0.625 0.106445 0.10625 0.210815
0 0.965625 0.366797 0.06875 0.257031 0.14563
0 0.226904 0.216602 0.113379 0.222266 0.126831
0 0.692187 0.0784912 0.170312 0.148486 0.11554
0 0.432031 0.879687 0.154687 0.18125 0.111816
0 0.0568359 0.64375 0.105273 0.153125 0.081543
0 0.259766 0.895312 0.167187 0.14375 0.0745239
0 0.459375 0.0440918 0.1625 0.0875977 0.0661011
0 0.309375 0.00358887 0.203906 0.00717773 0.0417786
0 0.450781 0.00349121 0.151562 0.00698242 0.0368958
0 0.174609 0.00181885 0.196875 0.0036377 0.0269623
0 0.249609 0.0036499 0.15 0.0072998 0.0267639
0 0.143188 0.00249023 0.149561 0.00498047 0.0236053
0 0.109375 0.0501465 0.104883 0.093457 0.0227203
1 0.965625 0.369141 0.06875 0.257031 0.0199432
1 0.648828 0.819531 0.176563 0.260938 0.0195618
0 0.957812 0.381641 0.084375 0.300781 0.0184021
0 0.260547 0.0498047 0.173828 0.0996094 0.0179901
1 0.367383 0.493066 0.216016 0.295117 0.0177765
0 0.498828 0.00423584 0.228906 0.00847168 0.0176392
0 0.182861 0.00327148 0.14834 0.00654297 0.016098
0 0.0672852 0.00253906 0.13457 0.00507812 0.0152512
0 0.171484 0.0520996 0.0402344 0.100488 0.0150757
0 0.223047 0.00397949 0.139062 0.00795898 0.0147324
0 0.0397949 0.362109 0.0795898 0.0820312 0.0134811
0 0.102124 0.00299072 0.175439 0.00598145 0.0126266
0 0.205859 0.00195312 0.180859 0.00390625 0.012291
0 0.35918 0.00314941 0.206641 0.00629883 0.0121918
1 0.9 0.13457 0.196875 0.258984 0.0118256
0 0.386719 0.00185547 0.197656 0.00371094 0.0112
1 0.714063 0.610937 0.18125 0.195312 0.0109863
0 0.408594 0.00373535 0.207813 0.0074707 0.0106964
0 0.401563 0.847656 0.09375 0.223438 0.0106506
0 0.508594 0.969531 0.104687 0.0609375 0.00926971
0 0.511328 0.960547 0.116406 0.0789063 0.00857544
0 0.967188 0.884375 0.065625 0.084375 0.0085144
1 0.159375 0.444141 0.214844 0.253125 0.00790405
0 0.276367 0.00205078 0.192578 0.00410156 0.0078125
0 0.6375 0.971094 0.141406 0.0578125 0.00740433
0 0.087793 0.00174561 0.175586 0.00349121 0.00725937
1 0.505469 0.735156 0.217969 0.290625 0.00720596
0 0.425391 0.848437 0.14375 0.21875 0.00703812
1 0.0891602 0.209766 0.172461 0.253125 0.00695801
0 0.226367 0.182373 0.114063 0.157129 0.00653839
1 0.0871094 0.846094 0.166797 0.246875 0.00638962
0 0.09375 0.0446289 0.132031 0.0892578 0.006073
0 0.0677246 0.00195312 0.135449 0.00390625 0.00600433
1 0.432422 0.88125 0.154687 0.160938 0.00600433
0 0.811719 0.00214844 0.196875 0.00429688 0.00577545
1 0.226367 0.216406 0.114063 0.226172 0.00540543
1 0.91875 0.678125 0.159375 0.328125 0.00508118
0 0.0733398 0.0424316 0.130664 0.0848633 0.0049057
0 0.464844 0.0320557 0.159375 0.0641113 0.00471878
0 0.00230713 0.410156 0.00461426 0.215625 0.0046463
1 0.428027 0.848633 0.14707 0.227734 0.00462723
0 0.0518555 0.00270996 0.103711 0.00541992 0.00457382
0 0.235596 0.00258789 0.201465 0.00517578 0.00453949
1 0.0568359 0.625 0.106445 0.10625 0.00450516
0 0.116211 0.69375 0.0320312 0.207813 0.00445175
0 0.59375 0.00366211 0.20625 0.00732422 0.00439835
1 0.838281 0.822656 0.2 0.271875 0.00434875
1 0.539062 0.198047 0.207813 0.274609 0.00403976
0 0.105664 0.685156 0.0226563 0.159375 0.00391388
0 0.626562 0.00330811 0.18125 0.00661621 0.00385475
0 0.124023 0.0435547 0.0945313 0.0871094 0.00382423
1 0.259766 0.860742 0.170312 0.225391 0.0037365
1 0.692187 0.0784912 0.170312 0.148486 0.00365067
0 0.746484 0.957031 0.222656 0.0859375 0.00362206
1 0.0568359 0.64375 0.105273 0.153125 0.00359344
0 0.864062 0.00368652 0.165625 0.00737305 0.00336266
0 0.0438477 0.354688 0.0876953 0.110937 0.00332451
1 0.259766 0.895312 0.167187 0.14375 0.00324821
0 0.0494629 0.615625 0.0989258 0.084375 0.00318527
1 0.348437 0.210156 0.189844 0.254297 0.00292397
1 0.0672852 0.00253906 0.13457 0.00507812 0.00291252
1 0.597266 0.46709 0.228906 0.273633 0.00266266
0 0.435254 0.00212402 0.20293 0.00424805 0.00266266
0 0.294531 0.0307617 0.20625 0.0615234 0.00259018
0 0.248047 0.0391602 0.157813 0.0783203 0.00257111
0 0.610156 0.601562 0.159375 0.0265625 0.00257111
0 0.732031 0.00310059 0.189063 0.00620117 0.00254059
1 0.273633 0.0597656 0.198828 0.109766 0.00243378
1 0.143188 0.00249023 0.149561 0.00498047 0.00237846
0 0.196289 0.971094 0.157031 0.0578125 0.00235939
0 0.767187 0.967578 0.203125 0.0648438 0.00234222
1 0.208203 0.702344 0.214844 0.276563 0.00231361
0 0.916406 0.00222168 0.167187 0.00444336 0.00230598
1 0.820508 0.411035 0.224609 0.291992 0.00228691
0 0.00253906 0.896094 0.00507812 0.207813 0.00226021
0 0.609375 0.964063 0.1125 0.05 0.00224304
0 0.377344 0.792969 0.0382813 0.167187 0.00220871
0 0.104468 0.0583984 0.118408 0.0587891 0.00220871
0 0.261328 0.786719 0.16875 0.370313 0.00216484
0 0.381641 0.8375 0.0632813 0.204688 0.00201035
0 0.00222168 0.326172 0.00444336 0.208594 0.00195694
0 0.430859 0.966406 0.153906 0.0265625 0.00192642
0 0.00253906 0.923437 0.00507812 0.153125 0.00191879
1 0.309375 0.00358887 0.203906 0.00717773 0.00189686
1 0.401563 0.847656 0.09375 0.223438 0.00183868
1 0.450781 0.00349121 0.151562 0.00698242 0.00179577
0 0.0724121 0.0500854 0.0665039 0.0599854 0.00179577
1 0.109375 0.0501465 0.104883 0.093457 0.00178242
1 0.459375 0.0440918 0.1625 0.0875977 0.00178242
0 0.473437 0.00214844 0.203125 0.00429688 0.00178242
0 0.371875 0.833594 0.0445312 0.195312 0.00178242
0 0.671875 0.00358887 0.201562 0.00717773 0.00176811
0 0.5625 0.00217285 0.201562 0.0043457 0.00175476
0 0.725781 0.185352 0.146875 0.165234 0.0017271
0 0.704297 0.00214844 0.186719 0.00429688 0.0017271
0 0.400879 0.983594 0.19668 0.03125 0.0017004
0 0.439453 0.996875 0.166406 0.00625 0.00168705
0 0.617188 0.0351318 0.121875 0.0702637 0.00168133
0 0.975781 0.359961 0.0484375 0.232422 0.00162888
0 0.432031 0.904688 0.146875 0.14375 0.00162315
0 0.890625 0.00239258 0.190625 0.00478516 0.00161076
0 0.263086 0.965625 0.205469 0.025 0.00161076
0 0.75 0.158008 0.16875 0.223047 0.00160408
0 0.00217285 0.484375 0.0043457 0.217187 0.0015974
0 0.100488 0.982813 0.200977 0.028125 0.00157356
0 0.00253906 0.268945 0.00507812 0.223047 0.00153637
0 0.379687 0.782812 0.0304688 0.123438 0.00152493
0 0.7 0.627344 0.15625 0.157031 0.00148392
1 0.182861 0.00327148 0.14834 0.00654297 0.00145531
0 0.455469 0.970312 0.0453125 0.0375 0.00141048
0 0.524219 0.0029541 0.204688 0.0059082 0.00139904
0 0.766406 0.00222168 0.189063 0.00444336 0.00139427
0 0.181299 0.053125 0.0592773 0.102344 0.00137806
1 0.102124 0.00299072 0.175439 0.00598145 0.00137806
0 0.480859 0.975 0.0570313 0.05 0.00136662
0 0.116992 0.651563 0.0359375 0.196875 0.00135136
0 0.263086 0.982813 0.197266 0.028125 0.00134563
0 0.00283203 0.803906 0.00566406 0.2 0.00133038
0 0.173047 0.959375 0.174219 0.04375 0.00131512
0 0.107251 0.0481445 0.142139 0.0810547 0.00123501
0 0.155469 0.046875 0.0232422 0.09375 0.00123501
0 0.613281 0.972656 0.09375 0.0546875 0.00123024
0 0.482031 0.0389648 0.145313 0.0635742 0.00122547
0 0.401465 0.972656 0.195508 0.034375 0.00121117
0 0.167383 0.0419434 0.0316406 0.0782227 0.0011692
0 0.545313 0.916406 0.09375 0.0734375 0.00116062
0 1 0.929688 0 0.140625 0.00114727
0 0.0405762 0.0686035 0.0811523 0.0428711 0.0011158
1 0.249609 0.0036499 0.15 0.0072998 0.00111198
0 0.522266 0.927344 0.117969 0.117188 0.00111198
0 0.0834229 0.0583984 0.0679199 0.0597656 0.00111198
1 0.0733398 0.0424316 0.130664 0.0848633 0.00111198
0 0.00249023 0.093457 0.00498047 0.18457 0.00110722
0 0.41875 0.983594 0.0984375 0.0328125 0.00109005
0 0.505469 0.976953 0.0984375 0.0460938 0.00108147
0 0.0231689 0.459473 0.0463379 0.245117 0.00106907
1 0.09375 0.0446289 0.132031 0.0892578 0.00106525
0 0.557031 0.938281 0.1625 0.109375 0.00103188
0 0.758594 0.118359 0.0625 0.157422 0.00103188
0 0.364062 0.960938 0.195312 0.0375 0.00102425
