0 0.147559 0.736719 0.295117 0.514063 0.370117
1 0.494141 0.653223 0.439844 0.69043 0.354004
0 0.494531 0.650684 0.442187 0.698633 0.332031
0 0.332227 0.951563 0.140234 0.096875 0.172119
1 0.333203 0.950781 0.140625 0.0984375 0.0844727
0 0.547656 0.0716797 0.0796875 0.136914 0.0637207
0 0.208594 0.735156 0.411719 0.485938 0.0596619
0 0.343359 0.715234 0.132812 0.417969 0.0497742
1 0.147656 0.741797 0.295312 0.500781 0.0306244
1 0.547656 0.0716797 0.0796875 0.136914 0.0293121
0 0.835742 0.778906 0.272266 0.429688 0.0234222
0 0.920313 0.551562 0.053125 0.09375 0.0195618
1 0.476562 0.515723 0.43125 0.762305 0.0173798
0 0.342578 0.953125 0.166406 0.09375 0.0172424
0 0.965625 0.524609 0.06875 0.167969 0.0115967
0 0.538281 0.0628418 0.0953125 0.125684 0.0105286
1 0.343359 0.730078 0.142969 0.444531 0.0104904
0 0.900781 0.355469 0.198437 0.330469 0.0102081
1 0.875 0.685938 0.090625 0.14375 0.0100937
0 0.116211 0.301562 0.228906 0.501562 0.00985718
0 0.344141 0.696875 0.149219 0.596875 0.00945282
1 0.116211 0.301562 0.228906 0.501562 0.00857544
0 0.714063 0.0356445 0.08125 0.0705078 0.00841522
0 0.873438 0.689062 0.08125 0.135937 0.00809479
1 0.125195 0.2 0.250391 0.4 0.00740433
1 0.965625 0.524609 0.06875 0.167969 0.00723267
0 0.125195 0.2 0.250391 0.4 0.00709534
1 0.208594 0.735156 0.411719 0.485938 0.00701141
1 0.342578 0.953125 0.166406 0.09375 0.00701141
0 0.843555 0.141602 0.275391 0.283203 0.00619125
0 0.491406 0.0687988 0.19375 0.133301 0.006073
1 0.714063 0.0356445 0.08125 0.0705078 0.00602722
1 0.668359 0.945312 0.0960938 0.109375 0.00551224
0 0.320312 0.676953 0.178906 0.642969 0.00544739
0 0.492969 0.757031 0.43125 0.479688 0.00536346
0 0.0907227 0.397754 0.179492 0.616992 0.00500107
1 0.0907227 0.397754 0.179492 0.616992 0.00481033
0 0.708594 0.0394531 0.0875 0.0789063 0.00479126
0 0.476562 0.515723 0.43125 0.762305 0.0045929
0 0.664062 0.944922 0.10625 0.110156 0.00446701
0 0.122363 0.392188 0.239648 0.671875 0.00439835
0 0.960938 0.528906 0.078125 0.220313 0.00438309
0 0.999609 0.527344 0.00078125 0.171875 0.00438309
1 0.835742 0.778906 0.272266 0.429688 0.00421524
1 0.122363 0.392188 0.239648 0.671875 0.00400543
0 0.362109 0.73125 0.179688 0.429688 0.00380898
0 0.689844 0.0336426 0.130469 0.065332 0.00367928
0 0.747656 0.3875 0.325 0.497656 0.00352478
0 0.313281 0.960156 0.174219 0.0796875 0.00328636
1 0.900781 0.355469 0.198437 0.330469 0.00307465
1 0.492969 0.757031 0.43125 0.479688 0.00301552
0 0.63125 0.162695 0.151562 0.319922 0.00301552
0 0.423828 0.972266 0.378125 0.0554687 0.00282288
0 0.474121 0.0523926 0.233008 0.104785 0.00279999
0 0.144727 0.160645 0.269922 0.321289 0.00279999
0 0.225391 0.665234 0.374219 0.669531 0.00275803
0 0.680469 0.0178467 0.165625 0.0356934 0.00269318
0 0.920313 0.538281 0.046875 0.110937 0.0026722
0 0.319336 0.982813 0.189453 0.034375 0.00254059
0 0.638672 0.996094 0.195312 0.0078125 0.00243378
0 0.311914 0.719141 0.213672 0.460156 0.00237846
1 0.660156 0.182422 0.0859375 0.156641 0.00235939
0 0.169336 0.666406 0.297266 0.654688 0.00226974
1 0.538281 0.0628418 0.0953125 0.125684 0.00221634
1 0.492969 0.404785 0.414062 0.562305 0.00210762
1 0.708594 0.0394531 0.0875 0.0789063 0.0020504
1 0.843555 0.141602 0.275391 0.283203 0.00203514
1 0.320312 0.676953 0.178906 0.642969 0.00200272
1 0.654688 0.137402 0.0953125 0.245508 0.00200272
1 0.144727 0.160645 0.269922 0.321289 0.00199509
0 0.785742 0.402344 0.237891 0.4625 0.00198746
0 0.663281 0.174414 0.0796875 0.144531 0.00194168
1 0.671875 0.996094 0.171094 0.0078125 0.00191212
0 0.630859 0.930469 0.175781 0.139062 0.00190449
0 0.959375 0.621484 0.08125 0.342969 0.00190449
0 0.729297 0.0313477 0.114844 0.0626953 0.00189686
0 0.790625 0.471484 0.223438 0.327344 0.00189686
1 0.0708984 0.445215 0.141797 0.573633 0.00187492
0 0.839063 0.670313 0.284375 0.61875 0.00186729
0 0.671875 0.996094 0.171094 0.0078125 0.00186062
0 0.939062 0.372266 0.121875 0.378906 0.00184631
0 0.0653809 0.485156 0.130762 0.51875 0.0018034
0 0.611719 0.184766 0.176563 0.367969 0.00178242
1 0.959375 0.924219 0.08125 0.151562 0.00175476
1 0.960938 0.528906 0.078125 0.220313 0.00174141
0 0.368555 0.635547 0.248828 0.728906 0.00173378
0 0.377441 0.723828 0.0748047 0.160156 0.0017271
1 0.387109 0.988672 0.236719 0.0226563 0.0017004
1 0.689844 0.0336426 0.130469 0.065332 0.00162315
0 1 0.5625 0 0.223438 0.00161076
0 0.664062 0.053418 0.159375 0.106836 0.00158501
1 0.639844 0.10957 0.096875 0.211719 0.00157356
0 0.617969 0.121094 0.1625 0.242188 0.00154305
0 0.661719 0.157422 0.0671875 0.144531 0.00153637
0 0.337305 0.755469 0.116797 0.310937 0.00153065
1 0.747656 0.3875 0.325 0.497656 0.00153065
1 0.663672 0.16543 0.0796875 0.283203 0.00150108
0 0.117188 0.996875 0.195312 0.00625 0.00148964
0 0.953125 0.408594 0.09375 0.410156 0.00148964
0 0.492871 0.984375 0.52832 0.03125 0.00148392
0 0.307813 0.948047 0.196875 0.103906 0.00148392
0 0.338281 0.788867 0.117188 0.219141 0.0014782
0 0.471484 0.404687 0.453906 0.546875 0.00144958
0 0.6 0.0619141 0.175781 0.123828 0.00140476
0 0.387109 0.988672 0.236719 0.0226563 0.00140476
0 0.905469 0.996094 0.189063 0.0078125 0.00138283
0 0.946875 0.996094 0.10625 0.0078125 0.00136662
0 0.959375 0.924219 0.08125 0.151562 0.00136185
0 0.888672 0.388672 0.222656 0.439844 0.00134087
1 0.368555 0.635547 0.248828 0.728906 0.00132465
1 0.63125 0.162695 0.151562 0.319922 0.00130463
1 0.313281 0.960156 0.174219 0.0796875 0.00130463
0 0.0808105 0.997266 0.161621 0.00546875 0.0012846
1 0.0881836 0.300586 0.176367 0.519922 0.0012598
0 1 0.616797 0 0.280469 0.00125504
0 0.0881836 0.300586 0.176367 0.519922 0.00125504
0 0.640234 0.0672363 0.0898438 0.133887 0.00125504
0 0.966406 0.921094 0.0671875 0.157813 0.00123024
0 0.958594 0.996875 0.0828125 0.00625 0.00121593
0 0.0868164 0.979688 0.173633 0.040625 0.0012064
0 0.866406 0.739453 0.265625 0.502344 0.0012064
1 0.715625 0.0515747 0.0835937 0.0937256 0.00120163
1 0.958594 0.996875 0.0828125 0.00625 0.00119209
1 0.834375 0.5625 0.125 0.122656 0.00117874
0 0.413672 0.066748 0.182031 0.128223 0.00115108
1 0.638672 0.996094 0.195312 0.0078125 0.00113773
0 0.0948242 0.935156 0.147461 0.129688 0.00113773
1 0.953125 0.408594 0.09375 0.410156 0.00113392
1 0.319336 0.982813 0.189453 0.034375 0.00112438
0 0.0565918 0.547559 0.113184 0.423633 0.00112438
1 0.491406 0.0687988 0.19375 0.133301 0.00112438
0 0.971094 0.989062 0.0578125 0.021875 0.0011158
1 0.91875 0.546484 0.0609375 0.0945313 0.00109863
1 0.729297 0.0313477 0.114844 0.0626953 0.00109863
0 0.95625 0.678906 0.0875 0.298438 0.00109482
1 0.946875 0.996094 0.10625 0.0078125 0.00109005
0 0.578906 0.000195313 0.171875 0.000390625 0.00109005
0 0.461621 0.996484 0.19082 0.00703125 0.00105286
1 0.0868164 0.979688 0.173633 0.040625 0.00105286
0 0.816992 0.367578 0.272266 0.503906 0.00104809
1 0.607031 0.539844 0.628125 0.854688 0.00104046
0 0.626562 0.0687988 0.107813 0.137598 0.00103664
0 0.726562 8.54492e-05 0.16875 0.000170898 0.00103188
0 0.861719 0.995703 0.209375 0.00859375 0.00102806
0 0.331641 0.675781 0.115625 0.375 0.00102425
0 0.096582 0.159961 0.193164 0.319922 0.00102043
0 0.525 0.000341797 0.125 0.000683594 0.00101662
1 0.888672 0.388672 0.222656 0.439844 0.00101185
1 0.611719 0.184766 0.176563 0.367969 0.00100803
0 0.339844 0.735937 0.139844 0.379687 0.719238
0 0.363867 0.727344 0.186328 0.453125 0.406494
0 0.476953 0.651953 0.469531 0.655469 0.355713
0 0.49375 0.710156 0.446875 0.485938 0.0577087
0 0.339063 0.951172 0.167969 0.0976562 0.0486755
0 0.300781 0.749609 0.248437 0.432031 0.0484009
0 0.157422 0.748438 0.314844 0.475 0.0415344
0 0.330859 0.661719 0.11875 0.223438 0.0351562
0 0.326367 0.767187 0.109766 0.26875 0.0183411
1 0.45625 0.655469 0.514063 0.6625 0.0181274
0 0.325391 0.700781 0.107813 0.298438 0.0175781
0 0.338281 0.70625 0.160938 0.490625 0.0161591
0 0.55 0.0753906 0.075 0.149609 0.0139542
0 0.334766 0.629687 0.125781 0.157813 0.0126266
1 0.341797 0.736719 0.144531 0.385938 0.0106125
0 0.213477 0.73125 0.410547 0.4625 0.0086441
0 0.149414 0.816406 0.298828 0.35625 0.00861359
1 0.339063 0.951172 0.167969 0.0976562 0.0053215
0 0.346875 0.792383 0.133594 0.221484 0.00407028
1 0.363867 0.727344 0.186328 0.453125 0.00400543
0 0.6125 0.111523 0.151562 0.223047 0.00378036
0 0.481641 0.551953 0.367969 0.450781 0.00275803
0 0.914062 0.360352 0.171875 0.346484 0.00260162
0 0.269531 0.94375 0.321094 0.1125 0.00248146
0 0.475781 0.291602 0.413281 0.304297 0.0024147
0 0.919531 0.535937 0.0609375 0.107813 0.00229645
1 0.330859 0.661719 0.11875 0.223438 0.00228691
0 0.409766 0.622266 0.452344 0.727344 0.00217438
0 0.0103638 0.15166 0.0207275 0.30332 0.00209999
0 0.537891 0.087793 0.0671875 0.129102 0.00188255
0 0.303564 0.954297 0.319434 0.0914062 0.00186062
1 0.326367 0.767187 0.109766 0.26875 0.00173378
0 0.205664 0.826367 0.410547 0.341016 0.00162888
1 0.325391 0.700781 0.107813 0.298438 0.00152493
0 0.14873 0.201172 0.297461 0.402344 0.00152493
0 0.476172 0.430078 0.410937 0.580469 0.00148392
0 0.376563 0.692187 0.040625 0.159375 0.00142097
0 0.278516 0.469922 0.103125 0.208594 0.00135612
1 0.55 0.0753906 0.075 0.149609 0.00126934
1 0.300781 0.749609 0.248437 0.432031 0.00119686
0 0.61875 0.148438 0.14375 0.274609 0.00114727
0 0.213281 0.469531 0.426562 0.901563 0.00112438
0 0.638281 0.207617 0.125 0.257812 0.00104809
0 0.551562 0.666797 0.309375 0.647656 0.00103664
1 0.14873 0.201172 0.297461 0.402344 0.00100422
0 0.495996 0.658984 0.448633 0.669531 0.246582
1 0.495703 0.658984 0.450781 0.675781 0.213989
0 0.346289 0.745703 0.153516 0.411719 0.125122
0 0.330273 0.951563 0.196484 0.096875 0.0462036
0 0.412891 0.673437 0.285156 0.60625 0.0422363
1 0.346289 0.745703 0.153516 0.411719 0.0207214
1 0.412891 0.673437 0.285156 0.60625 0.00908661
1 0.339453 0.950781 0.186719 0.0984375 0.00757599
0 0.293408 0.955859 0.339746 0.0882813 0.00488663
0 0.382031 0.957812 0.5125 0.084375 0.00358009
0 0.335547 0.974219 0.179688 0.0515625 0.00226974
0 0.3875 0.475 0.647656 0.95 0.00161076
0 0.411621 0.760938 0.276758 0.440625 0.00160408
1 0.394922 0.46875 0.603125 0.91875 0.00150108
1 0.371094 0.305078 0.560938 0.501562 0.00143242
1 0.458984 0.255811 0.497656 0.330566 0.0012207
1 0.293408 0.955859 0.339746 0.0882813 0.00116062
0 0.147852 0.798437 0.257422 0.3875 0.0011425
0 0.341211 0.664844 0.136328 0.248437 0.00109482
1 0.382031 0.957812 0.5125 0.084375 0.00102425
0 0.501562 0.638281 0.430469 0.620313 0.671387
0 0.510156 0.514941 0.403125 0.370117 0.274414
0 0.341406 0.660547 0.135937 0.232031 0.135864
1 0.496875 0.640234 0.442969 0.628906 0.0727539
0 0.329297 0.951563 0.153125 0.090625 0.0616455
0 0.515625 0.457031 0.375781 0.258594 0.0294189
1 0.341797 0.666406 0.136719 0.232812 0.0138474
0 0.336133 0.707812 0.140234 0.321875 0.0135345
0 0.493652 0.6875 0.437695 0.40625 0.0104065
0 0.664062 0.201904 0.0703125 0.279785 0.0085144
1 0.510156 0.514941 0.403125 0.370117 0.00844574
0 0.488281 0.241406 0.260156 0.196094 0.00784302
0 0.213281 0.750781 0.369531 0.434375 0.00634003
0 0.155957 0.760156 0.249023 0.439063 0.00559998
1 0.329297 0.951563 0.153125 0.090625 0.00358009
0 0.467969 0.243359 0.388281 0.210938 0.00325966
0 0.180273 0.821094 0.340625 0.351562 0.00316048
0 0.374805 0.730469 0.205078 0.378125 0.00255013
0 0.310547 0.951563 0.208594 0.096875 0.00237846
1 0.336133 0.707812 0.140234 0.321875 0.00223351
0 0.168848 0.70625 0.184961 0.384375 0.00196457
0 0.657031 0.358398 0.0875 0.158984 0.00166798
0 0.24668 0.954687 0.387891 0.090625 0.00166798
0 0.305469 0.732031 0.360938 0.404687 0.00162315
1 0.488281 0.241406 0.260156 0.196094 0.00161076
1 0.664062 0.201904 0.0703125 0.279785 0.00135612
1 0.497559 0.741016 0.445508 0.399219 0.00129414
1 0.515625 0.457031 0.375781 0.258594 0.0012064
0 0.439063 0.241846 0.264844 0.197559 0.0011692
0 0.501465 0.345313 0.34707 0.319531 0.00109005
0 0.492188 0.656641 0.438281 0.663281 0.454346
1 0.495703 0.657031 0.441406 0.6625 0.325195
0 0.342969 0.745313 0.146875 0.420312 0.14563
1 0.342969 0.745313 0.146875 0.420312 0.0389709
0 0.333984 0.951563 0.167187 0.096875 0.0127258
0 0.139844 0.764063 0.276563 0.45 0.00930023
0 0.642187 0.428125 0.0265625 0.0921875 0.0064621
1 0.402344 0.751953 0.265625 0.477344 0.00605011
0 0.835938 0.771484 0.315625 0.449219 0.00526047
0 0.402344 0.751953 0.265625 0.477344 0.00380898
0 0.921094 0.0856445 0.157813 0.171289 0.00273705
0 0.130762 0.825391 0.25957 0.349219 0.00247192
1 0.835938 0.771484 0.315625 0.449219 0.00190449
0 0.342383 0.689844 0.142578 0.275 0.00167465
0 0.642187 0.413379 0.0273438 0.0779297 0.00163555
1 0.139844 0.764063 0.276563 0.45 0.00144958
0 0.540234 0.333984 0.0507812 0.0710938 0.00140476
0 0.921875 0.555469 0.05 0.0875 0.00137806
0 0.914844 0.352344 0.170312 0.329688 0.00124454
0 0.871875 0.0868164 0.175 0.17168 0.00117874
0 0.789062 0.502344 0.203125 0.20625 0.00116062
0 0.300732 0.942187 0.299316 0.10625 0.00107288
0 0.93125 0.317969 0.1375 0.246875 0.00106525
0 0.42959 0.0738281 0.164258 0.145313 0.00101662
1 0.500781 0.663672 0.45 0.666406 0.744141
0 0.498437 0.662109 0.445312 0.666406 0.440674
0 0.47666 0.269922 0.418555 0.255469 0.0787964
0 0.343359 0.951563 0.176563 0.090625 0.0512695
0 0.489062 0.2375 0.385938 0.203125 0.0120544
0 0.421777 0.0788086 0.189258 0.147656 0.00941467
0 0.64375 0.418652 0.034375 0.0986328 0.00793457
1 0.47666 0.269922 0.418555 0.255469 0.00709534
0 0.513379 0.289453 0.366992 0.310937 0.00605011
0 0.924219 0.336523 0.151562 0.314453 0.00548935
0 0.843164 0.771484 0.313672 0.450781 0.00494385
0 0.497656 0.379004 0.423438 0.27168 0.00439835
0 0.501172 0.507031 0.429688 0.354688 0.00428009
0 0.497266 0.337842 0.415625 0.384473 0.00355148
0 0.913281 0.0921875 0.173438 0.178125 0.00286674
1 0.347266 0.676953 0.126563 0.335156 0.00257111
0 0.347266 0.676953 0.126563 0.335156 0.0024147
0 0.652734 0.4125 0.0429688 0.104687 0.00228691
1 0.343359 0.951563 0.176563 0.090625 0.00223351
1 0.840625 0.773047 0.314063 0.446094 0.00186062
1 0.351758 0.948438 0.255078 0.103125 0.00181007
0 0.654297 0.398047 0.05 0.108594 0.0017271
1 0.513379 0.289453 0.366992 0.310937 0.00171375
0 0.524902 0.1625 0.358008 0.3 0.00163555
0 0.581641 0.140039 0.247656 0.280078 0.00150108
1 0.342187 0.953125 0.286719 0.09375 0.00137806
0 0.405859 0.0830322 0.336719 0.153076 0.00137234
1 0.489062 0.2375 0.385938 0.203125 0.00130939
0 0.589844 0.284766 0.173438 0.253906 0.00116062
0 0.495313 0.663281 0.435156 0.673437 0.504883
1 0.495703 0.662207 0.439844 0.675586 0.446533
0 0.34043 0.767969 0.142578 0.453125 0.237183
1 0.34043 0.767969 0.142578 0.453125 0.0950317
0 0.921875 0.342969 0.153125 0.308594 0.0193024
0 0.644141 0.410937 0.0390625 0.071875 0.0163422
0 0.507129 0.517285 0.413867 0.37793 0.0150757
0 0.338281 0.952344 0.164062 0.0953125 0.0130234
0 0.342187 0.714063 0.135937 0.320312 0.00695801
0 0.627734 0.135742 0.139844 0.266797 0.0064621
0 0.650391 0.417578 0.0453125 0.0976562 0.00494385
1 0.507129 0.517285 0.413867 0.37793 0.00477219
1 0.627734 0.135742 0.139844 0.266797 0.00415039
0 0.353125 0.725 0.166406 0.55 0.00405502
0 0.500684 0.265234 0.386133 0.242969 0.00402451
1 0.910937 0.346289 0.165625 0.308984 0.00351143
0 0.51875 0.266992 0.251563 0.233203 0.00327301
0 0.920313 0.552344 0.05625 0.0734375 0.003088
0 0.145801 0.778125 0.27793 0.43125 0.003088
0 0.513281 0.462891 0.39375 0.263281 0.00279045
1 0.353125 0.725 0.166406 0.55 0.00254059
0 0.535156 0.312891 0.05625 0.046875 0.00246239
0 0.519531 0.307422 0.0546875 0.0445312 0.00235939
0 0.429688 0.253125 0.246875 0.208984 0.00186729
0 0.199805 0.751562 0.293359 0.459375 0.00174809
1 0.338281 0.952344 0.164062 0.0953125 0.00158501
0 0.55 0.325781 0.0640625 0.0585938 0.00156689
1 0.148438 0.769922 0.264844 0.444531 0.00154305
0 0.894531 0.0876953 0.20625 0.175391 0.00153065
0 0.514844 0.294531 0.0515625 0.0507812 0.00145531
0 0.517578 0.225781 0.348437 0.205469 0.00144386
1 0.199805 0.751562 0.293359 0.459375 0.00143242
0 0.843945 0.773828 0.302734 0.433594 0.00141048
1 0.6375 0.186914 0.120312 0.34375 0.00129414
1 0.91875 0.0894531 0.157813 0.178125 0.0012207
1 0.500684 0.265234 0.386133 0.242969 0.0012064
0 0.542188 0.317578 0.0609375 0.0539063 0.00112915
0 0.6375 0.186914 0.120312 0.34375 0.00105667
0 0.890625 0.348633 0.196875 0.319922 0.00103188
1 0.495703 0.652344 0.447656 0.679688 0.656738
0 0.497559 0.652734 0.44082 0.660156 0.132568
1 0.339844 0.764453 0.151562 0.442969 0.0348206
1 0.429004 0.718359 0.323242 0.560156 0.0110703
0 0.341602 0.75625 0.153516 0.448438 0.00837708
0 0.619922 0.138672 0.158594 0.274219 0.00312424
1 0.496973 0.764844 0.448242 0.467187 0.00269318
0 0.338281 0.698438 0.138281 0.301562 0.00265312
0 0.337109 0.950781 0.173438 0.0984375 0.00237846
1 0.323438 0.952734 0.314063 0.0945313 0.00220871
0 0.470313 0.238623 0.296094 0.193066 0.00214005
0 0.492871 0.270752 0.343945 0.260059 0.00197983
0 0.480078 0.473828 0.369531 0.299219 0.00189686
0 0.899219 0.354297 0.198437 0.328906 0.00181007
0 0.926562 0.328711 0.146875 0.266797 0.00175476
0 0.106934 0.814062 0.210352 0.342187 0.00160408
1 0.231641 0.751953 0.271875 0.450781 0.00158501
1 0.357422 0.955469 0.328125 0.0890625 0.00150108
1 0.182861 0.774219 0.317871 0.414062 0.0014782
0 0.64375 0.408594 0.0320312 0.121094 0.00140476
1 0.128613 0.806055 0.252148 0.366016 0.00135136
1 0.276563 0.74375 0.191406 0.454688 0.00122547
0 0.917969 0.0917969 0.164062 0.183594 0.00122547
1 0.496191 0.660937 0.448242 0.678125 0.826172
0 0.495996 0.663281 0.442383 0.673437 0.386719
0 0.336719 0.952344 0.170312 0.0953125 0.0405273
0 0.642187 0.408594 0.0328125 0.0640625 0.0121002
0 0.463672 0.235547 0.257031 0.191406 0.00737381
0 0.917969 0.551953 0.0546875 0.075 0.00720596
0 0.91875 0.0887695 0.159375 0.174805 0.00643921
0 0.935938 0.319531 0.128125 0.259375 0.00619125
1 0.841406 0.757422 0.29375 0.469531 0.00418091
0 0.520312 0.237305 0.240625 0.184766 0.00407028
0 0.843555 0.748828 0.303516 0.486719 0.0039444
0 0.8875 0.0877197 0.196875 0.170264 0.00367928
0 0.703906 0.00344238 0.1875 0.00688477 0.00332451
1 0.336719 0.952344 0.170312 0.0953125 0.00321007
0 0.484766 0.267578 0.364062 0.246875 0.00314713
0 0.645312 0.0787109 0.0945313 0.146094 0.00292397
0 0.649609 0.121973 0.0976562 0.238086 0.00255013
1 0.344336 0.949219 0.239453 0.101562 0.00242424
0 0.753125 0.00322266 0.2375 0.00644531 0.00216484
1 0.935938 0.319531 0.128125 0.259375 0.00215721
1 0.96875 0.516797 0.059375 0.182031 0.00210762
0 0.650781 0.405078 0.0390625 0.0976562 0.00183105
0 0.928125 0.35918 0.14375 0.343359 0.00170708
0 0.105664 0.914844 0.202734 0.170312 0.00161076
0 0.786719 0.00180664 0.2 0.00361328 0.00143242
0 0.415625 0.0810303 0.1875 0.153174 0.00143242
1 0.433984 0.767578 0.322656 0.464844 0.00139904
0 0.96875 0.659375 0.0625 0.110937 0.00136662
0 0.96875 0.516797 0.059375 0.182031 0.00124931
0 0.641406 0.00395508 0.16875 0.00791016 0.00124454
0 0.641406 0.0549805 0.0914062 0.104492 0.00121593
0 0.820508 0.0032959 0.237109 0.0065918 0.0011158
0 0.321484 0.953125 0.265625 0.09375 0.00111198
1 0.494922 0.663281 0.44375 0.673437 0.716309
0 0.493359 0.661719 0.441406 0.670313 0.567871
0 0.533594 0.258398 0.223438 0.210156 0.0068512
0 0.338672 0.95 0.186719 0.096875 0.00614548
0 0.917969 0.369336 0.159375 0.367578 0.00353813
0 0.926562 0.313867 0.14375 0.247266 0.00269318
0 0.938281 0.373242 0.120312 0.337891 0.00214005
0 0.839258 0.763672 0.296484 0.460156 0.00190449
0 0.374414 0.0974609 0.266016 0.194922 0.00178909
0 0.567187 0.268164 0.198437 0.217578 0.00178242
0 0.415527 0.527734 0.567383 0.791406 0.00168133
1 0.938281 0.373242 0.120312 0.337891 0.0015974
0 0.466309 0.401172 0.426758 0.522656 0.00153637
0 0.478906 0.507715 0.4125 0.70957 0.00134563
1 0.292969 0.953125 0.3 0.09375 0.00131989
0 0.642578 0.403125 0.034375 0.0953125 0.00124454
1 0.926562 0.313867 0.14375 0.247266 0.00119686
1 0.338672 0.95 0.186719 0.096875 0.00116062
0 0.261523 0.533594 0.391016 0.910937 0.00102806
1 0.496094 0.660937 0.447656 0.678125 0.826172
0 0.495996 0.663281 0.442383 0.673437 0.384033
0 0.336719 0.952344 0.170312 0.0953125 0.0402527
0 0.642187 0.408594 0.0328125 0.0640625 0.0119629
0 0.463672 0.235547 0.257031 0.191406 0.00734711
0 0.917188 0.551953 0.05625 0.075 0.00714874
0 0.91875 0.0888672 0.159375 0.175 0.00634003
0 0.935938 0.319336 0.128125 0.258984 0.00619125
1 0.84043 0.749219 0.297266 0.476562 0.00418091
0 0.520312 0.237305 0.240625 0.184766 0.00403976
0 0.843555 0.748828 0.303516 0.486719 0.00395966
0 0.8875 0.0877197 0.196875 0.170264 0.00363541
0 0.703906 0.00344238 0.1875 0.00688477 0.00328636
1 0.336719 0.952344 0.170312 0.0953125 0.00319672
0 0.485254 0.267383 0.363867 0.246484 0.00309944
0 0.645312 0.0788086 0.0953125 0.146289 0.00290108
0 0.649609 0.121875 0.0976562 0.237891 0.00253105
1 0.344531 0.949219 0.239844 0.101562 0.00240517
1 0.935938 0.319336 0.128125 0.258984 0.00216484
0 0.753125 0.00322266 0.2375 0.00644531 0.00214005
1 0.96875 0.516797 0.059375 0.182031 0.00206757
0 0.650781 0.405078 0.0390625 0.0976562 0.00181007
0 0.928125 0.359375 0.14375 0.34375 0.00168133
0 0.105664 0.914844 0.202734 0.170312 0.00160408
0 0.786719 0.00183105 0.2 0.00366211 0.00142097
0 0.415723 0.0811523 0.187305 0.15332 0.00141621
1 0.433984 0.767578 0.322656 0.464844 0.00139427
0 0.96875 0.659375 0.0625 0.110937 0.00135612
0 0.641406 0.00396729 0.16875 0.00793457 0.00123024
0 0.96875 0.516797 0.059375 0.182031 0.0012207
0 0.641406 0.0550781 0.0921875 0.104687 0.00120163
0 0.321289 0.953125 0.266016 0.09375 0.0011034
0 0.819531 0.00330811 0.235938 0.00661621 0.00109863
