1 0.486719 0.535937 0.920313 0.928125 0.838867
1 0.341016 0.525391 0.635156 0.949219 0.330322
1 0.250586 0.536328 0.476953 0.927344 0.036438
0 0.496094 0.520703 0.942187 0.958594 0.0191193
1 0.0437988 0.903125 0.0856445 0.16875 0.00492477
0 0.0437988 0.903125 0.0856445 0.16875 0.00429916
1 0.437109 0.777344 0.763281 0.445312 0.00355148
1 0.304297 0.430469 0.553906 0.814062 0.00351143
0 0.330859 0.522656 0.655469 0.954687 0.00344276
1 0.176953 0.990625 0.353906 0.01875 0.00309944
0 0.0394531 0.866406 0.0783203 0.234375 0.00279045
1 0.165918 0.985937 0.331836 0.028125 0.00268364
1 0.0878906 0.159961 0.167773 0.296875 0.00266266
0 0.0878906 0.159961 0.167773 0.296875 0.0024147
0 0.914844 0.996094 0.170312 0.0078125 0.00234222
0 0.0683594 0.997266 0.136719 0.00546875 0.00199509
1 0.318359 0.773828 0.591406 0.452344 0.00176811
1 0.925 0.996484 0.15 0.00703125 0.00172043
0 0.176953 0.990625 0.353906 0.01875 0.0017004
1 0.12002 0.148438 0.23457 0.294922 0.00163555
0 0.0460938 0.917188 0.0921875 0.165625 0.0015974
0 0.165918 0.985937 0.331836 0.028125 0.00157928
0 0.878125 0.996484 0.20625 0.00703125 0.00154877
0 0.0447266 0.930078 0.0894531 0.139844 0.0014782
0 0.12002 0.148438 0.23457 0.294922 0.00147247
0 0.973437 0.986719 0.053125 0.0265625 0.00137806
1 0.0315186 0.208594 0.0630371 0.353125 0.00136185
1 0.0954834 0.9125 0.185205 0.175 0.00135612
1 0.0394531 0.866406 0.0783203 0.234375 0.00127411
1 0.0447266 0.930078 0.0894531 0.139844 0.00125504
1 0.202734 0.5125 0.403906 0.810938 0.00125504
0 0.0029541 0.915625 0.0059082 0.16875 0.00123024
1 0.0762695 0.177686 0.152539 0.321973 0.00123024
1 0.0381348 0.921875 0.0762695 0.15625 0.00120163
1 0.955078 0.44375 0.0898438 0.632031 0.00117874
1 0.594434 0.621484 0.729883 0.696094 0.00112438
0 0.0762695 0.177686 0.152539 0.321973 0.00112438
0 0.955078 0.44375 0.0898438 0.632031 0.00102425
0 0.938281 0.996875 0.123438 0.00625 0.00100803
1 0.437891 0.534766 0.789844 0.930469 0.774414
0 0.44541 0.533984 0.76543 0.932031 0.0883179
1 0.724219 0.527344 0.467187 0.879687 0.0166626
1 0.177441 0.525781 0.354883 0.921875 0.00436401
0 0.689453 0.534766 0.491406 0.902344 0.00251198
0 0.719141 0.934375 0.150781 0.126563 0.00220871
0 0.765625 0.729688 0.06875 0.104687 0.00175476
0 0.177441 0.525781 0.354883 0.921875 0.00141048
1 0.474609 0.8 0.539062 0.392188 0.00135612
0 0.0379883 0.861719 0.0759766 0.276563 0.00128937
0 0.761719 0.95 0.090625 0.096875 0.00117874
0 0.755078 0.960938 0.0960938 0.0765625 0.00115585
1 0.468359 0.543359 0.933594 0.913281 0.792969
0 0.487109 0.53125 0.950781 0.9375 0.11261
1 0.719141 0.546875 0.524219 0.90625 0.00358009
1 0.500781 0.521875 0.878125 0.909375 0.445557
0 0.495313 0.521875 0.9 0.907812 0.306641
0 0.496094 0.259766 0.829687 0.457812 0.00941467
1 0.496094 0.259766 0.829687 0.457812 0.00405502
1 0.837891 0.812695 0.324219 0.290234 0.00167465
1 0.770703 0.807617 0.458594 0.350391 0.00152493
1 0.723828 0.790625 0.552344 0.417188 0.00144958
0 0.476953 0.178906 0.867969 0.285156 0.00118351
0 0.482812 0.50625 0.953125 0.975 0.819824
1 0.482812 0.504687 0.932813 0.959375 0.0548096
1 0.503516 0.496484 0.958594 0.960156 0.776855
0 0.500781 0.502734 0.951563 0.967969 0.228149
1 0.911719 0.753125 0.176563 0.4 0.01017
0 0.911719 0.753125 0.176563 0.4 0.00103664
1 0.499219 0.513281 0.939062 0.973437 0.912598
0 0.503125 0.510938 0.91875 0.978125 0.0950317
0 0.511719 0.514063 0.917188 0.959375 0.596191
1 0.510156 0.515625 0.948438 0.945312 0.530273
0 0.507031 0.512891 0.929688 0.972656 0.800781
1 0.505469 0.510938 0.935938 0.96875 0.147095
1 0.496875 0.506641 0.951563 0.961719 0.820312
0 0.498828 0.515625 0.939844 0.96875 0.303223
0 0.507031 0.512891 0.929688 0.972656 0.800781
1 0.505469 0.510938 0.935938 0.96875 0.147339
