1 0.5 0.451562 0.217187 0.298438 0.595703
0 0.5 0.45791 0.214062 0.298242 0.34082
1 0.786719 0.477734 0.421875 0.835156 0.0519409
1 0.194336 0.477344 0.388672 0.873438 0.0474243
0 0.786719 0.477734 0.421875 0.835156 0.0272675
1 0.369141 0.576563 0.732031 0.69375 0.0132751
1 0.265234 0.55791 0.530469 0.724805 0.0131226
0 0.194336 0.477344 0.388672 0.873438 0.0130234
1 0.782812 0.323242 0.43125 0.612891 0.011467
0 0.782812 0.323242 0.43125 0.612891 0.0113754
1 0.320117 0.639063 0.609766 0.571875 0.0110321
1 0.689453 0.568359 0.617969 0.739844 0.0103683
1 0.604297 0.690625 0.753906 0.503125 0.00775528
0 0.689453 0.568359 0.617969 0.739844 0.0064621
0 0.265234 0.55791 0.530469 0.724805 0.00568771
1 0.298047 0.435937 0.596094 0.871875 0.00559998
1 0.216406 0.341211 0.432813 0.673828 0.00534439
0 0.369141 0.576563 0.732031 0.69375 0.00473785
0 0.604297 0.690625 0.753906 0.503125 0.00460815
0 0.320117 0.639063 0.609766 0.571875 0.00431442
1 0.541309 0.639063 0.59082 0.579687 0.00431442
1 0.437109 0.692187 0.64375 0.4875 0.00413513
1 0.27832 0.691016 0.509766 0.482031 0.00359344
0 0.437109 0.692187 0.64375 0.4875 0.00355148
1 0.676562 0.433594 0.6125 0.804688 0.00333786
0 0.541309 0.639063 0.59082 0.579687 0.00300407
0 0.676562 0.433594 0.6125 0.804688 0.00299263
1 0.519531 0.323828 0.28125 0.616406 0.0029583
0 0.216406 0.341211 0.432813 0.673828 0.00245285
0 0.27832 0.691016 0.509766 0.482031 0.00209999
1 0.376465 0.578906 0.481445 0.60625 0.00191212
0 0.316016 0.473047 0.632031 0.878906 0.00188923
1 0.439746 0.326953 0.339258 0.569531 0.00178242
1 0.516797 0.572656 0.269531 0.589063 0.0017004
0 0.797656 0.433594 0.404687 0.607813 0.00151253
0 0.691797 0.292578 0.577344 0.572656 0.00148964
0 0.733594 0.665625 0.532812 0.528125 0.00144386
1 0.262109 0.244727 0.478906 0.478516 0.00122547
1 0.448438 0.788281 0.84375 0.423438 0.00110722
1 0.691797 0.292578 0.577344 0.572656 0.00109863
1 0.515625 0.987891 0.925 0.0242187 0.00109482
0 0.758984 0.239063 0.475781 0.459375 0.00101185
1 0.496484 0.446875 0.211719 0.295312 0.526367
0 0.497656 0.451465 0.210938 0.292383 0.486328
0 0.126758 0.464844 0.253516 0.876562 0.0049057
0 0.0741211 0.475 0.148242 0.859375 0.00366402
0 0.916406 0.475 0.167187 0.85625 0.00279045
0 0.866211 0.470313 0.267578 0.81875 0.00213242
1 0.0741211 0.475 0.148242 0.859375 0.00162888
0 0.94375 0.470313 0.1125 0.834375 0.00117874
0 0.916406 0.257422 0.167187 0.514844 0.0011158
0 0.166211 0.47334 0.332422 0.79707 0.00105667
1 0.5 0.455859 0.204688 0.285937 0.679199
0 0.497266 0.451953 0.200781 0.289062 0.0136337
1 0.499219 0.447559 0.210938 0.292383 0.810059
0 0.498437 0.455371 0.203125 0.298633 0.237183
1 0.496484 0.388672 0.200781 0.178125 0.0026722
1 0.482031 0.377344 0.165625 0.15 0.00102043
1 0.501953 0.448047 0.204688 0.296094 0.737793
0 0.499219 0.449902 0.203125 0.289258 0.2323
1 0.500781 0.450781 0.20625 0.3 0.765625
0 0.501953 0.453223 0.213281 0.298242 0.078064
0 0.719141 0.455469 0.561719 0.823438 0.0029583
0 0.689062 0.327148 0.621875 0.654297 0.0020504
1 0.695312 0.335156 0.609375 0.670313 0.00113392
1 0.501562 0.447754 0.209375 0.299805 0.808105
0 0.5 0.449316 0.209375 0.30293 0.0330811
1 0.500781 0.449316 0.2125 0.298242 0.775879
0 0.500781 0.451953 0.208594 0.296094 0.126343
1 0.505078 0.453906 0.205469 0.303125 0.840332
0 0.500781 0.455566 0.210156 0.301367 0.0220795
1 0.5 0.452344 0.20625 0.301562 0.793945
0 0.499219 0.450391 0.204688 0.304688 0.0160217
1 0.505078 0.453906 0.205469 0.303125 0.840332
0 0.500781 0.455566 0.210938 0.301367 0.0218658
