0 0.526563 0.542969 0.8375 0.660937 0.59375
1 0.527344 0.544141 0.835938 0.671094 0.313232
0 0.342578 0.529688 0.461719 0.645312 0.00908661
0 0.678125 0.562402 0.546875 0.606445 0.00502014
1 0.635547 0.608594 0.630469 0.525 0.00395966
0 0.457031 0.475781 0.685938 0.654688 0.00352478
1 0.400781 0.525 0.577344 0.628125 0.00338936
0 0.636816 0.639844 0.626367 0.470313 0.00284576
1 0.533203 0.650391 0.811719 0.447656 0.00186729
0 0.729688 0.489941 0.446875 0.541992 0.00179577
0 0.418652 0.703125 0.64707 0.345313 0.00178909
1 0.504297 0.989453 0.916406 0.0210938 0.00170708
1 0.5 0.823438 0.93125 0.353125 0.00168705
1 0.334766 0.990625 0.64375 0.01875 0.0016489
0 0.965625 0.429004 0.06875 0.35293 0.00156689
0 0.334766 0.990625 0.64375 0.01875 0.0015192
0 0.278174 0.6625 0.338965 0.351562 0.00151253
1 0.492188 0.425781 0.86875 0.851562 0.00143814
0 0.959375 0.522656 0.08125 0.396875 0.00139904
0 0.504297 0.989453 0.916406 0.0210938 0.00138283
0 0.333398 0.671484 0.459766 0.385156 0.00134563
0 0.5 0.823438 0.93125 0.353125 0.00133038
0 0.969531 0.5875 0.0609375 0.385938 0.00129414
1 0.489453 0.471875 0.708594 0.575 0.00124454
1 0.473047 0.153125 0.883594 0.30625 0.00123501
0 0.972656 0.653516 0.0546875 0.364844 0.00118828
1 0.400879 0.66875 0.570117 0.410937 0.00118351
0 0.0253418 0.105078 0.0506836 0.210156 0.00115585
0 0.119141 0.975781 0.238281 0.0484375 0.00114727
0 0.273633 0.566797 0.329297 0.475781 0.0011425
0 1 0.467969 0 0.250781 0.00113773
1 0.673437 0.529297 0.560938 0.624219 0.00112438
0 0.473047 0.153125 0.883594 0.30625 0.00110722
0 0.489746 0.661719 0.726758 0.426562 0.00109482
0 0.293408 0.491016 0.370996 0.550781 0.00107288
0 0.958594 0.393848 0.0828125 0.381055 0.00106525
1 0.119141 0.975781 0.238281 0.0484375 0.00105667
0 0.999609 0.573047 0.00078125 0.267969 0.00101662
0 0.892187 0.536621 0.1375 0.567383 0.00101185
0 0.999219 0.5125 0.0015625 0.264062 0.00100422
0 0.528125 0.548828 0.817187 0.652344 0.695801
1 0.527344 0.54541 0.820312 0.637305 0.308105
0 0.649219 0.548047 0.589063 0.619531 0.00682449
0 0.801367 0.608594 0.294141 0.45625 0.00245285
0 0.736328 0.5625 0.419531 0.590625 0.00131512
0 0.516406 0.551562 0.848437 0.653125 0.820801
1 0.517187 0.551172 0.8375 0.650781 0.145386
0 0.738672 0.544141 0.414844 0.636719 0.0162201
0 0.466406 0.320312 0.814062 0.640625 0.00302696
0 0.0586426 0.982031 0.117285 0.0359375 0.00112915
0 0.524609 0.55 0.824219 0.648438 0.900391
1 0.525 0.54541 0.820312 0.637305 0.0305634
0 0.523828 0.413672 0.828906 0.388281 0.0252686
0 0.515625 0.651953 0.815625 0.411719 0.0222931
0 0.373437 0.665625 0.520312 0.379687 0.0120544
0 0.517187 0.752344 0.821875 0.234375 0.00790405
0 0.396191 0.601953 0.570117 0.505469 0.00671768
0 0.521484 0.336719 0.835156 0.23125 0.00521851
0 0.435156 0.760156 0.640625 0.189063 0.00194168
0 0.515234 0.795313 0.828906 0.159375 0.00150108
0 0.549219 0.247656 0.284375 0.0601562 0.0012064
0 0.986719 0.596094 0.0265625 0.3125 0.00108624
0 0.539844 0.548437 0.857813 0.653125 0.951172
0 0.383496 0.549902 0.55332 0.637695 0.00923157
1 0.535547 0.552344 0.847656 0.646875 0.00100803
0 0.530078 0.535254 0.858594 0.693555 0.918945
1 0.530078 0.535254 0.858594 0.693555 0.00327301
0 0.53125 0.541309 0.846875 0.658008 0.92334
0 0.521875 0.546484 0.829687 0.655469 0.916016
0 0.335938 0.548047 0.446875 0.647656 0.00135136
0 0.525391 0.547656 0.827344 0.654688 0.912598
0 0.619922 0.715625 0.657031 0.315625 0.00162315
1 0.531641 0.545313 0.828906 0.651563 0.00106049
0 0.5375 0.551172 0.85625 0.650781 0.942871
0 0.525 0.547656 0.828125 0.654688 0.912598
0 0.619922 0.715625 0.657031 0.315625 0.00162315
1 0.532031 0.545703 0.829687 0.652344 0.00106049
