1 0.450781 0.558594 0.760938 0.709375 0.511719
0 0.450781 0.558594 0.760938 0.709375 0.443604
0 0.547559 0.533203 0.58457 0.588281 0.0157776
1 0.547559 0.533203 0.58457 0.588281 0.00538635
1 0.452344 0.594141 0.7875 0.497656 0.00369263
0 0.393359 0.346484 0.639844 0.438281 0.00338936
1 0.68125 0.801758 0.576563 0.377734 0.00313568
0 0.295703 0.660937 0.507031 0.371875 0.00276756
1 0.488281 0.868359 0.923437 0.263281 0.00256157
0 0.74375 0.241797 0.5125 0.467187 0.00256157
0 0.68125 0.801758 0.576563 0.377734 0.00235939
0 0.319922 0.334766 0.539844 0.502344 0.00226974
0 0.48584 0.617188 0.700195 0.440625 0.00224304
1 0.470313 0.81582 0.884375 0.362109 0.00215721
0 0.691797 0.528906 0.300781 0.564062 0.00204277
0 0.863672 0.259375 0.272656 0.402344 0.00202751
0 0.718359 0.358398 0.563281 0.716797 0.00194168
0 0.0088623 0.524219 0.0177246 0.276563 0.00183868
0 0.766797 0.771875 0.466406 0.401563 0.00176811
1 0.766797 0.771875 0.466406 0.401563 0.00175476
0 0.0090332 0.573438 0.0180664 0.284375 0.00168705
1 0.483594 0.989062 0.892187 0.021875 0.00167465
0 0.806641 0.491016 0.386719 0.571094 0.0016489
0 0.00849609 0.480078 0.0169922 0.276563 0.00157928
0 0.135449 0.975781 0.270898 0.0484375 0.00153637
0 0.488281 0.868359 0.923437 0.263281 0.00153065
1 0.135449 0.975781 0.270898 0.0484375 0.00150108
0 0.664062 0.491406 0.385938 0.530469 0.00148964
0 0.913281 0.521875 0.173438 0.507812 0.00142097
1 0.714453 0.389062 0.571094 0.778125 0.00139904
1 0.44375 0.118262 0.745313 0.236523 0.00139427
1 0.393359 0.346484 0.639844 0.438281 0.00139427
0 0.737109 0.483984 0.525781 0.613281 0.00138855
0 0.261133 0.521973 0.410547 0.595117 0.00135136
1 0.305859 0.638281 0.514844 0.403125 0.00133514
0 0.470313 0.81582 0.884375 0.362109 0.00130463
0 0.800977 0.327734 0.398047 0.488281 0.00130463
0 0.00809326 0.429004 0.0161865 0.307617 0.00125504
0 0.217773 0.51084 0.319141 0.52207 0.00124931
1 0.74375 0.241797 0.5125 0.467187 0.00124454
0 0.351562 0.427734 0.577344 0.855469 0.00122547
0 0.182227 0.55 0.242578 0.321875 0.0012207
0 0.0202637 0.102832 0.0405273 0.205664 0.00121593
0 0.508203 0.996094 0.214062 0.0078125 0.00121593
0 0.475781 0.122266 0.848437 0.244531 0.00118828
0 0.267188 0.617969 0.420312 0.425 0.00117874
0 0.661719 0.996484 0.21875 0.00703125 0.00117397
0 0.214258 0.602344 0.314453 0.41875 0.0011692
0 0.168945 0.854492 0.334766 0.291016 0.00115108
0 0.00895996 0.625391 0.0179199 0.300781 0.00113773
0 0.16875 0.227539 0.324219 0.425391 0.0011158
0 0.0953125 0.994531 0.190625 0.0109375 0.0011158
0 0.0078125 0.217773 0.015625 0.295703 0.0011034
1 0.193555 0.991016 0.387109 0.0179687 0.00109005
0 0.929688 0.553516 0.140625 0.502344 0.00108624
1 0.374609 0.433594 0.653906 0.867188 0.00108624
1 0.340234 0.688672 0.583594 0.347656 0.00108147
0 0.190039 0.9875 0.380078 0.025 0.00107288
0 0.617676 0.381641 0.764648 0.763281 0.00106525
0 0.914062 0.416016 0.171875 0.421094 0.00105667
1 0.427344 0.737891 0.7875 0.486719 0.00104427
0 0.17334 0.490527 0.225977 0.348633 0.00103664
0 0.848047 0.735547 0.303906 0.396094 0.00103188
0 0.1875 0.603125 0.254687 0.31875 0.00100803
1 0.0088623 0.524219 0.0177246 0.276563 0.00100803
0 0.445215 0.52041 0.758008 0.593555 0.786133
1 0.443652 0.525391 0.78457 0.596094 0.23938
0 0.682422 0.52959 0.310156 0.539258 0.00260162
0 0.418359 0.675 0.707031 0.292188 0.00201988
0 0.442871 0.528223 0.787695 0.60918 0.736328
1 0.447656 0.530859 0.78125 0.607031 0.193115
0 0.640625 0.524609 0.39375 0.582031 0.0177155
0 0.0587891 0.982813 0.117578 0.034375 0.0017004
0 0.4375 0.516797 0.775 0.582031 0.890137
0 0.438672 0.723437 0.766406 0.20625 0.0211182
1 0.443848 0.524609 0.762305 0.592969 0.0119629
0 0.433203 0.347266 0.771094 0.242188 0.00471878
0 0.442187 0.64375 0.757812 0.353125 0.0039444
0 0.324414 0.704687 0.512891 0.234375 0.00337601
0 0.329883 0.434473 0.548828 0.41543 0.00317192
0 0.332422 0.653516 0.532812 0.328906 0.00298119
0 0.325 0.587598 0.521875 0.463867 0.00213242
0 0.394531 0.744531 0.676562 0.159375 0.00143242
0 0.296094 0.487598 0.46875 0.481055 0.00121117
0 0.451562 0.528516 0.785937 0.608594 0.952148
0 0.321289 0.534473 0.532422 0.613867 0.00403976
0 0.441406 0.508691 0.817187 0.645117 0.936523
0 0.448828 0.530566 0.808594 0.607617 0.939941
0 0.448047 0.530469 0.763281 0.614062 0.91748
0 0.526465 0.647266 0.612695 0.369531 0.00151253
0 0.447266 0.527344 0.767969 0.60625 0.930664
0 0.591504 0.685547 0.491992 0.283594 0.00312424
0 0.584473 0.573438 0.501367 0.5125 0.00162888
0 0.453027 0.529785 0.793945 0.607617 0.956543
0 0.447266 0.527344 0.767969 0.60625 0.930664
0 0.591504 0.685547 0.491992 0.283594 0.00311089
0 0.584375 0.573438 0.501562 0.5125 0.00161648
