1 0.504297 0.575781 0.938281 0.773438 0.57373
0 0.496484 0.589063 0.932031 0.740625 0.331055
1 0.380371 0.46875 0.69082 0.9375 0.101562
0 0.450781 0.478125 0.845312 0.95625 0.0336609
0 0.355078 0.570703 0.657031 0.622656 0.0124283
0 0.358008 0.376172 0.641797 0.752344 0.0103683
1 0.355078 0.570703 0.657031 0.622656 0.0100555
0 0.291016 0.453906 0.542969 0.907812 0.00698471
1 0.683594 0.675 0.592188 0.507812 0.00390053
1 0.287891 0.331641 0.525 0.663281 0.00372124
0 0.287891 0.331641 0.525 0.663281 0.00325966
0 0.683594 0.675 0.592188 0.507812 0.00243378
1 0.458594 0.714844 0.810938 0.457812 0.00230598
1 0.557031 0.66875 0.829687 0.603125 0.00212479
0 0.503906 0.996484 0.20625 0.00703125 0.00190449
1 0.480469 0.166113 0.889063 0.332227 0.00187492
0 0.235352 0.535547 0.427734 0.533594 0.00182438
1 0.143848 0.979688 0.287695 0.040625 0.00179577
1 0.273438 0.463281 0.544531 0.926562 0.00177479
0 0.351562 0.996094 0.207813 0.0078125 0.00177479
0 0.143848 0.979688 0.287695 0.040625 0.00172043
1 0.609277 0.716016 0.725195 0.446094 0.00168133
1 0.345508 0.728516 0.607422 0.411719 0.00154305
0 0.557031 0.66875 0.829687 0.603125 0.00152493
0 0.153223 0.872852 0.299023 0.254297 0.0015192
1 0.153223 0.872852 0.299023 0.254297 0.00150681
1 0.525781 0.996094 0.214062 0.0078125 0.00149536
1 0.188672 0.991406 0.377344 0.0171875 0.00144958
1 0.839063 0.992188 0.310937 0.015625 0.00135612
0 0.0186035 0.106055 0.037207 0.212109 0.00133514
0 0.373828 0.744922 0.651563 0.394531 0.00132465
1 0.375098 0.996094 0.220117 0.0078125 0.00131512
0 0.200195 0.465625 0.399609 0.93125 0.00127888
0 0.480469 0.166113 0.889063 0.332227 0.00127411
0 0.0898438 0.996875 0.179688 0.00625 0.00127411
0 0.547656 0.995703 0.221875 0.00859375 0.00126934
0 0.185645 0.989062 0.371289 0.021875 0.0012598
0 0.896875 0.872656 0.20625 0.254687 0.00118828
0 0.801758 0.992969 0.337109 0.0140625 0.00118828
0 0.874414 0.594141 0.251172 0.483594 0.00117874
0 0.609277 0.716016 0.725195 0.446094 0.00116539
0 0.206982 0.996094 0.210254 0.0078125 0.00109863
0 0.65625 0.996094 0.21875 0.0078125 0.00108624
1 0.760938 0.992188 0.353125 0.015625 0.00108147
1 0.874414 0.594141 0.251172 0.483594 0.00108147
0 0.792383 0.651172 0.390234 0.541406 0.00107765
1 0.364062 0.991016 0.677344 0.0179687 0.00104809
0 0.458594 0.714844 0.810938 0.457812 0.00104809
1 0.870898 0.863672 0.258203 0.272656 0.00103664
1 0.173145 0.465625 0.343555 0.876562 0.00103664
0 0.395312 0.996094 0.232812 0.0078125 0.00103188
1 0.792383 0.651172 0.390234 0.541406 0.00102425
0 0.491406 0.961328 0.201562 0.0773437 0.00102043
1 0.428027 0.800195 0.78457 0.308984 0.00101185
0 0.925 0.854492 0.15 0.284766 0.00100422
0 0.498437 0.602441 0.93125 0.654492 0.714844
1 0.5 0.600781 0.940625 0.642187 0.335449
0 0.674121 0.630859 0.60332 0.572656 0.00379562
0 0.494531 0.270508 0.884375 0.541016 0.00148392
0 0.825781 0.644922 0.314063 0.513281 0.00100422
0 0.496094 0.614453 0.951563 0.667969 0.721191
1 0.494922 0.612402 0.949219 0.668945 0.180664
0 0.779688 0.642969 0.403125 0.571875 0.011116
0 0.0566895 0.984375 0.113379 0.03125 0.00145531
0 0.499219 0.436328 0.954687 0.39375 0.00120163
0 0.502344 0.973437 0.914062 0.053125 0.00117874
0 0.501172 0.596777 0.963281 0.63457 0.898438
0 0.498437 0.420215 0.95625 0.286133 0.0840454
1 0.501172 0.598437 0.952344 0.63125 0.0487671
0 0.493359 0.817187 0.941406 0.217187 0.0220337
0 0.240039 0.694141 0.426953 0.422656 0.00538635
0 0.313281 0.456152 0.575 0.354883 0.00395966
0 0.496484 0.721484 0.952344 0.394531 0.00266266
0 0.339648 0.394434 0.629297 0.236133 0.00250244
0 0.500391 0.374219 0.958594 0.220313 0.00206757
1 0.493359 0.817187 0.941406 0.217187 0.00202751
0 0.665625 0.653125 0.623438 0.5375 0.0016489
0 0.381641 0.817383 0.700781 0.187109 0.00164223
0 0.277734 0.63125 0.500781 0.546875 0.0014782
0 0.289844 0.740625 0.529688 0.332812 0.00142097
0 0.347656 0.612891 0.645312 0.613281 0.00141048
1 0.498437 0.420215 0.95625 0.286133 0.00106907
0 0.493359 0.605859 0.971094 0.653906 0.875488
1 0.487891 0.605371 0.942969 0.651758 0.17749
0 0.233984 0.601953 0.433594 0.639844 0.0019722
0 0.501562 0.601953 0.965625 0.661719 0.918945
0 0.301758 0.596094 0.558984 0.678125 0.008255
1 0.498437 0.599609 0.965625 0.675781 0.00510025
0 0.500391 0.603906 0.958594 0.654688 0.916016
1 0.499219 0.601562 0.94375 0.65625 0.00498199
0 0.498828 0.607715 0.946094 0.65957 0.882324
1 0.499219 0.607813 0.942187 0.65625 0.00518036
0 0.500781 0.604688 0.95 0.65625 0.920898
1 0.501562 0.601172 0.95 0.653906 0.00443268
0 0.495703 0.607813 0.958594 0.65625 0.946777
1 0.495313 0.604688 0.95625 0.65625 0.00424957
0 0.500781 0.604688 0.95 0.65625 0.920898
1 0.501562 0.601172 0.95 0.653906 0.00443268
