1 0.476172 0.496094 0.911719 0.895312 0.932129
0 0.444531 0.499219 0.851562 0.904688 0.0086441
1 0.453516 0.766406 0.714844 0.454688 0.00636292
1 0.813672 0.810938 0.372656 0.376563 0.00631332
1 0.264062 0.479688 0.513281 0.871875 0.00415039
0 0.275 0.995703 0.214844 0.00859375 0.00328636
1 0.346289 0.779883 0.590234 0.427734 0.00283432
1 0.275 0.995703 0.214844 0.00859375 0.00234985
0 0.813672 0.810938 0.372656 0.376563 0.00226974
0 0.227734 0.996094 0.228906 0.0078125 0.00223351
0 0.329688 0.995703 0.228125 0.00859375 0.00223351
1 0.20918 0.451562 0.418359 0.7625 0.00188255
1 0.63125 0.631348 0.601562 0.65918 0.00176144
1 0.871875 0.837109 0.25625 0.325781 0.00176144
1 0.556152 0.577734 0.739258 0.803906 0.0017271
1 0.563672 0.744141 0.719531 0.494531 0.00162888
0 0.892578 0.831445 0.214844 0.337109 0.00157928
0 0.178906 0.995703 0.216406 0.00859375 0.00152493
0 0.166309 0.75625 0.322852 0.367188 0.00151253
0 0.084082 0.156445 0.156445 0.312891 0.00137806
1 0.227734 0.996094 0.228906 0.0078125 0.00136185
0 0.915234 0.996094 0.169531 0.0078125 0.00130463
1 0.137207 0.980469 0.274414 0.0390625 0.00129986
1 0.959375 0.512891 0.08125 0.632031 0.00128937
0 0.137207 0.980469 0.274414 0.0390625 0.0012846
1 0.329688 0.995703 0.228125 0.00859375 0.00122547
1 0.269531 0.744141 0.492188 0.478906 0.0012064
0 0.959375 0.512891 0.08125 0.632031 0.00119209
1 0.847461 0.992188 0.305078 0.015625 0.00118351
0 0.469434 0.778125 0.714258 0.432813 0.00116539
0 0.204297 0.991406 0.408594 0.0171875 0.00107765
0 0.971094 0.978906 0.0578125 0.0421875 0.00106525
1 0.0728027 0.179736 0.145605 0.353809 0.00105286
0 0.0728027 0.179736 0.145605 0.353809 0.00102425
1 0.470313 0.51875 0.90625 0.928125 0.878418
0 0.470313 0.51875 0.90625 0.928125 0.00723267
1 0.629297 0.484766 0.602344 0.828906 0.00111198
1 0.463281 0.539453 0.926562 0.894531 0.910156
1 0.698828 0.530859 0.458594 0.905469 0.00638962
0 0.464063 0.514844 0.921875 0.89375 0.00619125
1 0.50625 0.0845703 0.865625 0.128711 0.00255013
1 0.479688 0.320703 0.896875 0.520312 0.00158501
1 0.501953 0.127637 0.883594 0.164258 0.00128937
0 0.0651367 0.984375 0.130273 0.03125 0.00126934
0 0.50625 0.0845703 0.865625 0.128711 0.00109863
1 0.485938 0.520703 0.865625 0.924219 0.883789
0 0.449219 0.835156 0.853125 0.328125 0.0154877
0 0.476562 0.528125 0.90625 0.923437 0.0113297
1 0.449219 0.835156 0.853125 0.328125 0.00712204
1 0.499609 0.235938 0.810156 0.375 0.00519943
0 0.311328 0.822656 0.603906 0.35 0.00317192
1 0.482031 0.161133 0.860937 0.226953 0.00183868
0 0.242969 0.776563 0.473437 0.390625 0.00136185
1 0.261328 0.805469 0.510938 0.3625 0.00113392
0 0.483203 0.147559 0.861719 0.201758 0.00103664
1 0.472656 0.517578 0.925 0.919531 0.905762
0 0.470313 0.518359 0.932813 0.936719 0.00661469
1 0.469922 0.514063 0.916406 0.934375 0.920898
0 0.473437 0.510547 0.926562 0.953906 0.00111198
1 0.479297 0.519531 0.900781 0.928125 0.927734
1 0.847656 0.523828 0.192188 0.889844 0.00671768
1 0.811719 0.535156 0.248437 0.851562 0.0016489
1 0.701563 0.519922 0.446875 0.907031 0.00135136
1 0.678906 0.296289 0.460938 0.497266 0.00129414
1 0.717969 0.380566 0.403125 0.65293 0.0012064
1 0.478906 0.0839844 0.892187 0.133203 0.00115108
1 0.473437 0.287891 0.884375 0.483594 0.00106049
1 0.473437 0.524219 0.90625 0.923437 0.893555
1 0.838867 0.499219 0.206641 0.854688 0.00542831
0 0.0888672 0.108496 0.177734 0.216992 0.0011425
1 0.475 0.516406 0.896875 0.939062 0.922852
1 0.839844 0.507812 0.2 0.8875 0.00102043
1 0.469922 0.507031 0.907031 0.951563 0.931641
1 0.475 0.516406 0.896875 0.939062 0.922852
1 0.839844 0.507812 0.2 0.8875 0.00102425
