1 0.463281 0.500781 0.789062 0.857813 0.944336
1 0.323828 0.494922 0.492188 0.825781 0.0214081
0 0.457812 0.502344 0.76875 0.854688 0.0107346
1 0.927344 0.514453 0.145313 0.886719 0.00498199
0 0.830859 0.865039 0.338281 0.269922 0.0045929
1 0.830859 0.865039 0.338281 0.269922 0.00296974
0 0.927344 0.514453 0.145313 0.886719 0.00291252
0 0.890625 0.869531 0.21875 0.260938 0.00283432
0 0.0730469 0.832617 0.138672 0.334766 0.00281143
1 0.0730469 0.832617 0.138672 0.334766 0.00269318
1 0.808984 0.785937 0.382031 0.428125 0.00260162
0 0.808984 0.785937 0.382031 0.428125 0.00185299
1 0.599609 0.458594 0.527344 0.704687 0.00181007
1 0.0806641 0.980078 0.161328 0.0398437 0.00173378
1 0.159595 0.514453 0.192529 0.824219 0.0016489
1 0.394531 0.719141 0.603125 0.441406 0.00157928
0 0.0936523 0.124805 0.173242 0.249609 0.00153065
0 0.0936523 0.996094 0.187305 0.0078125 0.00148964
0 0.459766 0.996094 0.217187 0.0078125 0.00143242
1 0.721875 0.991406 0.398438 0.0171875 0.00143242
0 0.920313 0.996094 0.159375 0.0078125 0.00139427
0 0.0806641 0.980078 0.161328 0.0398437 0.00138855
1 0.0739746 0.866797 0.147949 0.266406 0.00136662
1 0.786133 0.992578 0.399609 0.0148437 0.00132465
0 0.409375 0.996484 0.215625 0.00703125 0.00130939
0 0.512891 0.996484 0.222656 0.00703125 0.00128937
1 0.781445 0.499609 0.215234 0.860156 0.00124931
1 0.890625 0.869531 0.21875 0.260938 0.00124454
0 0.359375 0.996875 0.220313 0.00625 0.00123978
1 0.941016 0.491016 0.117969 0.833594 0.00122547
1 0.118359 0.146484 0.225781 0.292969 0.0012207
1 0.0936523 0.124805 0.173242 0.249609 0.00121593
0 0.118359 0.146484 0.225781 0.292969 0.00115585
0 0.373828 0.951563 0.208594 0.096875 0.0011425
0 0.941016 0.491016 0.117969 0.833594 0.00112438
0 0.786133 0.992578 0.399609 0.0148437 0.00109863
0 0.0739746 0.866797 0.147949 0.266406 0.00109863
0 0.89375 0.996094 0.2125 0.0078125 0.00109863
0 0.347266 0.941406 0.210156 0.117188 0.00108624
1 0.774219 0.828711 0.432813 0.342578 0.00108147
0 0.0780762 0.140625 0.156152 0.28125 0.00107765
1 0.0792969 0.503516 0.148242 0.838281 0.00106049
1 0.570703 0.588281 0.583594 0.676562 0.00105667
0 0.970703 0.971484 0.0585938 0.0570313 0.00105667
0 0.399219 0.960156 0.208594 0.0796875 0.00105286
1 0.284766 0.991406 0.549219 0.0171875 0.00104427
0 0.0896484 0.991016 0.179297 0.0179687 0.00104427
1 0.360547 0.765625 0.522656 0.35625 0.00101185
0 0.129004 0.996094 0.212305 0.0078125 0.00100803
1 0.466309 0.494531 0.75957 0.851562 0.831055
0 0.46709 0.494531 0.764258 0.839063 0.0961914
0 0.419629 0.791406 0.656055 0.267188 0.00134563
0 0.922656 0.209375 0.154687 0.41875 0.00128937
1 0.619141 0.489844 0.485156 0.829687 0.00106049
1 0.466406 0.507031 0.782812 0.845312 0.878906
0 0.467578 0.501953 0.792969 0.842969 0.00636292
1 0.488281 0.149023 0.8625 0.152734 0.00408554
1 0.646875 0.503125 0.446875 0.834375 0.0028553
1 0.470703 0.185156 0.841406 0.200391 0.00243378
1 0.476562 0.018457 0.81875 0.0369141 0.00192642
0 0.495313 0.979688 0.85 0.040625 0.00189686
0 0.91875 0.114453 0.1625 0.222656 0.00163555
0 0.519531 0.0178711 0.8375 0.0357422 0.00126934
1 0.464063 0.501562 0.771875 0.853125 0.844238
0 0.464453 0.504297 0.777344 0.857031 0.00584412
1 0.466016 0.295898 0.775781 0.423828 0.00405502
0 0.415527 0.820117 0.623633 0.225391 0.00305176
0 0.444922 0.785156 0.682031 0.295312 0.00258064
0 0.351172 0.746875 0.50625 0.365625 0.00198746
0 0.458691 0.725 0.72168 0.415625 0.00185299
1 0.46875 0.198437 0.796875 0.222656 0.00134563
0 0.463965 0.306445 0.775195 0.443359 0.00113392
1 0.470996 0.5 0.792383 0.857813 0.90625
0 0.482129 0.494531 0.773242 0.871875 0.00314713
1 0.478906 0.502734 0.807813 0.860156 0.899414
0 0.468652 0.502344 0.79082 0.864062 0.0138474
1 0.477344 0.498437 0.782812 0.853125 0.923828
1 0.647266 0.497656 0.424219 0.848437 0.00263214
1 0.474609 0.503125 0.763281 0.85625 0.89502
1 0.475781 0.507031 0.776563 0.857813 0.916992
0 0.925781 0.115918 0.148438 0.22832 0.00123978
1 0.475391 0.498437 0.783594 0.853125 0.91748
0 0.469434 0.496875 0.775195 0.851562 0.00120163
1 0.475781 0.507031 0.776563 0.857813 0.916992
0 0.925781 0.115918 0.148438 0.22832 0.00122547
