0 0.488281 0.564062 0.840625 0.81875 0.67041
1 0.485938 0.551562 0.825 0.834375 0.356689
0 0.280273 0.559766 0.426953 0.808594 0.011467
0 0.576172 0.551562 0.647656 0.732813 0.00468063
0 0.0515625 0.882617 0.100391 0.222266 0.00457382
0 0.0818848 0.996094 0.16377 0.0078125 0.00314713
1 0.0506836 0.842383 0.096875 0.308984 0.00302696
0 0.0520508 0.797266 0.104102 0.405469 0.0028553
0 0.913281 0.996484 0.173438 0.00703125 0.00251198
0 0.344531 0.764844 0.5375 0.44375 0.00222588
0 0.847852 0.991406 0.304297 0.0171875 0.00208282
0 0.913281 0.942578 0.173438 0.114844 0.00204277
1 0.0520508 0.797266 0.104102 0.405469 0.00191212
0 0.0586426 0.925 0.117285 0.15 0.00188255
0 0.636719 0.709766 0.515625 0.502344 0.00183868
0 0.0338379 0.750781 0.0676758 0.403125 0.00170708
0 0.0104492 0.565234 0.0208984 0.769531 0.00164223
0 0.0478516 0.821094 0.0884766 0.357812 0.00162315
0 0.713672 0.701172 0.366406 0.500781 0.00150108
0 0.217187 0.532812 0.311328 0.703125 0.00149536
0 0.947656 0.525391 0.104687 0.814844 0.00149536
0 0.0230469 0.678516 0.0460938 0.488281 0.00146675
0 0.836719 0.525781 0.151562 0.857813 0.00143814
0 0.87793 0.857031 0.244141 0.285937 0.00143814
0 0.68125 0.635547 0.44375 0.638281 0.00143242
1 0.0595703 0.976562 0.119141 0.046875 0.00135136
1 0.924219 0.996484 0.151562 0.00703125 0.00133038
0 0.9 0.9875 0.2 0.025 0.00133038
0 0.546191 0.73125 0.685742 0.478125 0.00133038
1 0.871484 0.989844 0.257031 0.0203125 0.00127411
0 0.770312 0.551562 0.273438 0.804688 0.00125504
1 0.0947266 0.996094 0.189453 0.0078125 0.00121593
0 0.0595703 0.976562 0.119141 0.046875 0.00121593
1 0.280273 0.559766 0.426953 0.808594 0.00119686
0 0.808008 0.580078 0.199609 0.746094 0.00109863
0 0.152515 0.56875 0.179346 0.790625 0.00109005
0 0.908594 0.896094 0.182812 0.207813 0.00104046
0 0.879687 0.996875 0.209375 0.00625 0.00102043
0 0.472656 0.570703 0.810938 0.780469 0.937012
0 0.204492 0.542969 0.303906 0.876562 0.0375977
0 0.652344 0.557031 0.484375 0.757812 0.0369873
0 0.751172 0.563379 0.294531 0.71543 0.0223236
0 0.166602 0.528125 0.333203 0.890625 0.0220337
0 0.347656 0.634766 0.55625 0.666406 0.0100937
0 0.270898 0.564941 0.411328 0.69043 0.00372124
0 0.714453 0.628125 0.355469 0.604688 0.00319672
0 0.117676 0.539062 0.235352 0.876562 0.00311089
0 0.941406 0.22793 0.117188 0.455859 0.00309944
0 0.464453 0.677344 0.767969 0.590625 0.00304031
0 0.756641 0.672656 0.285156 0.492188 0.00258064
0 0.662109 0.684766 0.461719 0.517969 0.00201035
0 0.367969 0.347852 0.596875 0.305859 0.00188255
0 0.587891 0.622266 0.599219 0.636719 0.00185299
0 0.388281 0.74375 0.570312 0.467187 0.0017004
0 0.342187 0.493359 0.550781 0.571094 0.00156116
0 0.698828 0.747656 0.382031 0.378125 0.00153065
0 0.469141 0.820117 0.591406 0.309766 0.00153065
0 0.742188 0.449219 0.3 0.511719 0.00144958
0 0.528809 0.242188 0.376758 0.484375 0.0014267
0 0.957812 0.554297 0.084375 0.713281 0.00142097
1 0.472656 0.570703 0.810938 0.780469 0.00136662
0 0.911719 0.541406 0.176563 0.8 0.00133514
0 0.510547 0.213281 0.283594 0.426562 0.00123024
0 0.948828 0.222656 0.102344 0.445312 0.00118828
0 0.254346 0.416406 0.378809 0.392969 0.00105667
0 0.914844 0.248437 0.170312 0.496875 0.00105667
0 0.284375 0.357812 0.434375 0.295312 0.00101662
0 0.485547 0.575391 0.836719 0.799219 0.888184
1 0.480859 0.57666 0.835156 0.799805 0.0168457
0 0.944531 0.100098 0.110937 0.191211 0.0149536
0 0.674219 0.569629 0.445312 0.791992 0.00634003
1 0.944531 0.100098 0.110937 0.191211 0.00214958
0 0.479297 0.452344 0.828906 0.54375 0.0018177
0 0.716406 0.727344 0.364062 0.44375 0.00107765
0 0.948047 0.129883 0.103906 0.259766 0.00107288
0 0.483203 0.579004 0.825781 0.78418 0.902832
0 0.482031 0.406641 0.828125 0.446094 0.218628
0 0.484766 0.317578 0.828906 0.276563 0.0157776
1 0.483203 0.579004 0.825781 0.78418 0.012291
0 0.365625 0.764063 0.570312 0.4375 0.00751877
0 0.3375 0.580078 0.528125 0.708594 0.00548935
0 0.476562 0.78457 0.7875 0.393359 0.0053215
0 0.336133 0.832812 0.449609 0.307813 0.00518036
0 0.339844 0.425098 0.535937 0.449805 0.00432968
0 0.362109 0.871094 0.366406 0.228125 0.00429916
0 0.345898 0.348437 0.553516 0.326562 0.00312424
0 0.403516 0.818945 0.615625 0.327734 0.00293541
0 0.373828 0.212109 0.264844 0.0710938 0.00268364
0 0.642187 0.738281 0.489062 0.428125 0.00153637
0 0.425391 0.715625 0.696094 0.51875 0.00142097
0 0.293359 0.785937 0.405469 0.396875 0.00120163
0 0.783008 0.730078 0.233984 0.399219 0.00117397
0 0.696094 0.79375 0.364062 0.320312 0.00113773
0 0.490234 0.570312 0.841406 0.7875 0.893066
1 0.491406 0.563184 0.840625 0.770508 0.00653839
0 0.630469 0.561621 0.546875 0.761133 0.00210762
0 0.764063 0.5625 0.273438 0.75625 0.00130939
0 0.494531 0.5375 0.845312 0.878125 0.938965
0 0.322266 0.547656 0.517969 0.754687 0.0026722
0 0.290234 0.409277 0.453906 0.454883 0.00149536
1 0.495313 0.548437 0.84375 0.865625 0.00135612
0 0.517871 0.396191 0.75957 0.463867 0.00113392
0 0.484375 0.774219 0.814062 0.432813 0.00104809
0 0.645312 0.394043 0.501562 0.452539 0.00101185
0 0.489062 0.573438 0.825 0.80625 0.913574
0 0.697266 0.527734 0.408594 0.692969 0.00226974
0 0.736328 0.447656 0.330469 0.521875 0.00171375
0 0.734375 0.608691 0.339063 0.641992 0.00156689
0 0.478125 0.575391 0.821875 0.803906 0.869629
0 0.272656 0.567187 0.40625 0.790625 0.00270462
0 0.491406 0.574609 0.807813 0.797656 0.910645
0 0.942187 0.110449 0.115625 0.215039 0.00214958
0 0.8375 0.914844 0.320312 0.170312 0.00135136
0 0.695703 0.753906 0.405469 0.403125 0.00120163
1 0.49375 0.573828 0.803125 0.802344 0.00115108
0 0.489844 0.578223 0.832812 0.79668 0.936523
0 0.739062 0.495703 0.314063 0.614844 0.00144958
0 0.70625 0.552246 0.382812 0.736133 0.00121593
0 0.485156 0.383594 0.814062 0.414062 0.00105286
0 0.702344 0.397656 0.38125 0.426562 0.00102425
0 0.491406 0.575 0.807813 0.798437 0.910645
0 0.942187 0.110449 0.115625 0.215039 0.00214005
0 0.8375 0.914844 0.320312 0.170312 0.00135612
0 0.695703 0.753906 0.405469 0.403125 0.00119686
1 0.49375 0.574219 0.803125 0.801562 0.00115108
