0 0.430469 0.512891 0.715625 0.817969 0.652344
1 0.430566 0.519922 0.720117 0.805469 0.361084
0 0.396484 0.403906 0.653906 0.748438 0.00370789
0 0.519531 0.565625 0.571875 0.678125 0.00332451
0 0.886328 0.501953 0.227344 0.789844 0.00312424
0 0.431348 0.671094 0.70293 0.465625 0.00240517
0 0.7375 0.490625 0.525 0.814062 0.00221634
0 0.596875 0.517969 0.423438 0.773438 0.00158501
0 0.920313 0.995703 0.159375 0.00859375 0.00151253
1 0.886328 0.501953 0.227344 0.789844 0.00145531
0 0.0955078 0.13457 0.182422 0.269141 0.00141621
0 0.00964355 0.510547 0.0192871 0.572656 0.00134563
0 0.251172 0.511328 0.386719 0.789844 0.00129414
1 0.42041 0.674219 0.712305 0.460938 0.00129414
0 0.280859 0.692578 0.452344 0.427344 0.00129414
0 0.366797 0.281055 0.589844 0.530078 0.0012846
0 0.090625 0.110645 0.18125 0.221289 0.00122547
0 0.0837402 0.996094 0.16748 0.0078125 0.00118828
1 0.920313 0.995703 0.159375 0.00859375 0.0011692
0 0.0958984 0.982031 0.191797 0.0359375 0.0011692
0 0.505469 0.989844 0.867188 0.0203125 0.00112915
1 0.0958984 0.982031 0.191797 0.0359375 0.00109482
0 0.128223 0.159473 0.254492 0.318945 0.00107765
1 0.505469 0.989844 0.867188 0.0203125 0.00104809
0 0.111133 0.996094 0.216016 0.0078125 0.00103188
0 0.430469 0.510254 0.701563 0.751367 0.924316
1 0.430469 0.510254 0.701563 0.751367 0.0113754
0 0.634375 0.500098 0.314063 0.71543 0.00488663
0 0.220117 0.514063 0.344141 0.821875 0.00268364
0 0.907812 0.212891 0.184375 0.425781 0.00188255
0 0.426465 0.742188 0.683008 0.303125 0.00149536
0 0.887891 0.238281 0.224219 0.476562 0.0012846
0 0.841016 0.231641 0.317969 0.463281 0.0012207
0 0.908984 0.534766 0.182031 0.783594 0.00118351
0 0.876562 0.520703 0.246875 0.833594 0.00109005
0 0.3125 0.544141 0.514063 0.686719 0.00108147
0 0.738672 0.162891 0.339844 0.325781 0.00100803
0 0.433691 0.534277 0.716992 0.731445 0.923828
1 0.422559 0.532422 0.717383 0.744531 0.0134811
0 0.598437 0.524609 0.403125 0.728906 0.00544739
0 0.430469 0.511328 0.714063 0.752344 0.884277
0 0.432031 0.327734 0.710938 0.378906 0.0626831
1 0.430371 0.505566 0.720508 0.741992 0.0102081
0 0.325 0.710547 0.501562 0.380469 0.00342941
0 0.426172 0.696875 0.702344 0.409375 0.00341606
0 0.300391 0.77793 0.388281 0.250391 0.00323486
0 0.341406 0.797656 0.482812 0.214062 0.00236893
0 0.413379 0.773047 0.635742 0.263281 0.00219154
0 0.436035 0.269873 0.724805 0.26416 0.00176144
0 0.435254 0.512109 0.729492 0.733594 0.923828
1 0.439941 0.506348 0.729492 0.74043 0.00486755
0 0.442578 0.521875 0.752344 0.76875 0.921875
1 0.43584 0.523047 0.745508 0.769531 0.00486755
0 0.346875 0.709766 0.564062 0.386719 0.00176811
0 0.770117 0.166797 0.459766 0.328125 0.00169373
0 0.878125 0.514063 0.24375 0.80625 0.00142097
0 0.434277 0.506348 0.726758 0.751367 0.92041
1 0.439746 0.514063 0.72832 0.746875 0.0069046
0 0.435937 0.516016 0.7375 0.757031 0.897949
1 0.435937 0.516016 0.7375 0.757031 0.00263214
0 0.871289 0.896094 0.257422 0.207813 0.00225258
0 0.901563 0.133594 0.196875 0.267188 0.00209045
0 0.441309 0.74375 0.689258 0.325 0.00140476
0 0.437598 0.515234 0.724805 0.747656 0.901367
1 0.436621 0.518652 0.723633 0.74707 0.00317192
0 0.90625 0.132422 0.185937 0.264844 0.0014782
0 0.439063 0.515234 0.728125 0.736719 0.933594
0 0.894531 0.51875 0.201562 0.8375 0.00154305
0 0.437598 0.515527 0.724805 0.748633 0.901367
1 0.436621 0.518652 0.723633 0.74707 0.00318527
0 0.90625 0.132422 0.185937 0.264844 0.0014782
