0 0.502734 0.525 0.814844 0.857813 0.557129
1 0.502734 0.525 0.814844 0.857813 0.499023
0 0.608594 0.548047 0.6 0.821094 0.00372124
0 0.327148 0.995703 0.209766 0.00859375 0.00352478
0 0.0537598 0.084375 0.103809 0.166211 0.00271416
0 0.453516 0.995703 0.210938 0.00859375 0.00257111
1 0.608594 0.548047 0.6 0.821094 0.00257111
0 0.504687 0.995703 0.217187 0.00859375 0.00217438
1 0.327148 0.995703 0.209766 0.00859375 0.00201988
0 0.288867 0.50625 0.394141 0.85 0.00201035
0 0.279883 0.995703 0.220703 0.00859375 0.00200272
0 0.378516 0.995313 0.225 0.009375 0.00198746
0 0.0563965 0.141406 0.106348 0.282813 0.00189686
0 0.510156 0.722656 0.760938 0.479688 0.0018034
0 0.0579102 0.0678711 0.11582 0.135742 0.00171375
0 0.6625 0.64375 0.495313 0.60625 0.00162888
0 0.260742 0.216797 0.314453 0.392969 0.00154305
0 0.824219 0.533594 0.2 0.860937 0.00149536
0 0.697656 0.542969 0.434375 0.8 0.00148964
1 0.0506348 0.175195 0.10127 0.334766 0.00146103
0 0.564453 0.995703 0.234375 0.00859375 0.00139904
0 0.747656 0.564844 0.335938 0.726562 0.00138855
1 0.279883 0.995703 0.220703 0.00859375 0.00131512
0 0.231201 0.996094 0.223535 0.0078125 0.00129986
0 0.125 0.976953 0.25 0.0460938 0.00128937
0 0.403906 0.732813 0.632812 0.453125 0.00125504
0 0.928125 0.996094 0.14375 0.0078125 0.00123978
0 0.0880859 0.996484 0.176172 0.00703125 0.00122547
0 0.317969 0.963672 0.200781 0.0726563 0.00122547
1 0.0537598 0.084375 0.103809 0.166211 0.0012207
1 0.308203 0.234375 0.419531 0.435937 0.00117397
0 0.293359 0.937109 0.20625 0.125781 0.00115108
1 0.378516 0.995313 0.225 0.009375 0.00113773
0 0.0506348 0.175195 0.10127 0.334766 0.00113392
0 0.592188 0.341406 0.639063 0.490625 0.00112438
1 0.125 0.976953 0.25 0.0460938 0.00112438
0 0.952344 0.535937 0.0953125 0.790625 0.00111198
0 0.622656 0.996094 0.24375 0.0078125 0.00107288
0 0.182812 0.996094 0.221094 0.0078125 0.00107288
0 0.0555176 0.123242 0.111035 0.246484 0.00107288
1 0.928125 0.996094 0.14375 0.0078125 0.00104427
0 0.317187 0.221484 0.454688 0.417969 0.00104046
0 0.520703 0.392969 0.777344 0.592188 0.00101662
0 0.526953 0.532812 0.738281 0.815625 0.92627
0 0.677344 0.526563 0.46875 0.80625 0.0102463
0 0.758203 0.508203 0.311719 0.764844 0.00605011
0 0.433594 0.64375 0.69375 0.6125 0.00338936
0 0.36543 0.535156 0.567578 0.795313 0.00337601
0 0.471875 0.773047 0.775 0.347656 0.00288963
1 0.526953 0.532812 0.738281 0.815625 0.00196457
0 0.259766 0.640625 0.353906 0.546875 0.00188255
0 0.275586 0.537891 0.396484 0.777344 0.00144958
0 0.320898 0.260938 0.439453 0.453125 0.00136662
0 0.261914 0.207471 0.319922 0.342871 0.00136185
0 0.477734 0.822656 0.755469 0.246875 0.00127411
0 0.679688 0.635547 0.445312 0.588281 0.00109005
0 0.430078 0.234375 0.649219 0.400781 0.00100803
0 0.501953 0.526563 0.839844 0.85 0.890137
1 0.503125 0.530469 0.828125 0.851562 0.0216217
0 0.304492 0.286328 0.387109 0.516406 0.00390053
0 0.0608398 0.122656 0.114844 0.245312 0.00191879
0 0.69375 0.533984 0.4375 0.825781 0.0015974
0 0.437109 0.971875 0.739844 0.05625 0.00146675
0 0.956641 0.873438 0.0867188 0.253125 0.00119686
0 0.260889 0.252344 0.296973 0.44375 0.00114727
0 0.063916 0.984375 0.127832 0.03125 0.0011158
0 0.491016 0.535156 0.830469 0.814062 0.873535
0 0.490234 0.368555 0.828906 0.478516 0.0183411
0 0.424219 0.711719 0.686719 0.484375 0.0129242
0 0.488379 0.85293 0.798242 0.209766 0.00775528
1 0.496484 0.537891 0.810156 0.824219 0.00682449
0 0.463281 0.870313 0.646875 0.170312 0.00658798
0 0.486719 0.774219 0.817187 0.354688 0.00564194
0 0.4125 0.828906 0.582031 0.251563 0.00370789
0 0.396875 0.578125 0.640625 0.703125 0.00212479
0 0.373828 0.875 0.497656 0.151562 0.00157928
0 0.29668 0.732031 0.411328 0.435937 0.00156689
0 0.497656 0.533203 0.851562 0.814844 0.87207
1 0.496094 0.535547 0.835938 0.821094 0.00812531
0 0.65625 0.541797 0.529688 0.789844 0.00251198
0 0.504687 0.545313 0.842188 0.857813 0.921875
1 0.513281 0.540625 0.835938 0.840625 0.00196457
0 0.365625 0.571973 0.546094 0.78418 0.00105667
0 0.513672 0.539844 0.816406 0.832812 0.89502
0 0.515625 0.535547 0.801562 0.828906 0.880859
0 0.324805 0.60166 0.450391 0.70918 0.00168133
1 0.514453 0.544531 0.792969 0.820312 0.00146103
0 0.507715 0.540625 0.795508 0.840625 0.916016
1 0.50791 0.539062 0.781055 0.846875 0.00139904
0 0.647656 0.788281 0.529688 0.326562 0.00106049
0 0.509766 0.542969 0.819531 0.829687 0.931641
0 0.121484 0.499609 0.23125 0.947656 0.00119686
0 0.507812 0.540625 0.795313 0.840625 0.916504
1 0.50791 0.539062 0.781055 0.846875 0.00138855
0 0.647656 0.788281 0.529688 0.326562 0.00105667
