1 0.488672 0.485547 0.853906 0.894531 0.94873
1 0.267773 0.484766 0.435547 0.860156 0.00981903
0 0.482422 0.486719 0.833594 0.879687 0.00754929
0 0.8375 0.801953 0.325 0.396094 0.00600433
0 0.101367 0.14082 0.190234 0.281641 0.00551224
1 0.8375 0.801953 0.325 0.396094 0.00548935
1 0.101367 0.14082 0.190234 0.281641 0.00351143
0 0.404687 0.996094 0.2125 0.0078125 0.00204277
0 0.454785 0.996094 0.213867 0.0078125 0.00201988
1 0.264258 0.991406 0.528516 0.0171875 0.00198746
0 0.532812 0.996094 0.217187 0.0078125 0.00195694
0 0.322852 0.996484 0.228516 0.00703125 0.00189686
0 0.850781 0.858594 0.298438 0.282813 0.0017271
0 0.957812 0.444922 0.084375 0.666406 0.0017004
1 0.628906 0.500781 0.595312 0.820312 0.00168133
1 0.957812 0.444922 0.084375 0.666406 0.00165462
0 0.272705 0.995703 0.215527 0.00859375 0.0016489
0 0.919531 0.995703 0.160938 0.00859375 0.00162888
0 0.264258 0.991406 0.528516 0.0171875 0.00150108
1 0.0800293 0.172461 0.160059 0.333203 0.00144386
1 0.449609 0.713281 0.725781 0.45625 0.00143242
0 0.346289 0.960156 0.207422 0.0796875 0.00143242
0 0.317578 0.953906 0.216406 0.0921875 0.00136662
1 0.114453 0.176367 0.221094 0.335547 0.00133514
1 0.129492 0.982422 0.258984 0.0351562 0.00132465
0 0.764063 0.991406 0.35 0.0171875 0.00131512
0 0.0817383 0.996484 0.163477 0.00703125 0.00131512
0 0.371484 0.966406 0.207031 0.0671875 0.00118828
0 0.0800293 0.172461 0.160059 0.333203 0.00118828
0 0.587109 0.996484 0.223438 0.00703125 0.00117874
1 0.919531 0.995703 0.160938 0.00859375 0.00117397
0 0.204297 0.995703 0.225781 0.00859375 0.0011692
1 0.323242 0.721484 0.497266 0.441406 0.00115108
0 0.890625 0.995703 0.21875 0.00859375 0.00114727
0 0.129492 0.982422 0.258984 0.0351562 0.0011425
0 0.960156 0.347656 0.0796875 0.505469 0.00113392
1 0.272705 0.995703 0.215527 0.00859375 0.00113392
0 0.82793 0.992188 0.344141 0.015625 0.00112915
0 0.114453 0.176367 0.221094 0.335547 0.00112438
1 0.764063 0.991406 0.35 0.0171875 0.0011158
0 0.8875 0.768359 0.225 0.446094 0.00110722
1 0.502734 0.986719 0.822656 0.0265625 0.00108147
0 0.157813 0.995703 0.221094 0.00859375 0.00105667
0 0.970312 0.966797 0.059375 0.0664062 0.00104809
1 0.322852 0.996484 0.228516 0.00703125 0.00104809
0 0.444531 0.96875 0.209375 0.0625 0.00103188
1 0.960156 0.347656 0.0796875 0.505469 0.00102425
1 0.8875 0.768359 0.225 0.446094 0.00102043
1 0.488281 0.483203 0.853125 0.885156 0.873047
0 0.488281 0.483203 0.853125 0.885156 0.0235596
1 0.611035 0.472656 0.618555 0.851562 0.00213242
1 0.492578 0.488281 0.878906 0.909375 0.898926
0 0.494531 0.487109 0.865625 0.907031 0.0129242
1 0.502734 0.0777344 0.888281 0.122266 0.00390053
1 0.707031 0.48125 0.432813 0.890625 0.00304031
0 0.494922 0.980078 0.880469 0.0398437 0.0017004
1 0.494922 0.980078 0.880469 0.0398437 0.00161648
1 0.507031 0.023291 0.876562 0.046582 0.00125504
0 0.347852 0.98125 0.587109 0.0375 0.00115108
1 0.494922 0.135156 0.892969 0.225781 0.00111198
0 0.0641602 0.984375 0.12832 0.03125 0.00108147
1 0.494531 0.486328 0.857813 0.908594 0.851074
0 0.494531 0.486328 0.857813 0.908594 0.00857544
1 0.501562 0.260547 0.829687 0.464844 0.00488663
1 0.437598 0.801562 0.73418 0.29375 0.00103188
1 0.500781 0.476562 0.865625 0.9 0.868164
0 0.495313 0.480469 0.8625 0.9 0.0567627
1 0.492578 0.475781 0.871094 0.907812 0.909668
0 0.49375 0.485938 0.867188 0.921875 0.00974274
1 0.500781 0.480859 0.842188 0.907031 0.933594
1 0.503906 0.287695 0.804688 0.529297 0.00126934
1 0.840625 0.490625 0.185937 0.898438 0.00122547
1 0.738281 0.479688 0.371875 0.896875 0.00104809
1 0.495313 0.485156 0.839063 0.9125 0.888672
0 0.495313 0.485156 0.839063 0.9125 0.00279045
1 0.846094 0.487891 0.165625 0.914844 0.0014782
1 0.5 0.48125 0.840625 0.9125 0.911621
1 0.49375 0.479688 0.853125 0.904688 0.919434
0 0.494141 0.476562 0.852344 0.903125 0.0014782
1 0.5 0.48125 0.840625 0.9125 0.911621
