0 0.519922 0.548047 0.911719 0.738281 0.464844
1 0.517578 0.554004 0.917969 0.72793 0.445557
0 0.113477 0.608203 0.224609 0.308594 0.325928
1 0.113477 0.608203 0.224609 0.308594 0.0537109
0 0.37168 0.526953 0.619141 0.742969 0.00891876
0 0.118945 0.464844 0.235547 0.598437 0.00751877
1 0.37168 0.526953 0.619141 0.742969 0.00706482
1 0.118945 0.464844 0.235547 0.598437 0.00703812
0 0.678125 0.560059 0.596875 0.676758 0.00390053
1 0.678125 0.560059 0.596875 0.676758 0.00342941
1 0.148438 0.413672 0.296094 0.699219 0.00279999
0 0.157617 0.409766 0.313672 0.713281 0.00276756
0 0.12207 0.549219 0.244141 0.429688 0.00201035
1 0.378516 0.533496 0.369531 0.711133 0.00200272
1 0.540625 0.989844 0.845312 0.0203125 0.00176811
0 0.378516 0.533496 0.369531 0.711133 0.00167465
1 0.404297 0.6875 0.442187 0.425 0.00160408
1 0.475391 0.544922 0.557813 0.677344 0.00157356
0 0.576563 0.989844 0.784375 0.0203125 0.00153637
0 0.897656 0.551172 0.1875 0.686719 0.00152493
0 0.390527 0.689844 0.373633 0.417188 0.0015192
0 0.880273 0.519531 0.239453 0.692187 0.00143242
0 0.788867 0.525879 0.387891 0.637305 0.00131512
1 0.0911133 0.617188 0.182227 0.325 0.00121117
0 0.405859 0.995703 0.228906 0.00859375 0.00118351
1 0.507812 0.835938 0.91875 0.328125 0.0011692
0 0.846094 0.551953 0.271875 0.699219 0.00116062
0 0.461621 0.995703 0.24082 0.00859375 0.00112915
0 0.352734 0.995703 0.219531 0.00859375 0.00112438
0 0.669531 0.673437 0.589063 0.45 0.00112438
0 0.00264893 0.0820312 0.00529785 0.164062 0.00110722
0 0.141016 0.980078 0.282031 0.0398437 0.00109863
0 0.969922 0.983594 0.0601562 0.0328125 0.00109863
0 0.304297 0.995703 0.222656 0.00859375 0.00108624
1 0.549219 0.682813 0.75625 0.435937 0.00108147
0 0.511719 0.995703 0.232812 0.00859375 0.00108147
1 0.53125 0.89375 0.876562 0.2125 0.00107288
0 0.158008 0.251563 0.314063 0.467969 0.00107288
0 0.862109 0.848633 0.275781 0.302734 0.00106525
0 0.323438 0.990625 0.54375 0.01875 0.00106525
1 0.323438 0.990625 0.54375 0.01875 0.00106049
0 0.928125 0.996094 0.14375 0.0078125 0.00102043
0 0.447559 0.990625 0.754883 0.01875 0.00101662
0 0.255664 0.995703 0.224609 0.00859375 0.00101662
0 0.600098 0.546191 0.71543 0.682617 0.90625
1 0.587891 0.546875 0.755469 0.685938 0.0450134
0 0.454297 0.549609 0.524219 0.685156 0.00353813
0 0.570703 0.310937 0.647656 0.226562 0.00211525
0 0.814062 0.544922 0.31875 0.638281 0.00147247
0 0.132129 0.474219 0.264258 0.801562 0.00144386
0 0.539844 0.341211 0.554688 0.283203 0.00138283
0 0.111523 0.603125 0.223047 0.303125 0.00117874
0 0.584473 0.548047 0.787305 0.686719 0.724121
1 0.577344 0.550391 0.8 0.689844 0.0549011
0 0.768359 0.556641 0.407031 0.696094 0.00429916
0 0.12002 0.473047 0.201367 0.817969 0.00161076
0 0.519922 0.973437 0.903906 0.053125 0.00144958
0 0.539844 0.328125 0.698438 0.24375 0.00109863
0 0.60625 0.551953 0.69375 0.686719 0.842773
0 0.601562 0.412891 0.685938 0.416406 0.0450134
0 0.573438 0.322461 0.640625 0.239453 0.0204926
1 0.592578 0.550098 0.733594 0.682617 0.0146713
0 0.582812 0.697656 0.721875 0.407813 0.00341606
0 0.568066 0.769531 0.70293 0.26875 0.00296974
0 0.486816 0.743359 0.523242 0.313281 0.00119209
0 0.603516 0.549609 0.764844 0.677344 0.896484
0 0.116113 0.6 0.226758 0.319531 0.0520325
1 0.603516 0.549609 0.764844 0.677344 0.00274658
1 0.118359 0.604688 0.229687 0.315625 0.00194168
0 0.428223 0.552246 0.423242 0.67207 0.00116062
0 0.601953 0.55166 0.755469 0.69668 0.89502
1 0.599316 0.550684 0.773242 0.711133 0.0210419
0 0.605859 0.544531 0.742969 0.7 0.88916
1 0.603809 0.542969 0.736133 0.692187 0.00403976
0 0.111816 0.640234 0.209961 0.407031 0.00321007
0 0.137134 0.645312 0.190967 0.4625 0.00226974
0 0.606641 0.551953 0.742969 0.703906 0.878906
1 0.606641 0.551953 0.742969 0.703906 0.00510025
0 0.108594 0.489453 0.209375 0.711719 0.00116539
0 0.601172 0.544531 0.739844 0.701563 0.876465
1 0.601172 0.547656 0.739844 0.695312 0.021698
0 0.89375 0.075293 0.209375 0.144727 0.00141048
0 0.604688 0.546777 0.742188 0.700195 0.933105
1 0.604688 0.546777 0.742188 0.700195 0.00319672
0 0.600781 0.544531 0.739062 0.701563 0.876465
1 0.601172 0.547656 0.739844 0.695312 0.0217438
0 0.894531 0.0753662 0.209375 0.14458 0.00141048
