1 0.488672 0.523438 0.750781 0.9 0.9375
1 0.0626953 0.352734 0.115625 0.54375 0.0126266
1 0.469629 0.7625 0.685742 0.445312 0.0107346
1 0.0734863 0.275977 0.137988 0.458984 0.00651169
1 0.403809 0.539453 0.543945 0.921094 0.00484848
1 0.0795898 0.207617 0.151953 0.398047 0.00434875
0 0.0626953 0.352734 0.115625 0.54375 0.00288963
0 0.0824219 0.191406 0.157617 0.366406 0.00288963
1 0.305469 0.528125 0.360938 0.884375 0.00266266
1 0.0583984 0.495215 0.106641 0.789258 0.00251198
0 0.485254 0.526172 0.745117 0.899219 0.00214005
0 0.0734863 0.275977 0.137988 0.458984 0.00213242
0 0.379297 0.996094 0.267188 0.0078125 0.00208282
1 0.0580566 0.365625 0.116113 0.576563 0.00206757
1 0.518652 0.332812 0.720508 0.665625 0.00189686
1 0.902344 0.517187 0.195312 0.86875 0.00183868
1 0.565234 0.606152 0.586719 0.718945 0.00182438
1 0.21543 0.991797 0.430859 0.0164062 0.00173378
1 0.951563 0.533594 0.096875 0.851562 0.0017004
0 0.909375 0.996094 0.18125 0.0078125 0.00163555
1 0.888672 0.778906 0.222656 0.426562 0.00162888
0 0.457812 0.996094 0.240625 0.0078125 0.00153065
0 0.331641 0.996484 0.264844 0.00703125 0.0014782
1 0.366211 0.759375 0.444922 0.44375 0.00139904
1 0.13623 0.976172 0.272461 0.0476562 0.00139427
1 0.171484 0.8875 0.324219 0.225 0.00133038
1 0.244141 0.8875 0.463281 0.225 0.00132465
1 0.0522461 0.496094 0.104492 0.764063 0.00129986
0 0.511719 0.996094 0.259375 0.0078125 0.0012846
0 0.13623 0.976172 0.272461 0.0476562 0.00127411
1 0.802344 0.992969 0.34375 0.0140625 0.00121593
0 0.971094 0.982422 0.0578125 0.0351562 0.00117874
0 0.879687 0.996094 0.2 0.0078125 0.00114727
1 0.847461 0.519531 0.305078 0.892187 0.00112438
1 0.708594 0.992578 0.298438 0.0148437 0.00112057
1 0.0702148 0.302734 0.14043 0.523438 0.0011034
1 0.624219 0.577734 0.46875 0.610156 0.00108147
1 0.0907227 0.528125 0.152539 0.8875 0.00107288
1 0.91875 0.996094 0.1625 0.0078125 0.00106525
0 0.21543 0.991797 0.430859 0.0164062 0.00106049
0 0.171484 0.8875 0.324219 0.225 0.00104427
0 0.888672 0.778906 0.222656 0.426562 0.00103188
1 0.505078 0.531641 0.694531 0.892969 0.747559
1 0.322852 0.528906 0.404297 0.9 0.00867462
0 0.482812 0.530469 0.7125 0.898438 0.00671768
1 0.228906 0.51875 0.446875 0.910937 0.00158501
0 0.298242 0.524219 0.367578 0.901563 0.0011158
1 0.491797 0.539844 0.725781 0.879687 0.889648
1 0.169727 0.525 0.287891 0.89375 0.00955963
1 0.489062 0.160718 0.828125 0.175439 0.003088
1 0.482422 0.0179932 0.813281 0.0359863 0.00282288
0 0.491797 0.539844 0.725781 0.879687 0.00251198
1 0.496875 0.409473 0.710938 0.643555 0.00154305
0 0.964063 0.430859 0.071875 0.259375 0.00113392
0 0.959375 0.504687 0.08125 0.267188 0.00112438
1 0.929688 0.814258 0.1375 0.340234 0.00105667
1 0.623828 0.532812 0.471094 0.871875 0.00104427
1 0.396094 0.974219 0.660937 0.0515625 0.00102043
1 0.489062 0.527344 0.726562 0.901563 0.883301
1 0.496777 0.286328 0.701758 0.407031 0.0107803
1 0.5 0.210596 0.709375 0.252246 0.0016613
0 0.489062 0.527344 0.726562 0.901563 0.00165462
1 0.50625 0.518359 0.7375 0.910156 0.870605
0 0.507031 0.522656 0.726562 0.89375 0.00923157
1 0.939062 0.492188 0.121875 0.91875 0.00388527
1 0.964844 0.492188 0.0703125 0.90625 0.00235939
0 0.939062 0.492188 0.121875 0.91875 0.00148964
1 0.500098 0.524219 0.75293 0.898438 0.909668
0 0.501953 0.524219 0.749219 0.895312 0.00405502
1 0.502246 0.525 0.69707 0.89375 0.908691
1 0.507031 0.528125 0.698438 0.9 0.872559
1 0.857422 0.510938 0.285156 0.85625 0.00263214
1 0.938281 0.508594 0.123438 0.848437 0.00252151
1 0.311328 0.526953 0.364844 0.894531 0.00192642
1 0.224561 0.523438 0.22041 0.903125 0.00133514
1 0.475781 0.792969 0.65 0.38125 0.00130463
1 0.548047 0.818555 0.563281 0.328516 0.0012064
0 0.503906 0.530078 0.698438 0.891406 0.00120163
1 0.327539 0.786133 0.354297 0.396484 0.00112915
1 0.766602 0.5125 0.466797 0.859375 0.00112438
1 0.498047 0.53125 0.700781 0.892187 0.912598
1 0.553809 0.825781 0.592383 0.307813 0.00168133
1 0.935156 0.522266 0.128125 0.863281 0.00152493
1 0.9125 0.719531 0.16875 0.55 0.00141048
1 0.494531 0.528906 0.726562 0.895312 0.909668
1 0.498047 0.53125 0.700781 0.892187 0.912598
1 0.554004 0.825781 0.593555 0.307813 0.00166798
1 0.935156 0.522266 0.128125 0.863281 0.00152493
1 0.9125 0.719531 0.16875 0.55 0.00141048
