1 0.466797 0.499609 0.891406 0.903906 0.900879
0 0.401465 0.498047 0.748633 0.907031 0.0345459
0 0.8375 0.87793 0.325 0.244141 0.00602722
1 0.839453 0.84707 0.321094 0.305859 0.00466537
0 0.0863037 0.807813 0.164111 0.384375 0.00261116
0 0.427734 0.996484 0.204688 0.00703125 0.00255013
0 0.832812 0.805664 0.334375 0.388672 0.00226974
1 0.362109 0.744531 0.608594 0.428125 0.00217438
1 0.871875 0.86875 0.25625 0.2625 0.00209999
0 0.37959 0.996484 0.206445 0.00703125 0.00199509
0 0.956641 0.477246 0.0867188 0.71582 0.00189686
0 0.480078 0.996484 0.214844 0.00703125 0.00174141
1 0.795117 0.991797 0.378516 0.0164062 0.00156116
1 0.956641 0.477246 0.0867188 0.71582 0.00155449
1 0.820898 0.986719 0.358203 0.0265625 0.00153637
0 0.760547 0.991406 0.378906 0.0171875 0.00150108
1 0.0863037 0.807813 0.164111 0.384375 0.00145531
0 0.820898 0.986719 0.358203 0.0265625 0.00143814
1 0.612891 0.578906 0.630469 0.748438 0.00143242
1 0.0996094 0.979688 0.199219 0.040625 0.00138855
1 0.841992 0.967969 0.316016 0.0640625 0.00133038
1 0.734375 0.991406 0.376563 0.0171875 0.00131989
0 0.0996094 0.979688 0.199219 0.040625 0.00131989
0 0.841992 0.967969 0.316016 0.0640625 0.00129986
1 0.501172 0.725781 0.788281 0.473437 0.00123024
0 0.907422 0.996094 0.185156 0.0078125 0.00122547
0 0.090332 0.122852 0.166602 0.245703 0.0012064
0 0.0798828 0.107422 0.159766 0.214844 0.00118351
0 0.332031 0.996875 0.221094 0.00625 0.00118351
1 0.274805 0.477734 0.494922 0.882031 0.00117874
1 0.805469 0.868555 0.373437 0.262891 0.0011692
0 0.210938 0.991016 0.365625 0.0179687 0.00113392
0 0.0708984 0.147461 0.141797 0.294922 0.00113392
0 0.0882813 0.996094 0.176563 0.0078125 0.00110722
1 0.427734 0.996484 0.204688 0.00703125 0.00109863
1 0.37959 0.996484 0.206445 0.00703125 0.00105667
1 0.210938 0.991016 0.365625 0.0179687 0.00104809
0 0.957031 0.351953 0.0859375 0.471094 0.00104427
0 0.136621 0.995703 0.222461 0.00859375 0.00102425
0 0.903906 0.877539 0.192188 0.244922 0.00102425
1 0.473437 0.503516 0.878125 0.889844 0.716309
0 0.466406 0.509766 0.875 0.899219 0.216064
1 0.641797 0.492188 0.561719 0.88125 0.0026722
0 0.641797 0.492188 0.561719 0.88125 0.00157356
1 0.473437 0.517187 0.903125 0.871875 0.871582
0 0.468359 0.50625 0.903906 0.878125 0.0359497
1 0.677344 0.509766 0.49375 0.882031 0.00511932
0 0.495313 0.164062 0.859375 0.229297 0.00157356
0 0.697266 0.503125 0.450781 0.873438 0.00107765
0 0.431641 0.971875 0.780469 0.05625 0.00107288
0 0.782812 0.527344 0.2875 0.839063 0.00101662
1 0.475391 0.516406 0.874219 0.889063 0.772461
0 0.472266 0.505469 0.896094 0.898438 0.108582
0 0.473437 0.245752 0.878125 0.396777 0.0661011
0 0.475 0.182227 0.86875 0.271484 0.0218658
1 0.475 0.243164 0.859375 0.396484 0.00636292
0 0.343164 0.316016 0.635547 0.488281 0.00313568
1 0.475 0.182227 0.86875 0.271484 0.00287819
0 0.466406 0.824805 0.829687 0.259766 0.00212479
0 0.349219 0.426953 0.648438 0.64375 0.00156116
1 0.442187 0.789258 0.81875 0.324609 0.00141048
0 0.345703 0.860156 0.594531 0.189063 0.00105286
0 0.471484 0.496094 0.911719 0.892187 0.610352
1 0.469531 0.5 0.910937 0.889063 0.42334
0 0.471875 0.496875 0.91875 0.896875 0.873535
1 0.471094 0.4875 0.920313 0.909375 0.0145569
0 0.324609 0.462891 0.598437 0.830469 0.0012846
0 0.475781 0.485938 0.901563 0.903125 0.809082
1 0.488672 0.495703 0.927344 0.927344 0.19873
0 0.740625 0.502344 0.371875 0.892187 0.00119686
1 0.740625 0.502344 0.371875 0.892187 0.00103188
0 0.832812 0.524219 0.207813 0.842188 0.00102425
0 0.471094 0.496094 0.892187 0.895312 0.833008
1 0.478516 0.503516 0.889844 0.892969 0.110107
0 0.794531 0.49375 0.264062 0.885938 0.00116062
1 0.482812 0.497656 0.884375 0.923437 0.452393
0 0.477344 0.496875 0.895312 0.921875 0.432129
0 0.816406 0.84082 0.364062 0.315234 0.0011425
0 0.473828 0.499609 0.896094 0.922656 0.842773
1 0.474609 0.492188 0.896094 0.925 0.14978
0 0.769531 0.470703 0.30625 0.833594 0.00109005
1 0.482812 0.497656 0.884375 0.923437 0.451416
0 0.477344 0.496875 0.895312 0.921875 0.435059
0 0.816406 0.84082 0.364062 0.315234 0.0011425
