1 0.471094 0.527344 0.725 0.90625 0.84668
1 0.364453 0.528906 0.507031 0.9 0.245117
0 0.474609 0.510938 0.730469 0.925 0.0561218
0 0.364453 0.528906 0.507031 0.9 0.00530243
1 0.490234 0.646875 0.686719 0.68125 0.00432968
0 0.414844 0.996094 0.29375 0.0078125 0.00231361
0 0.490234 0.646875 0.686719 0.68125 0.00201035
1 0.561328 0.182227 0.589844 0.278516 0.00194168
0 0.561328 0.182227 0.589844 0.278516 0.00186729
0 0.35293 0.996094 0.255078 0.0078125 0.00173378
0 0.561328 0.714063 0.541406 0.525 0.00169373
0 0.924219 0.996094 0.151562 0.0078125 0.00159168
1 0.555078 0.692969 0.555469 0.564062 0.0014782
1 0.519434 0.160156 0.46582 0.320312 0.00143242
0 0.203125 0.995703 0.210156 0.00859375 0.00142097
0 0.124023 0.978125 0.248047 0.04375 0.00137806
0 0.635938 0.678906 0.401563 0.551562 0.00132465
1 0.124023 0.978125 0.248047 0.04375 0.00123501
0 0.182812 0.991406 0.358984 0.0171875 0.0012064
0 0.0691895 0.164844 0.126465 0.329688 0.0012064
0 0.519434 0.160156 0.46582 0.320312 0.00116539
0 0.157715 0.995703 0.21582 0.00859375 0.0011158
0 0.504297 0.188867 0.346875 0.258984 0.00108147
0 0.0933594 0.996484 0.186719 0.00703125 0.00107288
1 0.505469 0.186328 0.689062 0.372656 0.00106525
1 0.182812 0.991406 0.358984 0.0171875 0.00105667
1 0.924219 0.996094 0.151562 0.0078125 0.00105667
1 0.639844 0.64834 0.39375 0.593945 0.00104809
0 0.841992 0.992188 0.316016 0.015625 0.00103188
0 0.469629 0.637891 0.695117 0.667969 0.86084
1 0.479785 0.520312 0.685742 0.90625 0.0310822
0 0.678125 0.648438 0.307813 0.625 0.00233269
0 0.355469 0.524219 0.475 0.895312 0.00205803
0 0.621875 0.546094 0.403125 0.85625 0.0016613
0 0.290234 0.535937 0.358594 0.846875 0.00164223
0 0.646875 0.189893 0.409375 0.237402 0.00108147
0 0.469629 0.539844 0.699805 0.882812 0.913086
1 0.462402 0.535156 0.712695 0.892187 0.00674438
0 0.611328 0.600391 0.432031 0.752344 0.00145531
0 0.560938 0.161621 0.7 0.323242 0.00145531
0 0.0699707 0.127539 0.134277 0.255078 0.00141048
0 0.0598145 0.983594 0.119629 0.0328125 0.00135612
0 0.964063 0.680469 0.071875 0.264062 0.00135136
0 0.960938 0.733203 0.078125 0.286719 0.00118351
0 0.471094 0.625391 0.701563 0.686719 0.845215
0 0.474121 0.462109 0.698633 0.45625 0.0120544
1 0.471094 0.625391 0.701563 0.686719 0.00772476
0 0.510938 0.178711 0.71875 0.213672 0.00636292
0 0.478223 0.379297 0.706055 0.342187 0.00325966
0 0.449219 0.735937 0.664062 0.464063 0.00230598
0 0.483594 0.299023 0.717188 0.353516 0.00144386
0 0.305029 0.752344 0.379004 0.420312 0.00121117
0 0.341602 0.541016 0.430859 0.567969 0.00111198
0 0.478906 0.592578 0.703125 0.753906 0.84375
1 0.478906 0.592578 0.703125 0.753906 0.00526047
0 0.544141 0.191406 0.686719 0.239844 0.00235939
0 0.473437 0.525781 0.721875 0.892187 0.92041
0 0.835938 0.507031 0.328125 0.892187 0.00428009
1 0.474609 0.524609 0.716406 0.891406 0.00355148
0 0.709375 0.508203 0.576563 0.880469 0.00101662
0 0.471875 0.5625 0.696875 0.80625 0.895996
0 0.639453 0.624609 0.389844 0.669531 0.00263214
0 0.234766 0.241406 0.0492188 0.0578125 0.00181007
0 0.470703 0.589063 0.702344 0.76875 0.832031
1 0.477246 0.587109 0.701758 0.766406 0.00178242
0 0.478516 0.582422 0.705469 0.780469 0.879883
1 0.478906 0.596484 0.698438 0.749219 0.00167465
0 0.93125 0.887305 0.134375 0.225391 0.00144958
0 0.588965 0.831055 0.49082 0.294141 0.00116062
0 0.9375 0.842969 0.121875 0.314063 0.00106525
0 0.472266 0.585254 0.713281 0.776367 0.918457
1 0.477734 0.586621 0.707031 0.764258 0.00255013
0 0.478516 0.582715 0.705469 0.779883 0.879883
1 0.478906 0.596484 0.698438 0.749219 0.00168133
0 0.93125 0.887305 0.134375 0.225391 0.00145531
0 0.589063 0.831055 0.492188 0.294141 0.00115585
0 0.9375 0.842969 0.121875 0.314063 0.00105667
