1 0.483594 0.496484 0.921875 0.847656 0.820801
1 0.338281 0.496875 0.646094 0.840625 0.265137
0 0.479688 0.496484 0.915625 0.847656 0.171021
0 0.338281 0.496875 0.646094 0.840625 0.0102921
1 0.214258 0.492969 0.426172 0.826563 0.00809479
1 0.592188 0.560254 0.715625 0.729492 0.00443268
0 0.592188 0.560254 0.715625 0.729492 0.00403976
1 0.464941 0.694141 0.78418 0.458594 0.00227928
0 0.353125 0.995703 0.221875 0.00859375 0.00221634
0 0.407715 0.995703 0.231445 0.00859375 0.00211525
0 0.675 0.61416 0.551562 0.606055 0.00208282
0 0.464941 0.694141 0.78418 0.458594 0.00195694
0 0.302344 0.995703 0.221875 0.00859375 0.00193405
1 0.675 0.61416 0.551562 0.606055 0.00164223
0 0.461328 0.995703 0.232031 0.00859375 0.00157356
0 0.712891 0.492188 0.478906 0.592188 0.0014782
0 0.508594 0.995313 0.223438 0.009375 0.00143242
1 0.348437 0.704297 0.596875 0.439844 0.00141048
1 0.380859 0.995703 0.228125 0.00859375 0.00141048
0 0.591797 0.662109 0.714844 0.505469 0.00139904
0 0.253467 0.996094 0.223535 0.0078125 0.00138855
1 0.326953 0.995703 0.220313 0.00859375 0.00132465
0 0.339258 0.713281 0.583984 0.426562 0.00124454
0 0.930859 0.464844 0.138281 0.632812 0.0012064
1 0.436719 0.337109 0.754687 0.674219 0.00119686
1 0.435547 0.995703 0.235156 0.00859375 0.00119209
0 0.31875 0.956641 0.215625 0.0867188 0.00117874
0 0.905469 0.505566 0.114063 0.73418 0.00115585
0 0.129199 0.979297 0.258398 0.0414063 0.00115108
0 0.165234 0.71875 0.322656 0.334375 0.00110722
0 0.744531 0.611328 0.410937 0.521094 0.00108624
0 0.536719 0.989062 0.864062 0.021875 0.00106525
1 0.129199 0.979297 0.258398 0.0414063 0.00106525
0 0.205469 0.996094 0.221875 0.0078125 0.00106049
0 0.214258 0.492969 0.426172 0.826563 0.00105286
0 0.294922 0.991016 0.566406 0.0179687 0.00104809
0 0.969531 0.983594 0.0609375 0.0328125 0.00104046
0 0.861719 0.525 0.192188 0.690625 0.00103188
0 0.938281 0.542285 0.123438 0.526367 0.00102043
0 0.368945 0.964063 0.213672 0.071875 0.00100803
0 0.262305 0.725781 0.480078 0.392188 0.00100422
1 0.485156 0.995313 0.227344 0.009375 0.00100422
0 0.489062 0.489062 0.859375 0.81875 0.872559
1 0.489062 0.489062 0.859375 0.81875 0.0847778
0 0.665625 0.501172 0.5375 0.772656 0.022583
0 0.779688 0.483984 0.320312 0.694531 0.00511932
0 0.803906 0.567578 0.2875 0.605469 0.00439835
0 0.472656 0.746875 0.86875 0.31875 0.00149536
0 0.342383 0.744531 0.618359 0.3 0.00101662
0 0.484375 0.499121 0.920313 0.795508 0.750488
1 0.491406 0.49375 0.920313 0.815625 0.203735
1 0.493359 0.243555 0.902344 0.450391 0.00316048
0 0.492578 0.25 0.908594 0.440625 0.00152493
1 0.494531 0.230469 0.907812 0.304688 0.00134087
0 0.727344 0.503516 0.439063 0.799219 0.00117397
1 0.496875 0.0327148 0.857813 0.0654297 0.00112915
0 0.496875 0.0327148 0.857813 0.0654297 0.00104427
0 0.480469 0.499219 0.915625 0.846875 0.848633
1 0.480469 0.499219 0.915625 0.846875 0.0647583
0 0.478516 0.324219 0.903906 0.485938 0.0476074
0 0.483203 0.22793 0.902344 0.292578 0.00993347
0 0.46875 0.809375 0.8875 0.232812 0.00712204
0 0.478516 0.667188 0.917969 0.49375 0.00486755
0 0.317578 0.282373 0.572656 0.389941 0.00453949
1 0.486719 0.196094 0.9 0.227344 0.00263214
0 0.264258 0.710938 0.480859 0.398438 0.00240517
1 0.478516 0.324219 0.903906 0.485938 0.00183868
0 0.486719 0.173438 0.903125 0.207422 0.00154877
0 0.283594 0.351953 0.509375 0.433594 0.00138283
0 0.453906 0.845312 0.851562 0.159375 0.00116062
0 0.281641 0.491797 0.513281 0.753906 0.00115108
0 0.483203 0.495313 0.942969 0.832812 0.865723
1 0.483203 0.495313 0.942969 0.832812 0.0428162
0 0.488281 0.501562 0.964063 0.85625 0.90332
1 0.488281 0.497266 0.957812 0.852344 0.00502014
0 0.492969 0.505859 0.920313 0.857031 0.907715
1 0.502344 0.501172 0.946875 0.844531 0.00605011
0 0.757812 0.50625 0.385938 0.846875 0.00103188
0 0.48125 0.507812 0.91875 0.8375 0.869141
1 0.475391 0.50625 0.921094 0.840625 0.00365067
0 0.791406 0.383594 0.310937 0.592188 0.00101662
0 0.483984 0.499219 0.916406 0.842188 0.908203
1 0.471484 0.499219 0.902344 0.832812 0.0266571
0 0.103516 0.928125 0.205078 0.1375 0.00198746
0 0.886133 0.0734375 0.224609 0.140234 0.00118828
0 0.491406 0.499609 0.939062 0.847656 0.950195
1 0.4875 0.499219 0.934375 0.848437 0.00166798
0 0.794531 0.4125 0.292188 0.655469 0.00131512
0 0.483984 0.499219 0.916406 0.842188 0.908203
1 0.471094 0.499219 0.901563 0.832812 0.0269623
0 0.103516 0.928125 0.205078 0.1375 0.00198746
0 0.886719 0.0734863 0.223438 0.140332 0.00118828
