1 0.508594 0.523438 0.71875 0.898438 0.842773
1 0.362305 0.521484 0.357422 0.888281 0.308105
1 0.350391 0.413281 0.328906 0.68125 0.00787354
1 0.636328 0.533594 0.480469 0.854688 0.00399017
0 0.509473 0.522656 0.726367 0.898438 0.00316048
1 0.397656 0.751562 0.422656 0.45 0.003088
1 0.155859 0.513672 0.233594 0.867969 0.00256157
0 0.413184 0.996094 0.237695 0.0078125 0.00223351
1 0.957422 0.549219 0.0851562 0.823438 0.00195694
0 0.477734 0.996094 0.235156 0.0078125 0.00188255
1 0.80625 0.992969 0.334375 0.0140625 0.00186729
0 0.0766357 0.175195 0.14165 0.333203 0.00179577
1 0.438184 0.338477 0.55957 0.676953 0.00177479
1 0.675781 0.579687 0.407813 0.667188 0.00175476
1 0.337109 0.828906 0.472656 0.298438 0.00174809
1 0.519141 0.751172 0.686719 0.453906 0.00163555
0 0.9125 0.996094 0.175 0.0078125 0.00162315
0 0.957422 0.549219 0.0851562 0.823438 0.00148964
0 0.374414 0.996484 0.249609 0.00703125 0.00144386
1 0.739062 0.992188 0.3375 0.015625 0.00138283
1 0.215234 0.991797 0.430469 0.0164062 0.00134087
1 0.291016 0.734375 0.527344 0.489062 0.00133038
1 0.217187 0.505469 0.285156 0.851562 0.00127411
1 0.942187 0.535937 0.115625 0.882812 0.0012598
1 0.855078 0.870117 0.289844 0.259766 0.00124454
1 0.861523 0.771875 0.276953 0.435937 0.00124454
0 0.530469 0.996094 0.245312 0.0078125 0.0012207
0 0.137598 0.979297 0.275195 0.0414063 0.0012064
1 0.137598 0.979297 0.275195 0.0414063 0.00118828
0 0.970703 0.978516 0.0585938 0.0429688 0.00118351
1 0.0766357 0.175195 0.14165 0.333203 0.00117874
1 0.910547 0.753516 0.178906 0.450781 0.00109863
0 0.855078 0.870117 0.289844 0.259766 0.00105667
0 0.0912109 0.996484 0.182422 0.00703125 0.00105667
1 0.866797 0.519922 0.266406 0.872656 0.00104427
0 0.80625 0.992969 0.334375 0.0140625 0.00104046
0 0.0815918 0.181641 0.163184 0.355859 0.00102043
1 0.522559 0.526563 0.700195 0.9 0.808105
1 0.40625 0.530078 0.505469 0.908594 0.00621796
0 0.540234 0.527344 0.671094 0.895312 0.00579834
1 0.525781 0.532031 0.701563 0.885938 0.887695
1 0.632422 0.526172 0.489844 0.878906 0.00424957
0 0.523828 0.525781 0.688281 0.8875 0.00374985
1 0.471094 0.157813 0.857813 0.177344 0.00293541
1 0.219922 0.521484 0.439844 0.897656 0.00279999
1 0.48125 0.0181396 0.83125 0.0362793 0.00216484
1 0.470313 0.195703 0.8375 0.241406 0.00116062
1 0.538672 0.406934 0.663281 0.65957 0.0011034
1 0.521875 0.529297 0.7 0.903906 0.874512
0 0.525781 0.534375 0.692187 0.915625 0.00891876
1 0.527734 0.398828 0.685156 0.647656 0.00516129
1 0.526465 0.293164 0.679883 0.434766 0.003088
1 0.536328 0.51875 0.696094 0.901563 0.867676
0 0.535059 0.521484 0.693945 0.897656 0.00482941
1 0.533691 0.521875 0.710742 0.896875 0.902832
0 0.533203 0.523438 0.708594 0.896875 0.0068512
1 0.534375 0.516406 0.684375 0.901563 0.901367
1 0.78418 0.53125 0.216016 0.8375 0.00201035
1 0.535156 0.391309 0.659375 0.63457 0.00126934
1 0.844141 0.519922 0.311719 0.867969 0.00105667
1 0.725391 0.527344 0.313281 0.854688 0.00103664
1 0.540625 0.515234 0.684375 0.885156 0.89502
1 0.526563 0.796875 0.6625 0.359375 0.00102425
1 0.536816 0.522266 0.69668 0.902344 0.916016
1 0.524219 0.521094 0.710938 0.907812 0.90625
1 0.537109 0.522266 0.696094 0.902344 0.916016
