1 0.494141 0.5125 0.833594 0.921875 0.893066
1 0.325781 0.525 0.473437 0.904688 0.129883
0 0.498437 0.524219 0.85 0.907812 0.0330811
1 0.504004 0.758203 0.74668 0.478906 0.00424957
0 0.325781 0.525 0.473437 0.904688 0.00346947
0 0.233008 0.995703 0.226953 0.00859375 0.0030632
1 0.0592773 0.179883 0.110156 0.333203 0.00250244
0 0.504004 0.758203 0.74668 0.478906 0.00212479
0 0.299805 0.995313 0.269141 0.009375 0.00206757
1 0.233008 0.995703 0.226953 0.00859375 0.00205803
1 0.630469 0.633594 0.603125 0.654688 0.00205803
0 0.0592773 0.179883 0.110156 0.333203 0.00183868
0 0.0650391 0.738672 0.116406 0.388281 0.00168133
0 0.180664 0.995703 0.219922 0.00859375 0.00164223
1 0.376563 0.76875 0.548437 0.45625 0.00161076
0 0.0552734 0.11123 0.105859 0.222461 0.00160408
0 0.926562 0.996094 0.146875 0.0078125 0.00158501
1 0.299805 0.995313 0.269141 0.009375 0.00145531
1 0.0512207 0.203906 0.102441 0.370313 0.00144958
0 0.13623 0.979297 0.272461 0.0414063 0.00140476
0 0.13418 0.996094 0.215625 0.0078125 0.00133514
0 0.0880859 0.996484 0.176172 0.00703125 0.00133514
1 0.13623 0.979297 0.272461 0.0414063 0.00129986
1 0.926562 0.996094 0.146875 0.0078125 0.00127411
1 0.180664 0.995703 0.219922 0.00859375 0.00125504
0 0.242578 0.991016 0.485156 0.0179687 0.00123978
0 0.959375 0.538672 0.08125 0.803906 0.00122547
0 0.630469 0.633594 0.603125 0.654688 0.0012207
0 0.0643555 0.0658691 0.128711 0.131738 0.00117874
0 0.847656 0.992188 0.304688 0.015625 0.00112438
1 0.242578 0.991016 0.485156 0.0179687 0.00109482
0 0.0595215 0.0766602 0.119043 0.15332 0.00104809
1 0.155078 0.445703 0.216406 0.557813 0.00103664
0 0.376563 0.76875 0.548437 0.45625 0.00103188
1 0.959375 0.538672 0.08125 0.803906 0.00100422
0 0.517187 0.519531 0.809375 0.909375 0.849121
1 0.514844 0.519922 0.817187 0.925781 0.182373
0 0.691797 0.515625 0.477344 0.885938 0.00669098
0 0.455859 0.729297 0.707031 0.496094 0.00158501
0 0.763281 0.509766 0.329688 0.871094 0.00138855
0 0.413672 0.194727 0.577344 0.285937 0.00123024
1 0.504297 0.525391 0.853906 0.896094 0.779785
0 0.505469 0.524219 0.853125 0.901563 0.133179
1 0.507422 0.321094 0.835156 0.526563 0.00287819
1 0.510156 0.0855469 0.876562 0.120117 0.00242424
0 0.0662109 0.983594 0.132422 0.0328125 0.00157356
0 0.0643066 0.121484 0.122559 0.242969 0.00148964
1 0.708594 0.522656 0.446875 0.885938 0.00130463
1 0.521875 0.122241 0.882812 0.151611 0.0012846
0 0.237109 0.975 0.474219 0.05 0.00117874
1 0.517578 0.524219 0.830469 0.914062 0.609375
0 0.508203 0.521094 0.846094 0.928125 0.597168
0 0.510059 0.240967 0.79082 0.384473 0.0340881
0 0.374609 0.238281 0.519531 0.379687 0.0154877
0 0.451562 0.299219 0.696875 0.492188 0.0139008
0 0.468066 0.172949 0.701367 0.252539 0.00963593
0 0.384375 0.756641 0.561719 0.450781 0.008255
0 0.286377 0.763281 0.353809 0.415625 0.0078125
1 0.514453 0.244727 0.814844 0.391797 0.00524139
0 0.432422 0.40625 0.671094 0.717188 0.00498199
0 0.357031 0.173926 0.479688 0.254492 0.00439835
0 0.494434 0.857031 0.786133 0.282813 0.00333786
0 0.503516 0.746094 0.819531 0.479688 0.00233269
0 0.41875 0.877734 0.599219 0.244531 0.00196457
1 0.517578 0.176953 0.816406 0.257812 0.00194931
1 0.384375 0.756641 0.561719 0.450781 0.00150108
0 0.325977 0.28125 0.444922 0.451562 0.00147247
1 0.286377 0.763281 0.353809 0.415625 0.00135612
0 0.312451 0.841992 0.38291 0.303516 0.00131512
1 0.374609 0.238281 0.519531 0.379687 0.00118828
1 0.494434 0.857031 0.786133 0.282813 0.00107765
1 0.378125 0.164062 0.510938 0.234375 0.00104046
0 0.517969 0.515234 0.879687 0.919531 0.86084
1 0.517969 0.515234 0.879687 0.919531 0.0615234
0 0.515625 0.516797 0.879687 0.922656 0.886719
1 0.517187 0.518359 0.871875 0.921094 0.0244293
0 0.260547 0.595312 0.0574219 0.059375 0.00102806
0 0.525 0.510156 0.840625 0.939062 0.769531
1 0.525781 0.517969 0.845312 0.917188 0.737305
1 0.710938 0.515625 0.459375 0.910937 0.00126934
0 0.521484 0.5125 0.813281 0.923437 0.84375
1 0.524219 0.522656 0.825 0.914062 0.263672
0 0.357617 0.705859 0.501953 0.550781 0.00188923
1 0.357617 0.705859 0.501953 0.550781 0.00106525
1 0.528125 0.512109 0.81875 0.925781 0.568848
0 0.525781 0.516016 0.826563 0.922656 0.433105
0 0.256055 0.59375 0.0496094 0.0585938 0.0012846
0 0.520312 0.512109 0.835938 0.930469 0.920898
1 0.520312 0.5125 0.84375 0.928125 0.0458679
1 0.528125 0.512109 0.81875 0.925781 0.569824
0 0.525781 0.516406 0.825 0.923437 0.431152
0 0.25625 0.59375 0.05 0.0585938 0.00127411
