0 0.446777 0.516406 0.668945 0.832812 0.84375
1 0.446777 0.516406 0.668945 0.832812 0.129639
0 0.731641 0.492578 0.536719 0.783594 0.0069046
0 0.304248 0.529297 0.386035 0.808594 0.00436401
0 0.0437012 0.894531 0.0854492 0.198437 0.00329781
0 0.829883 0.413672 0.337109 0.622656 0.00304031
0 0.428223 0.714844 0.607617 0.451562 0.00299263
0 0.437891 0.353711 0.632812 0.675391 0.00254059
0 0.0675781 0.996875 0.135156 0.00625 0.00239754
1 0.0437012 0.894531 0.0854492 0.198437 0.00226974
0 0.0399536 0.855469 0.0779053 0.282813 0.00221634
0 0.878125 0.478125 0.242188 0.729688 0.00215721
0 0.0917969 0.291797 0.174219 0.442187 0.00213242
0 0.0391113 0.808008 0.0782227 0.383984 0.00200272
0 0.0829102 0.378516 0.155469 0.605469 0.0018177
0 0.600391 0.505469 0.799219 0.826563 0.00178909
1 0.657129 0.503125 0.685742 0.8375 0.00174141
0 0.0766357 0.498828 0.142432 0.824219 0.0017004
0 0.117773 0.319531 0.230859 0.507812 0.0016489
0 0.472754 0.626953 0.67168 0.647656 0.00164223
0 0.0454102 0.925781 0.0908203 0.148438 0.00161076
0 0.576953 0.494922 0.625781 0.721094 0.00156689
0 0.116113 0.426172 0.22793 0.711719 0.00149536
0 0.0467773 0.9125 0.0935547 0.175 0.00129414
0 0.0292236 0.740625 0.0584473 0.414062 0.00126457
0 0.323438 0.707812 0.417969 0.4375 0.00125504
0 0.471484 0.996094 0.242188 0.0078125 0.0012207
0 0.0978516 0.996094 0.195703 0.0078125 0.00116539
0 0.919922 0.0557617 0.160156 0.111523 0.00112915
0 0.0606934 0.971484 0.121387 0.0570313 0.00112915
1 0.0606934 0.971484 0.121387 0.0570313 0.00111198
0 0.828906 0.984375 0.342187 0.03125 0.00109005
0 0.922266 0.996484 0.155469 0.00703125 0.00108624
0 0.522656 0.995703 0.251563 0.00859375 0.00107765
1 0.0787109 0.996484 0.157422 0.00703125 0.00104809
0 0.0673828 0.0631348 0.134766 0.12627 0.00104046
0 0.954687 0.055957 0.090625 0.111914 0.00103188
0 0.0395508 0.485938 0.0791016 0.773438 0.00103188
1 0.0354736 0.793945 0.0709473 0.405859 0.00102806
0 0.0413086 0.926562 0.0826172 0.146875 0.00101662
0 0.455859 0.533984 0.646094 0.782031 0.927734
0 0.304248 0.528906 0.372754 0.75625 0.00974274
1 0.455859 0.533984 0.646094 0.782031 0.0069313
0 0.230273 0.507031 0.460547 0.879687 0.00619125
0 0.167187 0.504687 0.334375 0.9 0.00312424
0 0.6125 0.533984 0.348437 0.760156 0.0029583
0 0.778516 0.498437 0.442969 0.817187 0.00251198
0 0.853711 0.4875 0.292578 0.80625 0.00208282
0 0.396875 0.300586 0.490625 0.320703 0.00191212
0 0.247461 0.519922 0.369141 0.835156 0.00187492
0 0.893359 0.506641 0.213281 0.761719 0.00150681
0 0.269189 0.328711 0.269434 0.384766 0.00132465
0 0.458984 0.263672 0.592969 0.250781 0.0012846
0 0.312549 0.312305 0.349902 0.347266 0.00122547
0 0.457129 0.540234 0.687305 0.760156 0.836426
1 0.45791 0.539062 0.685742 0.764063 0.0387573
0 0.955469 0.102441 0.0890625 0.197852 0.0154266
1 0.955469 0.102441 0.0890625 0.197852 0.00367928
0 0.268555 0.292773 0.516797 0.585547 0.00214005
0 0.960156 0.139062 0.0796875 0.278125 0.00119686
0 0.453809 0.536719 0.650195 0.767187 0.872559
0 0.452344 0.366992 0.6375 0.434766 0.127197
0 0.400391 0.284326 0.532812 0.275879 0.0344849
1 0.451562 0.535937 0.660937 0.767187 0.00821686
0 0.368359 0.267139 0.422656 0.243848 0.00400543
0 0.342578 0.348633 0.403906 0.394922 0.00346947
0 0.451953 0.738281 0.647656 0.385938 0.00301552
0 0.446875 0.817969 0.639063 0.232812 0.00287819
0 0.38916 0.682813 0.52168 0.484375 0.00110722
0 0.473828 0.527734 0.689844 0.772656 0.905273
1 0.475 0.515625 0.676562 0.754687 0.00479126
0 0.46416 0.5375 0.69043 0.81875 0.905762
1 0.46416 0.5375 0.69043 0.81875 0.0102081
0 0.848828 0.516797 0.302344 0.838281 0.0036068
0 0.866992 0.9375 0.266016 0.11875 0.00144958
0 0.737109 0.525781 0.525781 0.821875 0.00121117
0 0.460547 0.525684 0.666406 0.783008 0.898926
0 0.63125 0.557031 0.34375 0.692187 0.00135612
1 0.468652 0.528516 0.66582 0.780469 0.00133038
0 0.460156 0.536621 0.6875 0.795508 0.861816
1 0.457715 0.537891 0.668945 0.799219 0.00328636
0 0.9 0.935156 0.2 0.125 0.00147247
0 0.464453 0.536328 0.652344 0.794531 0.920898
0 0.951563 0.0757568 0.096875 0.146533 0.00502014
0 0.953125 0.11543 0.09375 0.222266 0.00416565
1 0.464453 0.536328 0.652344 0.794531 0.00226021
1 0.953125 0.11543 0.09375 0.222266 0.0019722
1 0.951563 0.0757568 0.096875 0.146533 0.00194168
0 0.462109 0.527734 0.672656 0.792969 0.904297
1 0.465234 0.533203 0.677344 0.783594 0.00287819
0 0.889063 0.503516 0.214062 0.900781 0.00251198
0 0.464746 0.536328 0.651758 0.794531 0.92041
0 0.951563 0.0757812 0.096875 0.14668 0.00500107
0 0.953125 0.115527 0.09375 0.22207 0.00413513
1 0.464746 0.536328 0.651758 0.794531 0.00222588
1 0.953125 0.115527 0.09375 0.22207 0.00198746
1 0.951563 0.0757812 0.096875 0.14668 0.00194168
