0 0.576563 0.536328 0.8125 0.772656 0.71875
0 0.0996826 0.513672 0.195557 0.250781 0.36377
1 0.587109 0.539062 0.766406 0.778125 0.264404
1 0.0996826 0.513672 0.195557 0.250781 0.113159
0 0.403125 0.541797 0.397656 0.738281 0.00769424
0 0.670703 0.584277 0.621094 0.681445 0.00448608
0 0.104004 0.464746 0.203711 0.34082 0.00329781
0 0.889063 0.838477 0.221875 0.323047 0.00296974
1 0.116016 0.365625 0.230078 0.558594 0.00222588
0 0.86875 0.806055 0.2625 0.387891 0.00216484
1 0.104004 0.464746 0.203711 0.34082 0.00214958
0 0.721484 0.623438 0.516406 0.54375 0.00196457
0 0.202686 0.316406 0.396191 0.582812 0.00184631
0 0.0901367 0.12627 0.176758 0.252539 0.00169373
0 0.087207 0.152344 0.174414 0.304688 0.00168705
1 0.202686 0.316406 0.396191 0.582812 0.0016613
0 0.820312 0.493848 0.3375 0.57793 0.00158501
0 0.229297 0.24082 0.432813 0.463672 0.00143814
0 0.116016 0.365625 0.230078 0.558594 0.00136185
0 0.588281 0.678125 0.751562 0.476562 0.00130939
1 0.087207 0.152344 0.174414 0.304688 0.00128937
1 0.670703 0.584277 0.621094 0.681445 0.0012846
0 0.0842773 0.11748 0.168555 0.234961 0.00126457
1 0.871875 0.832812 0.25625 0.334375 0.00126457
0 0.915625 0.995703 0.16875 0.00859375 0.0012207
0 0.909375 0.481641 0.175 0.471094 0.00117874
0 0.145703 0.723047 0.279687 0.385156 0.00110722
0 0.0835449 0.996094 0.16709 0.0078125 0.0011034
0 0.599609 0.412109 0.703906 0.535937 0.00104427
0 0.206055 0.996094 0.228516 0.0078125 0.00101662
0 0.856445 0.535156 0.265234 0.620313 0.00101662
0 0.206836 0.990625 0.394922 0.01875 0.00101185
0 0.582129 0.542285 0.707617 0.73418 0.911133
0 0.0964844 0.507031 0.192969 0.240625 0.0561218
0 0.410547 0.575391 0.407031 0.621094 0.0263519
0 0.361914 0.629687 0.298047 0.53125 0.0102081
0 0.495215 0.57334 0.56582 0.648633 0.0086441
0 0.79707 0.550781 0.371484 0.670313 0.00734711
0 0.724219 0.530859 0.496875 0.719531 0.00473785
0 0.0990234 0.441309 0.198047 0.362695 0.0041008
0 0.153223 0.338867 0.306445 0.600391 0.00365067
0 0.84668 0.584375 0.291016 0.590625 0.00283432
0 0.282813 0.366016 0.429688 0.674219 0.00270462
0 0.479297 0.254297 0.561719 0.508594 0.00239754
0 0.393457 0.242188 0.455273 0.484375 0.00225258
0 0.320312 0.305664 0.425 0.551953 0.00194168
0 0.575781 0.250977 0.567187 0.501953 0.00168705
0 0.869141 0.850977 0.261719 0.298047 0.0016613
0 0.510938 0.692969 0.603125 0.410937 0.00162315
0 0.772656 0.701563 0.415625 0.385938 0.00153065
0 0.401563 0.486035 0.453125 0.70918 0.00141621
0 0.326953 0.225586 0.460156 0.451172 0.00133514
0 0.646484 0.699219 0.564844 0.401563 0.00125504
0 0.546875 0.258398 0.5375 0.480078 0.00119209
0 0.382031 0.372852 0.416406 0.701953 0.00116062
0 0.324805 0.446875 0.479297 0.759375 0.00113773
0 0.353906 0.542969 0.425 0.648438 0.00110722
0 0.734375 0.7625 0.439063 0.275 0.00110722
1 0.567871 0.535156 0.683008 0.726562 0.0011034
0 0.58916 0.305029 0.531055 0.333691 0.00109482
0 0.149414 0.4625 0.298828 0.35 0.00108147
0 0.22417 0.258008 0.393848 0.430859 0.00100803
0 0.601953 0.542285 0.752344 0.726367 0.875977
1 0.610937 0.546484 0.73125 0.733594 0.0397949
0 0.0949219 0.510156 0.189844 0.240625 0.0397034
0 0.771875 0.546777 0.434375 0.733008 0.00527954
0 0.627246 0.534766 0.683008 0.721094 0.865723
0 0.100684 0.498437 0.189648 0.260156 0.0180511
0 0.634277 0.385059 0.60957 0.418945 0.0166626
1 0.621191 0.536719 0.670117 0.721875 0.0119629
0 0.64209 0.312305 0.58457 0.272266 0.00314713
0 0.0989258 0.462891 0.197852 0.335156 0.00305176
0 0.55625 0.707812 0.695312 0.392188 0.00240517
0 0.0986328 0.39375 0.197266 0.472656 0.00234985
0 0.526465 0.767969 0.593945 0.278125 0.0011034
0 0.607031 0.530859 0.78125 0.716406 0.877441
0 0.0976562 0.507422 0.192188 0.244531 0.260498
1 0.602344 0.531934 0.785937 0.717383 0.026001
0 0.430078 0.561328 0.432031 0.664844 0.00138855
1 0.0955078 0.505859 0.191016 0.246875 0.00130939
0 0.602344 0.541797 0.795313 0.741406 0.88623
1 0.602344 0.541797 0.795313 0.741406 0.00577545
0 0.750781 0.213477 0.498437 0.426953 0.00118351
0 0.590723 0.541016 0.768555 0.746094 0.896973
0 0.0995117 0.499609 0.191211 0.257812 0.0142822
0 0.0926758 0.109473 0.182617 0.218945 0.00277901
1 0.0967773 0.510156 0.188477 0.24375 0.00214958
1 0.590723 0.541016 0.768555 0.746094 0.00166798
1 0.0926758 0.109473 0.182617 0.218945 0.00145531
0 0.0949219 0.391797 0.189844 0.478906 0.00107765
0 0.605566 0.542871 0.757617 0.74707 0.849121
0 0.0999023 0.505078 0.197852 0.235156 0.00831604
0 0.0873535 0.112305 0.174707 0.224609 0.00293541
1 0.6 0.544434 0.75 0.743945 0.00144386
0 0.599609 0.537402 0.755469 0.737695 0.886719
0 0.0875 0.117969 0.175 0.235938 0.00669098
1 0.0783203 0.126953 0.156641 0.253906 0.00284576
1 0.60166 0.536816 0.754492 0.743555 0.00261116
0 0.100757 0.489453 0.186377 0.292188 0.0011158
0 0.598828 0.539844 0.777344 0.7375 0.927246
1 0.598828 0.539844 0.777344 0.7375 0.00116062
0 0.812305 0.503125 0.334766 0.66875 0.00103188
0 0.599609 0.537402 0.755469 0.737695 0.886719
0 0.0875 0.117969 0.175 0.235938 0.00661469
1 0.0783203 0.126953 0.156641 0.253906 0.00286674
1 0.601562 0.536816 0.754687 0.743555 0.00261116
0 0.100781 0.488672 0.186719 0.292969 0.0011158
