1 0.481641 0.546094 0.821094 0.848437 0.827148
0 0.481641 0.546094 0.821094 0.848437 0.0538025
0 0.0985107 0.142383 0.186572 0.284766 0.00363541
0 0.850781 0.824609 0.298438 0.350781 0.00324821
1 0.850781 0.824609 0.298438 0.350781 0.00321007
0 0.42959 0.767578 0.648633 0.427344 0.00275803
1 0.546484 0.673047 0.711719 0.635156 0.00195694
0 0.494531 0.995703 0.29375 0.00859375 0.00174809
1 0.292188 0.5375 0.386719 0.828125 0.0017271
0 0.333398 0.769922 0.476953 0.407031 0.0016613
0 0.803906 0.992969 0.348437 0.0140625 0.00152493
1 0.803906 0.992969 0.348437 0.0140625 0.00149536
0 0.439453 0.996094 0.278906 0.0078125 0.00149536
0 0.918359 0.995703 0.163281 0.00859375 0.00149536
1 0.163086 0.532031 0.319531 0.85625 0.00149536
1 0.0996094 0.144727 0.199219 0.289453 0.00146103
1 0.837109 0.532031 0.325781 0.873438 0.00141621
0 0.558594 0.996094 0.254687 0.0078125 0.00141048
0 0.512402 0.735937 0.75957 0.490625 0.00136185
0 0.0838379 0.996094 0.167676 0.0078125 0.00135136
1 0.49834 0.752344 0.74082 0.459375 0.00134087
0 0.324414 0.996094 0.241797 0.0078125 0.00133514
0 0.8375 0.525879 0.275 0.79668 0.00131989
0 0.288477 0.736328 0.377734 0.427344 0.00124454
0 0.20332 0.991406 0.366797 0.0171875 0.00117874
0 0.231201 0.995313 0.235254 0.009375 0.0011692
0 0.891797 0.995703 0.216406 0.00859375 0.0011692
0 0.829687 0.566406 0.173438 0.651563 0.0011425
0 0.163086 0.532031 0.319531 0.85625 0.0011425
0 0.10459 0.129102 0.20918 0.258203 0.00113773
0 0.124512 0.982422 0.249023 0.0351562 0.00112915
0 0.277539 0.995313 0.216016 0.009375 0.00112915
1 0.253467 0.995313 0.221973 0.009375 0.00112438
1 0.0687988 0.163281 0.137598 0.326562 0.00109863
1 0.300781 0.996094 0.223438 0.0078125 0.00107765
1 0.124512 0.982422 0.249023 0.0351562 0.00106907
1 0.623828 0.719141 0.555469 0.521094 0.00105286
1 0.918359 0.995703 0.163281 0.00859375 0.00103188
0 0.185742 0.996094 0.2375 0.0078125 0.00103188
0 0.970703 0.978906 0.0585938 0.0421875 0.00103188
0 0.945312 0.567969 0.109375 0.729688 0.00101662
0 0.501953 0.564062 0.757031 0.815625 0.910645
1 0.501953 0.564062 0.757031 0.815625 0.0160217
0 0.401953 0.695312 0.592969 0.55625 0.0042305
0 0.477734 0.743359 0.722656 0.458594 0.00264168
0 0.285742 0.619922 0.376953 0.607031 0.00231361
0 0.237305 0.521875 0.474609 0.89375 0.00213242
0 0.455859 0.823633 0.650781 0.296484 0.00196457
0 0.366211 0.596777 0.530859 0.733008 0.00148964
0 0.889063 0.153516 0.221875 0.307031 0.00145531
0 0.174609 0.528125 0.349219 0.876562 0.00118351
0 0.385938 0.204688 0.595312 0.409375 0.0011692
0 0.494141 0.264893 0.569531 0.29209 0.00113392
0 0.611035 0.552734 0.562305 0.811719 0.00108147
0 0.301562 0.702344 0.407813 0.510938 0.00101662
0 0.7375 0.532422 0.307813 0.741406 0.00100803
0 0.497559 0.573438 0.78457 0.803125 0.583008
1 0.497754 0.561328 0.781055 0.821094 0.24585
0 0.6625 0.569531 0.46875 0.810938 0.0026207
0 0.496484 0.55625 0.785156 0.83125 0.852051
0 0.490527 0.3625 0.789258 0.423438 0.0394287
1 0.489941 0.555469 0.798242 0.814062 0.0262604
0 0.424902 0.641797 0.643945 0.649219 0.00579834
0 0.501562 0.289648 0.729688 0.280859 0.00387001
0 0.410156 0.726953 0.611719 0.475781 0.00374985
0 0.491406 0.453125 0.759375 0.591406 0.00281143
0 0.484375 0.791992 0.779688 0.350391 0.00216484
0 0.475781 0.865625 0.767187 0.207813 0.00185299
0 0.432422 0.828125 0.632031 0.271875 0.00120163
1 0.490527 0.3625 0.789258 0.423438 0.00101662
0 0.504785 0.559375 0.793555 0.828125 0.754395
1 0.509766 0.554688 0.802344 0.821875 0.214722
0 0.502734 0.557031 0.803906 0.829687 0.909668
1 0.503516 0.555469 0.802344 0.823438 0.00784302
0 0.738672 0.166895 0.522656 0.333789 0.00141048
0 0.753906 0.31543 0.492188 0.630859 0.00105667
0 0.506641 0.551562 0.794531 0.8375 0.898438
1 0.506934 0.555469 0.76582 0.829687 0.0172424
0 0.508984 0.550391 0.761719 0.808594 0.885742
1 0.505566 0.550391 0.760742 0.808594 0.00482941
0 0.509277 0.561328 0.762695 0.828906 0.841797
1 0.50625 0.556641 0.765625 0.824219 0.0938721
0 0.505469 0.557813 0.785937 0.81875 0.928711
1 0.505469 0.557813 0.785937 0.81875 0.00751877
0 0.509375 0.561328 0.7625 0.828906 0.84082
1 0.50625 0.556641 0.765625 0.824219 0.0957031
