1 0.469141 0.489062 0.796094 0.86875 0.939941
0 0.482812 0.491406 0.810938 0.854688 0.0162811
1 0.278125 0.492188 0.398438 0.85625 0.00828552
0 0.0438599 0.890625 0.0851318 0.20625 0.00457382
1 0.0438599 0.890625 0.0851318 0.20625 0.00279999
0 0.0400391 0.857813 0.0775391 0.28125 0.0026207
1 0.442871 0.692578 0.704883 0.444531 0.00256157
0 0.0657227 0.996875 0.131445 0.00625 0.00253105
1 0.799609 0.814258 0.400781 0.371484 0.00222588
1 0.772656 0.848047 0.384375 0.303906 0.00194168
0 0.807422 0.842188 0.385156 0.315625 0.00191212
0 0.909375 0.996875 0.18125 0.00625 0.00185299
0 0.045752 0.925781 0.0915039 0.148438 0.00174141
1 0.79082 0.989844 0.396484 0.0203125 0.00168133
0 0.819141 0.989844 0.361719 0.0203125 0.00165462
1 0.951563 0.499219 0.096875 0.785937 0.00163555
1 0.800195 0.481641 0.237109 0.839844 0.00162315
0 0.0401855 0.823633 0.0803711 0.352734 0.00148964
1 0.325781 0.7 0.496094 0.420312 0.00138855
0 0.910937 0.927344 0.178125 0.145313 0.00136662
1 0.494531 0.990234 0.826563 0.0195312 0.00135612
1 0.836719 0.846875 0.326562 0.30625 0.00135612
0 0.951563 0.499219 0.096875 0.785937 0.00132465
0 0.0472656 0.913281 0.0945313 0.173438 0.00131989
0 0.09375 0.996094 0.1875 0.0078125 0.00129414
0 0.517187 0.996094 0.232812 0.0078125 0.00128937
1 0.0624023 0.978125 0.124805 0.04375 0.00127411
0 0.762109 0.991406 0.399219 0.0171875 0.00122547
1 0.723437 0.991016 0.445312 0.0179687 0.00122547
1 0.0401855 0.823633 0.0803711 0.352734 0.0012207
0 0.0624023 0.978125 0.124805 0.04375 0.00120163
0 0.788867 0.792188 0.422266 0.3875 0.00118828
0 0.524219 0.990234 0.854688 0.0195312 0.0011692
1 0.0759766 0.996484 0.151953 0.00703125 0.00113773
0 0.0301514 0.77832 0.0603027 0.358984 0.00112057
1 0.921094 0.996875 0.157813 0.00625 0.0011158
1 0.576172 0.678516 0.632031 0.482031 0.00110722
1 0.400684 0.761719 0.637695 0.314063 0.0011034
0 0.463379 0.996484 0.224805 0.00703125 0.00108147
0 0.680078 0.990625 0.611719 0.01875 0.00104427
1 0.472266 0.904297 0.789844 0.191406 0.00104046
1 0.619141 0.485156 0.571094 0.817187 0.00102425
1 0.859961 0.987891 0.280078 0.0242187 0.00100803
0 0.800195 0.481641 0.237109 0.839844 0.00100803
1 0.481152 0.488672 0.77832 0.857031 0.876953
0 0.481152 0.488672 0.77832 0.857031 0.0180206
1 0.482422 0.495703 0.807031 0.846094 0.875977
0 0.954687 0.0943359 0.090625 0.180078 0.0177155
1 0.649219 0.496484 0.465625 0.839844 0.0037365
1 0.469531 0.145996 0.854688 0.152539 0.00336266
1 0.954687 0.0943359 0.090625 0.180078 0.00277901
1 0.486719 0.0182129 0.842188 0.0364258 0.00232315
1 0.471094 0.190771 0.832812 0.234082 0.00204277
1 0.732422 0.490625 0.352344 0.8625 0.00167465
1 0.508594 0.067627 0.870313 0.113184 0.00154305
0 0.960156 0.127539 0.0796875 0.248047 0.00150108
0 0.480859 0.498047 0.800781 0.839844 0.00147247
0 0.523438 0.98125 0.884375 0.0375 0.00144958
1 0.164648 0.483594 0.186719 0.873438 0.00133514
1 0.523438 0.98125 0.884375 0.0375 0.00123501
0 0.515625 0.0164062 0.853125 0.0328125 0.00105286
1 0.482031 0.492188 0.807813 0.85625 0.882812
1 0.484375 0.269727 0.80625 0.426172 0.0115967
1 0.488281 0.183398 0.80625 0.259766 0.00233269
0 0.485938 0.49375 0.815625 0.854688 0.00176811
1 0.448828 0.75 0.736719 0.3125 0.0011692
0 0.430371 0.853906 0.69707 0.114063 0.0011034
1 0.494141 0.486328 0.817969 0.850781 0.910156
0 0.494922 0.482812 0.811719 0.859375 0.00418091
1 0.485547 0.491016 0.830469 0.861719 0.920898
0 0.483203 0.491016 0.817969 0.864844 0.00274658
1 0.824219 0.495313 0.154687 0.83125 0.00103188
1 0.493359 0.484375 0.802344 0.86875 0.936035
1 0.825977 0.485938 0.348047 0.8875 0.00279999
1 0.795508 0.491406 0.215234 0.860937 0.00214958
1 0.660156 0.3625 0.4625 0.621875 0.00121593
1 0.698438 0.308203 0.4 0.502344 0.00115585
1 0.694141 0.4875 0.407031 0.859375 0.00101662
1 0.494531 0.0861328 0.842188 0.147852 0.00101662
1 0.486719 0.478125 0.792188 0.85 0.893066
1 0.828906 0.491406 0.342187 0.879687 0.00250244
0 0.485547 0.4875 0.791406 0.8375 0.00109863
1 0.487891 0.488281 0.800781 0.870313 0.927734
1 0.788281 0.494531 0.423438 0.867188 0.00104046
1 0.483594 0.481641 0.798437 0.861719 0.913574
1 0.487891 0.488281 0.800781 0.870313 0.927734
1 0.788281 0.494531 0.423438 0.867188 0.00104046
