0 0.5375 0.511719 0.86875 0.829687 0.595703
1 0.526563 0.507422 0.86875 0.844531 0.452393
0 0.269336 0.122461 0.269922 0.2375 0.314941
1 0.331641 0.508984 0.466406 0.839844 0.058136
1 0.269336 0.122754 0.267578 0.235352 0.0354919
0 0.317187 0.508594 0.440625 0.823438 0.0294189
0 0.0728516 0.120898 0.133203 0.241797 0.00419998
0 0.676172 0.541797 0.571094 0.782031 0.00400543
0 0.727344 0.591016 0.471875 0.655469 0.00273705
0 0.539844 0.703906 0.826563 0.473437 0.00252151
1 0.273242 0.447266 0.345703 0.672656 0.00229645
1 0.0713379 0.131738 0.142676 0.263477 0.00227928
0 0.273242 0.447266 0.345703 0.672656 0.00219917
0 0.080542 0.380469 0.149072 0.519531 0.00200272
0 0.0759766 0.503516 0.139648 0.771094 0.00186729
0 0.115527 0.409375 0.224414 0.575 0.00175476
0 0.55625 0.364062 0.8 0.549219 0.00168133
0 0.894922 0.845508 0.210156 0.308984 0.0016489
1 0.539844 0.703906 0.826563 0.473437 0.00163555
0 0.0745605 0.113086 0.149121 0.226172 0.00153637
0 0.459375 0.996094 0.214844 0.0078125 0.00150108
0 0.328125 0.995703 0.226562 0.00859375 0.00145531
0 0.129102 0.508203 0.251953 0.825781 0.00141621
0 0.83125 0.596875 0.276563 0.664062 0.00140476
0 0.919531 0.504004 0.160938 0.674805 0.00135136
0 0.105078 0.333203 0.202344 0.4125 0.00133514
0 0.405078 0.716016 0.600781 0.442969 0.00133038
1 0.0759766 0.503516 0.139648 0.771094 0.00131989
0 0.509766 0.996094 0.223438 0.0078125 0.00128937
0 0.874609 0.806445 0.250781 0.387109 0.00124931
1 0.0578613 0.165137 0.115723 0.330273 0.00124931
1 0.080542 0.380469 0.149072 0.519531 0.00124454
0 0.903125 0.552734 0.15 0.769531 0.00121117
1 0.077832 0.116699 0.139648 0.233398 0.00119686
0 0.913281 0.995703 0.173438 0.00859375 0.00119686
0 0.809375 0.991406 0.35 0.0171875 0.00118828
1 0.328125 0.995703 0.226562 0.00859375 0.00118828
0 0.693359 0.667188 0.525781 0.521875 0.0011692
0 0.567969 0.996094 0.235938 0.0078125 0.00116062
1 0.0745605 0.113086 0.149121 0.226172 0.0011425
0 0.205273 0.996094 0.224609 0.0078125 0.00112057
0 0.280469 0.996094 0.232812 0.0078125 0.00110722
1 0.676172 0.541797 0.571094 0.782031 0.00108147
0 0.445996 0.958594 0.198633 0.0828125 0.00108147
0 0.378906 0.995703 0.222656 0.00859375 0.00108147
0 0.944531 0.442969 0.110937 0.621875 0.00106049
0 0.0578613 0.165137 0.115723 0.330273 0.00105667
0 0.116113 0.979688 0.232227 0.040625 0.00105667
1 0.129102 0.508203 0.251953 0.825781 0.00104809
0 0.663672 0.323438 0.591406 0.471875 0.00103664
0 0.0836426 0.996094 0.167285 0.0078125 0.00102806
0 0.316797 0.0695801 0.172656 0.133105 0.00102043
0 0.84082 0.850195 0.318359 0.299609 0.00102043
0 0.229687 0.991016 0.43125 0.0179687 0.00101185
0 0.525 0.511719 0.829687 0.814062 0.917969
0 0.696875 0.517969 0.528125 0.801562 0.0317383
1 0.533594 0.517187 0.815625 0.815625 0.0162811
0 0.269141 0.11582 0.267969 0.227734 0.00800323
0 0.396094 0.659375 0.571875 0.532812 0.00634003
0 0.795313 0.519141 0.340625 0.778906 0.00568771
0 0.51875 0.645703 0.795313 0.560156 0.0039444
0 0.292139 0.618848 0.384473 0.57168 0.00259018
0 0.486328 0.775781 0.730469 0.298438 0.00183868
0 0.813281 0.607813 0.307813 0.584375 0.00166798
0 0.728125 0.63125 0.453125 0.573438 0.00105286
0 0.9 0.871289 0.2 0.257422 0.00101662
0 0.54375 0.517187 0.86875 0.8375 0.808105
1 0.540234 0.523438 0.883594 0.83125 0.0853882
0 0.274219 0.121094 0.252344 0.230469 0.0162201
0 0.755859 0.51875 0.428906 0.825 0.00269318
0 0.525781 0.973437 0.9 0.053125 0.00171375
0 0.703516 0.302734 0.592969 0.605469 0.00167465
0 0.284717 0.20918 0.279004 0.387891 0.0012207
0 0.538672 0.222314 0.841406 0.245996 0.0012207
0 0.548437 0.649609 0.85 0.582031 0.00117874
0 0.755469 0.705859 0.426562 0.453906 0.00100803
0 0.5375 0.510938 0.85625 0.839063 0.875977
0 0.531641 0.335352 0.858594 0.461328 0.286133
0 0.521094 0.221143 0.860937 0.241309 0.0188293
1 0.5375 0.510938 0.85625 0.839063 0.0142822
0 0.51875 0.820117 0.83125 0.253516 0.00901794
0 0.416016 0.477734 0.598437 0.738281 0.00496292
0 0.389941 0.292383 0.510742 0.378516 0.00340271
0 0.522656 0.750391 0.842188 0.380469 0.00313568
0 0.50625 0.852344 0.825 0.16875 0.00312424
0 0.329883 0.728906 0.443359 0.404687 0.00253105
0 0.423047 0.836719 0.633594 0.184375 0.00177479
0 0.411719 0.238867 0.429688 0.280078 0.00152493
0 0.546973 0.053418 0.538867 0.106836 0.00109005
0 0.542969 0.513281 0.859375 0.832812 0.689453
1 0.542969 0.513672 0.857813 0.836719 0.462891
0 0.287695 0.522656 0.351953 0.8125 0.00130463
0 0.538281 0.517969 0.873438 0.835938 0.914062
1 0.538281 0.522656 0.884375 0.829687 0.00270462
0 0.384766 0.525781 0.563281 0.814062 0.00253105
0 0.469531 0.590723 0.723437 0.698242 0.00139904
0 0.45625 0.730469 0.7 0.429688 0.00109863
0 0.541406 0.514063 0.839063 0.834375 0.88623
0 0.0890625 0.104297 0.172656 0.208594 0.00143814
0 0.533984 0.523828 0.841406 0.842969 0.850098
1 0.539062 0.521875 0.839063 0.846875 0.00273705
0 0.323438 0.112695 0.164062 0.225391 0.00188255
0 0.0836914 0.106836 0.167383 0.213672 0.00161076
0 0.308984 0.539844 0.403125 0.7875 0.00149536
0 0.541406 0.523438 0.839063 0.859375 0.897461
0 0.0845215 0.103906 0.169043 0.207813 0.00479126
0 0.708984 0.781055 0.502344 0.306641 0.00120163
1 0.536328 0.527344 0.842969 0.859375 0.00117874
0 0.537891 0.517187 0.861719 0.846875 0.945312
0 0.541406 0.523438 0.839063 0.859375 0.897461
0 0.0845215 0.104102 0.169043 0.208203 0.00475693
0 0.708984 0.781055 0.502344 0.306641 0.0012064
1 0.536328 0.527344 0.842969 0.859375 0.00118351
