1 0.420312 0.502734 0.803125 0.847656 0.914062
0 0.430469 0.500781 0.814062 0.840625 0.0210114
0 0.0471191 0.848633 0.0897461 0.283984 0.00426483
1 0.333594 0.364062 0.61875 0.535937 0.00352478
1 0.0471191 0.848633 0.0897461 0.283984 0.00316048
1 0.392578 0.704297 0.674219 0.441406 0.00294685
0 0.0833008 0.996094 0.166602 0.0078125 0.00277901
0 0.913281 0.996875 0.173438 0.00625 0.00225258
0 0.0469727 0.794531 0.0939453 0.395312 0.00218201
1 0.228516 0.498437 0.407031 0.8125 0.00218201
1 0.564746 0.540527 0.575195 0.683008 0.00216484
0 0.83457 0.489844 0.330859 0.846875 0.00215721
1 0.0469727 0.794531 0.0939453 0.395312 0.00211525
1 0.83457 0.489844 0.330859 0.846875 0.0020752
1 0.747656 0.491797 0.482812 0.857031 0.00206757
0 0.0306885 0.728125 0.061377 0.3375 0.00201988
1 0.0306885 0.728125 0.061377 0.3375 0.00198746
0 0.913281 0.942187 0.173438 0.115625 0.00194931
1 0.0214844 0.689844 0.0429688 0.340625 0.00178909
0 0.827344 0.988281 0.345313 0.0234375 0.00178242
0 0.916406 0.499219 0.167187 0.826563 0.00163555
0 0.488281 0.995703 0.226562 0.00859375 0.00162315
0 0.0214844 0.689844 0.0429688 0.340625 0.00161076
0 0.815039 0.84375 0.369922 0.3125 0.00157356
0 0.747656 0.491797 0.482812 0.857031 0.00154877
0 0.0581055 0.924219 0.116211 0.151562 0.00154877
1 0.793555 0.989062 0.394141 0.021875 0.00152493
1 0.509473 0.684375 0.663867 0.48125 0.00149536
1 0.500684 0.605566 0.698633 0.654492 0.00144386
1 0.060498 0.980469 0.120996 0.0390625 0.0014267
1 0.791992 0.849023 0.397266 0.301953 0.00137806
0 0.763672 0.991406 0.408594 0.0171875 0.00136662
1 0.480859 0.989062 0.816406 0.021875 0.00135612
0 0.436328 0.996094 0.222656 0.0078125 0.00131989
1 0.923828 0.996875 0.152344 0.00625 0.0012846
1 0.306641 0.719922 0.510938 0.411719 0.00126934
0 0.540625 0.995703 0.23125 0.00859375 0.00125504
1 0.916406 0.499219 0.167187 0.826563 0.00123978
0 0.515625 0.989062 0.84375 0.021875 0.00122547
0 0.060498 0.980469 0.120996 0.0390625 0.00121593
0 0.449316 0.964063 0.21543 0.071875 0.00121117
0 0.0515625 0.904688 0.0992187 0.190625 0.0012064
1 0.861133 0.988281 0.277734 0.0234375 0.0011425
0 0.0542969 0.80625 0.108594 0.3875 0.0011158
1 0.0964844 0.996094 0.192969 0.0078125 0.00110722
0 0.9375 0.499219 0.125 0.801562 0.00109005
0 0.400781 0.958984 0.220313 0.0820312 0.00106525
1 0.723047 0.990625 0.452344 0.01875 0.00104809
1 0.0146484 0.6625 0.0292969 0.365625 0.00104046
0 0.386035 0.996484 0.224805 0.00703125 0.00101662
1 0.375781 0.990625 0.635156 0.01875 0.00101185
0 0.332031 0.996484 0.219531 0.00703125 0.00101185
0 0.5 0.963281 0.214062 0.0734375 0.00100803
0 0.9 0.985156 0.2 0.0296875 0.00100422
1 0.431934 0.515625 0.79082 0.814062 0.856445
0 0.431934 0.515625 0.79082 0.814062 0.0307312
0 0.942187 0.228516 0.115625 0.457031 0.00141048
1 0.429297 0.521484 0.810156 0.808594 0.856934
0 0.946094 0.101978 0.107813 0.196826 0.0137405
0 0.429297 0.520312 0.813281 0.807813 0.00378036
1 0.946094 0.101978 0.107813 0.196826 0.00279999
1 0.45625 0.200586 0.871875 0.184766 0.00229645
1 0.625781 0.514453 0.43125 0.808594 0.00206757
0 0.456641 0.981641 0.855469 0.0367187 0.00119686
1 0.425 0.382129 0.80625 0.53418 0.00118351
1 0.432813 0.508594 0.798437 0.829687 0.838379
0 0.432031 0.508594 0.801562 0.828125 0.0133743
1 0.428027 0.295508 0.79707 0.387891 0.0114212
0 0.36875 0.305469 0.685938 0.407813 0.00955963
0 0.385156 0.231641 0.704687 0.260547 0.00500107
1 0.385156 0.231641 0.704687 0.260547 0.00358009
0 0.435254 0.842188 0.788867 0.1625 0.00194931
0 0.326562 0.126563 0.266406 0.0550781 0.00175476
1 0.435254 0.842188 0.788867 0.1625 0.0016489
1 0.327734 0.713281 0.596094 0.395312 0.00138283
0 0.388672 0.857813 0.689844 0.125 0.00130939
0 0.445312 0.80918 0.78125 0.225391 0.00117397
1 0.445312 0.80918 0.78125 0.225391 0.00110722
0 0.352344 0.760156 0.64375 0.3125 0.00107288
1 0.428906 0.503125 0.835938 0.829687 0.908203
0 0.428906 0.503125 0.835938 0.829687 0.00432968
1 0.439844 0.510156 0.834375 0.826563 0.896484
0 0.439844 0.512891 0.835938 0.821094 0.0208435
1 0.436719 0.508594 0.807813 0.829687 0.922852
0 0.360547 0.0713867 0.0484375 0.0583984 0.00148964
1 0.637891 0.504687 0.427344 0.83125 0.0011158
1 0.432813 0.510156 0.809375 0.829687 0.869629
0 0.435937 0.510938 0.80625 0.83125 0.0436096
1 0.44209 0.759375 0.792383 0.33125 0.00106049
1 0.4375 0.5125 0.80625 0.825 0.921387
0 0.942578 0.111914 0.114844 0.219922 0.00399017
1 0.942578 0.111914 0.114844 0.219922 0.00143814
0 0.941406 0.0805664 0.117188 0.158594 0.00119686
1 0.438281 0.515625 0.815625 0.815625 0.918457
1 0.4375 0.512891 0.80625 0.825781 0.921387
0 0.942578 0.111914 0.114844 0.219922 0.00395966
1 0.942578 0.111914 0.114844 0.219922 0.00144386
0 0.941406 0.0805664 0.117188 0.158594 0.00118828
