1 0.477344 0.521094 0.795313 0.83125 0.869141
0 0.484473 0.51875 0.77793 0.840625 0.0288696
0 0.0440918 0.890625 0.0854492 0.203125 0.00439835
1 0.0440918 0.890625 0.0854492 0.203125 0.00328636
0 0.0405762 0.854688 0.0786133 0.282813 0.00257111
0 0.0794434 0.996484 0.158887 0.00703125 0.0024147
1 0.466309 0.715625 0.704883 0.446875 0.00228691
0 0.772266 0.497656 0.455469 0.832812 0.00184631
1 0.323047 0.721875 0.460938 0.428125 0.00183105
1 0.581152 0.576172 0.604883 0.716406 0.0016489
1 0.772266 0.497656 0.455469 0.832812 0.00158501
0 0.942187 0.504687 0.115625 0.78125 0.00153637
0 0.0420898 0.814258 0.0841797 0.371484 0.00145531
0 0.0464844 0.925 0.0929687 0.15 0.00143242
1 0.732031 0.990625 0.428125 0.01875 0.00137234
0 0.910937 0.996875 0.178125 0.00625 0.00137234
0 0.832227 0.991406 0.335547 0.0171875 0.00136662
0 0.925781 0.497656 0.148438 0.821875 0.00133514
0 0.757422 0.989844 0.413281 0.0203125 0.00133514
1 0.0724609 0.98125 0.144922 0.0375 0.00130463
0 0.765625 0.848633 0.407813 0.302734 0.00126934
0 0.825586 0.84082 0.348828 0.318359 0.00125504
0 0.0724609 0.98125 0.144922 0.0375 0.00121593
1 0.234961 0.991406 0.389453 0.0171875 0.00115108
1 0.792383 0.989844 0.393359 0.0203125 0.00113773
0 0.0481934 0.913281 0.0963867 0.173438 0.00113392
0 0.574609 0.690234 0.607031 0.475781 0.00112057
0 0.0311768 0.773047 0.0623535 0.375781 0.0011034
1 0.0794434 0.996484 0.158887 0.00703125 0.00109482
0 0.9125 0.93125 0.175 0.1375 0.00108624
1 0.765625 0.848633 0.407813 0.302734 0.00108147
1 0.0420898 0.814258 0.0841797 0.371484 0.00108147
0 0.79375 0.470703 0.246875 0.714844 0.00107288
1 0.615625 0.454004 0.542188 0.623242 0.00107288
1 0.574609 0.690234 0.607031 0.475781 0.00105667
0 0.208545 0.870313 0.29541 0.259375 0.00103188
0 0.581152 0.576172 0.604883 0.716406 0.00102806
1 0.922656 0.996875 0.154687 0.00625 0.00101662
1 0.484375 0.524219 0.765625 0.804688 0.816895
0 0.484375 0.524219 0.765625 0.804688 0.0797729
1 0.6375 0.513281 0.485938 0.789062 0.0012846
0 0.259961 0.496094 0.519922 0.889063 0.00121593
1 0.486719 0.528125 0.789062 0.803125 0.859863
0 0.953906 0.0965088 0.0921875 0.185107 0.0153046
0 0.494922 0.531641 0.775781 0.786719 0.00763702
1 0.66875 0.532422 0.429688 0.791406 0.00717545
1 0.953906 0.0965088 0.0921875 0.185107 0.00293541
0 0.958594 0.13125 0.0828125 0.2625 0.00130939
1 0.482031 0.285107 0.804688 0.321973 0.00119686
1 0.488379 0.521484 0.779492 0.796094 0.784668
0 0.4875 0.522656 0.775 0.79375 0.028656
1 0.484766 0.340625 0.774219 0.43125 0.0102921
0 0.484766 0.340625 0.774219 0.43125 0.00717545
0 0.488379 0.264453 0.779492 0.289062 0.00582123
1 0.488379 0.264453 0.779492 0.289062 0.00329781
0 0.444629 0.73125 0.676367 0.395312 0.00206757
1 0.444629 0.73125 0.676367 0.395312 0.00154305
0 0.353906 0.748047 0.495313 0.346094 0.00102425
1 0.499902 0.520312 0.756445 0.803125 0.881836
0 0.503516 0.516016 0.772656 0.799219 0.00579834
1 0.488379 0.523828 0.788867 0.805469 0.900879
0 0.486328 0.521484 0.786719 0.803906 0.00234985
0 0.681641 0.303516 0.386719 0.369531 0.00115585
1 0.501172 0.522656 0.763281 0.804688 0.911621
1 0.638672 0.521094 0.489844 0.803125 0.00200272
1 0.494922 0.526563 0.766406 0.801562 0.896973
0 0.494531 0.521875 0.754687 0.80625 0.0026722
0 0.902344 0.935156 0.195312 0.123438 0.00178242
1 0.500781 0.522656 0.751562 0.807813 0.911621
0 0.950391 0.0769531 0.0992187 0.149023 0.00236893
0 0.951563 0.112207 0.096875 0.217383 0.0019722
0 0.500098 0.523438 0.756055 0.817187 0.00109863
1 0.494629 0.521094 0.754492 0.80625 0.914062
0 0.494141 0.521484 0.755469 0.805469 0.00223351
1 0.500781 0.522656 0.751562 0.807813 0.911133
0 0.950391 0.0769531 0.0992187 0.149023 0.00237846
0 0.951563 0.112305 0.096875 0.217578 0.0019722
0 0.500098 0.523438 0.756055 0.817187 0.00112057
