1 0.510254 0.504297 0.723242 0.819531 0.877441
0 0.515625 0.507031 0.714063 0.814062 0.0130692
1 0.519531 0.674219 0.70625 0.448438 0.00284576
1 0.531641 0.989844 0.852344 0.0203125 0.00271416
1 0.488281 0.929688 0.895312 0.140625 0.00256157
1 0.112402 0.475391 0.205273 0.771094 0.00246239
1 0.475 0.896875 0.884375 0.20625 0.00245285
0 0.926953 0.996094 0.146094 0.0078125 0.00201988
1 0.334766 0.499609 0.346094 0.782031 0.00183868
1 0.946875 0.501562 0.10625 0.734375 0.00170708
1 0.789453 0.795313 0.421094 0.409375 0.0016489
1 0.505078 0.852344 0.772656 0.295312 0.00164223
0 0.0588379 0.0919922 0.112988 0.183984 0.00163555
1 0.842383 0.485254 0.315234 0.77793 0.00161076
1 0.930469 0.483594 0.139062 0.742188 0.00149536
0 0.0859375 0.996484 0.171875 0.00703125 0.00145531
1 0.765234 0.849805 0.307031 0.300391 0.00134087
1 0.926953 0.996094 0.146094 0.0078125 0.00133514
0 0.16084 0.996094 0.222852 0.0078125 0.00133038
0 0.205273 0.995703 0.219531 0.00859375 0.00131989
1 0.48584 0.358203 0.773633 0.716406 0.00123501
1 0.604297 0.511719 0.547656 0.734375 0.00121593
0 0.165234 0.979688 0.330469 0.040625 0.00121117
1 0.165234 0.979688 0.330469 0.040625 0.00121117
1 0.231445 0.990625 0.462891 0.01875 0.00121117
0 0.946875 0.501562 0.10625 0.734375 0.00118828
1 0.407813 0.833594 0.740625 0.325 0.00118828
0 0.113574 0.996094 0.218945 0.0078125 0.00118351
0 0.531641 0.989844 0.852344 0.0203125 0.00116539
1 0.649609 0.991406 0.571094 0.0171875 0.00115108
0 0.90625 0.996094 0.184375 0.0078125 0.00113392
0 0.231445 0.990625 0.462891 0.01875 0.00111198
0 0.971094 0.975781 0.0578125 0.0484375 0.00110722
0 0.0637695 0.067334 0.127539 0.134668 0.00107288
1 0.291992 0.769141 0.510547 0.328906 0.00103188
1 0.519141 0.494141 0.702344 0.758594 0.864258
0 0.520312 0.497656 0.695312 0.757812 0.0106964
1 0.524219 0.507422 0.710938 0.772656 0.868164
0 0.524219 0.507422 0.710938 0.772656 0.00335121
1 0.489844 0.225439 0.828125 0.220996 0.00282288
1 0.63125 0.512109 0.4875 0.774219 0.00191212
1 0.471875 0.271094 0.809375 0.299219 0.00163555
1 0.500781 0.942187 0.884375 0.115625 0.00158501
1 0.514063 0.980078 0.884375 0.0398437 0.00154877
0 0.514063 0.980078 0.884375 0.0398437 0.00119686
0 0.0667969 0.985156 0.133594 0.0296875 0.00110722
1 0.517285 0.50459 0.710742 0.761133 0.8125
0 0.517187 0.499219 0.71875 0.7625 0.00664139
1 0.507715 0.725 0.67832 0.348437 0.00156689
1 0.495313 0.77832 0.667188 0.246484 0.0011034
1 0.529688 0.505078 0.70625 0.774219 0.901367
0 0.525391 0.497754 0.700781 0.77793 0.00453949
1 0.528516 0.513672 0.708594 0.794531 0.873535
0 0.515723 0.511719 0.72168 0.792188 0.0252228
1 0.526465 0.49834 0.68457 0.775195 0.900391
1 0.779688 0.498828 0.21875 0.796094 0.00227928
1 0.805859 0.497266 0.388281 0.827344 0.0017271
1 0.525 0.500781 0.704687 0.775 0.890137
1 0.508984 0.751562 0.686719 0.285937 0.00156116
1 0.527344 0.503125 0.696875 0.779688 0.925293
1 0.534766 0.753125 0.685156 0.278125 0.00133514
0 0.939062 0.87207 0.121875 0.255859 0.00121593
1 0.939062 0.87207 0.121875 0.255859 0.00113773
1 0.519141 0.502441 0.692969 0.763867 0.927246
1 0.527344 0.503125 0.696875 0.779688 0.925293
1 0.534766 0.753125 0.685156 0.278125 0.00132465
0 0.939062 0.87207 0.121875 0.255859 0.0012064
1 0.939062 0.87207 0.121875 0.255859 0.00113773
