1 0.495313 0.478906 0.928125 0.801562 0.867676
0 0.50625 0.480078 0.928125 0.786719 0.0376892
1 0.485156 0.341797 0.901563 0.683594 0.00411606
1 0.482812 0.65625 0.832812 0.439063 0.00397491
1 0.312891 0.471777 0.564844 0.742383 0.00301552
1 0.535547 0.989844 0.883594 0.0203125 0.00251198
1 0.426562 0.373828 0.776563 0.747656 0.00232315
1 0.683594 0.558594 0.615625 0.617188 0.00222588
0 0.865234 0.837305 0.269531 0.322266 0.00194931
1 0.51875 0.899219 0.945312 0.201562 0.00178909
0 0.567578 0.990234 0.838281 0.0195312 0.00173378
1 0.865234 0.837305 0.269531 0.322266 0.00168133
0 0.557031 0.995703 0.221875 0.00859375 0.00160408
1 0.625879 0.653516 0.698242 0.436719 0.00158501
0 0.505469 0.995703 0.21875 0.00859375 0.00157928
0 0.611719 0.996094 0.234375 0.0078125 0.00143242
1 0.344336 0.660937 0.597266 0.428125 0.0014267
0 0.455078 0.995703 0.222656 0.00859375 0.0014267
0 0.378223 0.995703 0.224805 0.00859375 0.00126934
0 0.51875 0.899219 0.945312 0.201562 0.00126457
1 0.557031 0.995703 0.221875 0.00859375 0.00123024
0 0.327344 0.995703 0.221875 0.00859375 0.00123024
0 0.661719 0.995703 0.234375 0.00859375 0.0012207
0 0.707812 0.995313 0.226562 0.009375 0.00118828
1 0.505469 0.995703 0.21875 0.00859375 0.00117874
0 0.0822754 0.996484 0.164551 0.00703125 0.00115108
1 0.611719 0.996094 0.234375 0.0078125 0.00113773
1 0.13291 0.980859 0.26582 0.0382813 0.00106525
1 0.661719 0.995703 0.234375 0.00859375 0.00105667
1 0.380859 0.991016 0.669531 0.0179687 0.00105286
0 0.492969 0.34082 0.917188 0.681641 0.00104809
1 0.281836 0.990625 0.539453 0.01875 0.00102425
0 0.54375 0.650391 0.8375 0.449219 0.00101662
0 0.13291 0.980859 0.26582 0.0382813 0.00100803
0 0.276953 0.995703 0.221094 0.00859375 0.00100803
1 0.532812 0.493359 0.871875 0.757031 0.796875
0 0.5375 0.489062 0.840625 0.754687 0.00174809
1 0.896484 0.508984 0.207031 0.717969 0.0012064
1 0.503906 0.490234 0.929688 0.757031 0.918457
1 0.505469 0.736914 0.953125 0.526172 0.0110703
0 0.508984 0.494922 0.944531 0.764844 0.00714874
1 0.510156 0.85 0.953125 0.3 0.00299263
1 0.767969 0.497656 0.448438 0.732813 0.00171375
1 0.514063 0.219873 0.95 0.283691 0.00151253
1 0.517187 0.0345215 0.8875 0.069043 0.00124454
1 0.521484 0.0763184 0.919531 0.152637 0.00107288
1 0.535156 0.498437 0.867188 0.76875 0.80127
1 0.508594 0.278564 0.85625 0.339746 0.0126266
1 0.458594 0.238721 0.767187 0.261621 0.00527954
0 0.535156 0.498437 0.867188 0.76875 0.00503922
1 0.510938 0.353125 0.86875 0.482031 0.00496292
1 0.498437 0.781055 0.940625 0.187891 0.00154305
0 0.503125 0.241846 0.865625 0.266309 0.00143242
0 0.498437 0.781055 0.940625 0.187891 0.0012064
1 0.513281 0.482812 0.973437 0.776563 0.906738
0 0.521875 0.485156 0.951563 0.75625 0.00591278
1 0.517969 0.49375 0.932813 0.767187 0.920898
0 0.517969 0.49375 0.932813 0.767187 0.00508118
1 0.515625 0.488965 0.920313 0.768945 0.90918
1 0.527734 0.0560059 0.903906 0.112012 0.00233269
1 0.516797 0.139941 0.888281 0.227148 0.00170708
1 0.521094 0.0369141 0.885938 0.0738281 0.00143814
1 0.769141 0.487402 0.453906 0.762695 0.0011425
1 0.565234 0.497266 0.841406 0.763281 0.898438
0 0.564844 0.491797 0.845312 0.757031 0.00353813
1 0.542578 0.500098 0.880469 0.756055 0.913574
0 0.567969 0.494531 0.804688 0.760938 0.00335121
1 0.505078 0.490625 0.957031 0.770312 0.93457
0 0.50625 0.491797 0.954687 0.769531 0.00169373
1 0.542188 0.500098 0.88125 0.756055 0.913574
0 0.567969 0.494531 0.804688 0.760938 0.00337601
