1 0.502734 0.541016 0.888281 0.867969 0.728516
0 0.502734 0.541016 0.888281 0.867969 0.145386
1 0.27207 0.261328 0.424609 0.389844 0.00671768
1 0.245312 0.344727 0.359375 0.545703 0.00641251
0 0.837109 0.880469 0.325781 0.239063 0.00598145
1 0.247998 0.511719 0.382129 0.88125 0.00403976
0 0.0869141 0.80957 0.164453 0.380859 0.00400543
0 0.27207 0.261328 0.424609 0.389844 0.00348282
1 0.188281 0.379785 0.277344 0.585742 0.00327301
0 0.849414 0.835156 0.301172 0.329688 0.00291252
1 0.497656 0.734375 0.796875 0.48125 0.00279999
0 0.251367 0.346289 0.384766 0.549609 0.00270462
1 0.371484 0.528516 0.638281 0.888281 0.0026722
1 0.130469 0.314453 0.114844 0.200781 0.00255013
1 0.676172 0.544531 0.555469 0.826563 0.00251198
0 0.37207 0.996094 0.244922 0.0078125 0.00236893
0 0.676172 0.544531 0.555469 0.826563 0.00233269
0 0.188281 0.379785 0.277344 0.585742 0.00230598
1 0.13772 0.355859 0.168311 0.521875 0.00219917
1 0.390234 0.75 0.635156 0.45 0.00213242
0 0.82168 0.966797 0.356641 0.0664062 0.00206757
1 0.837109 0.880469 0.325781 0.239063 0.00206757
0 0.838672 0.922266 0.322656 0.155469 0.00204277
1 0.0869141 0.80957 0.164453 0.380859 0.00194931
0 0.497656 0.734375 0.796875 0.48125 0.00194168
0 0.130469 0.314453 0.114844 0.200781 0.00188255
0 0.762891 0.543359 0.386719 0.635156 0.00187492
0 0.429004 0.996094 0.231055 0.0078125 0.00176811
0 0.802344 0.984375 0.378125 0.03125 0.00166798
0 0.128735 0.283008 0.133545 0.322266 0.0016613
0 0.32207 0.996094 0.308984 0.0078125 0.0015974
0 0.0695312 0.078125 0.136719 0.15625 0.00157356
1 0.849414 0.835156 0.301172 0.329688 0.00152493
0 0.390234 0.75 0.635156 0.45 0.00151253
0 0.60625 0.666406 0.696875 0.614062 0.00150681
0 0.90625 0.533203 0.13125 0.853906 0.00150108
0 0.177734 0.995313 0.219531 0.009375 0.00148964
0 0.127734 0.803906 0.246094 0.376563 0.00148964
0 0.247852 0.996094 0.238672 0.0078125 0.00144958
0 0.0770508 0.103516 0.154102 0.207031 0.00143814
0 0.582422 0.392188 0.741406 0.54375 0.00143242
0 0.247998 0.511719 0.382129 0.88125 0.00141621
1 0.128735 0.283008 0.133545 0.322266 0.00140476
1 0.220703 0.995313 0.2125 0.009375 0.00139427
0 0.944922 0.505469 0.110156 0.732813 0.00138855
1 0.108594 0.977734 0.217187 0.0445312 0.00135612
0 0.6875 0.674219 0.53125 0.529688 0.00135612
0 0.097168 0.281641 0.177539 0.372656 0.00134563
0 0.825781 0.544922 0.267188 0.813281 0.00133514
0 0.108594 0.977734 0.217187 0.0445312 0.00131512
0 0.13772 0.355859 0.168311 0.521875 0.00127411
0 0.907422 0.996094 0.185156 0.0078125 0.00121117
0 0.479688 0.996094 0.234375 0.0078125 0.00118828
1 0.582422 0.392188 0.741406 0.54375 0.00116539
1 0.82168 0.966797 0.356641 0.0664062 0.00116062
0 0.29043 0.75 0.435547 0.445312 0.00114727
1 0.0770508 0.103516 0.154102 0.207031 0.00112915
1 0.177734 0.995313 0.219531 0.009375 0.00112438
0 0.0876953 0.996094 0.175391 0.0078125 0.0011158
0 0.046875 0.139062 0.09375 0.278125 0.0011158
0 0.0855469 0.103418 0.155078 0.206836 0.00109005
1 0.288477 0.996094 0.308984 0.0078125 0.00108147
1 0.530078 0.662598 0.892969 0.61543 0.00107288
0 0.371484 0.528516 0.638281 0.888281 0.00106907
0 0.136719 0.995703 0.223438 0.00859375 0.00105286
0 0.23667 0.804492 0.336816 0.331641 0.00103664
1 0.802344 0.984375 0.378125 0.03125 0.00102806
1 0.838672 0.922266 0.322656 0.155469 0.00101185
0 0.957812 0.614844 0.084375 0.520312 0.00100422
0 0.5 0.539062 0.86875 0.8625 0.919434
0 0.646875 0.540625 0.582812 0.832812 0.0284424
1 0.479297 0.54375 0.803906 0.851562 0.0235138
0 0.129126 0.315039 0.116748 0.205078 0.0132217
0 0.201562 0.516406 0.403125 0.917188 0.00847626
0 0.711328 0.557129 0.474219 0.741992 0.00631332
0 0.805469 0.533203 0.309375 0.758594 0.00352478
0 0.369336 0.528906 0.616016 0.889063 0.00348282
0 0.133789 0.502344 0.267578 0.920313 0.00287819
1 0.129126 0.315039 0.116748 0.205078 0.00273705
0 0.897656 0.207227 0.204688 0.414453 0.0020504
0 0.766406 0.590234 0.36875 0.660156 0.00186729
0 0.362109 0.719531 0.589063 0.479688 0.00148392
0 0.274219 0.524219 0.45625 0.895312 0.00139904
0 0.897656 0.870703 0.204688 0.258594 0.00138855
0 0.873438 0.854688 0.253125 0.290625 0.00132465
0 0.471094 0.785742 0.801562 0.350391 0.00127411
0 0.806055 0.638672 0.300391 0.541406 0.0012598
0 0.724219 0.665234 0.44375 0.533594 0.00105667
0 0.434277 0.685156 0.70957 0.551562 0.00102043
1 0.201562 0.516406 0.403125 0.917188 0.00101662
0 0.517187 0.55 0.890625 0.85 0.92627
1 0.517578 0.550781 0.889844 0.845312 0.00452042
0 0.322656 0.529688 0.507812 0.821875 0.00439835
0 0.169336 0.511719 0.201562 0.909375 0.00397491
0 0.721094 0.532715 0.46875 0.79082 0.00209999
0 0.208643 0.518359 0.274902 0.857031 0.00205803
0 0.248779 0.464844 0.343066 0.757812 0.00182438
0 0.517969 0.69375 0.870313 0.546875 0.0011692
0 0.504687 0.542969 0.878125 0.8375 0.851074
0 0.505859 0.411719 0.872656 0.56875 0.138184
0 0.508203 0.735937 0.878906 0.451562 0.0202179
1 0.504687 0.542969 0.878125 0.8375 0.0119171
0 0.409277 0.774219 0.65957 0.375 0.00989532
0 0.505469 0.309814 0.867188 0.369434 0.00723267
0 0.491016 0.810742 0.836719 0.309766 0.00258064
0 0.634277 0.331641 0.600195 0.410156 0.00203514
0 0.363672 0.823633 0.542969 0.280859 0.00187492
0 0.484473 0.853125 0.798242 0.229687 0.00163555
0 0.295703 0.788281 0.424219 0.340625 0.00154877
0 0.113574 0.501172 0.227148 0.847656 0.00118351
0 0.507812 0.537891 0.9 0.830469 0.890137
1 0.507031 0.535547 0.9 0.832031 0.00201988
0 0.642187 0.532422 0.628125 0.813281 0.0011158
0 0.529688 0.5375 0.884375 0.829687 0.908691
0 0.389453 0.542969 0.636719 0.832812 0.00496292
1 0.530469 0.539062 0.879687 0.83125 0.00226974
0 0.519531 0.540625 0.870313 0.846875 0.903809
0 0.136914 0.510938 0.167578 0.86875 0.00108147
0 0.132617 0.403125 0.149609 0.579687 0.00103188
0 0.517187 0.550781 0.845312 0.839063 0.857422
0 0.0919922 0.515625 0.183984 0.834375 0.00419998
0 0.287109 0.689844 0.429688 0.560938 0.00211525
0 0.0972656 0.0939453 0.194531 0.187891 0.00110722
0 0.517969 0.54375 0.860937 0.853125 0.890625
1 0.521094 0.548437 0.8625 0.84375 0.00154877
0 0.832617 0.839063 0.331641 0.320312 0.00135612
0 0.515625 0.546875 0.890625 0.84375 0.938965
0 0.115039 0.517187 0.230078 0.901563 0.00641251
0 0.807617 0.854492 0.378516 0.291016 0.00115108
0 0.517969 0.54375 0.860937 0.853125 0.890625
1 0.521094 0.548437 0.8625 0.84375 0.00154305
0 0.832617 0.839258 0.331641 0.321484 0.00135612
