1 0.231641 0.285742 0.357031 0.455078 0.946777
1 0.506641 0.75 0.424219 0.44375 0.927734
1 0.7375 0.285742 0.385938 0.423828 0.89502
0 0.736719 0.287109 0.385938 0.427344 0.0153046
1 0.853125 0.691797 0.29375 0.528906 0.00651169
0 0.230908 0.284375 0.36084 0.460156 0.00559998
1 0.160156 0.750781 0.316406 0.482812 0.00439835
0 0.853125 0.691797 0.29375 0.528906 0.00399017
0 0.486816 0.996484 0.226367 0.00703125 0.00397491
0 0.532812 0.996875 0.228125 0.00625 0.00345612
1 0.871875 0.602344 0.25625 0.484375 0.00335121
1 0.378906 0.873438 0.671094 0.253125 0.00245285
1 0.321289 0.75625 0.642578 0.460938 0.00239754
0 0.44209 0.996484 0.231445 0.00703125 0.00233269
1 0.429785 0.758594 0.485742 0.44375 0.00228691
1 0.391406 0.991406 0.624219 0.0171875 0.00222588
0 0.871875 0.602344 0.25625 0.484375 0.00216484
1 0.411719 0.752344 0.259375 0.434375 0.00194931
0 0.50625 0.747656 0.417969 0.446875 0.00177479
1 0.435937 0.892969 0.601562 0.214062 0.00177479
1 0.227197 0.382422 0.352637 0.267188 0.00176144
0 0.580469 0.996484 0.232812 0.00703125 0.0017004
0 0.160156 0.750781 0.316406 0.482812 0.0015974
1 0.964844 0.247656 0.0703125 0.41875 0.00150108
1 0.414941 0.804883 0.631055 0.358984 0.00143814
1 0.767187 0.992188 0.320312 0.015625 0.00143814
1 0.00852051 0.333789 0.017041 0.255859 0.00134563
1 0.510156 0.996875 0.226562 0.00625 0.00130939
1 0.232031 0.991406 0.45 0.0171875 0.00126457
0 0.391309 0.996875 0.236133 0.00625 0.0012598
1 0.461621 0.996484 0.220508 0.00703125 0.00123501
1 0.164844 0.656641 0.323438 0.416406 0.00123501
0 0.964844 0.247656 0.0703125 0.41875 0.00122547
0 0.164844 0.656641 0.323438 0.416406 0.00121117
0 0.0253906 0.109668 0.0507812 0.219336 0.00119686
0 0.627734 0.996484 0.221094 0.00703125 0.00112057
1 0.207031 0.452246 0.358594 0.17207 0.00109482
0 0.00839844 0.375684 0.0167969 0.24707 0.00109482
0 0.915625 0.608984 0.16875 0.458594 0.00108147
0 0.491797 0.974609 0.244531 0.0507812 0.00106907
1 0.175732 0.872656 0.331348 0.254687 0.00103188
1 0.557813 0.996484 0.235938 0.00703125 0.00102425
1 0.464453 0.819531 0.472656 0.307813 0.00102425
1 0.736719 0.283008 0.382812 0.413672 0.907227
1 0.505859 0.744141 0.419531 0.432031 0.901855
1 0.228906 0.278711 0.357812 0.441016 0.865723
0 0.230078 0.278516 0.371094 0.446094 0.00757599
0 0.736719 0.283008 0.382812 0.413672 0.00706482
0 0.505859 0.744141 0.419531 0.432031 0.00511932
1 0.239258 0.290234 0.365234 0.442969 0.842285
1 0.741406 0.288086 0.373437 0.422266 0.708008
1 0.514844 0.749219 0.417188 0.43125 0.618652
1 0.228711 0.158423 0.325391 0.190186 0.00399017
1 0.116602 0.017041 0.233203 0.034082 0.00335121
1 0.138867 0.0636719 0.254687 0.116016 0.00247192
0 0.737109 0.291992 0.382031 0.434766 0.00212479
1 0.231787 0.432422 0.337988 0.149219 0.00152493
1 0.171387 0.134741 0.293164 0.146924 0.00152493
1 0.200195 0.0147949 0.264453 0.0295898 0.00150108
1 0.670703 0.0167969 0.447656 0.0335938 0.00150108
1 0.516797 0.635156 0.413281 0.198437 0.00148964
1 0.104492 0.0635742 0.208984 0.127148 0.00141621
0 0.242383 0.29043 0.357422 0.444922 0.00137234
1 0.0881836 0.0179687 0.176367 0.0359375 0.00136662
1 0.346094 0.0154785 0.482812 0.030957 0.00127888
1 0.261768 0.0147949 0.306934 0.0295898 0.0012064
0 0.0817383 0.0268799 0.163477 0.0537598 0.00120163
0 0.116602 0.017041 0.233203 0.034082 0.00112057
1 0.0817383 0.0268799 0.163477 0.0537598 0.00106049
1 0.692969 0.178516 0.478125 0.208203 0.00105667
1 0.337891 0.155493 0.608594 0.184717 0.00100803
1 0.734375 0.286523 0.375 0.423047 0.900391
1 0.239893 0.279883 0.363184 0.446484 0.885254
1 0.507812 0.744531 0.424219 0.4375 0.855469
0 0.237891 0.289453 0.364844 0.438281 0.0125275
0 0.736328 0.285352 0.380469 0.423047 0.00304031
1 0.269189 0.172559 0.22959 0.230664 0.00209999
0 0.507812 0.744531 0.424219 0.4375 0.0019722
1 0.519531 0.282227 0.898438 0.394922 0.00110722
1 0.7375 0.280078 0.390625 0.422656 0.919434
1 0.510938 0.746484 0.426562 0.436719 0.900879
1 0.236914 0.281641 0.364453 0.451562 0.894531
0 0.238672 0.282227 0.369531 0.458984 0.0345459
0 0.737109 0.282031 0.382031 0.425 0.00234222
0 0.509766 0.748047 0.428906 0.430469 0.00113392
1 0.23457 0.284375 0.362109 0.450781 0.897949
1 0.509766 0.745703 0.432813 0.435156 0.870117
1 0.735937 0.284375 0.389062 0.426562 0.803223
0 0.736719 0.285547 0.3875 0.426562 0.141479
0 0.507031 0.742969 0.425781 0.435937 0.0883179
0 0.239014 0.283984 0.373535 0.45 0.0250854
1 0.506641 0.746875 0.423438 0.434375 0.914062
1 0.233789 0.283203 0.360547 0.452344 0.905762
1 0.732813 0.283398 0.38125 0.417578 0.902344
0 0.234814 0.277539 0.370996 0.458984 0.00709534
1 0.237891 0.16582 0.333594 0.222266 0.00314713
0 0.508984 0.745703 0.425781 0.438281 0.00242424
1 0.763281 0.486328 0.473437 0.872656 0.00237846
0 0.732031 0.281641 0.392188 0.423438 0.00232315
1 0.735156 0.284961 0.385938 0.425391 0.901367
1 0.509766 0.747656 0.421875 0.439063 0.88916
1 0.238281 0.283594 0.370313 0.455469 0.878418
0 0.735937 0.281445 0.3875 0.425391 0.00510025
1 0.475781 0.257422 0.951563 0.514844 0.00206757
1 0.507129 0.747656 0.418555 0.432813 0.920898
1 0.23457 0.283984 0.363672 0.455469 0.918945
1 0.735156 0.285156 0.379687 0.421875 0.90625
1 0.733203 0.350586 0.374219 0.289453 0.00118828
1 0.50625 0.75 0.420312 0.435937 0.903809
1 0.234961 0.284375 0.366016 0.457031 0.900391
1 0.734375 0.283594 0.38125 0.423438 0.880859
0 0.234961 0.284375 0.366016 0.457031 0.00200272
0 0.732813 0.283203 0.379687 0.425781 0.00133038
1 0.507129 0.746875 0.418555 0.432813 0.920898
1 0.23457 0.283984 0.363672 0.455469 0.918945
1 0.735547 0.285156 0.380469 0.421875 0.905762
1 0.733203 0.350391 0.374219 0.289844 0.00118828
