0 0.491797 0.596191 0.757031 0.751367 0.680176
0 0.262891 0.139551 0.310156 0.225195 0.451416
1 0.262891 0.139551 0.310156 0.225195 0.273682
1 0.500391 0.60791 0.755469 0.741992 0.163696
0 0.573438 0.619922 0.609375 0.646094 0.00626373
1 0.430859 0.451562 0.635156 0.896875 0.00605011
0 0.430859 0.451562 0.635156 0.896875 0.00488663
0 0.753125 0.621484 0.2625 0.655469 0.00277901
0 0.803906 0.596094 0.176563 0.673437 0.00274658
0 0.680469 0.629297 0.410937 0.647656 0.00227928
0 0.309375 0.578516 0.38125 0.603906 0.00197983
0 0.7875 0.571094 0.25 0.770312 0.00183868
0 0.352734 0.591406 0.459375 0.754687 0.00179577
0 0.363672 0.441016 0.467969 0.685156 0.00168705
0 0.0982422 0.290625 0.184375 0.390625 0.00150108
0 0.822852 0.539062 0.354297 0.834375 0.00144958
0 0.510938 0.995313 0.224219 0.009375 0.00140476
0 0.611719 0.701563 0.525 0.504687 0.0012846
0 0.564062 0.995313 0.235938 0.009375 0.0012064
0 0.940625 0.552344 0.11875 0.792188 0.00119686
0 0.974219 0.942187 0.0515625 0.115625 0.0011158
0 0.461719 0.995703 0.228125 0.00859375 0.00106907
0 0.338281 0.744922 0.41875 0.427344 0.00106049
0 0.621875 0.996094 0.254687 0.0078125 0.00100803
0 0.497559 0.623828 0.726758 0.683594 0.924805
0 0.265625 0.135937 0.314063 0.21875 0.310791
0 0.291992 0.633594 0.336328 0.615625 0.0571899
0 0.701563 0.620313 0.35 0.640625 0.0196381
0 0.358594 0.628027 0.46875 0.636133 0.00796509
0 0.15166 0.528906 0.30332 0.882812 0.00466537
0 0.624609 0.621191 0.505469 0.648242 0.00391388
0 0.244189 0.595312 0.274121 0.75 0.00376511
0 0.3625 0.142188 0.513281 0.225 0.00351143
1 0.265625 0.135937 0.314063 0.21875 0.00328636
0 0.489844 0.230859 0.782812 0.461719 0.00235939
1 0.497559 0.623828 0.726758 0.683594 0.00201035
0 0.694531 0.741406 0.351562 0.404687 0.00175476
0 0.453125 0.829687 0.591406 0.251563 0.00175476
0 0.377344 0.496484 0.498437 0.433594 0.00165462
0 0.472266 0.166992 0.746094 0.333984 0.00145531
0 0.757031 0.639453 0.317187 0.632031 0.00138283
0 0.889063 0.513281 0.221875 0.864062 0.00137806
0 0.850781 0.857813 0.298438 0.284375 0.00136662
0 0.846484 0.634473 0.307031 0.635742 0.00129986
0 0.207422 0.828516 0.396094 0.342969 0.0011692
0 0.105469 0.546875 0.210938 0.809375 0.00112915
0 0.66875 0.803125 0.395312 0.29375 0.00112915
0 0.850781 0.45 0.298438 0.848437 0.00110722
0 0.750391 0.54375 0.352344 0.81875 0.00106907
0 0.184277 0.587598 0.368555 0.748242 0.00106525
0 0.335938 0.448047 0.414844 0.328906 0.00105286
0 0.930078 0.575781 0.139844 0.728125 0.00102425
0 0.298389 0.502734 0.35166 0.416406 0.00101662
0 0.495996 0.629297 0.762695 0.672656 0.890137
0 0.268945 0.145703 0.305859 0.217578 0.346924
1 0.498047 0.628906 0.755469 0.6875 0.0171051
0 0.672266 0.632422 0.416406 0.675781 0.00728989
1 0.269531 0.143164 0.309375 0.213672 0.00255013
0 0.494922 0.626172 0.744531 0.682031 0.881836
0 0.269141 0.142188 0.313281 0.223438 0.637695
0 0.46875 0.525781 0.689062 0.485938 0.0362854
0 0.489844 0.424609 0.757812 0.289062 0.0157166
1 0.491797 0.613672 0.766406 0.661719 0.00919342
1 0.269531 0.142383 0.309375 0.223047 0.00450516
0 0.35625 0.560059 0.459375 0.536133 0.00210762
0 0.383203 0.736719 0.505469 0.434375 0.00183868
0 0.505078 0.853906 0.567969 0.210938 0.00137806
0 0.494141 0.723437 0.736719 0.464063 0.00133514
0 0.502344 0.620703 0.751562 0.671094 0.897461
0 0.262891 0.140234 0.317969 0.214844 0.643555
1 0.502344 0.620703 0.751562 0.671094 0.00600433
1 0.260156 0.138281 0.324219 0.217969 0.00591278
0 0.331641 0.628125 0.420312 0.65625 0.0051384
0 0.503809 0.622266 0.776758 0.667969 0.909668
0 0.260498 0.133789 0.348535 0.233984 0.0787964
0 0.478809 0.13418 0.76582 0.241797 0.00905609
1 0.498437 0.618359 0.784375 0.672656 0.00263214
0 0.67041 0.186768 0.65918 0.371777 0.00160408
0 0.538281 0.160742 0.84375 0.321484 0.00102806
0 0.500781 0.61875 0.754687 0.679688 0.89502
0 0.2625 0.137109 0.311719 0.223438 0.0704346
1 0.504687 0.621875 0.748438 0.690625 0.00312424
1 0.261133 0.136133 0.316016 0.226562 0.00177479
0 0.30957 0.14043 0.230859 0.214453 0.00106907
0 0.691797 0.617188 0.386719 0.648438 0.00102425
0 0.503906 0.626172 0.751562 0.657031 0.859863
0 0.279102 0.143945 0.298047 0.210547 0.00178909
1 0.504785 0.62334 0.748242 0.67832 0.00163555
0 0.505078 0.62041 0.749219 0.681055 0.887207
1 0.507129 0.622656 0.745117 0.6875 0.00255013
0 0.621484 0.780469 0.513281 0.364062 0.00117874
0 0.499902 0.629687 0.750195 0.66875 0.918457
1 0.505859 0.619434 0.750781 0.676758 0.0120544
0 0.505078 0.62041 0.749219 0.681055 0.887207
1 0.507129 0.622656 0.745117 0.6875 0.00254059
0 0.621484 0.780469 0.513281 0.364062 0.00117874
