1 0.421777 0.510938 0.748633 0.9375 0.832031
0 0.492969 0.505859 0.890625 0.927344 0.390381
0 0.348437 0.505859 0.630469 0.925781 0.133667
0 0.258594 0.520312 0.439844 0.90625 0.0177155
1 0.258594 0.520312 0.439844 0.90625 0.00666809
1 0.588965 0.559766 0.72832 0.827344 0.00481033
0 0.588965 0.559766 0.72832 0.827344 0.00333786
1 0.700781 0.5375 0.51875 0.828125 0.00257111
0 0.700781 0.5375 0.51875 0.828125 0.00252151
1 0.826563 0.527734 0.278125 0.872656 0.00219154
0 0.826563 0.527734 0.278125 0.872656 0.00208282
0 0.849219 0.856055 0.301562 0.287891 0.00201988
0 0.889844 0.849805 0.220313 0.300391 0.00169373
0 0.171094 0.485547 0.272266 0.782031 0.00168133
0 0.403125 0.996094 0.314063 0.0078125 0.00166798
0 0.967969 0.514063 0.0640625 0.709375 0.00130463
0 0.333984 0.996875 0.264844 0.00625 0.00128937
1 0.848437 0.835547 0.303125 0.328906 0.00124454
0 0.476953 0.994531 0.259375 0.0109375 0.00121593
0 0.673437 0.664453 0.5625 0.622656 0.0011425
0 0.177344 0.389453 0.282031 0.552344 0.00113773
0 0.497266 0.664453 0.952344 0.655469 0.0011158
0 0.106152 0.972656 0.212305 0.0546875 0.0011158
0 0.909375 0.530469 0.128125 0.867188 0.00109005
0 0.833203 0.988281 0.333594 0.0234375 0.00102806
0 0.471875 0.751562 0.823438 0.46875 0.00100803
0 0.480469 0.51875 0.9 0.932813 0.933594
0 0.209375 0.507812 0.364062 0.903125 0.119385
0 0.719531 0.513281 0.46875 0.870313 0.0290375
1 0.493359 0.521484 0.853906 0.957031 0.0178528
0 0.613184 0.530469 0.63457 0.882812 0.00709534
0 0.809375 0.5125 0.310937 0.870313 0.00636292
0 0.698828 0.633594 0.466406 0.651563 0.00521851
0 0.320117 0.565527 0.566016 0.79082 0.00494385
0 0.534766 0.686328 0.789844 0.577344 0.00469971
0 0.761719 0.585156 0.36875 0.726562 0.00312424
0 0.333789 0.700781 0.558984 0.54375 0.00290108
0 0.861719 0.861914 0.276563 0.276172 0.00220871
0 0.399902 0.646191 0.675195 0.651367 0.00192642
0 0.287109 0.297656 0.491406 0.457031 0.0017004
0 0.471875 0.201221 0.725 0.347559 0.00161648
0 0.787695 0.649609 0.312109 0.569531 0.00157356
0 0.448438 0.734766 0.78125 0.486719 0.00149536
0 0.439746 0.828125 0.701758 0.298438 0.00148392
0 0.264453 0.644922 0.450781 0.619531 0.00117874
0 0.80332 0.862305 0.393359 0.275391 0.0011425
0 0.11416 0.513281 0.22832 0.903125 0.00108624
0 0.342187 0.229687 0.559375 0.375 0.00104809
0 0.5 0.536328 0.920313 0.916406 0.875977
1 0.494531 0.513281 0.932813 0.923437 0.0797729
1 0.505469 0.114258 0.942187 0.205078 0.00318527
0 0.505469 0.114258 0.942187 0.205078 0.00275803
1 0.500781 0.304297 0.923437 0.525 0.00225258
0 0.754297 0.526172 0.422656 0.903906 0.00135612
0 0.496875 0.307227 0.928125 0.530078 0.00121593
0 0.502344 0.513672 0.940625 0.938281 0.873047
0 0.502344 0.235498 0.939062 0.393066 0.0686646
0 0.498047 0.169141 0.925781 0.264062 0.0427246
1 0.501953 0.524219 0.911719 0.9125 0.0353394
0 0.477344 0.832812 0.860937 0.315625 0.00725937
0 0.5 0.751953 0.91875 0.464844 0.00382423
0 0.342969 0.452734 0.617969 0.778906 0.0036068
0 0.360156 0.327734 0.642187 0.551562 0.00351143
1 0.495313 0.154297 0.934375 0.233203 0.00328636
0 0.323438 0.252734 0.557813 0.410156 0.00234985
0 0.402734 0.776563 0.733594 0.409375 0.00223351
1 0.502344 0.235498 0.939062 0.393066 0.00219154
0 0.252539 0.758203 0.430859 0.424219 0.00214958
0 0.492188 0.124707 0.915625 0.20918 0.00210762
0 0.421484 0.870313 0.713281 0.225 0.00200272
0 0.302344 0.559766 0.542188 0.824219 0.0011692
0 0.498437 0.505469 0.932813 0.939062 0.898438
1 0.500391 0.516797 0.935156 0.966406 0.0454407
0 0.739453 0.520312 0.467969 0.904688 0.00211525
0 0.362109 0.977344 0.2 0.0453125 0.00140476
0 0.342187 0.969531 0.191406 0.0609375 0.00115108
0 0.502734 0.503906 0.957031 0.967188 0.921387
1 0.508203 0.515625 0.957031 0.96875 0.0088501
0 0.372461 0.491797 0.679297 0.919531 0.00269318
0 0.305469 0.436328 0.544531 0.799219 0.00142097
0 0.501953 0.514844 0.916406 0.970312 0.899902
1 0.501953 0.514844 0.916406 0.970312 0.0166626
0 0.503516 0.507812 0.902344 0.9375 0.897461
1 0.503516 0.507812 0.902344 0.9375 0.0045929
0 0.238232 0.513281 0.385254 0.91875 0.00341606
0 0.235107 0.707422 0.365723 0.542969 0.00126457
0 0.507812 0.514844 0.909375 0.932813 0.884277
1 0.507031 0.520312 0.892187 0.959375 0.0200195
0 0.498437 0.509375 0.925 0.9375 0.943359
1 0.500781 0.505469 0.929688 0.953125 0.00621796
0 0.81543 0.532422 0.297266 0.741406 0.0019722
0 0.507812 0.514844 0.909375 0.932813 0.884277
1 0.507031 0.520312 0.892187 0.959375 0.0200958
