1 0.476465 0.488281 0.793945 0.860937 0.816406
0 0.481348 0.491797 0.79668 0.850781 0.177856
1 0.61084 0.510938 0.58457 0.8125 0.00298119
1 0.560254 0.607031 0.679492 0.639063 0.00195694
1 0.293164 0.495313 0.396484 0.84375 0.00192642
1 0.180029 0.5 0.240723 0.85 0.00182438
1 0.566504 0.674219 0.648242 0.45 0.00179577
1 0.829687 0.4875 0.175 0.859375 0.00176811
1 0.953906 0.526953 0.0921875 0.767969 0.00172043
0 0.213281 0.494141 0.249219 0.799219 0.0015974
0 0.953906 0.526953 0.0921875 0.767969 0.00153637
1 0.828906 0.808594 0.342187 0.375 0.00132465
1 0.521094 0.988281 0.848437 0.0234375 0.00127411
0 0.48125 0.921094 0.8625 0.157813 0.00125504
0 0.412109 0.996094 0.223438 0.0078125 0.00124454
0 0.521094 0.988281 0.848437 0.0234375 0.00123501
1 0.48125 0.921094 0.8625 0.157813 0.00119209
0 0.829687 0.4875 0.175 0.859375 0.00117874
0 0.975 0.945312 0.05 0.109375 0.00115108
0 0.0797852 0.495703 0.142969 0.846094 0.0011158
0 0.293164 0.495313 0.396484 0.84375 0.0011158
0 0.840625 0.842578 0.31875 0.314844 0.00103664
0 0.364453 0.996094 0.222656 0.0078125 0.00103188
1 0.790625 0.486719 0.234375 0.834375 0.00103188
0 0.11543 0.975 0.230859 0.05 0.00102425
0 0.497266 0.484375 0.791406 0.840625 0.856934
1 0.50166 0.489062 0.751367 0.84375 0.0960083
0 0.280273 0.489453 0.387891 0.817969 0.0384521
0 0.365234 0.502734 0.529688 0.810156 0.00258064
0 0.4875 0.745703 0.746875 0.297656 0.00224304
0 0.757422 0.492578 0.291406 0.850781 0.00213242
0 0.455078 0.565234 0.696094 0.653906 0.00194168
0 0.207813 0.501953 0.415625 0.896094 0.00144386
0 0.232031 0.488281 0.273828 0.839063 0.0014267
1 0.259961 0.486328 0.337891 0.861719 0.00141621
1 0.486719 0.483594 0.804688 0.81875 0.867188
0 0.492578 0.477344 0.796094 0.83125 0.00200272
1 0.650781 0.4875 0.489062 0.828125 0.00192642
1 0.483203 0.326758 0.799219 0.523047 0.00181007
1 0.489844 0.14541 0.882812 0.157617 0.00176811
0 0.513281 0.98125 0.870313 0.0375 0.0017271
1 0.496094 0.198779 0.839063 0.254785 0.00163555
1 0.469922 0.0164551 0.802344 0.0329102 0.00143814
1 0.489844 0.473437 0.804688 0.83125 0.740723
0 0.490625 0.478906 0.8125 0.825 0.213989
1 0.489062 0.266406 0.803125 0.428906 0.0108185
0 0.389941 0.770312 0.554492 0.260938 0.00600433
0 0.485156 0.736719 0.795313 0.325 0.00600433
1 0.491406 0.194922 0.804688 0.2875 0.00519943
0 0.399219 0.707812 0.610937 0.384375 0.00457382
0 0.501562 0.79043 0.796875 0.225391 0.00240517
1 0.508984 0.152441 0.844531 0.207227 0.00235939
0 0.446094 0.626953 0.710938 0.532031 0.00190449
0 0.494531 0.166504 0.828125 0.225977 0.00137234
0 0.312109 0.60625 0.427344 0.55 0.00108624
0 0.473828 0.294336 0.763281 0.470703 0.00105286
1 0.499609 0.469922 0.789844 0.857031 0.769043
0 0.503906 0.472656 0.792188 0.853125 0.332031
0 0.491406 0.482422 0.829687 0.863281 0.509766
1 0.488281 0.480859 0.820312 0.864844 0.479492
1 0.496777 0.466016 0.792383 0.842969 0.893066
0 0.494531 0.480469 0.795313 0.842188 0.16748
1 0.498047 0.476953 0.783594 0.846094 0.683594
0 0.499219 0.482812 0.784375 0.8375 0.57373
1 0.498437 0.482812 0.775 0.853125 0.91748
0 0.501562 0.484375 0.784375 0.848437 0.0026722
1 0.496875 0.478516 0.8 0.852344 0.782227
0 0.496875 0.475 0.8 0.846875 0.170532
1 0.498437 0.482812 0.775 0.853125 0.91748
0 0.50166 0.484375 0.78418 0.848437 0.00265312
