1 0.492969 0.548437 0.709375 0.840625 0.655762
0 0.493066 0.548437 0.691992 0.8375 0.243652
0 0.2875 0.0976562 0.386719 0.129297 0.00593567
1 0.2875 0.0976562 0.386719 0.129297 0.00325966
0 0.303711 0.110181 0.323828 0.125732 0.00300407
1 0.387109 0.107788 0.154687 0.116064 0.00293541
0 0.360156 0.105688 0.211719 0.114795 0.00279999
0 0.568359 0.573828 0.578906 0.721094 0.00219917
1 0.342969 0.11228 0.247656 0.124658 0.00210762
0 0.538672 0.996094 0.227344 0.0078125 0.00179577
1 0.568359 0.573828 0.578906 0.721094 0.00162315
1 0.496484 0.723047 0.675781 0.457031 0.00156116
0 0.457812 0.996484 0.217187 0.00703125 0.00149536
0 0.841797 0.82168 0.316406 0.356641 0.00144386
0 0.588672 0.996094 0.233594 0.0078125 0.00138855
0 0.0775391 0.535156 0.142578 0.771875 0.00137234
0 0.512402 0.721484 0.650195 0.457031 0.00136662
0 0.925 0.542969 0.15 0.810938 0.00124931
1 0.0775391 0.535156 0.142578 0.771875 0.00118351
0 0.798437 0.531641 0.248437 0.842969 0.00116062
0 0.298828 0.104663 0.480469 0.190283 0.00114727
1 0.843945 0.793164 0.312109 0.413672 0.0011425
0 0.408594 0.997266 0.221094 0.00546875 0.00106525
0 0.221924 0.0960938 0.39834 0.108789 0.00105286
0 0.642187 0.996484 0.23125 0.00703125 0.00104809
1 0.328076 0.486719 0.368066 0.575 0.00104046
0 0.292188 0.133203 0.389062 0.196484 0.00102806
0 0.692969 0.564062 0.3375 0.784375 0.00101185
0 0.121484 0.974219 0.242969 0.0515625 0.00100803
0 0.514844 0.567187 0.679688 0.754687 0.885742
1 0.490625 0.566016 0.667188 0.760156 0.0316162
0 0.29375 0.104004 0.433594 0.111523 0.00614548
0 0.710938 0.557813 0.309375 0.725 0.00516129
0 0.294971 0.523438 0.303809 0.876562 0.00439835
0 0.255273 0.5125 0.510547 0.915625 0.00355148
0 0.292969 0.514063 0.430469 0.90625 0.00322342
1 0.29375 0.104004 0.433594 0.111523 0.0017004
0 0.901563 0.530469 0.196875 0.8625 0.00156689
0 0.85957 0.548437 0.280859 0.809375 0.00156116
0 0.143848 0.507422 0.287695 0.913281 0.0015192
0 0.286523 0.14668 0.437891 0.203906 0.00144386
0 0.739258 0.555859 0.521484 0.800781 0.00125504
0 0.340186 0.291016 0.399316 0.466406 0.00113392
0 0.493359 0.777344 0.652344 0.332812 0.00103188
0 0.941406 0.532812 0.117188 0.809375 0.00100803
0 0.493359 0.56875 0.725781 0.770312 0.62793
1 0.492871 0.564062 0.720508 0.7875 0.225464
0 0.482031 0.330664 0.671875 0.280078 0.00141621
0 0.448438 0.975391 0.75 0.0492188 0.00114727
0 0.630078 0.566016 0.471094 0.755469 0.00107288
0 0.492578 0.571484 0.694531 0.753906 0.871582
0 0.497656 0.360156 0.707812 0.346094 0.0541992
0 0.500684 0.458203 0.73457 0.536719 0.0339661
1 0.498437 0.571094 0.728125 0.760938 0.031311
0 0.395215 0.336523 0.49707 0.297266 0.0130692
0 0.492871 0.765625 0.683008 0.370313 0.00265312
0 0.480078 0.825195 0.639844 0.258984 0.00189686
0 0.351367 0.394922 0.405078 0.385156 0.00187492
0 0.478027 0.878125 0.651758 0.15625 0.00145531
0 0.359766 0.316016 0.408594 0.248437 0.00123024
0 0.515234 0.562598 0.728906 0.760742 0.872559
1 0.517187 0.561816 0.710938 0.766992 0.0247498
0 0.385059 0.5625 0.462695 0.75625 0.00215721
0 0.509766 0.518359 0.730469 0.903906 0.921875
1 0.514063 0.514063 0.7375 0.903125 0.00959778
0 0.50625 0.569141 0.7 0.764844 0.911621
1 0.50625 0.569141 0.7 0.764844 0.00418091
0 0.503906 0.56875 0.695312 0.771875 0.865234
1 0.503906 0.566309 0.679688 0.776758 0.00595856
0 0.486035 0.799219 0.69043 0.3125 0.00125504
0 0.505859 0.573828 0.703906 0.775781 0.915039
1 0.505078 0.56875 0.694531 0.789062 0.00432968
0 0.504004 0.566406 0.695117 0.776563 0.927246
1 0.504004 0.566406 0.695117 0.776563 0.00259018
0 0.505859 0.573828 0.703906 0.775781 0.914551
1 0.505078 0.568848 0.694531 0.788867 0.00436401
