1 0.488281 0.505859 0.810938 0.852344 0.934082
0 0.491504 0.505469 0.78418 0.842188 0.0149002
1 0.464453 0.358008 0.858594 0.716016 0.00634003
1 0.609375 0.507422 0.60625 0.819531 0.00273705
1 0.839258 0.84082 0.321484 0.318359 0.00256157
1 0.294336 0.483203 0.391016 0.766406 0.00240517
1 0.0606934 0.503906 0.109082 0.820312 0.00225258
1 0.135937 0.509375 0.253906 0.853125 0.00216484
1 0.412891 0.375 0.713281 0.75 0.00210762
1 0.957031 0.504687 0.0859375 0.778125 0.00209999
1 0.704687 0.480469 0.432813 0.751562 0.0018177
0 0.957031 0.504687 0.0859375 0.778125 0.00178909
0 0.841797 0.856641 0.316406 0.286719 0.0015974
0 0.510938 0.996484 0.221875 0.00703125 0.00143814
0 0.826172 0.800781 0.347656 0.390625 0.00132465
1 0.523438 0.705078 0.721875 0.441406 0.00131989
1 0.619922 0.685156 0.560156 0.471875 0.00121593
1 0.807813 0.992578 0.3375 0.0148437 0.00118828
0 0.595312 0.996484 0.235938 0.00703125 0.00117397
1 0.773047 0.496973 0.300781 0.79668 0.0011692
0 0.459766 0.996484 0.214844 0.00703125 0.0011158
0 0.5 0.963281 0.209375 0.0734375 0.00108624
1 0.539453 0.989062 0.791406 0.021875 0.00106525
1 0.839063 0.500781 0.171875 0.840625 0.00106525
1 0.106934 0.975781 0.213867 0.0484375 0.00104809
0 0.973828 0.946484 0.0523437 0.107031 0.00103188
1 0.204297 0.990625 0.405469 0.01875 0.00100422
1 0.50625 0.509375 0.754687 0.828125 0.842773
0 0.510254 0.507812 0.757617 0.820312 0.0383301
1 0.254297 0.494531 0.314844 0.857813 0.00301552
1 0.693359 0.509766 0.442969 0.814844 0.00236893
0 0.254297 0.494531 0.314844 0.857813 0.00104046
1 0.5 0.514063 0.825 0.828125 0.878906
0 0.505469 0.510938 0.804688 0.8375 0.00400543
1 0.502734 0.398047 0.819531 0.578906 0.00338936
1 0.509766 0.0172852 0.847656 0.0345703 0.00286674
1 0.644531 0.502734 0.545313 0.828906 0.00235939
1 0.496484 0.191602 0.869531 0.169922 0.00169373
1 0.502734 0.0511719 0.878906 0.102344 0.00145531
1 0.483594 0.978906 0.810938 0.0421875 0.00144958
0 0.483594 0.978906 0.810938 0.0421875 0.0014267
1 0.500781 0.13584 0.873438 0.160742 0.00123024
1 0.679688 0.192188 0.48125 0.198047 0.00117874
1 0.700781 0.396484 0.43125 0.594531 0.00108624
1 0.499609 0.503125 0.810156 0.84375 0.873535
1 0.499219 0.285889 0.814062 0.384473 0.00720596
1 0.505469 0.222217 0.826563 0.248535 0.00365067
0 0.500781 0.510547 0.798437 0.830469 0.00115585
1 0.491797 0.817187 0.785156 0.221875 0.00108147
1 0.515625 0.503125 0.817187 0.846875 0.88916
0 0.516797 0.503906 0.819531 0.848437 0.0109863
1 0.512891 0.510156 0.842969 0.8375 0.913574
0 0.505469 0.508594 0.839063 0.835938 0.00395966
1 0.507031 0.320117 0.832812 0.464453 0.00107288
1 0.510547 0.510156 0.802344 0.8375 0.919434
1 0.6625 0.508594 0.490625 0.835938 0.00196457
0 0.504687 0.513672 0.790625 0.825781 0.0018177
1 0.511719 0.507031 0.796875 0.835938 0.908203
0 0.511328 0.51875 0.786719 0.823438 0.00945282
0 0.702734 0.940625 0.221094 0.11875 0.00121593
1 0.505859 0.5125 0.785156 0.842188 0.921875
1 0.509375 0.508203 0.80625 0.839844 0.903809
0 0.510156 0.510938 0.804688 0.83125 0.00376511
1 0.505859 0.512891 0.785156 0.842969 0.921387
