1 0.458984 0.499219 0.764844 0.896875 0.868652
1 0.289893 0.496484 0.39209 0.871094 0.00971222
0 0.466016 0.501172 0.738281 0.896094 0.00651169
1 0.486328 0.720312 0.666406 0.4625 0.00268364
1 0.93125 0.513281 0.1375 0.879687 0.0024147
1 0.584766 0.496094 0.550781 0.857813 0.00234985
1 0.14834 0.562891 0.189258 0.746094 0.00232315
1 0.842773 0.789258 0.314453 0.418359 0.0020752
0 0.527344 0.996094 0.211719 0.0078125 0.00201988
0 0.482031 0.996484 0.215625 0.00703125 0.00188923
1 0.351953 0.439453 0.532812 0.821094 0.0017271
1 0.842383 0.855273 0.315234 0.289453 0.00171375
1 0.243164 0.469922 0.303516 0.775781 0.00168133
0 0.938281 0.505469 0.123438 0.854688 0.00167465
0 0.842383 0.855273 0.315234 0.289453 0.00146675
1 0.275 0.372266 0.367188 0.630469 0.00142097
0 0.580469 0.996094 0.220313 0.0078125 0.00137806
1 0.200977 0.524219 0.220313 0.670313 0.00126457
0 0.43916 0.996484 0.22168 0.00703125 0.00124931
0 0.833594 0.787695 0.332812 0.412109 0.0012207
1 0.0640625 0.516797 0.113672 0.792969 0.0012064
1 0.0763672 0.195703 0.141211 0.366406 0.00119209
1 0.287891 0.718359 0.307031 0.413281 0.00116062
1 0.378223 0.730859 0.52168 0.436719 0.00109005
1 0.835742 0.991406 0.328516 0.0171875 0.00108624
1 0.878125 0.743359 0.24375 0.455469 0.00102043
1 0.123438 0.977344 0.246875 0.0453125 0.00101662
0 0.633984 0.996484 0.216406 0.00703125 0.00100803
1 0.466406 0.501562 0.735937 0.865625 0.801758
0 0.500879 0.500781 0.707617 0.857813 0.0362854
1 0.353125 0.508594 0.534375 0.8625 0.00709534
1 0.266406 0.507031 0.354688 0.85625 0.0029583
1 0.473828 0.518359 0.738281 0.872656 0.919434
1 0.663281 0.507031 0.404687 0.876562 0.00333786
0 0.467285 0.508594 0.756055 0.892187 0.00324821
1 0.475781 0.348437 0.748438 0.585938 0.00250244
1 0.436816 0.979688 0.72168 0.040625 0.00154305
1 0.467578 0.0939453 0.814844 0.135352 0.0015192
1 0.537402 0.131445 0.67207 0.178516 0.0012846
0 0.663281 0.507031 0.404687 0.876562 0.0012064
0 0.537402 0.131445 0.67207 0.178516 0.00118828
1 0.464453 0.511719 0.764844 0.907812 0.862793
1 0.470313 0.271094 0.771875 0.457812 0.00978088
1 0.469434 0.16543 0.764258 0.238672 0.00519943
0 0.464844 0.514844 0.757812 0.896875 0.00516129
0 0.469434 0.16543 0.764258 0.238672 0.00421524
0 0.381641 0.165234 0.552344 0.228906 0.00142097
0 0.469531 0.242529 0.757812 0.393066 0.00132465
1 0.381641 0.165234 0.552344 0.228906 0.00109863
1 0.483203 0.486719 0.758594 0.90625 0.839844
0 0.492969 0.492969 0.75625 0.917188 0.130005
1 0.486719 0.485547 0.7875 0.916406 0.908691
0 0.473437 0.485547 0.778125 0.917969 0.00698471
1 0.48584 0.498437 0.751758 0.91875 0.920898
0 0.485156 0.490234 0.745313 0.908594 0.00110722
1 0.483594 0.490625 0.742188 0.91875 0.871582
0 0.483594 0.490625 0.742188 0.91875 0.0051384
1 0.49209 0.815625 0.658008 0.275 0.00105667
1 0.482812 0.496875 0.746875 0.925 0.911621
0 0.480469 0.496875 0.729688 0.921875 0.00146675
1 0.477246 0.489844 0.748633 0.915625 0.92334
0 0.479688 0.492969 0.746875 0.909375 0.00337601
1 0.482812 0.496875 0.746875 0.925 0.911621
0 0.480469 0.496875 0.729688 0.921875 0.00146675
