1 0.48584 0.542188 0.764258 0.859375 0.88623
0 0.491406 0.547656 0.7625 0.839063 0.0152512
1 0.0923828 0.510156 0.175781 0.896875 0.00516129
1 0.32793 0.560547 0.367578 0.802344 0.00453949
1 0.578223 0.630078 0.60293 0.672656 0.00367928
1 0.831836 0.525781 0.336328 0.876562 0.0029583
0 0.510547 0.996094 0.232812 0.0078125 0.00253105
0 0.467969 0.996094 0.248437 0.0078125 0.00230598
1 0.411328 0.580469 0.571094 0.8375 0.00219154
1 0.938281 0.538281 0.123438 0.845312 0.00214005
0 0.560938 0.996094 0.232812 0.0078125 0.00213242
0 0.412402 0.996484 0.233008 0.00703125 0.00191212
0 0.607031 0.996094 0.225781 0.0078125 0.00177479
0 0.831836 0.525781 0.336328 0.876562 0.0015974
1 0.854102 0.832422 0.291797 0.335156 0.00154877
0 0.946484 0.563281 0.107031 0.789062 0.00153065
1 0.814062 0.803125 0.371875 0.384375 0.00152493
1 0.524219 0.746094 0.682813 0.440625 0.0015192
1 0.247461 0.991797 0.494922 0.0164062 0.00151253
0 0.361328 0.996484 0.225 0.00703125 0.00148964
0 0.0923828 0.510156 0.175781 0.896875 0.00146675
1 0.341211 0.448828 0.588672 0.874219 0.00144386
1 0.883203 0.540625 0.233594 0.803125 0.00136185
0 0.655078 0.996094 0.221094 0.0078125 0.00135612
1 0.138672 0.978125 0.277344 0.04375 0.00133038
1 0.810938 0.992969 0.323438 0.0140625 0.00129986
0 0.85332 0.851562 0.293359 0.296875 0.0012846
1 0.15957 0.496875 0.298047 0.895312 0.00125504
0 0.138672 0.978125 0.277344 0.04375 0.00124454
0 0.310937 0.996875 0.223438 0.00625 0.00123501
1 0.497754 0.989062 0.745117 0.021875 0.00121593
1 0.769531 0.547656 0.270312 0.782812 0.00117397
0 0.883203 0.540625 0.233594 0.803125 0.00112438
0 0.814062 0.803125 0.371875 0.384375 0.0011158
1 0.488965 0.996094 0.24082 0.0078125 0.00105286
1 0.108008 0.376465 0.207422 0.581445 0.00104427
1 0.526563 0.569141 0.703125 0.791406 0.799316
0 0.526563 0.569141 0.703125 0.791406 0.00695801
1 0.514844 0.567578 0.73125 0.744531 0.887695
0 0.51084 0.570312 0.729883 0.742188 0.0119171
1 0.622559 0.571191 0.520508 0.766992 0.00336266
1 0.447266 0.974609 0.746094 0.0507812 0.00115108
1 0.502734 0.57959 0.732031 0.775195 0.842773
0 0.502734 0.57959 0.732031 0.775195 0.0172424
1 0.503516 0.453906 0.742969 0.530469 0.0157776
1 0.50166 0.3375 0.74043 0.296094 0.00253105
0 0.50166 0.3375 0.74043 0.296094 0.00208282
0 0.502734 0.404687 0.728906 0.4375 0.00154305
1 0.498828 0.85293 0.727344 0.212891 0.00144958
0 0.420703 0.354297 0.536719 0.334375 0.00126457
1 0.420703 0.354297 0.536719 0.334375 0.00103188
1 0.526563 0.552246 0.71875 0.779883 0.892578
0 0.524219 0.560938 0.715625 0.75625 0.00245285
1 0.36875 0.546875 0.421875 0.778125 0.00154305
1 0.512598 0.567187 0.73418 0.775 0.82373
0 0.512598 0.567187 0.73418 0.775 0.0667114
0 0.575781 0.512109 0.623438 0.625781 0.00106907
1 0.575781 0.512109 0.623438 0.625781 0.00104046
1 0.521094 0.565723 0.723437 0.756055 0.906738
1 0.51416 0.436035 0.731055 0.50293 0.00208282
1 0.675391 0.566797 0.419531 0.783594 0.00176811
1 0.583496 0.390625 0.586133 0.396875 0.00123978
1 0.522559 0.573438 0.714258 0.76875 0.904785
1 0.517578 0.581641 0.730469 0.780469 0.910645
1 0.510156 0.582422 0.729688 0.774219 0.929199
0 0.5125 0.580371 0.729688 0.773633 0.00508118
1 0.517578 0.581641 0.730469 0.780469 0.910645
