1 0.452344 0.508594 0.7625 0.835938 0.875
1 0.311133 0.509766 0.462109 0.816406 0.123596
0 0.469629 0.508203 0.785742 0.846094 0.0153656
1 0.572656 0.528906 0.6375 0.807813 0.00584412
1 0.576465 0.704297 0.601758 0.438281 0.00460815
1 0.442969 0.353516 0.804688 0.707031 0.00400543
1 0.368359 0.705078 0.575781 0.430469 0.00307465
1 0.792773 0.806445 0.414453 0.377734 0.00304031
1 0.670313 0.527344 0.453125 0.710938 0.00229645
1 0.364453 0.364453 0.629687 0.728906 0.00201035
1 0.825 0.505078 0.329688 0.841406 0.00188255
1 0.828906 0.844141 0.340625 0.311719 0.00179577
1 0.853125 0.501562 0.225 0.821875 0.0017004
1 0.486816 0.747266 0.735742 0.396094 0.0015974
0 0.311133 0.509766 0.462109 0.816406 0.00158501
1 0.35 0.762891 0.561719 0.325781 0.00156116
1 0.949219 0.541406 0.101562 0.751562 0.00151253
0 0.788867 0.829492 0.422266 0.341016 0.00143814
0 0.949219 0.541406 0.101562 0.751562 0.00133514
1 0.136523 0.978125 0.273047 0.04375 0.00129414
1 0.511719 0.990625 0.834375 0.01875 0.00125504
0 0.136523 0.978125 0.273047 0.04375 0.00122547
1 0.227539 0.991797 0.441797 0.0164062 0.00121593
1 0.413965 0.801367 0.661133 0.303516 0.00116539
1 0.623828 0.633594 0.535156 0.551562 0.00113392
1 0.175342 0.860156 0.335254 0.279687 0.00108147
1 0.767969 0.847266 0.367188 0.305469 0.00104427
1 0.519141 0.819141 0.858594 0.361719 0.00102043
0 0.158203 0.861719 0.305469 0.276563 0.00100803
1 0.480859 0.510547 0.796094 0.816406 0.879883
0 0.480859 0.510547 0.796094 0.816406 0.0115967
1 0.764063 0.503516 0.2625 0.842969 0.00142097
1 0.475781 0.511719 0.810938 0.817187 0.847168
0 0.475781 0.511719 0.810938 0.817187 0.00379562
1 0.6625 0.511719 0.445312 0.810938 0.00245285
1 0.487891 0.975781 0.846094 0.0484375 0.00242424
1 0.482422 0.914844 0.838281 0.170312 0.00183868
1 0.475 0.205859 0.865625 0.205469 0.00136662
0 0.487891 0.975781 0.846094 0.0484375 0.00109482
1 0.477734 0.505469 0.813281 0.828125 0.861328
0 0.480469 0.507422 0.803125 0.825781 0.00619125
1 0.481641 0.3 0.814844 0.4 0.00445175
1 0.488672 0.216016 0.838281 0.232422 0.00236893
0 0.491797 0.204492 0.847656 0.214844 0.00202751
0 0.42959 0.249805 0.70957 0.300391 0.00145531
0 0.470703 0.314453 0.786719 0.430469 0.00129414
1 0.42959 0.249805 0.70957 0.300391 0.00129414
1 0.494629 0.498047 0.79043 0.814844 0.900391
0 0.494922 0.5 0.778906 0.810938 0.00790405
1 0.481641 0.507422 0.817969 0.830469 0.899902
0 0.478906 0.507812 0.817187 0.829687 0.00600433
1 0.489844 0.500781 0.801562 0.810938 0.925293
1 0.658984 0.501562 0.463281 0.803125 0.00195694
1 0.485156 0.519922 0.8 0.807031 0.905762
0 0.485156 0.519922 0.8 0.807031 0.00175476
1 0.490234 0.512109 0.794531 0.816406 0.916016
0 0.490234 0.512109 0.794531 0.816406 0.00204277
1 0.486328 0.514063 0.811719 0.8125 0.916504
0 0.485156 0.5125 0.821875 0.814062 0.00366402
1 0.490234 0.5125 0.794531 0.815625 0.916016
0 0.490234 0.5125 0.794531 0.815625 0.00203514
