0 0.438281 0.551562 0.65625 0.848437 0.807617
1 0.4375 0.544531 0.658594 0.860937 0.160767
0 0.876953 0.528906 0.246094 0.839063 0.0545959
1 0.876953 0.528906 0.246094 0.839063 0.0358887
0 0.353125 0.582031 0.472656 0.757812 0.0236053
1 0.733594 0.214111 0.48125 0.340527 0.014061
0 0.733594 0.214111 0.48125 0.340527 0.00837708
0 0.425781 0.264062 0.0578125 0.115625 0.00612259
0 0.478516 0.603516 0.582812 0.655469 0.00466537
0 0.780469 0.768359 0.439063 0.449219 0.0037365
0 0.878516 0.423828 0.242969 0.522656 0.00372124
0 0.541797 0.607422 0.472656 0.544531 0.00266266
1 0.714063 0.408203 0.528125 0.739844 0.00263214
0 0.436328 0.736719 0.632031 0.467187 0.00257111
0 0.908594 0.517871 0.182812 0.70957 0.00187492
0 0.498535 0.468359 0.58418 0.850781 0.00183105
1 0.498535 0.468359 0.58418 0.850781 0.00169373
0 0.599219 0.634375 0.357812 0.56875 0.0016613
1 0.878516 0.423828 0.242969 0.522656 0.00164223
1 0.780469 0.768359 0.439063 0.449219 0.00161076
0 0.0905273 0.286719 0.170117 0.425 0.00139427
1 0.353125 0.582031 0.472656 0.757812 0.0012846
0 0.714063 0.408203 0.528125 0.739844 0.00126457
0 0.113574 0.262305 0.22207 0.464453 0.00124454
0 0.862305 0.721094 0.275391 0.510938 0.00121593
0 0.785937 0.838281 0.4 0.323438 0.0012064
0 0.86875 0.619531 0.2625 0.628125 0.00120163
1 0.908594 0.517871 0.182812 0.70957 0.00119686
0 0.394434 0.996094 0.248633 0.0078125 0.00119209
0 0.124219 0.968359 0.248437 0.0632813 0.00113773
0 0.0674805 0.5375 0.121289 0.832812 0.00112057
0 0.282422 0.230078 0.473437 0.458594 0.00106907
1 0.672656 0.489453 0.628125 0.883594 0.00106049
0 0.435937 0.614062 0.615625 0.703125 0.890625
0 0.297461 0.575781 0.355078 0.609375 0.0100555
0 0.203516 0.524219 0.407031 0.890625 0.00793457
0 0.6125 0.615625 0.317187 0.542188 0.00636292
0 0.25957 0.563281 0.320703 0.80625 0.00605011
0 0.147363 0.515625 0.294727 0.915625 0.00385475
0 0.373047 0.399219 0.489062 0.296094 0.00322342
0 0.635156 0.6 0.273438 0.690625 0.00214005
0 0.434375 0.726172 0.604688 0.466406 0.00210762
0 0.762695 0.548437 0.474609 0.815625 0.00194931
0 0.741406 0.211523 0.489062 0.326953 0.00176811
0 0.409375 0.286719 0.2875 0.0734375 0.0017004
0 0.861719 0.557715 0.276563 0.79082 0.00164223
1 0.439453 0.613184 0.623438 0.711133 0.0014782
0 0.399902 0.345313 0.53457 0.204688 0.00131989
0 0.302344 0.471094 0.364844 0.407031 0.0012598
0 0.371094 0.470215 0.492188 0.429883 0.00125504
0 0.34043 0.301562 0.436328 0.48125 0.00121593
0 0.380371 0.334375 0.520508 0.300781 0.00117874
0 0.433984 0.821875 0.596875 0.275 0.00107288
0 0.898828 0.532422 0.202344 0.825781 0.00105286
0 0.566504 0.610156 0.395117 0.707812 0.00104809
0 0.448828 0.607813 0.652344 0.7125 0.924316
1 0.450781 0.608594 0.651563 0.720312 0.00500107
0 0.671094 0.435937 0.242188 0.784375 0.00192642
0 0.714453 0.431348 0.246094 0.774805 0.00168705
0 0.56084 0.613672 0.418945 0.696094 0.00100422
0 0.444922 0.613281 0.641406 0.704687 0.896973
0 0.426172 0.378027 0.604688 0.251758 0.0405273
0 0.323486 0.392285 0.389746 0.276367 0.0146179
0 0.355469 0.560938 0.460156 0.609375 0.00948334
1 0.444922 0.595996 0.653906 0.683008 0.00734711
0 0.354688 0.2875 0.249219 0.0710938 0.00314713
0 0.373828 0.274609 0.19375 0.0601562 0.00277901
0 0.439844 0.769141 0.613281 0.375781 0.00153065
0 0.314453 0.445312 0.380469 0.367969 0.0012064
0 0.432813 0.827344 0.578125 0.265625 0.00119209
0 0.453125 0.600391 0.651563 0.703906 0.900391
0 0.326953 0.616309 0.414844 0.700195 0.00318527
0 0.915625 0.503125 0.16875 0.90625 0.0026722
0 0.757031 0.209033 0.457812 0.345996 0.00227928
0 0.825781 0.545313 0.348437 0.845312 0.00201988
1 0.453125 0.616016 0.645312 0.669531 0.00125504
0 0.444531 0.608984 0.657812 0.719531 0.906738
0 0.852148 0.49375 0.295703 0.921875 0.0290833
0 0.426562 0.253125 0.0546875 0.0710938 0.00323486
0 0.347656 0.161523 0.667188 0.322266 0.00264168
1 0.444922 0.608594 0.661719 0.732813 0.00159168
0 0.424219 0.262109 0.05625 0.0953125 0.00143814
0 0.37207 0.438281 0.508984 0.375 0.00138855
0 0.419531 0.245312 0.0453125 0.0683594 0.00127411
0 0.446191 0.599219 0.645117 0.709375 0.907715
0 0.422656 0.24043 0.05 0.0570313 0.00624084
0 0.342773 0.482812 0.0675781 0.0640625 0.00162888
0 0.453516 0.601953 0.661719 0.702344 0.864258
0 0.426172 0.246484 0.0515625 0.0710938 0.00162315
0 0.448828 0.611816 0.646094 0.713867 0.906738
0 0.341406 0.485156 0.0632813 0.0609375 0.00136185
1 0.447559 0.611621 0.639258 0.714258 0.00102043
0 0.449316 0.614062 0.657617 0.71875 0.923828
0 0.875 0.530469 0.248437 0.896875 0.00176144
0 0.448828 0.611816 0.646094 0.713867 0.906738
0 0.341406 0.485156 0.0632813 0.0609375 0.00136662
1 0.447656 0.611816 0.639063 0.71543 0.00101185
