1 0.580469 0.569922 0.789062 0.830469 0.88916
1 0.590625 0.7625 0.776563 0.475 0.0201416
0 0.580469 0.569922 0.789062 0.830469 0.0164642
1 0.455469 0.525879 0.519531 0.724805 0.00831604
1 0.687109 0.555859 0.610156 0.702344 0.00261116
1 0.307031 0.991797 0.454688 0.0164062 0.00219917
0 0.413281 0.996484 0.228906 0.00703125 0.00205803
1 0.172656 0.544531 0.171875 0.801562 0.00203514
1 0.23457 0.5375 0.301172 0.803125 0.00190449
0 0.0962891 0.996875 0.192578 0.00625 0.00179577
0 0.462109 0.996094 0.240625 0.0078125 0.0017271
1 0.26958 0.88457 0.355371 0.230859 0.00152493
0 0.353516 0.996484 0.216406 0.00703125 0.00151253
0 0.133398 0.996484 0.2 0.00703125 0.00144958
1 0.413281 0.996484 0.228906 0.00703125 0.00137234
1 0.407422 0.991406 0.535156 0.0171875 0.00135612
0 0.307031 0.991797 0.454688 0.0164062 0.00134563
0 0.172656 0.544531 0.171875 0.801562 0.00125504
1 0.94375 0.575781 0.1125 0.807813 0.00124454
1 0.767969 0.470313 0.464063 0.582812 0.00122547
0 0.26958 0.88457 0.355371 0.230859 0.00121593
0 0.23457 0.5375 0.301172 0.803125 0.00118351
0 0.946875 0.0238037 0.10625 0.0476074 0.00118351
0 0.042334 0.8875 0.0821289 0.184375 0.00114727
1 0.835938 0.553125 0.328125 0.767187 0.0011158
0 0.595312 0.778906 0.75625 0.4375 0.00109005
0 0.911328 0.0454102 0.177344 0.0908203 0.00108624
1 0.925391 0.964453 0.149219 0.0710938 0.00102425
1 0.920313 0.574219 0.159375 0.803125 0.00101185
0 0.0410645 0.935938 0.0821289 0.128125 0.00100422
1 0.58291 0.575391 0.75918 0.808594 0.849121
0 0.58291 0.575391 0.75918 0.808594 0.018158
1 0.726172 0.563965 0.519531 0.786133 0.00218201
1 0.580469 0.582422 0.804688 0.817969 0.844238
1 0.778125 0.578516 0.425 0.805469 0.00316048
0 0.58584 0.586328 0.79707 0.827344 0.00194168
1 0.564453 0.267383 0.819531 0.190625 0.00170708
1 0.575 0.438281 0.796875 0.535156 0.00141048
1 0.530859 0.966406 0.758594 0.0671875 0.0011692
0 0.871875 0.0441895 0.25625 0.0866211 0.00116539
1 0.580566 0.580859 0.788867 0.814844 0.780762
1 0.576953 0.392578 0.778906 0.448438 0.00740433
0 0.579297 0.580469 0.788281 0.810938 0.00582123
1 0.569531 0.280078 0.773438 0.2375 0.00282288
0 0.569531 0.280078 0.773438 0.2375 0.00247192
0 0.573828 0.405469 0.777344 0.475 0.00176144
1 0.558594 0.841992 0.739062 0.312891 0.00117874
1 0.596094 0.579687 0.807813 0.81875 0.90625
0 0.599316 0.575781 0.787305 0.817187 0.0170441
1 0.587891 0.579687 0.811719 0.825 0.919922
0 0.590625 0.579297 0.81875 0.827344 0.00636292
1 0.58916 0.582031 0.78418 0.835938 0.919434
1 0.764063 0.582812 0.459375 0.834375 0.00188255
1 0.599609 0.577344 0.785156 0.828125 0.88623
0 0.596484 0.569922 0.777344 0.811719 0.00784302
1 0.644629 0.866406 0.69043 0.265625 0.00121117
1 0.596094 0.585156 0.8 0.829687 0.909668
0 0.6 0.582812 0.78125 0.834375 0.00325966
1 0.720312 0.825781 0.55 0.345313 0.00163555
1 0.592188 0.583594 0.803125 0.823438 0.926758
0 0.586328 0.566016 0.786719 0.800781 0.00284576
1 0.596094 0.585156 0.8 0.829687 0.909668
0 0.6 0.582812 0.78125 0.834375 0.00325966
1 0.720312 0.825781 0.55 0.345313 0.00162315
