1 0.576172 0.615234 0.699219 0.716406 0.805664
0 0.570703 0.610156 0.708594 0.742188 0.105225
1 0.433691 0.575781 0.423242 0.65625 0.00626373
0 0.0807617 0.996484 0.161523 0.00703125 0.00202751
0 0.433691 0.575781 0.423242 0.65625 0.00191212
1 0.582129 0.721875 0.666992 0.470313 0.00183868
0 0.866016 0.863867 0.267969 0.272266 0.00166798
1 0.657812 0.583203 0.5375 0.632031 0.0016613
0 0.509375 0.996484 0.276563 0.00703125 0.0016489
0 0.609375 0.996484 0.234375 0.00703125 0.00162315
1 0.866016 0.863867 0.267969 0.272266 0.00144958
0 0.828906 0.593359 0.215625 0.700781 0.00138855
0 0.955078 0.571094 0.0898438 0.684375 0.00131512
0 0.176953 0.572754 0.134766 0.785742 0.00126457
0 0.657031 0.996484 0.226562 0.00703125 0.00124454
0 0.222998 0.567969 0.227441 0.8 0.00123024
0 0.0561523 0.580078 0.106836 0.717969 0.00116539
1 0.957812 0.570703 0.084375 0.680469 0.00115585
0 0.455078 0.997266 0.264844 0.00546875 0.00113773
1 0.861719 0.992578 0.276563 0.0148437 0.00110722
1 0.062793 0.98125 0.125586 0.0375 0.00104046
0 0.062793 0.98125 0.125586 0.0375 0.00103188
1 0.222998 0.567969 0.227441 0.8 0.00101185
0 0.848437 0.993359 0.3 0.0132813 0.00101185
1 0.570312 0.601953 0.6875 0.702344 0.778809
0 0.570703 0.611719 0.685156 0.709375 0.112183
1 0.578906 0.609766 0.696875 0.702344 0.901855
0 0.573438 0.616406 0.698438 0.698438 0.00503922
1 0.717188 0.616797 0.4125 0.699219 0.00294685
1 0.501172 0.973437 0.710156 0.053125 0.00113773
1 0.567187 0.615723 0.671875 0.699805 0.757812
0 0.567187 0.615723 0.671875 0.699805 0.0386047
1 0.564453 0.435547 0.674219 0.358594 0.00542831
1 0.560059 0.38125 0.695508 0.25 0.0026207
0 0.564453 0.435547 0.674219 0.358594 0.00153637
0 0.560059 0.38125 0.695508 0.25 0.00145531
1 0.584375 0.603223 0.7 0.691992 0.914062
0 0.580371 0.605469 0.687695 0.68125 0.00894928
1 0.578516 0.612598 0.703906 0.70293 0.884766
0 0.570312 0.614453 0.696875 0.705469 0.0365601
0 0.903516 0.0626953 0.192969 0.11543 0.00175476
1 0.576953 0.606934 0.675781 0.70957 0.916504
0 0.577344 0.607813 0.675 0.709375 0.00114727
1 0.575781 0.607422 0.692187 0.691406 0.911133
0 0.575781 0.607422 0.692187 0.691406 0.0050621
1 0.576953 0.611719 0.680469 0.710938 0.914551
1 0.575781 0.615723 0.698438 0.706055 0.926758
0 0.577734 0.613184 0.694531 0.708008 0.00299263
1 0.576953 0.611719 0.680469 0.710938 0.914551
