1 0.540234 0.600879 0.777344 0.781055 0.622559
0 0.536816 0.598437 0.791992 0.7875 0.466797
0 0.351514 0.567578 0.39541 0.685156 0.00355148
0 0.669141 0.577441 0.541406 0.704492 0.0026722
0 0.845117 0.598047 0.212891 0.783594 0.00225258
0 0.631641 0.748438 0.583594 0.484375 0.0020504
0 0.723437 0.528516 0.4375 0.605469 0.00203514
1 0.669141 0.577441 0.541406 0.704492 0.00148392
0 0.880273 0.866406 0.239453 0.267188 0.00147247
0 0.0984375 0.996875 0.196875 0.00625 0.00135136
0 0.940625 0.55791 0.11875 0.713867 0.00134563
1 0.502344 0.351367 0.807813 0.702734 0.00130463
0 0.385254 0.783008 0.441992 0.418359 0.00126934
0 0.526563 0.779883 0.735937 0.433984 0.0012598
0 0.0379395 0.534766 0.0758789 0.739844 0.00117397
0 0.863867 0.967969 0.272266 0.0640625 0.00112438
1 0.523047 0.275977 0.875781 0.551953 0.0011158
0 0.420996 0.996875 0.292383 0.00625 0.00109005
0 0.672266 0.686328 0.524219 0.614844 0.00107765
1 0.351514 0.567578 0.39541 0.685156 0.00107288
0 0.258594 0.557422 0.208203 0.794531 0.00107288
0 0.802344 0.594922 0.282813 0.760156 0.00105667
0 0.546875 0.603516 0.7375 0.755469 0.917969
0 0.307764 0.562109 0.317285 0.816406 0.0225372
0 0.251953 0.544922 0.503906 0.855469 0.00787354
0 0.408496 0.621875 0.508008 0.703125 0.00706482
0 0.759375 0.596094 0.353125 0.717188 0.0068512
0 0.680469 0.599121 0.503125 0.74707 0.00605011
0 0.444922 0.704687 0.561719 0.554688 0.00292397
0 0.623047 0.671875 0.592969 0.614062 0.0020752
0 0.858008 0.866406 0.283984 0.267188 0.00192642
1 0.547559 0.603516 0.73457 0.766406 0.00176144
0 0.147559 0.521094 0.295117 0.898438 0.00174809
0 0.540527 0.73125 0.74707 0.515625 0.00139427
0 0.725781 0.679688 0.409375 0.596875 0.00138283
0 0.676953 0.816406 0.469531 0.3375 0.00130939
0 0.525 0.829492 0.632812 0.316016 0.00129986
0 0.658594 0.746875 0.517187 0.479688 0.00129986
0 0.50166 0.336328 0.656055 0.217969 0.00102425
0 0.521973 0.446973 0.685742 0.443555 0.00101185
0 0.544922 0.608594 0.778906 0.770312 0.918945
0 0.715234 0.614844 0.453906 0.770312 0.00978088
1 0.546484 0.6125 0.774219 0.775 0.00664139
0 0.426953 0.6 0.541406 0.735937 0.00186729
0 0.343018 0.55459 0.363184 0.625195 0.00106525
0 0.835156 0.617578 0.221875 0.642969 0.00104809
0 0.541016 0.606641 0.761719 0.758594 0.901855
0 0.540234 0.417578 0.761719 0.378125 0.0589905
1 0.539844 0.603809 0.764063 0.751758 0.00651169
0 0.535254 0.355078 0.770117 0.25625 0.00225258
0 0.561328 0.860937 0.417969 0.278125 0.0020752
0 0.546094 0.496484 0.779688 0.535156 0.00198746
0 0.537891 0.77793 0.742969 0.444141 0.00175476
0 0.453906 0.871094 0.285156 0.254687 0.00154877
0 0.450391 0.795313 0.551562 0.40625 0.00137234
0 0.398828 0.262305 0.244531 0.0734375 0.00127888
0 0.50166 0.709375 0.676367 0.553125 0.00122547
0 0.663281 0.786719 0.523438 0.410937 0.00119209
0 0.4375 0.84082 0.45 0.318359 0.00109863
0 0.397266 0.53584 0.477344 0.562695 0.00109482
0 0.835742 0.600684 0.228516 0.762695 0.00103188
0 0.550781 0.603906 0.779688 0.760938 0.91748
1 0.553125 0.6 0.771875 0.753125 0.00527954
0 0.403125 0.607031 0.485938 0.754687 0.00143814
0 0.542188 0.611719 0.807813 0.776563 0.92334
1 0.542188 0.611719 0.807813 0.776563 0.00318527
0 0.544531 0.605859 0.764063 0.769531 0.916504
0 0.547266 0.605859 0.764844 0.761719 0.867188
1 0.546875 0.604785 0.751562 0.762305 0.00133514
0 0.551465 0.605566 0.76582 0.773242 0.911133
1 0.553125 0.604297 0.760938 0.777344 0.0027256
0 0.684766 0.823242 0.488281 0.341016 0.00104046
0 0.550098 0.605371 0.766992 0.761133 0.925781
1 0.550098 0.605371 0.766992 0.761133 0.00340271
0 0.551465 0.605859 0.76582 0.772656 0.911133
1 0.553027 0.604297 0.761133 0.777344 0.0027256
0 0.684766 0.823242 0.488281 0.341016 0.00103664
