1 0.600391 0.566797 0.764844 0.750781 0.902832
0 0.600391 0.566797 0.764844 0.750781 0.0387573
1 0.718359 0.566504 0.563281 0.710742 0.00332451
1 0.529688 0.733594 0.620313 0.428125 0.00244331
0 0.533203 0.996484 0.221094 0.00703125 0.00197983
0 0.0793457 0.996094 0.158691 0.0078125 0.00194168
0 0.607031 0.996094 0.215625 0.0078125 0.00191212
0 0.660937 0.996094 0.225781 0.0078125 0.00184631
1 0.678516 0.717188 0.635156 0.446875 0.00176144
1 0.408203 0.534375 0.383594 0.64375 0.00169373
0 0.478906 0.996484 0.216406 0.00703125 0.00154305
0 0.0660645 0.567578 0.12666 0.752344 0.00150681
1 0.510547 0.3625 0.922656 0.725 0.00147247
1 0.496094 0.276367 0.967188 0.552734 0.00131989
0 0.489062 0.133008 0.978125 0.266016 0.00123501
0 0.716406 0.996094 0.234375 0.0078125 0.00121593
1 0.785352 0.525391 0.429297 0.608594 0.0012064
1 0.41709 0.730469 0.518945 0.448438 0.00116062
1 0.811328 0.451172 0.377344 0.49375 0.00112915
0 0.529688 0.733594 0.620313 0.428125 0.00109005
1 0.489062 0.133008 0.978125 0.266016 0.00107288
0 0.678516 0.717188 0.635156 0.446875 0.00105667
0 0.548437 0.958594 0.214062 0.0828125 0.00103188
0 0.066748 0.978125 0.133496 0.04375 0.00103188
0 0.572266 0.966406 0.210156 0.0671875 0.00102043
1 0.603125 0.564844 0.754687 0.734375 0.867676
0 0.603125 0.564844 0.754687 0.734375 0.0191193
0 0.863477 0.443848 0.273047 0.449805 0.00112438
1 0.60791 0.576563 0.762305 0.734375 0.908691
1 0.782617 0.567578 0.428516 0.714844 0.00356483
0 0.599121 0.577344 0.770508 0.726562 0.00294685
1 0.580859 0.30332 0.816406 0.183203 0.00153637
1 0.600098 0.572754 0.749805 0.748242 0.73584
1 0.595996 0.394434 0.750195 0.387695 0.0796509
0 0.600098 0.572754 0.749805 0.748242 0.02034
0 0.612109 0.805469 0.769531 0.289062 0.0135345
1 0.593359 0.318555 0.760156 0.234766 0.00602722
0 0.595996 0.394434 0.750195 0.387695 0.00473785
1 0.612109 0.805469 0.769531 0.289062 0.00382423
0 0.602344 0.85918 0.695312 0.181641 0.00193405
0 0.593359 0.318555 0.760156 0.234766 0.00181007
0 0.549219 0.839844 0.679688 0.226562 0.00130463
1 0.610547 0.562891 0.778906 0.742969 0.920898
0 0.610937 0.562891 0.778125 0.736719 0.00821686
1 0.610547 0.578125 0.778906 0.75625 0.909668
0 0.606641 0.573535 0.786719 0.74668 0.00616837
0 0.913281 0.0567383 0.173438 0.104883 0.00172043
0 0.85625 0.387109 0.2875 0.35625 0.00114727
0 0.892969 0.428223 0.2125 0.435742 0.00102043
1 0.610156 0.56709 0.75625 0.750195 0.912598
0 0.606348 0.573438 0.77168 0.753125 0.00184631
1 0.609375 0.570996 0.779688 0.742383 0.890625
0 0.609375 0.570996 0.779688 0.742383 0.00253105
1 0.608984 0.576172 0.757031 0.757031 0.92334
0 0.612402 0.574609 0.76582 0.757031 0.0020752
1 0.603906 0.57041 0.760938 0.748242 0.922363
0 0.607031 0.571973 0.776563 0.74668 0.00194168
1 0.608984 0.576172 0.757031 0.757031 0.92334
0 0.612109 0.574609 0.764844 0.757031 0.0020752
