1 0.562402 0.554688 0.773633 0.8625 0.939453
0 0.562402 0.554688 0.773633 0.8625 0.0077858
1 0.541406 0.781055 0.720312 0.431641 0.00568771
1 0.50625 0.371875 0.909375 0.74375 0.0046463
1 0.161719 0.544531 0.177344 0.814062 0.00217438
1 0.860937 0.863672 0.278125 0.272656 0.00195694
1 0.131274 0.551562 0.115576 0.83125 0.00178242
1 0.3125 0.991406 0.48125 0.0171875 0.0017004
0 0.860937 0.863672 0.278125 0.272656 0.0017004
1 0.5 0.316016 0.928125 0.632031 0.00152493
1 0.861719 0.991016 0.276563 0.0179687 0.00151253
1 0.262061 0.874609 0.367285 0.250781 0.00134563
1 0.958594 0.512109 0.0828125 0.675781 0.00133514
0 0.096875 0.996484 0.19375 0.00703125 0.00131512
1 0.359033 0.439844 0.371777 0.6 0.0011692
1 0.215625 0.883398 0.282813 0.233203 0.00115585
0 0.131274 0.551562 0.115576 0.83125 0.00115108
0 0.958594 0.512109 0.0828125 0.675781 0.0011425
0 0.407129 0.996094 0.27168 0.0078125 0.00113773
0 0.262061 0.874609 0.367285 0.250781 0.00113392
0 0.215625 0.883398 0.282813 0.233203 0.00113392
0 0.161719 0.544531 0.177344 0.814062 0.00112438
0 0.839258 0.992578 0.318359 0.0148437 0.00106525
1 0.676562 0.543359 0.560938 0.638281 0.00105667
0 0.3125 0.991406 0.48125 0.0171875 0.00103188
1 0.804883 0.992969 0.337109 0.0140625 0.00102425
1 0.571094 0.551562 0.73125 0.834375 0.85498
0 0.571094 0.551562 0.73125 0.834375 0.00963593
1 0.558984 0.56875 0.771094 0.848437 0.87207
0 0.558984 0.56875 0.771094 0.848437 0.00282288
1 0.527344 0.223389 0.839063 0.248535 0.00211525
1 0.724219 0.561328 0.46875 0.836719 0.00187492
1 0.553906 0.383984 0.770312 0.475 0.00146103
1 0.555469 0.536328 0.770312 0.814844 0.800293
1 0.558203 0.388672 0.766406 0.519531 0.0333252
0 0.560156 0.558984 0.770312 0.864844 0.0138474
1 0.551562 0.264502 0.782812 0.249121 0.00428009
1 0.550391 0.725781 0.736719 0.520312 0.00106525
1 0.6375 0.462109 0.632812 0.671094 0.00106525
1 0.568359 0.557422 0.797656 0.866406 0.896484
0 0.570312 0.553906 0.7875 0.867188 0.00482941
1 0.566016 0.558594 0.786719 0.854688 0.910645
0 0.559766 0.549219 0.799219 0.842188 0.00258064
1 0.555469 0.414062 0.76875 0.567187 0.00123978
1 0.571191 0.560156 0.757617 0.854688 0.922363
1 0.569141 0.570703 0.760156 0.850781 0.898926
1 0.560938 0.563281 0.7625 0.85625 0.920898
1 0.564453 0.563281 0.767969 0.84375 0.925293
1 0.560938 0.5625 0.7625 0.85625 0.920898
