1 0.538672 0.552344 0.822656 0.851562 0.841797
0 0.544922 0.553125 0.847656 0.840625 0.166626
1 0.324414 0.553516 0.419922 0.842969 0.0164032
1 0.674121 0.581641 0.64707 0.782031 0.00641251
0 0.321875 0.531152 0.421094 0.779883 0.00348282
0 0.419629 0.996094 0.245117 0.0078125 0.00294685
0 0.674121 0.581641 0.64707 0.782031 0.00257111
0 0.465625 0.996094 0.260156 0.0078125 0.00186729
1 0.528906 0.374805 0.854688 0.749609 0.00184631
0 0.679297 0.746875 0.627344 0.479688 0.00175476
0 0.541309 0.759375 0.751758 0.46875 0.00174141
1 0.473828 0.765234 0.658594 0.455469 0.00173378
0 0.351367 0.996094 0.256641 0.0078125 0.0015192
0 0.0878906 0.997656 0.175781 0.0046875 0.00140476
0 0.404687 0.78125 0.560938 0.420312 0.00140476
1 0.395312 0.996094 0.244531 0.0078125 0.00133038
0 0.245361 0.550781 0.281934 0.757812 0.00129986
1 0.679297 0.746875 0.627344 0.479688 0.00127888
1 0.760547 0.504687 0.478906 0.59375 0.0012207
1 0.941016 0.568848 0.117969 0.79043 0.00113773
0 0.616797 0.996094 0.244531 0.0078125 0.00112438
0 0.521094 0.994531 0.2375 0.0109375 0.00109482
1 0.443848 0.996094 0.25293 0.0078125 0.00104046
0 0.0996094 0.977344 0.199219 0.0453125 0.00103188
0 0.552734 0.552344 0.844531 0.85 0.838867
1 0.545313 0.555469 0.820312 0.835938 0.220703
0 0.196875 0.539844 0.39375 0.851562 0.129639
0 0.1625 0.528125 0.325 0.8875 0.0229797
0 0.682031 0.556641 0.609375 0.817969 0.00677109
0 0.292773 0.54375 0.398828 0.815625 0.0051384
0 0.414746 0.571777 0.595508 0.792383 0.00471878
0 0.462598 0.688672 0.662305 0.575781 0.00358009
0 0.854688 0.560254 0.290625 0.76543 0.00293541
0 0.217969 0.545313 0.339063 0.84375 0.00199509
0 0.855859 0.710156 0.288281 0.439063 0.00196457
0 0.735547 0.711719 0.496094 0.523438 0.00188923
0 0.603516 0.715234 0.733594 0.522656 0.00178242
0 0.362891 0.654785 0.505469 0.623242 0.00164223
0 0.772266 0.5625 0.442969 0.784375 0.00158501
1 0.1875 0.533594 0.375 0.875 0.00135136
1 0.707812 0.555078 0.553125 0.817969 0.00121593
0 0.435547 0.440723 0.625781 0.585742 0.0011692
0 0.511719 0.306055 0.745313 0.343359 0.00106049
1 0.871094 0.571191 0.257812 0.79668 0.00103188
1 0.555078 0.560938 0.869531 0.84375 0.587891
0 0.555469 0.572656 0.867188 0.8375 0.53125
0 0.808594 0.773438 0.382812 0.421875 0.00188923
1 0.542969 0.431641 0.845312 0.575 0.00181007
1 0.545313 0.235352 0.875 0.242969 0.00154877
0 0.747656 0.56875 0.495313 0.842188 0.00112438
1 0.774219 0.560547 0.440625 0.838281 0.00109005
0 0.553906 0.554297 0.86875 0.853906 0.89209
1 0.548047 0.549609 0.857031 0.828906 0.0594177
0 0.547656 0.388672 0.851562 0.500781 0.0309601
0 0.54375 0.274219 0.835938 0.269531 0.0112915
0 0.369141 0.341406 0.472656 0.385156 0.00304031
0 0.367188 0.54541 0.479688 0.795117 0.0024929
0 0.37168 0.419141 0.483984 0.507031 0.00235939
0 0.542969 0.795117 0.842188 0.406641 0.00221634
0 0.53125 0.86543 0.809375 0.269141 0.00214005
0 0.416797 0.768359 0.588281 0.442969 0.00206757
1 0.539844 0.253076 0.842188 0.22666 0.00162315
0 0.729688 0.750781 0.526563 0.459375 0.0015192
0 0.884961 0.74375 0.230078 0.434375 0.0012064
0 0.400781 0.263623 0.507812 0.241504 0.00107288
1 0.548437 0.336279 0.85 0.389941 0.00106907
0 0.551953 0.562109 0.896094 0.844531 0.872559
1 0.561719 0.552734 0.876562 0.835156 0.0671997
0 0.742188 0.567187 0.515625 0.835938 0.00214958
0 0.4375 0.978906 0.21875 0.0421875 0.00122547
0 0.436328 0.560938 0.622656 0.846875 0.00112438
0 0.34082 0.562109 0.436328 0.841406 0.00102043
0 0.545703 0.564062 0.908594 0.864062 0.916016
1 0.548828 0.553516 0.902344 0.836719 0.022934
0 0.782617 0.331055 0.419141 0.355078 0.0014267
0 0.554297 0.564453 0.867969 0.861719 0.888184
1 0.554297 0.564453 0.867969 0.861719 0.0184784
0 0.535937 0.0408203 0.91875 0.0816406 0.00112915
0 0.555469 0.555078 0.879687 0.836719 0.902344
1 0.559375 0.566797 0.88125 0.852344 0.00370789
0 0.352344 0.553906 0.4625 0.845312 0.00120163
0 0.559766 0.555469 0.858594 0.839063 0.909668
1 0.559766 0.555469 0.858594 0.839063 0.0068512
0 0.745313 0.825781 0.501562 0.332812 0.00106049
0 0.560547 0.559375 0.878906 0.8625 0.938477
1 0.559375 0.55625 0.878125 0.860937 0.00263214
0 0.559766 0.555469 0.858594 0.839063 0.909668
1 0.559766 0.555469 0.858594 0.839063 0.0069046
0 0.745313 0.825781 0.501562 0.332812 0.00105667
