1 0.508496 0.520703 0.723633 0.721094 0.810059
0 0.511328 0.50625 0.727344 0.7625 0.035614
1 0.500781 0.832812 0.934375 0.334375 0.00390053
1 0.787891 0.794531 0.424219 0.395312 0.00300407
1 0.508203 0.989062 0.911719 0.021875 0.00248146
1 0.448047 0.760156 0.861719 0.429688 0.00221634
1 0.101782 0.464844 0.195264 0.804688 0.00194931
1 0.935156 0.469629 0.129688 0.75293 0.00181007
1 0.528809 0.651563 0.692383 0.4375 0.00174141
1 0.378906 0.513184 0.446875 0.71582 0.00173378
0 0.787891 0.794531 0.424219 0.395312 0.00167465
0 0.500781 0.832812 0.934375 0.334375 0.00158501
1 0.445312 0.752344 0.809375 0.289062 0.00156116
1 0.358594 0.699609 0.652344 0.350781 0.00154877
1 0.335547 0.411719 0.352344 0.529688 0.00143242
1 0.604688 0.484375 0.548437 0.61875 0.00138855
0 0.942578 0.492285 0.114844 0.756055 0.00135612
1 0.142188 0.412109 0.266406 0.738281 0.00133038
1 0.909375 0.448438 0.18125 0.770312 0.00127411
0 0.101782 0.464844 0.195264 0.804688 0.00122547
1 0.353516 0.667969 0.4125 0.396875 0.0012064
0 0.529688 0.989844 0.8875 0.0203125 0.00118828
1 0.83457 0.748828 0.330859 0.438281 0.00116539
1 0.861914 0.462891 0.276172 0.789844 0.00109005
1 0.526465 0.51084 0.695508 0.70332 0.818359
0 0.524219 0.517578 0.690625 0.694531 0.00800323
1 0.519922 0.510156 0.716406 0.710938 0.893555
0 0.512109 0.517187 0.728906 0.707812 0.00446701
1 0.628125 0.514844 0.490625 0.71875 0.00265312
1 0.513672 0.514844 0.719531 0.714063 0.819824
0 0.510547 0.512891 0.710156 0.724219 0.0126724
1 0.508984 0.290234 0.725781 0.275781 0.00239754
0 0.490723 0.269873 0.763867 0.230566 0.00102425
1 0.500879 0.805469 0.726367 0.117188 0.00101662
1 0.530078 0.508594 0.708594 0.725 0.911133
0 0.526172 0.501465 0.700781 0.706445 0.00192642
1 0.372266 0.498828 0.413281 0.716406 0.00136662
1 0.517285 0.517578 0.72168 0.708594 0.89502
0 0.526465 0.513379 0.720508 0.710742 0.0194244
1 0.525781 0.501562 0.703125 0.7125 0.904297
1 0.527344 0.510938 0.704687 0.7 0.896484
0 0.521777 0.507129 0.700195 0.713867 0.0015192
1 0.526953 0.511816 0.705469 0.704492 0.915039
1 0.524609 0.513281 0.710156 0.698438 0.92334
0 0.525781 0.515234 0.717188 0.702344 0.0184784
1 0.526953 0.511816 0.705469 0.704492 0.915039
