1 0.497656 0.483594 0.771875 0.901563 0.933594
1 0.332227 0.489062 0.413672 0.890625 0.0250397
0 0.524219 0.4875 0.796875 0.898438 0.00536346
1 0.789062 0.767578 0.421875 0.452344 0.00471878
1 0.130176 0.180664 0.251758 0.34375 0.00434875
1 0.0672852 0.505469 0.12207 0.848437 0.00341606
0 0.136719 0.169824 0.2625 0.339648 0.0029583
0 0.099707 0.183594 0.188086 0.342187 0.00270462
0 0.836328 0.759375 0.327344 0.467187 0.00260162
1 0.157031 0.14668 0.303906 0.293359 0.00235939
0 0.760547 0.76875 0.478906 0.453125 0.00232315
1 0.0926758 0.478027 0.176758 0.79082 0.00190449
0 0.0672852 0.505469 0.12207 0.848437 0.00188923
1 0.643359 0.521094 0.614844 0.671875 0.00182438
1 0.905469 0.763281 0.189063 0.448438 0.00174141
0 0.905469 0.763281 0.189063 0.448438 0.00166798
1 0.103809 0.35625 0.199805 0.575781 0.00136185
1 0.867969 0.772266 0.264062 0.436719 0.00129414
1 0.0930664 0.183789 0.174805 0.320312 0.0012598
0 0.132031 0.873047 0.253516 0.253906 0.0011692
0 0.967188 0.361719 0.065625 0.435937 0.00116062
0 0.952344 0.297266 0.0953125 0.4625 0.0011425
0 1 0.444141 0 0.225 0.0011425
1 0.0756104 0.343945 0.139014 0.549609 0.00113392
0 0.0926758 0.478027 0.176758 0.79082 0.00112438
1 0.585059 0.624609 0.71582 0.630469 0.00112438
1 0.952344 0.297266 0.0953125 0.4625 0.00110722
0 0.326758 0.728125 0.368359 0.414062 0.00109863
0 0.804102 0.847461 0.391797 0.305078 0.00109005
1 0.967188 0.361719 0.065625 0.435937 0.00108147
0 0.975781 0.448828 0.0484375 0.439844 0.00105286
1 0.118945 0.975781 0.237891 0.0484375 0.00103664
0 0.973047 0.957812 0.0539063 0.084375 0.00102043
0 0.118555 0.829687 0.232422 0.340625 0.00101185
1 0.530469 0.477734 0.809375 0.897656 0.742188
0 0.525 0.473437 0.821875 0.917188 0.118591
1 0.696875 0.464453 0.4875 0.833594 0.00250244
0 0.696875 0.464453 0.4875 0.833594 0.00171375
1 0.533594 0.476953 0.835938 0.892969 0.895996
0 0.527344 0.478906 0.842188 0.892187 0.0274811
1 0.734375 0.460938 0.428125 0.859375 0.00194168
0 0.501953 0.965625 0.877344 0.06875 0.00112057
0 0.0612305 0.982031 0.122461 0.0359375 0.00106049
1 0.528125 0.474609 0.8125 0.894531 0.827148
0 0.528125 0.474609 0.8125 0.894531 0.0223694
0 0.516016 0.751562 0.771094 0.334375 0.00981903
1 0.528125 0.154492 0.834375 0.264453 0.00861359
1 0.533203 0.225342 0.808594 0.398535 0.0069046
0 0.352734 0.724219 0.432813 0.385938 0.00584412
0 0.508203 0.813867 0.758594 0.222266 0.00584412
0 0.385938 0.796094 0.494531 0.254687 0.00383949
0 0.528125 0.154492 0.834375 0.264453 0.00356483
0 0.365625 0.664062 0.471875 0.5 0.00259018
0 0.521191 0.671875 0.788867 0.490625 0.00201035
1 0.521973 0.792969 0.798242 0.251563 0.00197983
0 0.511328 0.258594 0.764844 0.45625 0.00192642
1 0.539844 0.46875 0.845312 0.90625 0.866699
0 0.539844 0.467969 0.842188 0.895312 0.0570679
1 0.539062 0.472656 0.846875 0.910937 0.899414
0 0.542578 0.475781 0.841406 0.9 0.0332031
1 0.532812 0.463281 0.81875 0.898438 0.91748
1 0.722656 0.469531 0.45 0.901563 0.00146103
1 0.533594 0.474609 0.825 0.896094 0.896973
0 0.532031 0.48125 0.81875 0.8875 0.0165253
1 0.538281 0.475 0.81875 0.903125 0.892578
0 0.535937 0.475781 0.8125 0.898438 0.0123825
1 0.541797 0.475 0.839844 0.9 0.908691
0 0.541797 0.475 0.838281 0.90625 0.00974274
1 0.537891 0.475 0.817969 0.903125 0.892578
0 0.535937 0.476172 0.8125 0.897656 0.0123825
