1 0.451953 0.504687 0.761719 0.895312 0.861328
0 0.492969 0.515234 0.851562 0.886719 0.202393
1 0.275439 0.503906 0.399121 0.876562 0.00521851
1 0.609766 0.553906 0.642969 0.804688 0.00466537
0 0.832812 0.832227 0.334375 0.335547 0.00258064
0 0.417578 0.996875 0.2375 0.00625 0.00255013
0 0.609766 0.553906 0.642969 0.804688 0.00223351
0 0.959375 0.489844 0.08125 0.742188 0.00215721
0 0.275439 0.503906 0.399121 0.876562 0.00213242
0 0.365234 0.996484 0.232031 0.00703125 0.00209999
0 0.4625 0.996484 0.225781 0.00703125 0.00195694
1 0.832812 0.832227 0.334375 0.335547 0.00195694
0 0.200977 0.513281 0.262109 0.845312 0.00186729
1 0.959375 0.489844 0.08125 0.742188 0.00178909
0 0.511719 0.995703 0.232031 0.00859375 0.0017004
1 0.210352 0.487891 0.278516 0.814844 0.00163555
1 0.732813 0.516016 0.4125 0.771094 0.00141048
1 0.444141 0.340234 0.732031 0.680469 0.00140476
0 0.732813 0.516016 0.4125 0.771094 0.00137806
0 0.434473 0.944531 0.274805 0.110937 0.00132465
0 0.38584 0.730078 0.583008 0.428906 0.00124454
0 0.317187 0.996484 0.236719 0.00703125 0.00124454
0 0.108105 0.975 0.216211 0.05 0.00118828
0 0.00888672 0.504297 0.0177734 0.747656 0.00113773
0 0.961719 0.342578 0.0765625 0.48125 0.00112915
1 0.108105 0.975 0.216211 0.05 0.00110722
0 0.857031 0.526563 0.175 0.853125 0.00110722
0 0.775781 0.551465 0.325 0.658008 0.00107765
0 0.569531 0.996094 0.246875 0.0078125 0.00107288
0 0.883594 0.856445 0.232812 0.287109 0.00104427
0 0.815625 0.530078 0.245312 0.842969 0.00102425
0 0.380859 0.932813 0.267188 0.134375 0.00100803
0 0.763281 0.990625 0.35625 0.01875 0.00100422
0 0.503125 0.484766 0.839063 0.885156 0.898926
1 0.506641 0.497656 0.828906 0.860937 0.0654907
0 0.679297 0.511719 0.500781 0.807813 0.0178528
0 0.500781 0.617188 0.829687 0.629687 0.00602722
0 0.236328 0.504687 0.330469 0.865625 0.00471878
0 0.75625 0.526465 0.342187 0.762695 0.00421524
0 0.365039 0.629004 0.568359 0.585742 0.00385475
0 0.179785 0.500391 0.35957 0.917969 0.00197983
0 0.469922 0.776563 0.764844 0.317187 0.00194168
0 0.690625 0.657031 0.453125 0.53125 0.00193405
0 0.796875 0.589844 0.285937 0.696875 0.00157356
0 0.360938 0.478125 0.571094 0.740625 0.00151253
0 0.449609 0.687109 0.725781 0.494531 0.00139904
0 0.501562 0.514844 0.85625 0.85625 0.621582
1 0.500781 0.509375 0.860937 0.85625 0.472656
1 0.497266 0.360156 0.855469 0.578125 0.00436401
0 0.703125 0.514844 0.460938 0.853125 0.00405502
1 0.504687 0.153809 0.9 0.179102 0.00157928
0 0.467969 0.975781 0.782812 0.0484375 0.00148964
1 0.458594 0.0164551 0.785937 0.0329102 0.00116062
0 0.458594 0.0164551 0.785937 0.0329102 0.0011425
0 0.497656 0.502734 0.854688 0.864844 0.888184
1 0.494531 0.494922 0.85 0.849219 0.0723877
0 0.498437 0.277344 0.846875 0.417188 0.0367126
0 0.492188 0.177539 0.83125 0.235547 0.0109482
0 0.483594 0.818555 0.78125 0.259766 0.00588989
0 0.494531 0.750391 0.832812 0.389844 0.00524139
0 0.397656 0.717969 0.626562 0.435937 0.00287819
1 0.502344 0.17168 0.851562 0.221484 0.00287819
0 0.315625 0.497754 0.476562 0.782617 0.00270462
1 0.495313 0.250439 0.85 0.382715 0.00201035
0 0.317383 0.355078 0.474609 0.471094 0.00174809
0 0.826758 0.509375 0.240234 0.889063 0.00154305
0 0.612891 0.706641 0.611719 0.449219 0.00121593
0 0.278174 0.739453 0.361621 0.377344 0.00104427
0 0.468848 0.8625 0.737305 0.153125 0.00100422
0 0.502344 0.502344 0.871875 0.870313 0.847656
1 0.50625 0.496094 0.873438 0.860937 0.11676
0 0.261133 0.505859 0.367578 0.857031 0.00105667
0 0.500781 0.510156 0.865625 0.885938 0.914062
1 0.498828 0.492578 0.864844 0.861719 0.016098
0 0.721875 0.259961 0.403125 0.380859 0.00129414
0 0.50625 0.50625 0.848437 0.870313 0.87207
1 0.503906 0.494922 0.835938 0.869531 0.224731
0 0.748438 0.507422 0.375 0.869531 0.00132465
0 0.502344 0.492578 0.846875 0.861719 0.888184
1 0.502344 0.492578 0.846875 0.861719 0.0383911
0 0.285352 0.503906 0.416016 0.867188 0.00181007
0 0.510156 0.510156 0.845312 0.885938 0.871094
1 0.507031 0.493359 0.840625 0.867969 0.0262604
0 0.309766 0.460547 0.457812 0.802344 0.00107765
0 0.505469 0.502344 0.857813 0.88125 0.935547
1 0.505078 0.503125 0.861719 0.885938 0.00526047
0 0.795117 0.467969 0.266016 0.620313 0.00134087
0 0.764844 0.488281 0.326562 0.739062 0.00131512
0 0.510156 0.510156 0.845312 0.885938 0.871094
1 0.507031 0.493359 0.840625 0.867969 0.0263519
0 0.309961 0.460547 0.458203 0.802344 0.00107765
