1 0.4875 0.540625 0.840625 0.8375 0.910645
0 0.489844 0.54375 0.842188 0.840625 0.0132217
1 0.279687 0.521875 0.40625 0.8 0.00486755
0 0.405469 0.996094 0.217187 0.0078125 0.00312424
0 0.453125 0.995703 0.215625 0.00859375 0.00277901
0 0.505469 0.995703 0.215625 0.00859375 0.00274658
0 0.360742 0.996484 0.220703 0.00703125 0.00257111
1 0.431641 0.732813 0.692969 0.434375 0.00247192
1 0.846094 0.833203 0.307813 0.333594 0.00234985
0 0.557031 0.995703 0.219531 0.00859375 0.00217438
1 0.423828 0.114941 0.117188 0.114258 0.00214005
1 0.592578 0.58125 0.633594 0.753125 0.00199509
0 0.846094 0.833203 0.307813 0.333594 0.00194168
1 0.955469 0.546094 0.0890625 0.759375 0.00169373
0 0.955469 0.546094 0.0890625 0.759375 0.00160408
0 0.609375 0.996094 0.220313 0.0078125 0.00152493
0 0.882812 0.84707 0.234375 0.305859 0.00144386
0 0.312695 0.996875 0.225391 0.00625 0.00132465
0 0.136621 0.976172 0.273242 0.0476562 0.00126934
1 0.136621 0.976172 0.273242 0.0476562 0.00124931
1 0.596484 0.716797 0.625781 0.464844 0.00124931
1 0.478809 0.995703 0.214258 0.00859375 0.00124454
1 0.206641 0.992188 0.413281 0.015625 0.00124454
1 0.836719 0.532031 0.171875 0.839063 0.00123501
0 0.836719 0.532031 0.171875 0.839063 0.0012064
1 0.805469 0.992969 0.339063 0.0140625 0.0011425
1 0.53125 0.995703 0.21875 0.00859375 0.00112438
1 0.405469 0.996094 0.217187 0.0078125 0.00112438
0 0.804688 0.799219 0.390625 0.384375 0.00106525
1 0.360742 0.996484 0.220703 0.00703125 0.00105286
0 0.388379 0.956641 0.235742 0.0867188 0.00103188
1 0.882812 0.84707 0.234375 0.305859 0.00100803
0 0.89375 0.789844 0.2125 0.382812 0.00100803
1 0.489941 0.546191 0.79668 0.782617 0.869629
0 0.491406 0.545313 0.803125 0.803125 0.00912476
1 0.490625 0.551953 0.84375 0.803906 0.853516
0 0.488281 0.548047 0.842188 0.811719 0.00570679
1 0.665625 0.551953 0.490625 0.797656 0.00402451
1 0.49375 0.204297 0.859375 0.408594 0.00154877
1 0.486719 0.972656 0.842188 0.0546875 0.00127888
1 0.165137 0.513672 0.19082 0.894531 0.00110722
1 0.484375 0.277148 0.860937 0.220703 0.00104809
1 0.491406 0.558984 0.835938 0.822656 0.858887
1 0.485156 0.38125 0.828125 0.45625 0.0171814
0 0.484375 0.555469 0.83125 0.8125 0.00471878
1 0.4875 0.29668 0.828125 0.289453 0.00390053
0 0.494141 0.274609 0.839844 0.246094 0.00172043
0 0.452344 0.820508 0.735937 0.268359 0.00136662
0 0.314453 0.835938 0.450781 0.234375 0.00123501
1 0.460547 0.778125 0.752344 0.345313 0.00104809
1 0.494922 0.540625 0.842969 0.809375 0.916016
1 0.253467 0.538281 0.348535 0.790625 0.00101662
1 0.492188 0.555469 0.8625 0.83125 0.90625
0 0.489844 0.553906 0.848437 0.826563 0.00593567
1 0.421094 0.109375 0.13125 0.100977 0.0012207
1 0.492578 0.546484 0.817969 0.807031 0.915039
1 0.820312 0.525 0.19375 0.878125 0.00156116
1 0.692187 0.54375 0.428125 0.80625 0.00103188
1 0.486719 0.552344 0.821875 0.801562 0.888672
1 0.801562 0.533984 0.271875 0.847656 0.00183105
1 0.833594 0.522266 0.332812 0.863281 0.0017271
1 0.332422 0.548047 0.503906 0.794531 0.00131512
1 0.155957 0.517969 0.174414 0.892187 0.00130463
1 0.492188 0.813281 0.790625 0.285937 0.00118351
1 0.488281 0.559375 0.814062 0.815625 0.913574
1 0.570703 0.814844 0.689844 0.28125 0.00136662
1 0.631152 0.785742 0.543945 0.331641 0.00116539
1 0.489062 0.548437 0.83125 0.809375 0.902832
1 0.488281 0.559375 0.814062 0.815625 0.913574
1 0.570312 0.813867 0.689062 0.281641 0.00135136
1 0.63125 0.785742 0.54375 0.331641 0.00116062
