1 0.521973 0.518066 0.72168 0.798242 0.826172
0 0.521973 0.518066 0.72168 0.798242 0.0407715
1 0.857422 0.812695 0.285156 0.371484 0.025177
0 0.858398 0.84043 0.283203 0.319141 0.0139542
0 0.854688 0.778906 0.290625 0.41875 0.00419998
1 0.51875 0.989062 0.817187 0.021875 0.00247192
1 0.938281 0.511719 0.123438 0.789062 0.00214005
1 0.0929687 0.494922 0.178125 0.857031 0.00213242
0 0.539844 0.989062 0.828125 0.021875 0.00208282
0 0.0929687 0.494922 0.178125 0.857031 0.00202751
1 0.566797 0.672656 0.624219 0.451562 0.00194168
0 0.149512 0.792969 0.295508 0.414062 0.00190449
1 0.846875 0.498437 0.30625 0.825 0.00179577
1 0.508594 0.933594 0.83125 0.132812 0.00176144
1 0.847656 0.747656 0.304688 0.465625 0.0016613
0 0.945312 0.52666 0.109375 0.75918 0.00156689
0 0.526563 0.939062 0.85 0.121875 0.00136185
0 0.657715 0.990625 0.606445 0.01875 0.00133514
1 0.151953 0.771484 0.298047 0.444531 0.00131989
0 0.742188 0.992188 0.404687 0.015625 0.00126457
1 0.14502 0.490625 0.269336 0.846875 0.00124454
0 0.448828 0.991406 0.733594 0.0171875 0.00114727
0 0.14502 0.490625 0.269336 0.846875 0.0011425
1 0.884766 0.76875 0.230469 0.4125 0.00112915
0 0.1375 0.973437 0.275 0.053125 0.00108147
1 0.332227 0.471875 0.346484 0.682813 0.00105286
1 0.742188 0.992188 0.404687 0.015625 0.00104809
1 0.657715 0.990625 0.606445 0.01875 0.00104046
1 0.528906 0.517187 0.707812 0.775 0.845215
0 0.524609 0.517969 0.710156 0.779688 0.0283813
1 0.523047 0.527734 0.716406 0.785156 0.864746
1 0.652734 0.526172 0.464844 0.778906 0.0106506
1 0.469531 0.243311 0.839063 0.250879 0.00232315
0 0.514063 0.526172 0.735937 0.788281 0.00214958
0 0.514063 0.979688 0.809375 0.040625 0.00197983
1 0.514063 0.979688 0.809375 0.040625 0.00124931
1 0.479688 0.0699219 0.85625 0.139844 0.00104046
1 0.52041 0.519434 0.72793 0.781445 0.816406
1 0.521484 0.387891 0.724219 0.510156 0.0119629
1 0.521484 0.266211 0.741406 0.262891 0.00653839
0 0.523047 0.52041 0.732031 0.781055 0.00298119
1 0.533594 0.506641 0.717188 0.777344 0.909668
0 0.53125 0.505469 0.715625 0.757812 0.00138855
1 0.528809 0.524121 0.733008 0.795508 0.913086
0 0.519141 0.52334 0.752344 0.79082 0.00385475
1 0.664844 0.528223 0.445312 0.79043 0.00112915
1 0.533203 0.516016 0.719531 0.783594 0.909668
1 0.691406 0.515625 0.410937 0.790625 0.00224304
1 0.528125 0.512891 0.725 0.772656 0.875977
1 0.532715 0.514746 0.71582 0.77832 0.929199
1 0.516406 0.939062 0.726562 0.121875 0.00127888
1 0.528516 0.513672 0.727344 0.761719 0.931641
1 0.519141 0.945312 0.782031 0.109375 0.00136662
1 0.532715 0.514844 0.71582 0.778125 0.929199
1 0.516406 0.939062 0.726562 0.121875 0.00127411
