1 0.452734 0.529297 0.769531 0.821094 0.915039
0 0.452734 0.529297 0.769531 0.821094 0.0137405
1 0.802148 0.791992 0.395703 0.409766 0.00365067
1 0.563281 0.514063 0.579687 0.767187 0.00271416
1 0.925 0.524609 0.15 0.844531 0.00269318
1 0.451172 0.717969 0.733594 0.445312 0.00243378
1 0.249805 0.478125 0.371484 0.7 0.00220871
0 0.925 0.524609 0.15 0.844531 0.00208282
1 0.789062 0.501562 0.145313 0.80625 0.00208282
0 0.534375 0.995703 0.217187 0.00859375 0.00203514
1 0.823438 0.841016 0.35 0.317969 0.00190449
0 0.583984 0.996094 0.214844 0.0078125 0.00187492
0 0.802148 0.791992 0.395703 0.409766 0.00186729
0 0.485156 0.995703 0.222656 0.00859375 0.00175476
0 0.408203 0.996094 0.21875 0.0078125 0.00172043
0 0.941406 0.524609 0.117188 0.813281 0.00172043
1 0.941406 0.524609 0.117188 0.813281 0.00153637
0 0.525 0.964063 0.210938 0.071875 0.00152493
0 0.358984 0.996484 0.21875 0.00703125 0.0015192
1 0.200781 0.991797 0.401563 0.0164062 0.00151253
0 0.789062 0.501562 0.145313 0.80625 0.00150681
1 0.760156 0.503809 0.196875 0.773633 0.00145531
1 0.512109 0.986719 0.846094 0.0265625 0.00143242
0 0.823438 0.841016 0.35 0.317969 0.0014267
1 0.13418 0.977344 0.268359 0.0453125 0.00137806
0 0.479297 0.966406 0.221094 0.0671875 0.00135612
1 0.707422 0.519531 0.300781 0.826563 0.00135612
0 0.13418 0.977344 0.268359 0.0453125 0.0012846
0 0.308984 0.996875 0.221094 0.00625 0.00127411
0 0.633594 0.996484 0.215625 0.00703125 0.00124454
0 0.427734 0.967188 0.217969 0.065625 0.0012064
0 0.576563 0.964844 0.210938 0.0703125 0.00116062
1 0.847656 0.747266 0.304688 0.457031 0.00113392
1 0.795508 0.992969 0.352734 0.0140625 0.00113392
0 0.375391 0.967188 0.217187 0.065625 0.0011034
0 0.200781 0.991797 0.401563 0.0164062 0.00106907
0 0.00930176 0.548437 0.0186035 0.526563 0.00106049
0 0.156055 0.882422 0.288672 0.235156 0.00102425
0 0.329297 0.946875 0.219531 0.10625 0.00101185
1 0.454688 0.526172 0.767187 0.800781 0.882812
0 0.454688 0.526172 0.767187 0.800781 0.0136871
1 0.710938 0.519531 0.278125 0.80625 0.00256157
0 0.710938 0.519531 0.278125 0.80625 0.00159168
1 0.450391 0.539844 0.755469 0.8125 0.837402
0 0.45 0.536719 0.76875 0.804688 0.00508118
1 0.584375 0.526563 0.5125 0.8 0.00344276
1 0.457812 0.23457 0.753125 0.208203 0.0018034
0 0.46875 0.982813 0.814062 0.034375 0.00154877
1 0.46875 0.982813 0.814062 0.034375 0.00102043
1 0.450098 0.53125 0.774805 0.8 0.850098
0 0.453809 0.53125 0.761133 0.80625 0.0127716
1 0.453125 0.324414 0.770312 0.383984 0.00395966
1 0.450781 0.836719 0.759375 0.223438 0.00324821
0 0.278906 0.186523 0.235938 0.0734375 0.0029583
0 0.321484 0.829687 0.452344 0.234375 0.00269318
0 0.446484 0.833594 0.724219 0.229687 0.0026207
0 0.449609 0.304102 0.772656 0.340234 0.0014782
1 0.321484 0.829687 0.452344 0.234375 0.00118828
1 0.460547 0.26543 0.775781 0.278516 0.00112915
0 0.307031 0.168945 0.195312 0.0671875 0.00110722
1 0.460938 0.53125 0.7875 0.81875 0.911133
0 0.460059 0.527734 0.789258 0.816406 0.00500107
1 0.452734 0.535937 0.803906 0.829687 0.915527
0 0.452734 0.535937 0.803906 0.829687 0.00193405
1 0.463281 0.532031 0.765625 0.8125 0.912598
1 0.649609 0.527734 0.407031 0.819531 0.00123024
1 0.457715 0.529297 0.775195 0.817969 0.89502
1 0.462598 0.535156 0.768555 0.829687 0.930664
1 0.469531 0.802344 0.754687 0.270312 0.0012207
0 0.460156 0.535156 0.764063 0.823438 0.00102425
1 0.457812 0.529297 0.76875 0.807031 0.912109
0 0.457422 0.51875 0.775781 0.790625 0.00137806
1 0.462891 0.535156 0.767969 0.829687 0.930664
1 0.469531 0.802344 0.754687 0.270312 0.0012207
0 0.460254 0.535156 0.763867 0.823438 0.00101662
