1 0.45166 0.495703 0.770117 0.860156 0.874512
0 0.463281 0.495313 0.776563 0.8625 0.0925293
1 0.332617 0.497656 0.522266 0.854688 0.00416565
1 0.570996 0.520703 0.567383 0.778906 0.00335121
1 0.85 0.496484 0.3 0.857031 0.0024929
1 0.720312 0.492969 0.36875 0.867188 0.00219917
0 0.85 0.496484 0.3 0.857031 0.00195694
1 0.459473 0.694141 0.74668 0.453906 0.00194931
0 0.774219 0.795313 0.451562 0.398438 0.00181007
0 0.921875 0.518359 0.15625 0.819531 0.00177479
1 0.921875 0.518359 0.15625 0.819531 0.00170708
1 0.774219 0.795313 0.451562 0.398438 0.00161076
1 0.500781 0.595703 0.703125 0.680469 0.00157356
0 0.215039 0.461328 0.299609 0.757031 0.00154305
0 0.720312 0.492969 0.36875 0.867188 0.00131512
0 0.94375 0.524902 0.1125 0.773633 0.00131512
0 0.131543 0.977344 0.263086 0.0453125 0.0012846
1 0.341992 0.705469 0.525391 0.428125 0.0012846
1 0.215039 0.461328 0.299609 0.757031 0.00127411
0 0.0095459 0.528125 0.0190918 0.553125 0.00126457
1 0.763281 0.497266 0.203125 0.839844 0.00123501
1 0.131543 0.977344 0.263086 0.0453125 0.00122547
0 0.763281 0.497266 0.203125 0.839844 0.00119209
1 0.785937 0.846289 0.398438 0.307422 0.00117397
1 0.711719 0.991797 0.373437 0.0164062 0.00114727
1 0.270117 0.991406 0.520703 0.0171875 0.0011425
1 0.513672 0.989062 0.860156 0.021875 0.00112438
0 0.360547 0.996484 0.224219 0.00703125 0.00112438
0 0.811719 0.843164 0.375 0.313672 0.00109863
0 0.461719 0.996484 0.221094 0.00703125 0.00109482
1 0.94375 0.524902 0.1125 0.773633 0.00108147
0 0.411328 0.996484 0.222656 0.00703125 0.00105286
0 0.553516 0.989844 0.821094 0.0203125 0.00105286
0 0.332617 0.497656 0.522266 0.854688 0.00101662
0 0.45166 0.49375 0.768555 0.846875 0.663574
1 0.454297 0.484375 0.763281 0.8625 0.403564
0 0.241797 0.486719 0.386719 0.879687 0.00331116
0 0.702344 0.501953 0.298438 0.802344 0.00179577
0 0.642187 0.480859 0.39375 0.807031 0.0012207
1 0.452344 0.496094 0.760938 0.84375 0.861328
0 0.450098 0.496875 0.773242 0.840625 0.00933838
1 0.597656 0.498828 0.492188 0.833594 0.00351143
0 0.479688 0.98125 0.860937 0.0375 0.00148964
1 0.462891 0.163843 0.861719 0.191846 0.00148392
1 0.457031 0.980469 0.823438 0.0390625 0.00133514
1 0.453906 0.226172 0.820312 0.307031 0.00117874
0 0.410937 0.0168945 0.717969 0.0337891 0.00104809
1 0.452734 0.503906 0.771094 0.848437 0.666992
0 0.455469 0.499219 0.7625 0.851562 0.381104
0 0.457422 0.281641 0.766406 0.419531 0.0219879
0 0.464453 0.192188 0.778906 0.254297 0.0126266
0 0.339063 0.278125 0.510938 0.409375 0.00534439
1 0.457422 0.281641 0.766406 0.419531 0.00419998
0 0.384766 0.860937 0.60625 0.103125 0.00388527
1 0.464453 0.192188 0.778906 0.254297 0.00324821
0 0.329297 0.707422 0.49375 0.399219 0.00305176
0 0.392578 0.347656 0.624219 0.535937 0.00243378
0 0.459766 0.850781 0.783594 0.132812 0.00179577
1 0.329297 0.707422 0.49375 0.399219 0.00175476
1 0.446094 0.859375 0.748438 0.1125 0.00158501
0 0.345313 0.803125 0.519531 0.217187 0.00152493
0 0.319141 0.198437 0.465625 0.265234 0.00136185
0 0.446875 0.802344 0.734375 0.223438 0.00123501
0 0.355859 0.624902 0.559375 0.58457 0.00109863
1 0.459375 0.488672 0.784375 0.835156 0.865234
0 0.459766 0.489844 0.783594 0.84375 0.0974121
1 0.453516 0.492188 0.802344 0.860937 0.800293
0 0.449219 0.492188 0.796875 0.840625 0.362061
0 0.632422 0.264062 0.392969 0.382812 0.00127411
1 0.460938 0.497656 0.771875 0.857813 0.92041
0 0.462891 0.5 0.772656 0.8625 0.0068512
1 0.644141 0.495313 0.414844 0.85 0.00124454
1 0.459375 0.507422 0.76875 0.839844 0.904785
0 0.453125 0.494922 0.7625 0.857031 0.237183
1 0.457031 0.496875 0.760938 0.8625 0.899902
0 0.458203 0.49375 0.767969 0.8625 0.0132217
1 0.463379 0.492188 0.779492 0.865625 0.842285
0 0.458594 0.492578 0.773438 0.844531 0.339844
1 0.457031 0.496875 0.760938 0.8625 0.900391
0 0.458203 0.49375 0.767969 0.8625 0.0131683
