0 0.423047 0.871875 0.144531 0.1125 0.420654
0 0.782812 0.717188 0.201562 0.145313 0.361084
0 0.675 0.847656 0.23125 0.167187 0.348633
1 0.714453 0.848242 0.416406 0.159766 0.345947
0 0.721875 0.84707 0.407813 0.171484 0.326904
1 0.675 0.847656 0.23125 0.167187 0.283691
0 0.266992 0.76875 0.142578 0.123438 0.26123
0 0.107251 0.914844 0.179248 0.135937 0.257568
0 0.273047 0.895312 0.128125 0.153125 0.223389
0 0.585156 0.114038 0.135937 0.0797363 0.191284
1 0.423047 0.871875 0.144531 0.1125 0.168335
1 0.782812 0.717188 0.201562 0.145313 0.166626
0 0.635156 0.853125 0.201562 0.157813 0.161377
0 0.467187 0.0916992 0.132031 0.116992 0.157715
0 0.564062 0.690625 0.265625 0.220313 0.152588
0 0.403516 0.871875 0.177344 0.128125 0.150024
0 0.8625 0.542969 0.171875 0.251563 0.149536
0 0.853906 0.853125 0.154687 0.145313 0.143188
1 0.109277 0.91875 0.158789 0.128125 0.140869
0 0.660156 0.835938 0.175 0.1375 0.122498
1 0.273047 0.895312 0.128125 0.153125 0.118591
0 0.510156 0.695703 0.375781 0.230469 0.105957
1 0.853906 0.853125 0.154687 0.145313 0.103943
0 0.725781 0.0557617 0.276563 0.0826172 0.0946655
1 0.635156 0.853125 0.201562 0.157813 0.0922241
1 0.266992 0.76875 0.142578 0.123438 0.0889893
0 0.595312 0.699219 0.19375 0.201562 0.0872803
0 0.127148 0.663281 0.200391 0.141406 0.0808105
1 0.403516 0.871875 0.177344 0.128125 0.0802002
0 0.535156 0.513965 0.665625 0.69707 0.0790405
1 0.722656 0.842383 0.30625 0.168359 0.0762939
0 0.499609 0.452734 0.133594 0.158594 0.0753174
0 0.268164 0.788867 0.151172 0.137891 0.0713501
0 0.480469 0.580469 0.801562 0.839063 0.0648804
0 0.53916 0.614844 0.493555 0.407813 0.0643921
0 0.920313 0.13457 0.135937 0.0695312 0.0598755
1 0.585156 0.114038 0.135937 0.0797363 0.0594177
0 0.275781 0.761719 0.138281 0.09375 0.0594177
0 0.127173 0.706641 0.153076 0.152344 0.0545044
0 0.913281 0.124609 0.15625 0.0878906 0.0486755
1 0.467187 0.0916992 0.132031 0.116992 0.0477905
1 0.564062 0.690625 0.265625 0.220313 0.0458679
0 0.131055 0.64375 0.136719 0.0984375 0.0406799
1 0.535156 0.513965 0.665625 0.69707 0.0391235
1 0.510156 0.695703 0.375781 0.230469 0.0367126
1 0.727344 0.0617676 0.278125 0.0950195 0.035675
0 0.109961 0.142773 0.219922 0.124609 0.0354004
0 0.114087 0.689062 0.196045 0.189063 0.0353394
0 0.632422 0.85332 0.291406 0.165234 0.0306244
1 0.53916 0.614844 0.493555 0.407813 0.0305023
1 0.8625 0.542969 0.171875 0.251563 0.0299225
1 0.660156 0.835938 0.175 0.1375 0.0282745
0 0.218359 0.660937 0.109375 0.0875 0.0278015
0 0.143457 0.737109 0.126758 0.0734375 0.0267639
0 0.271875 0.85918 0.137109 0.184766 0.024704
0 0.184961 0.9125 0.09375 0.128125 0.0239563
0 0.825781 0.853906 0.201562 0.1375 0.0236969
1 0.127148 0.663281 0.200391 0.141406 0.0233765
1 0.480469 0.580469 0.801562 0.839063 0.0231934
1 0.496094 0.451172 0.142188 0.153125 0.0196075
1 0.127173 0.706641 0.153076 0.152344 0.019455
1 0.275781 0.761719 0.138281 0.09375 0.0190582
0 0.17793 0.914062 0.355859 0.121875 0.0188293
0 0.145801 0.914844 0.250586 0.123438 0.0184784
1 0.184961 0.9125 0.09375 0.128125 0.0182953
0 0.147949 0.651563 0.193555 0.13125 0.016922
0 0.0870117 0.159766 0.164648 0.161719 0.0162201
0 0.283789 0.8625 0.133984 0.090625 0.0158997
0 0.896094 0.532812 0.114063 0.25625 0.0149536
1 0.268164 0.788867 0.151172 0.137891 0.0149002
0 0.169238 0.346094 0.201367 0.225781 0.0148392
0 0.584375 0.864062 0.165625 0.128125 0.014389
1 0.133105 0.910156 0.213477 0.142188 0.0141754
0 0.108423 0.728125 0.195654 0.084375 0.0138474
0 0.247461 0.753906 0.153516 0.107813 0.0138474
1 0.632422 0.85332 0.291406 0.165234 0.0136337
0 0.161914 0.645312 0.209375 0.101562 0.013588
0 0.307227 0.41875 0.469922 0.41875 0.0132217
1 0.920313 0.13457 0.135937 0.0695312 0.0123825
0 0.3875 0.46709 0.629687 0.608008 0.012146
0 0.659375 0.810156 0.171094 0.084375 0.0119629
0 0.277734 0.829492 0.141406 0.109766 0.0116425
1 0.114087 0.689062 0.196045 0.189063 0.0114212
1 0.595312 0.699219 0.19375 0.201562 0.0107346
0 0.903125 0.741406 0.071875 0.109375 0.0106125
0 0.582812 0.12002 0.126563 0.113086 0.0104904
0 0.748828 0.062207 0.232031 0.101562 0.0102463
1 0.271875 0.85918 0.137109 0.184766 0.00963593
1 0.131055 0.64375 0.136719 0.0984375 0.00898743
0 0.725 0.0612793 0.246875 0.122559 0.00888062
0 0.820312 0.547266 0.221875 0.246094 0.00888062
0 0.75 0.622656 0.15625 0.071875 0.00878143
1 0.143457 0.737109 0.126758 0.0734375 0.00878143
0 0.194482 0.653125 0.143848 0.096875 0.00871277
0 0.366406 0.073291 0.0953125 0.0913086 0.00841522
1 0.913281 0.124609 0.15625 0.0878906 0.00837708
0 0.48584 0.252344 0.237695 0.178906 0.00837708
0 0.140039 0.154883 0.264453 0.139453 0.00743103
0 0.302344 0.100781 0.392188 0.0496094 0.00701141
1 0.247461 0.753906 0.153516 0.107813 0.00669098
0 0.420703 0.749609 0.142188 0.117969 0.00634003
0 0.806445 0.867188 0.243359 0.115625 0.00634003
0 0.635938 0.801562 0.172656 0.232812 0.00631332
0 0.902344 0.130469 0.176563 0.0589844 0.00614548
0 0.553125 0.867188 0.107031 0.128125 0.00609589
1 0.817187 0.858594 0.229687 0.129688 0.00600433
0 0.172461 0.390723 0.203906 0.32168 0.00591278
0 0.280469 0.486035 0.414062 0.276367 0.00561905
0 0.295703 0.909375 0.179688 0.13125 0.00544739
0 0.692969 0.125391 0.115625 0.0523437 0.00542831
0 0.920313 0.0991211 0.14375 0.149023 0.00538635
0 0.0574707 0.15127 0.0993164 0.145508 0.00511932
0 0.450391 0.082251 0.175781 0.109326 0.00500107
0 0.722656 0.80293 0.339063 0.237891 0.00486755
0 0.719922 0.0492188 0.278906 0.0984375 0.00484848
0 0.170703 0.144727 0.341406 0.109766 0.00462723
1 0.725 0.0612793 0.246875 0.122559 0.00443268
0 0.421973 0.852344 0.149805 0.10625 0.00441742
0 0.780469 0.788281 0.25 0.26875 0.00441742
1 0.147949 0.651563 0.193555 0.13125 0.00436401
1 0.17793 0.914062 0.355859 0.121875 0.00431442
1 0.635938 0.801562 0.172656 0.232812 0.00431442
1 0.109961 0.142773 0.219922 0.124609 0.00418091
0 0.884375 0.146582 0.20625 0.110742 0.00402451
1 0.577344 0.867188 0.173438 0.128125 0.00372124
0 0.0526367 0.131445 0.1 0.101953 0.00370789
1 0.722656 0.80293 0.339063 0.237891 0.00359344
0 0.41084 0.904688 0.156445 0.190625 0.00358009
0 0.664453 0.232422 0.191406 0.183594 0.00353813
0 0.436816 0.714063 0.20293 0.209375 0.00348282
1 0.172266 0.650781 0.193359 0.101562 0.00348282
1 0.903125 0.741406 0.071875 0.109375 0.00329781
1 0.3875 0.46709 0.629687 0.608008 0.00325966
0 0.25625 0.0966553 0.240625 0.0477051 0.00322342
0 0.683594 0.119922 0.1375 0.046875 0.00318527
0 0.596094 0.519531 0.607813 0.576563 0.00313568
0 0.74375 0.209766 0.353125 0.215625 0.00313568
0 0.375391 0.0845947 0.111719 0.0925293 0.00309944
1 0.307227 0.41875 0.469922 0.41875 0.00296974
0 0.759375 0.0604004 0.16875 0.0850586 0.00286674
1 0.780469 0.788281 0.25 0.26875 0.00286674
0 0.842188 0.246094 0.25 0.28125 0.00284576
1 0.71875 0.0506348 0.245312 0.0719727 0.0027256
0 0.319727 0.110645 0.328516 0.0580078 0.00269318
0 0.624219 0.531641 0.201562 0.211719 0.00265312
1 0.108423 0.728125 0.195654 0.084375 0.00263214
0 0.853125 0.801562 0.132812 0.24375 0.0026207
0 0.494531 0.474609 0.135937 0.121875 0.00253105
0 0.583594 0.63125 0.414062 0.328125 0.00252151
0 0.308594 0.764453 0.132031 0.116406 0.0024929
0 0.780469 0.637891 0.198437 0.277344 0.00246239
0 0.68125 0.20293 0.229687 0.212891 0.00246239
0 0.258984 0.137402 0.282031 0.129102 0.002388
0 0.926562 0.118848 0.1375 0.110352 0.00237846
1 0.218359 0.660937 0.109375 0.0875 0.00237846
1 0.723828 0.0526367 0.283594 0.105273 0.00233269
1 0.8875 0.538281 0.13125 0.24375 0.00233269
0 0.0919922 0.8875 0.183984 0.084375 0.00230598
0 0.326562 0.117969 0.278906 0.0519531 0.00229645
0 0.11228 0.884375 0.145361 0.189063 0.00224304
1 0.140039 0.154883 0.264453 0.139453 0.00222588
0 0.840625 0.566406 0.189063 0.201562 0.00216484
0 0.245312 0.146875 0.373437 0.142578 0.00214958
0 0.641406 0.132983 0.203125 0.122705 0.00211525
1 0.277734 0.829492 0.141406 0.109766 0.00211525
0 0.153516 0.631641 0.21875 0.08125 0.00208282
1 0.582812 0.12002 0.126563 0.113086 0.00206757
0 0.185498 0.6625 0.113379 0.1625 0.00199509
0 0.351758 0.671875 0.0996094 0.10625 0.00194168
0 0.689062 0.134766 0.128125 0.0773437 0.00194168
0 0.437891 0.871094 0.125781 0.0953125 0.00191212
0 0.85 0.498828 0.214062 0.351562 0.00189686
1 0.853125 0.801562 0.132812 0.24375 0.00189686
0 0.748047 0.607813 0.157031 0.115625 0.00186062
0 0.517578 0.260742 0.179688 0.205078 0.00186062
0 0.101172 0.172168 0.202344 0.180664 0.00181007
1 0.0870117 0.159766 0.164648 0.161719 0.00181007
0 0.710156 0.850781 0.323438 0.132812 0.00176144
0 0.176563 0.443359 0.186719 0.207031 0.00173378
0 0.651563 0.108813 0.232812 0.106592 0.00170708
0 0.707812 0.0455078 0.248437 0.0910156 0.00170708
0 0.886719 0.728906 0.110937 0.139062 0.0017004
1 0.41084 0.904688 0.156445 0.190625 0.00169373
0 0.639063 0.695312 0.151562 0.207813 0.00166798
0 0.817383 0.526563 0.271484 0.292188 0.0016613
0 0.510156 0.427734 0.120312 0.0945313 0.0016489
1 0.553125 0.867188 0.107031 0.128125 0.00164223
0 0.867188 0.306641 0.18125 0.160156 0.00162315
0 0.444141 0.669922 0.260156 0.283594 0.00161648
0 0.654297 0.0524536 0.13125 0.0765381 0.00158501
0 0.319141 0.946875 0.155469 0.05625 0.00157928
0 0.398438 0.735937 0.153125 0.1625 0.00152493
0 0.853125 0.61875 0.153125 0.0890625 0.0015192
0 0.190234 0.143262 0.259375 0.100977 0.00150108
0 0.867969 0.190186 0.223438 0.177441 0.00147247
0 0.367188 0.0666992 0.132031 0.0916016 0.00144386
0 0.561328 0.723437 0.203906 0.2125 0.00143814
0 0.599219 0.121582 0.115625 0.0832031 0.00142097
0 0.0921875 0.874219 0.18125 0.0546875 0.00141621
1 0.308594 0.764453 0.132031 0.116406 0.00138855
1 0.75 0.622656 0.15625 0.071875 0.00136662
1 0.295703 0.909375 0.179688 0.13125 0.00135136
0 0.778906 0.583594 0.209375 0.2625 0.00133514
1 0.283789 0.8625 0.133984 0.090625 0.00132465
0 0.112695 0.921875 0.212891 0.15625 0.00131512
1 0.192969 0.149707 0.335156 0.136914 0.00130463
1 0.820312 0.547266 0.221875 0.246094 0.00127888
0 0.49375 0.235156 0.1875 0.161719 0.00126934
0 0.302148 0.129297 0.283203 0.115234 0.00123501
1 0.327539 0.758594 0.137109 0.134375 0.00121117
1 0.884375 0.146582 0.20625 0.110742 0.0012064
1 0.280469 0.486035 0.414062 0.276367 0.00118828
0 0.678906 0.168555 0.196875 0.163672 0.00115108
0 0.283594 0.123633 0.177344 0.0871094 0.0011425
1 0.902344 0.130469 0.176563 0.0589844 0.00113392
0 0.154126 0.146777 0.164795 0.10918 0.00112915
0 0.573828 0.12168 0.111719 0.0863281 0.00112438
1 0.185498 0.6625 0.113379 0.1625 0.00112438
1 0.258984 0.137402 0.282031 0.129102 0.00111198
0 0.173926 0.0463379 0.159961 0.0694336 0.00109863
1 0.0574707 0.15127 0.0993164 0.145508 0.00109482
0 0.646875 0.251611 0.16875 0.217871 0.00107765
1 0.450391 0.082251 0.175781 0.109326 0.00107288
0 0.363281 0.903906 0.190625 0.192188 0.00107288
0 0.801758 0.719141 0.174609 0.117969 0.00106907
1 0.366406 0.073291 0.0953125 0.0913086 0.00106525
0 0.469629 0.273389 0.223242 0.231348 0.00105286
0 0.315625 0.0988525 0.214062 0.0530762 0.00104046
0 0.605078 0.860937 0.21875 0.140625 0.00103188
0 0.216016 0.140039 0.383594 0.0929687 0.00103188
1 0.112695 0.921875 0.212891 0.15625 0.00102425
0 0.393652 0.0862305 0.136133 0.115234 0.00102425
0 0.327539 0.758594 0.137109 0.134375 0.00102043
1 0.11228 0.884375 0.145361 0.189063 0.00100803
0 0.788281 0.71875 0.20625 0.134375 0.619629
1 0.345117 0.344141 0.545703 0.447656 0.617676
0 0.750781 0.241016 0.375 0.196094 0.583984
0 0.366797 0.347266 0.495313 0.441406 0.442627
0 0.678906 0.488965 0.248437 0.254883 0.287842
0 0.8375 0.841406 0.189063 0.154687 0.279785
1 0.764844 0.235547 0.395312 0.177344 0.258301
0 0.696875 0.48125 0.296875 0.307813 0.243652
0 0.275391 0.767969 0.146094 0.120312 0.214722
0 0.614844 0.719141 0.15625 0.172656 0.193726
0 0.410254 0.864062 0.160742 0.11875 0.165649
0 0.449609 0.352539 0.314063 0.431641 0.153076
0 0.603125 0.703906 0.192188 0.146875 0.148071
0 0.538281 0.0878906 0.265625 0.148828 0.12854
0 0.0614258 0.119727 0.122852 0.0613281 0.115967
0 0.216992 0.657812 0.0957031 0.0828125 0.107788
1 0.124805 0.919531 0.210547 0.151562 0.104858
0 0.124805 0.919531 0.210547 0.151562 0.104126
0 0.286914 0.892187 0.154687 0.140625 0.0994873
0 0.782812 0.475781 0.434375 0.375781 0.0892944
0 0.651563 0.827344 0.192188 0.121875 0.0747681
0 0.471875 0.0793213 0.159375 0.133936 0.0648804
1 0.449609 0.352539 0.314063 0.431641 0.0632324
0 0.745313 0.467578 0.346875 0.31875 0.062561
0 0.503906 0.467187 0.142969 0.163281 0.0574951
0 0.465625 0.514453 0.090625 0.0882813 0.0568542
1 0.275391 0.767969 0.146094 0.120312 0.0544128
0 0.0614746 0.300781 0.118457 0.109375 0.0531921
0 0.522656 0.428125 0.0765625 0.104687 0.0528259
0 0.578906 0.117871 0.145313 0.0798828 0.0512695
1 0.546484 0.0855469 0.33125 0.153906 0.0479431
1 0.8375 0.841406 0.189063 0.154687 0.0469971
0 0.143066 0.642578 0.130273 0.0820312 0.0455322
0 0.369336 0.0658691 0.100391 0.0870117 0.0451965
0 0.127319 0.640625 0.167627 0.117188 0.0449219
0 0.526563 0.0850586 0.629687 0.154492 0.044342
1 0.415234 0.864844 0.160156 0.114063 0.044342
0 0.79375 0.455859 0.29375 0.310156 0.0440979
1 0.788281 0.71875 0.20625 0.134375 0.042572
0 0.810156 0.817969 0.217187 0.167187 0.0389099
0 0.522656 0.747656 0.382812 0.142188 0.0383911
0 0.527734 0.373242 0.1625 0.383984 0.0372009
0 0.7 0.450781 0.25 0.267969 0.0366211
0 0.503027 0.686719 0.370508 0.260938 0.0352783
0 0.0646973 0.106348 0.129395 0.0542969 0.0340881
0 0.133301 0.85625 0.22832 0.260938 0.0323486
0 0.0533203 0.122168 0.106641 0.0841797 0.0304413
1 0.286914 0.892187 0.154687 0.140625 0.0299835
0 0.514844 0.712109 0.342187 0.196094 0.0289307
0 0.428906 0.76875 0.133594 0.084375 0.0289307
1 0.526563 0.0850586 0.629687 0.154492 0.0287628
0 0.561328 0.273828 0.103906 0.115625 0.0273743
1 0.133301 0.85625 0.22832 0.260938 0.0261993
0 0.183789 0.76875 0.212109 0.134375 0.0257111
0 0.209424 0.653125 0.124902 0.09375 0.0240479
0 0.525781 0.418359 0.075 0.157813 0.0239563
0 0.208008 0.821875 0.0726563 0.05625 0.0235138
0 0.643359 0.527344 0.316406 0.271875 0.0232849
0 0.346875 0.646094 0.107031 0.139062 0.0230713
0 0.103223 0.2375 0.17168 0.0394531 0.0229797
0 0.164844 0.647266 0.199219 0.126563 0.0220795
1 0.603125 0.703906 0.192188 0.146875 0.0217438
1 0.503906 0.467187 0.142969 0.163281 0.0216217
0 0.59375 0.728516 0.225 0.185156 0.0212402
0 0.319531 0.954687 0.172656 0.04375 0.0207977
0 0.455469 0.766797 0.0992187 0.0851562 0.0205688
1 0.0614746 0.300781 0.118457 0.109375 0.0200195
0 0.34375 0.666797 0.096875 0.0851562 0.0183411
0 0.741406 0.544629 0.251563 0.410742 0.0178528
0 0.441406 0.867188 0.242188 0.128125 0.0177155
1 0.474219 0.0792969 0.154687 0.125391 0.0175781
0 0.464063 0.5 0.0828125 0.0890625 0.0173798
1 0.582422 0.119531 0.135156 0.0835937 0.0164642
1 0.659375 0.830469 0.196875 0.132812 0.0164032
0 0.118652 0.591406 0.160742 0.195312 0.0158386
0 0.690625 0.128711 0.159375 0.0464844 0.0157776
0 0.141602 0.742969 0.148047 0.0546875 0.0157166
0 0.582031 0.103906 0.134375 0.108984 0.0156708
0 0.723437 0.895312 0.139062 0.0625 0.0155411
0 0.742969 0.59375 0.160938 0.125 0.0148392
1 0.127319 0.640625 0.167627 0.117188 0.0146713
0 0.288867 0.113477 0.152734 0.0394531 0.0144501
0 0.120288 0.233203 0.142236 0.0570313 0.0141754
1 0.678906 0.488965 0.248437 0.254883 0.0139008
0 0.394531 0.142383 0.166406 0.0492188 0.0139008
1 0.220117 0.655078 0.100391 0.0882813 0.0137405
0 0.0450195 0.426562 0.0900391 0.075 0.0137405
0 0.508691 0.86875 0.381055 0.125 0.0137405
0 0.594531 0.127637 0.121875 0.0615234 0.0136337
1 0.428906 0.76875 0.133594 0.084375 0.0136337
0 0.558594 0.0794922 0.3625 0.158984 0.013588
0 0.776563 0.692187 0.217187 0.196875 0.0135345
1 0.696875 0.48125 0.296875 0.307813 0.0131226
0 0.29668 0.760938 0.112891 0.101562 0.0130692
0 0.292578 0.103809 0.138281 0.0460938 0.0127258
0 0.776758 0.303955 0.393359 0.321777 0.0126724
1 0.614844 0.719141 0.15625 0.172656 0.0125275
1 0.533594 0.0993896 0.270312 0.143408 0.0124817
0 0.442187 0.694531 0.526563 0.226562 0.0123367
0 0.647656 0.689844 0.0921875 0.110937 0.0121002
0 0.221875 0.473437 0.104687 0.0953125 0.0118713
0 0.569531 0.288867 0.0796875 0.126953 0.0113754
1 0.494629 0.69375 0.363867 0.23125 0.0113297
1 0.441406 0.867188 0.242188 0.128125 0.0112457
0 0.824414 0.493359 0.351172 0.415625 0.0107346
1 0.346875 0.646094 0.107031 0.139062 0.0106506
1 0.240234 0.896875 0.264453 0.16875 0.0106125
0 0.326758 0.639063 0.129297 0.15 0.0104904
0 0.143359 0.73125 0.164062 0.053125 0.0104523
0 0.0776367 0.139819 0.151758 0.129736 0.0103302
0 0.43125 0.669531 0.725 0.26875 0.0102463
0 0.449902 0.688672 0.19707 0.103125 0.0102463
0 0.202344 0.591016 0.165625 0.0421875 0.00993347
0 0.145508 0.619922 0.139453 0.0609375 0.00993347
1 0.522656 0.747656 0.382812 0.142188 0.00985718
0 0.633594 0.696484 0.125 0.142188 0.00971222
0 0.458203 0.524219 0.113281 0.0695312 0.00967407
1 0.44375 0.68125 0.50625 0.271875 0.00959778
0 0.512109 0.553906 0.157031 0.0484375 0.00945282
1 0.128711 0.64375 0.14375 0.0921875 0.00937653
0 0.386035 0.0706055 0.131055 0.0771484 0.00923157
1 0.455469 0.766797 0.0992187 0.0851562 0.00891876
1 0.226514 0.38584 0.305566 0.35957 0.00871277
1 0.183789 0.76875 0.212109 0.134375 0.00871277
1 0.772656 0.47041 0.353125 0.356055 0.00857544
1 0.118652 0.591406 0.160742 0.195312 0.00841522
0 0.207471 0.667969 0.119434 0.0585938 0.00828552
0 0.161621 0.646094 0.106445 0.096875 0.00828552
1 0.527734 0.373242 0.1625 0.383984 0.00815582
0 0.433984 0.867969 0.114844 0.121875 0.00815582
1 0.521094 0.875 0.570312 0.125 0.00803375
0 0.143848 0.642187 0.15293 0.1 0.00800323
1 0.346484 0.657812 0.09375 0.109375 0.00793457
1 0.508691 0.86875 0.381055 0.125 0.0077858
1 0.499316 0.0799805 0.462305 0.159961 0.00775528
0 0.18208 0.49375 0.194434 0.139062 0.00775528
0 0.395215 0.151758 0.175195 0.0449219 0.00769424
1 0.120288 0.233203 0.142236 0.0570313 0.00763702
0 0.238086 0.655469 0.168359 0.15625 0.00763702
0 0.446875 0.864844 0.0796875 0.1125 0.00754929
0 0.605078 0.118457 0.0882813 0.0857422 0.00743103
0 0.151392 0.789844 0.195654 0.179688 0.00734711
0 0.507812 0.432422 0.117188 0.0796875 0.00725937
1 0.0776367 0.139819 0.151758 0.129736 0.00723267
0 0.41875 0.720312 0.15625 0.0984375 0.00701141
0 0.291406 0.0313477 0.159375 0.053125 0.0068779
0 0.449609 0.0813477 0.160156 0.121289 0.0068512
0 0.423047 0.692578 0.157031 0.116406 0.00669098
1 0.41875 0.720312 0.15625 0.0984375 0.00664139
0 0.746484 0.176611 0.378906 0.309277 0.00658798
1 0.200342 0.65 0.150879 0.0953125 0.00653839
1 0.449902 0.688672 0.19707 0.103125 0.00653839
0 0.286328 0.0420898 0.150781 0.0458984 0.0064888
1 0.779492 0.453516 0.284766 0.294531 0.00636292
0 0.114648 0.168359 0.151172 0.0535156 0.00634003
1 0.423047 0.692578 0.157031 0.116406 0.00626373
0 0.282031 0.767969 0.141406 0.078125 0.00626373
1 0.728516 0.450781 0.302344 0.280469 0.00595856
0 0.799805 0.398828 0.334766 0.347656 0.00595856
0 0.240234 0.896875 0.264453 0.16875 0.005867
0 0.196484 0.578906 0.159375 0.05 0.00584412
1 0.742969 0.59375 0.160938 0.125 0.00572968
1 0.164844 0.647266 0.199219 0.126563 0.0055542
0 0.55625 0.766406 0.179688 0.084375 0.00548935
0 0.219531 0.403516 0.292188 0.351562 0.00548935
0 0.0258545 0.201953 0.051709 0.0851562 0.00542831
0 0.431934 0.77793 0.12207 0.0628906 0.00538635
0 0.305469 0.8625 0.107813 0.0875 0.00538635
1 0.746484 0.176611 0.378906 0.309277 0.00534439
1 0.59375 0.728516 0.225 0.185156 0.00530243
0 0.098999 0.146094 0.176611 0.113672 0.00530243
1 0.367969 0.882031 0.4125 0.140625 0.00527954
1 0.326758 0.639063 0.129297 0.15 0.0051384
0 0.521094 0.875 0.570312 0.125 0.00508118
0 0.211914 0.450781 0.269141 0.271875 0.00502014
0 0.113672 0.179883 0.15 0.0453125 0.00500107
0 0.401953 0.71875 0.110937 0.0789063 0.00486755
0 0.512891 0.103491 0.35625 0.13833 0.00484848
0 0.103418 0.230469 0.143945 0.0484375 0.00475693
1 0.775391 0.469922 0.449219 0.3875 0.00471878
0 0.570312 0.316797 0.0796875 0.119531 0.00466537
0 0.430859 0.436816 0.353125 0.27793 0.0046463
0 0.063916 0.102734 0.126855 0.0699219 0.00460815
0 0.132056 0.653516 0.133936 0.06875 0.0045929
1 0.697656 0.124609 0.154687 0.0550781 0.00457382
0 0.550391 0.261719 0.119531 0.127344 0.00453949
0 0.533594 0.860937 0.0984375 0.0953125 0.00453949
0 0.223438 0.651953 0.0875 0.132812 0.00453949
0 0.513281 0.564844 0.170312 0.046875 0.00441742
0 0.463281 0.505078 0.0765625 0.129688 0.00436401
0 0.325781 0.945312 0.1625 0.05 0.00426483
0 0.0985352 0.158496 0.110352 0.101367 0.00421524
0 0.413281 0.0727539 0.189844 0.106055 0.00421524
0 0.613672 0.60625 0.161719 0.0515625 0.00419998
0 0.164453 0.610937 0.207422 0.159375 0.00419998
0 0.143188 0.230078 0.167139 0.059375 0.00416565
1 0.289453 0.7625 0.110937 0.104687 0.00405502
0 0.260938 0.920313 0.121875 0.0546875 0.00405502
0 0.724219 0.882812 0.148438 0.059375 0.00403976
0 0.255469 0.715625 0.163281 0.184375 0.00400543
0 0.292578 0.861719 0.14375 0.0734375 0.00397491
0 0.78457 0.526563 0.277734 0.446094 0.00391388
0 0.102344 0.562109 0.204688 0.175 0.00388527
0 0.0282227 0.170703 0.0564453 0.142578 0.00387001
0 0.554688 0.76875 0.15625 0.05 0.00382423
0 0.346875 0.953125 0.165625 0.040625 0.00382423
0 0.571094 0.336914 0.0828125 0.117578 0.00382423
0 0.383594 0.0648926 0.11875 0.10459 0.00380898
0 0.309766 0.760938 0.100781 0.121875 0.00379562
0 0.293359 0.0322266 0.205469 0.0644531 0.0037365
0 0.344531 0.871094 0.2875 0.128125 0.00370789
0 0.351758 0.674609 0.0980469 0.117969 0.00366402
1 0.43125 0.669531 0.725 0.26875 0.00363541
0 0.0741211 0.0974609 0.148242 0.0533203 0.00359344
0 0.0800781 0.124805 0.155078 0.08125 0.00358009
0 0.0279785 0.191406 0.055957 0.107813 0.00356483
0 0.338086 0.95625 0.202734 0.028125 0.00352478
1 0.413281 0.0727539 0.189844 0.106055 0.00349617
1 0.810156 0.817969 0.217187 0.167187 0.00349617
0 0.720312 0.0553223 0.10625 0.087793 0.00348282
0 0.115625 0.236719 0.209375 0.0519531 0.00348282
1 0.252344 0.866406 0.228125 0.209375 0.00345612
0 0.766016 0.594531 0.117969 0.117188 0.00340271
1 0.211914 0.450781 0.269141 0.271875 0.00338936
0 0.274023 0.909375 0.133203 0.05625 0.00338936
0 0.488281 0.0672852 0.121875 0.0757812 0.00337601
0 0.532031 0.240234 0.134375 0.0992187 0.00336266
1 0.433984 0.867969 0.114844 0.121875 0.00336266
1 0.151392 0.789844 0.195654 0.179688 0.00332451
1 0.383594 0.0648926 0.11875 0.10459 0.00331116
0 0.569531 0.12832 0.134375 0.0792969 0.00328636
0 0.560547 0.304297 0.108594 0.09375 0.00325966
0 0.480078 0.521094 0.128125 0.059375 0.00325966
1 0.776758 0.303955 0.393359 0.321777 0.00319672
1 0.633594 0.696484 0.125 0.142188 0.00318527
1 0.161621 0.646094 0.106445 0.096875 0.00317192
0 0.451172 0.80918 0.259375 0.147266 0.00317192
0 0.445996 0.0834961 0.22832 0.125977 0.00316048
0 0.160449 0.625 0.144727 0.0828125 0.00314713
1 0.344531 0.871094 0.2875 0.128125 0.00313568
0 0.295703 0.742578 0.13125 0.0882813 0.00305176
0 0.252344 0.866406 0.228125 0.209375 0.00305176
0 0.213281 0.522266 0.242578 0.204688 0.00302696
1 0.55625 0.766406 0.179688 0.084375 0.00300407
0 0.400781 0.134766 0.164062 0.0527344 0.00300407
1 0.18208 0.49375 0.194434 0.139062 0.00296974
0 0.464746 0.675781 0.220508 0.1 0.0029583
0 0.264844 0.904688 0.120312 0.071875 0.0029583
0 0.197266 0.377441 0.104297 0.0904297 0.00291252
0 0.367969 0.882031 0.4125 0.140625 0.00291252
0 0.0407227 0.15791 0.0767578 0.154492 0.00291252
1 0.293359 0.0322266 0.205469 0.0644531 0.00290108
1 0.237109 0.909375 0.397656 0.178125 0.00288963
0 0.246143 0.0803711 0.168652 0.0490234 0.0028553
0 0.14353 0.0291504 0.166846 0.0479492 0.00277901
0 0.668359 0.553516 0.366406 0.375 0.00277901
0 0.0297852 0.191016 0.0517578 0.108984 0.00275803
0 0.469922 0.478906 0.0976562 0.142188 0.00274658
0 0.257227 0.09021 0.179297 0.045752 0.00273705
0 0.176563 0.734375 0.233203 0.0734375 0.00269318
0 0.123022 0.752344 0.143018 0.0484375 0.00269318
1 0.143188 0.230078 0.167139 0.059375 0.00259018
0 0.30625 0.10293 0.125781 0.0546875 0.00257111
0 0.521875 0.410937 0.08125 0.090625 0.00254059
0 0.696094 0.121484 0.178125 0.0515625 0.00253105
0 0.81582 0.714844 0.130859 0.123438 0.00247192
0 0.592188 0.494531 0.378125 0.216406 0.00246239
0 0.691797 0.74375 0.210156 0.201562 0.00243378
0 0.689844 0.1375 0.179688 0.0367187 0.0024147
0 0.431641 0.875 0.121875 0.0875 0.00235939
0 0.171484 0.374219 0.197656 0.26875 0.00234222
0 0.678906 0.0549316 0.125 0.109863 0.00232315
0 0.230664 0.477344 0.0921875 0.129688 0.00230598
0 0.0305664 0.170508 0.0567383 0.143359 0.00229645
0 0.329883 0.0315918 0.219141 0.0631836 0.00229645
1 0.098999 0.146094 0.176611 0.113672 0.00228691
0 0.438184 0.520703 0.143945 0.0804688 0.00228691
0 0.525781 0.391406 0.08125 0.177344 0.00228691
0 0.658594 0.698438 0.078125 0.132812 0.00228691
0 0.522656 0.2375 0.15 0.071875 0.00225258
0 0.177393 0.125488 0.182715 0.14082 0.00225258
0 0.811133 0.0821289 0.237109 0.164258 0.00225258
0 0.666797 0.242969 0.199219 0.182422 0.00223351
0 0.28125 0.780469 0.134375 0.065625 0.00222588
1 0.115625 0.236719 0.209375 0.0519531 0.00222588
1 0.176563 0.734375 0.233203 0.0734375 0.00219917
0 0.517187 0.605469 0.196875 0.129688 0.00219154
1 0.451172 0.80918 0.259375 0.147266 0.00213242
1 0.186523 0.0972656 0.210938 0.187109 0.00212479
1 0.198437 0.657812 0.102734 0.0992187 0.00211525
0 0.113965 0.13584 0.227539 0.123242 0.00209999
0 0.186523 0.0972656 0.210938 0.187109 0.00209999
1 0.164453 0.610937 0.207422 0.159375 0.00209045
0 0.416504 0.621875 0.116992 0.06875 0.00206757
0 0.634375 0.714844 0.120312 0.084375 0.0020504
0 0.520312 0.218555 0.142969 0.0574219 0.00203514
0 0.695312 0.25332 0.253125 0.189844 0.00201988
0 0.649219 0.716016 0.417188 0.161719 0.00201988
0 0.513965 0.803125 0.487695 0.15 0.00198746
1 0.445996 0.0834961 0.22832 0.125977 0.00198746
0 0.350391 0.376172 0.553906 0.411719 0.293457
1 0.34668 0.379297 0.549609 0.414062 0.276611
0 0.465625 0.0736816 0.151562 0.142871 0.250977
0 0.276172 0.757812 0.141406 0.109375 0.192505
0 0.278711 0.873438 0.135547 0.1375 0.176636
0 0.774805 0.720312 0.191016 0.146875 0.151978
0 0.42041 0.865625 0.14668 0.123438 0.113159
0 0.0472656 0.159863 0.0945313 0.163477 0.0661011
1 0.465625 0.0736816 0.151562 0.142871 0.062561
0 0.508984 0.420703 0.867969 0.504687 0.0572815
0 0.583594 0.106079 0.154687 0.11167 0.0526123
1 0.272656 0.758984 0.146484 0.107031 0.0520325
0 0.658594 0.824219 0.173438 0.139062 0.0396423
1 0.503906 0.475391 0.864062 0.605469 0.0379639
0 0.599219 0.695703 0.19375 0.138281 0.0375977
0 0.796094 0.0550293 0.232812 0.102051 0.0372009
1 0.278711 0.873438 0.135547 0.1375 0.0360718
1 0.774805 0.720312 0.191016 0.146875 0.0340881
1 0.42041 0.865625 0.14668 0.123438 0.0276337
0 0.111914 0.638281 0.172656 0.1 0.0250854
1 0.0472656 0.159863 0.0945313 0.163477 0.0247498
0 0.505469 0.465234 0.15625 0.173438 0.0217743
0 0.347461 0.301953 0.536328 0.264844 0.0206909
0 0.355078 0.0705078 0.0851562 0.0982422 0.0197144
0 0.898438 0.569922 0.125 0.170312 0.0185852
1 0.583594 0.106079 0.154687 0.11167 0.0173035
0 0.253564 0.121484 0.211621 0.143359 0.0164642
1 0.732031 0.120508 0.43125 0.241016 0.0154266
0 0.691797 0.0520386 0.225781 0.0963135 0.0151901
0 0.0594727 0.289453 0.118945 0.166406 0.0150757
0 0.575781 0.0725586 0.382812 0.145117 0.014061
1 0.796094 0.0550293 0.232812 0.102051 0.0136337
0 0.298438 0.0359253 0.152344 0.0707275 0.0135345
1 0.658594 0.824219 0.173438 0.139062 0.0122375
0 0.732031 0.120508 0.43125 0.241016 0.0114212
1 0.75 0.0931641 0.384375 0.186328 0.0107346
0 0.75 0.0931641 0.384375 0.186328 0.00997162
0 0.140649 0.733203 0.141357 0.0898438 0.00981903
1 0.599219 0.695703 0.19375 0.138281 0.00971222
0 0.728906 0.186719 0.326562 0.323438 0.00871277
1 0.113672 0.6375 0.173047 0.103125 0.0085144
1 0.505469 0.465234 0.15625 0.173438 0.00812531
1 0.741797 0.180518 0.422656 0.353809 0.00772476
1 0.898438 0.569922 0.125 0.170312 0.00751877
1 0.68125 0.107715 0.582812 0.21543 0.00720596
1 0.691797 0.0520386 0.225781 0.0963135 0.00666809
0 0.269531 0.0968994 0.177344 0.0897949 0.00664139
0 0.394922 0.065625 0.160156 0.102344 0.00653839
0 0.665625 0.2375 0.185937 0.213281 0.0064888
1 0.355078 0.0705078 0.0851562 0.0982422 0.00621796
1 0.0594727 0.289453 0.118945 0.166406 0.00619125
0 0.68125 0.107715 0.582812 0.21543 0.00616837
0 0.901563 0.716797 0.0875 0.157031 0.00609589
1 0.484375 0.393359 0.801562 0.45 0.00572968
0 0.481641 0.0746094 0.225 0.149219 0.0055542
1 0.253564 0.121484 0.211621 0.143359 0.00542831
0 0.738672 0.5875 0.175781 0.151562 0.00534439
1 0.298438 0.0359253 0.152344 0.0707275 0.00534439
0 0.736328 0.269531 0.324219 0.46875 0.00494385
0 0.707031 0.180664 0.428125 0.354688 0.00439835
0 0.511328 0.0768066 0.321094 0.153613 0.00434875
1 0.347461 0.301953 0.536328 0.264844 0.00418091
1 0.542188 0.0754395 0.317187 0.150879 0.00391388
1 0.140649 0.733203 0.141357 0.0898438 0.00382423
0 0.519141 0.442969 0.182031 0.130469 0.00365067
0 0.43291 0.753906 0.16543 0.115625 0.0036068
0 0.321094 0.0345703 0.207031 0.0691406 0.00340271
0 0.654688 0.0793457 0.567187 0.158691 0.00301552
0 0.177344 0.0407227 0.146094 0.0804688 0.00300407
0 0.351562 0.00522461 0.271875 0.0104492 0.00271416
0 0.839063 0.841406 0.185937 0.142188 0.00265312
1 0.738672 0.5875 0.175781 0.151562 0.00263214
1 0.269531 0.0968994 0.177344 0.0897949 0.00251198
1 0.901563 0.716797 0.0875 0.157031 0.00242424
1 0.582031 0.0794434 0.442187 0.158887 0.00242424
0 0.495313 0.06875 0.170312 0.136914 0.00239754
0 0.589063 0.0862305 0.1625 0.161133 0.00234985
0 0.0821289 0.270312 0.125977 0.15625 0.00226974
1 0.481641 0.0746094 0.225 0.149219 0.00220871
0 0.766797 0.698438 0.271094 0.189063 0.00203514
1 0.665625 0.2375 0.185937 0.213281 0.0019722
0 0.369141 0.0647461 0.110156 0.10918 0.00191212
0 0.44375 0.68125 0.185937 0.119531 0.00188255
1 0.394922 0.065625 0.160156 0.102344 0.00184631
0 0.582031 0.7125 0.209375 0.16875 0.0018177
0 0.239258 0.646094 0.15625 0.1125 0.00177479
1 0.689453 0.084375 0.428906 0.16875 0.00177479
1 0.321094 0.0345703 0.207031 0.0691406 0.00176144
0 0.475684 0.757812 0.275195 0.101562 0.00171375
0 0.095874 0.6125 0.185986 0.164062 0.00163555
1 0.519141 0.442969 0.182031 0.130469 0.00162315
0 0.0990234 0.546875 0.198047 0.139062 0.00161076
1 0.461621 0.076416 0.32207 0.152832 0.00151253
1 0.736328 0.269531 0.324219 0.46875 0.00144386
1 0.43291 0.753906 0.16543 0.115625 0.00137806
1 0.835742 0.848437 0.197266 0.159375 0.00136662
0 0.172559 0.639844 0.291992 0.11875 0.00134563
0 0.933594 0.0837646 0.114063 0.158643 0.00131512
1 0.177344 0.0407227 0.146094 0.0804688 0.00126457
0 0.0916016 0.574219 0.183203 0.185937 0.0012598
0 0.49375 0.292773 0.21875 0.221484 0.00124454
0 0.0822266 0.130762 0.148438 0.170508 0.00116062
0 0.758203 0.404297 0.430469 0.522656 0.0011158
0 0.0477539 0.251172 0.0955078 0.135937 0.00107288
0 0.0365234 0.166016 0.0730469 0.155469 0.00106049
1 0.495313 0.06875 0.170312 0.136914 0.00102425
1 0.217187 0.10625 0.39375 0.2125 0.00102043
0 0.343359 0.369141 0.535156 0.399219 0.666504
0 0.653125 0.826758 0.173438 0.118359 0.435791
0 0.469922 0.0768555 0.150781 0.138672 0.402588
0 0.772656 0.714453 0.226562 0.122656 0.377441
0 0.26875 0.759766 0.150781 0.105469 0.314941
0 0.826367 0.842969 0.191016 0.15625 0.309082
0 0.416016 0.860937 0.152344 0.11875 0.291016
0 0.576563 0.114429 0.139062 0.0945801 0.265137
0 0.277539 0.86875 0.135547 0.107813 0.222656
0 0.700781 0.230029 0.201562 0.206348 0.210083
0 0.746094 0.227686 0.307813 0.207129 0.187134
0 0.144043 0.735937 0.135352 0.075 0.16394
0 0.120679 0.638281 0.150049 0.0992187 0.12085
0 0.0966797 0.624219 0.193359 0.1375 0.0970459
0 0.770312 0.0523437 0.215625 0.103906 0.0907593
1 0.344141 0.371484 0.536719 0.399219 0.0903931
0 0.0517578 0.160742 0.103516 0.171875 0.0903931
0 0.751562 0.0498047 0.15625 0.0996094 0.0897827
0 0.157642 0.733594 0.173389 0.0859375 0.0875854
1 0.653125 0.826758 0.173438 0.118359 0.076416
0 0.296289 0.034668 0.139453 0.0636719 0.0705566
0 0.879687 0.534375 0.160938 0.239844 0.0647583
1 0.422559 0.860937 0.148633 0.11875 0.064209
1 0.466406 0.0693359 0.14375 0.138672 0.0634766
0 0.102344 0.909375 0.204688 0.14375 0.0621033
0 0.603906 0.846875 0.219531 0.128125 0.0615234
1 0.826367 0.842969 0.191016 0.15625 0.0614319
0 0.565234 0.0978516 0.180469 0.130469 0.0552979
1 0.769531 0.709375 0.229687 0.128125 0.0509033
1 0.275391 0.758594 0.144531 0.107813 0.0481262
0 0.356055 0.0600586 0.109766 0.117578 0.0465393
0 0.267578 0.121973 0.167187 0.138086 0.0387573
1 0.580078 0.113062 0.135156 0.0980957 0.037323
0 0.213477 0.6375 0.122266 0.11875 0.0367126
0 0.232812 0.0958984 0.232812 0.0716797 0.0366211
0 0.560156 0.835742 0.128125 0.122266 0.0361633
1 0.280859 0.869531 0.13125 0.110937 0.0346069
0 0.497656 0.466016 0.147656 0.175 0.0342407
0 0.162891 0.0472656 0.162891 0.0943359 0.0316772
1 0.0517578 0.160742 0.103516 0.171875 0.0280609
0 0.877344 0.575 0.146875 0.1625 0.0280609
1 0.146387 0.733594 0.138086 0.084375 0.0271759
1 0.0966797 0.624219 0.193359 0.1375 0.0258026
1 0.103687 0.641016 0.185205 0.0984375 0.0250397
0 0.280664 0.95 0.190234 0.053125 0.0248871
0 0.0670898 0.519922 0.13418 0.0984375 0.0240479
0 0.213623 0.0869141 0.260254 0.0712891 0.0223694
0 0.219922 0.101367 0.244922 0.0960938 0.0220337
0 0.161719 0.6375 0.205469 0.115625 0.0207214
0 0.597266 0.675781 0.194531 0.140625 0.0204163
0 0.935156 0.0849854 0.128125 0.156982 0.0200195
1 0.770312 0.0523437 0.215625 0.103906 0.0197906
0 0.059668 0.294531 0.119336 0.151953 0.0190887
1 0.102344 0.909375 0.204688 0.14375 0.0184784
1 0.746094 0.227686 0.307813 0.207129 0.0183411
1 0.751562 0.0498047 0.15625 0.0996094 0.0180206
0 0.186719 0.0602417 0.205078 0.0908447 0.0173035
0 0.297656 0.0410278 0.172656 0.0792725 0.0161591
0 0.689062 0.134766 0.139062 0.0765625 0.0161591
0 0.640625 0.0545898 0.134375 0.107227 0.0156021
0 0.0399902 0.158887 0.0799805 0.160352 0.0154266
0 0.196924 0.0506836 0.220996 0.101367 0.0150757
0 0.404297 0.289453 0.423438 0.253906 0.0146179
1 0.700781 0.230029 0.201562 0.206348 0.0145035
0 0.112866 0.634375 0.191455 0.114063 0.014061
0 0.79375 0.846875 0.248437 0.1375 0.0139542
0 0.278125 0.895312 0.15 0.1125 0.0138474
0 0.0569336 0.317383 0.113867 0.133984 0.0136337
0 0.104785 0.73125 0.163086 0.10625 0.0135345
0 0.417578 0.749219 0.155469 0.109375 0.0132751
1 0.497656 0.466016 0.147656 0.175 0.0127716
1 0.877344 0.575 0.146875 0.1625 0.0127258
0 0.274609 0.046875 0.159375 0.09375 0.0124283
0 0.596875 0.915625 0.221875 0.0609375 0.012146
0 0.503906 0.283594 0.21875 0.235938 0.0119171
0 0.263623 0.0968506 0.180566 0.0539551 0.0118713
1 0.296289 0.034668 0.139453 0.0636719 0.0117798
0 0.132227 0.914062 0.19375 0.14375 0.011734
0 0.20957 0.0607422 0.264453 0.109961 0.011734
0 0.415234 0.940625 0.154687 0.059375 0.0111618
0 0.0630859 0.622656 0.126172 0.151562 0.0110321
0 0.12146 0.678125 0.146533 0.0421875 0.00997162
0 0.125488 0.172266 0.145898 0.0625 0.00926971
1 0.267578 0.121973 0.167187 0.138086 0.00912476
1 0.162891 0.0472656 0.162891 0.0943359 0.0088501
0 0.416406 0.899219 0.153906 0.0578125 0.00878143
1 0.603906 0.846875 0.219531 0.128125 0.00878143
1 0.935156 0.0849854 0.128125 0.156982 0.00871277
1 0.232812 0.0958984 0.232812 0.0716797 0.00831604
1 0.560156 0.835742 0.128125 0.122266 0.00793457
0 0.250977 0.95625 0.222266 0.059375 0.00769424
0 0.415234 0.773828 0.15 0.0648438 0.00763702
0 0.0552734 0.342578 0.110547 0.101562 0.00754929
0 0.387891 0.136621 0.126563 0.0654297 0.00706482
1 0.367578 0.0599609 0.101562 0.119727 0.00695801
0 0.610156 0.0611816 0.18125 0.121777 0.00695801
0 0.419141 0.711719 0.15625 0.18125 0.0069046
0 0.617969 0.0388184 0.159375 0.0743164 0.0069046
1 0.219922 0.101367 0.244922 0.0960938 0.00682449
0 0.0997803 0.578516 0.175049 0.0664062 0.00664139
1 0.213477 0.6375 0.122266 0.11875 0.00653839
0 0.0870117 0.56875 0.174023 0.08125 0.00638962
1 0.597266 0.675781 0.194531 0.140625 0.00638962
0 0.634375 0.915625 0.169531 0.059375 0.00634003
1 0.213623 0.0869141 0.260254 0.0712891 0.00619125
0 0.364453 0.073584 0.09375 0.132324 0.00609589
0 0.0996094 0.142578 0.199219 0.127344 0.00600433
0 0.0716797 0.544141 0.141797 0.0695312 0.00595856
0 0.221289 0.635156 0.172266 0.121875 0.00595856
0 0.256055 0.138184 0.177344 0.112695 0.00593567
0 0.272266 0.735937 0.144531 0.09375 0.00591278
1 0.0670898 0.519922 0.13418 0.0984375 0.005867
0 0.492578 0.391406 0.850781 0.407031 0.00577545
0 0.198242 0.673047 0.144922 0.0570313 0.00572968
0 0.126074 0.219531 0.162695 0.0578125 0.00564194
0 0.431934 0.735156 0.176758 0.148438 0.00561905
1 0.0605469 0.305469 0.121094 0.141406 0.00542831
0 0.371094 0.130859 0.103125 0.0757812 0.00538635
0 0.121582 0.667188 0.142773 0.0640625 0.00536346
0 0.286914 0.0841553 0.184766 0.0789551 0.00534439
0 0.592969 0.88125 0.2125 0.10625 0.00534439
0 0.0482422 0.507812 0.0964844 0.115625 0.00521851
0 0.459375 0.133398 0.14375 0.0453125 0.00518036
1 0.417578 0.749219 0.155469 0.109375 0.0051384
1 0.0399902 0.158887 0.0799805 0.160352 0.00511932
0 0.0383789 0.408984 0.0767578 0.117188 0.00510025
1 0.186719 0.0602417 0.205078 0.0908447 0.00502014
0 0.577344 0.136523 0.140625 0.0761719 0.00492477
0 0.562891 0.915625 0.134375 0.0625 0.00482941
0 0.389844 0.0641602 0.145313 0.126563 0.00479126
1 0.280664 0.95 0.190234 0.053125 0.00460815
0 0.128296 0.15293 0.158643 0.0914062 0.00453949
0 0.79082 0.167773 0.333984 0.322656 0.00448608
0 0.101855 0.268359 0.14043 0.135937 0.00446701
1 0.196924 0.0506836 0.220996 0.101367 0.00443268
0 0.576563 0.153223 0.14375 0.0414063 0.00436401
0 0.192969 0.5875 0.176172 0.0648438 0.00432968
0 0.10332 0.157617 0.160547 0.103125 0.00426483
0 0.408984 0.7625 0.149219 0.09375 0.00421524
0 0.540625 0.692187 0.296875 0.19375 0.00416565
0 0.789258 0.260547 0.418359 0.274219 0.00405502
0 0.718359 0.0470215 0.403906 0.0938477 0.00402451
0 0.135522 0.164453 0.145752 0.0671875 0.00400543
0 0.285937 0.0330811 0.121875 0.0661621 0.00400543
1 0.879687 0.534375 0.160938 0.239844 0.00392914
0 0.0615234 0.535937 0.123047 0.0890625 0.00367928
0 0.0469238 0.392578 0.0938477 0.144531 0.00365067
0 0.120093 0.241797 0.158252 0.08125 0.00362206
0 0.128931 0.742969 0.162451 0.1 0.00356483
0 0.0302246 0.17168 0.0604492 0.138281 0.00356483
0 0.422266 0.93125 0.163281 0.078125 0.00353813
0 0.420312 0.825 0.149219 0.06875 0.00353813
0 0.421875 0.884375 0.147656 0.08125 0.00348282
0 0.419141 0.122266 0.141406 0.0914062 0.00338936
0 0.684766 0.0542969 0.151562 0.106641 0.00337601
1 0.0630859 0.622656 0.126172 0.151562 0.00329781
0 0.218311 0.590625 0.182129 0.059375 0.00328636
1 0.20957 0.0607422 0.264453 0.109961 0.00328636
0 0.125024 0.184717 0.158154 0.0766602 0.00328636
0 0.275 0.798437 0.146094 0.0515625 0.00325966
0 0.352734 0.640234 0.199219 0.150781 0.00321007
0 0.876562 0.516016 0.2375 0.300781 0.00313568
0 0.491016 0.711719 0.290625 0.182812 0.00312424
0 0.277148 0.0339355 0.0964844 0.0678711 0.00307465
1 0.274609 0.046875 0.159375 0.09375 0.00298119
0 0.434375 0.846875 0.114063 0.078125 0.0029583
0 0.278906 0.0300781 0.124219 0.0601562 0.00292397
0 0.725391 0.719531 0.242969 0.121875 0.00290108
0 0.350391 0.496875 0.194531 0.153125 0.00288963
0 0.0697754 0.277148 0.139551 0.165234 0.00286674
0 0.231445 0.0404785 0.218359 0.0790039 0.00283432
1 0.689062 0.134766 0.139062 0.0765625 0.00279045
0 0.251514 0.94375 0.200879 0.0703125 0.00277901
0 0.587109 0.0421997 0.139844 0.0816162 0.00276756
1 0.419141 0.711719 0.15625 0.18125 0.00273705
0 0.0463379 0.11875 0.0856445 0.0832031 0.00268364
0 0.310547 0.0907227 0.182812 0.133594 0.00265312
0 0.149023 0.678906 0.203906 0.0453125 0.0026207
1 0.137524 0.74375 0.152686 0.065625 0.00261116
0 0.616406 0.827344 0.245312 0.132812 0.00260162
0 0.553125 0.907812 0.129688 0.0875 0.00258064
0 0.271484 0.804688 0.144531 0.0375 0.00255013
1 0.565234 0.0978516 0.180469 0.130469 0.00252151
0 0.934375 0.714844 0.128125 0.173438 0.00251198
1 0.640625 0.0545898 0.134375 0.107227 0.00250244
0 0.180859 0.799219 0.133203 0.109375 0.00246239
0 0.491406 0.124219 0.215625 0.0886719 0.0024147
1 0.30918 0.0512207 0.187109 0.0979492 0.0024147
1 0.492969 0.442969 0.859375 0.328125 0.00240517
0 0.750781 0.0729492 0.153125 0.0589844 0.00239754
0 0.0924805 0.744531 0.184961 0.129688 0.00237846
0 0.796875 0.0620605 0.3375 0.124121 0.00234985
1 0.104785 0.73125 0.163086 0.10625 0.00234222
1 0.132227 0.914062 0.19375 0.14375 0.00231361
1 0.161719 0.6375 0.205469 0.115625 0.00230598
0 0.234961 0.715625 0.168359 0.0703125 0.00230598
0 0.761719 0.742969 0.204688 0.071875 0.00228691
1 0.79375 0.846875 0.248437 0.1375 0.00222588
1 0.0661621 0.282813 0.132324 0.175781 0.00216484
0 0.0513184 0.100684 0.102637 0.152148 0.00213242
0 0.171875 0.481641 0.189844 0.163281 0.00212479
0 0.0448242 0.623828 0.0896484 0.153906 0.00211525
0 0.274219 0.889063 0.128906 0.15625 0.00210762
0 0.136328 0.633203 0.114844 0.0820312 0.00203514
1 0.278125 0.895312 0.15 0.1125 0.00201988
0 0.0347168 0.445312 0.0694336 0.065625 0.00201988
0 0.896875 0.530469 0.20625 0.257812 0.0019722
0 0.223242 0.823438 0.115625 0.071875 0.00195694
0 0.225781 0.128027 0.217578 0.125195 0.00195694
1 0.718359 0.0470215 0.403906 0.0938477 0.00192642
0 0.220898 0.65 0.0816406 0.0867188 0.00191879
0 0.6125 0.7 0.2125 0.140625 0.00189686
0 0.0521484 0.0723633 0.104297 0.144727 0.00188255
1 0.596875 0.915625 0.221875 0.0609375 0.00186729
0 0.266748 0.108984 0.184473 0.0757812 0.00186062
0 0.122852 0.22793 0.178906 0.0550781 0.00185299
1 0.0494141 0.326172 0.0988281 0.144531 0.00183868
0 0.688281 0.126465 0.0984375 0.0582031 0.00183868
1 0.128931 0.742969 0.162451 0.1 0.00183868
0 0.533203 0.0697266 0.221094 0.131055 0.00183105
1 0.416406 0.899219 0.153906 0.0578125 0.00178909
1 0.263623 0.0968506 0.180566 0.0539551 0.00176144
0 0.267773 0.0920898 0.117578 0.0748047 0.0017271
0 0.562109 0.129785 0.132812 0.0900391 0.0017004
0 0.610156 0.0827148 0.16875 0.158008 0.0017004
0 0.0707031 0.746094 0.141406 0.15625 0.00168705
0 0.188672 0.823438 0.129688 0.10625 0.00167465
0 0.482812 0.0943115 0.184375 0.135596 0.00166798
0 0.643359 0.909375 0.167969 0.078125 0.00165462
0 0.719531 0.247461 0.276563 0.183594 0.00163555
0 0.645312 0.04375 0.11875 0.0798828 0.00162315
0 0.795313 0.8625 0.19375 0.120312 0.00162315
0 0.282031 0.754687 0.120312 0.0828125 0.00157928
0 0.162305 0.587109 0.198437 0.0742188 0.00157356
0 0.358203 0.0663208 0.0804688 0.0943115 0.00156116
1 0.617969 0.0388184 0.159375 0.0743164 0.00155449
1 0.415234 0.940625 0.154687 0.059375 0.00154877
1 0.125488 0.172266 0.145898 0.0625 0.00154305
0 0.477344 0.157031 0.153906 0.0453125 0.00153637
1 0.0997803 0.578516 0.175049 0.0664062 0.00150108
0 0.281641 0.853125 0.138281 0.159375 0.00148964
0 0.512891 0.975781 0.278906 0.0484375 0.00148964
1 0.0552734 0.342578 0.110547 0.101562 0.0014782
1 0.596094 0.0577637 0.167187 0.109863 0.00145531
0 0.201611 0.817187 0.0631836 0.078125 0.00144386
0 0.424316 0.917188 0.157617 0.090625 0.00144386
0 0.214844 0.0898438 0.294531 0.179688 0.00143242
0 0.322266 0.64375 0.146875 0.146875 0.00143242
0 0.118164 0.892187 0.208984 0.184375 0.00139904
0 0.074707 0.142285 0.149414 0.136914 0.00136662
0 0.241064 0.0533203 0.313184 0.106641 0.00134563
1 0.415234 0.773828 0.15 0.0648438 0.00134563
0 0.465625 0.123145 0.135937 0.0550781 0.00132465
1 0.934375 0.719531 0.13125 0.182812 0.00130463
0 0.331445 0.0650391 0.313672 0.130078 0.00125504
0 0.15 0.0370117 0.117969 0.0733398 0.00123501
0 0.177393 0.386621 0.214746 0.275195 0.00123024
0 0.0452148 0.289844 0.0904297 0.124219 0.00121117
1 0.0585449 0.276953 0.11709 0.124219 0.0012064
1 0.0482422 0.507812 0.0964844 0.115625 0.00120163
1 0.512891 0.975781 0.278906 0.0484375 0.00118828
1 0.250977 0.95625 0.222266 0.059375 0.00118351
1 0.0870117 0.56875 0.174023 0.08125 0.0011692
1 0.171875 0.481641 0.189844 0.163281 0.00114727
0 0.347266 0.639844 0.127344 0.15 0.0011425
1 0.0716797 0.544141 0.141797 0.0695312 0.00113773
0 0.133594 0.583594 0.19375 0.059375 0.00112915
1 0.126074 0.219531 0.162695 0.0578125 0.0011034
0 0.23042 0.779883 0.117285 0.130859 0.00108624
1 0.79082 0.167773 0.333984 0.322656 0.00108147
0 0.560156 0.11416 0.0859375 0.09375 0.00106907
1 0.12146 0.678125 0.146533 0.0421875 0.00106907
0 0.826563 0.817187 0.185937 0.1 0.00106525
1 0.540625 0.692187 0.296875 0.19375 0.00105286
1 0.0383789 0.408984 0.0767578 0.117188 0.00103664
1 0.256055 0.138184 0.177344 0.112695 0.00103664
1 0.101855 0.268359 0.14043 0.135937 0.00102806
1 0.352734 0.640234 0.199219 0.150781 0.00101662
1 0.0996094 0.142578 0.199219 0.127344 0.00100803
0 0.344531 0.373437 0.532812 0.417969 0.803223
0 0.180664 0.889063 0.347266 0.2 0.36377
0 0.0980225 0.615234 0.179736 0.15 0.332031
0 0.460156 0.0852539 0.151562 0.13457 0.253174
0 0.418652 0.875 0.143945 0.128125 0.24585
0 0.781055 0.721094 0.175391 0.132812 0.240112
0 0.275586 0.764063 0.138672 0.0984375 0.226074
0 0.835156 0.845508 0.185937 0.149609 0.144653
0 0.578125 0.115039 0.139062 0.0816406 0.122498
0 0.654688 0.822656 0.164062 0.11875 0.10376
0 0.175586 0.84375 0.335547 0.285937 0.0762939
0 0.0905273 0.592969 0.168945 0.201562 0.0742188
1 0.338086 0.373437 0.517578 0.413281 0.0727539
0 0.270117 0.884375 0.154687 0.148438 0.0719604
0 0.0479004 0.160352 0.0958008 0.166797 0.0524292
0 0.8875 0.545703 0.13125 0.219531 0.0515442
0 0.690625 0.247852 0.207813 0.19375 0.0471497
0 0.197461 0.895312 0.303516 0.15625 0.041626
1 0.180664 0.889063 0.347266 0.2 0.0344849
0 0.632031 0.836719 0.221094 0.140625 0.0309601
0 0.9 0.554688 0.1125 0.165625 0.0287628
0 0.0319336 0.166211 0.0638672 0.155859 0.0263062
0 0.123828 0.832617 0.23125 0.303516 0.026062
1 0.0960938 0.603906 0.178125 0.171875 0.0246582
1 0.417188 0.876562 0.14375 0.129688 0.0242767
1 0.175586 0.84375 0.335547 0.285937 0.0189362
0 0.290625 0.0315918 0.129688 0.0608398 0.0179901
0 0.35 0.664844 0.104687 0.1 0.0179901
1 0.646094 0.835938 0.172656 0.139062 0.0165863
1 0.835156 0.845508 0.185937 0.149609 0.0146713
0 0.571484 0.7125 0.221094 0.15625 0.0136337
0 0.940625 0.0942383 0.10625 0.138867 0.0130234
1 0.8875 0.545703 0.13125 0.219531 0.0127258
1 0.277539 0.765234 0.139453 0.105469 0.0125275
1 0.578125 0.115039 0.139062 0.0816406 0.0121002
0 0.0980225 0.73125 0.160205 0.0875 0.0114212
1 0.469531 0.084668 0.141406 0.133008 0.0112457
1 0.781055 0.721094 0.175391 0.132812 0.0107803
0 0.368359 0.0661621 0.103125 0.0801758 0.0106506
1 0.9 0.554688 0.1125 0.165625 0.00978088
0 0.759375 0.0538086 0.173438 0.107227 0.00952148
0 0.832812 0.561719 0.214062 0.239063 0.00930023
0 0.10918 0.6375 0.158984 0.1 0.00815582
0 0.229102 0.0661133 0.262109 0.10332 0.00760651
1 0.0479004 0.160352 0.0958008 0.166797 0.00751877
0 0.0277344 0.192236 0.0554687 0.106152 0.00728989
1 0.0319336 0.166211 0.0638672 0.155859 0.00666809
0 0.205811 0.655469 0.125098 0.0890625 0.00641251
0 0.282031 0.865625 0.135156 0.103125 0.00638962
1 0.123828 0.832617 0.23125 0.303516 0.006073
0 0.903125 0.712109 0.084375 0.135156 0.00591278
1 0.111816 0.635156 0.156836 0.10625 0.005867
0 0.340625 0.661719 0.09375 0.127344 0.00559998
0 0.530469 0.108008 0.316406 0.115625 0.00559998
1 0.940625 0.0942383 0.10625 0.138867 0.00547028
0 0.274609 0.792383 0.140625 0.162109 0.00526047
1 0.690625 0.247852 0.207813 0.19375 0.0051384
0 0.369141 0.666016 0.133594 0.09375 0.00510025
0 0.0530273 0.0479492 0.096875 0.0869141 0.00510025
0 0.0484375 0.123047 0.0902344 0.0863281 0.00494385
1 0.197461 0.895312 0.303516 0.15625 0.0049057
1 0.270117 0.884375 0.154687 0.148438 0.00482941
0 0.522656 0.741406 0.257812 0.195312 0.00477219
0 0.964063 0.819727 0.065625 0.360547 0.00473785
0 0.262109 0.0467773 0.188281 0.0828125 0.00457382
1 0.657812 0.819531 0.165625 0.117188 0.00453949
0 0.754687 0.0564941 0.370313 0.106934 0.00438309
0 0.615625 0.820312 0.209375 0.182812 0.00403976
1 0.571484 0.7125 0.221094 0.15625 0.00395966
0 0.217529 0.413281 0.280566 0.320312 0.00392914
1 0.290625 0.0315918 0.129688 0.0608398 0.00335121
0 0.184326 0.922656 0.336816 0.128125 0.00331116
0 0.692187 0.120898 0.140625 0.0527344 0.00305176
1 0.229102 0.0661133 0.262109 0.10332 0.00302696
0 0.0746094 0.155664 0.141211 0.155469 0.00302696
0 0.994922 0.127539 0.0101562 0.255078 0.00292397
0 0.0471802 0.0367065 0.0878662 0.0677979 0.00286674
0 0.428809 0.611719 0.151758 0.0890625 0.00284576
0 0.689062 0.130078 0.126563 0.0582031 0.00284576
1 0.35 0.664844 0.104687 0.1 0.00281143
0 0.886719 0.569531 0.128125 0.151562 0.0026722
0 0.788281 0.453906 0.289062 0.336719 0.00265312
1 0.0277344 0.192236 0.0554687 0.106152 0.00263214
0 0.380859 0.0739258 0.114063 0.0943359 0.0026207
1 0.0980225 0.73125 0.160205 0.0875 0.00257111
0 0.778906 0.585938 0.215625 0.235938 0.00257111
0 0.832812 0.521875 0.242188 0.265625 0.00250244
0 0.255859 0.84668 0.184375 0.275391 0.00245285
0 0.576172 0.746094 0.232031 0.21875 0.00235939
0 0.964063 0.849609 0.06875 0.300781 0.00235939
0 0.302344 0.725781 0.197656 0.0515625 0.00230598
0 0.649219 0.0518555 0.142188 0.0857422 0.00224304
1 0.759375 0.0538086 0.173438 0.107227 0.00214958
0 0.396777 0.872656 0.114258 0.109375 0.00211525
0 0.146973 0.0388184 0.117773 0.0776367 0.00209999
0 0.9875 0.489062 0.025 0.51875 0.0020504
0 0.792188 0.552344 0.270312 0.221094 0.00203514
0 0.678125 0.116602 0.0890625 0.0675781 0.00198746
1 0.843945 0.548437 0.212109 0.221875 0.00195694
0 0.0243164 0.184033 0.0486328 0.128027 0.00191212
0 0.750781 0.44375 0.257812 0.3 0.00188255
0 0.682813 0.133105 0.09375 0.0666016 0.00183868
0 0.0566895 0.312109 0.113379 0.133594 0.00183105
1 0.964063 0.819727 0.065625 0.360547 0.0018177
0 0.481641 0.753125 0.255469 0.2 0.0018034
1 0.615625 0.820312 0.209375 0.182812 0.00174141
0 0.154883 0.0312988 0.149609 0.0586914 0.00174141
0 0.228906 0.0418945 0.255078 0.0837891 0.0017271
0 0.730469 0.0538208 0.198437 0.099585 0.00172043
0 0.201758 0.814062 0.0574219 0.071875 0.0017004
1 0.522656 0.741406 0.257812 0.195312 0.0016489
0 0.98125 0.607813 0.0375 0.267188 0.0016489
1 0.588281 0.694531 0.207813 0.13125 0.00163555
0 0.383203 0.134766 0.146094 0.0386719 0.00157928
0 0.403516 0.617578 0.164844 0.110156 0.00154877
0 0.99375 0.799023 0.0125 0.401953 0.00154877
0 0.219189 0.070166 0.268652 0.0731445 0.00153065
0 0.378516 0.644531 0.157813 0.114063 0.00152493
0 0.782031 0.693359 0.192188 0.191406 0.00151253
0 0.503906 0.859375 0.24375 0.159375 0.00151253
1 0.98125 0.607813 0.0375 0.267188 0.00150108
1 0.369141 0.666016 0.133594 0.09375 0.00145531
1 0.262109 0.0467773 0.188281 0.0828125 0.00144386
0 0.330469 0.94375 0.210938 0.05625 0.00144386
0 0.588281 0.694531 0.207813 0.13125 0.00144386
0 0.446094 0.0883789 0.120312 0.11543 0.00141048
0 0.296875 0.713672 0.0753906 0.0375 0.00139427
0 0.295117 0.0513672 0.170703 0.0728516 0.00138855
1 0.903125 0.712109 0.084375 0.135156 0.00138283
0 0.989453 0.566504 0.0210938 0.531055 0.00137806
0 0.982031 0.557813 0.0359375 0.25 0.00136185
0 0.492578 0.362939 0.23125 0.382715 0.00135612
1 0.982031 0.557813 0.0359375 0.25 0.00130939
1 0.205811 0.655469 0.125098 0.0890625 0.00130463
0 0.244922 0.791406 0.160156 0.110937 0.00127888
0 0.719922 0.252002 0.278906 0.215527 0.00126934
0 0.748438 0.589844 0.179688 0.196875 0.0012598
0 0.979688 0.663281 0.040625 0.298438 0.00125504
0 0.921875 0.100098 0.1375 0.138086 0.00124931
0 0.9875 0.389844 0.025 0.521875 0.00123024
0 0.125098 0.0742676 0.0921875 0.0624023 0.00121593
0 0.992188 0.214062 0.015625 0.428125 0.0012064
0 0.425391 0.0799072 0.178125 0.120654 0.00117874
1 0.149609 0.0333984 0.132812 0.0667969 0.00117397
1 0.362109 0.0708984 0.0898438 0.0859375 0.00117397
1 0.979688 0.663281 0.040625 0.298438 0.00113773
0 0.312891 0.669531 0.0304688 0.120312 0.0011158
0 0.0599609 0.360156 0.0576172 0.0609375 0.00111198
0 0.23457 0.0851562 0.304297 0.0650391 0.00110722
0 0.0529297 0.105664 0.1 0.0640625 0.0011034
1 0.754687 0.0564941 0.370313 0.106934 0.00109005
1 0.788281 0.453906 0.289062 0.336719 0.00106525
1 0.244922 0.791406 0.160156 0.110937 0.00106525
0 0.0926758 0.559766 0.171289 0.135156 0.00106049
1 0.530469 0.108008 0.316406 0.115625 0.00106049
1 0.0484375 0.123047 0.0902344 0.0863281 0.00105667
0 0.281641 0.737891 0.158594 0.0625 0.00105667
0 0.967969 0.788867 0.0640625 0.300391 0.00102425
1 0.964063 0.849609 0.06875 0.300781 0.00102043
1 0.0530273 0.0479492 0.096875 0.0869141 0.00101185
1 0.361328 0.380176 0.563281 0.434961 0.258301
0 0.361328 0.380176 0.563281 0.434961 0.24939
0 0.274219 0.7625 0.138281 0.10625 0.199951
0 0.471094 0.0849609 0.14375 0.151562 0.138916
0 0.578906 0.115625 0.1375 0.0972656 0.0856934
0 0.127368 0.639844 0.135889 0.0984375 0.0803833
1 0.521094 0.552344 0.895312 0.770312 0.072876
0 0.757031 0.0510742 0.157813 0.102148 0.0675659
0 0.657812 0.823438 0.167969 0.128125 0.0492249
1 0.286133 0.764063 0.1625 0.1125 0.0465393
0 0.375684 0.0627441 0.114258 0.100488 0.0367737
0 0.521094 0.552344 0.895312 0.770312 0.0362854
0 0.483594 0.0798584 0.209375 0.154736 0.0358887
0 0.279687 0.867969 0.1375 0.110937 0.0328979
1 0.782812 0.0542969 0.225 0.108594 0.0123367
0 0.782812 0.0542969 0.225 0.108594 0.0115967
1 0.483594 0.0798584 0.209375 0.154736 0.0111618
1 0.388965 0.5 0.62207 0.665625 0.00974274
0 0.170117 0.0440552 0.155859 0.0880615 0.00952148
0 0.781055 0.716016 0.200391 0.135156 0.00945282
0 0.178467 0.651172 0.189941 0.107813 0.00772476
0 0.051709 0.124707 0.0999023 0.0904297 0.00751877
1 0.470313 0.0823242 0.146875 0.148633 0.00706482
0 0.268164 0.8875 0.126172 0.1 0.0069046
0 0.151074 0.729688 0.115039 0.0890625 0.0069046
1 0.578906 0.114551 0.1375 0.0980469 0.0068512
0 0.388965 0.5 0.62207 0.665625 0.00664139
1 0.667969 0.829687 0.189063 0.135937 0.0064888
1 0.127368 0.639844 0.135889 0.0984375 0.00595856
0 0.166406 0.0336914 0.180469 0.0673828 0.00568771
0 0.290625 0.0337891 0.164844 0.0675781 0.00540543
0 0.226172 0.0619141 0.259375 0.123828 0.00498199
0 0.352344 0.663281 0.10625 0.101562 0.00443268
1 0.757031 0.0510742 0.157813 0.102148 0.00429916
0 0.53125 0.0880859 0.221875 0.154297 0.00426483
0 0.286328 0.773438 0.166406 0.132812 0.00392914
0 0.0262939 0.185596 0.0525879 0.131934 0.00387001
1 0.278125 0.869531 0.135937 0.117188 0.00358009
0 0.217236 0.65625 0.11084 0.104687 0.00287819
0 0.123828 0.8875 0.229297 0.209375 0.0027256
1 0.375684 0.0627441 0.114258 0.100488 0.00269318
0 0.24043 0.0420898 0.239453 0.0841797 0.00247192
0 0.399219 0.0697754 0.359375 0.131934 0.00236893
0 0.20083 0.0493042 0.231152 0.0970947 0.00231361
0 0.158691 0.729688 0.150195 0.0765625 0.00225258
0 0.274023 0.769531 0.166797 0.084375 0.00203514
0 0.176563 0.0378418 0.126563 0.0756836 0.00191879
0 0.657812 0.0501099 0.123438 0.0988037 0.00191212
0 0.475 0.0616699 0.14375 0.108496 0.00188923
1 0.781055 0.716016 0.200391 0.135156 0.00176811
0 0.697656 0.123535 0.170312 0.0509766 0.0017271
0 0.0552734 0.0450073 0.104102 0.0877197 0.00169373
0 0.458594 0.473047 0.071875 0.103906 0.00161076
0 0.230664 0.0769531 0.239453 0.0941406 0.00160408
0 0.828906 0.846875 0.20625 0.157813 0.0015192
1 0.123828 0.8875 0.229297 0.209375 0.00150681
0 0.513672 0.053125 0.214844 0.100781 0.00141048
0 0.203906 0.655469 0.145313 0.0859375 0.00137806
0 0.266992 0.0568359 0.367578 0.113672 0.00133514
0 0.562109 0.121094 0.104687 0.0863281 0.00131989
1 0.399219 0.0697754 0.359375 0.131934 0.00129986
0 0.13584 0.733984 0.0986328 0.0835937 0.00117874
0 0.0634766 0.156445 0.126953 0.158984 0.00110722
0 0.560547 0.0419067 0.154687 0.0814209 0.00107288
0 0.49375 0.472266 0.1375 0.188281 0.00105667
0 0.259375 0.879687 0.096875 0.109375 0.00104046
0 0.346875 0.384277 0.545313 0.423633 0.853516
0 0.469531 0.0834229 0.14375 0.125342 0.2854
0 0.583594 0.112109 0.135937 0.0939453 0.15979
0 0.752344 0.0515137 0.195312 0.102832 0.108582
0 0.434473 0.0709473 0.229492 0.131934 0.100342
0 0.374902 0.0578125 0.108008 0.108008 0.0913696
0 0.786719 0.711719 0.178125 0.13125 0.0778198
0 0.279297 0.761328 0.138281 0.110156 0.0628052
0 0.655469 0.818555 0.159375 0.125391 0.0541992
0 0.129712 0.638281 0.128076 0.0953125 0.0501404
0 0.283203 0.872656 0.13125 0.125 0.044342
0 0.739062 0.0550781 0.257812 0.110156 0.0379028
1 0.347266 0.37666 0.549219 0.42793 0.0307312
0 0.220264 0.0309814 0.266504 0.0619629 0.0290833
0 0.511719 0.518066 0.871875 0.701367 0.0284424
0 0.0533081 0.141504 0.0943604 0.130273 0.0240479
0 0.726953 0.229883 0.246094 0.177344 0.0166626
0 0.289844 0.0310547 0.126172 0.0621094 0.0154877
0 0.245703 0.061377 0.350781 0.122754 0.0153046
0 0.510938 0.460156 0.171875 0.159375 0.0115967
0 0.0272949 0.197656 0.0545898 0.084375 0.011116
0 0.282031 0.0652344 0.4875 0.129492 0.00971222
1 0.511719 0.518066 0.871875 0.701367 0.00955963
0 0.83125 0.843945 0.192188 0.152734 0.00831604
0 0.0518066 0.123633 0.103613 0.0894531 0.00812531
1 0.752344 0.0515137 0.195312 0.102832 0.00812531
0 0.583203 0.0879883 0.133594 0.145117 0.00812531
1 0.279297 0.761328 0.138281 0.110156 0.00763702
1 0.280859 0.873438 0.137109 0.129688 0.00619125
1 0.469531 0.0736816 0.153125 0.135059 0.00591278
1 0.579687 0.110181 0.133594 0.097998 0.00591278
0 0.651563 0.0489136 0.110937 0.0951416 0.00559998
1 0.210547 0.0398437 0.292969 0.0796875 0.00519943
1 0.739062 0.0550781 0.257812 0.110156 0.0045929
1 0.434473 0.0709473 0.229492 0.131934 0.00443268
0 0.388281 0.0658691 0.125 0.126465 0.00424957
1 0.0293457 0.196094 0.0586914 0.0886719 0.00416565
1 0.786719 0.712891 0.175 0.130469 0.0041008
0 0.750391 0.233252 0.308594 0.208496 0.00407028
0 0.147656 0.728906 0.107031 0.090625 0.00402451
0 0.327539 0.0550781 0.148828 0.107031 0.00399017
1 0.376953 0.0608398 0.113281 0.0986328 0.00367928
1 0.655469 0.818555 0.159375 0.125391 0.00346947
1 0.0518066 0.123633 0.103613 0.0894531 0.00337601
0 0.525 0.0885742 0.215625 0.135156 0.00324821
1 0.245703 0.061377 0.350781 0.122754 0.00318527
1 0.83125 0.843945 0.192188 0.152734 0.00307465
0 0.689844 0.0501953 0.214062 0.100195 0.00304031
1 0.124316 0.636328 0.133789 0.1 0.00302696
0 0.130859 0.89375 0.239063 0.18125 0.00296974
0 0.336914 0.451562 0.218359 0.2375 0.00271416
0 0.289062 0.0341675 0.186719 0.0654541 0.0024929
0 0.261523 0.0570801 0.172656 0.11416 0.00237846
0 0.859375 0.55625 0.198437 0.192188 0.00237846
0 0.116992 0.630469 0.135937 0.123438 0.00235939
0 0.273633 0.878125 0.164453 0.146875 0.00183105
0 0.5 0.522754 0.615625 0.706055 0.00176144
1 0.0533081 0.141504 0.0943604 0.130273 0.00152493
0 0.712109 0.210156 0.213281 0.146484 0.00144386
1 0.289062 0.0341675 0.186719 0.0654541 0.0014267
1 0.152734 0.729688 0.128516 0.08125 0.0014267
1 0.859375 0.55625 0.198437 0.192188 0.00141048
0 0.27832 0.791406 0.162891 0.1875 0.00140476
0 0.131152 0.852344 0.232227 0.265625 0.00133514
0 0.573828 0.696094 0.238281 0.154687 0.00131989
1 0.130859 0.89375 0.239063 0.18125 0.00124454
1 0.25957 0.882812 0.187891 0.16875 0.00123024
0 0.17373 0.645312 0.191602 0.101562 0.00117874
0 0.0966797 0.619922 0.173828 0.138281 0.00112438
0 0.205273 0.811719 0.0628906 0.071875 0.00110722
0 0.296094 0.0254883 0.208594 0.0509766 0.00105667
0 0.683594 0.123047 0.139062 0.0511719 0.00104046
0 0.343359 0.377734 0.547656 0.420312 0.610352
0 0.467187 0.0808594 0.142188 0.123242 0.222046
0 0.439453 0.432129 0.738281 0.526367 0.175537
1 0.349023 0.377246 0.558203 0.420508 0.151001
1 0.439453 0.432129 0.738281 0.526367 0.0745239
0 0.657422 0.823633 0.159375 0.124609 0.0326538
0 0.373437 0.0639648 0.103906 0.0890625 0.0267029
0 0.578906 0.0954834 0.132031 0.135205 0.0106506
0 0.78125 0.717188 0.196875 0.129688 0.00500107
1 0.467187 0.0808594 0.142188 0.123242 0.00492477
0 0.052002 0.150977 0.100488 0.141016 0.00446701
0 0.70625 0.225 0.24375 0.185156 0.00436401
0 0.491406 0.0818603 0.192188 0.139795 0.00415039
0 0.295312 0.0300781 0.173438 0.0549805 0.00391388
0 0.485938 0.523438 0.8625 0.689062 0.00329781
1 0.485938 0.523438 0.8625 0.689062 0.00318527
0 0.530859 0.0775635 0.500781 0.137451 0.00250244
1 0.370898 0.0653809 0.104297 0.0866211 0.00235939
0 0.0503418 0.124707 0.100684 0.0894531 0.00234222
0 0.119043 0.642969 0.150195 0.0890625 0.00203514
0 0.137109 0.736719 0.13125 0.0734375 0.00189686
0 0.83457 0.848242 0.187109 0.150391 0.00175476
0 0.15896 0.0281128 0.17583 0.0527588 0.00169373
0 0.752344 0.0506836 0.175 0.0986328 0.00167465
0 0.289258 0.0303955 0.130859 0.060791 0.0015192
0 0.507031 0.473828 0.174219 0.180469 0.00148964
0 0.0656738 0.163281 0.128418 0.167187 0.00145531
0 0.85625 0.541406 0.19375 0.232812 0.0014267
1 0.705469 0.0520508 0.529688 0.104102 0.0012598
0 0.705469 0.0520508 0.529688 0.104102 0.0012064
1 0.295312 0.0300781 0.173438 0.0549805 0.00119686
1 0.657422 0.823633 0.159375 0.124609 0.00107765
0 0.344141 0.374609 0.539844 0.414062 0.86084
0 0.474219 0.0808594 0.151562 0.123438 0.136108
0 0.125586 0.645703 0.138281 0.0945313 0.0273285
0 0.361914 0.0686401 0.0816406 0.0883057 0.0245209
1 0.344531 0.373633 0.539844 0.415234 0.0187225
0 0.708203 0.232373 0.210156 0.181348 0.0105667
0 0.18125 0.808594 0.351172 0.353125 0.00993347
0 0.474609 0.0756836 0.221094 0.131055 0.00653839
0 0.543652 0.0726563 0.411133 0.135156 0.00624084
0 0.761719 0.0541504 0.159375 0.103809 0.00619125
0 0.375 0.0684082 0.10625 0.0959961 0.00598145
0 0.802344 0.0552734 0.298438 0.110547 0.00518036
0 0.77832 0.191602 0.377734 0.319922 0.00481033
0 0.141016 0.736719 0.134375 0.08125 0.00441742
0 0.784375 0.718359 0.182812 0.138281 0.00432968
1 0.18125 0.808594 0.351172 0.353125 0.00385475
1 0.469922 0.0810791 0.144531 0.122217 0.00385475
1 0.361914 0.0686401 0.0816406 0.0883057 0.00335121
0 0.116504 0.734766 0.181055 0.0914062 0.00322342
0 0.296484 0.0338379 0.136719 0.0672852 0.00214958
1 0.125586 0.645703 0.138281 0.0945313 0.00175476
0 0.144141 0.739062 0.0980469 0.0734375 0.0016613
0 0.112891 0.75625 0.203906 0.126563 0.00134563
0 0.75 0.233984 0.25625 0.182031 0.00134087
0 0.583594 0.093457 0.132812 0.141406 0.00113773
0 0.275977 0.761719 0.148828 0.117188 0.00109863
0 0.34375 0.373828 0.539844 0.411719 0.856934
0 0.466016 0.0819336 0.142969 0.12168 0.132935
0 0.760938 0.0525391 0.154687 0.102148 0.0585632
0 0.771875 0.0511719 0.221875 0.102344 0.0460205
1 0.346094 0.370898 0.542188 0.413672 0.0390625
0 0.707812 0.229687 0.2125 0.184766 0.0274353
0 0.29375 0.0296753 0.146094 0.0582275 0.0190582
0 0.781055 0.714063 0.194141 0.140625 0.0141754
0 0.365234 0.0668457 0.09375 0.090918 0.0127716
0 0.654297 0.819531 0.155469 0.128125 0.00923157
0 0.149902 0.0304199 0.127539 0.0608398 0.00775528
0 0.767969 0.264648 0.359375 0.259766 0.00677109
0 0.763281 0.465234 0.345313 0.389844 0.00631332
0 0.580469 0.113477 0.135937 0.0970703 0.00629044
0 0.876562 0.533984 0.151562 0.23125 0.00378036
0 0.5 0.471875 0.151562 0.179688 0.00370789
1 0.29375 0.0296753 0.146094 0.0582275 0.00340271
1 0.760938 0.0525391 0.154687 0.102148 0.00337601
0 0.440234 0.0133301 0.171875 0.0266602 0.00294685
0 0.0510742 0.12041 0.102148 0.0863281 0.00274658
1 0.462891 0.0819336 0.135156 0.118945 0.00268364
0 0.430371 0.0136719 0.139258 0.0273438 0.00265312
1 0.771875 0.0511719 0.221875 0.102344 0.00258064
1 0.365234 0.0668457 0.09375 0.090918 0.00231361
0 0.778906 0.396191 0.351562 0.47793 0.00200272
0 0.825781 0.8375 0.2 0.157813 0.0017271
0 0.736719 0.0500977 0.109375 0.0976562 0.00163555
1 0.149902 0.0304199 0.127539 0.0608398 0.00144958
0 0.172266 0.795313 0.333594 0.378125 0.00139427
1 0.876562 0.533984 0.151562 0.23125 0.00127888
0 0.640234 0.0496094 0.125781 0.0939453 0.00120163
1 0.782031 0.711719 0.184375 0.145313 0.00113392
0 0.344141 0.374609 0.539844 0.414062 0.86084
0 0.474219 0.0808594 0.151562 0.123438 0.136108
0 0.125586 0.645703 0.138281 0.0945313 0.0272217
0 0.361914 0.0686401 0.0816406 0.0883057 0.0246124
1 0.344531 0.373633 0.539844 0.415234 0.0188293
0 0.708203 0.232373 0.210156 0.181348 0.0104904
0 0.18125 0.808594 0.351172 0.353125 0.00993347
0 0.474609 0.0756836 0.220313 0.131055 0.00664139
0 0.54375 0.0726563 0.409375 0.135156 0.00629044
0 0.761719 0.0541992 0.159375 0.103711 0.00624084
0 0.375 0.0684082 0.10625 0.0959961 0.00600433
0 0.802344 0.0552734 0.298438 0.110547 0.00521851
0 0.77832 0.191406 0.377734 0.320312 0.00477219
0 0.141016 0.736719 0.134375 0.08125 0.00441742
0 0.784375 0.718359 0.182812 0.138281 0.00434875
1 0.469922 0.0811523 0.144531 0.122266 0.00387001
1 0.18125 0.808594 0.351172 0.353125 0.00385475
1 0.361914 0.0686401 0.0816406 0.0883057 0.00335121
0 0.116504 0.734766 0.181055 0.0914062 0.00322342
0 0.296484 0.0338379 0.136719 0.0672852 0.00214958
1 0.125586 0.645703 0.138281 0.0945313 0.00175476
0 0.144141 0.739062 0.0980469 0.0734375 0.0016613
0 0.112891 0.75625 0.203906 0.126563 0.00134563
0 0.75 0.233984 0.25625 0.182031 0.00133514
0 0.583594 0.0935547 0.132812 0.141406 0.0011425
0 0.275977 0.761719 0.148828 0.117188 0.00109863
