0 0.764063 0.474219 0.276563 0.895312 0.719238
0 0.528906 0.302344 0.2375 0.5375 0.564941
0 0.316797 0.402441 0.241406 0.482617 0.490234
0 0.621875 0.782031 0.421875 0.414062 0.479492
0 0.923437 0.525781 0.153125 0.8375 0.437744
1 0.316016 0.399121 0.25625 0.47832 0.332031
0 0.131934 0.603809 0.25957 0.506445 0.226807
0 0.304102 0.271289 0.211328 0.213672 0.206299
1 0.130371 0.605078 0.254492 0.492969 0.180054
1 0.923437 0.525781 0.153125 0.8375 0.146118
0 0.32207 0.861719 0.179297 0.214062 0.137085
0 0.584375 0.285937 0.3625 0.516406 0.128906
1 0.608594 0.785742 0.423438 0.403516 0.107056
0 0.102905 0.204688 0.185596 0.305469 0.0968628
0 0.299219 0.86582 0.210938 0.249609 0.0915527
0 0.0901611 0.551172 0.17124 0.402344 0.0783691
0 0.50625 0.142383 0.210938 0.227734 0.0778198
1 0.764844 0.472656 0.314063 0.895312 0.0653687
0 0.910156 0.752344 0.179688 0.326562 0.0623169
1 0.528906 0.302344 0.2375 0.5375 0.0591125
0 0.742969 0.117969 0.198437 0.205078 0.0535889
0 0.147559 0.926562 0.130273 0.140625 0.0509033
0 0.508594 0.229687 0.210938 0.423438 0.0379028
0 0.0990234 0.446875 0.198047 0.207031 0.0316772
0 0.922656 0.459766 0.154687 0.345313 0.0256653
1 0.32207 0.861719 0.179297 0.214062 0.0250397
0 0.763281 0.337891 0.276563 0.63125 0.0248413
0 0.0773437 0.466797 0.144922 0.235156 0.0244751
0 0.520703 0.572656 0.186719 0.128125 0.023468
0 0.294922 0.337695 0.180469 0.358984 0.0213623
0 0.239063 0.0947266 0.209375 0.162109 0.0200958
0 0.367383 0.0993164 0.0902344 0.197852 0.0197144
0 0.9125 0.6625 0.175 0.184375 0.0175781
0 0.763281 0.553906 0.173438 0.129688 0.0145035
1 0.299219 0.86582 0.210938 0.249609 0.014061
0 0.914062 0.672266 0.171875 0.521094 0.013588
1 0.147559 0.926562 0.130273 0.140625 0.0135345
0 0.334375 0.703906 0.1625 0.129688 0.012825
1 0.910156 0.752344 0.179688 0.326562 0.0126266
0 0.803906 0.569531 0.0984375 0.096875 0.0119171
0 0.0993164 0.404687 0.192773 0.109375 0.0116882
0 0.133789 0.694141 0.235547 0.310156 0.0115051
0 0.302148 0.1875 0.188672 0.040625 0.0111618
0 0.139844 0.152539 0.232031 0.212891 0.0107346
0 0.0963867 0.285547 0.19082 0.157031 0.0104065
0 0.9375 0.302734 0.071875 0.605469 0.00993347
1 0.104395 0.202344 0.186914 0.320312 0.00967407
0 0.095874 0.489844 0.173486 0.285937 0.00959778
0 0.758594 0.140234 0.240625 0.232422 0.00919342
0 0.318359 0.874219 0.169531 0.154687 0.00912476
1 0.922656 0.459766 0.154687 0.345313 0.00878143
1 0.0901611 0.551172 0.17124 0.402344 0.0085144
1 0.520703 0.572656 0.186719 0.128125 0.0085144
0 0.302344 0.209814 0.189844 0.0834961 0.00790405
0 0.210986 0.108813 0.259277 0.156982 0.00751877
0 0.394141 0.812695 0.122656 0.230859 0.00740433
1 0.584375 0.285937 0.3625 0.516406 0.00728989
0 0.119727 0.466797 0.239453 0.225781 0.00712204
0 0.792969 0.560156 0.114063 0.120312 0.00701141
0 0.307422 0.245312 0.195312 0.154297 0.00674438
0 0.0967041 0.370703 0.187061 0.046875 0.00605011
1 0.367383 0.0993164 0.0902344 0.197852 0.00538635
0 0.31543 0.486621 0.256641 0.298633 0.00527954
0 0.166895 0.124976 0.213086 0.176611 0.00518036
1 0.763281 0.553906 0.173438 0.129688 0.00508118
0 0.723047 0.561816 0.288281 0.660742 0.0049057
0 0.342383 0.529297 0.195703 0.214844 0.00486755
1 0.304102 0.271289 0.211328 0.213672 0.00450516
1 0.334375 0.703906 0.1625 0.129688 0.00448608
0 0.538281 0.385547 0.203125 0.219531 0.00441742
0 0.617188 0.84707 0.41875 0.283984 0.00429916
0 0.287891 0.108374 0.167187 0.141846 0.00424957
0 0.0982666 0.25708 0.177686 0.211621 0.00411606
0 0.526563 0.433496 0.207813 0.401758 0.00385475
0 0.316016 0.171484 0.158594 0.0480469 0.00367928
0 0.532812 0.578906 0.15625 0.101562 0.00301552
1 0.792969 0.560156 0.114063 0.120312 0.00284576
1 0.0990234 0.277344 0.180078 0.174219 0.00284576
1 0.940625 0.317969 0.0765625 0.635938 0.00279999
1 0.239063 0.0947266 0.209375 0.162109 0.00273705
0 0.916406 0.7 0.167187 0.167187 0.00257111
0 0.320703 0.910156 0.185156 0.0890625 0.00247192
1 0.914062 0.672266 0.171875 0.521094 0.00244331
0 0.607031 0.554297 0.385938 0.176563 0.002388
1 0.0990234 0.446875 0.198047 0.207031 0.00237846
1 0.318359 0.874219 0.169531 0.154687 0.00233269
1 0.50625 0.142383 0.210938 0.227734 0.00227928
0 0.523438 0.505469 0.182812 0.25625 0.00223351
1 0.9125 0.6625 0.175 0.184375 0.00221634
0 0.322266 0.915625 0.175 0.128125 0.00218201
1 0.394141 0.812695 0.122656 0.230859 0.00209999
1 0.095874 0.489844 0.173486 0.285937 0.00205803
0 0.932813 0.264648 0.06875 0.454297 0.00201035
0 0.920313 0.5125 0.159375 0.246875 0.00186062
0 0.338867 0.652734 0.166016 0.228906 0.00186062
1 0.0773437 0.466797 0.144922 0.235156 0.00185299
1 0.130664 0.699219 0.243359 0.29375 0.00175476
1 0.747656 0.135937 0.214062 0.227734 0.00175476
0 0.152734 0.164844 0.173438 0.234375 0.00173378
1 0.31543 0.486621 0.256641 0.298633 0.00163555
0 0.073584 0.494922 0.147168 0.311719 0.00161076
0 0.915625 0.794531 0.165625 0.240625 0.00156116
0 0.472559 0.343359 0.354883 0.603906 0.00154305
0 0.648438 0.710547 0.403125 0.497656 0.00152493
1 0.532812 0.578906 0.15625 0.101562 0.00152493
0 0.206445 0.570312 0.391797 0.510938 0.00148964
0 0.904688 0.579297 0.190625 0.700781 0.00147247
0 0.553906 0.364062 0.1625 0.259375 0.00143242
0 0.858203 0.483594 0.283594 0.898438 0.00139904
0 0.89375 0.120801 0.06875 0.24043 0.00138283
1 0.803906 0.569531 0.0984375 0.096875 0.00135612
0 0.76875 0.238086 0.265625 0.444141 0.00130939
0 0.534375 0.549609 0.165625 0.166406 0.0012846
0 0.302734 0.10166 0.196094 0.17832 0.00127888
0 0.234766 0.903906 0.352344 0.176563 0.00124931
0 0.349219 0.122949 0.0929687 0.158008 0.00123978
0 0.939062 0.313867 0.075 0.108203 0.00122547
0 0.54375 0.14668 0.171094 0.241016 0.00118828
0 0.9 0.117969 0.0625 0.123438 0.00118828
1 0.342383 0.529297 0.195703 0.214844 0.00115108
0 0.501562 0.0801758 0.184375 0.107227 0.00112915
1 0.538281 0.385547 0.203125 0.219531 0.00112438
1 0.322266 0.915625 0.175 0.128125 0.00109863
1 0.320703 0.910156 0.185156 0.0890625 0.00109005
0 0.75 0.158984 0.235938 0.317969 0.00107288
0 0.0947266 0.325 0.183984 0.0617188 0.00107288
0 0.933594 0.419922 0.132812 0.442969 0.00106525
1 0.210986 0.108813 0.259277 0.156982 0.00105667
0 0.733984 0.860742 0.196094 0.191016 0.00105286
0 0.486719 0.157813 0.161719 0.2625 0.00105286
0 0.12522 0.172266 0.179639 0.24375 0.00103664
0 0.110547 0.301172 0.160938 0.151562 0.00103188
0 0.948438 0.325586 0.0703125 0.517578 0.00100803
0 0.528906 0.258203 0.23125 0.463281 0.885742
0 0.142285 0.598828 0.262305 0.489844 0.868164
0 0.319141 0.404395 0.240625 0.478711 0.860352
0 0.776367 0.329297 0.256641 0.278906 0.708008
0 0.773438 0.238086 0.26875 0.434766 0.648926
0 0.703906 0.726953 0.276563 0.233594 0.616211
0 0.113477 0.282031 0.212891 0.175781 0.570801
0 0.319336 0.335742 0.229297 0.340234 0.53418
0 0.759375 0.779492 0.164062 0.303516 0.486328
0 0.737891 0.757422 0.210156 0.289844 0.415771
0 0.91875 0.800781 0.14375 0.190625 0.303223
0 0.760938 0.361133 0.295312 0.225391 0.277588
0 0.802344 0.366797 0.207813 0.211719 0.259766
0 0.769531 0.178564 0.257812 0.320215 0.257568
0 0.332422 0.883008 0.189844 0.233984 0.236572
0 0.380078 0.0982422 0.105469 0.159375 0.170532
0 0.626562 0.885938 0.404687 0.221875 0.138916
0 0.117285 0.231641 0.213867 0.303906 0.105957
0 0.295703 0.862305 0.113281 0.206641 0.0984497
0 0.61875 0.829883 0.415625 0.324609 0.0718384
0 0.389453 0.108496 0.144531 0.192383 0.0637207
1 0.374609 0.0944336 0.121875 0.162695 0.0616455
1 0.704297 0.71875 0.271094 0.223438 0.0604248
0 0.114063 0.318164 0.221094 0.258984 0.0505066
0 0.350977 0.233984 0.118359 0.128125 0.0501404
0 0.34375 0.233594 0.125781 0.096875 0.0481262
1 0.299219 0.851367 0.121094 0.191016 0.0470886
0 0.682031 0.884375 0.303125 0.190625 0.0408325
0 0.123633 0.544922 0.247266 0.379687 0.0403748
1 0.737891 0.757422 0.210156 0.289844 0.0360107
1 0.626562 0.885938 0.404687 0.221875 0.0346985
1 0.759375 0.779492 0.164062 0.303516 0.0343018
1 0.316602 0.408691 0.237109 0.482617 0.0333252
1 0.330859 0.881445 0.189844 0.224609 0.0318604
1 0.524219 0.266992 0.226562 0.476953 0.0314941
1 0.772656 0.189258 0.265625 0.341016 0.03125
1 0.114648 0.283594 0.213672 0.179688 0.0312042
0 0.957422 0.330859 0.0851562 0.23125 0.0311432
1 0.91875 0.800781 0.14375 0.190625 0.0295868
0 0.721875 0.372461 0.390625 0.262891 0.0293732
0 0.157813 0.922656 0.116016 0.139062 0.0293732
0 0.540234 0.807617 0.558594 0.356641 0.0292511
0 0.142578 0.162988 0.232422 0.197852 0.0288086
0 0.142969 0.674219 0.256641 0.348437 0.0284882
0 0.328711 0.205078 0.147266 0.053125 0.0278015
0 0.732031 0.544531 0.257812 0.1875 0.0274811
1 0.31582 0.341357 0.229297 0.353223 0.026062
0 0.932813 0.283545 0.134375 0.222754 0.0254211
0 0.147949 0.729297 0.238867 0.258594 0.0254211
1 0.773828 0.321143 0.264844 0.297559 0.0246582
0 0.729688 0.16084 0.178125 0.27832 0.0239105
0 0.958594 0.379297 0.0828125 0.266406 0.0227966
0 0.364258 0.25332 0.115234 0.130078 0.021698
0 0.93125 0.776563 0.134375 0.135937 0.0216522
0 0.535937 0.0896484 0.13125 0.0832031 0.0215302
0 0.366016 0.110327 0.121094 0.168799 0.021286
0 0.946094 0.360742 0.107813 0.226172 0.0210876
0 0.946484 0.418652 0.107031 0.251758 0.0205231
0 0.549219 0.0912354 0.11875 0.109326 0.0200958
1 0.389453 0.108496 0.144531 0.192383 0.0195618
0 0.165039 0.920313 0.1625 0.153125 0.0192719
0 0.563281 0.865039 0.276563 0.269922 0.0189362
0 0.500391 0.684766 0.06875 0.117969 0.0184021
0 0.316406 0.193359 0.166406 0.0519531 0.0179138
0 0.877734 0.243164 0.244531 0.255078 0.0178528
0 0.94375 0.538379 0.1125 0.379492 0.016922
1 0.61875 0.829883 0.415625 0.324609 0.0158997
1 0.157813 0.922656 0.116016 0.139062 0.0158997
0 0.649609 0.0742188 0.0984375 0.148438 0.0157776
0 0.935938 0.605469 0.121875 0.421875 0.0156708
0 0.719922 0.44834 0.424219 0.270508 0.0154266
1 0.117285 0.231641 0.213867 0.303906 0.0145569
0 0.682813 0.89375 0.229687 0.1875 0.0145035
0 0.915625 0.760938 0.139062 0.2625 0.014061
0 0.733594 0.453516 0.4875 0.363281 0.0137939
0 0.373437 0.274609 0.102344 0.127344 0.0132217
0 0.523438 0.18457 0.221875 0.316797 0.0131226
1 0.677734 0.888281 0.307031 0.190625 0.0123825
0 0.85 0.0560547 0.10625 0.110937 0.0113754
0 0.341797 0.214062 0.130469 0.0757812 0.0112
1 0.125 0.610547 0.25 0.503906 0.0110703
1 0.93125 0.776563 0.134375 0.135937 0.0108185
0 0.319336 0.853125 0.160547 0.189063 0.0106964
0 0.956641 0.431348 0.0867188 0.304492 0.0104904
1 0.540234 0.807617 0.558594 0.356641 0.00955963
0 0.923437 0.485938 0.153125 0.3625 0.00955963
0 0.836523 0.182031 0.326953 0.267188 0.00948334
1 0.120703 0.254736 0.228906 0.206934 0.00945282
0 0.874219 0.864062 0.0953125 0.11875 0.00912476
1 0.649609 0.0742188 0.0984375 0.148438 0.00912476
0 0.71875 0.511719 0.370313 0.228906 0.00871277
0 0.328711 0.226953 0.141016 0.0765625 0.00784302
0 0.349609 0.925781 0.139844 0.145313 0.0078125
0 0.742578 0.88125 0.192969 0.16875 0.0077858
0 0.380469 0.0743164 0.121094 0.122852 0.00775528
0 0.530469 0.0691406 0.1375 0.0582031 0.00751877
0 0.360156 0.232471 0.084375 0.120215 0.00743103
0 0.64375 0.895312 0.148438 0.192188 0.00740433
0 0.786719 0.892187 0.078125 0.115625 0.00725937
1 0.180469 0.926562 0.192188 0.146875 0.0068779
0 0.457031 0.565234 0.0796875 0.125 0.00682449
0 0.708203 0.782031 0.266406 0.357812 0.00679779
0 0.204492 0.151562 0.275391 0.190625 0.00666809
0 0.115625 0.490625 0.228516 0.279687 0.00664139
0 0.571094 0.143262 0.0859375 0.108008 0.00634003
0 0.807813 0.557813 0.0796875 0.117188 0.00631332
0 0.950391 0.499219 0.0992187 0.3625 0.00614548
0 0.162109 0.248047 0.118359 0.0890625 0.00591278
0 0.798437 0.557422 0.109375 0.104687 0.005867
0 0.279492 0.974219 0.119922 0.0515625 0.00584412
1 0.142578 0.162988 0.232422 0.197852 0.00566483
0 0.314063 0.184766 0.172656 0.0527344 0.00564194
0 0.940625 0.571875 0.11875 0.435937 0.00536346
0 0.308984 0.221289 0.1625 0.0816406 0.00530243
0 0.0852539 0.300391 0.167578 0.188281 0.00526047
0 0.396777 0.352344 0.0751953 0.128125 0.00518036
1 0.37959 0.108105 0.0970703 0.17207 0.0051384
0 0.639063 0.057959 0.0859375 0.115918 0.00498199
0 0.560156 0.104785 0.10625 0.132812 0.00488663
0 0.560547 0.128418 0.108594 0.112305 0.0046463
0 0.707031 0.676562 0.28125 0.359375 0.0046463
0 0.429688 0.804492 0.710938 0.369141 0.00453949
0 0.621484 0.678125 0.424219 0.303125 0.00446701
1 0.874219 0.864062 0.0953125 0.11875 0.00445175
0 0.111108 0.396875 0.156689 0.0625 0.00426483
1 0.659375 0.892969 0.190625 0.176563 0.0042305
0 0.299219 0.205859 0.174219 0.0546875 0.00416565
0 0.384766 0.926562 0.06875 0.140625 0.0041008
0 0.329297 0.491797 0.221875 0.298438 0.00407028
0 0.9125 0.552344 0.128125 0.326562 0.00400543
0 0.951953 0.672656 0.0960938 0.103125 0.00392914
0 0.789062 0.865625 0.0921875 0.16875 0.00391388
0 0.779492 0.127441 0.434766 0.24043 0.00385475
1 0.760938 0.361133 0.295312 0.225391 0.00383949
0 0.382812 0.289062 0.0851562 0.145313 0.00382423
0 0.785156 0.424121 0.273438 0.208008 0.00379562
0 0.867188 0.232031 0.078125 0.11875 0.00379562
0 0.371484 0.240186 0.0851562 0.160254 0.00379562
0 0.939453 0.669922 0.121094 0.071875 0.00369263
0 0.574219 0.0354004 0.117969 0.0630859 0.00358009
0 0.140039 0.355078 0.259766 0.346094 0.00355148
0 0.368555 0.716406 0.181641 0.2 0.00355148
0 0.76875 0.0756836 0.14375 0.0724609 0.00353813
1 0.923437 0.485938 0.153125 0.3625 0.00352478
0 0.374219 0.953125 0.0742188 0.09375 0.00345612
0 0.469531 0.561719 0.0859375 0.140625 0.00345612
1 0.458984 0.560156 0.0765625 0.140625 0.00340271
0 0.774609 0.409766 0.450781 0.439844 0.00337601
0 0.832617 0.377734 0.212891 0.25625 0.00331116
0 0.496875 0.0680664 0.171875 0.0552734 0.00329781
0 0.110254 0.37959 0.143945 0.0548828 0.00327301
0 0.600391 0.238672 0.071875 0.127344 0.00327301
1 0.802344 0.366797 0.207813 0.211719 0.00325966
0 0.515527 0.657422 0.64707 0.307031 0.00318527
0 0.499219 0.699219 0.084375 0.140625 0.00309944
1 0.563281 0.865039 0.276563 0.269922 0.00302696
0 0.0232178 0.314844 0.0464355 0.178906 0.00299263
0 0.508594 0.0561523 0.171875 0.0525391 0.00291252
0 0.782031 0.869531 0.0859375 0.135937 0.00291252
0 0.270898 0.106738 0.168359 0.124414 0.00291252
0 0.678125 0.0415039 0.45 0.0830078 0.00279045
0 0.3 0.146875 0.20625 0.202344 0.0027256
0 0.904688 0.179102 0.071875 0.124219 0.00269318
0 0.547656 0.564844 0.184375 0.139062 0.00269318
0 0.569531 0.121582 0.084375 0.136133 0.0026722
0 0.632812 0.0725098 0.0742188 0.14502 0.00264168
0 0.21582 0.929688 0.195703 0.140625 0.00260162
0 0.386621 0.312891 0.0970703 0.132031 0.00258064
0 0.578125 0.584375 0.0984375 0.09375 0.00251198
1 0.363281 0.923437 0.104687 0.145313 0.00251198
0 0.399316 0.375391 0.0748047 0.125781 0.00251198
0 0.860937 0.88125 0.096875 0.0875 0.0024929
0 0.149805 0.234766 0.138281 0.065625 0.00247192
0 0.394141 0.328516 0.0796875 0.142188 0.00247192
0 0.8625 0.0617188 0.0953125 0.123438 0.00245285
0 0.785156 0.0889648 0.109375 0.106836 0.00239754
0 0.745703 0.0576172 0.446094 0.115234 0.00235939
0 0.799219 0.725781 0.0734375 0.13125 0.00234222
0 0.892969 0.863281 0.117188 0.115625 0.00233269
1 0.957422 0.330859 0.0851562 0.23125 0.00233269
0 0.288086 0.108105 0.0789063 0.122461 0.00230598
0 0.7625 0.252148 0.246875 0.320703 0.00227928
0 0.694922 0.662109 0.263281 0.258594 0.00225258
0 0.764453 0.0830078 0.471094 0.166016 0.00221634
0 0.124512 0.417578 0.137305 0.105469 0.00219917
0 0.666797 0.0703613 0.14375 0.140723 0.00218201
0 0.860156 0.204297 0.08125 0.130078 0.00213242
0 0.502344 0.0477539 0.173438 0.0539063 0.00212479
0 0.139844 0.417285 0.111328 0.12168 0.00211525
1 0.95 0.289404 0.1 0.236816 0.00209045
0 0.299609 0.107227 0.294531 0.140234 0.00205803
1 0.666797 0.0703613 0.14375 0.140723 0.00204277
0 0.585938 0.177539 0.0828125 0.130078 0.00204277
0 0.892187 0.124316 0.06875 0.141211 0.00203514
0 0.735156 0.904688 0.09375 0.109375 0.00198746
0 0.596094 0.215234 0.0765625 0.139844 0.00198746
0 0.280859 0.978516 0.153906 0.0429688 0.00197983
1 0.742578 0.88125 0.192969 0.16875 0.00197983
1 0.114063 0.318164 0.221094 0.258984 0.0019722
0 0.608203 0.0207031 0.323438 0.0414063 0.00194168
0 0.349219 0.698438 0.145313 0.125 0.00194168
0 0.250391 0.896094 0.121875 0.2 0.00191879
0 0.766797 0.345752 0.428906 0.386621 0.00191212
0 0.198047 0.510156 0.096875 0.132812 0.00190449
0 0.799219 0.751562 0.071875 0.13125 0.00189686
0 0.788867 0.00637207 0.228516 0.0127441 0.00189686
1 0.608203 0.0207031 0.323438 0.0414063 0.00189686
0 0.183594 0.471875 0.102344 0.107813 0.00189686
0 0.556641 0.0822266 0.0828125 0.144531 0.00187492
1 0.836523 0.182031 0.326953 0.267188 0.00185299
0 0.255859 0.974219 0.127344 0.0515625 0.00185299
0 0.500391 0.671875 0.0734375 0.185156 0.00183868
0 0.294531 0.121289 0.0945313 0.0917969 0.00183105
1 0.935938 0.605469 0.121875 0.421875 0.00182438
1 0.958594 0.379297 0.0828125 0.266406 0.00179577
1 0.877734 0.243164 0.244531 0.255078 0.00178909
1 0.21582 0.929688 0.195703 0.140625 0.00178242
0 0.199023 0.528906 0.107031 0.126563 0.00176144
0 0.829102 0.149414 0.341797 0.277734 0.00176144
0 0.398438 0.339063 0.0757812 0.199219 0.00174141
0 0.336328 0.707812 0.116406 0.110156 0.0017271
0 0.197852 0.903906 0.155078 0.103125 0.0017271
0 0.515625 0.14043 0.217187 0.221484 0.00171375
0 0.389453 0.339648 0.0992187 0.123047 0.0017004
0 0.9 0.162598 0.075 0.134961 0.00168705
0 0.724219 0.592188 0.303125 0.309375 0.00166798
0 0.802344 0.86875 0.05625 0.128125 0.0016489
0 0.8625 0.250391 0.103125 0.1125 0.00163555
0 0.728125 0.053125 0.510938 0.10625 0.00162315
0 0.601953 0.262109 0.0804688 0.121875 0.00161076
0 0.782617 0.132812 0.294141 0.253125 0.0015974
1 0.732031 0.544531 0.257812 0.1875 0.00156689
0 0.0293945 0.265039 0.0587891 0.183984 0.00156689
0 0.204492 0.095874 0.354297 0.121143 0.00156689
1 0.384766 0.926562 0.06875 0.140625 0.00156116
0 0.313867 0.283984 0.220703 0.229687 0.00156116
1 0.429688 0.804492 0.710938 0.369141 0.00156116
0 0.919531 0.878125 0.11875 0.0625 0.00153637
0 0.572656 0.0404175 0.148438 0.0592041 0.00153637
0 0.569531 0.00692139 0.221094 0.0138428 0.00153637
1 0.940625 0.571875 0.11875 0.435937 0.00151253
0 0.766406 0.496777 0.382812 0.292383 0.00151253
0 0.380371 0.256641 0.0798828 0.177344 0.00150681
0 0.522656 0.607813 0.639063 0.221875 0.00150108
0 0.275 0.292627 0.276563 0.300684 0.00148392
0 0.3125 0.107715 0.0757812 0.130664 0.00147247
1 0.632812 0.0725098 0.0742188 0.14502 0.00146103
1 0.791406 0.873438 0.0765625 0.14375 0.00137806
0 0.0472656 0.887109 0.0878906 0.225781 0.00137234
1 0.915625 0.760938 0.139062 0.2625 0.00136185
0 0.455469 0.582812 0.0953125 0.117188 0.00134563
0 0.304297 0.222266 0.133594 0.108594 0.00133514
1 0.892969 0.863281 0.117188 0.115625 0.00130939
0 0.79707 0.773438 0.0777344 0.128125 0.00130463
0 0.93125 0.627734 0.1375 0.536719 0.00129414
0 0.3625 0.957812 0.10625 0.08125 0.0012846
0 0.870313 0.254297 0.078125 0.128125 0.00127411
0 0.204736 0.940625 0.251465 0.11875 0.00126457
0 0.744531 0.896094 0.1 0.13125 0.00126457
0 0.580469 0.567969 0.1 0.10625 0.00126457
0 0.885938 0.491797 0.18125 0.339844 0.00126457
0 0.366406 0.120898 0.108594 0.127734 0.0012598
1 0.956641 0.431348 0.0867188 0.304492 0.00124454
1 0.204736 0.940625 0.251465 0.11875 0.00123978
0 0.835156 0.00456543 0.267188 0.00913086 0.00123978
1 0.547656 0.564844 0.184375 0.139062 0.00123024
1 0.204492 0.151562 0.275391 0.190625 0.00122547
1 0.331836 0.916406 0.171484 0.153125 0.0012207
1 0.94375 0.538379 0.1125 0.379492 0.00120163
0 0.915625 0.210938 0.065625 0.144531 0.00120163
0 0.776563 0.055481 0.142188 0.0613037 0.00119686
1 0.270898 0.106738 0.168359 0.124414 0.00118828
0 0.230469 0.95625 0.234375 0.0875 0.00118351
1 0.950391 0.499219 0.0992187 0.3625 0.00117874
0 0.480078 0.143555 0.202344 0.246484 0.00116539
1 0.637109 0.0259766 0.321094 0.0519531 0.00116062
0 0.841406 0.065625 0.084375 0.13125 0.00116062
0 0.00793457 0.667188 0.0158691 0.139062 0.00115585
0 0.492969 0.0823242 0.145313 0.0806641 0.0011425
0 0.260156 0.967188 0.128125 0.059375 0.00113773
0 0.801562 0.574609 0.0953125 0.0851562 0.00113392
0 0.577344 0.161621 0.103125 0.143164 0.00112438
1 0.366406 0.120898 0.108594 0.127734 0.00112057
0 0.936719 0.657812 0.126563 0.0609375 0.00110722
0 0.5 0.0313965 0.189844 0.0510742 0.00110722
0 0.392969 0.773828 0.309375 0.324219 0.0011034
1 0.204492 0.095874 0.354297 0.121143 0.00109863
1 0.708203 0.782031 0.266406 0.357812 0.00109482
0 0.781055 0.548047 0.137891 0.142188 0.00109005
0 0.0237793 0.364062 0.0475586 0.189063 0.00108147
0 0.545215 0.551562 0.57207 0.173438 0.00107765
0 0.358203 0.208203 0.0898438 0.153516 0.00106907
0 0.220898 0.119434 0.323047 0.13457 0.00106525
0 0.301172 0.10271 0.108984 0.130127 0.00106049
0 0.125781 0.376953 0.1375 0.0765625 0.00104427
0 0.929297 0.7625 0.141406 0.0734375 0.00104427
1 0.230469 0.95625 0.234375 0.0875 0.00104046
0 0.911719 0.689062 0.134375 0.392188 0.00104046
0 0.606641 0.0420898 0.374219 0.0841797 0.00104046
0 0.00908203 0.69375 0.0181641 0.141406 0.00104046
0 0.141406 0.605371 0.259375 0.493945 0.49707
0 0.778125 0.248047 0.2625 0.469531 0.461914
0 0.532422 0.267773 0.246875 0.476953 0.458984
1 0.31875 0.405469 0.240625 0.4875 0.443604
0 0.328711 0.402734 0.248047 0.478125 0.377441
1 0.525391 0.265234 0.238281 0.479688 0.283691
1 0.778125 0.249414 0.275 0.471484 0.27124
1 0.139258 0.606348 0.260938 0.499805 0.204956
0 0.630469 0.688281 0.301562 0.409375 0.00812531
0 0.369141 0.111743 0.11875 0.18042 0.00737381
1 0.630469 0.688281 0.301562 0.409375 0.00275803
0 0.607031 0.766406 0.439063 0.467187 0.00255013
1 0.369141 0.111743 0.11875 0.18042 0.00234222
0 0.52334 0.717969 0.52832 0.564062 0.00226021
0 0.3875 0.116992 0.151562 0.211719 0.00216484
0 0.905078 0.746094 0.189844 0.348437 0.00211525
0 0.903125 0.00544434 0.19375 0.0108887 0.00187492
0 0.934375 0.525684 0.13125 0.795508 0.00176811
0 0.671484 0.666016 0.1875 0.271094 0.00176144
0 0.116797 0.486719 0.222266 0.332812 0.00168133
0 0.235742 0.100781 0.20625 0.139844 0.00153637
0 0.145508 0.0057373 0.291016 0.0114746 0.00148964
0 0.193164 0.108887 0.284766 0.130469 0.00134087
0 0.118164 0.235889 0.207031 0.340723 0.00127411
0 0.317773 0.221289 0.225391 0.102734 0.00121117
0 0.771875 0.179883 0.265625 0.334375 0.0012064
0 0.198828 0.00556641 0.397656 0.0111328 0.00119686
1 0.671484 0.666016 0.1875 0.271094 0.00116062
1 0.52334 0.717969 0.52832 0.564062 0.00112438
0 0.332812 0.463281 0.228125 0.353125 0.00109005
0 0.325586 0.399219 0.237891 0.460938 0.80127
0 0.53125 0.252734 0.229687 0.469531 0.770508
0 0.143066 0.6 0.252148 0.498437 0.734863
0 0.78125 0.242578 0.257812 0.452344 0.70752
0 0.607422 0.624219 0.227344 0.260938 0.127197
1 0.132617 0.600781 0.257812 0.498437 0.0619812
0 0.159863 0.920313 0.15332 0.159375 0.0603027
0 0.635938 0.644922 0.276563 0.302344 0.0545959
1 0.78125 0.239844 0.257812 0.45625 0.0466309
0 0.106348 0.21167 0.20957 0.29541 0.0457764
0 0.381641 0.0929443 0.13125 0.170361 0.0380249
0 0.150391 0.178467 0.290234 0.292285 0.0369873
1 0.523438 0.247656 0.23125 0.471875 0.032959
1 0.318945 0.394531 0.237109 0.464063 0.0305634
1 0.156641 0.917969 0.141016 0.164062 0.0267639
0 0.537891 0.324951 0.216406 0.332129 0.0266571
0 0.318359 0.8875 0.205469 0.221875 0.0239563
0 0.392578 0.112109 0.157031 0.222656 0.0236053
0 0.180811 0.125391 0.335254 0.196484 0.0215759
1 0.607422 0.624219 0.227344 0.260938 0.0215759
0 0.208398 0.0982422 0.279687 0.158203 0.0202484
0 0.8625 0.0990479 0.11875 0.197998 0.0180511
0 0.355469 0.689062 0.15625 0.117188 0.0162811
0 0.11709 0.551562 0.23418 0.398438 0.0147858
0 0.638281 0.718359 0.307813 0.449219 0.0137939
1 0.318359 0.8875 0.205469 0.221875 0.013588
1 0.635938 0.644922 0.276563 0.302344 0.0128708
0 0.32168 0.91875 0.198828 0.15625 0.0104904
1 0.381641 0.0929443 0.13125 0.170361 0.0104904
0 0.150781 0.694531 0.230859 0.310937 0.01017
1 0.8625 0.0990479 0.11875 0.197998 0.00941467
1 0.150391 0.178467 0.290234 0.292285 0.00926971
0 0.369922 0.685938 0.19375 0.140625 0.00800323
0 0.617188 0.75 0.41875 0.496875 0.0078125
0 0.308398 0.324561 0.223047 0.322754 0.00723267
0 0.932813 0.515723 0.128125 0.781055 0.00714874
1 0.392578 0.112109 0.157031 0.222656 0.00695801
0 0.470313 0.108008 0.339063 0.201953 0.00658798
1 0.106348 0.21167 0.20957 0.29541 0.00626373
0 0.108789 0.464453 0.210547 0.217187 0.00612259
0 0.383203 0.12439 0.140625 0.168799 0.00595856
1 0.32168 0.91875 0.198828 0.15625 0.00538635
0 0.782617 0.30625 0.247266 0.332031 0.00496292
1 0.192383 0.105371 0.304688 0.175977 0.00471878
1 0.355469 0.689062 0.15625 0.117188 0.00446701
0 0.764844 0.167676 0.275 0.318945 0.00441742
1 0.638281 0.718359 0.307813 0.449219 0.00436401
0 0.111328 0.271484 0.204297 0.160156 0.00400543
0 0.249219 0.368555 0.100781 0.413672 0.00383949
0 0.689844 0.648438 0.33125 0.351562 0.00316048
1 0.617188 0.75 0.41875 0.496875 0.00313568
1 0.369922 0.685938 0.19375 0.140625 0.00279045
0 0.661719 0.101465 0.134375 0.20293 0.00264168
0 0.789062 0.556641 0.120312 0.182812 0.00258064
0 0.233398 0.0982666 0.225781 0.133545 0.00242424
0 0.671484 0.537891 0.305469 0.528906 0.0024147
0 0.141431 0.2875 0.165186 0.165625 0.00218201
1 0.111328 0.271484 0.204297 0.160156 0.00194931
0 0.575781 0.612109 0.161719 0.236719 0.00194168
1 0.249219 0.368555 0.100781 0.413672 0.00182438
0 0.131055 0.132227 0.244922 0.235938 0.00181007
0 0.487109 0.147266 0.285937 0.276953 0.00168705
1 0.928125 0.516406 0.1375 0.798437 0.00164223
0 0.198877 0.248437 0.395996 0.329688 0.00152493
0 0.932031 0.468066 0.13125 0.293555 0.00148964
0 0.515625 0.795117 0.167187 0.347266 0.00146103
1 0.383203 0.12439 0.140625 0.168799 0.00140476
0 0.576563 0.795508 0.3375 0.396484 0.00138855
1 0.789062 0.556641 0.120312 0.182812 0.00135612
0 0.849219 0.137695 0.164062 0.267578 0.00135136
1 0.131055 0.132227 0.244922 0.235938 0.00124931
1 0.689844 0.648438 0.33125 0.351562 0.00121593
0 0.379687 0.683594 0.188281 0.189063 0.00119686
0 0.919922 0.728125 0.160156 0.246875 0.00119209
0 0.141602 0.310742 0.155078 0.137891 0.00118828
0 0.170898 0.0990234 0.295703 0.19375 0.00117874
0 0.643359 0.104102 0.09375 0.208203 0.00114727
1 0.470313 0.108008 0.339063 0.201953 0.00109005
1 0.932031 0.468066 0.13125 0.293555 0.00106525
1 0.661719 0.101465 0.134375 0.20293 0.00102425
0 0.140332 0.599316 0.261523 0.501367 0.759277
0 0.322266 0.402441 0.238281 0.474805 0.758301
0 0.529297 0.265234 0.222656 0.470313 0.740234
0 0.782812 0.248633 0.260938 0.455859 0.646973
1 0.137305 0.602344 0.265234 0.495313 0.104309
1 0.784375 0.249805 0.2625 0.458203 0.0883179
1 0.526563 0.268359 0.235938 0.466406 0.0878906
1 0.322266 0.402441 0.238281 0.474805 0.0640869
0 0.705078 0.673828 0.271094 0.289844 0.047699
0 0.116699 0.230664 0.229102 0.336328 0.0450134
0 0.198779 0.22207 0.394629 0.318359 0.0188751
1 0.116699 0.230664 0.229102 0.336328 0.0183411
0 0.338281 0.848437 0.195312 0.285937 0.0158997
0 0.359961 0.791992 0.197266 0.403516 0.0130234
1 0.705078 0.660937 0.278906 0.323438 0.0115509
0 0.369531 0.10979 0.109375 0.18042 0.0107346
1 0.198779 0.22207 0.394629 0.318359 0.0104904
0 0.220508 0.115332 0.441016 0.148242 0.0064888
0 0.223438 0.15332 0.446875 0.223047 0.00588989
1 0.359961 0.791992 0.197266 0.403516 0.00588989
1 0.338281 0.848437 0.195312 0.285937 0.00408554
0 0.384375 0.117969 0.126563 0.214453 0.00374985
0 0.871875 0.490234 0.03125 0.271094 0.00309944
0 0.639844 0.087207 0.0921875 0.163281 0.003088
1 0.369531 0.10979 0.109375 0.18042 0.00307465
0 0.155664 0.923437 0.126172 0.146875 0.00266266
1 0.247266 0.132715 0.494531 0.161133 0.00252151
0 0.541016 0.355859 0.196094 0.290625 0.0024929
1 0.223438 0.15332 0.446875 0.223047 0.00228691
0 0.78457 0.318018 0.252734 0.315527 0.00190449
0 0.32168 0.875 0.136328 0.234375 0.00188255
0 0.713281 0.623438 0.285937 0.401563 0.00171375
0 0.165039 0.548828 0.325391 0.4 0.00168133
0 0.0578125 0.895312 0.102734 0.192188 0.00162888
0 0.300781 0.876367 0.1 0.237891 0.00158501
1 0.384375 0.117969 0.126563 0.214453 0.00150681
1 0.32168 0.875 0.136328 0.234375 0.00137806
0 0.0491211 0.863281 0.0939453 0.273438 0.00133514
0 0.510938 0.776563 0.251563 0.43125 0.00113392
0 0.698047 0.717969 0.280469 0.407813 0.00104046
1 0.510938 0.776563 0.251563 0.43125 0.00101662
0 0.32207 0.407422 0.249609 0.486719 0.689941
0 0.529688 0.265625 0.246094 0.479688 0.67041
0 0.148438 0.603027 0.261719 0.49082 0.616699
1 0.783594 0.250391 0.275 0.483594 0.519531
0 0.786719 0.251758 0.254687 0.468359 0.384033
1 0.135352 0.604297 0.270703 0.505469 0.230957
1 0.326172 0.405078 0.250781 0.477344 0.151978
1 0.529688 0.265625 0.246094 0.479688 0.106873
0 0.658594 0.664062 0.234375 0.254687 0.0178528
1 0.530859 0.329297 0.228906 0.349219 0.0142288
1 0.326367 0.459375 0.231641 0.326562 0.0125275
0 0.326367 0.459375 0.231641 0.326562 0.0117798
1 0.658594 0.664062 0.234375 0.254687 0.0101318
0 0.530859 0.329297 0.228906 0.349219 0.00898743
0 0.181982 0.678516 0.180566 0.325781 0.003088
1 0.181982 0.678516 0.180566 0.325781 0.00304031
1 0.785742 0.336133 0.250391 0.286328 0.00281143
0 0.799219 0.316406 0.223438 0.317969 0.00275803
0 0.324805 0.557813 0.169141 0.0875 0.00246239
0 0.575 0.485156 0.148438 0.04375 0.00231361
0 0.328906 0.578516 0.171875 0.111719 0.00200272
0 0.350781 0.59375 0.178906 0.0953125 0.00186729
0 0.310937 0.542188 0.15625 0.0828125 0.00162315
0 0.566016 0.464063 0.136719 0.075 0.00154877
0 0.572656 0.475391 0.0984375 0.0664062 0.00145531
1 0.880859 0.713672 0.238281 0.422656 0.00144958
0 0.296875 0.533203 0.13125 0.0945313 0.00143814
1 0.328125 0.404004 0.232812 0.249805 0.0014267
0 0.880859 0.713672 0.238281 0.422656 0.00129414
0 0.328125 0.404004 0.232812 0.249805 0.00119686
0 0.128027 0.508984 0.251758 0.300781 0.00104046
0 0.346289 0.860156 0.158203 0.278125 0.00102043
0 0.318555 0.403906 0.238672 0.463281 0.725586
0 0.524219 0.264648 0.234375 0.467578 0.716309
0 0.782031 0.244922 0.260938 0.460156 0.540039
0 0.14082 0.601172 0.258984 0.486719 0.526367
1 0.783008 0.245898 0.265234 0.461328 0.262207
1 0.135742 0.600391 0.266016 0.486719 0.100891
1 0.525781 0.264062 0.229687 0.465625 0.0701904
1 0.322461 0.403906 0.241797 0.457031 0.0654907
0 0.671875 0.667578 0.201562 0.253906 0.0193481
0 0.337695 0.875 0.194922 0.246875 0.0184784
1 0.337695 0.875 0.194922 0.246875 0.0155411
0 0.14668 0.674219 0.244922 0.340625 0.0134811
0 0.116895 0.229687 0.193555 0.270312 0.0106964
0 0.246289 0.10752 0.169141 0.136133 0.00754929
0 0.64375 0.115527 0.101562 0.229492 0.00725937
0 0.515625 0.157324 0.204688 0.249023 0.00564194
0 0.699219 0.665625 0.301562 0.445312 0.00557709
1 0.699219 0.665625 0.301562 0.445312 0.00553513
0 0.205859 0.110767 0.25625 0.134717 0.00551224
1 0.671875 0.667578 0.201562 0.253906 0.00524139
0 0.0988281 0.260938 0.195312 0.203125 0.00510025
0 0.374414 0.110547 0.112109 0.191406 0.00498199
1 0.910937 0.803906 0.15625 0.2375 0.00388527
1 0.0988281 0.260938 0.195312 0.203125 0.00322342
0 0.109375 0.466797 0.213281 0.230469 0.00270462
1 0.374414 0.110547 0.112109 0.191406 0.00246239
0 0.34043 0.842383 0.226172 0.315234 0.00231361
1 0.14668 0.674219 0.244922 0.340625 0.00224304
1 0.642969 0.121777 0.1 0.240039 0.00206757
0 0.538281 0.31543 0.2125 0.358984 0.00204277
1 0.34043 0.842383 0.226172 0.315234 0.00174809
0 0.910937 0.803906 0.15625 0.2375 0.00159168
0 0.771094 0.16123 0.2375 0.269336 0.00157356
1 0.116895 0.229687 0.193555 0.270312 0.00143242
1 0.642969 0.7375 0.40625 0.51875 0.00123024
0 0.921875 0.492578 0.153125 0.633594 0.00121593
1 0.921875 0.492578 0.153125 0.633594 0.00120163
0 0.842188 0.081665 0.115625 0.160107 0.0011425
0 0.642969 0.7375 0.40625 0.51875 0.00104046
0 0.140234 0.595312 0.260156 0.496875 0.783203
0 0.318945 0.404004 0.244922 0.462305 0.78125
0 0.527344 0.264062 0.234375 0.457031 0.74707
0 0.780469 0.244141 0.273438 0.452344 0.704102
1 0.78125 0.242188 0.273438 0.459375 0.110107
1 0.521875 0.264258 0.2375 0.457422 0.051178
1 0.139648 0.597754 0.261328 0.491992 0.0319824
1 0.318945 0.404004 0.244922 0.462305 0.0275879
0 0.330664 0.874219 0.207422 0.24375 0.0177155
0 0.677344 0.680469 0.221875 0.225 0.0119629
0 0.670313 0.649219 0.2625 0.359375 0.00540543
0 0.644141 0.745313 0.316406 0.478125 0.00524139
0 0.380566 0.112793 0.129492 0.212695 0.00521851
0 0.596094 0.804688 0.40625 0.3875 0.0041008
0 0.920313 0.485156 0.159375 0.910937 0.00362206
0 0.115625 0.233789 0.23125 0.255859 0.00348282
0 0.532031 0.814844 0.276563 0.367188 0.00338936
1 0.670313 0.649219 0.2625 0.359375 0.00275803
0 0.927344 0.49541 0.14375 0.29043 0.00266266
1 0.644141 0.745313 0.316406 0.478125 0.00251198
1 0.330664 0.874219 0.207422 0.24375 0.00226974
1 0.677344 0.680469 0.221875 0.225 0.00181007
1 0.596094 0.804688 0.40625 0.3875 0.0016489
0 0.915625 0.648438 0.165625 0.523438 0.0014782
1 0.920313 0.485156 0.159375 0.910937 0.00138855
0 0.598437 0.870313 0.239063 0.248437 0.00112057
1 0.532031 0.814844 0.276563 0.367188 0.0011158
0 0.641406 0.873438 0.209375 0.24375 0.00109863
0 0.320312 0.404785 0.235938 0.466992 0.825195
0 0.523438 0.264844 0.232812 0.477344 0.78125
0 0.137695 0.600781 0.269141 0.5 0.775391
0 0.782617 0.247656 0.266016 0.464063 0.705078
1 0.7875 0.244531 0.271875 0.467969 0.191284
1 0.139062 0.599316 0.266406 0.504492 0.0502319
1 0.521094 0.26543 0.229687 0.475391 0.0319214
1 0.321289 0.403125 0.241797 0.467187 0.0269623
0 0.380371 0.104883 0.126758 0.19375 0.00955963
0 0.666016 0.655859 0.224219 0.350781 0.00247192
1 0.380371 0.104883 0.126758 0.19375 0.0024147
0 0.507812 0.811719 0.220313 0.367188 0.00224304
0 0.577344 0.807031 0.345313 0.382812 0.00188923
0 0.667969 0.655469 0.192188 0.267188 0.00152493
0 0.658594 0.731641 0.245312 0.483594 0.00151253
1 0.667969 0.655469 0.192188 0.267188 0.00137234
0 0.336914 0.87168 0.187891 0.247266 0.00136185
1 0.666016 0.655859 0.224219 0.350781 0.00107765
0 0.640625 0.117578 0.096875 0.23125 0.00106907
0 0.233984 0.114648 0.204297 0.168359 0.00100422
0 0.319336 0.403516 0.242578 0.466406 0.828613
0 0.521875 0.266211 0.2375 0.472266 0.786621
0 0.782031 0.249219 0.260938 0.460938 0.785156
0 0.136133 0.601953 0.262891 0.492969 0.78418
1 0.78125 0.248437 0.265625 0.4625 0.0548096
1 0.141504 0.601562 0.258789 0.49375 0.0369873
0 0.374805 0.100977 0.119141 0.191406 0.0369873
1 0.525781 0.265234 0.230469 0.472656 0.0298767
0 0.117871 0.227734 0.229102 0.347656 0.0132751
1 0.319336 0.403027 0.241016 0.46582 0.0132217
0 0.467187 0.0207031 0.084375 0.0342773 0.0121918
0 0.45 0.02146 0.125 0.038916 0.0108185
0 0.488281 0.0189941 0.046875 0.0308594 0.0103683
0 0.195312 0.10752 0.2625 0.149023 0.00803375
1 0.337109 0.86875 0.189844 0.253125 0.00723267
0 0.641406 0.101172 0.0953125 0.200781 0.00717545
1 0.374805 0.100977 0.119141 0.191406 0.00679779
1 0.665234 0.671094 0.192969 0.245312 0.00669098
0 0.665234 0.671094 0.192969 0.245312 0.0064621
0 0.337109 0.86875 0.189844 0.253125 0.00636292
0 0.454688 0.0173828 0.140625 0.0347656 0.0046463
0 0.46875 0.0177246 0.096875 0.0354492 0.0042305
0 0.508594 0.0195312 0.0390625 0.0341797 0.00391388
0 0.667969 0.657031 0.253125 0.35625 0.00362206
0 0.657812 0.73125 0.278125 0.459375 0.00327301
0 0.236279 0.105249 0.179004 0.144971 0.00309944
0 0.489062 0.0171875 0.0617188 0.034375 0.0029583
0 0.164941 0.19707 0.318555 0.308594 0.00290108
1 0.657812 0.73125 0.278125 0.459375 0.00255013
0 0.526172 0.0202148 0.059375 0.0390625 0.00247192
1 0.667969 0.657031 0.253125 0.35625 0.00237846
0 0.542188 0.0220703 0.0734375 0.0441406 0.00215721
0 0.84375 0.0537598 0.0953125 0.10459 0.00148964
0 0.705469 0.0183105 0.053125 0.0366211 0.00143814
1 0.117871 0.227734 0.229102 0.347656 0.00137234
0 0.726562 0.0178467 0.0578125 0.0356934 0.00132465
0 0.513281 0.0177734 0.0484375 0.0355469 0.00130939
0 0.105469 0.244971 0.200781 0.245996 0.00127411
0 0.696875 0.0194336 0.0570313 0.0388672 0.00126457
1 0.45 0.02146 0.125 0.038916 0.00121593
0 0.767578 0.0182617 0.110156 0.0365234 0.00121593
1 0.186523 0.127344 0.293359 0.179297 0.00119209
1 0.467187 0.0207031 0.084375 0.0342773 0.00111198
0 0.183789 0.151855 0.287891 0.211133 0.00106049
0 0.553906 0.0208984 0.0882813 0.0417969 0.00101662
0 0.320312 0.404785 0.235938 0.466992 0.825195
0 0.523438 0.264844 0.232812 0.477344 0.78125
0 0.137695 0.601172 0.269141 0.500781 0.775391
0 0.782617 0.247656 0.266016 0.464063 0.705078
1 0.7875 0.244531 0.271875 0.467969 0.191284
1 0.139062 0.599316 0.266406 0.504492 0.0502319
1 0.521094 0.26543 0.229687 0.475391 0.0319824
1 0.321289 0.403125 0.241797 0.467187 0.0270081
0 0.380371 0.104883 0.126758 0.19375 0.00955963
0 0.666016 0.655469 0.224219 0.35 0.0024929
1 0.380371 0.104883 0.126758 0.19375 0.0024147
0 0.507812 0.811719 0.220313 0.367188 0.00224304
0 0.577344 0.807617 0.345313 0.381641 0.00188255
0 0.667969 0.655469 0.192188 0.267188 0.00153065
0 0.658594 0.73125 0.245312 0.482812 0.00152493
1 0.667969 0.655469 0.192188 0.267188 0.00137806
0 0.336914 0.87168 0.187891 0.247266 0.00136185
1 0.666016 0.655469 0.224219 0.35 0.00108147
0 0.640625 0.117578 0.096875 0.23125 0.00106907
