0 0.519531 0.394922 0.917188 0.574219 0.913574
0 0.520312 0.481348 0.88125 0.40293 0.575684
0 0.51875 0.548437 0.928125 0.280469 0.0327759
0 0.492969 0.766016 0.926562 0.363281 0.0303802
1 0.521484 0.392188 0.872656 0.571875 0.0189362
0 0.380469 0.506641 0.6 0.339063 0.00967407
0 0.384375 0.437109 0.602344 0.486719 0.00510025
1 0.528516 0.501172 0.871094 0.358594 0.00335121
0 0.485547 0.82168 0.953906 0.259766 0.00206757
1 0.492969 0.766016 0.926562 0.363281 0.0017004
0 0.537109 0.392188 0.925781 0.559375 0.782227
0 0.499609 0.80293 0.911719 0.319141 0.427246
0 0.528906 0.550781 0.932813 0.273438 0.42627
0 0.520312 0.611328 0.934375 0.360156 0.183594
1 0.537891 0.467969 0.924219 0.707812 0.0822754
0 0.296094 0.624609 0.592188 0.591406 0.0662231
1 0.503125 0.807813 0.940625 0.310937 0.0615234
0 0.535937 0.330664 0.928125 0.360547 0.0517578
1 0.528906 0.550781 0.932813 0.273438 0.0408325
1 0.520312 0.611328 0.934375 0.360156 0.0255127
1 0.535937 0.330664 0.928125 0.360547 0.024704
1 0.532031 0.457812 0.934375 0.444531 0.014061
0 0.527344 0.492871 0.929688 0.38457 0.0100098
0 0.877344 0.779688 0.239063 0.276563 0.00981903
0 0.399219 0.782031 0.7 0.304688 0.00763702
0 0.25 0.691406 0.5 0.460938 0.00376511
0 0.271094 0.735156 0.542188 0.379687 0.00302696
0 0.386719 0.707422 0.692187 0.436719 0.00293541
0 0.651172 0.239258 0.161719 0.0441406 0.0020752
0 0.499219 0.651172 0.89375 0.507031 0.0016613
0 0.527734 0.232227 0.922656 0.358984 0.00161648
1 0.8875 0.78418 0.203125 0.278516 0.0014782
1 0.527734 0.232227 0.922656 0.358984 0.00134087
0 0.276563 0.377344 0.1625 0.0445312 0.00121117
1 0.321094 0.613379 0.642187 0.613867 0.00112057
0 0.528906 0.40166 0.892187 0.574805 0.76123
1 0.49375 0.402734 0.840625 0.577344 0.255371
0 0.144238 0.00592041 0.288477 0.0118408 0.00155449
0 0.9 0.00377197 0.2 0.00754395 0.0012064
0 0.533984 0.395215 0.900781 0.558008 0.800781
1 0.533203 0.400781 0.910156 0.567187 0.0975342
0 0.900781 0.103711 0.198437 0.207422 0.00134563
0 0.5375 0.40166 0.925 0.57168 0.912598
1 0.533594 0.401465 0.885938 0.567383 0.0367126
0 0.0398437 0.156445 0.0722656 0.312891 0.00260162
1 0.0398437 0.156445 0.0722656 0.312891 0.00117874
0 0.0368652 0.217578 0.0667969 0.435156 0.00115585
0 0.540625 0.397363 0.91875 0.584961 0.803711
1 0.539844 0.40166 0.904688 0.59043 0.213989
0 0.539844 0.394141 0.907812 0.564844 0.835938
1 0.534375 0.402344 0.895312 0.598437 0.0531921
0 0.427344 0.393359 0.248437 0.189844 0.00193405
0 0.5375 0.401953 0.9 0.586719 0.803223
1 0.539062 0.403906 0.9 0.590625 0.0874023
0 0.260498 0.247607 0.374316 0.215723 0.00188923
0 0.539453 0.402441 0.875781 0.59668 0.830078
1 0.538281 0.396875 0.873438 0.58125 0.162354
0 0.532031 0.401465 0.914062 0.579883 0.84668
1 0.535156 0.400781 0.907812 0.571875 0.0725098
0 0.539453 0.402441 0.875781 0.59668 0.82959
1 0.538281 0.396875 0.873438 0.58125 0.162964
