0 0.479297 0.497559 0.741406 0.793945 0.716309
0 0.450391 0.637891 0.733594 0.496094 0.677246
1 0.436816 0.607031 0.685742 0.56875 0.105225
1 0.479297 0.497559 0.741406 0.793945 0.0430298
0 0.416797 0.708203 0.673437 0.350781 0.0215302
1 0.416797 0.708203 0.673437 0.350781 0.00526047
0 0.708594 0.528125 0.28125 0.86875 0.00225258
0 0.771875 0.472559 0.1625 0.262695 0.00217438
0 0.406152 0.776367 0.667383 0.228516 0.00213242
0 0.791406 0.846875 0.365625 0.28125 0.0018177
0 0.702344 0.866406 0.542188 0.2625 0.00170708
0 0.762891 0.431348 0.171094 0.206055 0.00130939
0 0.776563 0.516797 0.153125 0.2875 0.00112915
0 0.759375 0.585156 0.19375 0.714063 0.0011158
0 0.888281 0.390625 0.19375 0.153125 0.00104809
1 0.455078 0.497266 0.755469 0.767969 0.759277
0 0.464746 0.486328 0.742383 0.764844 0.453369
0 0.730859 0.158789 0.538281 0.297656 0.0622253
0 0.162695 0.863672 0.291797 0.272656 0.0392761
0 0.485156 0.141504 0.154687 0.0482422 0.0337219
0 0.145508 0.736328 0.0851562 0.107031 0.0311432
0 0.844531 0.70625 0.310937 0.570312 0.0219879
0 0.266406 0.424316 0.065625 0.112305 0.0190582
0 0.289453 0.739062 0.0730469 0.115625 0.0152512
0 0.489062 0.132227 0.157813 0.0519531 0.0145569
0 0.157031 0.71875 0.0929687 0.1625 0.0145035
0 0.209326 0.697656 0.0961914 0.11875 0.0131226
0 0.914062 0.639453 0.171875 0.721094 0.0112915
0 0.201953 0.723437 0.06875 0.1375 0.0104523
0 0.236133 0.639063 0.151172 0.0453125 0.00926971
0 0.207617 0.689844 0.102734 0.0835937 0.00923157
1 0.162695 0.863672 0.291797 0.272656 0.00874329
0 0.892187 0.686719 0.2125 0.604688 0.00844574
0 0.289258 0.73125 0.0753906 0.165625 0.00766754
0 0.271289 0.758594 0.217578 0.273438 0.00720596
0 0.345898 0.687891 0.0738281 0.0976562 0.00656509
0 0.622656 0.488379 0.426562 0.716992 0.00653839
0 0.904688 0.528906 0.167187 0.498437 0.00609589
0 0.89375 0.450781 0.190625 0.310156 0.005867
0 0.203711 0.726562 0.0804688 0.178125 0.00547028
0 0.236914 0.630859 0.139453 0.0523437 0.00521851
1 0.660547 0.159961 0.678906 0.300391 0.00502014
0 0.517187 0.272461 0.742188 0.270703 0.00498199
0 0.458203 0.133594 0.533594 0.0777344 0.00486755
0 0.230859 0.730859 0.267188 0.316406 0.00455475
0 0.151172 0.798437 0.223438 0.326562 0.00450516
1 0.271289 0.758594 0.217578 0.273438 0.00441742
0 0.621484 0.162988 0.757031 0.31543 0.00438309
0 0.261133 0.858594 0.479297 0.282813 0.00403976
0 0.269922 0.423047 0.0679687 0.153125 0.00376511
1 0.844531 0.70625 0.310937 0.570312 0.00353813
0 0.166211 0.187451 0.305469 0.349316 0.00318527
1 0.166211 0.187451 0.305469 0.349316 0.00302696
1 0.251367 0.720703 0.283203 0.321094 0.00299263
0 0.858594 0.796484 0.278125 0.407031 0.00298119
1 0.458203 0.133594 0.533594 0.0777344 0.00275803
0 0.309375 0.502344 0.0898438 0.0890625 0.00269318
0 0.330859 0.575781 0.101562 0.0609375 0.0026207
0 0.590625 0.164746 0.16875 0.0466797 0.00232315
1 0.914062 0.639453 0.171875 0.721094 0.00224304
0 0.798437 0.489062 0.0734375 0.129688 0.00223351
0 0.260938 0.747656 0.145313 0.271875 0.00219154
0 0.351758 0.754687 0.0738281 0.128125 0.00216484
0 0.526563 0.736719 0.121875 0.09375 0.00198746
0 0.310156 0.772266 0.274219 0.253906 0.00197983
0 0.427441 0.9 0.179492 0.0390625 0.00195694
0 0.648828 0.564062 0.372656 0.617188 0.00194168
0 0.214453 0.705859 0.107422 0.167969 0.00191879
0 0.34707 0.685156 0.0824219 0.125 0.00188923
0 0.42959 0.291406 0.176758 0.0441406 0.00187492
0 0.321875 0.886133 0.573438 0.227734 0.00186729
0 0.200977 0.671094 0.119922 0.06875 0.00181007
0 0.266992 0.582812 0.0730469 0.125 0.0018034
0 0.286328 0.757031 0.0976562 0.104687 0.00179577
0 0.315039 0.491406 0.0917969 0.117188 0.00178909
0 0.88125 0.396484 0.228125 0.179688 0.00176144
0 0.457031 0.142969 0.175 0.0519531 0.00175476
0 0.919531 0.513281 0.154687 0.676562 0.0017271
0 0.227148 0.628906 0.301172 0.528125 0.00170708
0 0.390234 0.833594 0.132031 0.0546875 0.00168705
0 0.824414 0.169434 0.351172 0.319336 0.00157356
1 0.261133 0.858594 0.479297 0.282813 0.00154877
0 0.517969 0.733984 0.135937 0.0726563 0.00151253
0 0.874805 0.360938 0.244141 0.302344 0.00149536
1 0.233398 0.572656 0.298047 0.632812 0.00148964
0 0.195117 0.461719 0.0871094 0.117188 0.00143814
1 0.310156 0.772266 0.274219 0.253906 0.00141048
0 0.582812 0.155762 0.16875 0.0525391 0.00133514
1 0.151172 0.798437 0.223438 0.326562 0.00130463
0 0.280469 0.742578 0.1 0.103906 0.00129986
0 0.796094 0.466016 0.0765625 0.139062 0.00127888
0 0.386328 0.84375 0.138281 0.0453125 0.00126934
0 0.152344 0.530469 0.108594 0.11875 0.00126457
0 0.259375 0.657812 0.130469 0.09375 0.00123978
1 0.892187 0.686719 0.2125 0.604688 0.00116062
0 0.426562 0.892187 0.150781 0.046875 0.00112438
0 0.152832 0.700781 0.0748047 0.223438 0.0011158
0 0.25 0.623047 0.148438 0.0554687 0.00110722
0 0.8 0.513281 0.0734375 0.129688 0.00108147
0 0.276563 0.408691 0.0851562 0.149805 0.00107765
0 0.428223 0.303125 0.185742 0.0484375 0.00103188
0 0.279687 0.671484 0.101172 0.119531 0.00102425
1 0.648828 0.564062 0.372656 0.617188 0.00102043
1 0.517187 0.272461 0.742188 0.270703 0.00102043
1 0.45791 0.497656 0.75918 0.775 0.882324
0 0.454297 0.50791 0.757031 0.756055 0.0068512
0 0.891406 0.00454102 0.217187 0.00908203 0.00199509
0 0.149414 0.00510254 0.298828 0.0102051 0.00152493
0 0.836523 0.00480957 0.326953 0.00961914 0.00112057
0 0.42041 0.00513916 0.485742 0.0102783 0.00106525
1 0.459766 0.488379 0.761719 0.770117 0.905273
0 0.459766 0.488379 0.761719 0.770117 0.00561905
1 0.461816 0.496484 0.745117 0.767969 0.787109
0 0.471875 0.500879 0.729688 0.779492 0.0640869
1 0.707031 0.506152 0.273438 0.725195 0.00524139
0 0.707031 0.506152 0.273438 0.725195 0.00385475
0 0.323047 0.447559 0.1 0.189258 0.00143242
1 0.460156 0.501562 0.759375 0.785937 0.929199
0 0.470313 0.497266 0.759375 0.771094 0.016098
1 0.463281 0.519141 0.751562 0.824219 0.886719
0 0.468652 0.527734 0.764258 0.839844 0.0834351
1 0.459375 0.498828 0.75 0.783594 0.889648
0 0.453125 0.49834 0.753125 0.786133 0.0170441
1 0.462891 0.498437 0.730469 0.782812 0.888184
0 0.467578 0.505859 0.725781 0.797656 0.0467224
1 0.465527 0.499219 0.74707 0.776563 0.856445
0 0.471777 0.497656 0.743945 0.773438 0.028595
1 0.462891 0.49834 0.730469 0.783008 0.888672
0 0.467187 0.505859 0.725 0.797656 0.0464783
