0 0.614746 0.823438 0.576758 0.334375 0.894043
0 0.213477 0.769531 0.408984 0.445312 0.84375
0 0.24043 0.397656 0.392578 0.365625 0.745605
0 0.734766 0.82793 0.452344 0.341016 0.535156
0 0.614844 0.490234 0.45625 0.438281 0.387695
0 0.910937 0.655469 0.178125 0.689062 0.374756
0 0.920313 0.203857 0.159375 0.371191 0.299805
0 0.656641 0.15957 0.411719 0.293359 0.107788
1 0.614844 0.490234 0.45625 0.438281 0.074646
1 0.9125 0.651172 0.175 0.697656 0.0685425
0 0.104102 0.664062 0.208203 0.210156 0.0577087
1 0.920313 0.203857 0.159375 0.371191 0.0409241
0 0.510938 0.604688 0.248437 0.246875 0.0402527
0 0.521875 0.185156 0.132812 0.246484 0.0393372
0 0.507031 0.554297 0.246875 0.352344 0.0332642
1 0.614746 0.823438 0.576758 0.334375 0.0303345
0 0.657812 0.503125 0.317187 0.391406 0.0300446
1 0.206445 0.771484 0.405078 0.442969 0.0283356
0 0.944531 0.430371 0.110937 0.231445 0.0252686
1 0.235498 0.392188 0.372754 0.366406 0.0244751
0 0.928125 0.617188 0.14375 0.690625 0.016983
1 0.656641 0.15957 0.411719 0.293359 0.0156708
0 0.932813 0.130176 0.134375 0.232617 0.0153046
0 0.0763672 0.25332 0.138281 0.467578 0.0152512
0 0.199414 0.828125 0.391797 0.325 0.0125275
1 0.521875 0.185156 0.132812 0.246484 0.0101318
0 0.929688 0.436035 0.140625 0.254492 0.0101318
0 0.667969 0.417578 0.185156 0.225 0.00937653
0 0.293164 0.12793 0.226172 0.191016 0.00891876
0 0.329297 0.127734 0.338281 0.211719 0.00888062
0 0.789062 0.3375 0.182812 0.203906 0.0086441
0 0.917188 0.257227 0.165625 0.255078 0.00854492
0 0.789844 0.113965 0.190625 0.19082 0.00815582
0 0.608594 0.764453 0.210938 0.202344 0.0078125
0 0.726562 0.146289 0.33125 0.272656 0.00751877
0 0.244482 0.269141 0.161816 0.108594 0.00734711
0 0.94375 0.907812 0.1125 0.179688 0.00717545
0 0.238086 0.626953 0.251563 0.157031 0.00695801
0 0.910156 0.541016 0.179688 0.454688 0.00695801
0 0.154687 0.444629 0.216016 0.251367 0.00674438
0 0.255078 0.130957 0.449219 0.21582 0.0064888
0 0.192578 0.448047 0.272266 0.264844 0.00641251
0 0.936719 0.860156 0.126563 0.270312 0.00624084
0 0.922656 0.151953 0.154687 0.285156 0.00621796
0 0.789844 0.0857178 0.190625 0.129346 0.00600433
0 0.915625 0.185352 0.14375 0.370703 0.00600433
0 0.955859 0.942187 0.0882813 0.10625 0.00568771
0 0.378906 0.298047 0.210938 0.123828 0.00559998
0 0.0311401 0.590234 0.0588135 0.090625 0.0055542
0 0.935156 0.80332 0.129688 0.374609 0.00502014
0 0.297656 0.141699 0.2375 0.129102 0.00494385
0 0.220898 0.278125 0.216406 0.128906 0.00432968
0 0.910156 0.639844 0.179688 0.425 0.00421524
1 0.917188 0.257227 0.165625 0.255078 0.00397491
0 0.0288574 0.592578 0.0577148 0.08125 0.00380898
1 0.0763672 0.25332 0.138281 0.467578 0.00365067
1 0.94375 0.907812 0.1125 0.179688 0.00362206
1 0.720312 0.828516 0.435937 0.342969 0.00362206
1 0.936719 0.860156 0.126563 0.270312 0.00353813
0 0.647656 0.761328 0.241406 0.196094 0.00340271
0 0.758203 0.324609 0.203906 0.171094 0.00337601
0 0.484375 0.572656 0.19375 0.307813 0.00335121
0 0.921875 0.499316 0.15625 0.368555 0.00328636
0 0.549219 0.17207 0.2 0.237109 0.00317192
1 0.935938 0.436035 0.128125 0.256055 0.00288963
0 0.0908203 0.232031 0.181641 0.278125 0.00284576
1 0.955859 0.942187 0.0882813 0.10625 0.00282288
0 0.421484 0.0949219 0.164062 0.158984 0.00265312
0 0.224414 0.575781 0.291797 0.05 0.00255013
0 0.95 0.0664185 0.1 0.0937256 0.002388
0 0.375879 0.277344 0.213867 0.1 0.00234222
0 0.724219 0.746875 0.24375 0.167187 0.00232315
0 0.607031 0.167285 0.309375 0.266992 0.00229645
1 0.510938 0.604688 0.248437 0.246875 0.00220871
1 0.104102 0.664062 0.208203 0.210156 0.00219917
1 0.789062 0.3375 0.182812 0.203906 0.00216484
1 0.507031 0.554297 0.246875 0.352344 0.00209999
0 0.310352 0.640625 0.198047 0.178125 0.00202751
0 0.257422 0.141992 0.144531 0.191016 0.00196457
1 0.932813 0.130176 0.134375 0.232617 0.00192642
1 0.935156 0.80332 0.129688 0.374609 0.00191212
0 0.422754 0.0678711 0.16543 0.113867 0.00188255
0 0.218164 0.786719 0.207031 0.210938 0.00188255
0 0.290234 0.623438 0.210156 0.15 0.00185299
0 0.532031 0.502344 0.292188 0.467969 0.00179577
0 0.0871094 0.685547 0.164062 0.241406 0.00177479
0 0.789062 0.391797 0.189063 0.127344 0.0016489
0 0.633984 0.692969 0.274219 0.0515625 0.00164223
1 0.657812 0.503125 0.317187 0.391406 0.0015974
0 0.662891 0.458203 0.428906 0.561719 0.00143242
1 0.915625 0.185352 0.14375 0.370703 0.00139427
1 0.789844 0.113965 0.190625 0.19082 0.00138855
0 0.794531 0.3875 0.175 0.183594 0.00136662
1 0.927344 0.596094 0.145313 0.673437 0.00133514
0 0.268359 0.65 0.230469 0.196875 0.00126934
0 0.433691 0.909375 0.223242 0.175 0.00125504
1 0.329297 0.127734 0.338281 0.211719 0.0012207
0 0.80918 0.853125 0.178516 0.2375 0.0012064
0 0.243701 0.75 0.307129 0.4125 0.0011425
0 0.804688 0.0641602 0.159375 0.101953 0.00112438
0 0.760938 0.762109 0.2 0.191406 0.00111198
0 0.133594 0.763281 0.255469 0.439063 0.00108624
1 0.297656 0.131616 0.226562 0.168408 0.00106907
1 0.909766 0.561621 0.180469 0.436133 0.00106525
0 0.491406 0.512891 0.190625 0.496094 0.00106525
0 0.245703 0.350781 0.450781 0.465625 0.00105667
0 0.0992432 0.287109 0.193701 0.534375 0.00104046
1 0.0288574 0.592578 0.0577148 0.08125 0.00104046
1 0.0870117 0.264258 0.174023 0.322266 0.00103664
1 0.0311401 0.590234 0.0588135 0.090625 0.00101662
0 0.773438 0.140234 0.209375 0.217187 0.00101185
0 0.617188 0.83457 0.58125 0.330859 0.819336
0 0.347656 0.107813 0.314063 0.213672 0.799316
0 0.921094 0.241992 0.157813 0.276953 0.786621
0 0.260352 0.388965 0.417578 0.342383 0.762207
0 0.0959961 0.173242 0.191992 0.302344 0.728027
0 0.221094 0.776563 0.426562 0.440625 0.716797
0 0.286133 0.721875 0.280078 0.334375 0.562012
0 0.679688 0.131152 0.409375 0.25957 0.553711
1 0.631641 0.467871 0.500781 0.426758 0.481445
0 0.914844 0.656641 0.170312 0.667969 0.469727
0 0.094043 0.224805 0.188086 0.219922 0.458984
1 0.517187 0.510547 0.257031 0.408594 0.427246
0 0.189453 0.855078 0.375781 0.289844 0.380371
1 0.674219 0.13291 0.41875 0.256055 0.33374
1 0.720312 0.444141 0.3375 0.371875 0.262939
0 0.648828 0.470703 0.471094 0.430469 0.240723
0 0.21582 0.416016 0.331641 0.292969 0.204956
0 0.51875 0.514063 0.2625 0.4 0.200562
0 0.714844 0.475781 0.31875 0.425781 0.179565
1 0.916406 0.631934 0.167187 0.579883 0.177856
1 0.355078 0.108008 0.332812 0.215625 0.120422
1 0.617969 0.83125 0.578125 0.328125 0.10614
0 0.746875 0.842188 0.328125 0.315625 0.0999756
1 0.75 0.476172 0.259375 0.436719 0.0943604
1 0.265625 0.386816 0.442969 0.357617 0.0802002
0 0.753125 0.496094 0.20625 0.426562 0.0643921
0 0.0693359 0.653906 0.12168 0.14375 0.0611877
0 0.555469 0.32168 0.090625 0.106641 0.0562439
0 0.547656 0.332227 0.115625 0.0851562 0.0462036
1 0.921094 0.219141 0.157813 0.329688 0.0394897
0 0.0941406 0.271533 0.188281 0.333496 0.0382385
0 0.0696289 0.659766 0.130664 0.0992187 0.0374756
0 0.539844 0.203174 0.152344 0.210059 0.0372009
0 0.067334 0.642187 0.121191 0.071875 0.0370483
1 0.217187 0.776758 0.423438 0.437109 0.0361633
0 0.603906 0.164355 0.289062 0.254102 0.0280609
1 0.0689941 0.646875 0.125293 0.142188 0.026413
0 0.0708008 0.642187 0.125195 0.0984375 0.0263062
0 0.546484 0.352734 0.114063 0.155469 0.0254669
0 0.556348 0.868164 0.468555 0.263672 0.0254211
0 0.764063 0.443066 0.245312 0.363867 0.0250854
1 0.286133 0.721875 0.280078 0.334375 0.0224609
0 0.741406 0.131543 0.2875 0.251758 0.0214081
0 0.835938 0.401953 0.10625 0.0992187 0.0207977
1 0.0696289 0.659766 0.130664 0.0992187 0.0201721
0 0.595312 0.632812 0.10625 0.084375 0.0201721
0 0.0912109 0.252344 0.182422 0.267188 0.0196838
1 0.114648 0.155664 0.217578 0.311328 0.0194244
0 0.792188 0.878906 0.239063 0.242188 0.0192413
0 0.34375 0.520312 0.121875 0.0890625 0.0162811
1 0.0961914 0.232764 0.192383 0.240723 0.0151291
0 0.0798828 0.694922 0.12207 0.0734375 0.0149002
1 0.173145 0.855469 0.333789 0.289062 0.0141144
0 0.296094 0.590625 0.154687 0.0484375 0.0140076
1 0.0708008 0.642187 0.125195 0.0984375 0.0139542
1 0.748438 0.414062 0.279687 0.321875 0.0139542
0 0.0686035 0.63125 0.115137 0.0625 0.0132751
0 0.86875 0.95625 0.1 0.0875 0.0125275
0 0.564062 0.304688 0.08125 0.164062 0.012291
0 0.0886963 0.201758 0.172217 0.1625 0.011734
0 0.077832 0.647656 0.0958984 0.114063 0.011116
1 0.675781 0.191211 0.423438 0.370703 0.0110321
0 0.870313 0.941797 0.0875 0.116406 0.0109024
1 0.546484 0.352734 0.114063 0.155469 0.0106964
0 0.769531 0.300781 0.14375 0.071875 0.00933838
0 0.675781 0.191211 0.423438 0.370703 0.00908661
0 0.307031 0.618359 0.146875 0.0851562 0.00905609
1 0.0890869 0.205469 0.175732 0.170312 0.00905609
0 0.638672 0.632812 0.0804688 0.0773437 0.00888062
0 0.322656 0.629297 0.128125 0.119531 0.00861359
0 0.784375 0.319531 0.135937 0.103125 0.00847626
0 0.624219 0.632812 0.115625 0.0765625 0.00793457
0 0.540625 0.346094 0.128125 0.11875 0.0078125
0 0.444531 0.324219 0.084375 0.110937 0.00766754
0 0.811719 0.34375 0.103125 0.120312 0.00754929
0 0.842188 0.409766 0.084375 0.117969 0.00737381
0 0.608594 0.617188 0.104687 0.14375 0.00701141
0 0.918359 0.198047 0.163281 0.385156 0.00698471
0 0.539453 0.346875 0.125 0.071875 0.00698471
0 0.947656 0.139453 0.104687 0.08125 0.0069313
0 0.0678711 0.642187 0.130273 0.0515625 0.00664139
0 0.569531 0.565234 0.0890625 0.0953125 0.00653839
0 0.825781 0.390234 0.126563 0.0976562 0.00651169
0 0.823633 0.36875 0.121484 0.132031 0.00651169
0 0.425684 0.291797 0.111133 0.123438 0.0064621
0 0.791406 0.0996094 0.196875 0.199219 0.00638962
0 0.117383 0.0873047 0.230859 0.174609 0.00631332
0 0.828125 0.0581055 0.101562 0.116211 0.00591278
0 0.0833984 0.677734 0.0972656 0.107031 0.00588989
0 0.614062 0.623828 0.101562 0.0960938 0.00582123
1 0.603906 0.164355 0.289062 0.254102 0.00579834
0 0.287891 0.580078 0.150781 0.0523437 0.00568771
0 0.439844 0.311523 0.1 0.138672 0.00564194
1 0.34375 0.520312 0.121875 0.0890625 0.00559998
0 0.638672 0.608984 0.0804688 0.164844 0.0055542
0 0.0322754 0.602344 0.0645508 0.10625 0.00551224
0 0.777344 0.510156 0.204688 0.2125 0.00540543
0 0.0277832 0.635547 0.0555664 0.173438 0.00540543
0 0.753125 0.549902 0.178125 0.36582 0.00521851
0 0.626562 0.646875 0.123438 0.0515625 0.00516129
0 0.941406 0.877344 0.117188 0.234375 0.00516129
0 0.387109 0.726562 0.0867188 0.139062 0.00511932
0 0.0878906 0.65625 0.0792969 0.121875 0.00503922
0 0.499219 0.554297 0.226562 0.360156 0.00481033
0 0.409766 0.282227 0.1375 0.0917969 0.00460815
1 0.746875 0.842188 0.328125 0.315625 0.00445175
0 0.0747559 0.705469 0.137012 0.06875 0.00432968
0 0.703125 0.291797 0.164062 0.0523437 0.00429916
0 0.926562 0.796289 0.146875 0.407422 0.0041008
0 0.576563 0.186768 0.23125 0.292871 0.0041008
0 0.0686523 0.684375 0.137305 0.0640625 0.00407028
0 0.0929932 0.661719 0.147217 0.2 0.00402451
0 0.339063 0.627344 0.0945313 0.134375 0.00399017
0 0.79707 0.325781 0.118359 0.127344 0.00390053
0 0.669922 0.497656 0.138281 0.142188 0.00379562
0 0.158887 0.646484 0.100586 0.153125 0.0036068
1 0.540625 0.346094 0.128125 0.11875 0.00351143
0 0.860156 0.901563 0.084375 0.142188 0.00345612
0 0.686719 0.692969 0.171875 0.0523437 0.00342941
0 0.640625 0.617188 0.0710938 0.129688 0.00340271
0 0.062793 0.754297 0.125586 0.0820312 0.00329781
0 0.394629 0.748438 0.0826172 0.128125 0.00322342
0 0.377734 0.701953 0.096875 0.146094 0.00322342
0 0.953906 0.939844 0.0921875 0.117188 0.00319672
0 0.222217 0.264062 0.231348 0.1125 0.00319672
0 0.835938 0.839844 0.09375 0.148438 0.00313568
0 0.836719 0.0714844 0.0921875 0.137109 0.00312424
1 0.539844 0.203174 0.152344 0.210059 0.00312424
0 0.825 0.152441 0.128125 0.295508 0.00311089
0 0.848437 0.00400391 0.203125 0.00800781 0.00305176
0 0.0612305 0.732031 0.122461 0.0578125 0.00302696
0 0.596875 0.653125 0.135937 0.0492188 0.0029583
0 0.0205811 0.617969 0.0411621 0.139062 0.0029583
0 0.520703 0.376172 0.171875 0.177344 0.0029583
1 0.0277832 0.635547 0.0555664 0.173438 0.00294685
0 0.0365723 0.429297 0.0731445 0.174219 0.00291252
0 0.876562 0.925 0.08125 0.15 0.00279999
1 0.753516 0.514941 0.182031 0.341992 0.00279045
0 0.0705078 0.659375 0.130469 0.059375 0.00279045
0 0.348828 0.519922 0.0945313 0.101562 0.00273705
0 0.79707 0.367578 0.190234 0.210156 0.0027256
0 0.452344 0.851367 0.75 0.297266 0.00271416
0 0.316797 0.809375 0.600781 0.38125 0.00269318
0 0.0436035 0.632812 0.0807617 0.11875 0.0026722
1 0.741406 0.131543 0.2875 0.251758 0.00266266
0 0.958594 0.143164 0.0828125 0.103125 0.00261116
0 0.280859 0.594531 0.166797 0.0578125 0.00258064
0 0.850781 0.876562 0.09375 0.14375 0.00256157
0 0.128613 0.645312 0.202539 0.1375 0.00255013
0 0.904688 0.0414551 0.140625 0.0569336 0.00255013
0 0.739844 0.717969 0.15625 0.0546875 0.00253105
1 0.21582 0.416016 0.331641 0.292969 0.00247192
0 0.439453 0.283594 0.078125 0.139844 0.0024147
0 0.820312 0.339063 0.0828125 0.153125 0.00239754
0 0.548828 0.172363 0.171094 0.246289 0.00234222
0 0.946484 0.118359 0.107031 0.0621094 0.00232315
0 0.830469 0.920313 0.167187 0.15 0.00228691
1 0.0436035 0.632812 0.0807617 0.11875 0.00228691
1 0.663281 0.503906 0.123438 0.121875 0.00226021
0 0.831055 0.497266 0.112891 0.466406 0.00226021
0 0.676562 0.685547 0.176563 0.0539063 0.00225258
0 0.825 0.817383 0.0953125 0.146484 0.00223351
1 0.520703 0.376172 0.171875 0.177344 0.00219917
0 0.639063 0.389062 0.1375 0.08125 0.00216484
1 0.222217 0.264062 0.231348 0.1125 0.00215721
0 0.70625 0.308203 0.151562 0.0601562 0.00211525
1 0.158887 0.646484 0.100586 0.153125 0.00208282
0 0.592969 0.627734 0.0953125 0.114844 0.00204277
0 0.338867 0.634375 0.116797 0.165625 0.00200272
0 0.398438 0.253516 0.152344 0.0507812 0.00200272
1 0.614062 0.623828 0.101562 0.0960938 0.0019722
0 0.466309 0.866992 0.286133 0.266016 0.00196457
0 0.3625 0.663281 0.0976562 0.157813 0.00196457
0 0.608984 0.605469 0.1 0.2 0.00194931
0 0.93125 0.866797 0.1375 0.266406 0.00193405
0 0.762109 0.461328 0.107031 0.100781 0.00192642
0 0.0519531 0.669531 0.0982422 0.084375 0.00192642
0 0.436719 0.33125 0.110937 0.0898438 0.00189686
1 0.777344 0.510156 0.204688 0.2125 0.00187492
0 0.796875 0.423438 0.190625 0.170312 0.00186729
0 0.95 0.0556641 0.1 0.0798828 0.00185299
1 0.637109 0.621875 0.0789063 0.096875 0.00181007
0 0.694531 0.704687 0.171875 0.053125 0.00181007
0 0.175195 0.0486328 0.126953 0.0804688 0.0017271
1 0.576563 0.186768 0.23125 0.292871 0.00165462
1 0.128613 0.645312 0.202539 0.1375 0.00161648
0 0.660156 0.671094 0.1875 0.053125 0.0015974
0 0.833594 0.35625 0.0859375 0.174219 0.00157928
0 0.8875 0.9625 0.0984375 0.075 0.00157356
0 0.946875 0.0675781 0.10625 0.0529297 0.00156116
0 0.725781 0.702344 0.15 0.0476562 0.00154877
1 0.0205811 0.617969 0.0411621 0.139062 0.00154877
0 0.921875 0.982031 0.14375 0.0359375 0.00153637
0 0.0330566 0.621094 0.0606445 0.132812 0.00153637
0 0.0538086 0.170508 0.102734 0.0910156 0.00151253
0 0.324805 0.516406 0.112109 0.090625 0.00150681
0 0.37207 0.676562 0.0847656 0.15625 0.00150108
0 0.395703 0.305859 0.194531 0.182031 0.00149536
1 0.0519531 0.669531 0.0982422 0.084375 0.00148964
0 0.889844 0.00429688 0.220313 0.00859375 0.00148964
0 0.285547 0.264062 0.388281 0.120312 0.00148392
0 0.351562 0.647266 0.109375 0.172656 0.00145531
0 0.473437 0.0458496 0.1375 0.068457 0.00144386
0 0.582031 0.0311523 0.142188 0.0486328 0.00143814
1 0.556348 0.868164 0.468555 0.263672 0.00142097
0 0.714844 0.525781 0.0796875 0.11875 0.00139904
1 0.285547 0.264062 0.388281 0.120312 0.00137806
1 0.670703 0.495313 0.142969 0.176563 0.00137234
0 0.535156 0.357422 0.132812 0.0632813 0.00136662
0 0.429297 0.296875 0.115625 0.177344 0.00134563
0 0.182227 0.642187 0.150781 0.151562 0.00134563
0 0.775 0.280469 0.139062 0.0695312 0.00134087
0 0.752734 0.742578 0.144531 0.0851562 0.00133038
0 0.564844 0.554297 0.102344 0.0929687 0.00131989
0 0.814844 0.317969 0.0765625 0.148438 0.00130463
0 0.669531 0.400391 0.195312 0.182031 0.00129414
0 0.571875 0.536719 0.0828125 0.128125 0.00129414
0 0.663281 0.358984 0.139062 0.0664062 0.00129414
0 0.942969 0.0763672 0.114063 0.152734 0.00125504
1 0.848437 0.00400391 0.203125 0.00800781 0.0012207
0 0.650781 0.503125 0.107813 0.109375 0.00119686
0 0.0908203 0.663281 0.0800781 0.179688 0.00117874
0 0.0620117 0.00415039 0.124023 0.00830078 0.0011692
0 0.328125 0.598437 0.120312 0.090625 0.00116539
0 0.0410645 0.374219 0.0821289 0.202344 0.00116062
0 0.567187 0.458594 0.134375 0.096875 0.00115108
1 0.0330566 0.621094 0.0606445 0.132812 0.00114727
1 0.182227 0.642187 0.150781 0.151562 0.00114727
1 0.0365723 0.429297 0.0731445 0.174219 0.0011425
0 0.204688 0.696875 0.395312 0.273438 0.00112438
0 0.330664 0.164648 0.302734 0.329297 0.0011158
0 0.728516 0.580859 0.103906 0.11875 0.00111198
0 0.0365723 0.00466309 0.0731445 0.00932617 0.00110722
0 0.649219 0.367188 0.135156 0.06875 0.00110722
0 0.86875 0.966406 0.109375 0.0671875 0.00109863
0 0.249219 0.260547 0.135156 0.105469 0.00109482
0 0.954687 0.9125 0.090625 0.1625 0.00109005
0 0.065332 0.722656 0.130664 0.05625 0.00107765
0 0.387109 0.757031 0.110156 0.101562 0.00107288
0 0.654297 0.625 0.0507812 0.090625 0.00106525
0 0.0984375 0.664062 0.0882813 0.120312 0.00105667
0 0.575 0.320898 0.0578125 0.110547 0.00103664
0 0.10498 0.133105 0.209961 0.266211 0.00102425
0 0.336328 0.510547 0.148438 0.125781 0.00102043
1 0.942969 0.0763672 0.114063 0.152734 0.00102043
0 0.0698242 0.670313 0.139648 0.05625 0.00101662
0 0.636328 0.83125 0.525781 0.3375 0.563965
0 0.217578 0.778516 0.422656 0.442969 0.484375
0 0.922266 0.233936 0.155469 0.293848 0.414795
1 0.617188 0.833203 0.590625 0.333594 0.365723
0 0.727734 0.488965 0.297656 0.462695 0.251709
1 0.729297 0.493848 0.291406 0.476367 0.209473
0 0.9125 0.656738 0.175 0.686523 0.208862
0 0.551953 0.161133 0.189844 0.305859 0.19873
0 0.732422 0.140625 0.305469 0.267188 0.180664
0 0.259375 0.38916 0.401563 0.366992 0.158691
0 0.326758 0.114355 0.266797 0.212305 0.113953
1 0.922266 0.233936 0.155469 0.293848 0.0745239
1 0.215039 0.776172 0.424609 0.447656 0.0715942
1 0.9125 0.656738 0.175 0.686523 0.0637207
1 0.551953 0.161133 0.189844 0.305859 0.0399475
1 0.732422 0.140625 0.305469 0.267188 0.0397949
0 0.676172 0.15625 0.433594 0.302344 0.0332642
1 0.273828 0.388379 0.422656 0.366992 0.0316162
0 0.521875 0.527734 0.257812 0.391406 0.0189362
0 0.563281 0.5 0.3375 0.454688 0.0146179
1 0.325 0.116406 0.2625 0.212109 0.0140076
0 0.619531 0.490625 0.473437 0.476562 0.0126724
0 0.191748 0.391309 0.27041 0.364258 0.01017
0 0.256445 0.691406 0.326172 0.270312 0.00908661
1 0.639063 0.495313 0.478125 0.473437 0.00793457
0 0.734375 0.425 0.2875 0.339063 0.00775528
1 0.676172 0.15625 0.433594 0.302344 0.00709534
1 0.521875 0.527734 0.257812 0.391406 0.00638962
0 0.367578 0.349609 0.213281 0.232031 0.00519943
1 0.563281 0.5 0.3375 0.454688 0.00508118
0 0.460059 0.475391 0.773633 0.517969 0.00492477
0 0.0707031 0.664844 0.138281 0.170312 0.00390053
0 0.932813 0.607129 0.134375 0.570117 0.00362206
0 0.0984375 0.660156 0.195312 0.167187 0.00362206
0 0.541016 0.329297 0.153906 0.117188 0.00355148
0 0.225 0.261719 0.184375 0.118359 0.00342941
0 0.161523 0.650781 0.107813 0.167187 0.00322342
1 0.206592 0.388184 0.296973 0.367383 0.00317192
0 0.273047 0.115137 0.167969 0.213867 0.00296974
1 0.728516 0.401563 0.296094 0.289062 0.00252151
0 0.357812 0.129395 0.369531 0.248242 0.00198746
0 0.741797 0.379297 0.264844 0.2625 0.00183105
1 0.367578 0.349609 0.213281 0.232031 0.00171375
0 0.407813 0.3875 0.689062 0.353906 0.00157356
1 0.541016 0.329297 0.153906 0.117188 0.00154305
0 0.427734 0.907812 0.220313 0.184375 0.00152493
1 0.162891 0.644141 0.116406 0.178125 0.00146675
0 0.960156 0.994531 0.0796875 0.0109375 0.00143814
0 0.992188 0.378809 0.015625 0.0830078 0.00140476
0 0.426172 0.122949 0.507812 0.245898 0.00137234
1 0.537891 0.48125 0.664844 0.509375 0.00136662
1 0.225 0.261719 0.184375 0.118359 0.00134087
0 0.540625 0.183008 0.165625 0.239844 0.00131512
0 0.596484 0.161328 0.466406 0.322656 0.00129414
0 0.144922 0.459766 0.186719 0.233594 0.00124931
1 0.0707031 0.664844 0.138281 0.170312 0.00122547
1 0.0984375 0.660156 0.195312 0.167187 0.00111198
1 0.252344 0.684375 0.334375 0.264062 0.00110722
0 0.301953 0.35 0.43125 0.289062 0.00106049
0 0.446484 0.930469 0.253906 0.139062 0.00105667
0 0.734375 0.524609 0.225 0.477344 0.00100422
0 0.621484 0.832031 0.539844 0.332812 0.76123
0 0.202539 0.780664 0.405078 0.438672 0.732422
0 0.658984 0.130078 0.428906 0.255078 0.705078
0 0.258203 0.386719 0.417188 0.35625 0.695801
0 0.345117 0.10752 0.286328 0.213867 0.615234
0 0.923437 0.222461 0.153125 0.301172 0.611328
0 0.913281 0.652246 0.173438 0.68457 0.396973
0 0.636719 0.47041 0.460938 0.432617 0.393311
0 0.110449 0.133398 0.214648 0.260547 0.331055
1 0.628906 0.468652 0.475 0.431445 0.246582
0 0.101562 0.174414 0.203125 0.346484 0.11554
1 0.914062 0.649902 0.16875 0.69707 0.0483093
0 0.781055 0.116797 0.187891 0.232422 0.0454407
1 0.659375 0.14668 0.40625 0.28125 0.0371094
0 0.492969 0.562109 0.196875 0.330469 0.0334778
1 0.612109 0.83418 0.583594 0.331641 0.0315552
1 0.247266 0.38584 0.407813 0.356445 0.0234222
0 0.756641 0.49375 0.199219 0.389062 0.0154877
1 0.923437 0.201611 0.14375 0.339746 0.0125275
1 0.208203 0.77793 0.416406 0.441016 0.0115967
0 0.222461 0.640625 0.398828 0.4125 0.0114212
0 0.752344 0.422266 0.245312 0.330469 0.0104904
0 0.0732422 0.684375 0.146484 0.210938 0.00963593
1 0.34668 0.109375 0.292578 0.218359 0.00878143
1 0.110449 0.133398 0.214648 0.260547 0.00679779
0 0.344531 0.31875 0.275 0.214062 0.00595856
0 0.548437 0.158594 0.189063 0.292188 0.00582123
0 0.927344 0.16582 0.145313 0.322266 0.00575256
0 0.84082 0.988281 0.162109 0.0234375 0.0053215
1 0.492969 0.562109 0.196875 0.330469 0.00494385
0 0.585156 0.605469 0.146875 0.126563 0.00446701
0 0.703906 0.467578 0.345313 0.421094 0.00428009
1 0.101562 0.174414 0.203125 0.346484 0.00411606
0 0.434473 0.919531 0.23418 0.15625 0.00363541
0 0.532031 0.179688 0.1375 0.250391 0.00353813
0 0.571094 0.591406 0.176563 0.15625 0.00349617
0 0.389453 0.107617 0.23125 0.215234 0.00345612
1 0.0732422 0.684375 0.146484 0.210938 0.00344276
0 0.925 0.0750488 0.146875 0.150098 0.0027256
0 0.935938 0.817969 0.115625 0.342187 0.00252151
0 0.0733398 0.726562 0.14668 0.298438 0.00234222
0 0.0411133 0.421777 0.0822266 0.22832 0.00230598
0 0.221484 0.635547 0.400781 0.627344 0.00222588
1 0.752344 0.422266 0.245312 0.330469 0.00216484
0 0.544531 0.590625 0.195312 0.183594 0.00206757
1 0.559766 0.592969 0.191406 0.169531 0.00194931
0 0.532031 0.530859 0.271875 0.380469 0.00191879
0 0.946094 0.903906 0.101562 0.192188 0.00186062
1 0.781055 0.116797 0.187891 0.232422 0.0017271
1 0.756641 0.49375 0.199219 0.389062 0.00172043
0 0.764844 0.385547 0.21875 0.263281 0.0016613
0 0.0466797 0.372852 0.0933594 0.299609 0.00163555
0 0.0533203 0.380371 0.106641 0.229883 0.00159168
0 0.840625 0.974219 0.157813 0.0515625 0.00157356
0 0.920313 0.682031 0.146875 0.428125 0.00149536
1 0.920313 0.682031 0.146875 0.428125 0.0014782
1 0.532031 0.179688 0.1375 0.250391 0.00146103
0 0.251758 0.990234 0.168359 0.0195312 0.00144386
0 0.0391602 0.46416 0.0783203 0.210742 0.0014267
1 0.946094 0.903906 0.101562 0.192188 0.00137806
0 0.555078 0.524316 0.391406 0.399805 0.00136662
0 0.273828 0.331445 0.409375 0.240234 0.00132465
0 0.916406 0.268555 0.154687 0.213672 0.0012598
1 0.919531 0.250781 0.154687 0.257812 0.00124931
0 0.798633 0.0957275 0.171484 0.186279 0.00117397
1 0.0439941 0.398535 0.0879883 0.249805 0.00116539
1 0.0733398 0.726562 0.14668 0.298438 0.00106049
1 0.935938 0.842188 0.115625 0.309375 0.00104046
0 0.0599121 0.32168 0.119824 0.319141 0.00103664
0 0.754297 0.607031 0.180469 0.178125 0.00103188
1 0.0533203 0.380371 0.106641 0.229883 0.00102425
0 0.213477 0.778516 0.426953 0.442969 0.811035
0 0.618652 0.833008 0.593945 0.327734 0.794922
0 0.268359 0.387109 0.425 0.360938 0.789062
0 0.921094 0.235742 0.151562 0.277734 0.621582
0 0.917969 0.650879 0.164062 0.61543 0.36377
0 0.725781 0.133984 0.298438 0.254687 0.313232
1 0.632422 0.474121 0.482031 0.448633 0.2323
0 0.35293 0.116699 0.290234 0.219336 0.211426
0 0.10332 0.159766 0.190234 0.303906 0.204956
0 0.669141 0.473828 0.407031 0.449219 0.202393
0 0.669922 0.140625 0.417969 0.263281 0.171021
0 0.544922 0.171875 0.170312 0.271094 0.126343
1 0.637109 0.832031 0.613281 0.334375 0.108398
1 0.917969 0.650879 0.164062 0.61543 0.0935059
0 0.597656 0.164453 0.275 0.28125 0.0678101
1 0.270703 0.388379 0.414062 0.362305 0.0648804
1 0.213672 0.776758 0.424219 0.443359 0.0534973
1 0.725781 0.133984 0.298438 0.254687 0.0493164
1 0.671875 0.156836 0.421875 0.284766 0.039856
1 0.921094 0.235742 0.151562 0.277734 0.0324097
0 0.746875 0.466016 0.253125 0.405469 0.0212402
1 0.544922 0.171875 0.170312 0.271094 0.0209198
0 0.928125 0.206445 0.1375 0.371484 0.0204926
1 0.597656 0.164453 0.275 0.28125 0.0200958
0 0.505469 0.508203 0.225 0.435937 0.014389
1 0.711328 0.450098 0.330469 0.401367 0.0139008
1 0.10332 0.159766 0.190234 0.303906 0.0133286
0 0.575391 0.489453 0.355469 0.464844 0.0077858
1 0.35293 0.116699 0.290234 0.219336 0.00641251
1 0.575391 0.489453 0.355469 0.464844 0.00553513
0 0.0700684 0.6625 0.125684 0.140625 0.00399017
1 0.751953 0.435156 0.252344 0.353125 0.00387001
0 0.306982 0.15752 0.371973 0.313867 0.00355148
0 0.107324 0.656641 0.20293 0.153125 0.00337601
1 0.505469 0.508203 0.225 0.435937 0.00311089
0 0.0337402 0.465527 0.065332 0.467383 0.00292397
0 0.920313 0.532031 0.15 0.370313 0.00236893
0 0.784375 0.402246 0.192188 0.261133 0.00231361
0 0.481641 0.552344 0.180469 0.35625 0.00211525
0 0.530469 0.194141 0.133594 0.2125 0.00191212
1 0.746484 0.512109 0.230469 0.363281 0.00156689
1 0.0337402 0.465527 0.065332 0.467383 0.00155449
0 0.510156 0.173438 0.1 0.260938 0.00153637
1 0.928125 0.206445 0.1375 0.371484 0.00142097
0 0.0957031 0.253516 0.182422 0.478906 0.00141621
1 0.107324 0.656641 0.20293 0.153125 0.00124454
0 0.924219 0.465234 0.14375 0.260156 0.00114727
0 0.515625 0.213086 0.1125 0.174609 0.00114727
0 0.214453 0.411328 0.313281 0.317969 0.00112057
0 0.587109 0.492188 0.541406 0.43125 0.00101662
0 0.609375 0.83418 0.61875 0.331641 0.759277
0 0.219141 0.776172 0.428906 0.447656 0.698242
1 0.635547 0.494922 0.488281 0.485938 0.556641
0 0.920313 0.227295 0.159375 0.300879 0.509766
0 0.672266 0.155469 0.436719 0.310937 0.414062
1 0.703906 0.479785 0.34375 0.454492 0.396973
0 0.915625 0.640234 0.16875 0.653906 0.189575
0 0.260156 0.397656 0.419531 0.390625 0.102295
0 0.714063 0.48125 0.334375 0.467969 0.0987549
0 0.635547 0.494922 0.488281 0.485938 0.0897827
1 0.914844 0.626562 0.170312 0.615625 0.0828247
1 0.615625 0.832422 0.603125 0.335156 0.0679321
1 0.670703 0.145313 0.427344 0.290625 0.0628052
1 0.215625 0.776758 0.43125 0.446484 0.0470886
1 0.920313 0.215234 0.159375 0.325781 0.0360107
0 0.328125 0.110059 0.284375 0.220117 0.0267639
0 0.602344 0.156738 0.303125 0.313477 0.02211
1 0.261719 0.426562 0.433594 0.449219 0.021698
0 0.484375 0.521875 0.190625 0.426562 0.0126266
0 0.708594 0.131641 0.357812 0.263281 0.00861359
1 0.4875 0.5 0.195312 0.46875 0.00564194
0 0.302539 0.463184 0.520703 0.520508 0.00460815
0 0.153809 0.85 0.299805 0.298438 0.00431442
0 0.383594 0.376563 0.207813 0.346094 0.0042305
1 0.602344 0.156738 0.303125 0.313477 0.00388527
0 0.751562 0.485547 0.217187 0.441406 0.00335121
0 0.939062 0.806055 0.121875 0.369141 0.00312424
1 0.751562 0.485547 0.217187 0.441406 0.00292397
0 0.114355 0.0916992 0.189258 0.183398 0.0026722
0 0.472559 0.485156 0.258008 0.503125 0.00266266
0 0.915234 0.657031 0.169531 0.303125 0.00253105
0 0.922656 0.738672 0.154687 0.471094 0.00212479
1 0.533203 0.504687 0.291406 0.473437 0.00185299
0 0.778125 0.127539 0.198437 0.255078 0.00185299
1 0.31582 0.473047 0.549609 0.535156 0.00176811
0 0.533203 0.504687 0.291406 0.473437 0.00155449
0 0.305078 0.7625 0.241406 0.228125 0.00132465
0 0.0779297 0.66875 0.151172 0.184375 0.00123978
0 0.761328 0.551562 0.182031 0.301562 0.00112438
1 0.383594 0.376563 0.207813 0.346094 0.00111198
0 0.804492 0.447754 0.137891 0.30293 0.00104809
0 0.613965 0.836328 0.601758 0.327344 0.614258
1 0.633203 0.48125 0.485156 0.492969 0.541016
0 0.261279 0.777344 0.325879 0.445312 0.291016
1 0.616016 0.83457 0.597656 0.330859 0.237915
0 0.266406 0.388281 0.43125 0.36875 0.192505
0 0.920313 0.207227 0.15625 0.329688 0.188354
0 0.673437 0.137402 0.43125 0.274805 0.187744
0 0.915625 0.642578 0.16875 0.689844 0.10144
0 0.633203 0.48125 0.485156 0.492969 0.0614319
0 0.346484 0.1125 0.310156 0.225 0.0512695
1 0.915625 0.642578 0.16875 0.689844 0.0440979
1 0.21582 0.780078 0.416797 0.439844 0.0374756
1 0.673437 0.137402 0.43125 0.274805 0.0288696
0 0.116602 0.108008 0.225391 0.216016 0.0256195
1 0.266406 0.388281 0.43125 0.36875 0.0254211
0 0.0838867 0.270312 0.159766 0.298438 0.022583
0 0.0711914 0.70625 0.133398 0.225 0.0144501
0 0.0702148 0.671875 0.138477 0.158594 0.0132217
0 0.072998 0.758594 0.13877 0.36875 0.0130234
1 0.920313 0.207227 0.15625 0.329688 0.0128708
0 0.268701 0.722656 0.299316 0.3375 0.0115051
0 0.257031 0.460156 0.410937 0.50625 0.00952148
0 0.0914307 0.860156 0.178857 0.273438 0.00844574
1 0.274023 0.773438 0.298047 0.44375 0.00616837
0 0.114063 0.0693359 0.227344 0.138281 0.00584412
0 0.267383 0.333398 0.423047 0.270703 0.00570679
1 0.0914307 0.860156 0.178857 0.273438 0.00547028
1 0.346484 0.1125 0.310156 0.225 0.00475693
1 0.257031 0.460156 0.410937 0.50625 0.00391388
1 0.116602 0.108008 0.225391 0.216016 0.00390053
0 0.101733 0.788867 0.197314 0.422266 0.00387001
0 0.100977 0.186523 0.195703 0.35 0.00383949
0 0.230811 0.269922 0.353223 0.128906 0.00376511
1 0.0838867 0.270312 0.159766 0.298438 0.00342941
1 0.072998 0.758594 0.13877 0.36875 0.00191212
0 0.460156 0.920313 0.289062 0.15625 0.00185299
0 0.558594 0.168945 0.192188 0.255078 0.0014782
0 0.252002 0.676562 0.315527 0.3 0.00141048
0 0.925781 0.781445 0.148438 0.424609 0.00138283
0 0.0271973 0.591016 0.0543945 0.0828125 0.00119209
1 0.0702148 0.671875 0.138477 0.158594 0.00115108
1 0.0707031 0.71875 0.129102 0.264062 0.00110722
1 0.100977 0.186523 0.195703 0.35 0.00108147
0 0.280859 0.278906 0.420312 0.147656 0.00107765
0 0.617188 0.834375 0.603125 0.33125 0.746094
0 0.2125 0.777344 0.425 0.440625 0.731934
1 0.635938 0.476953 0.49375 0.473437 0.628906
0 0.664844 0.145508 0.429688 0.291016 0.443604
0 0.91875 0.194482 0.160938 0.368848 0.393311
0 0.914062 0.651172 0.171875 0.680469 0.167236
0 0.254297 0.397559 0.411719 0.379883 0.155029
0 0.379687 0.120703 0.260938 0.2375 0.0572815
0 0.630469 0.472656 0.4875 0.452344 0.0440979
1 0.617969 0.835156 0.6 0.329688 0.0421753
1 0.669141 0.142773 0.419531 0.28125 0.0381165
0 0.113281 0.111133 0.210156 0.222266 0.0363464
1 0.212305 0.778516 0.419922 0.442969 0.0293732
1 0.914062 0.651172 0.171875 0.680469 0.0186462
0 0.0852539 0.241797 0.167969 0.250781 0.0183716
1 0.917188 0.197656 0.160938 0.366406 0.0131226
0 0.258008 0.345703 0.456641 0.278906 0.0126266
1 0.253125 0.405078 0.413281 0.395312 0.0115509
0 0.91875 0.25332 0.159375 0.258984 0.00734711
0 0.225781 0.694922 0.370313 0.277344 0.00664139
0 0.476562 0.535156 0.178125 0.3875 0.00488663
0 0.595312 0.153711 0.290625 0.301953 0.0037365
0 0.469629 0.923437 0.320117 0.146875 0.00367928
0 0.286328 0.110937 0.227344 0.221875 0.00366402
0 0.303125 0.121875 0.60625 0.24375 0.00340271
0 0.114063 0.649219 0.223438 0.170312 0.00305176
0 0.278516 0.466309 0.471094 0.511133 0.00299263
0 0.9375 0.860937 0.11875 0.278125 0.002388
1 0.379687 0.120703 0.260938 0.2375 0.00201988
0 0.914062 0.562402 0.171875 0.467383 0.00198746
1 0.551953 0.508594 0.329688 0.436719 0.00188255
0 0.551953 0.186133 0.183594 0.238672 0.00182438
0 0.749609 0.132812 0.247656 0.265625 0.00182438
0 0.759375 0.560156 0.19375 0.267188 0.00179577
0 0.742969 0.348633 0.279687 0.217578 0.0017271
0 0.508203 0.151758 0.571094 0.303516 0.00161648
1 0.278516 0.466309 0.471094 0.511133 0.00160408
1 0.476562 0.535156 0.178125 0.3875 0.00154877
0 0.500781 0.566406 0.229687 0.326562 0.00154305
0 0.197705 0.463184 0.288965 0.217383 0.00149536
0 0.441406 0.135254 0.882812 0.270508 0.00146103
0 0.476172 0.490234 0.228125 0.470313 0.00135136
0 0.424609 0.0989258 0.244531 0.197852 0.00131989
0 0.0941406 0.209961 0.185156 0.207422 0.00117397
0 0.106152 0.186133 0.206836 0.366016 0.00116062
1 0.476172 0.490234 0.228125 0.470313 0.00106525
1 0.258008 0.345703 0.456641 0.278906 0.00106049
1 0.742969 0.348633 0.279687 0.217578 0.00106049
0 0.618848 0.835742 0.606055 0.328516 0.842773
0 0.213672 0.77832 0.421094 0.443359 0.776855
0 0.249805 0.396973 0.392578 0.387305 0.460938
0 0.674219 0.15918 0.432813 0.312109 0.414795
1 0.637891 0.475 0.489844 0.458594 0.358398
0 0.921875 0.205908 0.15 0.336621 0.330322
0 0.914844 0.641016 0.1625 0.655469 0.330322
0 0.638672 0.469922 0.491406 0.445312 0.15979
1 0.702344 0.456934 0.359375 0.412695 0.0984497
0 0.702344 0.456934 0.359375 0.412695 0.0907593
0 0.352539 0.113477 0.316016 0.225391 0.0787964
1 0.914844 0.641016 0.1625 0.655469 0.0782471
1 0.627246 0.835742 0.581445 0.328516 0.0580139
1 0.674219 0.15918 0.432813 0.312109 0.0480347
1 0.249805 0.396973 0.392578 0.387305 0.0298767
1 0.213672 0.77793 0.424219 0.444141 0.0234222
0 0.275977 0.304688 0.388672 0.195312 0.0205688
0 0.582812 0.494434 0.370313 0.476758 0.00971222
0 0.110449 0.0933838 0.220898 0.185107 0.00775528
0 0.0898438 0.671094 0.175781 0.189063 0.00695801
1 0.923437 0.200049 0.148438 0.363965 0.00383949
0 0.723437 0.103027 0.3125 0.205664 0.00342941
0 0.544922 0.158594 0.160938 0.287109 0.00323486
0 0.282031 0.350391 0.439063 0.295312 0.00318527
0 0.300586 0.110742 0.208203 0.217578 0.00314713
0 0.257764 0.710156 0.334473 0.3125 0.003088
0 0.080957 0.243799 0.159961 0.253027 0.00286674
1 0.573438 0.502734 0.353125 0.475781 0.00224304
0 0.492969 0.12832 0.640625 0.251953 0.00219917
1 0.275977 0.304688 0.388672 0.195312 0.00165462
0 0.460938 0.0996094 0.56875 0.199219 0.00155449
1 0.354102 0.111328 0.323047 0.222656 0.00145531
0 0.575 0.149609 0.210938 0.291406 0.00141048
1 0.110449 0.0933838 0.220898 0.185107 0.00141048
0 0.739844 0.352344 0.282813 0.216406 0.00124931
0 0.615527 0.833594 0.604883 0.325 0.859863
0 0.214258 0.776758 0.424609 0.440234 0.775879
1 0.6375 0.485156 0.4875 0.476562 0.756836
0 0.920313 0.193018 0.154687 0.365527 0.640625
0 0.269531 0.401953 0.434375 0.388281 0.606934
0 0.9125 0.65625 0.16875 0.670313 0.605957
0 0.674219 0.154785 0.43125 0.307227 0.600098
0 0.341992 0.116797 0.297266 0.233594 0.252441
1 0.9125 0.648828 0.16875 0.652344 0.152588
1 0.674219 0.154687 0.432813 0.305469 0.142212
1 0.267773 0.413184 0.427734 0.408008 0.0863037
1 0.216797 0.778906 0.425 0.442187 0.0762939
0 0.635156 0.482031 0.475 0.454688 0.0381775
1 0.621875 0.834375 0.598437 0.323438 0.0348816
0 0.394531 0.13125 0.4125 0.260156 0.0241852
1 0.917188 0.195361 0.15625 0.353027 0.0206909
0 0.111523 0.0919922 0.221094 0.183984 0.0162811
1 0.761328 0.545313 0.174219 0.296875 0.0154266
0 0.761328 0.545313 0.174219 0.296875 0.0139008
0 0.0776367 0.261914 0.15293 0.284766 0.0107346
0 0.293945 0.110937 0.207422 0.221875 0.00993347
1 0.341992 0.116797 0.297266 0.233594 0.00720596
0 0.272656 0.325781 0.417188 0.2375 0.00703812
0 0.586328 0.156836 0.2375 0.225391 0.00379562
0 0.0855469 0.215234 0.169141 0.207813 0.00353813
0 0.91875 0.747656 0.15625 0.49375 0.00263214
0 0.175 0.425684 0.246094 0.33457 0.00231361
1 0.394531 0.13125 0.4125 0.260156 0.00219917
0 0.383594 0.0870117 0.253125 0.170312 0.00219917
0 0.9375 0.825781 0.11875 0.33125 0.00206757
0 0.920703 1 0.158594 0 0.00188255
0 0.549219 0.160059 0.18125 0.27832 0.00161076
0 0.161719 0.916406 0.301172 0.1625 0.00156116
1 0.111523 0.0919922 0.221094 0.183984 0.00149536
0 0.112109 0.153516 0.221484 0.302734 0.0014267
0 0.311328 1 0.149219 0 0.00136662
0 0.414844 0.0771484 0.202344 0.150781 0.00131989
0 0.585938 0.0287964 0.11875 0.057251 0.00127411
0 0.403516 0.111719 0.202344 0.223047 0.00123024
0 0.523438 1 0.160938 0 0.00104046
0 0.751562 0.0889648 0.245312 0.17793 0.00102425
0 0.618848 0.835742 0.606055 0.328516 0.842773
0 0.213672 0.77832 0.421094 0.443359 0.776855
0 0.249805 0.397266 0.392578 0.386719 0.460938
0 0.673828 0.159277 0.432031 0.312305 0.413086
1 0.637891 0.475 0.489844 0.458594 0.358398
0 0.921875 0.206055 0.15 0.336328 0.331055
0 0.914844 0.641016 0.1625 0.655469 0.330322
0 0.638672 0.469531 0.491406 0.445312 0.15918
1 0.702344 0.456934 0.359375 0.412695 0.0987549
0 0.702344 0.456934 0.359375 0.412695 0.0907593
0 0.352539 0.113477 0.316016 0.225391 0.0789185
1 0.914844 0.641016 0.1625 0.655469 0.0784912
1 0.627246 0.835742 0.581445 0.328516 0.0580139
1 0.673828 0.159277 0.432031 0.312305 0.0479431
1 0.249805 0.397266 0.392578 0.386719 0.0299225
1 0.213672 0.77793 0.424219 0.444141 0.0234222
0 0.276123 0.304688 0.388379 0.195312 0.0204926
0 0.582422 0.494434 0.369531 0.476758 0.00971222
0 0.110449 0.0933838 0.220898 0.185107 0.00775528
0 0.0898193 0.671094 0.17583 0.189063 0.0069313
1 0.923437 0.200391 0.148438 0.364062 0.00385475
0 0.723437 0.103027 0.3125 0.205664 0.00346947
0 0.544922 0.158594 0.160938 0.287109 0.00324821
0 0.282031 0.350391 0.439063 0.295312 0.00317192
0 0.300586 0.110742 0.208203 0.217578 0.00314713
0 0.257812 0.709766 0.334375 0.311719 0.00309944
0 0.080957 0.24375 0.159961 0.252734 0.00286674
1 0.573438 0.502734 0.353125 0.475781 0.00225258
0 0.493359 0.12832 0.641406 0.251953 0.00219917
1 0.276123 0.304688 0.388379 0.195312 0.00165462
0 0.461328 0.0996094 0.56875 0.199219 0.00156116
1 0.354102 0.111328 0.323047 0.222656 0.00146103
0 0.575 0.149609 0.210938 0.291406 0.00141621
1 0.110449 0.0933838 0.220898 0.185107 0.00141621
0 0.739844 0.352344 0.282813 0.216406 0.00125504
