1 0.509375 0.493359 0.496094 0.660156 0.741699
1 0.227686 0.846094 0.394629 0.164062 0.165649
0 0.227686 0.846094 0.394629 0.164062 0.144165
0 0.509375 0.493359 0.496094 0.660156 0.0510864
0 0.745703 0.81543 0.457031 0.222266 0.00661469
0 0.614062 0.264453 0.182812 0.205859 0.00614548
1 0.745703 0.81543 0.457031 0.222266 0.00572968
0 0.206055 0.864062 0.364453 0.121875 0.00372124
1 0.333203 0.818555 0.6125 0.216016 0.003088
1 0.206055 0.864062 0.364453 0.121875 0.00261116
1 0.413672 0.726172 0.627344 0.292969 0.00209999
0 0.157813 0.8625 0.290234 0.090625 0.00206757
0 0.760938 0.8 0.178125 0.159375 0.00169373
0 0.333203 0.818555 0.6125 0.216016 0.0016489
0 0.849219 0.585547 0.301562 0.664844 0.0015192
0 0.564844 0.264258 0.1875 0.204297 0.0014267
0 0.671094 0.45625 0.192188 0.160938 0.00141048
0 0.8125 0.752734 0.375 0.346094 0.00140476
0 0.421875 0.286133 0.230469 0.207422 0.00124454
1 0.8125 0.752734 0.375 0.346094 0.00110722
1 0.378516 0.784375 0.714063 0.248437 0.0011034
1 0.510938 0.53584 0.482812 0.723633 0.82959
1 0.666016 0.537109 0.180469 0.639844 0.237915
1 0.633594 0.547559 0.25 0.692383 0.0480347
0 0.511719 0.530469 0.485156 0.704687 0.044281
1 0.836719 0.703906 0.326562 0.467187 0.0413208
1 0.273096 0.727734 0.310059 0.391406 0.0375366
0 0.666016 0.537109 0.180469 0.639844 0.037262
0 0.300391 0.598437 0.071875 0.115625 0.0104904
1 0.881641 0.660547 0.236719 0.563281 0.0100937
0 0.616406 0.66875 0.0765625 0.1125 0.00989532
1 0.820312 0.800781 0.285937 0.3125 0.00963593
0 0.279492 0.743359 0.319141 0.363281 0.00933838
0 0.633594 0.547559 0.25 0.692383 0.00912476
0 0.900781 0.884375 0.071875 0.1125 0.00806427
1 0.276758 0.782031 0.296484 0.303125 0.00784302
0 0.836719 0.703906 0.326562 0.467187 0.00643921
1 0.204297 0.766797 0.30625 0.317969 0.0051384
1 0.424609 0.535156 0.305469 0.721875 0.00511932
1 0.217187 0.259814 0.246094 0.313965 0.0050621
0 0.698438 0.363672 0.08125 0.126563 0.0049057
1 0.6 0.772656 0.246875 0.301562 0.00481033
1 0.549902 0.748438 0.356445 0.35 0.0046463
1 0.821094 0.188721 0.298438 0.318652 0.00434875
1 0.20957 0.202734 0.263672 0.339453 0.00408554
1 0.185937 0.803125 0.28125 0.271875 0.00370789
0 0.217187 0.259814 0.246094 0.313965 0.00324821
1 0.149707 0.777344 0.264648 0.298438 0.00319672
1 0.132812 0.808594 0.225 0.257812 0.00311089
0 0.5875 0.708594 0.170312 0.182812 0.00309944
0 0.723047 0.0120117 0.403906 0.0240234 0.00305176
1 0.414453 0.549609 0.707031 0.739844 0.00301552
1 0.346094 0.728125 0.409375 0.389062 0.0028553
1 0.478906 0.733984 0.478906 0.382031 0.00279045
1 0.238721 0.314258 0.235059 0.327734 0.00277901
1 0.958594 0.638281 0.0828125 0.507812 0.00275803
0 0.692578 0.350586 0.096875 0.119141 0.00263214
0 0.6 0.772656 0.246875 0.301562 0.00258064
0 0.499219 0.784375 0.110937 0.0796875 0.00253105
0 0.20957 0.202734 0.263672 0.339453 0.00248146
1 0.863281 0.17334 0.235938 0.315039 0.00239754
0 0.594922 0.375781 0.122656 0.0757812 0.00237846
0 0.85918 0.199609 0.244141 0.329688 0.00234985
0 0.696094 0.386621 0.090625 0.129883 0.00234222
1 0.480371 0.767969 0.287695 0.31875 0.00234222
0 0.6 0.367578 0.14375 0.05625 0.00234222
1 0.236914 0.156055 0.268359 0.306641 0.00232315
0 0.647656 0.107788 0.195312 0.175439 0.00228691
1 0.723047 0.0120117 0.403906 0.0240234 0.00226974
0 0.680469 0.710938 0.0859375 0.0859375 0.00213242
0 0.617969 0.586328 0.0671875 0.110156 0.00211525
1 0.578906 0.123242 0.340625 0.246484 0.00210762
1 0.284766 0.149219 0.244531 0.298438 0.00202751
0 0.820312 0.800781 0.285937 0.3125 0.00201988
0 0.239063 0.791406 0.292188 0.2875 0.00201035
1 0.857813 0.247607 0.25 0.35166 0.00194931
1 0.503223 0.123145 0.362305 0.246289 0.00193405
0 0.238721 0.314258 0.235059 0.327734 0.00191879
0 0.549219 0.767969 0.307813 0.315625 0.00191879
1 0.660156 0.137109 0.28125 0.259375 0.00189686
0 0.603125 0.213672 0.171875 0.0429688 0.00186062
0 0.741406 0.822656 0.1125 0.09375 0.00185299
0 0.723437 0.449219 0.0765625 0.146875 0.00185299
0 0.617969 0.575 0.0773437 0.148438 0.00183868
0 0.625781 0.264453 0.103125 0.0828125 0.00183105
0 0.881641 0.660547 0.236719 0.563281 0.00182438
1 0.927344 0.65 0.145313 0.554688 0.0018177
0 0.230859 0.971094 0.121875 0.0578125 0.00179577
0 0.204297 0.766797 0.30625 0.317969 0.00178909
1 0.839844 0.8375 0.214062 0.246875 0.00178242
0 0.302734 0.598047 0.0824219 0.164062 0.00170708
1 0.721484 0.600879 0.336719 0.638867 0.00167465
0 0.900781 0.898438 0.071875 0.078125 0.00165462
0 0.777344 0.39834 0.071875 0.12832 0.00162315
1 0.185889 0.238232 0.279004 0.323535 0.00157356
0 0.664844 0.795508 0.09375 0.105859 0.00150108
1 0.442187 0.122852 0.29375 0.245703 0.00143242
0 0.149707 0.777344 0.264648 0.298438 0.00140476
0 0.649219 0.879687 0.0984375 0.109375 0.00138855
1 0.966016 0.546191 0.0679687 0.404492 0.00137234
1 0.166406 0.730469 0.314453 0.390625 0.00135136
1 0.940625 0.694531 0.11875 0.465625 0.00135136
1 0.431641 0.757812 0.288281 0.3375 0.00130463
0 0.824219 0.169336 0.285937 0.303516 0.0012846
0 0.236914 0.156055 0.268359 0.306641 0.00126934
1 0.213867 0.360742 0.248828 0.409766 0.0012598
0 0.132812 0.808594 0.225 0.257812 0.00125504
0 0.370313 0.651563 0.0820312 0.125781 0.00125504
0 0.445312 0.245312 0.122656 0.078125 0.00124454
0 0.525 0.599609 0.0773437 0.1375 0.00123501
0 0.718359 0.0781982 0.0726563 0.117041 0.00123501
0 0.509766 0.781055 0.0898438 0.0972656 0.0012207
0 0.824805 0.227686 0.294141 0.360254 0.00121593
1 0.708984 0.146289 0.291406 0.272266 0.00121593
1 0.173828 0.163379 0.263281 0.299805 0.00121593
0 0.185937 0.803125 0.28125 0.271875 0.00120163
1 0.446094 0.675391 0.61875 0.477344 0.00118351
0 0.436328 0.244727 0.145313 0.0621094 0.00117874
0 0.903125 0.875781 0.08125 0.165625 0.00117874
0 0.582422 0.355859 0.141406 0.05625 0.00115585
0 0.569531 0.222852 0.155469 0.0675781 0.0011425
0 0.660156 0.137109 0.28125 0.259375 0.00112915
0 0.185889 0.238232 0.279004 0.323535 0.00112438
0 0.246484 0.6125 0.084375 0.116406 0.00109863
0 0.669922 0.476953 0.183594 0.221875 0.00109863
0 0.607813 0.667969 0.100781 0.125 0.00108147
0 0.480371 0.767969 0.287695 0.31875 0.00105286
1 0.526465 0.518066 0.52207 0.668555 0.762695
1 0.613281 0.536719 0.720312 0.720312 0.656738
1 0.141504 0.492969 0.249805 0.914062 0.128296
0 0.141504 0.492969 0.249805 0.914062 0.0306702
0 0.613281 0.536719 0.720312 0.720312 0.00536346
0 0.513281 0.513672 0.496875 0.667969 0.00429916
1 0.571191 0.0979492 0.538867 0.195898 0.00403976
1 0.237109 0.778906 0.394531 0.31875 0.00344276
1 0.955469 0.494922 0.0890625 0.813281 0.00279045
0 0.571191 0.0979492 0.538867 0.195898 0.00269318
0 0.350977 0.971094 0.537109 0.0578125 0.00245285
1 0.849023 0.470313 0.301953 0.9125 0.00243378
0 0.614844 0.0954102 0.176563 0.19082 0.0024147
0 0.955469 0.494922 0.0890625 0.813281 0.00167465
1 0.570996 0.120508 0.437695 0.241016 0.00156689
0 0.573438 0.101953 0.210938 0.203906 0.00147247
0 0.237109 0.778906 0.394531 0.31875 0.00146103
0 0.496191 0.971094 0.55293 0.0578125 0.00143814
0 0.875 0.483594 0.25 0.925 0.00138855
0 0.299023 0.797656 0.182422 0.276563 0.00134087
0 0.570996 0.120508 0.437695 0.241016 0.00122547
1 0.614844 0.0954102 0.176563 0.19082 0.00107765
0 0.471875 0.859375 0.210156 0.159375 0.00106049
1 0.506641 0.493359 0.482812 0.646094 0.845215
0 0.507715 0.494141 0.495508 0.646094 0.00304031
1 0.691406 0.244531 0.617188 0.489062 0.00284576
1 0.501953 0.376953 0.486719 0.416406 0.00246239
0 0.813281 0.350977 0.15 0.207422 0.00169373
1 0.509766 0.475391 0.492969 0.596094 0.411133
0 0.516406 0.502344 0.48125 0.654688 0.117188
0 0.99375 0.37207 0.0125 0.530078 0.00163555
1 0.514453 0.363086 0.486719 0.361328 0.00128937
0 1 0.400391 0 0.28125 0.00113392
0 0.99375 0.469141 0.0125 0.545313 0.00107765
1 0.516406 0.498047 0.496094 0.657031 0.877441
0 0.516309 0.501953 0.492383 0.664844 0.0253754
1 0.653906 0.503125 0.217187 0.659375 0.00333786
1 0.210547 0.807617 0.314844 0.253516 0.00190449
1 0.5125 0.50625 0.496875 0.671875 0.882324
0 0.511816 0.500391 0.499805 0.660156 0.00669098
0 0.0795898 0.704687 0.147461 0.253125 0.00176811
1 0.0960938 0.691797 0.192188 0.224219 0.0016613
0 0.0960938 0.691797 0.192188 0.224219 0.00136185
1 0.885938 0.784375 0.1 0.103125 0.0012846
1 0.0795898 0.704687 0.147461 0.253125 0.00109005
1 0.514063 0.501562 0.497656 0.65625 0.897461
0 0.510547 0.497656 0.485156 0.6625 0.0200653
1 0.513184 0.507422 0.500195 0.672656 0.831055
0 0.5125 0.498828 0.499219 0.661719 0.0630493
1 0.513379 0.507812 0.487305 0.6625 0.854492
0 0.515723 0.512109 0.479492 0.674219 0.00349617
1 0.513184 0.507422 0.500195 0.672656 0.831543
0 0.5125 0.498828 0.499219 0.661719 0.0628052
