0 0.488379 0.484766 0.787305 0.792969 0.950195
0 0.488281 0.612891 0.784375 0.530469 0.23584
0 0.424219 0.677344 0.629687 0.390625 0.149536
0 0.492188 0.713281 0.740625 0.323438 0.0200195
1 0.498437 0.491406 0.75625 0.785937 0.00923157
0 0.415234 0.195361 0.23125 0.216309 0.00317192
0 0.399219 0.736328 0.59375 0.282031 0.00279999
0 0.342383 0.639844 0.490234 0.457812 0.00265312
0 0.353516 0.705469 0.514844 0.353125 0.00256157
0 0.460547 0.191357 0.23125 0.208691 0.00237846
0 0.372656 0.198633 0.207813 0.221094 0.00228691
0 0.608984 0.187695 0.236719 0.198828 0.00205803
1 0.424219 0.677344 0.629687 0.390625 0.00154305
0 0.466797 0.758594 0.747656 0.232812 0.0014782
0 0.517969 0.189063 0.225 0.203125 0.00134087
0 0.657031 0.186133 0.282813 0.196484 0.00118351
0 0.499316 0.485938 0.791992 0.779688 0.740234
0 0.869531 0.840625 0.253125 0.31875 0.644043
0 0.499219 0.273047 0.784375 0.352344 0.332031
0 0.180811 0.742969 0.346191 0.492188 0.199341
1 0.499316 0.485938 0.791992 0.779688 0.122131
0 0.357617 0.85918 0.644141 0.281641 0.112793
0 0.453125 0.745703 0.878125 0.257031 0.110474
0 0.389844 0.921094 0.735156 0.157813 0.0580139
1 0.480859 0.243164 0.819531 0.287109 0.0544128
0 0.488672 0.625781 0.802344 0.492188 0.0491333
1 0.357617 0.85918 0.644141 0.281641 0.045105
0 0.463672 0.191992 0.878906 0.193359 0.0438538
1 0.872656 0.839453 0.245312 0.321094 0.0358276
1 0.462109 0.733594 0.838281 0.278125 0.03302
0 0.259375 0.860742 0.482031 0.272266 0.0325317
1 0.389844 0.921094 0.735156 0.157813 0.0252686
0 0.182861 0.84707 0.337402 0.305859 0.0192719
1 0.463672 0.191992 0.878906 0.193359 0.0148392
0 0.489062 0.325 0.075 0.107031 0.0137405
1 0.180811 0.742969 0.346191 0.492188 0.0112457
1 0.492871 0.341406 0.783008 0.489062 0.00871277
1 0.488672 0.625781 0.802344 0.492188 0.00861359
0 0.119629 0.709375 0.217773 0.48125 0.00857544
1 0.259375 0.860742 0.482031 0.272266 0.00796509
0 0.894531 0.218359 0.201562 0.411719 0.0069313
0 0.707812 0.489062 0.367188 0.789062 0.0064621
0 0.848437 0.438965 0.0765625 0.12832 0.00521851
0 0.810938 0.329102 0.096875 0.131641 0.00486755
0 0.860937 0.513281 0.0703125 0.13125 0.00460815
0 0.825 0.362109 0.096875 0.130469 0.00443268
0 0.835938 0.405859 0.09375 0.123438 0.00400543
0 0.926562 0.577344 0.14375 0.2375 0.00370789
0 0.852344 0.461719 0.0875 0.121875 0.00365067
0 0.12793 0.239844 0.222266 0.461719 0.00329781
0 0.857813 0.490234 0.075 0.135156 0.00322342
0 0.801367 0.3125 0.109766 0.150781 0.00300407
0 0.149805 0.194922 0.265234 0.367188 0.0029583
0 0.7875 0.292188 0.110937 0.141406 0.00266266
0 0.0979492 0.262109 0.16543 0.422656 0.00257111
1 0.45625 0.7875 0.871875 0.229687 0.00245285
0 0.0638672 0.524219 0.111719 0.10625 0.00239754
0 0.469922 0.787305 0.888281 0.200391 0.002388
0 0.839063 0.426562 0.1 0.123438 0.00221634
0 0.222852 0.470996 0.241797 0.650195 0.00214958
0 0.406641 0.127344 0.178125 0.0457031 0.00201035
0 0.813281 0.345313 0.114063 0.134375 0.00199509
0 0.825781 0.387109 0.1125 0.13125 0.00191212
0 0.8875 0.779492 0.21875 0.209766 0.00186729
0 0.469141 0.934375 0.883594 0.13125 0.00182438
0 0.851562 0.445312 0.078125 0.174219 0.0018034
0 0.429297 0.838281 0.833594 0.307813 0.00177479
1 0.12793 0.239844 0.222266 0.461719 0.00159168
0 0.857031 0.523828 0.090625 0.11875 0.00153637
1 0.182861 0.84707 0.337402 0.305859 0.00150108
1 0.926562 0.577344 0.14375 0.2375 0.00148392
1 0.149805 0.194922 0.265234 0.367188 0.00133038
1 0.119629 0.709375 0.217773 0.48125 0.00132465
0 0.827344 0.452734 0.146875 0.696094 0.00131989
0 0.0831055 0.299023 0.135742 0.362891 0.00129986
0 0.632812 0.139844 0.145313 0.0476562 0.0012846
0 0.773047 0.284375 0.116406 0.110937 0.00121593
0 0.645312 0.164062 0.145313 0.0734375 0.00119686
0 0.0850342 0.555469 0.135791 0.16875 0.00119209
0 0.859375 0.538281 0.075 0.132812 0.00112057
0 0.926562 0.607813 0.140625 0.1625 0.00106907
0 0.857031 0.201758 0.273438 0.380859 0.00104427
0 0.488281 0.489746 0.798437 0.776758 0.694336
1 0.489453 0.489453 0.783594 0.780469 0.445557
0 0.890625 0.00461426 0.21875 0.00922852 0.00202751
0 0.149707 0.00477295 0.299414 0.0095459 0.00135136
0 0.499902 0.48125 0.78457 0.778125 0.929199
1 0.496094 0.476953 0.779688 0.789844 0.00484848
0 0.496484 0.479004 0.766406 0.791992 0.922363
1 0.494922 0.497656 0.774219 0.810938 0.106873
1 0.492969 0.483691 0.7875 0.787305 0.916016
0 0.494629 0.478223 0.781055 0.795117 0.0837402
0 0.498047 0.492188 0.789844 0.795313 0.908691
1 0.495703 0.492969 0.788281 0.792188 0.00367928
0 0.897656 0.757812 0.204688 0.1875 0.00130463
0 0.49541 0.49209 0.79668 0.79082 0.911133
0 0.8875 0.798437 0.21875 0.24375 0.00144958
0 0.499219 0.488281 0.764063 0.789062 0.917969
1 0.501562 0.493066 0.771875 0.788867 0.00124931
0 0.493848 0.487891 0.793555 0.780469 0.937012
0 0.862695 0.836719 0.262109 0.314063 0.006073
0 0.803125 0.83418 0.375 0.322266 0.00261116
0 0.666797 0.480078 0.464844 0.771094 0.00144958
0 0.499219 0.488281 0.764063 0.789062 0.917969
1 0.501562 0.493066 0.771875 0.788867 0.00124931
