0 0.586719 0.247461 0.325 0.289453 0.934082
0 0.383594 0.500781 0.38125 0.357812 0.909668
0 0.225049 0.205518 0.366309 0.311621 0.903809
0 0.764453 0.471875 0.372656 0.315625 0.870605
0 0.559277 0.791406 0.389258 0.335938 0.867188
1 0.764453 0.471875 0.372656 0.315625 0.0484924
0 0.172949 0.741406 0.345898 0.453125 0.0473328
1 0.556152 0.792969 0.392383 0.334375 0.032959
1 0.585938 0.247656 0.325781 0.289844 0.0128708
1 0.388281 0.499121 0.389062 0.354883 0.0123367
0 0.150879 0.165234 0.208398 0.227734 0.0111618
1 0.224609 0.207764 0.377344 0.312598 0.0107346
0 0.535937 0.229297 0.228125 0.24375 0.00847626
0 0.689844 0.472266 0.209375 0.271875 0.00821686
0 0.442969 0.111426 0.1375 0.102148 0.00577545
0 0.582422 0.651172 0.319531 0.0492188 0.0049057
0 0.464453 0.793945 0.201562 0.283984 0.00328636
1 0.172949 0.741406 0.345898 0.453125 0.00222588
0 0.0943359 0.444531 0.188672 0.158594 0.00197983
0 0.101758 0.458594 0.203516 0.621875 0.00194931
0 0.635938 0.716797 0.246875 0.166406 0.00174809
0 0.306445 0.447656 0.225391 0.238281 0.00174141
0 0.654688 0.21167 0.195312 0.198535 0.00157356
0 0.384766 0.216602 0.0867188 0.105078 0.00154877
1 0.442969 0.111426 0.1375 0.102148 0.00143242
0 0.405469 0.401172 0.33125 0.153906 0.00133038
0 0.617578 0.684766 0.271094 0.100781 0.00125504
0 0.871875 0.739062 0.25625 0.465625 0.00123501
0 0.589063 0.237549 0.235938 0.262402 0.00121593
0 0.66875 0.723828 0.1875 0.172656 0.0011692
0 0.814062 0.392578 0.276563 0.142969 0.00111198
0 0.362305 0.431641 0.326953 0.550781 0.00104427
0 0.766016 0.480371 0.361719 0.298633 0.897461
0 0.378809 0.501562 0.383008 0.335938 0.872559
0 0.228857 0.209033 0.374316 0.29834 0.870605
0 0.564062 0.795313 0.395312 0.317187 0.827637
0 0.87207 0.800781 0.249609 0.36875 0.700195
0 0.635547 0.256055 0.410156 0.252734 0.611328
0 0.671191 0.326953 0.601367 0.133594 0.516602
0 0.835938 0.762891 0.320312 0.458594 0.431152
0 0.210938 0.653125 0.421875 0.69375 0.313965
0 0.195312 0.746094 0.390625 0.492188 0.205566
0 0.862695 0.745313 0.274609 0.5 0.141724
0 0.241211 0.773828 0.448828 0.427344 0.132568
0 0.353125 0.871484 0.607813 0.257031 0.100159
1 0.564062 0.795313 0.395312 0.317187 0.0960083
0 0.255859 0.864648 0.465625 0.270703 0.0635986
1 0.229297 0.206836 0.374219 0.304688 0.0598755
0 0.575 0.19668 0.765625 0.171875 0.0480347
0 0.661719 0.195117 0.51875 0.171094 0.0478821
1 0.353125 0.871484 0.607813 0.257031 0.0380249
1 0.640625 0.24458 0.403125 0.263184 0.0360718
0 0.786328 0.536719 0.427344 0.210938 0.035614
0 0.692969 0.191406 0.1125 0.0921875 0.0314941
1 0.380078 0.504687 0.396094 0.326562 0.0304413
0 0.708594 0.728125 0.109375 0.103125 0.0289764
1 0.770703 0.478516 0.353906 0.289844 0.0221558
0 0.387109 0.215186 0.0671875 0.127441 0.0209656
0 0.875 0.857031 0.239063 0.285937 0.0200195
0 0.338086 0.786719 0.643359 0.384375 0.0180206
0 0.697266 0.717188 0.133594 0.0890625 0.0179138
0 0.643652 0.270703 0.556445 0.226562 0.0175171
0 0.719531 0.739062 0.0804688 0.128125 0.0166626
1 0.835938 0.762891 0.320312 0.458594 0.0161591
1 0.671191 0.326953 0.601367 0.133594 0.0151901
0 0.292578 0.657422 0.585156 0.683594 0.0150146
0 0.725 0.79375 0.0726563 0.120312 0.0149536
0 0.454688 0.0987305 0.859375 0.150977 0.0146713
0 0.383594 0.192139 0.075 0.133691 0.014389
0 0.703906 0.203516 0.0890625 0.119531 0.0137405
0 0.386816 0.202734 0.0716797 0.190625 0.012291
0 0.725391 0.771484 0.0695312 0.114844 0.0115051
0 0.492188 0.181592 0.9125 0.152441 0.0112457
0 0.723437 0.824219 0.08125 0.129688 0.0109024
0 0.882812 0.237061 0.228125 0.283691 0.0108566
1 0.873242 0.795117 0.250391 0.387891 0.0108185
0 0.386328 0.238281 0.0703125 0.124219 0.0104904
1 0.210938 0.653125 0.421875 0.69375 0.0102463
0 0.712891 0.222852 0.558594 0.260547 0.00933838
0 0.695312 0.211768 0.117188 0.0858398 0.00933838
0 0.246533 0.242188 0.365527 0.214062 0.00871277
0 0.910937 0.440234 0.075 0.125781 0.0086441
0 0.37666 0.566016 0.741992 0.357031 0.00834656
0 0.195508 0.80957 0.35625 0.365234 0.00784302
0 0.723828 0.268799 0.552344 0.238184 0.0077858
0 0.830469 0.208203 0.326562 0.301562 0.00769424
0 0.832031 0.257617 0.323438 0.237891 0.00734711
1 0.241211 0.773828 0.448828 0.427344 0.00712204
0 0.17168 0.58916 0.343359 0.637305 0.00701141
0 0.9 0.498437 0.10625 0.108594 0.0069046
1 0.255859 0.864648 0.465625 0.270703 0.00679779
0 0.880859 0.298242 0.238281 0.226172 0.00658798
0 0.379004 0.172852 0.0841797 0.126563 0.00641251
0 0.14375 0.501172 0.2875 0.386719 0.00638962
1 0.195312 0.746094 0.390625 0.492188 0.00624084
1 0.69375 0.260938 0.539062 0.257031 0.00600433
0 0.814844 0.639844 0.370313 0.720312 0.00593567
0 0.700781 0.220898 0.096875 0.111328 0.00577545
0 0.898438 0.294531 0.203125 0.276563 0.00564194
0 0.684766 0.708594 0.142188 0.071875 0.00551224
0 0.724609 0.770703 0.075 0.205469 0.00547028
0 0.185937 0.869141 0.332812 0.261719 0.00510025
1 0.661719 0.195117 0.51875 0.171094 0.00492477
0 0.702734 0.154883 0.575781 0.277344 0.00457382
0 0.897656 0.420215 0.109375 0.104883 0.00443268
0 0.533594 0.463281 0.084375 0.120312 0.00436401
0 0.191992 0.452734 0.364844 0.296094 0.00419998
0 0.663672 0.426953 0.661719 0.299219 0.00419998
0 0.384375 0.226758 0.0859375 0.117578 0.00413513
0 0.910937 0.490625 0.075 0.120312 0.00407028
0 0.725781 0.370898 0.548437 0.351953 0.00407028
0 0.152148 0.449219 0.278125 0.335938 0.00385475
0 0.682813 0.178711 0.121875 0.0832031 0.00382423
0 0.717188 0.75625 0.0953125 0.090625 0.00379562
0 0.709375 0.716406 0.0921875 0.110937 0.00362206
1 0.862695 0.745313 0.274609 0.5 0.00362206
0 0.713672 0.470703 0.572656 0.310156 0.00348282
1 0.575 0.19668 0.765625 0.171875 0.00346947
0 0.9125 0.464063 0.071875 0.129688 0.00342941
0 0.702344 0.325439 0.595312 0.367871 0.00342941
0 0.726562 0.80625 0.08125 0.185937 0.00329781
0 0.9125 0.250195 0.16875 0.319141 0.00316048
0 0.523828 0.437598 0.107031 0.12793 0.003088
0 0.660937 0.832812 0.209375 0.210938 0.00305176
0 0.910156 0.430859 0.0765625 0.200781 0.00296974
0 0.544531 0.525781 0.08125 0.15 0.00291252
0 0.985156 0.492188 0.0296875 0.1875 0.00277901
0 0.715234 0.79043 0.101562 0.116016 0.00275803
0 0.714844 0.846094 0.103125 0.109375 0.0027256
0 0.816602 0.3375 0.366797 0.292188 0.00269318
0 0.286328 0.242627 0.508594 0.320215 0.00269318
0 0.692187 0.231641 0.126563 0.0640625 0.00268364
0 0.610156 0.616406 0.170312 0.0453125 0.0026722
0 0.541797 0.387109 0.774219 0.207813 0.00266266
0 0.971875 0.469629 0.05625 0.27793 0.00254059
0 0.665527 0.104199 0.668945 0.185352 0.0024929
0 0.976562 0.475781 0.046875 0.153125 0.00248146
0 0.337695 0.203711 0.182422 0.270703 0.00247192
0 0.378223 0.248047 0.0998047 0.1125 0.00239754
0 0.971094 0.522266 0.0578125 0.324219 0.00239754
1 0.976562 0.475781 0.046875 0.153125 0.00209999
0 0.538672 0.55 0.084375 0.125 0.0020752
0 0.445703 0.0722656 0.836719 0.144531 0.0020752
1 0.985156 0.492188 0.0296875 0.1875 0.00206757
0 0.686719 0.310742 0.114063 0.0894531 0.00206757
0 0.975781 0.504687 0.0484375 0.16875 0.00204277
0 0.675781 0.696875 0.157813 0.0617188 0.00201988
0 0.976562 0.444922 0.046875 0.149219 0.00198746
1 0.975781 0.504687 0.0484375 0.16875 0.00194931
0 0.723047 0.729688 0.0773437 0.220313 0.00192642
0 0.985937 0.436719 0.028125 0.182812 0.00183868
0 0.115234 0.143457 0.128906 0.0529297 0.0018177
0 0.435937 0.567969 0.296875 0.219531 0.00177479
0 0.775 0.497266 0.45 0.253125 0.00176144
0 0.944531 0.35293 0.110937 0.391016 0.00176144
0 0.208594 0.0900391 0.185937 0.046875 0.00174809
0 0.662109 0.236914 0.178906 0.233203 0.00174141
0 0.804883 0.166797 0.377734 0.308984 0.0017271
0 0.633594 0.628516 0.184375 0.0445312 0.00172043
0 0.961719 0.403809 0.0765625 0.34082 0.00169373
0 0.387109 0.567187 0.764844 0.236719 0.0016613
0 0.9 0.440234 0.104687 0.108594 0.00163555
0 0.129492 0.133789 0.145703 0.0542969 0.0015974
0 0.371094 0.156836 0.0960938 0.153516 0.00158501
0 0.538672 0.4875 0.0890625 0.129688 0.00156689
1 0.292578 0.657422 0.585156 0.683594 0.00153065
0 0.362891 0.514453 0.658594 0.423438 0.00153065
0 0.511719 0.424609 0.120312 0.121094 0.00150681
1 0.338086 0.786719 0.643359 0.384375 0.00150681
0 0.362305 0.155566 0.108984 0.113867 0.0014782
1 0.976562 0.444922 0.046875 0.149219 0.00147247
0 0.413281 0.124414 0.770312 0.180078 0.00146103
0 0.861133 0.478516 0.183984 0.285937 0.00143814
0 0.890625 0.513281 0.11875 0.120312 0.00139904
0 0.949219 0.580859 0.101562 0.513281 0.00138283
0 0.696094 0.295898 0.103125 0.112109 0.00137806
1 0.712891 0.222852 0.558594 0.260547 0.00135136
0 0.417969 0.355664 0.158594 0.0527344 0.00134087
0 0.88125 0.400391 0.140625 0.0765625 0.00133514
0 0.609375 0.605469 0.153125 0.0546875 0.00128937
1 0.973437 0.532812 0.053125 0.192188 0.0012846
0 0.973437 0.532812 0.053125 0.192188 0.00127888
0 0.213477 0.080957 0.180859 0.0517578 0.00124931
0 0.417969 0.366992 0.171875 0.0527344 0.00121593
1 0.985937 0.436719 0.028125 0.182812 0.00118351
0 0.8875 0.632031 0.225 0.648438 0.00117397
0 0.348437 0.141895 0.129688 0.101367 0.0011425
0 0.9125 0.467871 0.0765625 0.193945 0.00112057
0 0.673828 0.676953 0.157031 0.0460938 0.00111198
0 0.985156 0.546094 0.0296875 0.195312 0.00111198
0 0.333984 0.125586 0.142969 0.071875 0.00110722
0 0.870508 0.170703 0.252734 0.317187 0.00109863
0 0.811719 0.367578 0.376563 0.492969 0.00107288
0 0.975781 0.411719 0.0484375 0.160938 0.00104046
0 0.499219 0.419141 0.134375 0.0992187 0.00102425
0 0.526953 0.558594 0.105469 0.11875 0.00102425
0 0.385547 0.233984 0.0804688 0.171094 0.00101185
0 0.539844 0.470703 0.0789063 0.172656 0.00100803
0 0.382422 0.504297 0.39375 0.341406 0.677246
0 0.550781 0.798437 0.435156 0.323438 0.644043
0 0.765625 0.478906 0.373437 0.300781 0.610352
0 0.584375 0.24917 0.334375 0.28291 0.559082
0 0.235498 0.208398 0.374316 0.305078 0.543945
1 0.230273 0.20918 0.381641 0.304688 0.445557
1 0.582812 0.249414 0.332812 0.275391 0.269775
1 0.765625 0.478516 0.375 0.305469 0.182373
1 0.382422 0.501562 0.391406 0.340625 0.160767
1 0.554688 0.795117 0.430469 0.325391 0.139893
0 0.83418 0.185742 0.209766 0.274609 0.00356483
0 0.670313 0.485547 0.190625 0.282031 0.00257111
0 0.514453 0.254346 0.188281 0.275684 0.00176144
0 0.897656 0.00452881 0.204688 0.00905762 0.00166798
0 0.149902 0.0041748 0.299805 0.00834961 0.00123978
0 0.211328 0.767969 0.347656 0.464063 0.00102425
0 0.766016 0.47334 0.355469 0.295508 0.890137
0 0.559766 0.79043 0.414844 0.325391 0.888184
0 0.231641 0.205518 0.367969 0.305371 0.873047
0 0.38125 0.496094 0.382812 0.3375 0.845215
0 0.582812 0.245312 0.31875 0.273438 0.834473
0 0.359766 0.740625 0.125 0.1625 0.0380249
1 0.381348 0.498047 0.37793 0.339844 0.00959778
1 0.359766 0.740625 0.125 0.1625 0.00941467
1 0.231641 0.205518 0.367969 0.305371 0.0069313
1 0.580078 0.242578 0.314844 0.26875 0.00544739
1 0.563379 0.79375 0.399805 0.325 0.00524139
1 0.766797 0.473047 0.350781 0.292188 0.00452042
0 0.354688 0.716797 0.1375 0.113281 0.00416565
0 0.173047 0.199463 0.264844 0.312012 0.00213242
0 0.879687 0.727344 0.234375 0.307813 0.00120163
0 0.236328 0.203906 0.374219 0.302734 0.861328
0 0.388965 0.502441 0.39082 0.33418 0.86084
0 0.771875 0.485156 0.35625 0.29375 0.858398
0 0.564062 0.795117 0.407031 0.316016 0.84668
0 0.5875 0.245508 0.3125 0.271484 0.807617
1 0.386816 0.503125 0.38418 0.333594 0.0422363
1 0.564062 0.796094 0.407813 0.31875 0.0404663
1 0.592969 0.249023 0.325 0.276953 0.0391235
1 0.234375 0.204688 0.371094 0.3 0.0212097
1 0.772656 0.486035 0.359375 0.288867 0.0186157
0 0.505469 0.233643 0.146875 0.216309 0.00294685
0 0.421484 0.300781 0.025 0.10625 0.00117874
0 0.766406 0.476562 0.36875 0.309375 0.89502
0 0.568359 0.792383 0.407031 0.330859 0.798828
0 0.388672 0.500684 0.397656 0.342383 0.76709
0 0.589453 0.247705 0.325781 0.280371 0.744629
1 0.24082 0.207422 0.377734 0.308594 0.529297
0 0.236328 0.205127 0.378906 0.307715 0.521484
1 0.385938 0.501953 0.39375 0.344531 0.149536
1 0.568848 0.79375 0.406055 0.33125 0.12146
1 0.5875 0.256836 0.325 0.289453 0.0913696
1 0.764063 0.478125 0.371875 0.30625 0.0259094
0 0.607031 0.329688 0.260938 0.127344 0.00967407
1 0.607031 0.329688 0.260938 0.127344 0.00167465
0 0.588672 0.287305 0.313281 0.200391 0.00165462
0 0.386328 0.499902 0.388281 0.34082 0.882324
0 0.769141 0.47666 0.363281 0.301367 0.85791
0 0.232861 0.205664 0.371777 0.306641 0.845703
0 0.585938 0.247705 0.3125 0.269434 0.773438
0 0.564844 0.792188 0.407813 0.325 0.744629
1 0.563281 0.792969 0.401563 0.3125 0.0944824
0 0.580859 0.326953 0.260156 0.122656 0.0445251
1 0.232861 0.205664 0.371777 0.306641 0.023468
1 0.383594 0.498828 0.389062 0.34375 0.00985718
1 0.585938 0.247705 0.3125 0.269434 0.00919342
1 0.767187 0.475 0.3625 0.30625 0.00714874
0 0.8875 0.682031 0.223438 0.192188 0.0018034
0 0.568652 0.703906 0.389258 0.135156 0.00147247
0 0.559766 0.306836 0.264844 0.162109 0.00101662
0 0.234424 0.208008 0.37334 0.303125 0.853027
0 0.564062 0.79707 0.407813 0.321484 0.831055
0 0.385156 0.503516 0.386719 0.338281 0.82666
0 0.585938 0.252783 0.314063 0.278027 0.817383
0 0.767578 0.480859 0.358594 0.305469 0.808105
1 0.568359 0.795313 0.407031 0.320312 0.00492477
0 0.117773 0.393359 0.204297 0.177344 0.00148964
1 0.385059 0.503125 0.381445 0.335938 0.00147247
1 0.235205 0.205469 0.378027 0.30625 0.00143814
0 0.236768 0.208594 0.374902 0.304688 0.869141
0 0.770703 0.478027 0.358594 0.306445 0.863281
0 0.388281 0.502246 0.38125 0.34707 0.861816
0 0.567969 0.795313 0.4 0.33125 0.839844
0 0.583984 0.253516 0.314844 0.274219 0.831543
1 0.569629 0.797656 0.407617 0.329688 0.0348206
1 0.585156 0.251758 0.314063 0.276953 0.00428009
1 0.771094 0.47959 0.3625 0.306445 0.00372124
1 0.235742 0.207617 0.375391 0.305859 0.00275803
1 0.3875 0.503223 0.378125 0.351367 0.00170708
0 0.0990234 0.386816 0.198047 0.20293 0.00118828
0 0.383984 0.501562 0.389844 0.342187 0.892578
0 0.233984 0.207373 0.378125 0.303223 0.880859
0 0.585938 0.253906 0.31875 0.277344 0.875
0 0.766797 0.476562 0.357031 0.303906 0.874023
0 0.567285 0.794531 0.40293 0.325 0.85791
1 0.56709 0.795508 0.400195 0.321484 0.0196075
0 0.127539 0.627344 0.253125 0.367188 0.00905609
1 0.234326 0.206641 0.377441 0.305859 0.00572968
0 0.86875 0.785742 0.25 0.403516 0.00551224
1 0.588281 0.250977 0.3125 0.279297 0.00481033
1 0.766406 0.478516 0.360938 0.302344 0.0042305
0 0.141797 0.561719 0.273438 0.346875 0.00227928
0 0.166406 0.688672 0.332812 0.499219 0.00227928
0 0.843555 0.178809 0.297266 0.357617 0.00123978
0 0.236768 0.208594 0.374902 0.304688 0.869141
0 0.770703 0.477734 0.358594 0.307031 0.863281
0 0.388281 0.502246 0.38125 0.34707 0.861816
0 0.567969 0.795313 0.4 0.33125 0.839844
0 0.583984 0.253516 0.314844 0.274219 0.831543
1 0.569629 0.797656 0.407617 0.329688 0.0348816
1 0.585156 0.251904 0.314063 0.27666 0.00429916
1 0.771094 0.47959 0.3625 0.306445 0.00372124
1 0.235742 0.207617 0.375391 0.305469 0.00275803
1 0.3875 0.503223 0.378125 0.351367 0.00171375
0 0.0991211 0.386816 0.198242 0.20293 0.00118351
