0 0.479297 0.513672 0.794531 0.527344 0.81543
0 0.162402 0.771875 0.324805 0.320312 0.397949
0 0.0924805 0.294922 0.183008 0.161719 0.182373
0 0.709375 0.0781494 0.342187 0.119092 0.13208
0 0.904688 0.922656 0.178125 0.053125 0.102295
1 0.490625 0.515625 0.7625 0.528125 0.0703125
0 0.785156 0.211719 0.146875 0.142578 0.0643921
1 0.709375 0.0781494 0.342187 0.119092 0.0445862
0 0.262695 0.928906 0.196094 0.142188 0.0427246
1 0.785156 0.211719 0.146875 0.142578 0.0414734
0 0.850195 0.237109 0.190234 0.199609 0.0403748
0 0.430371 0.612891 0.686133 0.560156 0.0335388
0 0.878125 0.296875 0.175 0.108594 0.0275879
0 0.874219 0.278516 0.160938 0.157813 0.0265045
0 0.93125 0.511328 0.109375 0.115625 0.0264587
0 0.193555 0.733984 0.383203 0.399219 0.0254669
0 0.821875 0.220703 0.15625 0.160156 0.0215302
1 0.850195 0.237109 0.190234 0.199609 0.0209656
0 0.458984 0.660937 0.738281 0.4 0.0193481
1 0.162402 0.771875 0.324805 0.320312 0.0179901
0 0.42959 0.880469 0.17832 0.125 0.0173798
1 0.904688 0.923437 0.18125 0.053125 0.0173035
1 0.821875 0.220703 0.15625 0.160156 0.0172424
0 0.7 0.929688 0.170312 0.135937 0.0171814
0 0.0914062 0.698438 0.182812 0.16875 0.0161591
0 0.907031 0.907812 0.178125 0.08125 0.0158997
0 0.914844 0.504297 0.142188 0.134375 0.0142822
1 0.0933594 0.299023 0.184375 0.152734 0.014061
1 0.874219 0.278516 0.160938 0.157813 0.0123825
0 0.910156 0.866406 0.167187 0.139062 0.0119629
0 0.523438 0.876562 0.257031 0.221875 0.0106125
0 0.173047 0.0354248 0.214844 0.0708496 0.0100937
0 0.535937 0.0884766 0.198437 0.0808594 0.00993347
0 0.910937 0.84375 0.15625 0.115625 0.00952148
0 0.573438 0.846875 0.164844 0.103125 0.00871277
0 0.809375 0.823633 0.3625 0.324609 0.00857544
0 0.443359 0.864844 0.164844 0.145313 0.00837708
1 0.878125 0.296875 0.175 0.108594 0.00831604
1 0.93125 0.511328 0.109375 0.115625 0.00812531
0 0.0801758 0.691406 0.144727 0.146875 0.00769424
0 0.56875 0.874219 0.173438 0.167187 0.00757599
0 0.904688 0.9375 0.18125 0.08125 0.00698471
0 0.807617 0.725781 0.178516 0.167187 0.00698471
0 0.89375 0.917188 0.2125 0.06875 0.0069313
0 0.204248 0.247852 0.352441 0.0492188 0.0068512
0 0.775781 0.207031 0.240625 0.139844 0.00664139
0 0.261133 0.0943115 0.173828 0.0723145 0.00664139
0 0.482422 0.637109 0.791406 0.285156 0.00634003
0 0.50791 0.087085 0.298242 0.0809082 0.00605011
0 0.106543 0.107617 0.213086 0.0613281 0.00595856
0 0.161133 0.0276367 0.24375 0.0546875 0.00572968
0 0.115527 0.128516 0.199414 0.0941406 0.00559998
0 0.398828 0.198437 0.196875 0.116406 0.00542831
0 0.360742 0.658594 0.553516 0.498437 0.00540543
0 0.75 0.351758 0.217187 0.180859 0.0053215
0 0.917969 0.653906 0.164062 0.0742188 0.0051384
1 0.430469 0.892187 0.173438 0.096875 0.00479126
0 0.480859 0.842969 0.349219 0.228125 0.00473785
1 0.262695 0.928906 0.196094 0.142188 0.00457382
0 0.942578 0.663281 0.114844 0.0828125 0.00407028
1 0.7 0.929688 0.170312 0.135937 0.00403976
0 0.219141 0.255859 0.438281 0.065625 0.00400543
1 0.914844 0.504297 0.142188 0.134375 0.00392914
0 0.775781 0.0933594 0.2375 0.078125 0.00370789
0 0.9 0.307422 0.159375 0.0851562 0.00359344
0 0.884375 0.921875 0.221875 0.134375 0.00342941
1 0.428906 0.860156 0.188281 0.157813 0.00340271
0 0.257812 0.0901367 0.176563 0.116602 0.00335121
0 0.951563 0.664062 0.096875 0.065625 0.00331116
1 0.907031 0.907812 0.178125 0.08125 0.00325966
0 0.505859 0.933594 0.285156 0.0984375 0.00319672
0 0.740625 0.0836914 0.2625 0.0935547 0.00313568
0 0.580859 0.153613 0.400781 0.224414 0.00302696
0 0.876562 0.218018 0.15625 0.132715 0.00257111
1 0.910156 0.866406 0.167187 0.139062 0.00247192
0 0.716406 0.338281 0.225 0.158594 0.0024147
0 0.202393 0.404687 0.220215 0.242188 0.002388
0 0.77793 0.194092 0.178516 0.102441 0.00205803
0 0.732031 0.18125 0.23125 0.170703 0.00202751
0 0.107031 0.157813 0.214062 0.167187 0.00190449
0 0.33418 0.153516 0.322266 0.05625 0.00189686
0 0.261523 0.130249 0.167578 0.125439 0.00187492
1 0.535937 0.0884766 0.198437 0.0808594 0.00186729
1 0.0914062 0.698438 0.182812 0.16875 0.00185299
1 0.173047 0.0354248 0.214844 0.0708496 0.00184631
0 0.547656 0.948438 0.335938 0.103125 0.00183868
0 0.798242 0.753125 0.175391 0.120312 0.00181007
0 0.748047 0.148047 0.241406 0.237109 0.00176144
0 0.125098 0.770703 0.250195 0.330469 0.00174809
1 0.809375 0.823633 0.3625 0.324609 0.00170708
1 0.89375 0.917188 0.2125 0.06875 0.00169373
0 0.401172 0.0814209 0.148438 0.0727051 0.00168705
0 0.55625 0.934375 0.153125 0.096875 0.0016613
0 0.212842 0.038623 0.171191 0.0772461 0.00165462
1 0.193555 0.733984 0.383203 0.399219 0.0016489
1 0.430371 0.612891 0.686133 0.560156 0.00159168
1 0.910937 0.84375 0.15625 0.115625 0.00157928
1 0.523438 0.876562 0.257031 0.221875 0.00156689
0 0.0462036 0.390527 0.0728271 0.487695 0.00156116
0 0.528125 0.921094 0.25 0.090625 0.00154305
0 0.903125 0.826563 0.171875 0.078125 0.00150108
0 0.889844 0.929688 0.171875 0.075 0.00149536
1 0.458984 0.660937 0.738281 0.4 0.00148964
1 0.56875 0.874219 0.173438 0.167187 0.00148392
0 0.873438 0.226172 0.159375 0.183203 0.0014782
0 0.724609 0.946875 0.155469 0.10625 0.00146675
0 0.914062 0.668359 0.171875 0.096875 0.00143814
0 0.289258 0.351953 0.259766 0.178125 0.00143242
1 0.573438 0.846875 0.164844 0.103125 0.00138283
0 0.425781 0.89375 0.178906 0.084375 0.00134087
0 0.296484 0.692969 0.460156 0.457812 0.00134087
0 0.35083 0.163281 0.363184 0.0796875 0.00133514
0 0.525781 0.946875 0.14375 0.0984375 0.00132465
0 0.24082 0.388379 0.268359 0.237305 0.00130463
1 0.807617 0.725781 0.178516 0.167187 0.00129986
0 0.106055 0.14209 0.201953 0.123633 0.00129986
0 0.774805 0.172461 0.181641 0.071875 0.00127411
0 0.233984 0.24375 0.265625 0.04375 0.00126934
1 0.904688 0.9375 0.18125 0.08125 0.00126457
0 0.550781 0.150781 0.204688 0.201562 0.00124931
0 0.442187 0.0829834 0.250781 0.0758301 0.00124931
0 0.683594 0.141602 0.389062 0.239063 0.00123978
0 0.105957 0.190674 0.211914 0.0678711 0.0012064
0 0.705469 0.360742 0.229687 0.218359 0.00118351
0 0.920313 0.632031 0.159375 0.110937 0.0011692
0 0.882812 0.192383 0.189063 0.0910156 0.00116062
1 0.9 0.307422 0.159375 0.0851562 0.00113392
0 0.266992 0.105664 0.163672 0.0791016 0.00113392
0 0.393652 0.178711 0.20332 0.0914062 0.00113392
1 0.264648 0.104077 0.167969 0.070752 0.00112915
1 0.873438 0.226172 0.159375 0.183203 0.00110722
0 0.910156 0.7 0.179688 0.278125 0.00107288
0 0.519531 0.110742 0.285937 0.132031 0.00107288
1 0.884375 0.921875 0.221875 0.134375 0.00104046
0 0.463281 0.533594 0.767187 0.551562 0.542969
1 0.479297 0.514844 0.819531 0.526563 0.440674
0 0.364844 0.669531 0.725 0.229687 0.417725
0 0.859375 0.765234 0.217187 0.238281 0.366699
0 0.474609 0.407422 0.791406 0.299219 0.182373
1 0.4625 0.66875 0.884375 0.232812 0.140869
0 0.485547 0.645703 0.860156 0.271094 0.136597
1 0.474609 0.407422 0.791406 0.299219 0.11438
0 0.0958008 0.294336 0.15957 0.155859 0.0984497
1 0.859375 0.765234 0.217187 0.238281 0.0836182
0 0.216748 0.817187 0.399316 0.201562 0.0502319
0 0.320312 0.811133 0.596094 0.158984 0.0331421
0 0.124805 0.830469 0.211328 0.189063 0.0322876
0 0.952344 0.665625 0.0953125 0.0664062 0.0270691
1 0.353906 0.689844 0.673437 0.245312 0.0264587
0 0.149805 0.813281 0.268359 0.220313 0.0250854
0 0.254687 0.955859 0.0859375 0.0882813 0.024231
0 0.727344 0.963281 0.120312 0.0734375 0.0238647
0 0.363281 0.555078 0.575 0.439063 0.023819
0 0.815625 0.513672 0.16875 0.260938 0.0231476
0 0.735156 0.946875 0.110937 0.103125 0.0231476
0 0.236279 0.946875 0.132129 0.10625 0.0228424
0 0.493359 0.685938 0.911719 0.210938 0.0212097
0 0.736719 0.195898 0.110937 0.134766 0.0202942
0 0.0577148 0.433594 0.114063 0.144531 0.0167236
0 0.765625 0.195361 0.160938 0.138965 0.0155411
1 0.0890625 0.300586 0.171875 0.146484 0.0154877
1 0.216748 0.817187 0.399316 0.201562 0.0146713
0 0.828125 0.570312 0.14375 0.35625 0.0141754
0 0.246875 0.961328 0.113281 0.0773437 0.0120087
1 0.320312 0.811133 0.596094 0.158984 0.0112915
1 0.4875 0.614062 0.8625 0.332812 0.0104904
1 0.1875 0.0401855 0.203906 0.0803711 0.00945282
0 0.815625 0.818945 0.264062 0.162109 0.00905609
0 0.7625 0.832031 0.275 0.153125 0.00874329
1 0.736719 0.195898 0.110937 0.134766 0.00857544
0 0.69375 0.9375 0.1875 0.11875 0.0085144
0 0.128613 0.195508 0.17168 0.152734 0.00847626
0 0.10979 0.26875 0.164404 0.190625 0.00831604
0 0.1875 0.0401855 0.203906 0.0803711 0.00720596
0 0.725 0.93125 0.126563 0.13125 0.00701141
1 0.0512695 0.444141 0.101172 0.155469 0.00677109
0 0.289062 0.253516 0.165625 0.0457031 0.00656509
0 0.17207 0.79043 0.324609 0.262891 0.0064621
1 0.236279 0.946875 0.132129 0.10625 0.00643921
1 0.124805 0.830469 0.211328 0.189063 0.00614548
0 0.559766 0.996094 0.513281 0.0078125 0.00600433
0 0.717188 0.970312 0.129688 0.05625 0.00582123
1 0.149805 0.813281 0.268359 0.220313 0.00577545
1 0.765625 0.195361 0.160938 0.138965 0.00564194
0 0.43291 0.859375 0.17793 0.15 0.0055542
0 0.35 0.722656 0.623438 0.259375 0.00494385
0 0.427441 0.983203 0.15918 0.0335938 0.00481033
0 0.720312 0.977344 0.126563 0.0453125 0.00481033
0 0.260938 0.939844 0.0804688 0.120312 0.00471878
0 0.0471802 0.460254 0.0943115 0.173242 0.00453949
1 0.103223 0.273438 0.164258 0.185156 0.00436401
1 0.128613 0.195508 0.17168 0.152734 0.00429916
0 0.755078 0.992969 0.489844 0.0140625 0.00413513
1 0.436035 0.115527 0.656055 0.132617 0.00403976
1 0.815625 0.818945 0.264062 0.162109 0.00395966
0 0.771875 0.80293 0.3 0.181641 0.00392914
0 0.567969 0.996875 0.413281 0.00625 0.00392914
0 0.474219 0.0779053 0.146875 0.0465332 0.00391388
0 0.669531 0.960938 0.2125 0.078125 0.00391388
1 0.7625 0.832031 0.275 0.153125 0.00382423
0 0.732031 0.212109 0.107813 0.090625 0.0036068
0 0.234766 0.0327637 0.144531 0.0567383 0.00337601
0 0.697266 0.958594 0.175781 0.0828125 0.00329781
0 0.496094 0.585938 0.245312 0.121094 0.00323486
0 0.233545 0.0425293 0.140723 0.0508789 0.00322342
0 0.480859 0.0907959 0.160938 0.048877 0.00314713
0 0.471094 0.85 0.0953125 0.121875 0.00312424
0 0.426172 0.218945 0.154687 0.0550781 0.00309944
1 0.815625 0.513672 0.16875 0.260938 0.00300407
0 0.708203 0.839063 0.216406 0.1625 0.00288963
0 0.790625 0.205029 0.171875 0.133691 0.00281143
0 0.728125 0.228906 0.104687 0.0640625 0.00275803
0 0.441309 0.974219 0.156445 0.0515625 0.00265312
0 0.378906 0.105298 0.201562 0.120264 0.00263214
1 0.363281 0.555078 0.575 0.439063 0.00261116
0 0.85625 0.475 0.075 0.132812 0.00257111
1 0.559766 0.996094 0.513281 0.0078125 0.00246239
1 0.699219 0.958594 0.354688 0.0828125 0.00245285
1 0.43291 0.859375 0.17793 0.15 0.00237846
1 0.69375 0.9375 0.1875 0.11875 0.00233269
0 0.303516 0.2625 0.191406 0.0390625 0.00229645
0 0.282227 0.510156 0.395703 0.489062 0.00227928
1 0.725 0.93125 0.126563 0.13125 0.00216484
1 0.427441 0.983203 0.15918 0.0335938 0.00210762
1 0.828125 0.570312 0.14375 0.35625 0.00209999
0 0.901563 0.869531 0.15625 0.151562 0.00209999
0 0.188086 0.48125 0.104297 0.110937 0.00203514
0 0.950781 0.677344 0.0984375 0.0515625 0.00198746
1 0.347656 0.135645 0.384375 0.172461 0.00195694
1 0.669531 0.960938 0.2125 0.078125 0.00194168
1 0.48125 0.116309 0.892187 0.145508 0.00189686
0 0.778906 0.53125 0.239063 0.459375 0.00188255
0 0.433984 0.230273 0.141406 0.0484375 0.00186729
0 0.533984 0.265625 0.184375 0.0421875 0.00185299
0 0.292383 0.244922 0.162109 0.0492188 0.00184631
0 0.55 0.996875 0.272656 0.00625 0.00184631
0 0.675781 0.940625 0.214062 0.09375 0.00182438
0 0.347656 0.135645 0.384375 0.172461 0.00182438
0 0.874219 0.179688 0.148438 0.0523437 0.00179577
1 0.775391 0.989062 0.449219 0.021875 0.00177479
0 0.896094 0.255078 0.129688 0.0601562 0.00176811
0 0.436035 0.115527 0.656055 0.132617 0.00175476
0 0.0333496 0.453516 0.0666992 0.158594 0.00174141
0 0.458496 0.990625 0.19082 0.01875 0.00174141
0 0.896875 0.917188 0.170312 0.06875 0.00169373
0 0.707812 0.974609 0.321875 0.0507812 0.00168133
0 0.81582 0.251563 0.121484 0.05 0.00168133
0 0.85625 0.499219 0.0890625 0.121875 0.0016613
0 0.0860352 0.316797 0.17207 0.135937 0.00163555
0 0.257422 0.254883 0.176172 0.0488281 0.00162315
0 0.40791 0.219141 0.187305 0.0859375 0.00160408
0 0.820312 0.241602 0.103125 0.0613281 0.0015974
0 0.283984 0.246484 0.450781 0.0523437 0.00157928
0 0.885938 0.93125 0.159375 0.05 0.00156116
0 0.664062 0.958984 0.3 0.0820312 0.0015192
0 0.210205 0.0337402 0.224121 0.0674805 0.00148964
1 0.567969 0.996875 0.413281 0.00625 0.00148392
0 0.475781 0.00496826 0.161719 0.00993652 0.00146675
0 0.85 0.524219 0.101562 0.1125 0.00144958
0 0.940234 0.611328 0.119531 0.148438 0.00144958
0 0.751172 0.932813 0.0726563 0.128125 0.00144386
0 0.497656 0.994531 0.18125 0.0109375 0.00144386
0 0.898438 0.264453 0.109375 0.0867188 0.00143814
1 0.496094 0.585938 0.245312 0.121094 0.00142097
0 0.946875 0.314453 0.10625 0.0789063 0.00139904
0 0.260547 0.254297 0.428906 0.0765625 0.00139904
1 0.771875 0.80293 0.3 0.181641 0.00137806
0 0.870313 0.19082 0.140625 0.0457031 0.00136662
0 0.791406 0.987891 0.417188 0.0242187 0.00135612
1 0.210205 0.0337402 0.224121 0.0674805 0.00127888
0 0.841406 0.739062 0.223438 0.307813 0.00127411
1 0.708203 0.839063 0.216406 0.1625 0.00126457
0 0.135645 0.156055 0.154102 0.170312 0.00124931
0 0.683594 0.977344 0.158594 0.0453125 0.00124931
0 0.419141 0.971875 0.155469 0.053125 0.00123024
0 0.05625 0.4125 0.1125 0.096875 0.00122547
1 0.697266 0.958594 0.175781 0.0828125 0.00120163
0 0.6 0.984375 0.540625 0.03125 0.00120163
1 0.17207 0.79043 0.324609 0.262891 0.00119686
0 0.12041 0.21875 0.19043 0.207031 0.00117397
0 0.779688 0.200049 0.245312 0.139746 0.0011425
1 0.458496 0.990625 0.19082 0.01875 0.00112915
0 0.940234 0.660156 0.119531 0.0640625 0.00112438
0 0.95625 0.315625 0.0875 0.0960938 0.0011158
1 0.901563 0.869531 0.15625 0.151562 0.00111198
0 0.14978 0.181641 0.178955 0.159375 0.00110722
0 0.947656 0.524609 0.104687 0.0726563 0.00109005
0 0.942187 0.437891 0.115625 0.175 0.00108147
0 0.857031 0.525 0.0796875 0.134375 0.00108147
0 0.218164 0.256055 0.175391 0.0519531 0.00107288
1 0.441309 0.974219 0.156445 0.0515625 0.00106049
1 0.790625 0.205029 0.171875 0.133691 0.00106049
0 0.95625 0.639844 0.0875 0.126563 0.00104046
1 0.896875 0.917188 0.170312 0.06875 0.00104046
0 0.335742 0.994531 0.415234 0.0109375 0.00101662
0 0.502344 0.503223 0.83125 0.531055 0.57666
1 0.497656 0.527344 0.823438 0.520312 0.320068
0 0.235742 0.944531 0.175391 0.110937 0.0847778
0 0.259766 0.958203 0.257031 0.0835937 0.0372009
0 0.0855713 0.300781 0.168701 0.154687 0.0322266
1 0.235742 0.944531 0.175391 0.110937 0.0263062
0 0.747266 0.197705 0.136719 0.14209 0.0178528
1 0.259766 0.958203 0.257031 0.0835937 0.0119629
1 0.0855713 0.300781 0.168701 0.154687 0.00985718
0 0.857031 0.257617 0.182812 0.211328 0.00812531
0 0.112305 0.810352 0.224609 0.379297 0.00720596
1 0.747266 0.197705 0.136719 0.14209 0.00653839
1 0.112305 0.810352 0.224609 0.379297 0.00577545
0 0.800781 0.19292 0.290625 0.162598 0.00542831
1 0.320312 0.0912109 0.482812 0.182422 0.00419998
0 0.954687 0.974219 0.090625 0.0515625 0.00369263
1 0.857813 0.261523 0.184375 0.190625 0.00363541
0 0.0853271 0.16582 0.167627 0.166797 0.00345612
0 0.14248 0.00638428 0.284961 0.0127686 0.00300407
0 0.939062 0.990625 0.121875 0.01875 0.00282288
1 0.492188 0.12168 0.85 0.243359 0.00281143
0 0.809375 0.223047 0.279687 0.178125 0.00214958
0 0.271924 0.992188 0.288965 0.015625 0.00192642
1 0.800781 0.19292 0.290625 0.162598 0.00191212
1 0.0853271 0.16582 0.167627 0.166797 0.00177479
0 0.886914 0.00469971 0.226172 0.00939941 0.00176811
0 0.778711 0.00385742 0.442578 0.00771484 0.0016613
0 0.940625 0.975 0.11875 0.05 0.00162888
1 0.325781 0.141406 0.502344 0.282813 0.00137806
0 0.332227 0.553223 0.491797 0.485742 0.00135612
0 0.771094 0.193018 0.175 0.138184 0.00132465
0 0.835156 0.255664 0.246875 0.227734 0.0012846
0 0.757422 0.00283203 0.264844 0.00566406 0.0012064
0 0.791406 0.805469 0.182812 0.173438 0.00117874
1 0.939062 0.990625 0.121875 0.01875 0.00117397
0 0.529688 0.143066 0.83125 0.286133 0.00116062
0 0.583203 0.00281982 0.263281 0.00563965 0.0011158
1 0.954687 0.974219 0.090625 0.0515625 0.00109863
0 0.818164 0.732031 0.363672 0.334375 0.00106049
0 0.0492676 0.452246 0.0985352 0.362695 0.00102806
0 0.607813 0.00405273 0.446875 0.00810547 0.00102425
0 0.909375 0.888281 0.171875 0.14375 0.00102043
0 0.495703 0.442871 0.810156 0.406445 0.562988
1 0.487109 0.501465 0.802344 0.525195 0.315674
0 0.0845215 0.296484 0.169043 0.142969 0.220703
0 0.0484375 0.436621 0.096875 0.17832 0.151489
0 0.728906 0.193164 0.09375 0.141016 0.0927124
1 0.0484375 0.436621 0.096875 0.17832 0.0501404
1 0.0845215 0.296484 0.169043 0.142969 0.0477905
0 0.750781 0.194336 0.15 0.141406 0.0383301
0 0.150586 0.260938 0.2125 0.0726563 0.0381775
1 0.728906 0.193164 0.09375 0.141016 0.0288696
0 0.303516 0.414844 0.369531 0.296875 0.0278015
0 0.158789 0.247656 0.247266 0.0945313 0.0227966
0 0.879687 0.308789 0.1375 0.0769531 0.0224152
0 0.879687 0.324219 0.14375 0.053125 0.0196838
0 0.0712891 0.43291 0.141016 0.14668 0.0139542
0 0.928906 0.616016 0.142188 0.175781 0.0136337
0 0.179248 0.0382324 0.148535 0.0725586 0.0134811
0 0.313281 0.512109 0.432813 0.489844 0.00971222
0 0.0833984 0.719141 0.166406 0.217969 0.00963593
0 0.879687 0.279297 0.1375 0.137109 0.00955963
1 0.929688 0.615625 0.140625 0.172656 0.00901794
0 0.400781 0.978516 0.244531 0.0429688 0.00891876
1 0.879687 0.308789 0.1375 0.0769531 0.00867462
1 0.750781 0.194336 0.15 0.141406 0.0086441
0 0.207813 0.253906 0.375 0.109375 0.00861359
0 0.0571289 0.4625 0.114258 0.171875 0.00812531
1 0.150586 0.260938 0.2125 0.0726563 0.00737381
1 0.158789 0.247656 0.247266 0.0945313 0.00631332
0 0.0441895 0.56875 0.0883789 0.192188 0.00609589
0 0.421484 0.969531 0.234375 0.059375 0.00577545
0 0.727344 0.06875 0.33125 0.1375 0.00503922
1 0.879687 0.279297 0.1375 0.137109 0.0041008
1 0.179248 0.0382324 0.148535 0.0725586 0.00407028
1 0.0833984 0.719141 0.166406 0.217969 0.00391388
0 0.205469 0.93125 0.2 0.1375 0.00388527
0 0.0762695 0.176221 0.152539 0.150684 0.00385475
0 0.432031 0.989844 0.223438 0.0203125 0.00335121
0 0.0475586 0.489062 0.0951172 0.20625 0.00335121
1 0.303516 0.414844 0.369531 0.296875 0.00333786
1 0.882812 0.324805 0.135937 0.0519531 0.00329781
0 0.0816406 0.778125 0.1625 0.332812 0.00329781
0 0.182227 0.260547 0.126172 0.0726563 0.00307465
1 0.0441895 0.56875 0.0883789 0.192188 0.00302696
0 0.792969 0.195898 0.182812 0.143359 0.00299263
0 0.192383 0.254883 0.248828 0.0808594 0.00237846
0 0.394922 0.878125 0.171875 0.125 0.00234222
0 0.152148 0.227344 0.203906 0.115625 0.00233269
1 0.0712891 0.43291 0.141016 0.14668 0.00221634
0 0.971094 0.616406 0.0578125 0.1875 0.00214005
1 0.727344 0.06875 0.33125 0.1375 0.00213242
0 0.160156 0.272266 0.307422 0.160547 0.00208282
0 0.368164 0.405078 0.487109 0.289062 0.00198746
0 0.470215 0.992188 0.229883 0.015625 0.00187492
1 0.0571289 0.4625 0.114258 0.171875 0.00186729
0 0.382129 0.214258 0.191992 0.114844 0.00177479
1 0.207813 0.253906 0.375 0.109375 0.00177479
1 0.313281 0.512109 0.432813 0.489844 0.00166798
0 0.272461 0.254883 0.182422 0.0488281 0.00162315
0 0.952344 0.620313 0.0953125 0.189063 0.00157356
0 0.064502 0.361523 0.129004 0.230859 0.00156116
1 0.0816406 0.778125 0.1625 0.332812 0.00151253
0 0.0385742 0.601562 0.0771484 0.219531 0.00149536
1 0.0762695 0.176221 0.152539 0.150684 0.0014782
0 0.890625 0.361719 0.14375 0.0726563 0.00140476
0 0.0840332 0.96875 0.168066 0.0625 0.00127411
0 0.832812 0.208984 0.110937 0.126563 0.00119686
0 0.161719 0.437402 0.151953 0.361133 0.00119686
0 0.739844 0.916406 0.246875 0.1625 0.00113392
1 0.400781 0.978516 0.244531 0.0429688 0.00109005
0 0.217383 0.255859 0.238672 0.0679687 0.00106525
0 0.180762 0.764844 0.361523 0.346875 0.00106049
0 0.395312 0.811719 0.1875 0.05 0.00105667
1 0.421484 0.969531 0.234375 0.059375 0.00104809
0 0.253906 0.391016 0.34375 0.257031 0.00102806
0 0.494922 0.513672 0.807031 0.533594 0.665527
0 0.144727 0.828125 0.276953 0.20625 0.373047
1 0.501562 0.513672 0.8 0.532031 0.303955
0 0.19292 0.827344 0.365723 0.182812 0.0324707
1 0.160352 0.829687 0.305078 0.198437 0.0248871
0 0.153027 0.772656 0.298242 0.315625 0.014389
0 0.804688 0.532715 0.178125 0.40957 0.00989532
0 0.301562 0.486621 0.410937 0.420508 0.00471878
0 0.336719 0.442578 0.420312 0.341406 0.00471878
1 0.301562 0.486621 0.410937 0.420508 0.00383949
0 0.0506348 0.461816 0.100488 0.25293 0.00372124
1 0.336719 0.442578 0.420312 0.341406 0.00288963
1 0.153027 0.772656 0.298242 0.315625 0.00256157
0 0.778125 0.50625 0.235938 0.497656 0.00227928
0 0.996094 0.848047 0.0078125 0.303906 0.00221634
0 0.9125 0.316992 0.16875 0.0964844 0.00196457
0 0.204492 0.286719 0.400391 0.165625 0.00191879
1 0.219141 0.82832 0.403906 0.158984 0.00158501
0 0.410059 0.416309 0.561133 0.292383 0.00156689
0 0.237891 0.04375 0.353906 0.0875 0.0015192
0 0.28457 0.562891 0.384766 0.439844 0.00147247
1 0.237891 0.04375 0.353906 0.0875 0.00141048
1 0.0506348 0.461816 0.100488 0.25293 0.00134087
0 0.997266 0.168945 0.00546875 0.337891 0.00132465
1 0.804688 0.532715 0.178125 0.40957 0.00119686
0 0.246289 0.0402832 0.319141 0.0756836 0.00117397
0 0.667188 0.807031 0.182812 0.129688 0.0011425
0 0.337939 0.884375 0.365527 0.134375 0.00113773
0 0.996094 0.262891 0.0078125 0.392969 0.00108147
1 0.204492 0.286719 0.400391 0.165625 0.00104046
0 0.997656 0.366797 0.0046875 0.466406 0.00103664
1 0.489844 0.508203 0.803125 0.558594 0.86084
0 0.494531 0.503223 0.820312 0.54668 0.304932
0 0.476953 0.827344 0.107031 0.090625 0.0270691
0 0.391797 0.84375 0.133594 0.071875 0.0121918
0 0.946875 0.655078 0.10625 0.078125 0.0119171
0 0.125195 0.773047 0.244141 0.328906 0.00989532
0 0.939062 0.65 0.121875 0.09375 0.00564194
0 0.182471 0.0403442 0.163965 0.0794678 0.00388527
1 0.125195 0.773047 0.244141 0.328906 0.00276756
0 0.189258 0.25293 0.166797 0.0867188 0.00271416
0 0.0510742 0.476172 0.0978516 0.253125 0.00211525
1 0.476953 0.827344 0.107031 0.090625 0.00200272
0 0.390234 0.840625 0.0992187 0.0875 0.00178909
0 0.866406 0.061377 0.264062 0.122754 0.00157356
1 0.946875 0.655078 0.10625 0.078125 0.0015192
0 0.15957 0.256641 0.245703 0.0851562 0.00104809
0 0.49375 0.505469 0.807813 0.545313 0.651367
1 0.486328 0.510547 0.805469 0.552344 0.525391
0 0.0868164 0.298438 0.163086 0.145313 0.0211182
0 0.0530762 0.458496 0.0958008 0.254883 0.00751877
0 0.140918 0.760938 0.267773 0.371875 0.00658798
0 0.935156 0.616406 0.129688 0.160156 0.0037365
0 0.205859 0.254687 0.411719 0.0796875 0.00341606
0 0.421191 0.8625 0.201367 0.15 0.00264168
0 0.184326 0.787305 0.350879 0.344141 0.0018177
1 0.140918 0.760938 0.267773 0.371875 0.00167465
0 0.191748 0.0397461 0.196973 0.0794922 0.00161648
0 0.0495117 0.502344 0.0949219 0.340625 0.00155449
0 0.22168 0.946875 0.167578 0.10625 0.00138855
1 0.0516113 0.467871 0.0956055 0.267383 0.00121593
0 0.525 0.895312 0.792188 0.209375 0.00117397
0 0.249023 0.112207 0.246484 0.145117 0.00102425
1 0.502344 0.516406 0.8125 0.545313 0.812988
0 0.490234 0.514453 0.799219 0.549219 0.121704
0 0.124023 0.796875 0.244922 0.279687 0.00366402
0 0.050769 0.459375 0.0980713 0.240625 0.00319672
1 0.490723 0.513672 0.774805 0.542969 0.790039
0 0.496191 0.513965 0.782617 0.542383 0.416748
0 0.744531 0.191992 0.117188 0.136328 0.005867
0 0.923437 0.325781 0.14375 0.121094 0.00568771
0 0.122949 0.734375 0.239648 0.396875 0.00553513
0 0.785156 0.000537109 0.290625 0.00107422 0.00407028
0 0.765625 0.000708008 0.209375 0.00141602 0.00324821
0 0.761719 0.176758 0.15625 0.169141 0.00268364
0 0.914062 0.289844 0.159375 0.163281 0.00188255
0 0.78418 0.15918 0.206641 0.206641 0.00173378
0 0.835156 0.000671387 0.273438 0.00134277 0.00171375
0 0.197852 0.0448364 0.187891 0.0790771 0.0016489
0 0.932031 0.000830078 0.135937 0.00166016 0.00163555
0 0.747656 0.120898 0.260938 0.217187 0.00161648
0 0.951563 0.318359 0.09375 0.096875 0.00144386
1 0.920313 0.662891 0.153125 0.216406 0.00139904
0 0.920313 0.662891 0.153125 0.216406 0.00138855
1 0.843945 0.885938 0.283984 0.209375 0.00136185
0 0.727734 0.00078125 0.208594 0.0015625 0.00127411
0 0.726562 0.210156 0.0765625 0.0984375 0.00118828
0 0.91875 0.000585938 0.1625 0.00117188 0.00107288
0 0.494141 0.512402 0.802344 0.537695 0.606934
1 0.491406 0.514941 0.801562 0.541992 0.554688
0 0.915625 0.329297 0.1625 0.133594 0.00538635
0 0.125586 0.742969 0.247656 0.38125 0.00353813
0 0.213623 0.936328 0.193066 0.127344 0.00313568
0 0.903906 0.292773 0.185937 0.162891 0.00157356
0 0.0880859 0.789062 0.175781 0.2875 0.00115585
0 0.725 0.0736328 0.279687 0.143164 0.00112057
1 0.490723 0.513672 0.774805 0.542969 0.790527
0 0.496191 0.513965 0.782617 0.542383 0.415771
0 0.744531 0.191992 0.117188 0.136328 0.005867
0 0.923437 0.325781 0.14375 0.121094 0.00568771
0 0.122949 0.734375 0.239648 0.396875 0.00553513
0 0.785156 0.000549316 0.290625 0.00109863 0.00407028
0 0.765625 0.000708008 0.209375 0.00141602 0.00324821
0 0.761719 0.176758 0.15625 0.169141 0.00269318
0 0.914062 0.289648 0.159375 0.163281 0.00188923
0 0.78418 0.15918 0.206641 0.206641 0.00174141
0 0.802344 0.000793457 0.209375 0.00158691 0.00172043
0 0.197852 0.0448364 0.187891 0.0790771 0.0016489
0 0.932031 0.000830078 0.135937 0.00166016 0.00163555
0 0.747656 0.121094 0.260938 0.217187 0.00162888
0 0.951563 0.318359 0.09375 0.096875 0.00144958
1 0.920313 0.662891 0.153125 0.216406 0.00139904
0 0.920313 0.662891 0.153125 0.216406 0.00138855
1 0.843945 0.885938 0.283984 0.209375 0.00137234
0 0.727734 0.00078125 0.208594 0.0015625 0.00126934
0 0.726562 0.210156 0.0765625 0.0984375 0.00118828
0 0.848437 0.000744629 0.270312 0.00148926 0.00107765
0 0.91875 0.000585938 0.1625 0.00117188 0.00106525
