1 0.497266 0.498047 0.452344 0.644531 0.82959
0 0.765625 0.839063 0.4125 0.304688 0.0966797
1 0.746875 0.832617 0.440625 0.294141 0.0539856
0 0.455469 0.687109 0.101562 0.208594 0.0328369
0 0.507812 0.497754 0.459375 0.648242 0.0164032
0 0.855078 0.544141 0.289844 0.750781 0.013588
0 0.475391 0.692187 0.144531 0.228125 0.0108566
0 0.342969 0.557031 0.120312 0.410937 0.00978088
1 0.455469 0.687109 0.101562 0.208594 0.00844574
0 0.45 0.658594 0.096875 0.15 0.0068512
1 0.855078 0.544141 0.289844 0.750781 0.00538635
0 0.450781 0.283594 0.264844 0.196094 0.00482941
0 0.517969 0.285742 0.249219 0.201172 0.00457382
0 0.130176 0.479297 0.260352 0.816406 0.00358009
0 0.340625 0.605469 0.135937 0.3 0.00340271
1 0.475391 0.692187 0.144531 0.228125 0.00335121
1 0.342969 0.557031 0.120312 0.410937 0.00317192
0 0.574219 0.276953 0.26875 0.184375 0.00307465
1 0.496094 0.682031 0.429688 0.292188 0.00227928
1 0.45 0.658594 0.096875 0.15 0.00226974
0 0.722656 0.791406 0.240625 0.19375 0.00198746
0 0.315625 0.552344 0.0828125 0.551562 0.00185299
0 0.651172 0.829687 0.647656 0.273438 0.00167465
0 0.496484 0.685156 0.196875 0.209375 0.00154305
0 0.641406 0.431641 0.178125 0.1875 0.00137234
1 0.34375 0.617969 0.133594 0.298438 0.00131512
0 0.669922 0.39375 0.132031 0.24375 0.00124454
1 0.651172 0.829687 0.647656 0.273438 0.00124454
0 0.519922 0.201953 0.296094 0.0484375 0.00124454
0 0.523828 0.194873 0.267969 0.0438477 0.0012207
0 0.180859 0.776367 0.361719 0.400391 0.00109005
0 0.616016 0.271094 0.199219 0.177344 0.00105286
0 0.499219 0.513281 0.451562 0.6625 0.374756
1 0.500098 0.456348 0.44668 0.541992 0.363037
0 0.359375 0.807813 0.696875 0.18125 0.361084
0 0.351758 0.764844 0.691797 0.171875 0.351318
0 0.500879 0.39375 0.448242 0.417188 0.301514
0 0.375391 0.855469 0.735156 0.159375 0.300781
0 0.183691 0.465234 0.367383 0.889844 0.279053
0 0.380078 0.899219 0.760156 0.132812 0.227417
0 0.353906 0.71875 0.70625 0.167187 0.212769
0 0.319727 0.882812 0.602734 0.18125 0.212036
0 0.295508 0.935156 0.590234 0.129688 0.185913
0 0.316992 0.830469 0.603516 0.185937 0.161865
0 0.613379 0.889063 0.623242 0.103125 0.1427
0 0.3625 0.677344 0.725 0.165625 0.137939
0 0.292969 0.908594 0.571094 0.171875 0.137573
1 0.469141 0.532031 0.508594 0.704687 0.13269
0 0.15332 0.460547 0.295312 0.883594 0.122498
0 0.251563 0.482812 0.503125 0.85 0.122131
0 0.264453 0.8875 0.524219 0.225 0.0745239
0 0.638281 0.865625 0.698438 0.13125 0.0733032
0 0.370313 0.628516 0.740625 0.282813 0.0613098
0 0.536035 0.851758 0.537305 0.162109 0.0567627
0 0.597266 0.823438 0.552344 0.189063 0.0513611
0 0.877344 0.46875 0.239063 0.90625 0.0471497
0 0.315234 0.692969 0.630469 0.190625 0.0440063
0 0.499902 0.819531 0.451758 0.192188 0.039856
0 0.601953 0.890625 0.761719 0.129688 0.0397034
0 0.18042 0.198047 0.337598 0.384375 0.0375366
0 0.651172 0.785156 0.647656 0.175 0.0358276
0 0.289062 0.807031 0.578125 0.260938 0.0322876
0 0.270312 0.855469 0.540625 0.2625 0.0310211
1 0.628906 0.889063 0.710938 0.1125 0.0306244
1 0.317578 0.939844 0.635156 0.120312 0.0267639
0 0.623828 0.474219 0.0742188 0.121875 0.0248871
0 0.367578 0.517187 0.730469 0.575 0.0247498
0 0.297266 0.764844 0.594531 0.282813 0.024704
0 0.457031 0.782031 0.5125 0.185937 0.0243378
0 0.382031 0.301172 0.119531 0.06875 0.0238647
1 0.638281 0.865625 0.698438 0.13125 0.0211182
0 0.45 0.660156 0.103125 0.157813 0.0200958
0 0.914062 0.452344 0.171875 0.890625 0.0197601
1 0.317578 0.9125 0.624219 0.153125 0.0196381
0 0.548437 0.635938 0.0773437 0.109375 0.0193481
1 0.877344 0.46875 0.239063 0.90625 0.0184021
0 0.301758 0.63291 0.603516 0.54668 0.0178528
1 0.503223 0.35 0.438867 0.317187 0.0173035
0 0.678125 0.376465 0.0984375 0.131445 0.0170441
0 0.284766 0.703125 0.569531 0.467187 0.016922
0 0.6875 0.388672 0.071875 0.129688 0.0162201
0 0.452344 0.66875 0.0890625 0.10625 0.0150146
0 0.586035 0.929688 0.754492 0.140625 0.014389
1 0.155566 0.475781 0.311133 0.914062 0.0139542
0 0.318164 0.647656 0.636328 0.354688 0.0135345
1 0.361328 0.866406 0.667969 0.157813 0.0130234
1 0.647266 0.825781 0.663281 0.18125 0.01297
0 0.626562 0.464844 0.0765625 0.179688 0.0110703
1 0.355859 0.8125 0.649219 0.170312 0.0104065
0 0.628906 0.477734 0.14375 0.205469 0.0102921
1 0.3625 0.677344 0.725 0.165625 0.00978088
0 0.594531 0.739453 0.709375 0.210156 0.00948334
0 0.432129 0.683594 0.713867 0.259375 0.00912476
0 0.535547 0.706641 0.717969 0.261719 0.0088501
1 0.347266 0.762109 0.644531 0.167969 0.00881195
1 0.651172 0.785156 0.647656 0.175 0.00874329
0 0.378809 0.288672 0.125195 0.0796875 0.0086441
0 0.400781 0.932813 0.778125 0.134375 0.00844574
1 0.370313 0.628516 0.740625 0.282813 0.00837708
0 0.53125 0.458984 0.0914062 0.109375 0.00837708
0 0.391016 0.293164 0.0929687 0.0933594 0.00834656
0 0.644531 0.427344 0.11875 0.0859375 0.00818634
0 0.607422 0.473437 0.213281 0.189063 0.00796509
0 0.687891 0.3625 0.0664062 0.154687 0.00796509
0 0.455078 0.427734 0.128125 0.217969 0.00787354
0 0.582031 0.532031 0.0984375 0.08125 0.00775528
1 0.353906 0.71875 0.70625 0.167187 0.00754929
0 0.449609 0.674219 0.107031 0.084375 0.00740433
1 0.914062 0.452344 0.171875 0.890625 0.00728989
1 0.45 0.660156 0.103125 0.157813 0.00720596
0 0.669141 0.325391 0.0914062 0.130469 0.00698471
0 0.482812 0.730469 0.673437 0.207813 0.0069046
0 0.377344 0.314453 0.13125 0.0464844 0.0068512
0 0.172754 0.269141 0.315039 0.510938 0.00679779
0 0.626562 0.495313 0.0742188 0.103125 0.00664139
0 0.392871 0.505078 0.775195 0.792969 0.00636292
1 0.201758 0.198242 0.369922 0.381641 0.00634003
0 0.625781 0.29668 0.198437 0.175391 0.00629044
0 0.482031 0.418652 0.175781 0.198633 0.00629044
1 0.200781 0.485156 0.401563 0.885938 0.00621796
1 0.410547 0.890625 0.777344 0.115625 0.00609589
0 0.542188 0.589063 0.417188 0.359375 0.00595856
0 0.658594 0.309375 0.114063 0.105078 0.00584412
0 0.876562 0.691406 0.240625 0.604688 0.00559998
0 0.670313 0.54834 0.109375 0.358008 0.00548935
0 0.541406 0.652344 0.0984375 0.0921875 0.00536346
1 0.586035 0.929688 0.754492 0.140625 0.00534439
0 0.634375 0.286328 0.117188 0.10625 0.00534439
0 0.118555 0.199658 0.233984 0.383496 0.0050621
1 0.535156 0.469531 0.0929687 0.132812 0.00498199
0 0.681641 0.345508 0.08125 0.143359 0.00494385
0 0.392188 0.381934 0.0789063 0.10957 0.00494385
1 0.367578 0.517187 0.730469 0.575 0.00450516
1 0.251563 0.482812 0.503125 0.85 0.00426483
0 0.586719 0.688672 0.521875 0.225781 0.0042305
1 0.285742 0.891406 0.545703 0.217187 0.00421524
0 0.309375 0.959375 0.61875 0.08125 0.00421524
0 0.657812 0.429688 0.11875 0.1125 0.00415039
1 0.455078 0.427734 0.128125 0.217969 0.0039444
0 0.637891 0.361719 0.174219 0.230469 0.0039444
0 0.49375 0.234375 0.114844 0.0929687 0.0039444
0 0.627734 0.964063 0.553906 0.071875 0.00367928
0 0.621094 0.445312 0.090625 0.146094 0.00362206
0 0.540625 0.767969 0.096875 0.0828125 0.00356483
0 0.430078 0.437891 0.147656 0.235156 0.00345612
0 0.897656 0.566406 0.204688 0.81875 0.00331116
0 0.621875 0.270117 0.126563 0.104687 0.00327301
1 0.614062 0.470703 0.178125 0.192969 0.00324821
0 0.478125 0.352734 0.171875 0.0476562 0.00314713
1 0.315234 0.692969 0.630469 0.190625 0.00311089
0 0.45 0.41875 0.107813 0.125781 0.00309944
0 0.228125 0.237305 0.411719 0.462109 0.0029583
0 0.649219 0.286328 0.11875 0.138281 0.0029583
0 0.689062 0.551562 0.06875 0.13125 0.00286674
0 0.542969 0.664453 0.0757812 0.166406 0.00279999
0 0.636719 0.409375 0.13125 0.0664062 0.00277901
1 0.482031 0.418652 0.175781 0.198633 0.00268364
1 0.430078 0.437891 0.147656 0.235156 0.00260162
0 0.883594 0.814844 0.228125 0.370313 0.00258064
0 0.451562 0.441797 0.105469 0.1375 0.00258064
0 0.474219 0.343359 0.160938 0.0515625 0.00255013
0 0.608594 0.252344 0.146094 0.0789063 0.00251198
1 0.309375 0.959375 0.61875 0.08125 0.00247192
0 0.677344 0.448828 0.08125 0.128125 0.00247192
1 0.536035 0.851758 0.537305 0.162109 0.00244331
0 0.521875 0.963281 0.473437 0.0734375 0.00242424
0 0.510938 0.56875 0.0914062 0.0953125 0.002388
0 0.625 0.252344 0.11875 0.1 0.00236893
0 0.553125 0.628125 0.0890625 0.142188 0.00235939
0 0.635156 0.425391 0.117188 0.114844 0.00234222
0 0.546875 0.46875 0.117188 0.139062 0.00234222
0 0.684375 0.408594 0.0796875 0.14375 0.00234222
0 0.461719 0.65 0.0765625 0.189844 0.00232315
1 0.594531 0.739453 0.709375 0.210156 0.00231361
0 0.448828 0.6875 0.110156 0.06875 0.00228691
0 0.449219 0.635938 0.103906 0.101562 0.00228691
0 0.489844 0.341406 0.425781 0.296875 0.00226021
0 0.598437 0.225781 0.1625 0.0429688 0.00220871
0 0.500781 0.373437 0.116406 0.0921875 0.00219154
0 0.535937 0.779688 0.1125 0.059375 0.00215721
0 0.6375 0.265234 0.096875 0.126563 0.00214958
0 0.468359 0.654688 0.0679687 0.121875 0.00214005
0 0.851562 0.759375 0.284375 0.459375 0.00214005
0 0.455859 0.645312 0.084375 0.128125 0.00214005
0 0.529688 0.48125 0.09375 0.0921875 0.00211525
0 0.671875 0.417871 0.109375 0.323633 0.00209045
1 0.627734 0.964063 0.553906 0.071875 0.00205803
0 0.68125 0.612109 0.071875 0.142969 0.00203514
0 0.645312 0.437402 0.115625 0.145508 0.00195694
1 0.584375 0.48125 0.196875 0.178906 0.00194931
0 0.664453 0.370703 0.130469 0.128906 0.00194168
1 0.535547 0.706641 0.717969 0.261719 0.00183105
0 0.677344 0.638281 0.0757812 0.139062 0.00181007
0 0.6125 0.644141 0.09375 0.127344 0.0018034
1 0.54375 0.679688 0.08125 0.175 0.00179577
1 0.678125 0.566406 0.0984375 0.398438 0.00174141
0 0.544531 0.754297 0.0921875 0.113281 0.00174141
0 0.518359 0.376172 0.0960938 0.10625 0.00174141
0 0.540625 0.66875 0.103125 0.103125 0.00168705
0 0.676562 0.42666 0.0867188 0.126367 0.00167465
0 0.673437 0.659375 0.084375 0.125 0.00166798
0 0.320508 0.411328 0.0941406 0.114844 0.00164223
1 0.616406 0.488281 0.128125 0.223438 0.00162888
0 0.841992 0.261719 0.269141 0.502344 0.00161076
0 0.630469 0.322656 0.188281 0.117188 0.0015974
1 0.400781 0.932813 0.778125 0.134375 0.00156116
0 0.391406 0.393359 0.782812 0.438281 0.00154877
0 0.598047 0.740625 0.0992187 0.0890625 0.00154877
1 0.318164 0.647656 0.636328 0.354688 0.00153637
0 0.892187 0.360156 0.209375 0.714844 0.00146675
1 0.432129 0.683594 0.713867 0.259375 0.00144386
0 0.817187 0.210938 0.326562 0.407813 0.00143242
0 0.685938 0.469922 0.0765625 0.148438 0.00141048
0 0.452734 0.463672 0.0960938 0.101562 0.00139904
0 0.580566 0.596484 0.443555 0.438281 0.00137806
0 0.634375 0.442578 0.09375 0.176563 0.00137806
1 0.468359 0.654688 0.0679687 0.121875 0.00136662
0 0.689062 0.587891 0.0703125 0.142969 0.00136662
0 0.646875 0.514844 0.157813 0.275 0.00134087
0 0.230469 0.168262 0.405469 0.32793 0.00130463
1 0.499902 0.819531 0.451758 0.192188 0.00130463
0 0.536719 0.445312 0.10625 0.115625 0.00130463
0 0.651563 0.407031 0.121875 0.100781 0.00129414
0 0.500781 0.236914 0.146875 0.0765625 0.00129414
1 0.392871 0.505078 0.775195 0.792969 0.00127888
0 0.777344 0.719922 0.41875 0.453906 0.0012598
0 0.647656 0.27793 0.090625 0.139453 0.00124454
0 0.8625 0.569141 0.25625 0.686719 0.00122547
0 0.596875 0.464063 0.0703125 0.153125 0.00121593
1 0.542188 0.464453 0.121875 0.163281 0.00121593
0 0.659473 0.183984 0.656055 0.355469 0.0012064
1 0.625781 0.29668 0.198437 0.175391 0.00117874
1 0.153516 0.173828 0.298438 0.332031 0.00115108
1 0.876562 0.648438 0.239063 0.7 0.00112057
0 0.360156 0.535156 0.0851562 0.139844 0.0011158
1 0.897656 0.566406 0.204688 0.81875 0.00108624
0 0.447656 0.620703 0.107813 0.0828125 0.00106049
1 0.521875 0.963281 0.473437 0.0734375 0.00105667
1 0.542188 0.589063 0.417188 0.359375 0.00105286
1 0.457031 0.782031 0.5125 0.185937 0.00104046
1 0.263281 0.913281 0.526563 0.173438 0.00101185
0 0.551562 0.651563 0.0671875 0.14375 0.00100803
0 0.639844 0.454688 0.164062 0.157813 0.00100803
0 0.337109 0.200391 0.639844 0.392969 0.00100422
1 0.498828 0.503809 0.472656 0.637695 0.85791
0 0.889844 0.00449219 0.220313 0.00898437 0.00224304
1 0.860937 0.534375 0.271875 0.784375 0.00219154
0 0.149609 0.00478516 0.299219 0.00957031 0.00165462
0 0.834375 0.00476074 0.33125 0.00952148 0.0012207
0 0.744531 0.00498047 0.485938 0.00996094 0.00108147
0 0.643359 0.00510254 0.489844 0.0102051 0.00103664
0 0.319531 0.00498047 0.489062 0.00996094 0.00102806
0 0.41875 0.00507812 0.490625 0.0101562 0.00101662
0 0.518652 0.00509033 0.49082 0.0101807 0.00100422
1 0.505566 0.493359 0.466992 0.630469 0.872559
1 0.507812 0.507031 0.475 0.640625 0.871582
1 0.451953 0.644531 0.0945313 0.144531 0.00231361
1 0.50625 0.499609 0.467969 0.644531 0.898926
0 0.510547 0.507422 0.474219 0.653906 0.00340271
1 0.489746 0.648438 0.411133 0.370313 0.00101662
1 0.506641 0.497754 0.471094 0.64043 0.888672
1 0.43291 0.438379 0.270117 0.21543 0.00317192
1 0.506152 0.498437 0.470508 0.629687 0.88623
1 0.505566 0.501562 0.468555 0.640625 0.913574
1 0.50459 0.503125 0.461133 0.63125 0.880859
1 0.505566 0.501562 0.468555 0.640625 0.914062
