0 0.528223 0.587402 0.779492 0.729883 0.909668
0 0.508984 0.683984 0.747656 0.522656 0.317383
0 0.404687 0.696094 0.554688 0.484375 0.146606
0 0.408203 0.767969 0.560156 0.335938 0.0664673
1 0.53125 0.599219 0.76875 0.698438 0.0166626
0 0.476465 0.108203 0.225195 0.20625 0.0157776
0 0.520703 0.766016 0.769531 0.349219 0.00901794
0 0.516406 0.10752 0.1375 0.212695 0.00661469
1 0.467969 0.695312 0.66875 0.490625 0.00482941
0 0.557031 0.319922 0.203125 0.224219 0.00284576
0 0.360742 0.246094 0.194141 0.153125 0.00259018
0 0.362109 0.214014 0.195312 0.22041 0.00211525
1 0.492969 0.100562 0.18125 0.198486 0.0017271
0 0.219922 0.142578 0.153125 0.251563 0.00168705
1 0.408203 0.767969 0.560156 0.335938 0.00159168
0 0.896875 0.786133 0.159375 0.190234 0.00158501
0 0.783594 0.567578 0.301562 0.667969 0.00151253
0 0.611719 0.314844 0.245312 0.214062 0.0014267
0 0.914062 0.326172 0.159375 0.230469 0.00124931
0 0.526563 0.56875 0.80625 0.754687 0.913574
0 0.318359 0.129688 0.636719 0.23125 0.390381
0 0.328516 0.169531 0.657031 0.322656 0.172119
0 0.328906 0.799219 0.657812 0.401563 0.156616
0 0.345703 0.11377 0.488281 0.212305 0.122925
0 0.548828 0.0551758 0.0695312 0.110352 0.0486755
0 0.297656 0.218164 0.595312 0.356641 0.0452576
0 0.269531 0.391016 0.539062 0.503906 0.0440979
0 0.460938 0.491797 0.921875 0.563281 0.035553
0 0.262305 0.298633 0.524609 0.348047 0.0327148
0 0.283594 0.454688 0.567187 0.7 0.0297089
1 0.337891 0.792578 0.675781 0.414844 0.0282745
0 0.300391 0.327734 0.600781 0.448438 0.0242767
0 0.37793 0.231641 0.755859 0.463281 0.023819
0 0.547656 0.0647461 0.071875 0.129492 0.0223694
0 0.310937 0.425391 0.621875 0.594531 0.0160217
1 0.318359 0.129688 0.636719 0.23125 0.0148392
0 0.346094 0.296289 0.692187 0.569922 0.0143356
0 0.494531 0.126758 0.795313 0.240234 0.0124817
1 0.328516 0.169531 0.657031 0.322656 0.00854492
0 0.536328 0.0480469 0.107031 0.0960938 0.00674438
0 0.675781 0.555078 0.503125 0.733594 0.00544739
1 0.353516 0.843359 0.707031 0.313281 0.00510025
0 0.448438 0.20625 0.896875 0.4125 0.0045929
0 0.417188 0.104687 0.396875 0.209375 0.00411606
1 0.345703 0.11377 0.488281 0.212305 0.00400543
0 0.517187 0.773438 0.778125 0.357812 0.00374985
0 0.550781 0.0727051 0.06875 0.126855 0.00362206
0 0.465625 0.383203 0.93125 0.402344 0.00335121
0 0.975 0.503906 0.05 0.567187 0.00290108
1 0.297656 0.218164 0.595312 0.356641 0.00276756
0 0.158984 0.753906 0.317969 0.346875 0.00269318
0 0.884375 0.525781 0.075 0.128125 0.00261116
0 0.351367 0.473437 0.702734 0.74375 0.00221634
0 0.525391 0.671094 0.783594 0.529688 0.00201988
0 0.885938 0.549609 0.075 0.125 0.0019722
0 0.875781 0.488281 0.09375 0.125 0.00174141
0 0.155078 0.700391 0.310156 0.377344 0.00168705
0 0.963281 0.45459 0.0734375 0.598633 0.00149536
0 0.978125 0.611035 0.04375 0.523242 0.00143814
0 0.8125 0.355078 0.114063 0.129688 0.00136185
1 0.37793 0.231641 0.755859 0.463281 0.0012846
0 0.871094 0.465625 0.0859375 0.134375 0.00118828
0 0.964453 0.667578 0.0710938 0.242969 0.00114727
0 0.282471 0.920313 0.27334 0.159375 0.00112438
0 0.876562 0.511719 0.1 0.11875 0.0011158
0 0.885938 0.6625 0.075 0.129688 0.0011158
0 0.182422 0.792383 0.364844 0.380859 0.00109863
0 0.885938 0.575 0.075 0.126563 0.00102425
0 0.528125 0.576953 0.801562 0.722656 0.947266
0 0.895312 0.00566406 0.209375 0.0113281 0.00327301
1 0.517578 0.580078 0.783594 0.728906 0.00293541
0 0.697656 0.315039 0.409375 0.233984 0.00265312
0 0.657031 0.00454102 0.448438 0.00908203 0.0024147
0 0.145215 0.00595703 0.29043 0.0119141 0.00203514
0 0.84375 0.00585938 0.3125 0.0117188 0.0019722
0 0.199219 0.00571289 0.398438 0.0114258 0.00154877
0 0.548437 0.00430908 0.40625 0.00861816 0.00119686
0 0.532812 0.580859 0.792188 0.738281 0.891602
1 0.528223 0.576563 0.793555 0.71875 0.00763702
0 0.344727 0.550684 0.433984 0.608008 0.0019722
0 0.53291 0.571973 0.779492 0.731055 0.935059
1 0.531152 0.576953 0.78457 0.721094 0.00473785
0 0.526953 0.573438 0.794531 0.732813 0.959961
0 0.113867 0.890625 0.227734 0.21875 0.00717545
0 0.102051 0.824023 0.193555 0.351953 0.00524139
1 0.892969 0.107422 0.214062 0.214844 0.00251198
1 0.113867 0.890625 0.227734 0.21875 0.00251198
1 0.531641 0.568066 0.808594 0.729492 0.00246239
1 0.102051 0.824023 0.193555 0.351953 0.00228691
0 0.892969 0.107422 0.214062 0.214844 0.00203514
0 0.527734 0.58125 0.797656 0.759375 0.93457
1 0.527734 0.576172 0.803906 0.739844 0.00294685
0 0.862891 0.914062 0.274219 0.170312 0.00168133
0 0.690625 0.0952881 0.239063 0.190283 0.00129414
0 0.523438 0.578809 0.796875 0.74082 0.830078
1 0.526465 0.571777 0.793945 0.743945 0.0039444
0 0.533203 0.574219 0.761719 0.748438 0.90918
0 0.877344 0.896484 0.225 0.207031 0.00172043
1 0.535547 0.574219 0.767969 0.745313 0.00143242
0 0.529297 0.572266 0.791406 0.735156 0.921875
0 0.86875 0.9125 0.254687 0.16875 0.00232315
0 0.698438 0.566797 0.446875 0.727344 0.00154305
0 0.533203 0.574219 0.761719 0.748438 0.90918
0 0.877344 0.896484 0.225 0.207031 0.00171375
1 0.535547 0.574219 0.767969 0.745313 0.00143242
