0 0.437109 0.592188 0.735156 0.76875 0.740234
0 0.424121 0.7125 0.683008 0.542188 0.357666
0 0.357812 0.778906 0.539062 0.404687 0.0975342
1 0.447266 0.608691 0.724219 0.745117 0.0704346
1 0.424121 0.7125 0.683008 0.542188 0.0383911
0 0.860937 0.55625 0.1125 0.707812 0.0276337
0 0.895312 0.491797 0.190625 0.825781 0.0184784
1 0.357812 0.778906 0.539062 0.404687 0.00643921
0 0.840625 0.545703 0.075 0.674219 0.00405502
1 0.895312 0.491797 0.190625 0.825781 0.00344276
0 0.882812 0.578223 0.1625 0.660742 0.00273705
1 0.860937 0.55625 0.1125 0.707812 0.00245285
0 0.588281 0.138184 0.234375 0.201758 0.00225258
0 0.416016 0.815625 0.638281 0.326562 0.00210762
0 0.85625 0.552344 0.09375 0.43125 0.00191879
0 0.8875 0.466406 0.225 0.826563 0.00191879
0 0.527344 0.139258 0.217187 0.203516 0.00156116
0 0.538184 0.749219 0.518945 0.457812 0.00124931
0 0.798437 0.832422 0.403125 0.335156 0.00121117
0 0.388281 0.169043 0.167187 0.244727 0.00117397
0 0.899219 0.462109 0.201562 0.691406 0.00114727
0 0.433203 0.157031 0.183594 0.238281 0.00113392
1 0.441309 0.515625 0.75332 0.921875 0.812988
0 0.40625 0.377441 0.0875 0.110742 0.196167
0 0.442871 0.514844 0.758008 0.923437 0.188965
0 0.8625 0.219922 0.257812 0.413281 0.131592
0 0.372852 0.397266 0.154297 0.151562 0.0668335
0 0.769531 0.376172 0.0859375 0.127344 0.0380249
0 0.459766 0.846094 0.700781 0.278125 0.0347595
1 0.372852 0.397266 0.154297 0.151562 0.0157776
1 0.442187 0.835742 0.684375 0.287891 0.0145035
0 0.759766 0.354102 0.0851562 0.138672 0.0137405
0 0.771875 0.401563 0.0765625 0.127344 0.0134277
1 0.8625 0.219922 0.257812 0.413281 0.0126724
0 0.394434 0.401172 0.104883 0.149219 0.0124817
0 0.398047 0.368555 0.0992187 0.0886719 0.0115051
0 0.892187 0.336914 0.196875 0.633984 0.0111618
0 0.832812 0.175195 0.285937 0.326953 0.0102081
0 0.361914 0.8125 0.501172 0.328125 0.00919342
0 0.785937 0.487109 0.0734375 0.132812 0.00775528
0 0.773438 0.424609 0.08125 0.121094 0.00682449
0 0.915625 0.467969 0.15 0.871875 0.00609589
1 0.361914 0.8125 0.501172 0.328125 0.00494385
0 0.783008 0.4625 0.0777344 0.148438 0.00494385
1 0.394434 0.401172 0.104883 0.149219 0.00439835
0 0.130371 0.759375 0.231445 0.335938 0.00429916
0 0.778125 0.435547 0.0828125 0.161719 0.00336266
0 0.749219 0.326953 0.0953125 0.129688 0.00312424
1 0.439063 0.740625 0.715625 0.465625 0.003088
0 0.439063 0.740625 0.715625 0.465625 0.00290108
0 0.773828 0.40459 0.0773437 0.186133 0.0026722
0 0.7375 0.288672 0.0984375 0.141406 0.0024147
0 0.723437 0.263281 0.107813 0.146094 0.00240517
0 0.520312 0.162109 0.117969 0.114063 0.00228691
1 0.832812 0.175195 0.285937 0.326953 0.00189686
0 0.528906 0.143262 0.129688 0.110352 0.00181007
0 0.711719 0.236328 0.110937 0.150781 0.00171375
0 0.745313 0.30332 0.084375 0.143359 0.00162315
0 0.679297 0.369922 0.261719 0.644531 0.00156116
0 0.621484 0.128223 0.135156 0.0835937 0.00153637
0 0.403906 0.183789 0.103125 0.125781 0.00151253
0 0.699609 0.216406 0.107813 0.151172 0.00142097
0 0.630469 0.491406 0.376563 0.889063 0.00139904
0 0.278467 0.763281 0.365723 0.385938 0.00134087
0 0.872656 0.721875 0.254687 0.55625 0.00128937
0 0.159668 0.845117 0.288477 0.300391 0.00123978
0 0.455078 0.351367 0.065625 0.110547 0.00122547
0 0.426562 0.367969 0.0992187 0.196094 0.00117874
0 0.685938 0.20625 0.1125 0.113672 0.00117874
0 0.764844 0.343164 0.0796875 0.192578 0.0011692
0 0.601172 0.5125 0.138281 0.075 0.0011425
0 0.728125 0.40625 0.178125 0.734375 0.0011158
0 0.787305 0.5125 0.0722656 0.1375 0.00111198
0 0.608594 0.105859 0.145313 0.05625 0.00106907
1 0.892187 0.336914 0.196875 0.633984 0.00103188
1 0.446484 0.5125 0.739844 0.917188 0.899902
0 0.44541 0.525 0.737305 0.898438 0.00787354
0 0.9 0.00588379 0.2 0.0117676 0.00342941
0 0.207422 0.00616455 0.414844 0.0123291 0.00266266
0 0.144434 0.00623779 0.288867 0.0124756 0.00265312
0 0.280859 0.00556641 0.424219 0.0111328 0.0016613
0 0.8875 0.4875 0.2125 0.853125 0.00145531
1 0.8875 0.4875 0.2125 0.853125 0.00128937
0 0.85 0.00583496 0.3 0.0116699 0.00124454
0 0.723437 0.0048584 0.45625 0.0097168 0.0011692
0 0.432129 0.00473633 0.448242 0.00947266 0.00105667
1 0.444629 0.507422 0.738867 0.941406 0.944336
0 0.421875 0.991406 0.200781 0.0171875 0.00293541
0 0.446875 0.508984 0.75 0.938281 0.0018034
0 0.358203 0.992578 0.229687 0.0148437 0.00133514
1 0.441016 0.511719 0.736719 0.934375 0.884277
0 0.443848 0.504687 0.731055 0.95 0.00561905
1 0.480859 0.231836 0.808594 0.369141 0.00233269
1 0.444531 0.507812 0.739062 0.928125 0.921387
0 0.44834 0.511719 0.736133 0.929688 0.0366211
1 0.450781 0.519922 0.748438 0.932031 0.918945
0 0.445996 0.508594 0.736133 0.959375 0.00173378
1 0.442969 0.513281 0.735937 0.934375 0.854004
0 0.451562 0.511719 0.740625 0.940625 0.00134563
1 0.452441 0.511719 0.72168 0.945312 0.936035
1 0.45 0.503906 0.742188 0.945312 0.880371
1 0.452734 0.511719 0.721094 0.945312 0.936035
