0 0.45 0.652734 0.698438 0.657031 0.890137
0 0.367383 0.772656 0.569922 0.410937 0.10144
1 0.45 0.650391 0.69375 0.667969 0.00967407
0 0.471191 0.503125 0.71543 0.825 0.00374985
0 0.426172 0.809375 0.684375 0.334375 0.00367928
0 0.387598 0.271094 0.206055 0.182031 0.00317192
0 0.353125 0.278516 0.222656 0.196094 0.00234985
0 0.305859 0.802344 0.46875 0.354688 0.00218201
0 0.8375 0.713281 0.121875 0.171875 0.00201988
0 0.77832 0.335742 0.265234 0.0753906 0.00187492
0 0.723437 0.926562 0.142188 0.121875 0.00170708
0 0.304688 0.188281 0.0363281 0.112109 0.00169373
0 0.61875 0.118066 0.334375 0.0416016 0.00147247
0 0.838281 0.686719 0.132812 0.195312 0.00137234
0 0.344922 0.832617 0.591406 0.297266 0.00129986
0 0.827344 0.739453 0.120312 0.177344 0.00123978
1 0.367383 0.772656 0.569922 0.410937 0.0011425
0 0.434473 0.573047 0.710742 0.797656 0.959473
0 0.910937 0.242773 0.16875 0.311328 0.113586
0 0.854688 0.542969 0.2875 0.782812 0.0322876
0 0.519922 0.199219 0.888281 0.228906 0.0284424
0 0.505469 0.236133 0.921875 0.343359 0.0270081
0 0.306836 0.35918 0.0871094 0.0902344 0.0262604
0 0.839258 0.650781 0.302734 0.635938 0.0200958
0 0.748828 0.507031 0.486719 0.792188 0.0156708
0 0.783203 0.671875 0.433594 0.64375 0.0138474
0 0.682813 0.213672 0.104687 0.05625 0.0127716
1 0.519922 0.199219 0.888281 0.228906 0.0111618
0 0.806445 0.282422 0.102734 0.117188 0.00912476
0 0.314258 0.354688 0.0855469 0.128125 0.0085144
0 0.397656 0.808594 0.795313 0.321875 0.00751877
0 0.490234 0.452441 0.889844 0.632617 0.00653839
1 0.505469 0.236133 0.921875 0.343359 0.00605011
0 0.642187 0.245703 0.0695312 0.110156 0.00503922
0 0.498437 0.325 0.915625 0.478125 0.00453949
0 0.69375 0.228906 0.078125 0.101562 0.00413513
0 0.79668 0.253906 0.103516 0.122656 0.00411606
0 0.224609 0.353711 0.148438 0.0503906 0.00403976
0 0.808008 0.312891 0.118359 0.0648438 0.00376511
0 0.680469 0.204883 0.115625 0.059375 0.00372124
1 0.438672 0.532812 0.733594 0.884375 0.00313568
0 0.807031 0.267578 0.0828125 0.138281 0.00286674
0 0.234424 0.362891 0.156934 0.0460938 0.00282288
0 0.896484 0.256299 0.207031 0.356152 0.00271416
0 0.649219 0.240674 0.0945313 0.135059 0.00266266
0 0.792188 0.230273 0.1 0.132031 0.00263214
0 0.572656 0.214062 0.134375 0.05 0.00260162
0 0.603906 0.276563 0.167187 0.0445312 0.00258064
0 0.669434 0.598047 0.661133 0.732031 0.00235939
1 0.913281 0.256055 0.167187 0.321484 0.00217438
0 0.80332 0.298438 0.118359 0.0820312 0.00209999
0 0.367578 0.83418 0.659375 0.262891 0.00187492
0 0.619141 0.289648 0.178906 0.0449219 0.00182438
0 0.273438 0.403516 0.149609 0.0476562 0.00181007
0 0.226953 0.343945 0.135937 0.0558594 0.00178242
0 0.766406 0.22832 0.176563 0.233594 0.0017271
0 0.521875 0.498047 0.101562 0.111719 0.00162315
0 0.583594 0.673047 0.54375 0.600781 0.00156689
0 0.81582 0.279297 0.0839844 0.165625 0.00155449
1 0.894531 0.225391 0.204688 0.342969 0.00150681
0 0.84082 0.203516 0.318359 0.366406 0.00148964
0 0.728125 0.459375 0.1 0.1125 0.00145531
0 0.696094 0.281836 0.16875 0.0515625 0.00143242
0 0.702734 0.684766 0.563281 0.608594 0.00142097
0 0.244922 0.351172 0.136719 0.0515625 0.0012064
0 0.298438 0.34668 0.1125 0.0746094 0.00119686
0 0.156836 0.740625 0.313672 0.35 0.00118351
0 0.407422 0.288086 0.127344 0.0535156 0.00113392
0 0.682813 0.314648 0.178125 0.0445312 0.00109482
0 0.542969 0.251953 0.167187 0.0449219 0.00107765
0 0.576172 0.223438 0.142969 0.04375 0.00107288
0 0.266016 0.491406 0.139062 0.0578125 0.00107288
0 0.411719 0.6875 0.725781 0.559375 0.00102043
0 0.70625 0.0635742 0.25 0.125977 0.00100422
0 0.440234 0.576465 0.713281 0.793945 0.937988
0 0.753906 0.53125 0.492188 0.889063 0.0141144
0 0.653906 0.532031 0.467187 0.892187 0.00382423
0 0.898438 0.0057373 0.203125 0.0114746 0.00286674
1 0.449902 0.558594 0.723633 0.8375 0.00264168
0 0.183008 0.00595703 0.366016 0.0119141 0.00248146
0 0.846094 0.00587158 0.307813 0.0117432 0.0018177
0 0.623438 0.0046875 0.460938 0.009375 0.00157928
0 0.335742 0.00471191 0.444922 0.00942383 0.00147247
1 0.753906 0.53125 0.492188 0.889063 0.00133038
0 0.544141 0.00493164 0.485156 0.00986328 0.00108147
0 0.437891 0.533203 0.710156 0.864844 0.907227
1 0.439453 0.532031 0.702344 0.89375 0.00559998
0 0.448047 0.582422 0.689844 0.786719 0.949219
1 0.445996 0.583691 0.69707 0.78418 0.00564194
0 0.437402 0.547656 0.718945 0.851562 0.963379
0 0.908594 0.867383 0.179688 0.255859 0.00222588
0 0.112012 0.132812 0.21543 0.260156 0.00204277
1 0.441406 0.559766 0.721875 0.833594 0.00178909
0 0.883594 0.0890625 0.232812 0.172656 0.00174141
0 0.932813 0.851758 0.134375 0.293359 0.0012846
0 0.45166 0.576953 0.731055 0.802344 0.91748
0 0.30918 0.183398 0.0464844 0.0792969 0.00526047
1 0.883594 0.891406 0.232812 0.2125 0.00436401
0 0.883594 0.891406 0.232812 0.2125 0.00270462
1 0.446973 0.575098 0.72168 0.799805 0.00261116
1 0.30918 0.183398 0.0464844 0.0792969 0.00161076
0 0.119922 0.892187 0.225781 0.2 0.00153637
0 0.43916 0.581348 0.71543 0.793555 0.833008
1 0.439063 0.580566 0.714063 0.785742 0.00183105
0 0.449609 0.578516 0.683594 0.780469 0.891602
1 0.447559 0.58291 0.683008 0.776367 0.00268364
0 0.445996 0.581934 0.700195 0.786133 0.906738
0 0.7 0.309766 0.435937 0.426562 0.00157928
0 0.605859 0.313086 0.569531 0.394141 0.00119686
1 0.444922 0.582031 0.710156 0.782812 0.00113773
0 0.449609 0.578516 0.683594 0.780469 0.892578
1 0.447559 0.58291 0.683008 0.776367 0.00268364
