0 0.510938 0.496094 0.6875 0.890625 0.843262
0 0.45791 0.707422 0.620117 0.449219 0.460938
0 0.499121 0.614453 0.676758 0.630469 0.275879
1 0.501562 0.561621 0.679688 0.748633 0.0142822
1 0.451562 0.686719 0.617969 0.482812 0.0110703
0 0.457812 0.771094 0.6125 0.314063 0.00971222
0 0.721484 0.924219 0.167969 0.101562 0.00304031
0 0.638281 0.136719 0.242188 0.213281 0.00142097
0 0.9125 0.797266 0.175 0.405469 0.00130939
0 0.456152 0.490625 0.775195 0.8625 0.842285
1 0.472559 0.492188 0.74707 0.878125 0.0747681
0 0.878125 0.260938 0.175 0.508594 0.0743408
0 0.391797 0.799023 0.739062 0.401953 0.0470886
0 0.423438 0.80918 0.8 0.300391 0.036499
0 0.861133 0.216992 0.230859 0.424609 0.0193024
0 0.422559 0.714453 0.783008 0.422656 0.00717545
1 0.878125 0.260938 0.175 0.508594 0.00577545
0 0.89375 0.205029 0.178125 0.393848 0.00521851
1 0.391797 0.799023 0.739062 0.401953 0.00502014
0 0.288867 0.628906 0.577734 0.739062 0.00486755
0 0.884375 0.316406 0.120312 0.621094 0.00383949
1 0.875781 0.179248 0.2125 0.339941 0.00209999
0 0.0256836 0.7625 0.0513672 0.471875 0.00156116
0 0.853125 0.625781 0.06875 0.140625 0.00131512
0 0.325781 0.515234 0.651563 0.844531 0.00123024
0 0.7375 0.402344 0.120312 0.065625 0.00105667
0 0.369336 0.845312 0.142578 0.0671875 0.00104809
0 0.446777 0.630078 0.78457 0.602344 0.00104046
0 0.500391 0.494531 0.722656 0.873438 0.725098
1 0.507031 0.494531 0.739062 0.8625 0.137573
0 0.144141 0.00612793 0.288281 0.0122559 0.00245285
0 0.196875 0.00606689 0.39375 0.0121338 0.00215721
0 0.496191 0.479688 0.687305 0.892187 0.809082
1 0.497266 0.478516 0.674219 0.908594 0.0531006
0 0.495215 0.482031 0.673633 0.8875 0.767578
1 0.496094 0.4875 0.679688 0.885938 0.158691
0 0.499316 0.478516 0.688867 0.888281 0.563965
1 0.496875 0.485938 0.671875 0.88125 0.561035
0 0.911719 0.864844 0.175 0.260938 0.00130463
0 0.505859 0.494922 0.710156 0.889844 0.848633
1 0.500684 0.485938 0.708008 0.901563 0.189575
0 0.904688 0.863477 0.190625 0.273047 0.00279045
0 0.0930664 0.126758 0.18418 0.253516 0.00201988
1 0.904688 0.863477 0.190625 0.273047 0.00139904
1 0.0930664 0.126758 0.18418 0.253516 0.00104427
0 0.494922 0.490234 0.685156 0.885156 0.803711
1 0.494922 0.489844 0.680469 0.898438 0.0179901
0 0.501953 0.49375 0.664844 0.898438 0.859863
1 0.499121 0.484766 0.667383 0.914844 0.0205994
0 0.904688 0.769531 0.178125 0.459375 0.00104809
0 0.497656 0.486328 0.679688 0.871094 0.888672
1 0.494531 0.489062 0.684375 0.878125 0.0254669
0 0.501562 0.492969 0.664062 0.898438 0.859863
1 0.499121 0.484766 0.667383 0.914844 0.0207214
0 0.904688 0.769531 0.178125 0.459375 0.00104809
