1 0.482129 0.524219 0.760742 0.817187 0.757812
0 0.460547 0.505859 0.797656 0.849219 0.083313
1 0.457812 0.685156 0.732813 0.507812 0.0484009
1 0.344531 0.698047 0.516406 0.475781 0.00629044
1 0.446875 0.771875 0.709375 0.323438 0.00400543
1 0.365234 0.786719 0.546094 0.290625 0.00376511
0 0.895312 0.505078 0.065625 0.472656 0.0036068
0 0.485156 0.186914 0.201562 0.227734 0.00287819
0 0.771484 0.901563 0.177344 0.120312 0.00286674
0 0.889063 0.520215 0.071875 0.66582 0.00264168
0 0.201123 0.492188 0.263379 0.0453125 0.00234985
0 0.283252 0.600781 0.220996 0.13125 0.0019722
0 0.229346 0.452344 0.206152 0.05625 0.0019722
0 0.243018 0.580469 0.270215 0.175 0.0017271
1 0.413281 0.817969 0.646094 0.229687 0.00167465
0 0.764063 0.917188 0.196875 0.1 0.00165462
0 0.206641 0.4375 0.251172 0.0796875 0.0016489
0 0.786719 0.382812 0.192188 0.16875 0.0014267
0 0.7875 0.410937 0.189063 0.153125 0.00138283
0 0.528906 0.181836 0.204688 0.219922 0.00131512
0 0.796875 0.408984 0.16875 0.220313 0.00117874
0 0.363281 0.826758 0.525 0.224609 0.00117874
0 0.882812 0.591016 0.0640625 0.672656 0.00113773
0 0.457812 0.685156 0.732813 0.507812 0.00106907
1 0.474609 0.522656 0.808594 0.892187 0.835449
1 0.460547 0.792188 0.772656 0.273438 0.297363
0 0.460547 0.792188 0.772656 0.273438 0.288574
1 0.458594 0.741797 0.804688 0.360156 0.209473
0 0.458594 0.741797 0.804688 0.360156 0.137573
0 0.485156 0.499609 0.820312 0.842969 0.0950317
0 0.895312 0.212109 0.19375 0.346875 0.053894
0 0.796875 0.871875 0.220313 0.25625 0.0513611
0 0.803125 0.793555 0.225 0.400391 0.0236511
0 0.457812 0.832031 0.84375 0.21875 0.0213623
0 0.233154 0.673437 0.129785 0.075 0.0155411
1 0.457812 0.832031 0.84375 0.21875 0.0144501
0 0.870313 0.689062 0.13125 0.439063 0.0107803
1 0.895312 0.212109 0.19375 0.346875 0.0102921
0 0.826563 0.353125 0.08125 0.125 0.00754929
1 0.474219 0.666797 0.810938 0.516406 0.00664139
0 0.27832 0.466406 0.123047 0.059375 0.00609589
0 0.201562 0.440234 0.134375 0.0585938 0.00557709
1 0.481641 0.212695 0.810156 0.276563 0.0055542
1 0.796875 0.871875 0.220313 0.25625 0.00551224
0 0.225391 0.657031 0.132031 0.0617188 0.00542831
1 0.882812 0.680859 0.135937 0.472656 0.0050621
1 0.865625 0.717188 0.132812 0.43125 0.00494385
0 0.863281 0.748828 0.13125 0.449219 0.0045929
0 0.276367 0.451562 0.122656 0.0515625 0.00443268
0 0.755469 0.317578 0.126563 0.0617188 0.00416565
0 0.530859 0.9 0.216406 0.075 0.00413513
0 0.194727 0.429688 0.133984 0.0546875 0.00397491
0 0.864258 0.186768 0.252734 0.316309 0.00363541
0 0.396875 0.564844 0.157813 0.0460938 0.00359344
1 0.803125 0.793555 0.225 0.400391 0.00359344
0 0.387891 0.640234 0.135156 0.0523437 0.00355148
0 0.175977 0.615625 0.107422 0.114063 0.00348282
0 0.289648 0.46875 0.0941406 0.1 0.00338936
0 0.225391 0.675 0.116797 0.0984375 0.00328636
0 0.397754 0.553906 0.15293 0.0476562 0.00317192
0 0.455859 0.870313 0.857031 0.14375 0.00305176
0 0.784375 0.260547 0.114063 0.126563 0.00298119
0 0.351367 0.456641 0.0957031 0.0789063 0.00286674
0 0.821875 0.329883 0.084375 0.143359 0.00279999
0 0.82207 0.744922 0.205859 0.499219 0.00254059
0 0.476562 0.451562 0.14375 0.0484375 0.00247192
0 0.796094 0.275781 0.096875 0.136328 0.00237846
0 0.284375 0.485156 0.114844 0.0617188 0.00236893
0 0.5 0.580469 0.1375 0.0601562 0.00214958
1 0.455859 0.870313 0.857031 0.14375 0.00213242
0 0.553125 0.904688 0.15625 0.053125 0.00211525
0 0.387109 0.650781 0.153125 0.0453125 0.00210762
0 0.290625 0.491406 0.096875 0.0828125 0.00208282
0 0.296289 0.765625 0.383984 0.3 0.00201988
0 0.832031 0.377734 0.0796875 0.146094 0.00192642
0 0.467187 0.489062 0.132812 0.0664062 0.00188923
0 0.481641 0.212695 0.810156 0.276563 0.00185299
0 0.339844 0.788281 0.415625 0.271875 0.00183105
0 0.35 0.44375 0.102344 0.065625 0.00183105
0 0.811133 0.299023 0.0871094 0.155859 0.00182438
0 0.26582 0.442187 0.141797 0.05 0.00182438
0 0.474219 0.666797 0.810938 0.516406 0.00181007
0 0.835938 0.402734 0.075 0.130469 0.00179577
0 0.928125 0.557813 0.096875 0.440625 0.00179577
1 0.286328 0.739844 0.411719 0.3375 0.00176811
0 0.40791 0.829492 0.523242 0.203516 0.00176144
0 0.484766 0.46875 0.128906 0.0859375 0.00176144
0 0.746094 0.324805 0.14375 0.0507812 0.00171375
1 0.864258 0.186768 0.252734 0.316309 0.00169373
0 0.935938 0.430469 0.11875 0.370313 0.00168133
0 0.151172 0.838281 0.268359 0.248437 0.0016613
0 0.774219 0.242383 0.123438 0.131641 0.0016613
0 0.876562 0.704297 0.125 0.583594 0.00164223
1 0.530859 0.9 0.216406 0.075 0.00164223
0 0.928125 0.600391 0.06875 0.138281 0.00162315
0 0.285937 0.508203 0.105469 0.075 0.00157928
0 0.257812 0.613281 0.143359 0.05625 0.00153637
0 0.282031 0.495703 0.124219 0.0523437 0.00152493
0 0.932031 0.500098 0.109375 0.412305 0.00146675
1 0.224268 0.498437 0.286621 0.8125 0.00144958
0 0.277344 0.502734 0.135937 0.0476562 0.00142097
0 0.458203 0.848437 0.658594 0.198437 0.00141621
0 0.209033 0.430469 0.124902 0.065625 0.00136662
0 0.9125 0.282031 0.15625 0.453125 0.00135612
0 0.748047 0.306445 0.146094 0.0558594 0.00122547
0 0.986719 0.586719 0.0265625 0.182812 0.00121593
0 0.8875 0.633594 0.1375 0.457812 0.00121593
0 0.835938 0.425391 0.0765625 0.125781 0.0012064
1 0.339844 0.788281 0.415625 0.271875 0.00112438
1 0.928125 0.557813 0.096875 0.440625 0.00109863
0 0.210156 0.445312 0.132422 0.078125 0.00109005
0 0.875195 0.249219 0.227734 0.404687 0.00109005
0 0.204297 0.420312 0.132422 0.059375 0.00106525
0 0.257812 0.678125 0.13125 0.101562 0.00106049
0 0.455469 0.400684 0.125 0.0673828 0.00105667
0 0.286719 0.521094 0.101562 0.0828125 0.00105667
0 0.771094 0.323438 0.129688 0.0828125 0.00104809
1 0.480469 0.502344 0.807813 0.853125 0.906738
0 0.47959 0.500781 0.793945 0.851562 0.00325966
0 0.144043 0.00622559 0.288086 0.0124512 0.00248146
0 0.898438 0.00534668 0.203125 0.0106934 0.00154877
0 0.621094 0.0048584 0.471875 0.0097168 0.00110722
1 0.479297 0.497656 0.796094 0.857813 0.934082
1 0.47666 0.498828 0.77793 0.836719 0.914062
1 0.48125 0.502344 0.80625 0.860937 0.936035
0 0.483691 0.5 0.799805 0.859375 0.00346947
1 0.480078 0.514063 0.800781 0.88125 0.94043
1 0.477734 0.501562 0.789844 0.85625 0.880371
1 0.500781 0.508984 0.796875 0.866406 0.915039
1 0.487891 0.503516 0.813281 0.850781 0.894531
1 0.500684 0.508984 0.79707 0.866406 0.915039
