0 0.490527 0.614062 0.786133 0.682813 0.901855
0 0.423828 0.776563 0.617969 0.351562 0.0715942
0 0.496777 0.491406 0.781445 0.739062 0.0580139
0 0.492285 0.737891 0.749805 0.433594 0.0445251
0 0.365625 0.735937 0.5125 0.428125 0.0340881
1 0.497266 0.633203 0.764844 0.652344 0.0196381
0 0.415625 0.15354 0.06875 0.192139 0.0107346
0 0.892187 0.811719 0.18125 0.21875 0.00831604
0 0.414062 0.145996 0.078125 0.10293 0.00284576
1 0.415625 0.15354 0.06875 0.192139 0.00268364
0 0.420312 0.135645 0.0640625 0.110742 0.00217438
0 0.607813 0.380371 0.203125 0.192383 0.00193405
1 0.89375 0.804492 0.170312 0.219141 0.00152493
1 0.423828 0.776563 0.617969 0.351562 0.00152493
0 0.349609 0.122559 0.202344 0.200195 0.00109863
0 0.380566 0.146094 0.132617 0.178906 0.00105286
0 0.508984 0.558594 0.785156 0.80625 0.868164
0 0.201904 0.819531 0.347754 0.360938 0.0575867
1 0.507812 0.526563 0.798437 0.8625 0.0525208
0 0.464844 0.80957 0.803125 0.305859 0.0505981
0 0.267969 0.848633 0.535937 0.302734 0.0283813
0 0.288672 0.801562 0.577344 0.396875 0.0242767
0 0.790625 0.530078 0.234375 0.811719 0.0206909
0 0.407813 0.244531 0.0773437 0.0890625 0.0195618
0 0.460938 0.163281 0.921875 0.313281 0.0159607
1 0.460938 0.163281 0.921875 0.313281 0.0142288
0 0.500781 0.126074 0.85 0.236914 0.0120087
0 0.174316 0.773828 0.348633 0.428906 0.0104523
1 0.500781 0.126074 0.85 0.236914 0.00898743
0 0.409375 0.229883 0.0757812 0.130078 0.00847626
0 0.0466797 0.847656 0.0933594 0.304688 0.00557709
0 0.898828 0.629687 0.202344 0.5875 0.00542831
0 0.150195 0.266211 0.272266 0.387891 0.00524139
1 0.288672 0.801562 0.577344 0.396875 0.00439835
0 0.808008 0.465625 0.190234 0.7125 0.00429916
0 0.631348 0.106738 0.61543 0.212305 0.00408554
0 0.506641 0.732813 0.755469 0.451562 0.00391388
0 0.397266 0.247266 0.111719 0.0796875 0.00323486
0 0.252148 0.194189 0.473047 0.277246 0.00319672
0 0.190625 0.212891 0.35625 0.296094 0.00240517
0 0.85 0.374219 0.084375 0.121875 0.00240517
1 0.631348 0.106738 0.61543 0.212305 0.00237846
1 0.267969 0.848633 0.535937 0.302734 0.00236893
0 0.514063 0.0547852 0.10625 0.10625 0.00210762
1 0.201904 0.819531 0.347754 0.360938 0.00196457
0 0.411328 0.228955 0.0765625 0.17959 0.00182438
0 0.896484 0.730859 0.207031 0.538281 0.00174141
0 0.532422 0.0486816 0.146094 0.0737305 0.00169373
0 0.532812 0.0476562 0.126563 0.0953125 0.0015974
0 0.0524414 0.914062 0.104883 0.171875 0.0015974
0 0.0463379 0.876562 0.0926758 0.246875 0.00157356
0 0.861719 0.460938 0.0859375 0.126563 0.00146675
0 0.937109 0.580078 0.125781 0.647656 0.00130939
0 0.854688 0.176953 0.2375 0.341016 0.00127888
0 0.415625 0.244141 0.114844 0.0953125 0.00127411
0 0.35625 0.202539 0.632812 0.301172 0.00122547
0 0.826563 0.305273 0.096875 0.137891 0.00122547
1 0.267969 0.182812 0.457031 0.2875 0.00121593
0 0.472656 0.365625 0.901563 0.54375 0.00113392
1 0.0483887 0.859961 0.0967773 0.280078 0.00106049
0 0.847656 0.352734 0.0765625 0.1375 0.00104046
0 0.351172 0.833008 0.702344 0.333984 0.00104046
0 0.839063 0.359375 0.10625 0.121875 0.00102425
0 0.501953 0.556152 0.778906 0.79082 0.893066
1 0.501953 0.556152 0.778906 0.79082 0.0122375
0 0.901953 0.00581055 0.196094 0.0116211 0.00255013
0 0.144629 0.0060791 0.289258 0.0121582 0.00223351
0 0.210742 0.00593262 0.421484 0.0118652 0.00201035
0 0.773047 0.0046875 0.453906 0.009375 0.00140476
0 0.278516 0.00532227 0.442187 0.0106445 0.00104427
0 0.505566 0.530859 0.768555 0.807031 0.821777
1 0.510156 0.535547 0.771875 0.803906 0.11084
0 0.568359 0.0617188 0.228906 0.123438 0.00211525
0 0.0156006 0.744531 0.0312012 0.217187 0.00133514
1 0.984375 0.313672 0.03125 0.480469 0.00102806
0 0.500391 0.554688 0.771094 0.815625 0.941406
0 0.480078 0.264844 0.844531 0.186719 0.0589905
1 0.480078 0.264844 0.844531 0.186719 0.0357361
1 0.501953 0.555469 0.780469 0.829687 0.0147858
0 0.582812 0.0546875 0.242969 0.103125 0.00471878
0 0.5 0.0761963 0.0875 0.148779 0.00453949
1 0.582812 0.0546875 0.242969 0.103125 0.0011692
0 0.530469 0.0668457 0.132812 0.12373 0.00104046
0 0.50166 0.545313 0.768555 0.8375 0.956543
1 0.498437 0.546875 0.78125 0.83125 0.00636292
0 0.531641 0.0753906 0.150781 0.150781 0.00286674
0 0.56875 0.0719238 0.23125 0.143848 0.00102043
0 0.508594 0.557031 0.798437 0.84375 0.930664
1 0.506934 0.545313 0.792383 0.81875 0.00526047
0 0.599609 0.442285 0.236719 0.149805 0.00122547
0 0.591406 0.348437 0.1875 0.115625 0.00102806
0 0.500098 0.551562 0.787305 0.815625 0.884766
1 0.495996 0.547656 0.775195 0.803125 0.00930023
0 0.507812 0.552344 0.767187 0.821875 0.899902
1 0.50791 0.550781 0.75918 0.803125 0.00408554
0 0.503906 0.547656 0.7875 0.807813 0.90918
1 0.503125 0.55 0.778125 0.80625 0.00264168
0 0.507812 0.552344 0.767187 0.821875 0.899902
1 0.50791 0.550781 0.75918 0.803125 0.00411606
