0 0.489746 0.5125 0.764258 0.814062 0.638672
1 0.497656 0.574609 0.751562 0.677344 0.235107
0 0.493848 0.658594 0.75293 0.498437 0.0708008
0 0.207031 0.139062 0.192188 0.204297 0.0136337
0 0.746094 0.522656 0.290625 0.835938 0.0121918
0 0.539844 0.193799 0.175 0.210059 0.0112457
0 0.907031 0.760938 0.148438 0.309375 0.00577545
0 0.442187 0.711719 0.660156 0.36875 0.00457382
0 0.932813 0.532031 0.109375 0.3 0.00324821
0 0.925 0.341406 0.13125 0.255469 0.00307465
0 0.492188 0.752344 0.7625 0.292188 0.00279999
0 0.93125 0.380566 0.13125 0.232617 0.00269318
1 0.207031 0.139062 0.192188 0.204297 0.00251198
0 0.156055 0.163867 0.260547 0.231641 0.00239754
0 0.583594 0.191602 0.240625 0.20625 0.00218201
0 0.498047 0.198096 0.180469 0.228027 0.00214005
0 0.582812 0.199219 0.178125 0.234766 0.00211525
0 0.929688 0.589063 0.129688 0.296875 0.00209999
1 0.907031 0.760938 0.148438 0.309375 0.00200272
0 0.917188 0.301758 0.128125 0.284766 0.00198746
1 0.490234 0.666797 0.741406 0.472656 0.00196457
0 0.924219 0.642187 0.145313 0.285937 0.0016489
0 0.216748 0.490234 0.215723 0.321875 0.00164223
0 0.936719 0.413672 0.126563 0.224219 0.00160408
0 0.414844 0.344141 0.177344 0.228125 0.0015192
0 0.225 0.831055 0.367188 0.316016 0.00146103
0 0.632031 0.186523 0.282031 0.196094 0.00126934
0 0.913281 0.806055 0.146875 0.216016 0.00126457
0 0.913281 0.709375 0.159375 0.357812 0.00115108
1 0.932813 0.532031 0.109375 0.3 0.00107288
0 0.239453 0.143848 0.128125 0.22168 0.00106049
0 0.721094 0.593848 0.3375 0.635742 0.00105286
0 0.111133 0.173047 0.205859 0.233203 0.00100803
0 0.498828 0.553516 0.763281 0.728906 0.616699
1 0.5 0.506641 0.770312 0.844531 0.275879
0 0.39375 0.895703 0.633594 0.208594 0.129395
0 0.439063 0.786719 0.854688 0.24375 0.0927124
0 0.442969 0.847656 0.848437 0.304688 0.0459595
0 0.48125 0.649609 0.775 0.521094 0.0387573
1 0.433594 0.808594 0.867188 0.232812 0.0380249
0 0.907031 0.76875 0.176563 0.282813 0.0375977
0 0.305273 0.880273 0.599609 0.239453 0.0320435
0 0.726562 0.353906 0.30625 0.498437 0.0315552
0 0.85332 0.196533 0.187109 0.369434 0.0312042
0 0.425391 0.931641 0.850781 0.136719 0.026062
1 0.418066 0.908594 0.732617 0.182812 0.026001
0 0.926562 0.664453 0.140625 0.485156 0.0197144
0 0.307813 0.273047 0.121875 0.0867188 0.0159607
0 0.268408 0.305859 0.224902 0.15625 0.0130234
0 0.28125 0.851953 0.5625 0.296094 0.0126266
1 0.425391 0.931641 0.850781 0.136719 0.0126266
0 0.833008 0.160352 0.224609 0.298047 0.011734
1 0.453125 0.756641 0.823438 0.303906 0.0110703
0 0.244531 0.811133 0.489062 0.340234 0.0105286
1 0.352734 0.889844 0.595312 0.220313 0.00971222
0 0.295312 0.268164 0.142188 0.0609375 0.00857544
0 0.196875 0.770312 0.39375 0.35 0.00740433
0 0.300391 0.550391 0.502344 0.574219 0.00740433
0 0.368945 0.227734 0.153516 0.0535156 0.00677109
1 0.48125 0.649609 0.775 0.521094 0.0051384
0 0.287305 0.519141 0.380859 0.580469 0.00481033
0 0.808594 0.307813 0.103125 0.108203 0.00457382
1 0.268408 0.305859 0.224902 0.15625 0.00408554
0 0.173242 0.696875 0.346484 0.414062 0.00405502
0 0.948438 0.616016 0.103125 0.577344 0.00379562
0 0.480859 0.435937 0.789844 0.684375 0.00376511
0 0.850781 0.515625 0.0671875 0.125781 0.00348282
0 0.18125 0.193799 0.325391 0.256152 0.00342941
0 0.788281 0.685938 0.175 0.124219 0.00317192
0 0.133203 0.228125 0.235938 0.308594 0.00312424
0 0.836719 0.404297 0.071875 0.124219 0.00311089
0 0.384375 0.237109 0.147656 0.0585938 0.00307465
0 0.294336 0.255078 0.134766 0.0554687 0.00291252
1 0.434375 0.879687 0.86875 0.232812 0.00279045
1 0.464063 0.23208 0.864062 0.257715 0.00274658
0 0.904688 0.723437 0.190625 0.39375 0.00270462
0 0.798633 0.286133 0.105859 0.148828 0.00258064
0 0.271484 0.821094 0.542969 0.326562 0.00254059
1 0.907031 0.76875 0.176563 0.282813 0.0024929
0 0.850781 0.539453 0.06875 0.124219 0.00237846
0 0.594531 0.317187 0.0859375 0.117969 0.00234222
0 0.698828 0.495313 0.366406 0.8125 0.00232315
0 0.817187 0.328516 0.0859375 0.122656 0.00228691
1 0.845312 0.178857 0.19375 0.336816 0.00225258
0 0.300781 0.287695 0.151562 0.0625 0.00223351
0 0.83125 0.393359 0.090625 0.11875 0.00217438
0 0.464063 0.23208 0.864062 0.257715 0.00211525
0 0.496484 0.825 0.750781 0.170312 0.00191879
1 0.437109 0.858594 0.760156 0.282813 0.00191212
1 0.466016 0.281445 0.836719 0.366797 0.00183105
0 0.269336 0.571191 0.299609 0.649805 0.00174809
1 0.926562 0.664453 0.140625 0.485156 0.00166798
0 0.466016 0.281445 0.836719 0.366797 0.0016613
0 0.850781 0.489062 0.0671875 0.135937 0.0016613
0 0.303125 0.642285 0.60625 0.557617 0.00161648
0 0.85 0.502344 0.071875 0.201562 0.00157356
0 0.260352 0.185498 0.520703 0.244629 0.00156116
0 0.788281 0.265234 0.101562 0.159375 0.00152493
0 0.589063 0.304297 0.1 0.113281 0.0015192
0 0.744922 0.772656 0.249219 0.270312 0.00139904
0 0.33125 0.558594 0.421875 0.735937 0.00129414
0 0.302734 0.545313 0.605469 0.5875 0.0012207
1 0.496484 0.825 0.750781 0.170312 0.00116062
0 0.348047 0.670313 0.542188 0.484375 0.0011425
0 0.313086 0.303516 0.130859 0.0828125 0.00109863
0 0.890625 0.248828 0.178125 0.458594 0.00108624
0 0.827344 0.369141 0.0828125 0.121875 0.00108147
1 0.18125 0.193799 0.325391 0.256152 0.00107765
0 0.775781 0.256641 0.0984375 0.11875 0.00107765
0 0.825 0.348242 0.078125 0.126953 0.00106525
0 0.394141 0.921094 0.69375 0.157813 0.00105667
1 0.496484 0.505078 0.763281 0.797656 0.863281
0 0.496191 0.511719 0.763867 0.790625 0.0170441
0 0.899219 0.0057251 0.201562 0.0114502 0.00261116
0 0.144824 0.00614014 0.289648 0.0122803 0.00222588
0 0.210156 0.00603027 0.420312 0.0120605 0.00220871
0 0.199805 0.818359 0.267969 0.363281 0.00202751
0 0.279687 0.00551758 0.435937 0.0110352 0.00122547
0 0.800391 0.00487061 0.399219 0.00974121 0.00102043
1 0.503027 0.490625 0.762695 0.820312 0.931641
0 0.503027 0.490625 0.762695 0.820312 0.00547028
0 0.013916 0.759766 0.027832 0.217969 0.00135612
1 0.499902 0.506641 0.756445 0.824219 0.91748
1 0.5125 0.282031 0.809375 0.3625 0.00153637
1 0.498047 0.503906 0.753906 0.839063 0.930664
0 0.496875 0.501953 0.753125 0.827344 0.00679779
1 0.502344 0.516016 0.767187 0.830469 0.926758
0 0.496875 0.516406 0.76875 0.828125 0.00307465
1 0.495215 0.507812 0.758008 0.817187 0.897461
0 0.496484 0.498437 0.758594 0.807813 0.0106125
1 0.497559 0.502344 0.739258 0.807813 0.917969
0 0.498535 0.507812 0.743555 0.821875 0.003088
1 0.503223 0.502344 0.760742 0.809375 0.884766
1 0.497656 0.502344 0.739062 0.807813 0.917969
0 0.498828 0.507812 0.742969 0.821875 0.00307465
