1 0.511719 0.514453 0.7 0.683594 0.739258
0 0.513672 0.492969 0.703906 0.729688 0.0509949
1 0.488379 0.637891 0.682617 0.438281 0.0328979
1 0.411328 0.606641 0.538281 0.502344 0.00636292
1 0.438184 0.730469 0.581445 0.257812 0.00448608
0 0.869531 0.817969 0.2125 0.19375 0.00370789
0 0.816406 0.817969 0.315625 0.24375 0.00279045
0 0.500781 0.605566 0.696875 0.512305 0.00234985
1 0.708594 0.491797 0.284375 0.692969 0.00228691
0 0.689844 0.836133 0.5625 0.255859 0.00190449
1 0.765625 0.524219 0.18125 0.715625 0.00129414
0 0.40791 0.641797 0.529492 0.435156 0.00119686
0 0.498828 0.496973 0.700781 0.68418 0.866211
0 0.469531 0.749219 0.839063 0.226562 0.221313
0 0.807813 0.410059 0.08125 0.120508 0.126343
1 0.503223 0.498047 0.69043 0.700781 0.0713501
0 0.739062 0.563184 0.234375 0.495508 0.0449219
0 0.0470703 0.881641 0.0941406 0.236719 0.0441895
0 0.768359 0.519531 0.174219 0.564062 0.0333252
0 0.287891 0.85 0.490625 0.3 0.0325928
0 0.361133 0.878125 0.606641 0.240625 0.0316162
0 0.499609 0.714844 0.719531 0.282813 0.0193481
0 0.207617 0.753906 0.350391 0.465625 0.0189819
0 0.8125 0.401563 0.0765625 0.180469 0.0175781
0 0.680859 0.564062 0.352344 0.4875 0.0175781
0 0.740234 0.454297 0.107031 0.126563 0.0173798
0 0.243555 0.482031 0.109766 0.109375 0.0168457
0 0.814062 0.4375 0.08125 0.11875 0.0160217
1 0.469531 0.749219 0.839063 0.226562 0.0156708
0 0.407422 0.910156 0.664844 0.179688 0.0150757
0 0.736328 0.442969 0.0882813 0.117188 0.0135345
0 0.785937 0.45625 0.104687 0.1 0.0119629
0 0.80625 0.388672 0.08125 0.138281 0.0106964
0 0.792188 0.522656 0.125 0.601562 0.0104904
0 0.729688 0.634375 0.246875 0.365625 0.00901794
0 0.460156 0.846094 0.832812 0.298438 0.00709534
1 0.0470703 0.881641 0.0941406 0.236719 0.0069046
0 0.682422 0.336133 0.116406 0.0886719 0.00664139
0 0.461328 0.922656 0.872656 0.154687 0.00638962
0 0.66875 0.435937 0.11875 0.08125 0.0055542
0 0.158203 0.702344 0.267969 0.465625 0.00540543
0 0.81875 0.557813 0.0921875 0.13125 0.00518036
0 0.757812 0.455469 0.114063 0.132812 0.0051384
0 0.815625 0.45625 0.0890625 0.108594 0.00498199
1 0.786719 0.519629 0.135937 0.579492 0.0049057
0 0.048877 0.857031 0.0977539 0.285937 0.00432968
0 0.742969 0.448828 0.1375 0.0859375 0.00424957
0 0.420703 0.807031 0.653906 0.270312 0.00408554
0 0.815625 0.433984 0.078125 0.169531 0.00367928
1 0.38125 0.892969 0.629687 0.207813 0.00358009
0 0.790625 0.351172 0.104687 0.142969 0.00342941
0 0.741406 0.477344 0.115625 0.107813 0.00338936
0 0.775 0.453125 0.115625 0.14375 0.00319672
0 0.8125 0.473437 0.103125 0.110937 0.00316048
0 0.820312 0.477344 0.078125 0.130469 0.00314713
0 0.616406 0.335938 0.109375 0.090625 0.00305176
0 0.690625 0.322266 0.132031 0.102734 0.00263214
0 0.30957 0.783594 0.563672 0.410937 0.00252151
0 0.448438 0.170117 0.885938 0.340234 0.0024929
0 0.796094 0.464844 0.134375 0.110937 0.0024147
0 0.751562 0.43125 0.1375 0.059375 0.00236893
0 0.0515625 0.913281 0.103125 0.173438 0.00234222
0 0.458203 0.201953 0.916406 0.217969 0.00232315
0 0.782812 0.327148 0.0984375 0.144922 0.00223351
0 0.85293 0.191797 0.206641 0.3375 0.00221634
1 0.458203 0.201953 0.916406 0.217969 0.00214958
1 0.433594 0.919531 0.764063 0.160938 0.00209999
0 0.861719 0.230664 0.178125 0.326172 0.00209045
1 0.448438 0.170117 0.885938 0.340234 0.00208282
0 0.774609 0.304688 0.111719 0.133594 0.00206757
0 0.769922 0.490234 0.180469 0.175 0.00201035
0 0.766797 0.415625 0.119531 0.0765625 0.00195694
1 0.048877 0.857031 0.0977539 0.285937 0.00192642
0 0.822656 0.499219 0.0734375 0.132812 0.00178909
1 0.287891 0.85 0.490625 0.3 0.00175476
0 0.885547 0.648047 0.228906 0.532031 0.0017271
0 0.75 0.270703 0.114063 0.141406 0.0016489
0 0.460156 0.132422 0.920313 0.2375 0.00163555
0 0.81875 0.537109 0.0828125 0.128125 0.00162315
1 0.460156 0.132422 0.920313 0.2375 0.00160408
0 0.603223 0.583691 0.493555 0.46543 0.00158501
0 0.257422 0.492188 0.128906 0.1125 0.00154877
0 0.218311 0.355078 0.106348 0.10625 0.00154877
1 0.807813 0.410059 0.08125 0.120508 0.00150108
0 0.771875 0.390625 0.1125 0.127344 0.00149536
1 0.422266 0.865625 0.730469 0.26875 0.00143814
0 0.666016 0.450781 0.126563 0.0671875 0.00143242
0 0.0609863 0.917188 0.084082 0.165625 0.00134563
0 0.345898 0.594531 0.394141 0.496875 0.00131512
0 0.0415527 0.86875 0.0831055 0.253125 0.00130463
0 0.769531 0.44375 0.153125 0.065625 0.00129414
0 0.701953 0.660937 0.308594 0.301562 0.00125504
0 0.387109 0.714844 0.474219 0.292188 0.00125504
1 0.732813 0.501953 0.24375 0.627344 0.00116062
0 0.795117 0.375781 0.112891 0.125 0.00115108
0 0.0644043 0.949219 0.0739258 0.101562 0.0011425
0 0.407813 0.239844 0.170312 0.046875 0.00109863
1 0.168555 0.735547 0.293359 0.461719 0.00107765
0 0.685156 0.505078 0.129688 0.0820312 0.00104046
1 0.495703 0.505078 0.727344 0.692969 0.845703
0 0.495703 0.505078 0.727344 0.692969 0.00548935
0 0.898828 0.0057251 0.202344 0.0114502 0.00273705
0 0.144434 0.00611572 0.288867 0.0122314 0.00237846
0 0.198047 0.00603027 0.396094 0.0120605 0.00210762
0 0.253906 0.00567627 0.434375 0.0113525 0.00157356
0 0.783008 0.00483398 0.433984 0.00966797 0.00118351
0 0.547266 0.00507812 0.477344 0.0101562 0.00107765
0 0.695312 0.00498047 0.484375 0.00996094 0.00102806
1 0.492969 0.502734 0.709375 0.694531 0.909668
0 0.492969 0.501953 0.717188 0.696094 0.00521851
0 0.0160645 0.741406 0.0321289 0.214062 0.00147247
0 0.0365479 0.834375 0.0730957 0.214062 0.00146675
1 0.385059 0.361719 0.498633 0.376563 0.00123501
1 0.497754 0.50166 0.710742 0.681055 0.876953
0 0.498437 0.502734 0.7125 0.675781 0.0116425
1 0.715625 0.498047 0.276563 0.696094 0.00265312
1 0.493359 0.509375 0.722656 0.721875 0.929199
0 0.492188 0.510156 0.71875 0.720312 0.018692
1 0.503516 0.501562 0.713281 0.696875 0.902344
0 0.502344 0.501562 0.723437 0.701563 0.044281
1 0.494531 0.500391 0.709375 0.694531 0.903809
0 0.496484 0.498047 0.705469 0.692969 0.00254059
1 0.503906 0.501465 0.689062 0.700195 0.916016
0 0.503125 0.503125 0.703125 0.7 0.0211182
1 0.496484 0.503809 0.707031 0.689258 0.897461
1 0.503906 0.501465 0.689062 0.700195 0.916016
0 0.503125 0.503125 0.703125 0.7 0.0208893
