1 0.498828 0.535547 0.657031 0.714844 0.770508
0 0.515723 0.513672 0.668555 0.785156 0.167725
0 0.140039 0.364453 0.200781 0.0351562 0.0163422
1 0.482422 0.711719 0.655469 0.345313 0.00751877
0 0.135352 0.374609 0.230859 0.0515625 0.00332451
1 0.458691 0.642578 0.598242 0.486719 0.00279999
0 0.150879 0.346484 0.15293 0.0523437 0.002388
1 0.140039 0.364453 0.200781 0.0351562 0.00186729
0 0.754687 0.901563 0.23125 0.096875 0.00153637
0 0.428906 0.235938 0.196875 0.221094 0.00129414
0 0.727344 0.904688 0.232812 0.115625 0.00112438
1 0.703125 0.571191 0.284375 0.660742 0.00109482
0 0.500781 0.234766 0.201562 0.209766 0.00106049
1 0.472266 0.517578 0.752344 0.758594 0.568848
0 0.432813 0.515625 0.835938 0.764063 0.529297
0 0.518652 0.296484 0.67207 0.297656 0.0935059
1 0.518652 0.296484 0.67207 0.297656 0.0648804
0 0.883008 0.282422 0.221484 0.471094 0.046814
0 0.808594 0.520703 0.090625 0.117969 0.0433655
0 0.273828 0.610547 0.547656 0.530469 0.0261078
0 0.205078 0.614453 0.410156 0.546094 0.0246124
0 0.158496 0.814062 0.304102 0.265625 0.0219879
0 0.511719 0.400391 0.68125 0.514844 0.0190125
0 0.183203 0.616797 0.366406 0.514844 0.0123825
1 0.510156 0.653516 0.682813 0.457031 0.0101318
1 0.492188 0.8 0.653125 0.167187 0.00874329
0 0.492188 0.8 0.653125 0.167187 0.00818634
0 0.146094 0.770703 0.292188 0.316406 0.00800323
0 0.460156 0.258594 0.820312 0.236719 0.0078125
0 0.800781 0.855859 0.2375 0.288281 0.00682449
0 0.177539 0.539453 0.355078 0.372656 0.00682449
1 0.511719 0.400391 0.68125 0.514844 0.00624084
0 0.807617 0.774219 0.241016 0.44375 0.00600433
0 0.511719 0.695312 0.684375 0.378125 0.00595856
1 0.883008 0.282422 0.221484 0.471094 0.00579834
1 0.460156 0.258594 0.820312 0.236719 0.00566483
0 0.894531 0.384473 0.2 0.682617 0.0055542
1 0.507422 0.734375 0.674219 0.309375 0.00452042
0 0.142188 0.642578 0.284375 0.542969 0.00434875
0 0.525 0.629687 0.153906 0.0515625 0.00429916
0 0.324219 0.602734 0.354688 0.507031 0.0041008
0 0.329297 0.583496 0.658594 0.589258 0.00378036
1 0.455469 0.755078 0.570312 0.249219 0.00367928
0 0.180029 0.377734 0.180566 0.0429688 0.00363541
0 0.776563 0.403906 0.103125 0.128125 0.00353813
0 0.624219 0.508203 0.432813 0.752344 0.00353813
0 0.804492 0.499219 0.0941406 0.122656 0.00353813
0 0.489844 0.570312 0.125781 0.075 0.00321007
1 0.469141 0.832031 0.705469 0.179688 0.00314713
0 0.455469 0.755078 0.570312 0.249219 0.00314713
1 0.273828 0.610547 0.547656 0.530469 0.00293541
0 0.525781 0.642187 0.147656 0.0578125 0.00293541
0 0.469141 0.832031 0.705469 0.179688 0.00279999
0 0.846875 0.233594 0.290625 0.379687 0.00245285
0 0.89375 0.586719 0.1625 0.409375 0.00245285
0 0.748438 0.342187 0.109375 0.114063 0.00228691
0 0.324219 0.751172 0.317969 0.253906 0.00216484
0 0.511035 0.608594 0.687305 0.542188 0.00201988
0 0.785156 0.420703 0.1 0.10625 0.00192642
0 0.801367 0.542188 0.103516 0.117188 0.00189686
0 0.836719 0.729688 0.209375 0.540625 0.00174809
0 0.759375 0.362109 0.109375 0.139062 0.00157356
1 0.894531 0.384473 0.2 0.682617 0.00151253
0 0.192383 0.388379 0.188281 0.0419922 0.00150108
0 0.866406 0.692969 0.176563 0.614062 0.00149536
1 0.329297 0.583496 0.658594 0.589258 0.00148964
1 0.807617 0.774219 0.241016 0.44375 0.00144958
0 0.481641 0.590625 0.132812 0.078125 0.00140476
0 0.771875 0.378906 0.090625 0.147656 0.00134563
1 0.158496 0.814062 0.304102 0.265625 0.00129986
0 0.717188 0.511719 0.254687 0.770312 0.00129986
1 0.800781 0.855859 0.2375 0.288281 0.00127411
0 0.396484 0.789062 0.123438 0.0703125 0.00126457
0 0.736719 0.333398 0.109375 0.109766 0.0012207
0 0.813281 0.505469 0.090625 0.171875 0.00121593
0 0.312939 0.685938 0.295996 0.3625 0.0012064
0 0.521875 0.567578 0.129688 0.0578125 0.0011692
1 0.183203 0.616797 0.366406 0.514844 0.00113773
0 0.910937 0.459375 0.165625 0.81875 0.00109005
0 0.407422 0.78125 0.150781 0.065625 0.00107288
1 0.50459 0.505566 0.679883 0.751367 0.85791
0 0.143945 0.00612793 0.287891 0.0122559 0.00239754
0 0.897656 0.00549316 0.204688 0.0109863 0.00236893
0 0.542969 0.00509033 0.482812 0.0101807 0.00124931
0 0.846094 0.00549316 0.307813 0.0109863 0.0011034
0 0.444434 0.00510254 0.489258 0.0102051 0.00105667
0 0.230078 0.00510254 0.455469 0.0102051 0.00101185
1 0.505859 0.513379 0.671094 0.773242 0.916504
1 0.506641 0.512109 0.674219 0.755469 0.907227
1 0.707812 0.507031 0.26875 0.804688 0.00484848
1 0.502441 0.512598 0.657617 0.762305 0.924316
0 0.508984 0.517187 0.675781 0.759375 0.0100937
1 0.508984 0.522656 0.683594 0.770312 0.914551
0 0.508984 0.522656 0.683594 0.770312 0.00720596
1 0.506152 0.519629 0.668945 0.754492 0.897461
1 0.507715 0.519531 0.664258 0.757812 0.932129
1 0.506152 0.522559 0.675195 0.74707 0.898926
1 0.507715 0.519531 0.664258 0.757812 0.932129
