0 0.466406 0.519922 0.8625 0.852344 0.924316
0 0.469141 0.679297 0.846094 0.564844 0.132568
0 0.308203 0.730859 0.486719 0.428906 0.112793
0 0.397656 0.725 0.663281 0.471875 0.0241852
0 0.366797 0.79668 0.586719 0.312891 0.0156021
1 0.488672 0.539844 0.857031 0.821875 0.00723267
0 0.407422 0.483203 0.198437 0.215625 0.00524139
0 0.239453 0.702344 0.378125 0.460938 0.00340271
0 0.460059 0.769531 0.72832 0.375 0.00270462
0 0.482422 0.146582 0.217187 0.166211 0.00212479
1 0.308203 0.730859 0.486719 0.428906 0.00176811
0 0.920313 0.498047 0.128125 0.20625 0.00147247
0 0.361133 0.185352 0.208984 0.226172 0.00144386
0 0.91875 0.674219 0.15625 0.292188 0.00123501
0 0.528125 0.147876 0.23125 0.169482 0.00107288
0 0.508594 0.39834 0.910937 0.673633 0.793945
0 0.489062 0.270703 0.9 0.396094 0.347656
0 0.48125 0.682031 0.871875 0.55625 0.308105
0 0.41875 0.860937 0.8375 0.2125 0.131226
0 0.795508 0.598828 0.221484 0.669531 0.0404663
0 0.39375 0.527344 0.73125 0.903125 0.0360107
0 0.365625 0.85625 0.73125 0.2875 0.0219879
0 0.708594 0.628125 0.407813 0.646875 0.0189819
0 0.286719 0.455078 0.573438 0.861719 0.0130234
1 0.489062 0.270703 0.9 0.396094 0.0123367
0 0.449219 0.829883 0.865625 0.262109 0.0122375
0 0.776758 0.461719 0.271484 0.879687 0.0103302
1 0.505078 0.358203 0.902344 0.579687 0.00561905
0 0.848437 0.401563 0.08125 0.130469 0.00429916
0 0.369141 0.329688 0.738281 0.659375 0.00429916
0 0.428125 0.766016 0.825 0.392969 0.00338936
1 0.365625 0.85625 0.73125 0.2875 0.00299263
0 0.632031 0.645996 0.539062 0.601758 0.00290108
0 0.934375 0.170508 0.13125 0.298828 0.00243378
0 0.846094 0.377734 0.0796875 0.140625 0.00212479
0 0.521875 0.504687 0.75 0.80625 0.0020752
0 0.691797 0.448438 0.455469 0.840625 0.0020752
0 0.357422 0.840625 0.714844 0.259375 0.00178909
1 0.41875 0.860937 0.8375 0.2125 0.00177479
0 0.910937 0.158203 0.178125 0.274219 0.0017004
0 0.661719 0.633984 0.09375 0.125781 0.00158501
0 0.864062 0.551172 0.075 0.134375 0.00152493
0 0.657812 0.634375 0.115625 0.103906 0.00139904
0 0.445312 0.875 0.879687 0.170312 0.00137234
0 0.905078 0.317578 0.189844 0.189063 0.00131512
0 0.840625 0.363672 0.096875 0.145313 0.00116539
0 0.863281 0.575 0.075 0.13125 0.00109005
0 0.853125 0.424609 0.0921875 0.136719 0.00105667
0 0.714063 0.942969 0.134375 0.0765625 0.00104046
0 0.489844 0.525781 0.864062 0.898438 0.65918
1 0.49375 0.514453 0.867188 0.875781 0.12793
0 0.897656 0.00581055 0.204688 0.0116211 0.00336266
0 0.144629 0.00610352 0.289258 0.012207 0.00224304
0 0.846875 0.00598145 0.30625 0.0119629 0.00209999
0 0.196094 0.00596924 0.392188 0.0119385 0.00208282
0 0.150098 0.495313 0.181445 0.828125 0.00163555
0 0.405078 0.00491943 0.461719 0.00983887 0.00123978
0 0.644922 0.00473633 0.475781 0.00947266 0.00113773
0 0.216455 0.505078 0.317871 0.849219 0.00107288
0 0.25625 0.00523682 0.429688 0.0104736 0.00103664
0 0.490625 0.514063 0.810938 0.878125 0.856445
1 0.482812 0.505469 0.810938 0.879687 0.0691528
0 0.489453 0.515625 0.850781 0.896875 0.944824
1 0.478906 0.517969 0.83125 0.885938 0.00674438
0 0.483594 0.517187 0.835938 0.89375 0.818359
1 0.489844 0.515625 0.848437 0.889063 0.158203
0 0.613672 0.516016 0.571094 0.889844 0.00526047
0 0.889844 0.876562 0.217187 0.2375 0.00319672
0 0.104687 0.877539 0.2 0.244922 0.0017271
0 0.885938 0.104395 0.228125 0.208789 0.00143242
1 0.889844 0.876562 0.217187 0.2375 0.00110722
0 0.492188 0.503906 0.857813 0.903125 0.84668
1 0.486719 0.521094 0.853125 0.914062 0.0186157
0 0.416016 0.478125 0.208594 0.203125 0.00669098
0 0.870117 0.89375 0.259766 0.209375 0.00591278
1 0.870117 0.89375 0.259766 0.209375 0.00570679
0 0.482812 0.511719 0.846875 0.88125 0.792969
1 0.485547 0.513281 0.857031 0.875 0.0471497
0 0.419141 0.472656 0.236719 0.211719 0.00157356
0 0.875 0.891406 0.248437 0.214062 0.00101662
0 0.492188 0.514453 0.8375 0.883594 0.887207
1 0.486719 0.516016 0.820312 0.885156 0.00812531
0 0.415527 0.467578 0.181445 0.194531 0.00378036
0 0.48125 0.515625 0.845312 0.884375 0.899902
1 0.481641 0.515625 0.836719 0.88125 0.00104809
0 0.492188 0.514844 0.8375 0.882812 0.887207
1 0.486719 0.516016 0.820312 0.885156 0.00815582
0 0.415234 0.467578 0.182031 0.194531 0.00379562
