1 0.467187 0.501562 0.804688 0.84375 0.620605
0 0.458594 0.490625 0.8125 0.851562 0.113953
1 0.464453 0.621875 0.777344 0.592188 0.0517578
0 0.433496 0.718359 0.692383 0.388281 0.036438
0 0.464453 0.621875 0.777344 0.592188 0.0219879
0 0.335742 0.6875 0.516016 0.446875 0.0208435
0 0.392578 0.765234 0.614844 0.294531 0.0150146
1 0.421777 0.682813 0.67832 0.4625 0.0107346
0 0.478125 0.162891 0.204688 0.199219 0.00614548
0 0.772656 0.658984 0.175 0.253906 0.00457382
1 0.344922 0.719531 0.525781 0.384375 0.00403976
0 0.632031 0.183008 0.172656 0.227344 0.00260162
0 0.514063 0.174902 0.179688 0.232617 0.00254059
0 0.84668 0.84082 0.181641 0.149609 0.00196457
1 0.455859 0.766406 0.732031 0.3 0.00178909
0 0.820508 0.867969 0.352734 0.257812 0.00153065
0 0.691797 0.183545 0.210156 0.222754 0.0014782
0 0.357031 0.182031 0.215625 0.216016 0.00137806
0 0.415527 0.155859 0.231445 0.185156 0.00130939
0 0.439063 0.78418 0.790625 0.272266 0.0012846
0 0.653906 0.162866 0.2375 0.189893 0.0012846
0 0.54375 0.162598 0.209375 0.199023 0.00113392
0 0.735937 0.175391 0.178125 0.213281 0.00109863
1 0.481152 0.50625 0.79082 0.857813 0.847656
0 0.474902 0.494531 0.798633 0.851562 0.194946
1 0.478809 0.666406 0.798633 0.509375 0.0545044
0 0.478809 0.666406 0.798633 0.509375 0.0377502
0 0.839063 0.530078 0.065625 0.116406 0.0279083
0 0.445703 0.84668 0.811719 0.178516 0.0185852
0 0.333008 0.9125 0.666016 0.175 0.0167236
0 0.617578 0.37666 0.122656 0.0904297 0.0145035
0 0.25625 0.877539 0.5125 0.244922 0.0126724
0 0.470313 0.803906 0.776563 0.226562 0.0106506
0 0.820312 0.337695 0.08125 0.124609 0.0102463
0 0.610156 0.372656 0.140625 0.0695312 0.00978088
1 0.489844 0.210352 0.832812 0.275781 0.00919342
0 0.451172 0.883008 0.707031 0.224609 0.00857544
0 0.8375 0.515625 0.071875 0.189063 0.00806427
0 0.839063 0.427734 0.06875 0.126563 0.0078125
0 0.821094 0.562891 0.117188 0.245312 0.00746155
1 0.445703 0.84668 0.811719 0.178516 0.00725937
0 0.402344 0.934766 0.779688 0.130469 0.00643921
0 0.811133 0.301367 0.0996094 0.121484 0.00518036
0 0.839063 0.50625 0.06875 0.125 0.00510025
0 0.478906 0.744531 0.767187 0.346875 0.00481033
0 0.825 0.361719 0.084375 0.122656 0.00481033
0 0.28125 0.901953 0.5625 0.196094 0.00477219
1 0.470313 0.803906 0.776563 0.226562 0.00462723
0 0.839063 0.45 0.071875 0.11875 0.00443268
0 0.5125 0.592188 0.0921875 0.105469 0.00432968
0 0.81875 0.316211 0.0796875 0.138672 0.00408554
0 0.735937 0.511719 0.110937 0.10625 0.00392914
0 0.8375 0.549219 0.071875 0.124219 0.00382423
0 0.835938 0.40625 0.0734375 0.130469 0.00374985
1 0.333008 0.9125 0.666016 0.175 0.00352478
0 0.829687 0.5375 0.0953125 0.110937 0.00345612
0 0.197266 0.843945 0.394531 0.277734 0.00340271
0 0.788867 0.241211 0.103516 0.123828 0.00322342
0 0.482031 0.207813 0.11875 0.0648438 0.00284576
0 0.828906 0.557031 0.096875 0.309375 0.00256157
0 0.830469 0.434375 0.0953125 0.114063 0.00252151
1 0.451172 0.883008 0.707031 0.224609 0.00244331
0 0.345117 0.263477 0.132422 0.09375 0.0024147
0 0.799219 0.264062 0.101562 0.128906 0.0024147
1 0.738281 0.477246 0.26875 0.795508 0.00240517
0 0.237305 0.678516 0.307422 0.372656 0.00232315
0 0.391699 0.832617 0.541602 0.206641 0.00231361
0 0.473437 0.217187 0.121875 0.0632813 0.00226021
1 0.402344 0.934766 0.779688 0.130469 0.00216484
0 0.600391 0.355469 0.140625 0.0546875 0.00211525
0 0.268701 0.773828 0.312598 0.225781 0.00205803
1 0.829687 0.571094 0.096875 0.276563 0.00200272
0 0.823438 0.327734 0.0765625 0.194531 0.0019722
0 0.339844 0.885938 0.639063 0.228125 0.00178909
1 0.478906 0.744531 0.767187 0.346875 0.00172043
1 0.304688 0.895312 0.609375 0.207813 0.00172043
0 0.8375 0.416504 0.075 0.191992 0.00168705
0 0.235156 0.595703 0.314844 0.499219 0.00168133
0 0.445312 0.504687 0.1 0.096875 0.00156689
0 0.684375 0.582031 0.0976562 0.11875 0.00154877
0 0.642578 0.376563 0.139844 0.0875 0.00153065
0 0.737891 0.529688 0.110156 0.104687 0.00139904
0 0.507031 0.56875 0.0984375 0.129688 0.00138855
0 0.808594 0.282227 0.0828125 0.133984 0.00133514
0 0.377246 0.947656 0.617383 0.104687 0.00126934
0 0.661719 0.446094 0.11875 0.071875 0.00122547
0 0.839063 0.475391 0.06875 0.13125 0.0011692
0 0.664453 0.432813 0.128906 0.065625 0.00114727
0 0.346289 0.261719 0.164453 0.0773437 0.0011158
0 0.799805 0.285352 0.116016 0.128516 0.0011034
0 0.83125 0.373633 0.084375 0.159766 0.00107765
0 0.470313 0.238672 0.117188 0.0851562 0.00105667
0 0.255469 0.644922 0.510938 0.477344 0.00101662
0 0.500781 0.421875 0.0859375 0.117188 0.00101185
1 0.477344 0.492188 0.814062 0.832812 0.884277
0 0.477344 0.492188 0.814062 0.832812 0.00557709
0 0.890625 0.00489502 0.21875 0.00979004 0.00223351
0 0.149512 0.00512695 0.299023 0.0102539 0.00143242
1 0.474609 0.485938 0.785156 0.825 0.945312
1 0.474316 0.495313 0.798242 0.85 0.930176
1 0.727734 0.336328 0.292969 0.51875 0.00400543
1 0.703516 0.283789 0.325781 0.408984 0.00226021
1 0.728125 0.473047 0.298438 0.800781 0.00116539
1 0.475098 0.494141 0.795117 0.855469 0.941406
0 0.478125 0.499219 0.80625 0.854688 0.00194168
1 0.6375 0.492188 0.478125 0.840625 0.00122547
1 0.476172 0.503125 0.800781 0.865625 0.941406
1 0.466016 0.49375 0.794531 0.84375 0.866211
1 0.479004 0.492578 0.782617 0.833594 0.926758
1 0.475 0.49375 0.796875 0.834375 0.909668
1 0.478906 0.492578 0.782812 0.833594 0.926758
