0 0.466309 0.556641 0.758008 0.747656 0.558105
1 0.475684 0.56709 0.72832 0.742383 0.472656
0 0.347461 0.707812 0.512891 0.453125 0.0578003
0 0.364453 0.768359 0.546094 0.324219 0.0270691
1 0.347461 0.707812 0.512891 0.453125 0.0157776
0 0.647266 0.951563 0.122656 0.059375 0.0078125
0 0.644922 0.95625 0.128906 0.084375 0.00429916
0 0.455371 0.712891 0.695508 0.452344 0.00355148
1 0.364453 0.768359 0.546094 0.324219 0.00337601
0 0.436719 0.795313 0.69375 0.284375 0.00301552
0 0.319336 0.292773 0.212891 0.209766 0.00288963
0 0.390234 0.284766 0.235156 0.192969 0.00277901
0 0.769531 0.909375 0.214062 0.126563 0.00215721
0 0.808594 0.864062 0.382812 0.267188 0.00201035
1 0.455371 0.712891 0.695508 0.452344 0.00188923
0 0.433203 0.295508 0.1875 0.216016 0.0018177
0 0.640625 0.958594 0.141406 0.0828125 0.00154305
0 0.510938 0.764063 0.60625 0.353125 0.0012598
0 0.358203 0.303125 0.191406 0.229687 0.0012598
0 0.764063 0.390625 0.173438 0.192188 0.00108624
1 0.480469 0.550879 0.767187 0.745117 0.790527
0 0.481641 0.546094 0.766406 0.753125 0.20813
0 0.651563 0.964844 0.10625 0.0703125 0.0673218
1 0.481641 0.732031 0.739844 0.384375 0.0533142
0 0.8125 0.478906 0.06875 0.120312 0.0375977
0 0.481641 0.732031 0.739844 0.384375 0.0301514
0 0.519141 0.603906 0.110937 0.107813 0.0226288
0 0.8125 0.499219 0.071875 0.120312 0.0137405
0 0.685156 0.474219 0.113281 0.075 0.00993347
0 0.811133 0.466406 0.0746094 0.190625 0.00963593
0 0.807813 0.467187 0.0875 0.115625 0.00930023
0 0.225195 0.520312 0.105078 0.0984375 0.0091629
0 0.141211 0.875195 0.213672 0.243359 0.00908661
0 0.787695 0.661719 0.105859 0.084375 0.00888062
0 0.639844 0.96875 0.139844 0.059375 0.0055542
0 0.227539 0.509375 0.119141 0.06875 0.00548935
0 0.638281 0.414844 0.153125 0.0484375 0.00534439
0 0.407422 0.795313 0.549219 0.264062 0.00496292
0 0.785937 0.385547 0.109375 0.108594 0.00411606
0 0.811719 0.56875 0.075 0.123438 0.0039444
0 0.533203 0.647656 0.0882813 0.110937 0.00370789
0 0.526563 0.624609 0.104687 0.142188 0.00367928
0 0.771094 0.49375 0.165625 0.224219 0.00345612
0 0.78418 0.650391 0.116016 0.0773437 0.00338936
0 0.805469 0.498437 0.09375 0.10625 0.00324821
1 0.477344 0.815625 0.717188 0.271875 0.00316048
0 0.814062 0.525 0.071875 0.124219 0.00307465
0 0.348242 0.261719 0.123828 0.0742188 0.00298119
0 0.794531 0.4 0.0890625 0.117188 0.00286674
0 0.797656 0.533594 0.114063 0.720312 0.00275803
1 0.141211 0.875195 0.213672 0.243359 0.0027256
0 0.661719 0.958203 0.084375 0.0835937 0.00263214
0 0.790625 0.644922 0.0984375 0.108594 0.00259018
0 0.811719 0.502344 0.0765625 0.192188 0.0024929
1 0.517187 0.961328 0.496875 0.0773437 0.00245285
0 0.686719 0.467969 0.10625 0.114063 0.00245285
0 0.644922 0.959375 0.134375 0.0640625 0.00239754
0 0.641406 0.404687 0.1375 0.0578125 0.00237846
0 0.378223 0.959375 0.349805 0.08125 0.00230598
0 0.166382 0.902344 0.193799 0.19375 0.00226021
0 0.748828 0.946094 0.108594 0.103125 0.00214958
0 0.803125 0.546875 0.101562 0.284375 0.00214005
0 0.33125 0.814062 0.39375 0.229687 0.0020752
0 0.514844 0.587109 0.117188 0.0789063 0.00206757
1 0.407422 0.795313 0.549219 0.264062 0.00201988
0 0.807031 0.441016 0.0796875 0.146094 0.00200272
0 0.380469 0.427344 0.120312 0.059375 0.00199509
0 0.61875 0.962891 0.19375 0.0742188 0.0019722
0 0.517187 0.961328 0.496875 0.0773437 0.00192642
1 0.378223 0.959375 0.349805 0.08125 0.00189686
0 0.638281 0.315234 0.0921875 0.117969 0.00188255
0 0.797656 0.6125 0.0890625 0.142969 0.00188255
0 0.358398 0.253906 0.116797 0.0914062 0.00186729
0 0.8 0.441406 0.101562 0.120312 0.00182438
0 0.477344 0.815625 0.717188 0.271875 0.00181007
0 0.637109 0.983203 0.147656 0.0335938 0.00181007
0 0.677344 0.456641 0.129688 0.109375 0.0018034
0 0.682813 0.488281 0.120312 0.0546875 0.00174141
1 0.797656 0.533594 0.114063 0.720312 0.00170708
1 0.479297 0.344531 0.810156 0.296875 0.00163555
0 0.626562 0.51875 0.132031 0.0640625 0.00162888
0 0.807031 0.59375 0.0796875 0.140625 0.00144386
0 0.445215 0.839844 0.598633 0.203125 0.00143814
0 0.520703 0.580859 0.100781 0.111719 0.00142097
0 0.646094 0.438281 0.153125 0.0796875 0.00127411
0 0.226758 0.494141 0.128125 0.0578125 0.0012207
0 0.623828 0.316406 0.116406 0.10625 0.00121117
0 0.235205 0.573438 0.291309 0.6875 0.00119686
0 0.853906 0.199219 0.270312 0.377344 0.00119686
0 0.304883 0.366211 0.0824219 0.110547 0.0011692
1 0.853906 0.199219 0.270312 0.377344 0.00113773
1 0.445215 0.839844 0.598633 0.203125 0.00112438
0 0.345703 0.276953 0.125781 0.053125 0.0011158
0 0.585547 0.960938 0.284375 0.078125 0.00109482
0 0.65 0.436719 0.196875 0.115625 0.00108624
0 0.0749023 0.690625 0.0744141 0.132812 0.00105667
0 0.371094 0.437109 0.135937 0.0601562 0.00102425
1 0.461816 0.555469 0.754492 0.745313 0.874023
0 0.623828 0.957031 0.266406 0.0859375 0.00717545
0 0.644141 0.953906 0.19375 0.0921875 0.00337601
0 0.867383 0.00498047 0.265234 0.00996094 0.00259018
0 0.626172 0.986719 0.394531 0.0265625 0.00178909
1 0.623828 0.957031 0.266406 0.0859375 0.00163555
0 0.819531 0.00523682 0.360938 0.0104736 0.00157928
0 0.149023 0.00515137 0.298047 0.0103027 0.00156689
0 0.458203 0.558691 0.747656 0.751367 0.00143814
1 0.644141 0.953906 0.19375 0.0921875 0.00126934
0 0.419141 0.00512695 0.486719 0.0102539 0.00111198
0 0.321875 0.0050293 0.48125 0.0100586 0.00107765
1 0.464941 0.555566 0.762305 0.754492 0.930176
0 0.590625 0.956641 0.236719 0.0867188 0.00239754
1 0.305859 0.35625 0.427344 0.325 0.00141621
0 0.587109 0.980859 0.253906 0.0382813 0.00112915
1 0.466406 0.565723 0.748438 0.76543 0.924805
1 0.708594 0.5625 0.279687 0.765625 0.0662231
1 0.704687 0.464844 0.296875 0.557813 0.00322342
0 0.708594 0.558984 0.279687 0.778906 0.00130939
1 0.472754 0.55625 0.75918 0.75 0.927734
0 0.472754 0.55625 0.75918 0.75 0.00352478
1 0.478027 0.565234 0.75957 0.771094 0.929199
0 0.478027 0.565234 0.75957 0.771094 0.00329781
1 0.471484 0.5625 0.746094 0.75 0.895508
0 0.338086 0.955469 0.278516 0.0890625 0.00176144
1 0.475098 0.563281 0.735742 0.757812 0.917969
0 0.479688 0.566016 0.732813 0.761719 0.00252151
1 0.474316 0.562891 0.748242 0.742969 0.910156
1 0.475 0.563281 0.735937 0.757812 0.917969
0 0.479688 0.566016 0.732813 0.761719 0.00250244
