0 0.461719 0.581152 0.920313 0.712695 0.923828
0 0.460156 0.68125 0.851562 0.498437 0.193115
0 0.305859 0.733984 0.528125 0.386719 0.085083
0 0.297656 0.126172 0.415625 0.124609 0.0174408
0 0.36875 0.707422 0.667969 0.436719 0.0159607
0 0.348242 0.121875 0.251172 0.105078 0.00754929
0 0.446484 0.766016 0.738281 0.325781 0.00703812
1 0.466406 0.579004 0.892187 0.71543 0.00674438
0 0.326758 0.788281 0.554297 0.285937 0.00643921
0 0.862305 0.889063 0.222266 0.1375 0.00621796
0 0.510938 0.162109 0.084375 0.183203 0.00619125
0 0.882031 0.86875 0.19375 0.15 0.00307465
0 0.426172 0.081665 0.107813 0.103467 0.00305176
0 0.318359 0.113696 0.303125 0.0882324 0.00257111
0 0.857813 0.914062 0.229687 0.103125 0.00257111
1 0.297656 0.126172 0.415625 0.124609 0.00256157
1 0.510938 0.162109 0.084375 0.183203 0.00201988
0 0.226562 0.697656 0.409375 0.445312 0.00187492
0 0.406641 0.0527466 0.141406 0.0968506 0.00151253
0 0.385938 0.122852 0.204688 0.111719 0.00150108
0 0.833398 0.852344 0.333203 0.28125 0.0014782
1 0.305859 0.733984 0.528125 0.386719 0.00117397
0 0.510156 0.14375 0.0875 0.101172 0.00113392
1 0.348242 0.121875 0.251172 0.105078 0.00112915
0 0.486328 0.566504 0.924219 0.713867 0.833496
0 0.492969 0.467285 0.945312 0.460742 0.300781
1 0.502344 0.51875 0.951563 0.8125 0.176147
0 0.489453 0.339258 0.938281 0.221484 0.132935
0 0.407422 0.140723 0.125781 0.0619141 0.072876
1 0.496094 0.497266 0.948438 0.503125 0.0632324
0 0.434375 0.0847656 0.0757812 0.120312 0.0350037
0 0.504687 0.162305 0.0929687 0.078125 0.0330811
0 0.426953 0.0758545 0.0992187 0.110791 0.0311432
0 0.507031 0.183398 0.0890625 0.130859 0.0305634
1 0.492188 0.357422 0.940625 0.252344 0.0297089
0 0.260742 0.124219 0.423047 0.225 0.026413
0 0.403516 0.151562 0.134375 0.0472656 0.0223694
0 0.2375 0.139258 0.475 0.269141 0.0212402
0 0.393359 0.132031 0.152344 0.0558594 0.0197906
1 0.507031 0.183398 0.0890625 0.130859 0.0135345
0 0.273438 0.105078 0.464063 0.157031 0.00955963
0 0.436719 0.084668 0.075 0.169336 0.00933838
0 0.135742 0.832617 0.271484 0.334766 0.0091629
0 0.460938 0.252539 0.164062 0.0417969 0.00815582
0 0.299609 0.140723 0.494531 0.170898 0.00757599
0 0.453125 0.769141 0.875 0.317969 0.00701141
0 0.853906 0.576172 0.214062 0.694531 0.00658798
0 0.260156 0.0777832 0.452344 0.155566 0.00626373
0 0.533984 0.964063 0.213281 0.065625 0.00619125
1 0.260742 0.124219 0.423047 0.225 0.00568771
0 0.349414 0.564844 0.650391 0.70625 0.00568771
0 0.248437 0.0874023 0.496875 0.174805 0.00553513
0 0.423828 0.133203 0.107031 0.0902344 0.00439835
0 0.457715 0.210547 0.17207 0.111328 0.00431442
1 0.2375 0.139258 0.475 0.269141 0.00413513
0 0.454297 0.242383 0.186719 0.0597656 0.00405502
0 0.221875 0.846484 0.44375 0.307031 0.00399017
0 0.805469 0.576953 0.304688 0.686719 0.00391388
0 0.489844 0.965625 0.2125 0.0625 0.00378036
0 0.404297 0.0566406 0.148438 0.100781 0.0037365
0 0.263672 0.0614258 0.527344 0.122852 0.00348282
0 0.871875 0.730859 0.25625 0.532031 0.00311089
0 0.464063 0.245117 0.154687 0.0492188 0.00309944
0 0.472656 0.198486 0.14375 0.137402 0.00300407
0 0.388281 0.145117 0.14375 0.0525391 0.00298119
0 0.928125 0.526172 0.0671875 0.136719 0.00286674
0 0.582031 0.266406 0.139844 0.0492188 0.00256157
0 0.395703 0.116406 0.14375 0.0539063 0.0024929
0 0.377734 0.125 0.203125 0.0910156 0.00248146
0 0.487109 0.301367 0.925781 0.324609 0.00247192
1 0.533984 0.964063 0.213281 0.065625 0.0024147
0 0.390723 0.0447144 0.170117 0.0871338 0.00234222
1 0.449219 0.806445 0.870313 0.268359 0.00233269
1 0.273438 0.105078 0.464063 0.157031 0.00220871
0 0.441797 0.108789 0.065625 0.135156 0.00219917
1 0.457715 0.210547 0.17207 0.111328 0.00173378
0 0.432031 0.251953 0.18125 0.04375 0.0017004
0 0.967188 0.357812 0.065625 0.478125 0.00162315
1 0.454297 0.242383 0.186719 0.0597656 0.00159168
0 0.384277 0.439063 0.718945 0.45 0.00159168
1 0.299609 0.140723 0.494531 0.170898 0.00157928
0 0.579687 0.25625 0.148438 0.053125 0.00157356
1 0.489844 0.965625 0.2125 0.0625 0.00149536
0 0.836133 0.501953 0.265234 0.530469 0.00149536
0 0.379297 0.114258 0.166406 0.0449219 0.00148964
1 0.260156 0.0777832 0.452344 0.155566 0.00147247
1 0.472656 0.198486 0.14375 0.137402 0.00144958
0 0.561719 0.963281 0.152344 0.0734375 0.00133514
0 0.929688 0.552344 0.065625 0.132812 0.00133514
0 0.597266 0.965625 0.199219 0.065625 0.00130939
0 0.928125 0.500781 0.071875 0.142188 0.00129414
1 0.43125 0.071582 0.090625 0.122656 0.00128937
0 0.913281 0.725781 0.173438 0.526563 0.00123024
1 0.248437 0.0874023 0.496875 0.174805 0.00121593
0 0.480469 0.163281 0.135937 0.100781 0.00119686
0 0.471875 0.260156 0.185937 0.0328125 0.00118828
0 0.268359 0.173828 0.445312 0.250781 0.0011692
1 0.279297 0.060498 0.435937 0.120996 0.00116539
0 0.490625 0.989062 0.225 0.021875 0.00113773
0 0.11582 0.800781 0.231641 0.364062 0.00112438
1 0.404297 0.0566406 0.148438 0.100781 0.0011158
0 0.380859 0.239648 0.174219 0.0464844 0.00107765
0 0.546094 0.946875 0.160938 0.0875 0.00106049
0 0.505469 0.149414 0.0921875 0.110937 0.00101662
0 0.467187 0.564062 0.890625 0.728125 0.856934
1 0.484375 0.566797 0.90625 0.728906 0.0304413
0 0.490234 0.972656 0.571094 0.0546875 0.00266266
0 0.891406 0.00454102 0.217187 0.00908203 0.00184631
0 0.150391 0.00507812 0.300781 0.0101562 0.00148392
0 0.300391 0.55791 0.553906 0.724805 0.00140476
0 0.492188 0.563672 0.917188 0.719531 0.788574
1 0.489844 0.559766 0.91875 0.717969 0.0671997
0 0.254297 0.375 0.463281 0.340625 0.00325966
0 0.504687 0.970312 0.242969 0.059375 0.00275803
0 0.263672 0.435156 0.4875 0.465625 0.00237846
0 0.460254 0.970312 0.248242 0.059375 0.00234222
0 0.468848 0.975391 0.366992 0.0492188 0.00178909
0 0.984375 0.450098 0.03125 0.324805 0.00148392
0 0.412109 0.969141 0.248437 0.0617188 0.00139904
0 0.408203 0.976562 0.366406 0.046875 0.00128937
0 0.487891 0.571094 0.933594 0.714063 0.956543
1 0.485156 0.570996 0.932813 0.714258 0.00800323
0 0.318359 0.106812 0.326562 0.115674 0.00178909
0 0.488281 0.561816 0.914062 0.74043 0.833008
1 0.490625 0.56416 0.942187 0.724805 0.296631
0 0.499219 0.574219 0.945312 0.746875 0.928711
1 0.490234 0.56875 0.916406 0.735937 0.00317192
0 0.291797 0.354688 0.211719 0.141406 0.00183105
0 0.492188 0.295898 0.9375 0.205078 0.00174809
0 0.483594 0.570703 0.917188 0.735156 0.861816
1 0.483594 0.565723 0.929688 0.729492 0.0137939
0 0.495313 0.567578 0.907812 0.739844 0.915527
1 0.498047 0.568066 0.907031 0.735742 0.005867
0 0.486328 0.565234 0.927344 0.722656 0.916504
0 0.735156 0.553223 0.440625 0.674805 0.0019722
1 0.489844 0.566406 0.926562 0.729688 0.00100422
0 0.495313 0.567969 0.907812 0.740625 0.915527
1 0.498047 0.568066 0.907031 0.735742 0.00588989
