0 0.476562 0.527344 0.775 0.84375 0.943359
0 0.492188 0.701563 0.740625 0.507812 0.317383
0 0.4125 0.739844 0.603125 0.410937 0.0623169
0 0.838281 0.86543 0.323438 0.256641 0.00731659
1 0.494141 0.601562 0.742969 0.70625 0.00725937
0 0.464746 0.789258 0.698633 0.305859 0.00484848
0 0.342383 0.764453 0.463672 0.375781 0.00466537
0 0.476562 0.105566 0.05625 0.0982422 0.00453949
0 0.27583 0.225586 0.260059 0.225 0.00395966
0 0.553125 0.217969 0.195312 0.210156 0.00284576
0 0.864844 0.854688 0.220313 0.140625 0.00273705
0 0.737109 0.545703 0.299219 0.855469 0.00167465
1 0.838281 0.86543 0.323438 0.256641 0.00156116
1 0.480371 0.716016 0.733008 0.471094 0.00153065
0 0.394629 0.206836 0.25293 0.188672 0.00153065
0 0.46875 0.100391 0.0617188 0.0953125 0.00142097
1 0.476562 0.105566 0.05625 0.0982422 0.00122547
0 0.336914 0.218555 0.216016 0.223047 0.00122547
0 0.875781 0.872656 0.210938 0.11875 0.00112438
0 0.590625 0.223047 0.1875 0.233594 0.00109863
0 0.48125 0.105054 0.104687 0.0996582 0.00106525
0 0.842188 0.9 0.25 0.1125 0.00103188
0 0.493359 0.5375 0.774219 0.848437 0.958984
0 0.178125 0.828906 0.328906 0.340625 0.0864868
0 0.824219 0.685547 0.351562 0.608594 0.0566406
0 0.1625 0.767969 0.322656 0.440625 0.0510864
0 0.233203 0.808203 0.432031 0.383594 0.0429688
0 0.450391 0.807813 0.821094 0.301562 0.0339661
0 0.89375 0.182617 0.20625 0.357422 0.0303802
0 0.862305 0.732031 0.275391 0.523438 0.0228424
0 0.408984 0.84375 0.747656 0.25625 0.0105667
0 0.314648 0.807813 0.594141 0.384375 0.00926971
0 0.788477 0.648047 0.423047 0.703906 0.00766754
0 0.530469 0.261377 0.854688 0.281934 0.00737381
0 0.142578 0.675 0.285156 0.592188 0.00653839
0 0.696875 0.473828 0.376563 0.708594 0.00402451
1 0.233203 0.808203 0.432031 0.383594 0.00351143
0 0.949219 0.358594 0.101562 0.645312 0.00348282
1 0.178125 0.828906 0.328906 0.340625 0.00256157
0 0.834375 0.366992 0.075 0.123828 0.00239754
0 0.821875 0.313281 0.0875 0.123438 0.00234985
0 0.812695 0.286719 0.0964844 0.131641 0.00234222
1 0.491309 0.539062 0.776758 0.853125 0.00220871
0 0.929297 0.614844 0.141406 0.770312 0.0019722
0 0.910156 0.248828 0.175 0.483594 0.00188255
0 0.303516 0.850781 0.572656 0.296875 0.00176811
0 0.148535 0.213281 0.281055 0.423438 0.00176144
0 0.801562 0.264453 0.101562 0.14375 0.00167465
1 0.892969 0.185547 0.2 0.353906 0.00160408
0 0.703125 0.363281 0.365625 0.482031 0.00130463
0 0.839063 0.388672 0.071875 0.123438 0.00127888
1 0.314648 0.807813 0.594141 0.384375 0.00126457
1 0.824219 0.685547 0.351562 0.608594 0.00123024
0 0.270752 0.499219 0.345215 0.759375 0.00122547
0 0.749219 0.207471 0.129688 0.103027 0.00115108
0 0.939062 0.315234 0.121875 0.573438 0.00114727
0 0.382129 0.825 0.762305 0.35 0.00112438
0 0.952344 0.512109 0.0953125 0.778906 0.00110722
0 0.761719 0.213672 0.120312 0.125 0.00105667
0 0.950391 0.411328 0.0992187 0.619531 0.00102425
0 0.487109 0.528906 0.782031 0.801562 0.957031
0 0.889063 0.00474854 0.221875 0.00949707 0.00219917
0 0.149707 0.00505371 0.299414 0.0101074 0.00157928
1 0.488281 0.535937 0.778125 0.8125 0.00128937
0 0.152539 0.823828 0.258984 0.352344 0.00115585
0 0.835156 0.00489502 0.329688 0.00979004 0.0011158
0 0.492188 0.520312 0.7625 0.84375 0.922852
1 0.498828 0.536719 0.764844 0.846875 0.00385475
0 0.357812 0.310742 0.507812 0.396484 0.00104809
0 0.490625 0.535156 0.754687 0.848437 0.939453
1 0.494434 0.543359 0.764258 0.847656 0.0103302
0 0.490234 0.535156 0.771094 0.851562 0.961426
0 0.479688 0.0988281 0.053125 0.09375 0.076416
0 0.475 0.0923584 0.0546875 0.073877 0.00502014
0 0.362109 0.712891 0.470313 0.475781 0.0028553
1 0.479688 0.0988281 0.053125 0.09375 0.00239754
1 0.489746 0.532031 0.776758 0.851562 0.00211525
0 0.477344 0.733594 0.714063 0.439063 0.00205803
0 0.49541 0.542969 0.770117 0.873438 0.911621
0 0.480469 0.0984619 0.05 0.0765137 0.03125
1 0.480469 0.0984619 0.05 0.0765137 0.00609589
1 0.492871 0.542969 0.776758 0.873438 0.00312424
0 0.485938 0.094043 0.06875 0.0634766 0.00258064
0 0.488672 0.530859 0.766406 0.839844 0.865234
1 0.488965 0.527344 0.767383 0.829687 0.00460815
0 0.476562 0.101001 0.0453125 0.0858887 0.00429916
1 0.476562 0.101001 0.0453125 0.0858887 0.0011692
0 0.495215 0.536328 0.750195 0.853906 0.915527
1 0.499121 0.529688 0.75332 0.842188 0.00317192
0 0.491016 0.535156 0.774219 0.846875 0.925781
0 0.616504 0.524219 0.523242 0.823438 0.00110722
0 0.495215 0.536328 0.750195 0.853906 0.915527
1 0.499121 0.529688 0.75332 0.842188 0.00316048
