0 0.557129 0.520996 0.799805 0.692383 0.766113
0 0.410937 0.689844 0.328125 0.189063 0.570801
0 0.402734 0.671094 0.439063 0.251563 0.485352
0 0.535937 0.8875 0.341406 0.2 0.238647
0 0.258936 0.539062 0.192285 0.223438 0.128906
0 0.496484 0.651563 0.436719 0.278125 0.0875854
0 0.441797 0.7 0.210938 0.18125 0.0720825
1 0.538672 0.496094 0.725781 0.648438 0.0691528
0 0.571484 0.867383 0.422656 0.243359 0.0645142
0 0.473535 0.882812 0.220117 0.16875 0.0433655
0 0.429688 0.533594 0.519531 0.53125 0.0420227
0 0.372266 0.510156 0.184375 0.192188 0.0397949
0 0.507812 0.603125 0.5375 0.385938 0.0392761
1 0.410937 0.689844 0.328125 0.189063 0.0388184
0 0.832031 0.595703 0.30625 0.808594 0.0240021
1 0.258936 0.539062 0.192285 0.223438 0.0212097
1 0.402734 0.671094 0.439063 0.251563 0.0202484
0 0.716406 0.756641 0.448438 0.469531 0.0157776
0 0.739844 0.600391 0.1375 0.159375 0.0157166
0 0.742969 0.576563 0.13125 0.107813 0.0150757
0 0.750781 0.63125 0.160938 0.226562 0.0149536
1 0.535937 0.8875 0.341406 0.2 0.014061
0 0.387402 0.732031 0.443945 0.301562 0.0124283
1 0.441797 0.7 0.210938 0.18125 0.0113754
0 0.555469 0.152539 0.122656 0.0542969 0.0107803
0 0.914844 0.610547 0.132812 0.254687 0.00952148
0 0.465234 0.883594 0.374219 0.204688 0.00952148
0 0.383496 0.617969 0.437695 0.375 0.00926971
0 0.742578 0.587891 0.460156 0.775781 0.00891876
0 0.9125 0.651563 0.140625 0.173438 0.00857544
0 0.528906 0.168848 0.175 0.0833984 0.0078125
0 0.740625 0.550391 0.140625 0.0632813 0.00728989
0 0.884375 0.923437 0.19375 0.109375 0.00706482
0 0.582812 0.573828 0.2 0.119531 0.00674438
0 0.567969 0.557422 0.221875 0.100781 0.00664139
1 0.377246 0.511719 0.187695 0.182812 0.00653839
0 0.264062 0.573438 0.178125 0.146875 0.00605011
0 0.700781 0.692969 0.515625 0.492188 0.00566483
0 0.7 0.215625 0.4 0.0804688 0.00521851
0 0.582422 0.350195 0.746094 0.355078 0.0050621
0 0.620215 0.649219 0.67207 0.539062 0.00481033
0 0.645312 0.81875 0.573438 0.342187 0.0046463
1 0.910937 0.633984 0.1375 0.235156 0.00450516
1 0.571484 0.867383 0.422656 0.243359 0.00450516
0 0.639844 0.939062 0.1375 0.0875 0.00446701
0 0.236719 0.709375 0.134375 0.2375 0.00439835
1 0.496484 0.651563 0.436719 0.278125 0.00438309
0 0.415723 0.702344 0.157617 0.1625 0.00419998
0 0.664453 0.544629 0.603906 0.726367 0.00418091
0 0.560938 0.539844 0.234375 0.0851562 0.00392914
0 0.477344 0.292188 0.207813 0.235938 0.00359344
0 0.645312 0.738672 0.198437 0.228906 0.00351143
0 0.26582 0.635156 0.204297 0.453125 0.00348282
1 0.739844 0.600391 0.1375 0.159375 0.00342941
0 0.377344 0.707812 0.0867188 0.171875 0.00333786
0 0.553906 0.180273 0.129688 0.108984 0.003088
0 0.560156 0.538281 0.224219 0.1625 0.00291252
1 0.750781 0.63125 0.160938 0.226562 0.00291252
1 0.473535 0.882812 0.220117 0.16875 0.00277901
1 0.742969 0.576563 0.13125 0.107813 0.0027256
1 0.429688 0.533594 0.519531 0.53125 0.00270462
0 0.350391 0.404297 0.144531 0.100781 0.00255013
0 0.882812 0.378125 0.1625 0.1875 0.00248146
1 0.264062 0.573438 0.178125 0.146875 0.00240517
0 0.230811 0.673828 0.134473 0.250781 0.00237846
0 0.299414 0.607031 0.1125 0.090625 0.00232315
0 0.220508 0.641406 0.101953 0.370313 0.00230598
0 0.521484 0.152734 0.188281 0.05625 0.00216484
0 0.265625 0.594922 0.174219 0.104687 0.00216484
1 0.555469 0.152539 0.122656 0.0542969 0.00213242
0 0.9375 0.5375 0.0921875 0.101562 0.00212479
0 0.405469 0.514063 0.240625 0.164062 0.00191879
0 0.835938 0.839063 0.185937 0.221875 0.00191212
0 0.685547 0.274414 0.238281 0.185547 0.00185299
0 0.91875 0.562891 0.13125 0.221094 0.00183868
0 0.338086 0.3875 0.120703 0.128906 0.00175476
0 0.896094 0.529688 0.170312 0.154687 0.00172043
0 0.364648 0.390625 0.187891 0.114063 0.0016613
0 0.914062 0.885938 0.134375 0.1875 0.00162315
1 0.528906 0.168848 0.175 0.0833984 0.00157356
0 0.594531 0.563281 0.175 0.0859375 0.00154877
1 0.507812 0.603125 0.5375 0.385938 0.00154305
0 0.476953 0.179639 0.278125 0.0571289 0.00151253
0 0.491406 0.192773 0.245312 0.0945313 0.00147247
0 0.8875 0.404687 0.16875 0.145313 0.00138855
0 0.901563 0.650781 0.153125 0.225 0.00134563
1 0.377344 0.707812 0.0867188 0.171875 0.00131512
1 0.639844 0.934375 0.139062 0.103125 0.00130939
1 0.582812 0.573828 0.2 0.119531 0.00129414
0 0.483496 0.251758 0.254883 0.164844 0.00128937
0 0.431152 0.291992 0.142383 0.239453 0.00126934
1 0.915625 0.596094 0.13125 0.270312 0.00126457
1 0.408594 0.703125 0.146094 0.192188 0.00124931
1 0.387402 0.732031 0.443945 0.301562 0.00124931
0 0.787695 0.632812 0.174609 0.23125 0.00124454
0 0.55625 0.434766 0.7125 0.532031 0.00123024
1 0.884375 0.923437 0.19375 0.109375 0.0011425
0 0.389844 0.549219 0.153906 0.109375 0.00113392
0 0.852344 0.816992 0.185937 0.184766 0.00111198
0 0.312891 0.396777 0.078125 0.12832 0.00109863
1 0.577344 0.55625 0.210938 0.0804688 0.00108624
0 0.328516 0.405078 0.10625 0.107031 0.00104809
0 0.45459 0.7 0.239258 0.18125 0.755859
0 0.580078 0.371875 0.752344 0.357031 0.73877
0 0.559375 0.469434 0.795313 0.458008 0.73584
0 0.459766 0.517578 0.522656 0.535156 0.582031
0 0.454785 0.626562 0.456055 0.321875 0.580566
0 0.480859 0.659375 0.389844 0.270312 0.536133
0 0.628125 0.678516 0.154687 0.216406 0.53125
0 0.564844 0.656641 0.282813 0.277344 0.498047
0 0.477734 0.692969 0.300781 0.209375 0.42334
0 0.555078 0.355859 0.817969 0.23125 0.376709
0 0.471973 0.515625 0.37793 0.182812 0.303223
0 0.559375 0.646875 0.6375 0.273438 0.293457
0 0.788867 0.634766 0.241016 0.248437 0.291016
0 0.682813 0.641016 0.485938 0.249219 0.282227
0 0.929688 0.598828 0.1 0.25625 0.233765
0 0.510059 0.886719 0.29082 0.217187 0.210083
0 0.821094 0.855469 0.209375 0.251563 0.191895
0 0.603516 0.886719 0.485156 0.217187 0.158203
1 0.603516 0.886719 0.485156 0.217187 0.150024
0 0.518652 0.478516 0.687695 0.638281 0.139893
0 0.904688 0.598437 0.151562 0.270312 0.139893
1 0.542871 0.8875 0.350195 0.209375 0.135254
0 0.879687 0.367383 0.15 0.330078 0.12854
0 0.929688 0.511719 0.0890625 0.1125 0.118408
0 0.813867 0.607031 0.334766 0.278906 0.104858
0 0.590723 0.560938 0.73418 0.429688 0.101074
0 0.921875 0.646875 0.11875 0.146875 0.0987549
0 0.247998 0.710938 0.187598 0.460938 0.0961914
0 0.551562 0.224609 0.125 0.0742188 0.0869141
0 0.854688 0.862695 0.267188 0.274609 0.0846558
0 0.264258 0.785937 0.149609 0.328125 0.0783691
1 0.555078 0.355859 0.817969 0.23125 0.0747681
0 0.628223 0.621094 0.660742 0.275 0.0715942
0 0.207861 0.650781 0.272559 0.598437 0.0549011
0 0.940625 0.517187 0.0765625 0.128125 0.0528259
0 0.736719 0.714453 0.0875 0.071875 0.0526123
0 0.63125 0.703906 0.153125 0.148438 0.0512695
0 0.450879 0.490625 0.37793 0.239063 0.0476074
0 0.744531 0.856445 0.340625 0.246484 0.0441895
1 0.553906 0.407715 0.80625 0.31582 0.0435181
0 0.35293 0.362891 0.147266 0.152344 0.0419312
0 0.861719 0.364453 0.176563 0.196875 0.041626
0 0.898438 0.546875 0.153125 0.354688 0.0409851
0 0.7375 0.459375 0.15625 0.114063 0.0384521
0 0.753125 0.221094 0.295312 0.0835937 0.0379028
1 0.559375 0.469434 0.795313 0.458008 0.0367126
0 0.498047 0.471484 0.455469 0.284375 0.0365601
1 0.553125 0.344922 0.840625 0.335156 0.0352783
1 0.925 0.655078 0.1125 0.132031 0.0333862
0 0.750781 0.589063 0.15 0.1375 0.0328979
0 0.753125 0.572656 0.146875 0.0765625 0.0316162
1 0.627344 0.661719 0.151562 0.242188 0.0302124
0 0.542188 0.215625 0.146875 0.0484375 0.0301056
0 0.244141 0.783008 0.206641 0.343359 0.0295868
0 0.759375 0.35 0.1125 0.107031 0.0278015
0 0.846875 0.580469 0.140625 0.239063 0.0277405
0 0.753906 0.553125 0.145313 0.0492188 0.0274811
0 0.198047 0.538281 0.396094 0.821875 0.0271759
1 0.625781 0.695312 0.15625 0.1625 0.0258636
0 0.525781 0.313477 0.882812 0.277734 0.0241852
0 0.916406 0.48125 0.1125 0.0734375 0.0234222
0 0.561719 0.229687 0.0992187 0.104687 0.0223694
0 0.590625 0.7 0.345313 0.36875 0.0218201
1 0.35293 0.362891 0.147266 0.152344 0.0207214
0 0.555859 0.177734 0.152344 0.046875 0.02034
0 0.2375 0.382422 0.475 0.608594 0.0202179
0 0.82832 0.623828 0.221484 0.257812 0.0201416
0 0.338281 0.353516 0.676562 0.567969 0.0200195
1 0.45459 0.7 0.239258 0.18125 0.0198669
1 0.753125 0.221094 0.295312 0.0835937 0.0189362
0 0.892969 0.845117 0.214062 0.297266 0.0183716
0 0.541406 0.226172 0.149219 0.0488281 0.0180511
0 0.265576 0.555469 0.182129 0.185937 0.0180511
0 0.727344 0.335938 0.184375 0.13125 0.0175171
1 0.936719 0.522266 0.078125 0.135156 0.0173035
0 0.85293 0.33457 0.191016 0.246484 0.0160217
1 0.746875 0.589453 0.139062 0.136719 0.0156708
0 0.791406 0.698438 0.264062 0.36875 0.0148392
0 0.244141 0.503125 0.0839844 0.107813 0.0141754
0 0.29043 0.728516 0.0988281 0.163281 0.0139542
0 0.705859 0.464063 0.227344 0.123438 0.0136337
0 0.54375 0.828906 0.096875 0.090625 0.013588
0 0.257812 0.617578 0.212891 0.630469 0.013588
0 0.825781 0.503516 0.298438 0.482031 0.013588
0 0.831445 0.816992 0.205859 0.178516 0.0135345
0 0.701563 0.22168 0.182812 0.0871094 0.0134811
0 0.664453 0.817187 0.221094 0.078125 0.0134277
0 0.273047 0.58125 0.1625 0.11875 0.0133286
0 0.928125 0.653516 0.110937 0.350781 0.0131226
0 0.557031 0.20918 0.123438 0.0683594 0.0128708
1 0.459766 0.517578 0.522656 0.535156 0.0127258
0 0.814844 0.739062 0.201562 0.457812 0.0123825
0 0.432813 0.358008 0.103125 0.123047 0.0123367
0 0.494531 0.957031 0.147656 0.053125 0.012146
0 0.555469 0.246289 0.125 0.0773437 0.012146
0 0.304688 0.603125 0.0992187 0.0859375 0.0119171
0 0.563281 0.198242 0.125 0.0730469 0.0112915
0 0.772656 0.224805 0.414062 0.084375 0.0108566
0 0.907031 0.547656 0.140625 0.264062 0.0107346
0 0.298438 0.723437 0.0757812 0.13125 0.0106125
0 0.934375 0.542188 0.09375 0.084375 0.0105667
0 0.741406 0.7 0.0875 0.10625 0.0102081
0 0.744922 0.346484 0.138281 0.090625 0.0102081
0 0.295703 0.5125 0.591406 0.873438 0.01017
0 0.878125 0.374609 0.146875 0.150781 0.01017
0 0.762891 0.557813 0.124219 0.0632813 0.00997162
1 0.701563 0.22168 0.182812 0.0871094 0.00993347
1 0.861719 0.364453 0.176563 0.196875 0.00989532
1 0.846875 0.580469 0.140625 0.239063 0.00955963
0 0.767969 0.364453 0.0890625 0.127344 0.00933838
0 0.503906 0.965625 0.132812 0.05 0.00933838
1 0.509473 0.639063 0.587305 0.289062 0.00888062
0 0.631641 0.635938 0.126563 0.292188 0.00871277
1 0.7375 0.459375 0.15625 0.114063 0.00861359
0 0.173828 0.835742 0.347656 0.328516 0.00857544
0 0.292578 0.748047 0.090625 0.121094 0.00854492
0 0.553906 0.164453 0.146875 0.0441406 0.00847626
0 0.751562 0.61875 0.164062 0.198437 0.00844574
1 0.432813 0.358008 0.103125 0.123047 0.00834656
0 0.867969 0.550781 0.160938 0.18125 0.00834656
1 0.474902 0.585938 0.41582 0.396875 0.00831604
0 0.575 0.200586 0.107813 0.0886719 0.00831604
0 0.907031 0.404297 0.0984375 0.104687 0.00815582
0 0.907031 0.7 0.14375 0.459375 0.00800323
0 0.73125 0.605469 0.123438 0.0609375 0.00790405
0 0.822656 0.80332 0.223438 0.358984 0.00790405
0 0.555469 0.588281 0.223438 0.248437 0.00763702
0 0.759375 0.571875 0.125 0.107031 0.00751877
1 0.265576 0.555469 0.182129 0.185937 0.00746155
0 0.664062 0.701563 0.0890625 0.114063 0.00743103
0 0.762891 0.430469 0.0929687 0.0953125 0.00734711
0 0.914062 0.524219 0.13125 0.132812 0.00695801
0 0.546094 0.205664 0.140625 0.0542969 0.00695801
0 0.766406 0.871094 0.24375 0.221875 0.0069313
1 0.772656 0.224805 0.414062 0.084375 0.00658798
0 0.45 0.8375 0.142188 0.04375 0.00658798
0 0.432422 0.390137 0.560156 0.436914 0.00656509
0 0.285156 0.814844 0.209375 0.31875 0.00598145
0 0.170508 0.678125 0.341016 0.55625 0.00595856
0 0.541797 0.846875 0.1 0.06875 0.00579834
0 0.489746 0.597266 0.36582 0.402344 0.00575256
0 0.571094 0.214502 0.09375 0.111621 0.00566483
0 0.297266 0.614844 0.114844 0.0625 0.0055542
0 0.544531 0.830469 0.0796875 0.126563 0.00551224
0 0.608203 0.403027 0.08125 0.111133 0.00544739
0 0.682422 0.230859 0.171094 0.0539063 0.00542831
0 0.742188 0.705078 0.071875 0.0851562 0.00538635
1 0.705859 0.464063 0.227344 0.123438 0.00526047
0 0.719531 0.796094 0.125 0.071875 0.00521851
0 0.307813 0.884375 0.229687 0.215625 0.0051384
0 0.667969 0.660547 0.084375 0.182031 0.00508118
1 0.247998 0.710938 0.187598 0.460938 0.00482941
1 0.744141 0.715234 0.0773437 0.06875 0.00479126
0 0.352734 0.335352 0.125 0.0816406 0.00475693
0 0.617188 0.832812 0.142188 0.053125 0.00468063
1 0.667969 0.819531 0.220313 0.08125 0.00468063
1 0.480859 0.659375 0.389844 0.270312 0.00460815
1 0.564844 0.656641 0.282813 0.277344 0.00460815
0 0.773828 0.358594 0.0835937 0.172656 0.00457382
1 0.878125 0.374609 0.146875 0.150781 0.00457382
1 0.273047 0.58125 0.1625 0.11875 0.00452042
0 0.45625 0.827344 0.125 0.0515625 0.00439835
0 0.758203 0.544531 0.138281 0.0539063 0.00436401
1 0.29043 0.728516 0.0988281 0.163281 0.00428009
0 0.659375 0.921875 0.1375 0.1375 0.00426483
1 0.821094 0.855469 0.209375 0.251563 0.00426483
0 0.702344 0.799219 0.157813 0.0890625 0.00416565
0 0.637891 0.81875 0.157813 0.0875 0.00407028
0 0.716406 0.230078 0.171875 0.0515625 0.00403976
0 0.750781 0.688281 0.104687 0.14375 0.00403976
0 0.449219 0.341406 0.123438 0.167187 0.0039444
1 0.727344 0.335938 0.184375 0.13125 0.00391388
0 0.90625 0.382129 0.103125 0.148242 0.00390053
0 0.878125 0.563672 0.075 0.114844 0.00388527
0 0.200586 0.802344 0.340234 0.348437 0.00382423
0 0.727734 0.767187 0.402344 0.425 0.00379562
0 0.9375 0.640625 0.084375 0.120312 0.0037365
0 0.610937 0.827344 0.13125 0.075 0.00369263
0 0.753125 0.425781 0.120312 0.0804688 0.00367928
1 0.751562 0.61875 0.164062 0.198437 0.00367928
0 0.923437 0.46416 0.0921875 0.181055 0.00367928
0 0.908594 0.389453 0.0796875 0.1375 0.00362206
0 0.43125 0.5625 0.10625 0.10625 0.00362206
1 0.305469 0.725781 0.0742188 0.157813 0.00356483
0 0.343555 0.344336 0.123828 0.0675781 0.00355148
0 0.383594 0.658594 0.0960938 0.10625 0.00353813
0 0.767969 0.432813 0.0734375 0.114063 0.00351143
0 0.853125 0.516016 0.0921875 0.096875 0.00351143
0 0.889063 0.327734 0.101562 0.132031 0.00345612
0 0.298828 0.703906 0.0804688 0.121875 0.00344276
0 0.739844 0.610156 0.134375 0.159375 0.00335121
1 0.471973 0.515625 0.37793 0.182812 0.00327301
0 0.674609 0.83125 0.135156 0.0484375 0.00324821
0 0.301562 0.703906 0.0820312 0.189063 0.00324821
0 0.683594 0.903906 0.0953125 0.10625 0.00317192
0 0.76875 0.5375 0.10625 0.0859375 0.00317192
0 0.457129 0.544922 0.498242 0.271094 0.00314713
0 0.186523 0.59541 0.373047 0.724805 0.003088
1 0.867969 0.550781 0.160938 0.18125 0.00307465
1 0.264258 0.785937 0.149609 0.328125 0.00305176
0 0.610937 0.821094 0.160938 0.059375 0.00305176
0 0.989844 0.629687 0.0203125 0.126563 0.00304031
0 0.666406 0.679688 0.0921875 0.132812 0.00301552
0 0.989844 0.600781 0.0203125 0.124219 0.00291252
1 0.788867 0.634766 0.241016 0.248437 0.00291252
1 0.929688 0.598828 0.1 0.25625 0.00290108
0 0.884375 0.530859 0.18125 0.153906 0.00286674
1 0.85293 0.33457 0.191016 0.246484 0.00284576
1 0.207861 0.650781 0.272559 0.598437 0.00283432
0 0.617188 0.627344 0.117969 0.23125 0.00283432
1 0.477734 0.692969 0.300781 0.209375 0.0026722
0 0.679688 0.821875 0.140625 0.0578125 0.0026722
1 0.914062 0.524219 0.13125 0.132812 0.00266266
0 0.446875 0.675 0.222656 0.15 0.00266266
0 0.293945 0.280469 0.0910156 0.0914062 0.00265312
0 0.989844 0.563672 0.0203125 0.11875 0.00264168
1 0.518652 0.478516 0.687695 0.638281 0.00263214
0 0.634375 0.578906 0.0867188 0.128906 0.00261116
1 0.42959 0.684375 0.186133 0.159375 0.00259018
0 0.748438 0.460938 0.115625 0.103125 0.00257111
0 0.738281 0.596094 0.126563 0.0671875 0.00254059
1 0.682813 0.641016 0.485938 0.249219 0.00254059
0 0.988672 0.651953 0.0226563 0.133594 0.00251198
0 0.299023 0.744531 0.0972656 0.160938 0.00247192
1 0.209375 0.360938 0.41875 0.5375 0.00233269
0 0.364844 0.249609 0.122656 0.0734375 0.00232315
0 0.701953 0.242969 0.158594 0.0453125 0.00228691
1 0.828125 0.82207 0.196875 0.168359 0.00226974
1 0.449219 0.341406 0.123438 0.167187 0.00226974
0 0.91875 0.473828 0.153125 0.05625 0.00226021
0 0.166211 0.769141 0.332422 0.433594 0.00226021
0 0.989062 0.5375 0.021875 0.115625 0.00225258
0 0.929297 0.810742 0.141406 0.375391 0.00223351
0 0.248633 0.541406 0.127344 0.182812 0.00222588
0 0.249023 0.4875 0.0769531 0.170312 0.00221634
0 0.288086 0.590625 0.126172 0.109375 0.00221634
0 0.658594 0.720703 0.084375 0.122656 0.00221634
0 0.909375 0.421094 0.1 0.0796875 0.00219917
1 0.948438 0.519531 0.065625 0.123438 0.00219917
1 0.244141 0.783008 0.206641 0.343359 0.00217438
0 0.762109 0.373047 0.107031 0.0945313 0.00213242
0 0.245508 0.352734 0.139844 0.280469 0.00213242
0 0.927344 0.528125 0.090625 0.1625 0.00212479
0 0.641406 0.83125 0.140625 0.05625 0.00211525
0 0.435059 0.219531 0.14707 0.0652344 0.00209999
1 0.935938 0.64375 0.0921875 0.136719 0.00209999
0 0.664062 0.825781 0.53125 0.310937 0.0020752
1 0.590723 0.560938 0.73418 0.429688 0.00206757
0 0.975781 0.326562 0.0484375 0.294531 0.0020504
0 0.539844 0.859375 0.110937 0.05625 0.00201035
1 0.885156 0.865625 0.228125 0.26875 0.00198746
0 0.988281 0.516797 0.0234375 0.122656 0.00198746
0 0.432422 0.224609 0.122656 0.0984375 0.00196457
0 0.657031 0.573438 0.109375 0.14375 0.00195694
1 0.989844 0.629687 0.0203125 0.126563 0.00192642
1 0.702344 0.799219 0.157813 0.0890625 0.00188255
0 0.896875 0.340234 0.08125 0.136719 0.00186729
0 0.946094 0.646094 0.075 0.14375 0.00186729
0 0.138086 0.575391 0.0769531 0.422656 0.00186062
1 0.989844 0.600781 0.0203125 0.124219 0.00183868
0 0.576563 0.90625 0.148438 0.046875 0.00183868
0 0.669141 0.221484 0.134375 0.0890625 0.00183868
0 0.140039 0.526172 0.0660156 0.135156 0.00183868
0 0.346484 0.401563 0.160156 0.04375 0.00182438
0 0.9125 0.446094 0.115625 0.0882813 0.00179577
1 0.555469 0.588281 0.223438 0.248437 0.00178909
0 0.726953 0.241797 0.164844 0.04375 0.00178242
0 0.986328 0.439941 0.0273438 0.15918 0.00178242
0 0.873438 0.319531 0.120312 0.114844 0.00176811
1 0.173828 0.835742 0.347656 0.328516 0.00175476
0 0.781055 0.464063 0.0722656 0.115625 0.00174809
1 0.198047 0.538281 0.396094 0.821875 0.00173378
0 0.723047 0.796875 0.110156 0.0984375 0.0017271
1 0.762109 0.864844 0.285156 0.23125 0.0017271
0 0.680859 0.700781 0.0570313 0.121094 0.00171375
0 0.975 0.376953 0.05 0.277344 0.0017004
1 0.988672 0.651953 0.0226563 0.133594 0.00168705
1 0.989844 0.563672 0.0203125 0.11875 0.00166798
0 0.500781 0.218555 0.239063 0.0933594 0.0016613
0 0.490625 0.945312 0.159375 0.053125 0.0016489
0 0.517187 0.95625 0.114063 0.0625 0.00164223
1 0.669141 0.221484 0.134375 0.0890625 0.00163555
1 0.637891 0.81875 0.157813 0.0875 0.00162888
1 0.325977 0.342187 0.651953 0.515625 0.00162888
0 0.248437 0.489062 0.0742188 0.109375 0.00161648
0 0.748438 0.319336 0.132812 0.06875 0.00160408
1 0.884375 0.530859 0.18125 0.153906 0.0015974
1 0.739844 0.610156 0.134375 0.159375 0.00159168
0 0.986719 0.46875 0.0265625 0.144531 0.00159168
0 0.363672 0.24668 0.161719 0.0621094 0.00158501
0 0.313477 0.600391 0.0988281 0.111719 0.00156116
1 0.671875 0.805469 0.21875 0.0859375 0.00155449
0 0.549219 0.247852 0.15 0.0601562 0.00154877
0 0.685156 0.218359 0.175 0.0523437 0.00153637
0 0.725781 0.632031 0.1 0.153906 0.00153637
0 0.257422 0.721094 0.180469 0.154687 0.00152493
0 0.699609 0.814062 0.132031 0.06875 0.00152493
0 0.452344 0.669531 0.0984375 0.0992187 0.00150681
1 0.903125 0.599219 0.154687 0.275 0.00150681
0 0.611719 0.425 0.0835937 0.117188 0.00149536
0 0.547266 0.492188 0.736719 0.64375 0.634277
1 0.547266 0.492188 0.736719 0.64375 0.144165
0 0.448535 0.892187 0.15918 0.196875 0.0312042
0 0.789844 0.575391 0.392188 0.782031 0.0268555
0 0.435937 0.490234 0.467187 0.628906 0.0158997
0 0.629297 0.749609 0.152344 0.228906 0.0103302
1 0.448535 0.892187 0.15918 0.196875 0.00967407
1 0.789844 0.575391 0.392188 0.782031 0.00674438
0 0.736719 0.504297 0.16875 0.263281 0.00568771
0 0.488281 0.321875 0.19375 0.277344 0.00379562
1 0.629297 0.749609 0.152344 0.228906 0.00362206
1 0.736719 0.504297 0.16875 0.263281 0.00290108
0 0.899219 0.0057251 0.201562 0.0114502 0.00288963
0 0.259814 0.597656 0.178027 0.296875 0.00261116
0 0.909375 0.621875 0.140625 0.209375 0.00252151
1 0.435937 0.490234 0.467187 0.628906 0.00214005
0 0.145117 0.00595703 0.290234 0.0119141 0.00209999
0 0.542578 0.860156 0.141406 0.165625 0.00206757
0 0.740234 0.532812 0.149219 0.203125 0.00194931
0 0.845508 0.00583496 0.308984 0.0116699 0.00185299
0 0.740625 0.561719 0.134375 0.165625 0.00178909
0 0.546484 0.00582275 0.464844 0.0116455 0.00171375
0 0.2 0.00587158 0.4 0.0117432 0.00168705
0 0.646875 0.00578613 0.4625 0.0115723 0.00166798
0 0.422656 0.00578613 0.461719 0.0115723 0.00163555
0 0.324023 0.00578613 0.456641 0.0115723 0.00162888
0 0.748828 0.0057373 0.453906 0.0114746 0.00162315
0 0.463281 0.628125 0.251563 0.329688 0.00149536
0 0.649219 0.770312 0.190625 0.190625 0.0014782
1 0.909375 0.621875 0.140625 0.209375 0.00133514
1 0.542578 0.860156 0.141406 0.165625 0.00113773
0 0.920313 0.575781 0.13125 0.307813 0.00109005
0 0.722656 0.544922 0.503125 0.728906 0.00109005
0 0.262842 0.670313 0.186816 0.51875 0.00103664
0 0.549219 0.832031 0.0976562 0.115625 0.00100422
0 0.576563 0.518848 0.795313 0.69043 0.70166
0 0.622656 0.707422 0.148438 0.130469 0.112793
0 0.629687 0.808594 0.159375 0.104687 0.0933228
1 0.568066 0.504785 0.79043 0.660742 0.0719604
0 0.444141 0.885938 0.157813 0.20625 0.0526123
1 0.622656 0.707422 0.148438 0.130469 0.0403748
0 0.621094 0.920313 0.173438 0.1375 0.0380249
0 0.626172 0.739844 0.146094 0.223438 0.0327759
1 0.629687 0.808594 0.159375 0.104687 0.0298767
0 0.650781 0.80332 0.198437 0.118359 0.022934
0 0.621484 0.739844 0.147656 0.08125 0.0226288
0 0.416797 0.510938 0.236719 0.178125 0.018158
1 0.444141 0.885938 0.157813 0.20625 0.0174408
0 0.691016 0.233984 0.165625 0.0726563 0.0157166
0 0.826758 0.548828 0.293359 0.417969 0.014389
0 0.370898 0.636719 0.401953 0.346875 0.0137939
0 0.817969 0.604297 0.270312 0.300781 0.00930023
0 0.892187 0.363086 0.145313 0.223047 0.0078125
1 0.621094 0.920313 0.173438 0.1375 0.00775528
0 0.430078 0.679297 0.278125 0.219531 0.00769424
1 0.892187 0.363086 0.145313 0.223047 0.00743103
0 0.619922 0.992188 0.15625 0.015625 0.00740433
0 0.408984 0.396973 0.482031 0.44668 0.00737381
0 0.564844 0.903125 0.217187 0.059375 0.00701141
0 0.451465 0.820312 0.154883 0.05625 0.00679779
0 0.468652 0.99375 0.192383 0.0125 0.00679779
1 0.416797 0.510938 0.236719 0.178125 0.00674438
1 0.621484 0.739844 0.147656 0.08125 0.00600433
0 0.633984 0.910937 0.167187 0.103125 0.005867
0 0.628125 0.767187 0.151562 0.0890625 0.00577545
0 0.374609 0.680859 0.39375 0.239844 0.00570679
0 0.621094 0.942187 0.153125 0.1 0.00566483
1 0.650781 0.80332 0.198437 0.118359 0.00521851
0 0.523047 0.848633 0.151562 0.155859 0.00488663
0 0.452734 0.697656 0.214062 0.189063 0.00462723
0 0.475781 0.85 0.203125 0.14375 0.00457382
0 0.533203 0.84707 0.107813 0.165234 0.00439835
0 0.53125 0.892969 0.257812 0.078125 0.00416565
0 0.448828 0.834375 0.155469 0.078125 0.00405502
1 0.691016 0.233984 0.165625 0.0726563 0.00397491
0 0.530469 0.9 0.2375 0.05625 0.00362206
0 0.580859 0.408496 0.757031 0.456445 0.00312424
0 0.5875 0.99375 0.192188 0.0125 0.00307465
0 0.538965 0.8875 0.35332 0.209375 0.00279045
0 0.714063 0.455469 0.234375 0.120312 0.00271416
0 0.598437 0.9 0.207813 0.0625 0.00266266
0 0.373437 0.551953 0.410156 0.530469 0.00247192
0 0.476562 0.8875 0.228125 0.203125 0.00232315
0 0.494922 0.907812 0.271094 0.06875 0.00213242
0 0.481641 0.817969 0.183594 0.0828125 0.00213242
1 0.523047 0.848633 0.151562 0.155859 0.00201035
0 0.477246 0.935156 0.218945 0.110937 0.00193405
1 0.53125 0.892969 0.257812 0.078125 0.00183868
1 0.626172 0.739844 0.146094 0.223438 0.00179577
0 0.917969 0.535156 0.1125 0.19375 0.00178909
0 0.982813 0.418359 0.034375 0.357031 0.00176811
0 0.485156 0.342578 0.621875 0.333594 0.00174809
0 0.388184 0.512109 0.16582 0.169531 0.00153637
0 0.526563 0.991406 0.260938 0.0171875 0.00149536
1 0.466016 0.702734 0.203906 0.175781 0.00146675
1 0.533203 0.84707 0.107813 0.165234 0.00144386
0 0.816406 0.476953 0.321875 0.563281 0.00141621
0 0.495996 0.925 0.26582 0.13125 0.00138855
1 0.530469 0.9 0.2375 0.05625 0.00125504
1 0.633984 0.910937 0.167187 0.103125 0.00123978
1 0.982813 0.418359 0.034375 0.357031 0.00123024
1 0.628125 0.767187 0.151562 0.0890625 0.00119686
1 0.619531 0.994531 0.15 0.0109375 0.00119686
1 0.468652 0.99375 0.192383 0.0125 0.00117874
0 0.416797 0.694922 0.157031 0.194531 0.00110722
1 0.414746 0.374219 0.483008 0.4 0.00109482
1 0.917969 0.535156 0.1125 0.19375 0.00108624
1 0.826758 0.548828 0.293359 0.417969 0.00108147
1 0.475781 0.85 0.203125 0.14375 0.00106907
0 0.935938 0.545703 0.096875 0.196875 0.00106049
1 0.564844 0.903125 0.217187 0.059375 0.00102806
0 0.476562 0.709766 0.184375 0.161719 0.00102043
0 0.569922 0.419922 0.796094 0.478906 0.526367
0 0.508496 0.489062 0.670508 0.63125 0.506836
0 0.454004 0.680469 0.237305 0.217187 0.273682
0 0.41084 0.516797 0.439258 0.552344 0.0966797
1 0.569922 0.419922 0.796094 0.478906 0.0880127
1 0.508496 0.489062 0.670508 0.63125 0.0718384
0 0.40166 0.666016 0.348242 0.269531 0.069397
0 0.403516 0.4125 0.439844 0.457031 0.0381775
0 0.585156 0.548437 0.325 0.570312 0.026001
0 0.911719 0.628516 0.148438 0.372656 0.0171814
0 0.558594 0.355273 0.801562 0.337891 0.0157166
1 0.454004 0.680469 0.237305 0.217187 0.012146
1 0.469922 0.508691 0.4875 0.612305 0.011467
0 0.44834 0.635156 0.30957 0.309375 0.00997162
1 0.40166 0.666016 0.348242 0.269531 0.00698471
0 0.879687 0.609375 0.209375 0.370313 0.00575256
1 0.558594 0.355273 0.801562 0.337891 0.0051384
1 0.585156 0.548437 0.325 0.570312 0.00510025
1 0.405371 0.482715 0.44707 0.561133 0.00484848
0 0.622656 0.671875 0.154687 0.365625 0.0045929
0 0.807617 0.622656 0.247266 0.396875 0.00446701
1 0.397266 0.411328 0.4375 0.399219 0.00392914
0 0.574121 0.93125 0.493945 0.123438 0.00370789
1 0.911719 0.628516 0.148438 0.372656 0.00323486
0 0.570703 0.886719 0.455469 0.20625 0.00304031
0 0.813281 0.543652 0.273438 0.508008 0.00242424
0 0.307861 0.65791 0.27334 0.607617 0.00202751
0 0.654297 0.703125 0.207031 0.404687 0.00171375
1 0.879687 0.609375 0.209375 0.370313 0.00124454
0 0.366211 0.565723 0.398828 0.713867 0.00121117
1 0.44834 0.635156 0.30957 0.309375 0.00116539
0 0.745313 0.581641 0.13125 0.130469 0.00112915
0 0.9 0.62334 0.171875 0.511133 0.00106049
1 0.807617 0.622656 0.247266 0.396875 0.00104809
1 0.571875 0.579297 0.804688 0.832031 0.569824
0 0.568359 0.544531 0.794531 0.753125 0.247314
1 0.443848 0.668359 0.531055 0.642969 0.0086441
0 0.529004 0.882812 0.341992 0.223438 0.00656509
1 0.39375 0.554004 0.43125 0.75918 0.00619125
0 0.443848 0.668359 0.531055 0.642969 0.00570679
0 0.39375 0.554004 0.43125 0.75918 0.00503922
0 0.447266 0.8875 0.171875 0.196875 0.0042305
1 0.396875 0.689844 0.421094 0.485938 0.00405502
0 0.396875 0.689844 0.421094 0.485938 0.00351143
0 0.682422 0.576563 0.594531 0.809375 0.00335121
1 0.524316 0.884375 0.324805 0.21875 0.00286674
0 0.626562 0.744141 0.146875 0.214844 0.00283432
0 0.460547 0.814062 0.116406 0.0765625 0.00156116
0 0.486035 0.861719 0.332617 0.257812 0.00154877
1 0.716406 0.577734 0.51875 0.805469 0.00141048
1 0.486035 0.861719 0.332617 0.257812 0.0011425
0 0.781445 0.578125 0.396484 0.809375 0.00100422
0 0.572656 0.576172 0.80625 0.825781 0.634277
1 0.571875 0.58125 0.80625 0.8375 0.147095
0 0.476562 0.664844 0.19375 0.248437 0.0146179
0 0.44375 0.890625 0.148438 0.19375 0.0085144
0 0.430859 0.614844 0.297656 0.407813 0.00614548
0 0.443066 0.648047 0.260742 0.297656 0.00559998
0 0.378906 0.630078 0.321875 0.403906 0.00392914
1 0.476562 0.664844 0.19375 0.248437 0.00312424
0 0.558594 0.635938 0.621875 0.360938 0.00269318
0 0.563281 0.573828 0.720312 0.588281 0.00253105
1 0.430859 0.614844 0.297656 0.407813 0.00115108
1 0.443066 0.648047 0.260742 0.297656 0.0011158
0 0.617578 0.885938 0.517969 0.2125 0.00102806
0 0.564844 0.483594 0.785937 0.623438 0.568848
1 0.567969 0.579687 0.796875 0.823438 0.38208
0 0.482031 0.678125 0.190625 0.23125 0.00457382
0 0.685938 0.45 0.242188 0.152344 0.00246239
1 0.572266 0.579687 0.792969 0.829687 0.730957
0 0.56875 0.562891 0.790625 0.803906 0.257568
0 0.475 0.683594 0.154687 0.2125 0.00144386
0 0.679688 0.457812 0.217187 0.134375 0.00123024
1 0.573438 0.578906 0.796875 0.803125 0.821777
0 0.570312 0.575781 0.79375 0.807813 0.116333
0 0.480469 0.676953 0.182812 0.224219 0.00243378
0 0.471875 0.706641 0.18125 0.167969 0.00107765
1 0.572266 0.579687 0.792969 0.829687 0.731934
0 0.56875 0.562891 0.790625 0.803906 0.256104
0 0.475 0.683594 0.154687 0.2125 0.0014267
0 0.679688 0.457812 0.217187 0.134375 0.00123024
