1 0.5625 0.558984 0.682813 0.760156 0.620605
0 0.555859 0.510156 0.702344 0.86875 0.507812
1 0.546191 0.670313 0.635742 0.535937 0.0400085
1 0.513672 0.694531 0.46875 0.485938 0.0317993
0 0.451953 0.13186 0.269531 0.143701 0.0179138
0 0.475781 0.625391 0.202344 0.226562 0.00609589
0 0.641406 0.772656 0.18125 0.242188 0.00214005
0 0.877344 0.90625 0.210938 0.11875 0.00206757
0 0.754687 0.68125 0.292188 0.56875 0.0018177
0 0.319141 0.709766 0.179688 0.189844 0.00179577
1 0.451953 0.13186 0.269531 0.143701 0.00174809
0 0.103906 0.457422 0.207813 0.772656 0.00173378
0 0.555469 0.595312 0.190625 0.1625 0.00167465
0 0.546191 0.670313 0.635742 0.535937 0.00162315
0 0.478223 0.142773 0.243555 0.119922 0.00153065
0 0.51875 0.605469 0.251563 0.1375 0.00146675
0 0.51875 0.585938 0.232812 0.126563 0.00131989
1 0.498535 0.766406 0.463867 0.342187 0.00130939
0 0.755469 0.610156 0.290625 0.779688 0.00130939
0 0.663281 0.190039 0.20625 0.218359 0.00128937
0 0.630469 0.191797 0.175781 0.223438 0.00115585
0 0.5 0.629687 0.23125 0.1875 0.00107765
0 0.889844 0.8875 0.18125 0.14375 0.00105286
1 0.467969 0.632812 0.1875 0.25625 0.00104809
0 0.84375 0.414844 0.1375 0.257031 0.00101185
0 0.554297 0.502734 0.680469 0.839844 0.840332
1 0.558594 0.730469 0.660937 0.3625 0.496094
0 0.558594 0.730469 0.660937 0.3625 0.432129
0 0.119434 0.480859 0.20957 0.911719 0.358398
0 0.191992 0.664941 0.367578 0.64668 0.337158
1 0.559277 0.503125 0.679883 0.834375 0.206909
0 0.816992 0.532031 0.175391 0.864062 0.191895
0 0.526563 0.770703 0.11875 0.0695312 0.138916
0 0.539453 0.773828 0.0984375 0.0851562 0.0628052
0 0.152148 0.350781 0.274609 0.695312 0.0535889
0 0.522656 0.757422 0.135937 0.0648438 0.0490417
0 0.148633 0.531641 0.274609 0.811719 0.0474243
0 0.904297 0.689844 0.191406 0.601562 0.0446777
0 0.903125 0.193945 0.18125 0.371484 0.0270081
0 0.48916 0.78125 0.762305 0.295312 0.0257568
0 0.569531 0.728906 0.09375 0.09375 0.024704
0 0.760938 0.5125 0.290625 0.854688 0.0228882
1 0.48916 0.78125 0.762305 0.295312 0.0156021
0 0.348828 0.793945 0.645312 0.412109 0.0143356
0 0.174316 0.214453 0.319727 0.417969 0.0133743
0 0.192578 0.758203 0.355078 0.464844 0.0118713
0 0.473828 0.715625 0.105469 0.0703125 0.0116882
0 0.526563 0.878125 0.164062 0.046875 0.0115967
0 0.535937 0.754297 0.122656 0.0960938 0.011116
0 0.334766 0.491797 0.275781 0.791406 0.0110321
0 0.539062 0.889063 0.16875 0.040625 0.0088501
1 0.119434 0.480859 0.20957 0.911719 0.00806427
0 0.478906 0.701953 0.101562 0.107031 0.00661469
0 0.5375 0.749219 0.153125 0.06875 0.00653839
0 0.921875 0.238086 0.15625 0.470703 0.00582123
0 0.250391 0.82168 0.464063 0.350391 0.00503922
0 0.469141 0.725781 0.110156 0.0609375 0.00484848
1 0.348828 0.793945 0.645312 0.412109 0.00475693
0 0.944141 0.644629 0.111719 0.698242 0.00473785
1 0.191992 0.664941 0.367578 0.64668 0.00445175
0 0.903906 0.775977 0.192188 0.448047 0.00428009
0 0.403223 0.832812 0.773242 0.334375 0.00426483
0 0.547656 0.739453 0.124219 0.100781 0.00418091
0 0.802344 0.630859 0.21875 0.674219 0.00382423
0 0.558594 0.350391 0.670313 0.524219 0.00322342
1 0.816992 0.532031 0.175391 0.864062 0.00321007
0 0.639844 0.807813 0.18125 0.207813 0.00318527
1 0.903125 0.193945 0.18125 0.371484 0.00309944
0 0.467969 0.150879 0.151562 0.0845703 0.00300407
0 0.566406 0.710938 0.125 0.0703125 0.0028553
0 0.558496 0.641797 0.673633 0.544531 0.00283432
0 0.527344 0.613281 0.290625 0.128125 0.00263214
0 0.55625 0.242188 0.759375 0.2875 0.00255013
0 0.832227 0.657129 0.335547 0.648242 0.00218201
0 0.513672 0.81875 0.148438 0.046875 0.00203514
1 0.403223 0.832812 0.773242 0.334375 0.00202751
0 0.585547 0.731641 0.117969 0.114844 0.00202751
0 0.825 0.264844 0.090625 0.14375 0.00201988
0 0.528125 0.867969 0.154687 0.0546875 0.0019722
0 0.480469 0.145996 0.132812 0.104102 0.00188923
0 0.638281 0.832812 0.185937 0.1375 0.00179577
0 0.814062 0.240186 0.0984375 0.149316 0.00174141
1 0.904297 0.689844 0.191406 0.601562 0.0017271
0 0.529688 0.807813 0.129688 0.0640625 0.0017004
0 0.705859 0.344727 0.385156 0.502734 0.00167465
0 0.85 0.338672 0.084375 0.129688 0.0016489
0 0.939062 0.262109 0.121875 0.496094 0.00155449
0 0.606641 0.76875 0.0914062 0.090625 0.00150108
0 0.512109 0.872656 0.219531 0.0796875 0.00146675
0 0.547656 0.769141 0.0914062 0.122656 0.00146675
0 0.667578 0.844531 0.125781 0.071875 0.00141048
0 0.458594 0.158008 0.160938 0.0632813 0.00138855
0 0.835938 0.289648 0.0890625 0.146094 0.00137806
0 0.875 0.501562 0.06875 0.129688 0.00134563
0 0.800781 0.221484 0.10625 0.139844 0.00134087
1 0.526563 0.770703 0.11875 0.0695312 0.00131989
0 0.5125 0.826563 0.14375 0.04375 0.00124454
1 0.148633 0.531641 0.274609 0.811719 0.00123501
0 0.875 0.526563 0.06875 0.132031 0.00117874
0 0.875 0.476562 0.06875 0.132812 0.0011692
0 0.125 0.295898 0.230078 0.563672 0.00116062
1 0.639844 0.807813 0.18125 0.207813 0.00110722
1 0.512109 0.872656 0.219531 0.0796875 0.00109863
0 0.873438 0.551172 0.071875 0.13125 0.00109005
0 0.345703 0.587891 0.325781 0.617969 0.00109005
0 0.403906 0.744531 0.726562 0.33125 0.00108147
1 0.558496 0.641797 0.673633 0.544531 0.00107288
0 0.798242 0.356445 0.206641 0.527734 0.00106049
0 0.473437 0.143359 0.164062 0.0546875 0.00103188
1 0.556348 0.510156 0.713867 0.83125 0.839355
0 0.550391 0.511719 0.699219 0.835938 0.0235596
0 0.888281 0.00471191 0.223438 0.00942383 0.00226021
0 0.149902 0.00495605 0.299805 0.00991211 0.0016613
1 0.554297 0.741016 0.697656 0.392969 0.0016489
0 0.833398 0.0048584 0.333203 0.0097168 0.0011692
1 0.551172 0.503125 0.682031 0.865625 0.903809
1 0.498828 0.744922 0.555469 0.396094 0.0154877
0 0.551465 0.525 0.687695 0.896875 0.00993347
0 0.552344 0.607422 0.185937 0.141406 0.00166798
1 0.557715 0.513281 0.687695 0.846875 0.914062
0 0.559277 0.507812 0.686133 0.857813 0.00387001
1 0.551953 0.501953 0.683594 0.855469 0.89502
0 0.554297 0.499219 0.692969 0.851562 0.0597534
1 0.553516 0.732422 0.625781 0.400781 0.00411606
1 0.561621 0.512891 0.704883 0.861719 0.884277
0 0.558691 0.516797 0.712305 0.860156 0.0589905
0 0.515625 0.646875 0.270312 0.210938 0.00158501
1 0.550391 0.508203 0.692969 0.836719 0.88623
0 0.550391 0.508203 0.692969 0.836719 0.00831604
1 0.551953 0.511719 0.686719 0.860937 0.907227
0 0.552344 0.505859 0.684375 0.850781 0.00345612
1 0.554688 0.510547 0.695312 0.842969 0.902344
1 0.551953 0.511719 0.686719 0.860937 0.907227
0 0.552344 0.505469 0.684375 0.85 0.00345612
