0 0.495313 0.615234 0.796875 0.638281 0.906738
0 0.410156 0.726953 0.63125 0.400781 0.190063
0 0.494531 0.507031 0.853125 0.801562 0.160278
0 0.491309 0.764844 0.761133 0.325 0.0185089
1 0.502734 0.6125 0.800781 0.64375 0.0153046
0 0.348242 0.760547 0.533203 0.353906 0.00358009
1 0.410156 0.726953 0.63125 0.400781 0.00301552
0 0.8 0.86582 0.3625 0.258984 0.00237846
0 0.349805 0.185742 0.190234 0.211719 0.00159168
0 0.770312 0.920313 0.240625 0.1 0.00126934
0 0.688281 0.185352 0.215625 0.217187 0.00115108
0 0.498828 0.523438 0.830469 0.807813 0.889648
1 0.508984 0.50625 0.832031 0.859375 0.126831
0 0.323047 0.806445 0.608594 0.387109 0.102295
0 0.176367 0.821094 0.331641 0.357812 0.0731812
0 0.841211 0.692969 0.317578 0.592188 0.0592041
0 0.301562 0.862305 0.567187 0.272266 0.0318604
0 0.460156 0.814844 0.889063 0.285937 0.0310211
0 0.148633 0.762891 0.297266 0.435156 0.0198669
0 0.373047 0.848828 0.716406 0.302344 0.0154266
0 0.907812 0.180469 0.16875 0.338672 0.0151291
1 0.323047 0.806445 0.608594 0.387109 0.0119629
0 0.808594 0.635254 0.382812 0.712305 0.0077858
0 0.874414 0.764063 0.251172 0.471875 0.00577545
0 0.772656 0.482422 0.310937 0.800781 0.00471878
0 0.778906 0.358594 0.3 0.5375 0.00441742
1 0.501562 0.211768 0.839063 0.259277 0.0036068
0 0.480078 0.741406 0.794531 0.378125 0.00318527
0 0.367969 0.198242 0.109375 0.0988281 0.00296974
0 0.367188 0.211914 0.123438 0.0769531 0.00279999
0 0.488379 0.659766 0.798242 0.532031 0.00258064
1 0.301562 0.862305 0.567187 0.272266 0.00250244
0 0.501562 0.211768 0.839063 0.259277 0.0024147
0 0.860937 0.27832 0.090625 0.141016 0.00223351
0 0.358984 0.180518 0.121094 0.114746 0.00214958
0 0.305078 0.175195 0.247656 0.106641 0.00209999
1 0.373047 0.848828 0.716406 0.302344 0.00206757
0 0.821875 0.216357 0.115625 0.109473 0.00201988
0 0.969531 0.31543 0.0609375 0.455859 0.00201035
0 0.132422 0.698047 0.264844 0.488281 0.00192642
0 0.810742 0.206055 0.125391 0.100391 0.00191212
0 0.884375 0.364258 0.0765625 0.127734 0.00185299
0 0.960938 0.269922 0.078125 0.457031 0.00183105
0 0.347656 0.167676 0.11875 0.106836 0.00162315
0 0.849219 0.257812 0.1 0.139062 0.00162315
0 0.356641 0.900781 0.685156 0.198437 0.00148392
0 0.379687 0.216406 0.109375 0.117578 0.00146675
0 0.359375 0.198877 0.134375 0.0795898 0.00144386
1 0.907812 0.180469 0.16875 0.338672 0.00139427
0 0.836719 0.231689 0.104687 0.142871 0.00125504
0 0.875781 0.326562 0.0921875 0.134375 0.00123978
0 0.6875 0.497656 0.478125 0.848437 0.0012207
0 0.377734 0.270312 0.157031 0.0601562 0.0012064
1 0.841211 0.692969 0.317578 0.592188 0.00116539
1 0.176367 0.821094 0.331641 0.357812 0.00116539
0 0.761133 0.625 0.477734 0.70625 0.00105667
0 0.870313 0.302344 0.084375 0.149219 0.00103188
0 0.877344 0.349609 0.1 0.123438 0.00102425
0 0.751562 0.139648 0.1625 0.0460938 0.00101662
0 0.373828 0.231641 0.120312 0.071875 0.00100803
0 0.503125 0.501562 0.85625 0.853125 0.913574
1 0.497266 0.505078 0.833594 0.841406 0.0154266
0 0.891406 0.00473633 0.217187 0.00947266 0.0020504
0 0.149805 0.00506592 0.299609 0.0101318 0.0015974
0 0.510938 0.490625 0.825 0.83125 0.888184
1 0.509375 0.492969 0.825 0.848437 0.0288086
0 0.262061 0.289258 0.338379 0.382422 0.00397491
0 0.30957 0.314258 0.441797 0.430078 0.00137806
0 0.514453 0.5 0.822656 0.865625 0.95752
1 0.505078 0.505469 0.824219 0.842188 0.00413513
0 0.501562 0.499219 0.835938 0.857813 0.955078
1 0.501172 0.496875 0.838281 0.85625 0.00399017
0 0.507031 0.508984 0.835938 0.871094 0.925781
1 0.507031 0.503125 0.848437 0.851562 0.00723267
0 0.5 0.503516 0.834375 0.852344 0.851074
1 0.501172 0.509375 0.822656 0.860937 0.0147324
0 0.513672 0.507422 0.800781 0.863281 0.898926
1 0.510938 0.507422 0.8 0.860156 0.00619125
0 0.505859 0.503906 0.832031 0.848437 0.881836
1 0.507812 0.50625 0.834375 0.84375 0.00356483
0 0.513672 0.507422 0.800781 0.863281 0.898926
1 0.510938 0.507422 0.8 0.860156 0.00621796
