1 0.536328 0.495703 0.849219 0.852344 0.458008
0 0.526953 0.525781 0.864844 0.798437 0.187744
0 0.514844 0.714844 0.801562 0.401563 0.0736694
0 0.530469 0.642187 0.832812 0.557813 0.0335388
1 0.530469 0.642187 0.832812 0.557813 0.0321045
0 0.492188 0.766406 0.734375 0.285937 0.0181885
1 0.503906 0.703516 0.754687 0.414844 0.0137405
0 0.436719 0.680859 0.6375 0.450781 0.0106125
0 0.50625 0.172852 0.196875 0.225391 0.00803375
0 0.836719 0.877344 0.19375 0.189063 0.0064888
0 0.370508 0.7125 0.496484 0.379687 0.00559998
0 0.651563 0.15791 0.196875 0.193555 0.00526047
0 0.83457 0.539844 0.283984 0.920313 0.00500107
1 0.492188 0.766406 0.734375 0.285937 0.00244331
0 0.6875 0.159546 0.220313 0.194971 0.0024147
0 0.842383 0.910937 0.208984 0.125 0.00235939
0 0.583594 0.155957 0.251563 0.191992 0.00159168
0 0.539062 0.168164 0.200781 0.216016 0.00151253
0 0.625684 0.726562 0.614258 0.39375 0.00149536
0 0.917188 0.867188 0.125 0.221875 0.00138283
0 0.801367 0.660937 0.300391 0.532812 0.00123978
1 0.854883 0.874219 0.183984 0.19375 0.00112438
0 0.741016 0.713281 0.430469 0.404687 0.00102043
1 0.539453 0.505859 0.849219 0.882031 0.505859
0 0.461719 0.770312 0.923437 0.2875 0.395996
0 0.546094 0.502344 0.845312 0.857813 0.312256
0 0.507031 0.677734 0.860937 0.482031 0.286865
0 0.413281 0.879883 0.798437 0.240234 0.264404
0 0.458203 0.828125 0.916406 0.265625 0.226807
1 0.539062 0.696875 0.834375 0.457812 0.182373
1 0.461719 0.770312 0.923437 0.2875 0.0517578
1 0.413281 0.879883 0.798437 0.240234 0.0469055
1 0.458203 0.828125 0.916406 0.265625 0.0241394
1 0.502344 0.208789 0.8875 0.280078 0.0177765
0 0.201562 0.863281 0.401563 0.273438 0.0150757
0 0.921875 0.357812 0.078125 0.107813 0.0130692
0 0.190625 0.811719 0.38125 0.353125 0.0124283
0 0.308398 0.885156 0.581641 0.225 0.0112457
0 0.452734 0.907031 0.905469 0.185937 0.0112457
0 0.920313 0.390625 0.1125 0.0804688 0.00955963
0 0.502344 0.208789 0.8875 0.280078 0.0086441
0 0.277539 0.592969 0.555078 0.557813 0.008255
0 0.149023 0.183789 0.269922 0.345313 0.00754929
0 0.388672 0.724219 0.566406 0.332812 0.00717545
0 0.925781 0.3875 0.096875 0.184375 0.00593567
0 0.263086 0.540234 0.500391 0.672656 0.00570679
0 0.544531 0.326953 0.114063 0.103906 0.00524139
0 0.322656 0.676953 0.435937 0.375781 0.00521851
0 0.903125 0.351562 0.125 0.0773437 0.00521851
0 0.926562 0.374609 0.078125 0.107813 0.00503922
0 0.200195 0.723047 0.400391 0.525781 0.00494385
0 0.879297 0.790039 0.241406 0.419922 0.00494385
0 0.414844 0.928125 0.829687 0.14375 0.00482941
1 0.386328 0.903906 0.753125 0.192188 0.00452042
0 0.266992 0.49375 0.374609 0.70625 0.00415039
0 0.926562 0.399219 0.0875 0.107031 0.00397491
0 0.896875 0.364844 0.140625 0.1625 0.00397491
0 0.541406 0.344922 0.117188 0.075 0.00391388
0 0.7625 0.501172 0.110937 0.0875 0.00359344
0 0.563281 0.327539 0.13125 0.0941406 0.00353813
0 0.83125 0.394922 0.117188 0.0710938 0.00349617
0 0.696875 0.260352 0.125 0.0757812 0.00348282
0 0.914062 0.381348 0.1125 0.110742 0.00346947
1 0.882031 0.159961 0.2125 0.273047 0.00340271
0 0.904688 0.333008 0.117188 0.0785156 0.00301552
0 0.28457 0.647266 0.348047 0.492969 0.00300407
0 0.882031 0.159961 0.2125 0.273047 0.00279045
0 0.925 0.353906 0.078125 0.180469 0.00270462
0 0.497656 0.278711 0.104687 0.105078 0.00261116
1 0.925781 0.3875 0.096875 0.184375 0.00250244
0 0.935938 0.470313 0.071875 0.11875 0.00230598
0 0.270312 0.852539 0.523438 0.294922 0.00225258
0 0.17334 0.830469 0.34668 0.314063 0.00219917
0 0.259961 0.437891 0.301953 0.647656 0.00214005
0 0.896094 0.30332 0.114063 0.0980469 0.00206757
0 0.326953 0.708594 0.653906 0.445312 0.00206757
0 0.495313 0.295508 0.107813 0.0804688 0.00175476
0 0.882812 0.323828 0.1625 0.204688 0.00171375
0 0.660937 0.150195 0.105469 0.0675781 0.0016613
0 0.875 0.297656 0.1875 0.126172 0.00165462
0 0.875781 0.527344 0.195312 0.21875 0.00161648
0 0.935938 0.420996 0.075 0.131445 0.00148964
0 0.404297 0.77793 0.651563 0.312891 0.00148392
0 0.716406 0.264062 0.115625 0.101562 0.00144386
0 0.757812 0.497266 0.134375 0.0695312 0.00141621
0 0.588281 0.554297 0.201562 0.160938 0.00137234
1 0.896875 0.364844 0.140625 0.1625 0.00135136
0 0.907812 0.313477 0.1 0.109766 0.00134563
1 0.914062 0.381348 0.1125 0.110742 0.00133514
0 0.22168 0.788281 0.443359 0.401563 0.00131989
0 0.313086 0.567969 0.626172 0.659375 0.00131512
0 0.488672 0.305469 0.116406 0.0554687 0.00130463
0 0.879687 0.280469 0.13125 0.0570313 0.00122547
0 0.618359 0.279687 0.096875 0.114844 0.00122547
0 0.986328 0.480078 0.0273438 0.1625 0.00109482
0 0.986719 0.448828 0.0265625 0.15 0.00106049
1 0.149023 0.183789 0.269922 0.345313 0.00104046
0 0.985937 0.50625 0.028125 0.171875 0.00101185
1 0.536719 0.494922 0.845312 0.833594 0.885254
0 0.536328 0.496094 0.849219 0.842188 0.0106506
0 0.890625 0.00494385 0.21875 0.0098877 0.0020504
0 0.149512 0.00513916 0.299023 0.0102783 0.00167465
1 0.521094 0.703906 0.845312 0.415625 0.00136185
0 0.837695 0.0050415 0.324609 0.010083 0.00103188
1 0.549219 0.479688 0.832812 0.85 0.928711
0 0.983203 0.354102 0.0335938 0.301172 0.0012598
1 0.543359 0.498047 0.846094 0.847656 0.919434
1 0.541406 0.49375 0.854688 0.860937 0.934082
0 0.541797 0.496094 0.844531 0.857813 0.00314713
1 0.541797 0.500781 0.855469 0.873438 0.929199
1 0.538281 0.490625 0.854688 0.85625 0.874512
1 0.542188 0.489453 0.829687 0.858594 0.924316
1 0.535937 0.494141 0.845312 0.844531 0.891602
1 0.542188 0.489453 0.829687 0.858594 0.924316
