0 0.509375 0.590234 0.839063 0.713281 0.431152
1 0.509375 0.589453 0.8125 0.717969 0.36377
1 0.503906 0.699609 0.80625 0.502344 0.0115967
0 0.485156 0.149438 0.253125 0.192529 0.0091629
0 0.447266 0.714063 0.707031 0.471875 0.00626373
0 0.336523 0.709375 0.487891 0.475 0.00519943
0 0.878125 0.867188 0.203125 0.153125 0.00452042
1 0.355469 0.719922 0.51875 0.455469 0.00351143
0 0.535937 0.150562 0.235938 0.195752 0.00298119
1 0.508203 0.430469 0.839844 0.748438 0.00235939
0 0.865625 0.896875 0.215625 0.121875 0.00212479
1 0.506641 0.14978 0.251563 0.194189 0.00164223
0 0.357031 0.778125 0.50625 0.340625 0.00139427
0 0.620313 0.156421 0.2125 0.197314 0.00138855
0 0.804492 0.533594 0.291016 0.932813 0.00112915
0 0.673437 0.163477 0.220313 0.201172 0.00100422
1 0.521875 0.517187 0.851562 0.9 0.783203
0 0.509375 0.541797 0.839063 0.910156 0.244385
0 0.571875 0.334766 0.0796875 0.096875 0.185303
0 0.296094 0.928906 0.592188 0.142188 0.127197
0 0.269531 0.883984 0.539062 0.232031 0.124207
0 0.393359 0.926562 0.651563 0.146875 0.0917358
0 0.291797 0.903125 0.583594 0.190625 0.0856934
0 0.392188 0.903125 0.760156 0.175 0.0782471
0 0.247656 0.84375 0.495313 0.273438 0.0344849
0 0.401953 0.889844 0.661719 0.220313 0.0330811
0 0.237695 0.491797 0.301172 0.750781 0.0275879
0 0.384375 0.853125 0.667969 0.23125 0.0232849
1 0.406152 0.928906 0.695508 0.142188 0.0190582
0 0.237109 0.79043 0.474219 0.303516 0.0179138
0 0.4625 0.898438 0.840625 0.134375 0.0174408
0 0.489453 0.701953 0.858594 0.497656 0.0164032
1 0.392188 0.903125 0.760156 0.175 0.0163422
0 0.649219 0.263672 0.121875 0.0757812 0.0161591
0 0.41875 0.878125 0.8375 0.178125 0.0151901
0 0.30918 0.660937 0.618359 0.465625 0.0142822
0 0.323047 0.785937 0.646094 0.23125 0.0126266
1 0.278906 0.929688 0.557813 0.140625 0.0121918
0 0.574219 0.329297 0.078125 0.148438 0.0119171
0 0.563672 0.337695 0.107813 0.0785156 0.011116
1 0.489453 0.701953 0.858594 0.497656 0.0104904
0 0.25625 0.580469 0.5125 0.592188 0.00955963
0 0.288281 0.56875 0.576563 0.625 0.00800323
0 0.504687 0.764453 0.11875 0.0835937 0.00790405
1 0.4625 0.898438 0.840625 0.134375 0.00787354
0 0.382812 0.952344 0.598437 0.0953125 0.00746155
0 0.6375 0.243359 0.142969 0.0554687 0.00624084
1 0.278711 0.903125 0.557422 0.190625 0.00595856
1 0.41875 0.878125 0.8375 0.178125 0.00577545
0 0.671875 0.272266 0.145313 0.100781 0.00534439
0 0.225195 0.701172 0.450391 0.419531 0.00534439
0 0.307031 0.702344 0.614062 0.4 0.00473785
0 0.467871 0.925 0.783008 0.10625 0.0046463
0 0.895312 0.484375 0.11875 0.825 0.00457382
0 0.898438 0.339063 0.075 0.124219 0.00432968
0 0.883984 0.8375 0.232031 0.325 0.00413513
0 0.285156 0.954687 0.570312 0.090625 0.00379562
1 0.382812 0.952344 0.598437 0.0953125 0.00376511
0 0.712109 0.589844 0.108594 0.0859375 0.00374985
0 0.492188 0.766797 0.117188 0.0992187 0.00337601
0 0.356836 0.535156 0.539453 0.898438 0.00328636
1 0.401953 0.889844 0.661719 0.220313 0.00317192
0 0.458203 0.93125 0.144531 0.046875 0.00309944
0 0.910937 0.461719 0.075 0.123438 0.0029583
0 0.888281 0.769531 0.223438 0.446875 0.0028553
1 0.671875 0.272266 0.145313 0.100781 0.00279999
0 0.910937 0.488281 0.071875 0.123438 0.00271416
0 0.875 0.265234 0.096875 0.125781 0.00259018
0 0.911719 0.426953 0.0703125 0.126563 0.00257111
0 0.707422 0.882812 0.135156 0.05 0.00257111
0 0.475781 0.785156 0.873438 0.320312 0.00252151
0 0.873438 0.363672 0.146875 0.564844 0.00243378
0 0.884375 0.29043 0.0859375 0.125 0.00232315
0 0.379883 0.805469 0.759766 0.240625 0.00230598
0 0.897656 0.489453 0.110937 0.328906 0.00226021
0 0.910156 0.403516 0.0734375 0.127344 0.00224304
0 0.903125 0.362305 0.0828125 0.119141 0.00223351
0 0.646094 0.369531 0.10625 0.071875 0.00222588
0 0.387109 0.184375 0.153906 0.0648438 0.00219917
1 0.897656 0.492188 0.115625 0.825 0.00216484
1 0.467871 0.925 0.783008 0.10625 0.00214005
1 0.384375 0.853125 0.667969 0.23125 0.00209045
0 0.864062 0.39541 0.173438 0.281055 0.00208282
0 0.264258 0.486719 0.391797 0.65 0.00200272
0 0.50625 0.264453 0.167187 0.0453125 0.00191212
0 0.913281 0.514063 0.0703125 0.126563 0.00191212
1 0.285156 0.954687 0.570312 0.090625 0.0017271
0 0.640625 0.357031 0.120312 0.0585938 0.0016613
1 0.232617 0.457715 0.287891 0.725195 0.00161076
1 0.516016 0.206641 0.846094 0.289844 0.00161076
0 0.648438 0.267969 0.1 0.096875 0.00154877
0 0.383203 0.164258 0.147656 0.046875 0.00145531
0 0.519141 0.281641 0.172656 0.0617188 0.0014267
0 0.425781 0.234375 0.128906 0.0757812 0.00133514
0 0.89375 0.315625 0.08125 0.146094 0.00129414
0 0.910937 0.464941 0.0765625 0.201367 0.00126457
1 0.883984 0.8375 0.232031 0.325 0.00123501
0 0.711719 0.870313 0.132812 0.071875 0.00123024
0 0.901563 0.344141 0.078125 0.174219 0.00119686
0 0.8625 0.239063 0.109375 0.135156 0.00118351
1 0.260938 0.85 0.521875 0.259375 0.0011692
0 0.505469 0.253711 0.15625 0.0496094 0.00115108
0 0.851562 0.369141 0.195312 0.214844 0.00114727
0 0.658984 0.273047 0.125781 0.0808594 0.0011425
1 0.475781 0.785156 0.873438 0.320312 0.00110722
1 0.356641 0.532031 0.534375 0.907812 0.00109863
0 0.444141 0.958984 0.564844 0.0820312 0.00109863
0 0.172266 0.616406 0.344531 0.467187 0.00109005
0 0.580859 0.311523 0.0976562 0.195703 0.00102806
0 0.423828 0.671875 0.130469 0.0921875 0.00100803
0 0.911719 0.416016 0.0734375 0.200781 0.00100803
0 0.243359 0.921094 0.486719 0.157813 0.00100422
1 0.494922 0.505469 0.828906 0.864062 0.823242
0 0.494922 0.505469 0.828906 0.864062 0.0691528
0 0.891016 0.00480957 0.217969 0.00961914 0.00199509
0 0.149805 0.0050293 0.299609 0.0100586 0.00159168
1 0.507031 0.491797 0.857813 0.905469 0.933594
0 0.513672 0.486328 0.835156 0.910156 0.00279045
1 0.521094 0.509766 0.839063 0.908594 0.912598
1 0.808594 0.494141 0.2875 0.880469 0.00206757
1 0.510156 0.500781 0.854688 0.885938 0.910645
0 0.507812 0.500391 0.84375 0.883594 0.0132751
1 0.516406 0.511719 0.864062 0.910937 0.94043
1 0.516406 0.501562 0.864062 0.892187 0.87793
0 0.870117 0.898438 0.250391 0.203125 0.00426483
1 0.53125 0.502734 0.842188 0.903906 0.92627
1 0.513672 0.498437 0.846094 0.890625 0.879883
1 0.53125 0.502344 0.842188 0.904688 0.92627
