1 0.488672 0.557129 0.892969 0.757617 0.757812
1 0.49375 0.663672 0.86875 0.539844 0.0520325
0 0.4875 0.553516 0.890625 0.764844 0.0401001
0 0.430859 0.128345 0.153125 0.118311 0.0216217
0 0.407031 0.122852 0.20625 0.117188 0.0197144
0 0.579687 0.13418 0.142188 0.1375 0.0179138
0 0.607422 0.134375 0.205469 0.137109 0.0103302
0 0.10022 0.457812 0.0663574 0.642187 0.00734711
1 0.430859 0.128345 0.153125 0.118311 0.00502014
1 0.307031 0.79043 0.427344 0.256641 0.0049057
1 0.502344 0.822656 0.839063 0.221875 0.00452042
1 0.407031 0.122852 0.20625 0.117188 0.00431442
1 0.807031 0.549609 0.2875 0.800781 0.0037365
0 0.127051 0.396875 0.128711 0.546875 0.00338936
1 0.10022 0.457812 0.0663574 0.642187 0.00259018
1 0.579687 0.13418 0.142188 0.1375 0.00233269
0 0.472656 0.284814 0.167187 0.221777 0.00221634
0 0.132812 0.454688 0.106641 0.530469 0.00219154
0 0.88125 0.413965 0.1875 0.164258 0.00214005
0 0.141895 0.351172 0.151367 0.457031 0.0017271
0 0.447656 0.262695 0.196875 0.189453 0.00172043
1 0.127051 0.396875 0.128711 0.546875 0.00162315
0 0.15332 0.450391 0.0628906 0.466406 0.00149536
1 0.550098 0.793555 0.72793 0.266016 0.00148392
0 0.562891 0.464844 0.192969 0.157813 0.00139904
0 0.307031 0.79043 0.427344 0.256641 0.00137806
1 0.255664 0.785937 0.346484 0.295312 0.00134563
0 0.844531 0.901563 0.242188 0.115625 0.00134563
1 0.43291 0.798437 0.682617 0.254687 0.00131989
0 0.49375 0.663672 0.86875 0.539844 0.00131512
0 0.808594 0.554688 0.290625 0.890625 0.0012846
1 0.132812 0.454688 0.106641 0.530469 0.00127888
0 0.366211 0.142603 0.275391 0.157764 0.00126457
1 0.607422 0.134375 0.205469 0.137109 0.00126457
0 0.107715 0.388379 0.0693359 0.670117 0.00123978
0 0.552344 0.592578 0.204688 0.171094 0.00118828
1 0.425391 0.839063 0.682031 0.176563 0.0011692
0 0.870313 0.403027 0.201562 0.120508 0.00113392
1 0.453906 0.711719 0.739062 0.429688 0.00109482
0 0.879687 0.351367 0.1875 0.164453 0.00102806
1 0.319336 0.746094 0.456641 0.351562 0.00101662
1 0.514844 0.501172 0.892187 0.857031 0.853516
1 0.492969 0.820312 0.867188 0.226562 0.137573
0 0.514063 0.534766 0.889063 0.791406 0.0458679
0 0.521094 0.546094 0.1 0.0703125 0.0333252
0 0.675 0.673437 0.125781 0.0796875 0.0292053
0 0.453906 0.151367 0.0921875 0.0777344 0.0269623
1 0.478125 0.858594 0.896875 0.176563 0.0261078
0 0.158789 0.849219 0.283203 0.298438 0.0243378
0 0.579687 0.435937 0.104687 0.0726563 0.0227203
0 0.420703 0.583984 0.0859375 0.1125 0.0214539
0 0.504297 0.79707 0.853906 0.268359 0.0195618
0 0.439063 0.109375 0.128125 0.0648438 0.0180511
0 0.479688 0.850195 0.895312 0.171484 0.0173035
1 0.505859 0.703906 0.878906 0.448438 0.0162811
0 0.442969 0.129712 0.126563 0.119482 0.0159607
0 0.663281 0.667578 0.0921875 0.0898438 0.0134277
0 0.626953 0.749219 0.0882813 0.11875 0.0134277
0 0.482812 0.464844 0.1625 0.0484375 0.0134277
0 0.459375 0.121509 0.0757812 0.104639 0.0127258
0 0.416797 0.127148 0.178906 0.112109 0.0125275
0 0.450391 0.119824 0.103125 0.0867188 0.0112457
0 0.532031 0.559375 0.1125 0.115625 0.0104904
0 0.925 0.494922 0.075 0.182812 0.0102081
1 0.158789 0.849219 0.283203 0.298438 0.0100098
0 0.705078 0.495703 0.0851562 0.107031 0.00993347
0 0.719922 0.714844 0.166406 0.0484375 0.00933838
0 0.541016 0.628906 0.122656 0.084375 0.00891876
0 0.526563 0.624219 0.145313 0.109375 0.00793457
0 0.925 0.547266 0.0703125 0.114844 0.00709534
0 0.928125 0.516406 0.065625 0.129688 0.00709534
0 0.859375 0.248437 0.128125 0.090625 0.00671768
0 0.459375 0.141895 0.0796875 0.119336 0.00638962
0 0.44375 0.151855 0.124219 0.0591797 0.00600433
1 0.40625 0.786719 0.657812 0.264062 0.00591278
0 0.465625 0.181445 0.128125 0.0773437 0.00559998
0 0.597656 0.342969 0.110937 0.128125 0.00544739
0 0.476172 0.454297 0.145313 0.0515625 0.00538635
0 0.923437 0.425 0.08125 0.107813 0.00526047
0 0.85625 0.49375 0.109375 0.101562 0.00521851
0 0.569922 0.486719 0.0953125 0.08125 0.0051384
0 0.528516 0.589063 0.130469 0.171875 0.00511932
1 0.532031 0.559375 0.1125 0.115625 0.00508118
0 0.488281 0.405469 0.142188 0.0671875 0.00488663
0 0.717188 0.705469 0.159375 0.0507812 0.00475693
0 0.689453 0.678906 0.155469 0.0617188 0.00432968
0 0.6375 0.746484 0.101562 0.144531 0.00429916
0 0.624219 0.598047 0.120312 0.0554687 0.0042305
0 0.480078 0.166797 0.140625 0.121875 0.0042305
0 0.439844 0.0945313 0.13125 0.05625 0.0041008
0 0.632031 0.764844 0.1125 0.104687 0.0041008
1 0.597656 0.342969 0.110937 0.128125 0.00397491
0 0.442578 0.160156 0.135156 0.0519531 0.00392914
0 0.469531 0.733203 0.14375 0.0734375 0.00388527
0 0.150391 0.534375 0.0796875 0.123438 0.00385475
0 0.426562 0.578906 0.0828125 0.151562 0.00382423
0 0.591797 0.560547 0.0992187 0.075 0.00380898
1 0.442969 0.129712 0.126563 0.119482 0.00370789
0 0.334961 0.784375 0.137891 0.0671875 0.00367928
1 0.526563 0.624219 0.145313 0.109375 0.00359344
0 0.492969 0.477344 0.128125 0.078125 0.00332451
0 0.557813 0.605469 0.090625 0.153125 0.00318527
0 0.823438 0.327344 0.129688 0.0523437 0.00314713
0 0.84375 0.24082 0.1375 0.0800781 0.00304031
0 0.687109 0.345703 0.132031 0.100781 0.00299263
0 0.579297 0.542578 0.1125 0.059375 0.00294685
0 0.691797 0.692578 0.160938 0.0546875 0.00292397
1 0.528516 0.589063 0.130469 0.171875 0.00291252
0 0.602344 0.569922 0.117188 0.075 0.00288963
0 0.513281 0.735547 0.103906 0.0820312 0.0028553
0 0.486719 0.392188 0.148438 0.053125 0.00281143
0 0.503125 0.345508 0.09375 0.119922 0.00261116
0 0.829687 0.335156 0.126563 0.0609375 0.00259018
0 0.606641 0.644531 0.078125 0.078125 0.00251198
0 0.642578 0.538672 0.103125 0.0554687 0.00239754
0 0.479688 0.129883 0.053125 0.116406 0.00236893
0 0.565625 0.564844 0.19375 0.126563 0.00235939
0 0.497656 0.80625 0.171094 0.05625 0.00232315
0 0.286328 0.78125 0.344531 0.2625 0.00232315
1 0.317969 0.783594 0.426562 0.260938 0.00226974
0 0.60625 0.584375 0.120312 0.06875 0.00226974
0 0.330859 0.771484 0.142188 0.0664062 0.00226974
0 0.664844 0.659766 0.114063 0.0976562 0.00225258
0 0.741406 0.750781 0.123438 0.053125 0.00223351
0 0.618359 0.589844 0.136719 0.046875 0.00222588
0 0.695312 0.489844 0.109375 0.0828125 0.00222588
1 0.277539 0.725 0.369922 0.328125 0.00221634
0 0.89375 0.312891 0.11875 0.109375 0.00214005
0 0.636328 0.607031 0.105469 0.0890625 0.00213242
0 0.2875 0.363672 0.111719 0.0804688 0.00213242
0 0.151953 0.783594 0.230469 0.3375 0.00211525
0 0.507031 0.909375 0.15 0.05 0.00210762
0 0.271094 0.6125 0.0859375 0.1 0.00209999
1 0.416797 0.127148 0.178906 0.112109 0.00209999
0 0.342578 0.122754 0.33125 0.110742 0.00206757
0 0.492578 0.73125 0.127344 0.0828125 0.00201988
1 0.598047 0.136523 0.174219 0.116016 0.00200272
0 0.247852 0.780469 0.114453 0.084375 0.00200272
0 0.561719 0.135547 0.104687 0.11875 0.00198746
0 0.217627 0.532812 0.100684 0.107813 0.00198746
0 0.277539 0.725 0.369922 0.328125 0.0019722
0 0.2375 0.861133 0.43125 0.277734 0.00192642
0 0.871094 0.692969 0.11875 0.135937 0.00192642
0 0.598047 0.136523 0.174219 0.116016 0.00191212
0 0.469141 0.719922 0.16875 0.0578125 0.00188255
0 0.654688 0.654688 0.164062 0.115625 0.00186729
0 0.504687 0.214453 0.165625 0.0460938 0.00185299
1 0.561719 0.135547 0.104687 0.11875 0.00181007
0 0.658594 0.653906 0.0945313 0.0640625 0.00181007
0 0.692187 0.682813 0.159375 0.120312 0.00179577
0 0.721094 0.857813 0.132812 0.0578125 0.00179577
0 0.24043 0.675391 0.323047 0.422656 0.00178909
0 0.925781 0.405078 0.0796875 0.185156 0.00170708
0 0.495703 0.792188 0.167969 0.05 0.0017004
0 0.601172 0.323438 0.133594 0.0726563 0.00168133
0 0.911719 0.325 0.0828125 0.122656 0.0016489
0 0.917188 0.564062 0.0953125 0.120312 0.0016489
0 0.904688 0.623438 0.0953125 0.111719 0.00164223
0 0.595312 0.362109 0.107813 0.0960938 0.00161076
0 0.223779 0.8875 0.379004 0.21875 0.00157928
0 0.460156 0.128613 0.0796875 0.187305 0.00157356
0 0.867188 0.492969 0.09375 0.145313 0.00156689
0 0.446875 0.0958008 0.104687 0.0896484 0.00156116
0 0.560938 0.704687 0.135937 0.05 0.00155449
0 0.502344 0.475 0.135937 0.05625 0.00154877
0 0.489453 0.198096 0.154687 0.0592773 0.00153065
0 0.6125 0.602344 0.126563 0.096875 0.00152493
0 0.589063 0.590234 0.0882813 0.144531 0.00151253
1 0.299023 0.793945 0.320703 0.246484 0.00151253
0 0.6125 0.578516 0.153125 0.0507812 0.00150681
0 0.919531 0.444141 0.09375 0.101562 0.00150108
0 0.511719 0.91875 0.15625 0.04375 0.0014782
0 0.414453 0.572266 0.104687 0.0992187 0.00145531
0 0.569141 0.607813 0.0648438 0.146875 0.00145531
0 0.578906 0.419531 0.103906 0.075 0.00145531
0 0.583594 0.442969 0.0890625 0.0984375 0.00144386
0 0.925 0.406152 0.075 0.126758 0.00143242
0 0.691797 0.345703 0.147656 0.0742188 0.00143242
0 0.615625 0.651172 0.0921875 0.0953125 0.00138855
0 0.479688 0.643359 0.103125 0.0757812 0.00137806
0 0.290234 0.34375 0.107813 0.0976562 0.00137234
0 0.0780273 0.579687 0.0667969 0.127344 0.00136662
0 0.342187 0.795508 0.1375 0.0777344 0.00136662
0 0.267969 0.710156 0.134375 0.08125 0.00136185
0 0.562891 0.7125 0.159375 0.04375 0.00135612
0 0.247852 0.418652 0.103125 0.10957 0.00135612
0 0.264844 0.596875 0.0976562 0.0859375 0.00135612
0 0.497266 0.229492 0.161719 0.0535156 0.00135612
0 0.505859 0.703906 0.878906 0.448438 0.00135136
0 0.673437 0.667969 0.198437 0.104687 0.00135136
0 0.845312 0.476562 0.129688 0.0828125 0.00134563
0 0.319531 0.630469 0.0914062 0.0859375 0.00133514
0 0.596094 0.476172 0.126563 0.100781 0.00133514
0 0.747656 0.7375 0.10625 0.075 0.00132465
1 0.565625 0.564844 0.19375 0.126563 0.00131989
0 0.632812 0.327734 0.192188 0.179688 0.00131989
0 0.587891 0.735937 0.180469 0.121875 0.00131512
1 0.24043 0.675391 0.323047 0.422656 0.00130463
0 0.637109 0.621875 0.153906 0.154687 0.00129414
0 0.925 0.528906 0.075 0.195312 0.00128937
0 0.289062 0.177148 0.162891 0.0453125 0.00128937
0 0.567187 0.419922 0.11875 0.0929687 0.0012846
0 0.257031 0.323438 0.114063 0.0945313 0.00127411
0 0.400781 0.842188 0.128906 0.0625 0.00125504
0 0.621094 0.602344 0.157813 0.046875 0.00125504
0 0.571875 0.427344 0.121875 0.0648438 0.00124454
1 0.479688 0.129883 0.053125 0.116406 0.00123978
0 0.609766 0.591406 0.121094 0.139062 0.00119209
0 0.708594 0.619531 0.096875 0.120312 0.00117874
0 0.525 0.535156 0.114063 0.0703125 0.00117874
0 0.496875 0.419531 0.139062 0.113281 0.0011692
0 0.511719 0.363672 0.084375 0.121875 0.0011425
0 0.160156 0.327539 0.123438 0.110547 0.00113392
1 0.654688 0.654688 0.164062 0.115625 0.00113392
0 0.267578 0.710156 0.116406 0.109375 0.0011158
0 0.921875 0.384766 0.084375 0.110156 0.0011158
0 0.271484 0.180664 0.168359 0.0539063 0.00110722
0 0.410156 0.612891 0.114063 0.065625 0.00110722
0 0.615625 0.624609 0.101562 0.102344 0.00110722
0 0.500781 0.85293 0.192188 0.166016 0.0011034
1 0.692187 0.682813 0.159375 0.120312 0.00108624
0 0.510156 0.898438 0.171875 0.059375 0.00107288
0 0.614844 0.740234 0.103125 0.0976562 0.00107288
0 0.453906 0.728516 0.129688 0.0859375 0.00106907
1 0.223779 0.8875 0.379004 0.21875 0.00106907
1 0.2375 0.861133 0.43125 0.277734 0.00105667
0 0.105664 0.471094 0.0857422 0.125 0.00105667
0 0.115259 0.445312 0.106982 0.115625 0.00105667
0 0.65 0.546094 0.109375 0.0515625 0.00104809
0 0.5 0.379297 0.1125 0.0671875 0.00104809
0 0.299805 0.330273 0.105859 0.124609 0.00104046
0 0.430859 0.103906 0.150781 0.0511719 0.00104046
0 0.432813 0.730859 0.230469 0.124219 0.00103664
0 0.455469 0.184375 0.146875 0.0601562 0.00103188
0 0.179688 0.4375 0.0777344 0.133594 0.00103188
0 0.826563 0.755469 0.115625 0.103125 0.00102425
0 0.500781 0.320703 0.103125 0.124219 0.00102043
0 0.0560547 0.588281 0.112109 0.198437 0.00101662
0 0.156641 0.32207 0.125781 0.0582031 0.00101185
0 0.585547 0.541016 0.110156 0.0851562 0.00101185
0 0.587891 0.501562 0.117188 0.114063 0.00100803
1 0.510938 0.5 0.879687 0.840625 0.882324
0 0.890625 0.0048584 0.21875 0.0097168 0.00206757
0 0.149219 0.00523682 0.298438 0.0104736 0.00161076
1 0.144824 0.447656 0.162695 0.689062 0.00104046
0 0.837305 0.00495605 0.325391 0.00991211 0.00103664
1 0.511719 0.501562 0.8875 0.85 0.936523
0 0.983984 0.351367 0.0320312 0.341797 0.00116062
1 0.517969 0.498437 0.882812 0.875 0.93457
1 0.772656 0.301611 0.370313 0.399902 0.00136662
1 0.517578 0.5 0.877344 0.85625 0.913086
0 0.488672 0.0455078 0.0570313 0.0878906 0.0138474
0 0.512109 0.498828 0.867969 0.855469 0.00387001
1 0.643652 0.498828 0.60332 0.849219 0.00260162
1 0.517969 0.510547 0.901563 0.885156 0.945312
0 0.489844 0.0501465 0.059375 0.078418 0.00275803
1 0.516406 0.498437 0.89375 0.85625 0.893066
1 0.520312 0.507031 0.871875 0.8625 0.923828
1 0.511719 0.503125 0.876562 0.85 0.883301
1 0.520312 0.507031 0.871875 0.8625 0.923828
