0 0.467969 0.583984 0.803125 0.599219 0.910645
0 0.452441 0.676172 0.732617 0.403906 0.171631
0 0.367969 0.721875 0.565625 0.309375 0.0923462
0 0.333789 0.670313 0.512109 0.414062 0.0257111
1 0.477344 0.610547 0.795313 0.547656 0.0163422
0 0.193408 0.187061 0.210059 0.20791 0.014389
0 0.469434 0.749609 0.764258 0.266406 0.0132217
0 0.467969 0.42959 0.845312 0.676758 0.0030632
1 0.452441 0.676172 0.732617 0.403906 0.00237846
0 0.936719 0.489453 0.126563 0.721094 0.0018034
0 0.815625 0.86875 0.325 0.242188 0.0015974
0 0.488281 0.481934 0.839063 0.795508 0.539062
0 0.479297 0.679688 0.789844 0.38125 0.538086
1 0.491406 0.492188 0.826563 0.76875 0.516602
0 0.119531 0.776758 0.211719 0.427734 0.20813
0 0.129395 0.852344 0.226758 0.295312 0.0433655
0 0.492188 0.600391 0.83125 0.536719 0.035614
0 0.120801 0.740625 0.241602 0.496875 0.0343628
1 0.495703 0.685156 0.811719 0.370313 0.0325317
0 0.401172 0.63125 0.642969 0.478125 0.0164642
0 0.321094 0.903516 0.599219 0.192969 0.0136337
1 0.492188 0.600391 0.83125 0.536719 0.0133286
0 0.876562 0.735937 0.245312 0.509375 0.0115967
0 0.432031 0.771484 0.845312 0.274219 0.0110321
0 0.876562 0.844531 0.239063 0.309375 0.00557709
0 0.415527 0.820117 0.742383 0.284766 0.00548935
0 0.0584473 0.27168 0.0842773 0.411328 0.00530243
0 0.213721 0.872656 0.394434 0.254687 0.00527954
0 0.288672 0.841602 0.542188 0.316797 0.00494385
0 0.230273 0.201172 0.273828 0.211719 0.00481033
0 0.497266 0.243359 0.830469 0.29375 0.0037365
1 0.11543 0.758594 0.230859 0.460938 0.00363541
1 0.876562 0.735937 0.245312 0.509375 0.00363541
0 0.439844 0.748438 0.66875 0.264062 0.00353813
0 0.111621 0.678125 0.223242 0.534375 0.00316048
1 0.497266 0.243359 0.830469 0.29375 0.00298119
0 0.832812 0.267383 0.123438 0.0722656 0.00291252
1 0.0584473 0.27168 0.0842773 0.411328 0.00284576
0 0.397656 0.925 0.773438 0.15 0.00281143
0 0.357422 0.545703 0.564844 0.663281 0.00257111
0 0.154492 0.31875 0.152344 0.0585938 0.00208282
1 0.321094 0.903516 0.599219 0.192969 0.0020504
0 0.873438 0.338281 0.0765625 0.124219 0.00184631
0 0.25 0.574609 0.35 0.614844 0.00179577
0 0.0483887 0.267383 0.0967773 0.345703 0.0016489
0 0.860937 0.337109 0.109375 0.0984375 0.0016489
1 0.876562 0.844531 0.239063 0.309375 0.00151253
0 0.10918 0.721875 0.218359 0.470313 0.00142097
0 0.15625 0.306641 0.157031 0.0546875 0.00138855
0 0.140234 0.332617 0.126953 0.0894531 0.00137806
0 0.859375 0.412402 0.1125 0.0923828 0.00135612
0 0.0381348 0.471973 0.0743164 0.32168 0.0012598
0 0.376172 0.848633 0.641406 0.302734 0.00121593
0 0.175977 0.828906 0.0757812 0.13125 0.00119686
0 0.253711 0.496875 0.380859 0.453125 0.00118828
0 0.0540039 0.562109 0.0982422 0.148438 0.00110722
0 0.351953 0.224609 0.528906 0.280469 0.00109482
0 0.90625 0.177148 0.16875 0.323828 0.00106049
0 0.671094 0.329492 0.129688 0.0535156 0.00101662
0 0.489844 0.497656 0.832812 0.759375 0.592773
1 0.489844 0.504004 0.835938 0.754492 0.284668
0 0.186279 0.204688 0.198535 0.173047 0.177246
1 0.186279 0.204688 0.198535 0.173047 0.0427246
0 0.892187 0.00478516 0.215625 0.00957031 0.00197983
0 0.149902 0.00478516 0.299805 0.00957031 0.00147247
0 0.839063 0.0048584 0.321875 0.0097168 0.00102043
1 0.496094 0.487109 0.810938 0.761719 0.75
0 0.487891 0.476953 0.811719 0.788281 0.273682
0 0.485938 0.480078 0.8125 0.792969 0.859375
1 0.489062 0.492578 0.829687 0.807031 0.165039
0 0.29707 0.192383 0.410547 0.190625 0.0117798
1 0.29707 0.192383 0.410547 0.190625 0.00557709
1 0.400098 0.188867 0.63418 0.205859 0.00186062
0 0.400098 0.188867 0.63418 0.205859 0.00147247
0 0.494531 0.483203 0.83125 0.786719 0.838867
1 0.5 0.478906 0.848437 0.807813 0.341553
0 0.364062 0.498047 0.185156 0.05 0.0218658
1 0.364062 0.498047 0.185156 0.05 0.0012207
0 0.496484 0.495313 0.857031 0.76875 0.84082
1 0.496484 0.495313 0.857031 0.76875 0.0554199
0 0.489844 0.494922 0.840625 0.782031 0.482422
1 0.492188 0.495996 0.853125 0.761133 0.375732
0 0.494531 0.497656 0.814062 0.782812 0.758301
1 0.498437 0.49375 0.809375 0.78125 0.26123
0 0.489453 0.492969 0.830469 0.765625 0.860352
1 0.492969 0.495215 0.835938 0.775195 0.0438538
0 0.494531 0.497656 0.814062 0.782812 0.757812
1 0.498828 0.49375 0.810156 0.78125 0.262207
