0 0.502344 0.517871 0.848437 0.776758 0.660156
1 0.514453 0.616797 0.822656 0.588281 0.190674
0 0.416309 0.726953 0.625195 0.378906 0.0650024
0 0.510938 0.646875 0.815625 0.515625 0.0357361
1 0.503125 0.499121 0.851562 0.776758 0.0220337
0 0.655859 0.818945 0.158594 0.140234 0.0165253
0 0.290625 0.830469 0.207813 0.15625 0.0147324
1 0.416309 0.726953 0.625195 0.378906 0.0125732
0 0.805469 0.845117 0.35 0.297266 0.0118713
0 0.359961 0.676953 0.517578 0.486719 0.0103302
0 0.488281 0.761328 0.720312 0.302344 0.00591278
1 0.655859 0.818945 0.158594 0.140234 0.0055542
0 0.634375 0.821094 0.214062 0.15 0.00428009
1 0.290625 0.832812 0.197656 0.135937 0.00383949
0 0.383984 0.78418 0.721094 0.294141 0.00380898
0 0.595703 0.760938 0.555469 0.290625 0.00345612
0 0.289844 0.866406 0.221875 0.104687 0.00337601
1 0.439844 0.656641 0.673437 0.486719 0.00314713
0 0.579687 0.704687 0.217187 0.145313 0.00248146
0 0.297852 0.771094 0.360547 0.315625 0.00239754
1 0.805469 0.845117 0.35 0.297266 0.00222588
0 0.81543 0.256201 0.219141 0.189941 0.00221634
0 0.609375 0.764063 0.2875 0.282813 0.00208282
0 0.282373 0.196289 0.273535 0.225781 0.00170708
1 0.634375 0.821094 0.214062 0.15 0.00154305
0 0.342383 0.870313 0.291797 0.09375 0.00143242
0 0.566016 0.665625 0.228906 0.0796875 0.00131989
0 0.589063 0.744141 0.221875 0.219531 0.00112915
0 0.640527 0.698438 0.55957 0.421875 0.00110722
1 0.29043 0.86875 0.217578 0.09375 0.00102806
1 0.523438 0.500781 0.834375 0.823438 0.887207
1 0.369531 0.746484 0.45 0.310156 0.30249
1 0.521777 0.753906 0.67832 0.279687 0.136597
0 0.14668 0.746875 0.266797 0.473437 0.069519
0 0.521094 0.505469 0.823438 0.839063 0.0507202
0 0.371875 0.742188 0.434375 0.34375 0.0431213
0 0.180908 0.805078 0.339746 0.389844 0.0323486
1 0.354297 0.689062 0.461719 0.451562 0.0323486
0 0.449219 0.642187 0.128125 0.0890625 0.0215302
0 0.478516 0.742969 0.578906 0.301562 0.0145035
1 0.14668 0.746875 0.266797 0.473437 0.0137939
0 0.542188 0.759375 0.0867188 0.10625 0.0119629
1 0.263623 0.673047 0.300098 0.486719 0.0110321
0 0.352539 0.604297 0.0667969 0.1125 0.00867462
1 0.180908 0.805078 0.339746 0.389844 0.00737381
1 0.318164 0.777344 0.258984 0.2875 0.00671768
1 0.342773 0.499219 0.467578 0.839063 0.00653839
0 0.165234 0.846875 0.301562 0.303125 0.0064888
0 0.868945 0.752344 0.262109 0.478125 0.00621796
1 0.253125 0.525098 0.307031 0.748242 0.00612259
0 0.12041 0.676562 0.205273 0.50625 0.00572968
0 0.318164 0.777344 0.258984 0.2875 0.00564194
0 0.846875 0.24668 0.08125 0.117188 0.00557709
0 0.678906 0.818555 0.196875 0.141016 0.00534439
0 0.435254 0.541406 0.15918 0.084375 0.00534439
0 0.621875 0.728516 0.164062 0.194531 0.00473785
1 0.523828 0.705469 0.817969 0.364062 0.00428009
0 0.395996 0.903125 0.108008 0.0671875 0.00418091
0 0.535156 0.760938 0.110937 0.0828125 0.00400543
0 0.858594 0.820508 0.273438 0.358984 0.00397491
0 0.548437 0.754297 0.0796875 0.161719 0.00397491
1 0.868945 0.752344 0.262109 0.478125 0.0039444
0 0.263623 0.673047 0.300098 0.486719 0.00388527
0 0.833594 0.238672 0.117188 0.110156 0.00387001
1 0.165234 0.846875 0.301562 0.303125 0.00352478
0 0.425 0.553906 0.134375 0.071875 0.00351143
0 0.607422 0.705469 0.194531 0.154687 0.00337601
0 0.144531 0.442578 0.0984375 0.132031 0.00319672
1 0.608594 0.79707 0.439063 0.205859 0.00294685
0 0.432813 0.616016 0.144531 0.05 0.00274658
0 0.0991943 0.732422 0.187158 0.460156 0.0027256
1 0.858594 0.820508 0.273438 0.358984 0.00254059
0 0.714844 0.596094 0.175 0.24375 0.00253105
1 0.12041 0.676562 0.205273 0.50625 0.00251198
0 0.390625 0.914062 0.129688 0.04375 0.00247192
0 0.473047 0.647656 0.126563 0.09375 0.00239754
0 0.690234 0.779688 0.157031 0.0546875 0.002388
0 0.532031 0.773828 0.120312 0.0664062 0.00234222
0 0.444531 0.621094 0.132812 0.08125 0.00233269
1 0.435254 0.541406 0.15918 0.084375 0.00229645
0 0.538281 0.776563 0.103125 0.0953125 0.00228691
0 0.350781 0.593359 0.0742188 0.164844 0.00228691
0 0.253125 0.525098 0.307031 0.748242 0.00209999
0 0.899219 0.337305 0.078125 0.128516 0.0020752
0 0.107031 0.603906 0.0785156 0.139062 0.0020504
0 0.526563 0.829687 0.107813 0.0609375 0.00202751
1 0.507715 0.8125 0.65332 0.228125 0.00201988
0 0.331641 0.5 0.119531 0.0851562 0.00201988
0 0.620313 0.683594 0.146094 0.0648438 0.00177479
1 0.303125 0.717188 0.322656 0.392188 0.00176811
0 0.305078 0.540625 0.132812 0.0890625 0.0017271
1 0.616797 0.832031 0.392969 0.171875 0.00171375
0 0.345313 0.851562 0.123438 0.11875 0.00170708
1 0.621875 0.728516 0.164062 0.194531 0.00168133
1 0.852344 0.413672 0.182812 0.516406 0.00162315
1 0.680469 0.817187 0.198437 0.140625 0.00159168
0 0.4625 0.646484 0.107813 0.117188 0.00159168
0 0.698828 0.796875 0.144531 0.0875 0.00157356
0 0.303125 0.717188 0.322656 0.392188 0.00155449
0 0.620313 0.667188 0.142188 0.053125 0.00153637
1 0.607422 0.705469 0.194531 0.154687 0.00152493
0 0.829687 0.226562 0.128125 0.0746094 0.0014782
0 0.701563 0.559375 0.195312 0.175 0.00147247
0 0.356641 0.145215 0.155469 0.0544922 0.00141048
1 0.0991943 0.732422 0.187158 0.460156 0.00138855
0 0.89375 0.313477 0.090625 0.134766 0.00136185
0 0.65 0.399609 0.10625 0.103906 0.00131512
0 0.314063 0.560156 0.121094 0.0796875 0.0012846
0 0.437109 0.573047 0.15625 0.05 0.0012846
0 0.110522 0.626172 0.0785645 0.142969 0.00127411
0 0.48125 0.293555 0.1125 0.0980469 0.0012598
0 0.354102 0.626562 0.0683594 0.11875 0.0012598
0 0.735156 0.329688 0.117188 0.0828125 0.00124931
0 0.358594 0.860937 0.11875 0.103125 0.00124454
0 0.639453 0.75 0.170312 0.234375 0.00121593
0 0.898438 0.357617 0.0875 0.120703 0.00118828
0 0.476562 0.951953 0.103125 0.0960938 0.0011692
0 0.628125 0.114844 0.113281 0.0585938 0.00113773
0 0.344922 0.510938 0.0898438 0.110937 0.0011034
0 0.347266 0.592188 0.084375 0.126563 0.00105286
0 0.418359 0.5625 0.154687 0.0515625 0.00102425
0 0.442187 0.566406 0.117969 0.0765625 0.00101662
0 0.333984 0.677344 0.436719 0.476562 0.00100422
1 0.5 0.498437 0.832812 0.814062 0.877441
0 0.514844 0.514063 0.845312 0.771875 0.00508118
0 0.890625 0.00488281 0.21875 0.00976562 0.00197983
0 0.149414 0.0052002 0.298828 0.0104004 0.00155449
0 0.837695 0.00498047 0.324609 0.00996094 0.00102043
1 0.516406 0.493848 0.826563 0.788867 0.910645
0 0.520703 0.484375 0.817969 0.80625 0.00624084
1 0.521094 0.497656 0.832812 0.829687 0.711426
0 0.524219 0.496484 0.826563 0.824219 0.470703
0 0.807617 0.357031 0.269141 0.435937 0.0110703
0 0.528906 0.372656 0.8375 0.58125 0.00948334
1 0.798633 0.363281 0.293359 0.446875 0.00945282
1 0.528906 0.372656 0.8375 0.58125 0.00309944
1 0.266992 0.632422 0.330859 0.547656 0.00251198
0 0.266992 0.632422 0.330859 0.547656 0.00251198
0 0.278467 0.543359 0.35791 0.650781 0.00226974
1 0.278467 0.543359 0.35791 0.650781 0.00223351
1 0.524219 0.501562 0.832812 0.853125 0.863281
0 0.521484 0.501172 0.838281 0.855469 0.0748901
1 0.517969 0.502344 0.840625 0.8375 0.890137
0 0.517187 0.514844 0.8375 0.870313 0.104858
1 0.515625 0.495703 0.846875 0.836719 0.864258
0 0.515625 0.489844 0.839063 0.828125 0.0164032
1 0.525 0.498437 0.810938 0.83125 0.884277
0 0.525781 0.504687 0.823438 0.846875 0.0240479
1 0.517187 0.504687 0.840625 0.846875 0.861328
0 0.517187 0.504687 0.840625 0.846875 0.00624084
1 0.525 0.498437 0.810938 0.83125 0.884277
0 0.525781 0.504687 0.823438 0.846875 0.0238647
