0 0.606934 0.505469 0.598633 0.801562 0.850098
0 0.868555 0.779883 0.187891 0.305859 0.182983
0 0.177539 0.189893 0.101172 0.0874023 0.161865
0 0.128223 0.680469 0.120117 0.164062 0.150513
0 0.194873 0.121973 0.0774414 0.157227 0.130737
0 0.583203 0.612109 0.591406 0.575781 0.113953
0 0.127319 0.6625 0.108643 0.123438 0.0994873
0 0.183789 0.789844 0.2375 0.1875 0.0899048
0 0.179492 0.742969 0.225391 0.292188 0.086792
0 0.966797 0.647266 0.0664062 0.222656 0.0809326
0 0.201221 0.100098 0.0803711 0.10957 0.0703125
0 0.209961 0.464844 0.123047 0.123438 0.0656128
0 0.18457 0.342773 0.134766 0.136328 0.0643921
1 0.194873 0.121973 0.0774414 0.157227 0.0623169
1 0.868555 0.779883 0.187891 0.305859 0.0584412
1 0.177539 0.189893 0.101172 0.0874023 0.0560303
0 0.283203 0.172363 0.138281 0.149414 0.0554199
0 0.160059 0.946094 0.0912109 0.104687 0.0507202
0 0.174414 0.192578 0.118359 0.111719 0.0483093
0 0.189258 0.165625 0.0851562 0.148438 0.0481262
0 0.398828 0.89375 0.160938 0.15625 0.0438538
1 0.128223 0.680469 0.120117 0.164062 0.041626
1 0.601172 0.507422 0.603906 0.799219 0.0385437
0 0.244922 0.304102 0.0976562 0.157422 0.0359497
1 0.127319 0.6625 0.108643 0.123438 0.0351562
1 0.969531 0.65 0.0609375 0.23125 0.0335999
0 0.903125 0.769922 0.140625 0.263281 0.0304413
0 0.231641 0.758594 0.141016 0.114063 0.0275879
0 0.160352 0.35 0.159766 0.183594 0.026413
0 0.292188 0.667969 0.090625 0.114063 0.0243835
1 0.183789 0.789844 0.2375 0.1875 0.022934
1 0.189258 0.165625 0.0851562 0.148438 0.0225067
1 0.179492 0.742969 0.225391 0.292188 0.0223694
0 0.129297 0.716406 0.132422 0.24375 0.0210419
0 0.223047 0.785156 0.158203 0.167187 0.0189819
0 0.559375 0.753125 0.567187 0.303125 0.018692
1 0.227295 0.460547 0.15166 0.122656 0.0180511
0 0.304688 0.152246 0.132812 0.111523 0.0177155
0 0.119141 0.537109 0.0824219 0.1125 0.0175781
0 0.227393 0.552344 0.157715 0.20625 0.0171051
1 0.207861 0.4625 0.108496 0.121875 0.0165863
0 0.184961 0.605859 0.0832031 0.100781 0.0164032
0 0.156055 0.358008 0.200391 0.209766 0.0156708
1 0.283203 0.172363 0.138281 0.149414 0.0150757
0 0.180273 0.332617 0.217578 0.190234 0.0145569
0 0.21792 0.515625 0.165723 0.2375 0.014061
0 0.965625 0.655469 0.06875 0.314063 0.0139542
1 0.18457 0.342773 0.134766 0.136328 0.0135345
1 0.160059 0.946094 0.0912109 0.104687 0.0133743
0 0.227393 0.599609 0.163184 0.110937 0.0119629
1 0.174414 0.192578 0.118359 0.111719 0.0116425
0 0.391016 0.0654785 0.116406 0.0827148 0.0109863
1 0.398828 0.89375 0.160938 0.15625 0.01017
0 0.279883 0.193408 0.138672 0.212402 0.01017
1 0.244922 0.304102 0.0976562 0.157422 0.00993347
0 0.147266 0.751953 0.0808594 0.0898438 0.00985718
0 0.0918945 0.535937 0.146875 0.120312 0.00985718
0 0.345898 0.842188 0.133203 0.2125 0.00978088
0 0.274609 0.275586 0.151172 0.194141 0.00948334
1 0.227393 0.552344 0.157715 0.20625 0.00815582
0 0.251563 0.31875 0.121875 0.210156 0.00812531
0 0.172266 0.936719 0.126563 0.110937 0.00806427
0 0.537598 0.815625 0.526367 0.321875 0.00757599
1 0.226953 0.770312 0.153516 0.135937 0.00714874
1 0.119141 0.537109 0.0824219 0.1125 0.00706482
0 0.121777 0.536719 0.0980469 0.0890625 0.00706482
0 0.198047 0.166699 0.0867188 0.182617 0.0069313
0 0.204102 0.601953 0.121484 0.114844 0.0069046
0 0.166895 0.255273 0.118945 0.170312 0.00674438
0 0.160352 0.23833 0.151172 0.214746 0.00671768
0 0.3 0.130469 0.147656 0.0675781 0.00669098
0 0.123853 0.776367 0.119092 0.153516 0.00643921
0 0.225732 0.471094 0.15166 0.142969 0.00638962
0 0.250391 0.565234 0.118359 0.189844 0.00638962
0 0.307617 0.680078 0.119141 0.158594 0.00619125
1 0.292188 0.667969 0.090625 0.114063 0.00619125
1 0.129297 0.716406 0.132422 0.24375 0.00605011
1 0.892969 0.777344 0.157813 0.276563 0.00584412
0 0.281641 0.677344 0.0691406 0.107813 0.00534439
1 0.160352 0.35 0.159766 0.183594 0.00469971
0 0.160156 0.330078 0.10625 0.124219 0.00460815
0 0.263672 0.553906 0.0898438 0.196875 0.00453949
1 0.250391 0.565234 0.118359 0.189844 0.00432968
1 0.156055 0.358008 0.200391 0.209766 0.00426483
1 0.227393 0.599609 0.163184 0.110937 0.00424957
0 0.952344 0.69375 0.0953125 0.348437 0.00419998
0 0.969141 0.623438 0.0617188 0.239063 0.00418091
0 0.971875 0.61875 0.05625 0.126563 0.00407028
0 0.485059 0.847656 0.41582 0.264062 0.00407028
0 0.219336 0.93125 0.247266 0.1125 0.00405502
0 0.288477 0.0523437 0.133594 0.0742188 0.00395966
0 0.145801 0.692969 0.15918 0.185937 0.00390053
0 0.176611 0.168066 0.115527 0.161914 0.00379562
0 0.163086 0.771094 0.163281 0.1375 0.00379562
1 0.553906 0.799219 0.559375 0.307813 0.00370789
1 0.583203 0.612109 0.591406 0.575781 0.00367928
0 0.140723 0.646875 0.139648 0.104687 0.00363541
0 0.250732 0.920313 0.15791 0.103125 0.00335121
1 0.251563 0.31875 0.121875 0.210156 0.00332451
0 0.249219 0.776758 0.111719 0.0902344 0.00312424
0 0.220898 0.816406 0.140234 0.114063 0.00307465
1 0.197266 0.103418 0.0859375 0.0960938 0.0030632
0 0.180664 0.406152 0.248828 0.333008 0.00300407
0 0.230664 0.736719 0.1375 0.1 0.00296974
1 0.185596 0.32207 0.23584 0.168359 0.00292397
1 0.391016 0.0654785 0.116406 0.0827148 0.00284576
0 0.200781 0.336914 0.186328 0.122266 0.00282288
0 0.191602 0.253076 0.13125 0.204004 0.00279999
0 0.193701 0.934375 0.179785 0.121875 0.00275803
1 0.0918945 0.535937 0.146875 0.120312 0.00255013
0 0.150391 0.307813 0.115234 0.15 0.00255013
1 0.184033 0.604297 0.0811523 0.111719 0.00252151
0 0.199805 0.456641 0.100391 0.104687 0.00242424
0 0.260352 0.291797 0.127734 0.139062 0.00239754
1 0.198047 0.166699 0.0867188 0.182617 0.00235939
0 0.297852 0.0867188 0.123828 0.0337891 0.00234222
1 0.279883 0.193408 0.138672 0.212402 0.00232315
0 0.180518 0.107715 0.105371 0.14082 0.00226974
1 0.965625 0.655469 0.06875 0.314063 0.00215721
1 0.232861 0.744922 0.134277 0.0992187 0.00212479
1 0.123853 0.776367 0.119092 0.153516 0.00209999
1 0.21792 0.515625 0.165723 0.2375 0.00205803
0 0.212451 0.370313 0.150879 0.0929687 0.00203514
0 0.627734 0.714063 0.483594 0.360938 0.00201988
1 0.160352 0.23833 0.151172 0.214746 0.00201988
0 0.183594 0.099707 0.107031 0.0896484 0.0019722
1 0.345898 0.842188 0.133203 0.2125 0.00193405
0 0.205664 0.283203 0.246875 0.224219 0.00193405
1 0.263672 0.553906 0.0898438 0.196875 0.00186729
0 0.868555 0.833594 0.197266 0.190625 0.00181007
0 0.125781 0.582422 0.0949219 0.191406 0.00179577
0 0.187891 0.498437 0.227734 0.229687 0.00178909
1 0.172266 0.936719 0.126563 0.110937 0.00176144
0 0.421484 0.845312 0.294531 0.265625 0.00170708
1 0.145508 0.751172 0.0890625 0.0882813 0.00168705
0 0.139453 0.278125 0.107031 0.0921875 0.00168705
0 0.378125 0.19707 0.132812 0.241797 0.00166798
0 0.91875 0.469629 0.15 0.226367 0.0016613
0 0.25625 0.236377 0.19375 0.23584 0.00164223
0 0.171387 0.753906 0.208789 0.15 0.00164223
0 0.914062 0.842188 0.103125 0.103125 0.00161648
1 0.166895 0.255273 0.118945 0.170312 0.00156689
0 0.133496 0.747656 0.110352 0.090625 0.00156116
0 0.244727 0.28125 0.0933594 0.104687 0.00155449
1 0.281641 0.677344 0.0691406 0.107813 0.00146103
1 0.121777 0.536719 0.0980469 0.0890625 0.00144958
0 0.340234 0.837305 0.132031 0.141016 0.00144958
0 0.295312 0.145117 0.117188 0.0894531 0.00143242
1 0.219336 0.93125 0.247266 0.1125 0.00140476
1 0.304688 0.152246 0.132812 0.111523 0.00140476
1 0.220508 0.79375 0.148828 0.142188 0.00139427
0 0.263672 0.281641 0.140625 0.249219 0.00139427
1 0.274609 0.275586 0.151172 0.194141 0.00138855
1 0.176611 0.168066 0.115527 0.161914 0.00136185
1 0.307617 0.680078 0.119141 0.158594 0.00133514
1 0.485059 0.847656 0.41582 0.264062 0.00132465
1 0.557129 0.724609 0.566992 0.361719 0.00131989
0 0.324219 0.85 0.0890625 0.128125 0.00131512
0 0.112598 0.735937 0.0857422 0.242188 0.00128937
0 0.225391 0.728125 0.115234 0.132812 0.0012846
0 0.496875 0.207617 0.242188 0.212109 0.00126457
0 0.263867 0.421094 0.0800781 0.103125 0.00121593
0 0.971484 0.66875 0.0570313 0.29375 0.00118828
0 0.238477 0.135254 0.153125 0.197461 0.0011692
0 0.692578 0.680469 0.410156 0.428125 0.00112438
0 0.230078 0.910937 0.0875 0.0875 0.00112438
0 0.165259 0.661719 0.196436 0.192188 0.00112057
0 0.363672 0.853906 0.175781 0.242188 0.00110722
0 0.423438 0.907812 0.170312 0.103125 0.00107288
0 0.366211 0.177539 0.102734 0.108203 0.00106049
0 0.233789 0.729297 0.136328 0.208594 0.00104809
1 0.204102 0.601953 0.121484 0.114844 0.00104809
1 0.221924 0.798437 0.153027 0.209375 0.00104427
0 0.328516 0.728125 0.0859375 0.0875 0.00104046
0 0.267969 0.54375 0.0882813 0.101562 0.00104046
0 0.171875 0.600781 0.108594 0.0984375 0.00103188
1 0.590625 0.499219 0.575 0.795313 0.591797
0 0.126074 0.661719 0.115039 0.126563 0.547852
0 0.637402 0.489453 0.662695 0.791406 0.506836
0 0.174805 0.176172 0.119922 0.148047 0.427246
0 0.0766602 0.169141 0.106445 0.292969 0.368408
0 0.889063 0.264062 0.21875 0.519531 0.283691
0 0.13125 0.651953 0.0820312 0.108594 0.269043
0 0.144897 0.124023 0.18208 0.233984 0.248047
0 0.282813 0.682031 0.105469 0.134375 0.238647
0 0.280859 0.657031 0.0980469 0.160938 0.19873
0 0.195752 0.814062 0.0889648 0.107813 0.15979
0 0.176563 0.339258 0.10625 0.121484 0.14563
0 0.283203 0.674219 0.0902344 0.102344 0.127197
0 0.143359 0.266797 0.109766 0.0546875 0.125122
0 0.162402 0.941406 0.0958984 0.110937 0.123779
0 0.126855 0.5375 0.0792969 0.108594 0.122498
0 0.125195 0.653906 0.10625 0.0953125 0.105591
0 0.91875 0.282813 0.1625 0.530469 0.100525
0 0.169238 0.333203 0.133008 0.161719 0.0997925
0 0.141016 0.727734 0.126953 0.232031 0.0925293
1 0.124902 0.650781 0.10918 0.10625 0.0866089
0 0.176904 0.19292 0.0930664 0.0797852 0.0859985
0 0.185352 0.841406 0.108984 0.182812 0.0792236
0 0.856445 0.169629 0.277734 0.33457 0.0773926
0 0.201367 0.454688 0.102734 0.110937 0.0734253
0 0.272461 0.292969 0.162109 0.142969 0.0723877
0 0.182031 0.601562 0.0851562 0.107031 0.0718384
0 0.419531 0.923437 0.0882813 0.1 0.0718384
0 0.162793 0.284766 0.129492 0.0789063 0.069519
0 0.35625 0.862695 0.176563 0.215234 0.0682983
0 0.154492 0.319141 0.155469 0.160156 0.0658569
0 0.226172 0.910937 0.0734375 0.10625 0.0646362
0 0.113574 0.158105 0.177539 0.291602 0.0575867
0 0.191797 0.0986328 0.0875 0.0970703 0.0526123
1 0.162402 0.941406 0.0958984 0.110937 0.0497742
1 0.357422 0.863281 0.178125 0.21875 0.046814
0 0.267578 0.600391 0.104297 0.201562 0.0461121
1 0.283789 0.658594 0.0839844 0.128125 0.0456848
0 0.521875 0.903125 0.153125 0.126563 0.0422363
0 0.326172 0.736719 0.0695312 0.107813 0.0397949
1 0.176563 0.339258 0.10625 0.121484 0.0366211
0 0.137402 0.644531 0.0771484 0.161719 0.0366211
0 0.164844 0.835938 0.142188 0.196875 0.035614
1 0.128223 0.536328 0.0685547 0.114063 0.0344238
1 0.889063 0.264062 0.21875 0.519531 0.0333862
0 0.257617 0.575781 0.116016 0.223438 0.0316162
0 0.199805 0.817969 0.0691406 0.096875 0.0308533
0 0.189648 0.872656 0.117969 0.226562 0.0296478
1 0.201367 0.454688 0.102734 0.110937 0.0290833
1 0.195654 0.815625 0.0844727 0.10625 0.0288086
1 0.174805 0.176172 0.119922 0.148047 0.0274353
0 0.173828 0.322656 0.122656 0.0695312 0.0264587
1 0.121265 0.666406 0.127002 0.13125 0.0263519
0 0.0797852 0.229297 0.111523 0.299219 0.0247498
0 0.266406 0.567187 0.0796875 0.167187 0.0241394
1 0.272461 0.292969 0.162109 0.142969 0.0231934
0 0.132031 0.596875 0.1 0.25625 0.0230713
0 0.184766 0.450684 0.121094 0.19082 0.0228882
0 0.290625 0.148828 0.130469 0.224219 0.0224609
1 0.144897 0.124023 0.18208 0.233984 0.0221558
0 0.770703 0.466016 0.269531 0.800781 0.0216217
1 0.183984 0.595312 0.0816406 0.084375 0.02034
1 0.182812 0.189404 0.0945313 0.0743164 0.0197601
1 0.51875 0.9125 0.15 0.109375 0.0197601
0 0.172559 0.589063 0.0939453 0.078125 0.0189056
0 0.884375 0.775781 0.203125 0.23125 0.0182648
0 0.12373 0.671875 0.109961 0.06875 0.0177765
0 0.189063 0.106445 0.105859 0.0779297 0.0177155
1 0.155273 0.325781 0.144531 0.160156 0.0174408
0 0.155664 0.675391 0.149609 0.149219 0.0173035
0 0.283984 0.221289 0.119531 0.240625 0.016983
0 0.156445 0.634375 0.0765625 0.0875 0.0168457
0 0.159277 0.271875 0.0994141 0.0835937 0.0163422
0 0.276563 0.620313 0.0976562 0.271875 0.0161591
0 0.189844 0.0816406 0.0988281 0.125781 0.0158997
0 0.118262 0.107227 0.184961 0.214453 0.0158386
0 0.214893 0.696875 0.0936523 0.0875 0.0157166
0 0.132617 0.619531 0.117578 0.0875 0.0149536
1 0.141016 0.727734 0.126953 0.232031 0.0147324
1 0.189648 0.872656 0.117969 0.226562 0.0141144
0 0.263672 0.534375 0.0707031 0.09375 0.0139008
0 0.229297 0.707812 0.123828 0.0953125 0.0136337
0 0.14707 0.0731934 0.197266 0.141504 0.0135345
1 0.0766602 0.169141 0.106445 0.292969 0.0133743
1 0.185352 0.841406 0.108984 0.182812 0.0131226
0 0.249414 0.301758 0.149609 0.154297 0.0127258
0 0.254102 0.574609 0.106641 0.1625 0.0125275
0 0.597656 0.701563 0.548437 0.378125 0.0124283
0 0.253906 0.262061 0.146875 0.203223 0.0118713
0 0.144336 0.744922 0.078125 0.0804688 0.0112
0 0.725781 0.434766 0.439063 0.810156 0.0109863
0 0.320703 0.747266 0.0882813 0.116406 0.0109482
0 0.150879 0.562891 0.0919922 0.133594 0.0109024
0 0.181592 0.188721 0.0868164 0.110059 0.0106125
1 0.172559 0.589063 0.0939453 0.078125 0.0105667
1 0.282813 0.682031 0.105469 0.134375 0.0105286
1 0.856445 0.169629 0.277734 0.33457 0.0104523
0 0.152051 0.954687 0.104883 0.0875 0.01017
1 0.597656 0.701563 0.548437 0.378125 0.0100937
0 0.187451 0.824219 0.0915039 0.1 0.0100098
0 0.169824 0.187109 0.124805 0.0695312 0.00981903
1 0.135742 0.658203 0.0851562 0.107813 0.00978088
0 0.22832 0.896094 0.0824219 0.176563 0.00971222
0 0.21543 0.690625 0.115234 0.0609375 0.00963593
0 0.883008 0.140039 0.233984 0.274219 0.00948334
1 0.280859 0.657031 0.0980469 0.160938 0.00933838
0 0.788281 0.503516 0.198437 0.738281 0.00930023
0 0.250977 0.746484 0.108203 0.155469 0.00926971
0 0.167969 0.871875 0.146094 0.235938 0.00919342
0 0.176367 0.281689 0.116406 0.257715 0.00919342
0 0.173926 0.355469 0.113086 0.0640625 0.0088501
0 0.15459 0.300781 0.10957 0.135937 0.0088501
1 0.164844 0.835938 0.142188 0.196875 0.0088501
1 0.229297 0.707812 0.123828 0.0953125 0.00881195
1 0.156445 0.634375 0.0765625 0.0875 0.00878143
1 0.91875 0.282813 0.1625 0.530469 0.00871277
1 0.279687 0.675 0.090625 0.096875 0.00871277
1 0.214893 0.696875 0.0936523 0.0875 0.0086441
0 0.786719 0.301562 0.1 0.128125 0.00854492
1 0.172754 0.317578 0.12207 0.146875 0.00847626
0 0.316602 0.105762 0.198828 0.204492 0.00844574
0 0.189404 0.187891 0.0782227 0.0757812 0.00844574
0 0.128027 0.558984 0.0833984 0.113281 0.00841522
0 0.424219 0.907812 0.08125 0.153125 0.0078125
1 0.266406 0.567187 0.0796875 0.167187 0.00763702
0 0.200049 0.575 0.190527 0.234375 0.00751877
0 0.285547 0.760547 0.135937 0.103906 0.00748825
1 0.113574 0.158105 0.177539 0.291602 0.00717545
1 0.159277 0.271875 0.0994141 0.0835937 0.00695801
0 0.292969 0.747656 0.123438 0.176563 0.0069313
1 0.770703 0.466016 0.269531 0.800781 0.0069046
0 0.907031 0.78125 0.185937 0.246875 0.00679779
0 0.25 0.786133 0.115625 0.0746094 0.00669098
0 0.263281 0.739453 0.174219 0.103906 0.00658798
0 0.173633 0.30625 0.129688 0.0570313 0.00656509
0 0.172754 0.400098 0.131836 0.288867 0.00643921
1 0.128027 0.558984 0.0833984 0.113281 0.00638962
0 0.232812 0.907812 0.0535156 0.107813 0.00636292
0 0.183984 0.903125 0.142578 0.18125 0.00634003
0 0.817187 0.443359 0.270312 0.736719 0.00631332
0 0.179492 0.298438 0.153906 0.0558594 0.00626373
1 0.220703 0.920313 0.0792969 0.125 0.00619125
0 0.272266 0.250195 0.125 0.221094 0.00619125
0 0.212109 0.929688 0.09375 0.125 0.00609589
0 0.298438 0.171875 0.164844 0.151562 0.00600433
0 0.197656 0.476562 0.108203 0.0671875 0.00593567
0 0.385156 0.0640137 0.116406 0.0922852 0.00591278
1 0.183984 0.903125 0.142578 0.18125 0.00582123
0 0.624609 0.821875 0.467969 0.215625 0.00568771
0 0.192969 0.516797 0.174219 0.246094 0.00564194
1 0.150879 0.562891 0.0919922 0.133594 0.00559998
0 0.24917 0.216992 0.178223 0.239063 0.00557709
0 0.143164 0.520312 0.130078 0.221094 0.00557709
1 0.884375 0.775781 0.203125 0.23125 0.0055542
0 0.589844 0.774219 0.417188 0.2375 0.00551224
0 0.211328 0.68125 0.119531 0.0640625 0.00542831
0 0.280469 0.9625 0.115625 0.0578125 0.00538635
1 0.167969 0.871875 0.146094 0.235938 0.0053215
0 0.263086 0.764844 0.163672 0.1 0.00516129
0 0.20293 0.728906 0.0902344 0.084375 0.00508118
1 0.15459 0.300781 0.10957 0.135937 0.0050621
0 0.298438 0.747656 0.125 0.128125 0.0050621
0 0.486719 0.0323242 0.15625 0.0541016 0.00494385
0 0.914062 0.149609 0.165625 0.291016 0.00482941
0 0.217773 0.717969 0.118359 0.10625 0.00482941
0 0.81875 0.874219 0.096875 0.107813 0.00481033
0 0.174951 0.764844 0.118848 0.232812 0.00469971
0 0.611719 0.940625 0.146094 0.046875 0.00466537
1 0.189844 0.0816406 0.0988281 0.125781 0.00460815
0 0.144751 0.339844 0.170654 0.175781 0.00460815
0 0.14021 0.264062 0.178564 0.26875 0.00457382
1 0.118262 0.107227 0.184961 0.214453 0.00453949
0 0.467969 0.0450195 0.148438 0.0517578 0.00443268
0 0.475 0.498437 0.0921875 0.128125 0.00438309
1 0.624609 0.821875 0.467969 0.215625 0.00429916
0 0.363086 0.175 0.109766 0.0734375 0.00428009
1 0.290625 0.148828 0.130469 0.224219 0.00421524
0 0.390234 0.899219 0.157813 0.157813 0.00415039
1 0.128711 0.647656 0.105469 0.146875 0.00413513
0 0.191846 0.594922 0.0920898 0.157031 0.00413513
1 0.254102 0.574609 0.106641 0.1625 0.00408554
0 0.841406 0.358789 0.290625 0.669922 0.00400543
0 0.255078 0.701172 0.189063 0.0804688 0.00399017
0 0.242969 0.832812 0.096875 0.110937 0.00385475
0 0.193945 0.328125 0.0785156 0.107031 0.00374985
1 0.232812 0.907812 0.0535156 0.107813 0.0037365
0 0.245703 0.81543 0.121875 0.116016 0.0037365
0 0.077832 0.202344 0.0970703 0.404687 0.00370789
1 0.14707 0.0731934 0.197266 0.141504 0.00367928
0 0.231445 0.832812 0.119141 0.18125 0.00365067
0 0.198242 0.576953 0.114453 0.125781 0.00351143
1 0.208203 0.93125 0.216406 0.134375 0.00349617
0 0.254248 0.687891 0.180566 0.0742188 0.00348282
0 0.483203 0.035376 0.174219 0.070752 0.00341606
0 0.165527 0.926562 0.112305 0.090625 0.00338936
0 0.234961 0.442969 0.119141 0.11875 0.00336266
0 0.330078 0.71875 0.0734375 0.173438 0.00333786
0 0.212061 0.779688 0.112598 0.0953125 0.00332451
0 0.142773 0.256836 0.109766 0.0570313 0.00332451
0 0.383496 0.0783203 0.11582 0.0650391 0.00331116
1 0.907031 0.78125 0.185937 0.246875 0.00329781
0 0.709766 0.917188 0.127344 0.059375 0.00329781
0 0.19292 0.791406 0.0774414 0.151562 0.00325966
1 0.298438 0.747656 0.125 0.128125 0.00322342
1 0.788281 0.503516 0.198437 0.738281 0.00322342
1 0.217773 0.717969 0.118359 0.10625 0.00319672
0 0.206836 0.866406 0.0863281 0.16875 0.00318527
1 0.420312 0.916406 0.09375 0.110937 0.0030632
0 0.516406 0.925 0.139062 0.0875 0.00305176
1 0.122754 0.700781 0.110352 0.215625 0.00304031
1 0.514063 0.9375 0.142188 0.06875 0.00304031
1 0.184766 0.450684 0.121094 0.19082 0.00301552
1 0.298438 0.171875 0.164844 0.151562 0.00300407
1 0.263281 0.739453 0.174219 0.103906 0.00296974
1 0.589844 0.774219 0.417188 0.2375 0.00296974
0 0.719922 0.909375 0.110156 0.075 0.00291252
1 0.285547 0.760547 0.135937 0.103906 0.00291252
0 0.183594 0.924219 0.136328 0.120312 0.00291252
1 0.191797 0.603125 0.071875 0.104687 0.00286674
0 0.33418 0.84707 0.156641 0.202734 0.0028553
1 0.25 0.786133 0.115625 0.0746094 0.00279999
0 0.159277 0.603125 0.11582 0.204688 0.00279999
1 0.283984 0.221289 0.119531 0.240625 0.00275803
1 0.316602 0.105762 0.198828 0.204492 0.00274658
1 0.179102 0.819531 0.0828125 0.11875 0.0027256
0 0.208203 0.93125 0.216406 0.134375 0.00268364
0 0.333203 0.745703 0.0601562 0.116406 0.0026722
0 0.14541 0.739062 0.0908203 0.1125 0.00263214
1 0.725781 0.434766 0.439063 0.810156 0.00260162
0 0.242773 0.296484 0.114453 0.135156 0.00257111
0 0.415234 0.0650391 0.419531 0.130078 0.00256157
0 0.122754 0.700781 0.110352 0.215625 0.00255013
1 0.587109 0.598828 0.552344 0.575781 0.00254059
0 0.567187 0.920313 0.2375 0.09375 0.00253105
1 0.883008 0.140039 0.233984 0.274219 0.00253105
1 0.255078 0.701172 0.189063 0.0804688 0.00242424
0 0.917969 0.574219 0.11875 0.0828125 0.00242424
0 0.528906 0.795313 0.325781 0.204688 0.0024147
0 0.277539 0.426953 0.103906 0.114844 0.00239754
1 0.267578 0.600391 0.104297 0.201562 0.002388
1 0.20293 0.728906 0.0902344 0.084375 0.00237846
0 0.216064 0.140234 0.275684 0.263281 0.00237846
0 0.0948242 0.131445 0.139453 0.260156 0.00231361
0 0.198242 0.0850586 0.0816406 0.169336 0.00226974
1 0.253906 0.262061 0.146875 0.203223 0.00226021
0 0.294141 0.0427612 0.133594 0.0631104 0.00223351
1 0.186768 0.834375 0.0905273 0.123438 0.00216484
0 0.348047 0.951563 0.0890625 0.075 0.00216484
1 0.193945 0.328125 0.0785156 0.107031 0.00216484
1 0.155664 0.675391 0.149609 0.149219 0.00214958
1 0.263086 0.764844 0.163672 0.1 0.00210762
0 0.785937 0.469141 0.196875 0.365625 0.00209045
0 0.189844 0.633984 0.0675781 0.102344 0.0020752
1 0.245703 0.81543 0.121875 0.116016 0.0020752
0 0.214453 0.902344 0.142188 0.179688 0.00206757
0 0.316016 0.860937 0.0953125 0.1125 0.0020504
1 0.474609 0.03125 0.200781 0.0625 0.00204277
1 0.242773 0.296484 0.114453 0.135156 0.00203514
0 0.411719 0.491016 0.238281 0.733594 0.00202751
0 0.684375 0.591406 0.120312 0.0984375 0.00201988
0 0.280859 0.69375 0.0984375 0.0734375 0.00200272
1 0.257617 0.575781 0.116016 0.223438 0.00198746
0 0.204688 0.689844 0.0777344 0.0859375 0.00198746
0 0.735156 0.241797 0.120312 0.104687 0.00197983
0 0.110937 0.771484 0.133203 0.325781 0.00195694
0 0.154297 0.605078 0.145313 0.101562 0.00195694
0 0.589453 0.265576 0.535156 0.316504 0.00191212
0 0.164844 0.438281 0.15 0.285156 0.00191212
1 0.206836 0.866406 0.0863281 0.16875 0.00189686
1 0.077832 0.202344 0.0970703 0.404687 0.00189686
0 0.165039 0.252734 0.121484 0.0578125 0.00188923
1 0.249414 0.301758 0.149609 0.154297 0.00186729
0 0.81582 0.8875 0.108984 0.078125 0.00185299
1 0.254248 0.687891 0.180566 0.0742188 0.00185299
0 0.233643 0.535937 0.172559 0.298438 0.00183868
1 0.19292 0.791406 0.0774414 0.151562 0.00183868
0 0.167871 0.623828 0.164648 0.196094 0.00183868
1 0.116626 0.542969 0.0890137 0.117188 0.0018177
1 0.390234 0.899219 0.157813 0.157813 0.00181007
0 0.184766 0.45 0.111328 0.121875 0.0018034
1 0.214453 0.902344 0.142188 0.179688 0.00179577
1 0.212061 0.779688 0.112598 0.0953125 0.00178242
0 0.679688 0.591406 0.15 0.08125 0.00174141
0 0.79707 0.324609 0.0933594 0.139062 0.0017271
1 0.168652 0.192188 0.13418 0.0839844 0.0017271
0 0.396484 0.399219 0.0929687 0.100781 0.0017004
1 0.280859 0.69375 0.0984375 0.0734375 0.00169373
0 0.820117 0.821875 0.103516 0.30625 0.00167465
0 0.177393 0.300195 0.110059 0.0902344 0.00166798
1 0.189844 0.633984 0.0675781 0.102344 0.0016489
1 0.198242 0.576953 0.114453 0.125781 0.00163555
0 0.506152 0.757812 0.30957 0.26875 0.00163555
0 0.888281 0.742188 0.1625 0.284375 0.00161076
1 0.242969 0.832812 0.096875 0.110937 0.00158501
1 0.193945 0.190625 0.071875 0.0863281 0.00158501
1 0.567187 0.920313 0.2375 0.09375 0.00157928
0 0.169922 0.848437 0.0992187 0.1375 0.00156116
0 0.0545898 0.558594 0.0666016 0.121875 0.00154877
0 0.200391 0.614844 0.059375 0.101562 0.00153637
1 0.234961 0.442969 0.119141 0.11875 0.00151253
0 0.576953 0.504297 0.589844 0.828906 0.599121
1 0.578125 0.500781 0.584375 0.821875 0.325195
0 0.191992 0.80957 0.0769531 0.112109 0.104126
0 0.194092 0.45 0.104785 0.133594 0.0913696
0 0.278516 0.663672 0.0890625 0.122656 0.0661011
0 0.25918 0.557031 0.100781 0.164062 0.0630493
0 0.127344 0.635938 0.0996094 0.145313 0.0605164
0 0.336328 0.819531 0.142969 0.173438 0.0520325
0 0.183643 0.596875 0.0749023 0.104687 0.0377502
0 0.176563 0.6125 0.090625 0.13125 0.0358276
1 0.191992 0.80957 0.0769531 0.112109 0.0243378
1 0.278516 0.663672 0.0890625 0.122656 0.0239563
0 0.16416 0.289844 0.131836 0.207031 0.0219421
0 0.166992 0.932813 0.104687 0.128125 0.0216522
0 0.221289 0.440625 0.110547 0.133594 0.0197601
1 0.119922 0.646094 0.108984 0.132812 0.0197601
0 0.191064 0.588281 0.0936523 0.110937 0.0194244
1 0.25918 0.557031 0.100781 0.164062 0.0192719
1 0.194092 0.45 0.104785 0.133594 0.0190887
1 0.336328 0.819531 0.142969 0.173438 0.0187683
0 0.185156 0.0727539 0.112891 0.141602 0.016922
0 0.391406 0.0574219 0.128125 0.107813 0.0164032
0 0.121582 0.658594 0.108398 0.159375 0.0162201
0 0.169922 0.122461 0.155469 0.238672 0.0135345
0 0.223828 0.895312 0.0695312 0.10625 0.0119629
1 0.183643 0.596875 0.0749023 0.104687 0.0107346
0 0.440234 0.0567383 0.215625 0.110742 0.0104065
0 0.269922 0.42666 0.0851562 0.145117 0.00912476
1 0.16416 0.289844 0.131836 0.207031 0.00901794
0 0.302734 0.661719 0.13125 0.128125 0.00891876
1 0.176563 0.6125 0.090625 0.13125 0.00891876
1 0.185156 0.0727539 0.112891 0.141602 0.00772476
1 0.159375 0.936719 0.0910156 0.123438 0.00712204
1 0.181592 0.115625 0.125879 0.224219 0.00701141
0 0.226611 0.573828 0.153027 0.142188 0.00698471
1 0.391406 0.0574219 0.128125 0.107813 0.00682449
0 0.394141 0.9 0.145313 0.153125 0.00653839
0 0.933594 0.372656 0.132812 0.538281 0.00577545
0 0.185596 0.845312 0.101465 0.103125 0.00547028
0 0.278516 0.679297 0.100781 0.130469 0.00521851
0 0.141797 0.689844 0.132031 0.16875 0.00518036
1 0.191064 0.588281 0.0936523 0.110937 0.00518036
0 0.842969 0.842383 0.173438 0.199609 0.00452042
0 0.258008 0.435937 0.0914062 0.135937 0.00446701
1 0.221289 0.440625 0.110547 0.133594 0.00434875
1 0.430371 0.0558105 0.198633 0.10791 0.00432968
0 0.211133 0.892969 0.112109 0.13125 0.00431442
0 0.898438 0.757812 0.140625 0.307813 0.00402451
1 0.223828 0.895312 0.0695312 0.10625 0.0037365
0 0.119336 0.517187 0.0919922 0.141406 0.00353813
1 0.302734 0.661719 0.13125 0.128125 0.00328636
0 0.189648 0.920313 0.144922 0.128125 0.00322342
1 0.162988 0.102246 0.162305 0.197852 0.00287819
0 0.296094 0.0461914 0.121094 0.0917969 0.00275803
1 0.394141 0.9 0.145313 0.153125 0.00275803
0 0.851562 0.773438 0.246875 0.326562 0.00270462
0 0.925781 0.457812 0.139062 0.332812 0.00268364
0 0.294922 0.754687 0.146875 0.171875 0.00266266
1 0.269922 0.42666 0.0851562 0.145117 0.00251198
0 0.20542 0.703906 0.0969727 0.134375 0.00246239
0 0.271875 0.270312 0.160156 0.220313 0.00246239
1 0.185596 0.845312 0.101465 0.103125 0.00243378
1 0.141797 0.689844 0.132031 0.16875 0.00243378
0 0.296484 0.152539 0.14375 0.164453 0.00240517
0 0.275391 0.766406 0.115625 0.14375 0.00219154
0 0.331641 0.789844 0.141406 0.234375 0.00213242
1 0.278516 0.679297 0.100781 0.130469 0.00203514
1 0.119336 0.517187 0.0919922 0.141406 0.00202751
1 0.226611 0.573828 0.153027 0.142188 0.00194168
1 0.925781 0.457812 0.139062 0.332812 0.00192642
1 0.211133 0.892969 0.112109 0.13125 0.00189686
1 0.898438 0.757812 0.140625 0.307813 0.00187492
1 0.842969 0.842383 0.173438 0.199609 0.00186062
0 0.376563 0.920313 0.151562 0.134375 0.00185299
0 0.191211 0.101929 0.122266 0.197705 0.00174809
0 0.194922 0.288477 0.180469 0.207422 0.00169373
1 0.851562 0.773438 0.246875 0.326562 0.0016489
0 0.176367 0.158984 0.114453 0.1625 0.00161076
1 0.294922 0.754687 0.146875 0.171875 0.00146675
0 0.256445 0.802344 0.0886719 0.139062 0.00141621
1 0.93125 0.378516 0.134375 0.65625 0.00137806
0 0.196045 0.619531 0.0907227 0.115625 0.00133038
1 0.224951 0.186914 0.306348 0.349609 0.00131512
1 0.286719 0.0494141 0.125781 0.0929687 0.00123024
1 0.189648 0.920313 0.144922 0.128125 0.00116062
1 0.175781 0.934375 0.119922 0.13125 0.00113773
0 0.224951 0.186914 0.306348 0.349609 0.00112438
1 0.331641 0.789844 0.141406 0.234375 0.00112438
1 0.258008 0.435937 0.0914062 0.135937 0.00109863
1 0.296484 0.152539 0.14375 0.164453 0.00108147
0 0.352344 0.9375 0.129688 0.125 0.00105667
0 0.589941 0.50625 0.570117 0.8875 0.792969
0 0.119922 0.65 0.1 0.122656 0.275879
0 0.177002 0.163965 0.0866211 0.131445 0.182373
0 0.198096 0.445312 0.0913086 0.115625 0.180664
0 0.170703 0.308008 0.120703 0.168359 0.172729
0 0.274414 0.276953 0.154687 0.165625 0.121704
0 0.152539 0.310156 0.0960938 0.171094 0.106689
0 0.0910156 0.111328 0.172266 0.217969 0.10144
0 0.262891 0.547656 0.090625 0.148438 0.0621033
0 0.277344 0.240234 0.148438 0.246094 0.0603027
0 0.122461 0.677344 0.103516 0.176563 0.0564575
1 0.170703 0.308008 0.120703 0.168359 0.0552063
0 0.162402 0.935938 0.107227 0.11875 0.0544128
1 0.274414 0.276953 0.154687 0.165625 0.053009
1 0.12207 0.65 0.102344 0.124219 0.0505066
1 0.589453 0.496094 0.567969 0.88125 0.0410767
0 0.29668 0.162598 0.163672 0.135742 0.0403748
0 0.285937 0.660937 0.0988281 0.123438 0.0381775
1 0.199268 0.44375 0.0991211 0.117969 0.0346069
0 0.122168 0.523438 0.0892578 0.128125 0.0332031
0 0.13064 0.699219 0.121533 0.232812 0.0283356
1 0.152539 0.310156 0.0960938 0.171094 0.0281067
0 0.198437 0.454688 0.101172 0.15 0.0278473
1 0.17793 0.166406 0.0925781 0.126563 0.0271759
0 0.251172 0.909375 0.142188 0.165625 0.0267029
1 0.0910156 0.111328 0.172266 0.217969 0.0247498
0 0.201172 0.069043 0.0988281 0.138086 0.0227966
0 0.169043 0.714844 0.165039 0.140625 0.0226746
0 0.180029 0.181055 0.0782227 0.0921875 0.0213623
1 0.162402 0.935938 0.107227 0.11875 0.0188751
0 0.219922 0.427344 0.157422 0.147656 0.0184326
1 0.262891 0.547656 0.090625 0.148438 0.018158
0 0.386816 0.9 0.166992 0.157813 0.0177155
0 0.222461 0.563281 0.163281 0.182812 0.0164032
0 0.138965 0.700781 0.158008 0.160938 0.0163422
0 0.181836 0.584375 0.0761719 0.130469 0.0149536
0 0.0649292 0.287891 0.0818603 0.196875 0.0148392
0 0.192139 0.719922 0.137598 0.153906 0.0148392
1 0.118188 0.519922 0.101123 0.139062 0.0144501
0 0.0750977 0.252148 0.105273 0.187109 0.014389
1 0.122461 0.677344 0.103516 0.176563 0.0126724
0 0.273438 0.405566 0.09375 0.157617 0.0124283
0 0.243555 0.929688 0.148047 0.128125 0.0120544
1 0.251172 0.909375 0.142188 0.165625 0.0110703
1 0.285937 0.660937 0.0988281 0.123438 0.0110703
0 0.178516 0.930469 0.146484 0.139062 0.0110321
0 0.392969 0.0537598 0.121875 0.10752 0.0105286
1 0.309375 0.158789 0.191406 0.137109 0.00963593
1 0.386816 0.9 0.166992 0.157813 0.00930023
0 0.294922 0.683203 0.125 0.153906 0.00919342
0 0.194922 0.804883 0.0816406 0.130859 0.0086441
0 0.300977 0.15332 0.161328 0.219141 0.00831604
0 0.0860352 0.134277 0.136133 0.261133 0.008255
0 0.2375 0.734375 0.176563 0.16875 0.00806427
0 0.144434 0.572656 0.150195 0.15625 0.00766754
0 0.171191 0.170508 0.118555 0.133984 0.00766754
1 0.0750977 0.252148 0.105273 0.187109 0.00746155
1 0.131152 0.709375 0.119727 0.23125 0.00734711
0 0.0621094 0.316016 0.0728516 0.194531 0.00701141
0 0.346094 0.82207 0.15 0.155859 0.00698471
0 0.28125 0.739844 0.138281 0.145313 0.0069046
0 0.205811 0.719141 0.0969727 0.152344 0.00658798
0 0.302734 0.0464844 0.125781 0.0929687 0.00658798
1 0.201172 0.069043 0.0988281 0.138086 0.0064621
1 0.0649292 0.287891 0.0818603 0.196875 0.00629044
0 0.115332 0.490625 0.111133 0.2 0.00616837
0 0.15166 0.746094 0.150586 0.2125 0.00595856
0 0.395215 0.629687 0.156445 0.320312 0.00575256
1 0.169043 0.714844 0.165039 0.140625 0.00538635
0 0.138867 0.165723 0.176172 0.131836 0.00445175
0 0.208594 0.798437 0.108203 0.165625 0.00434875
0 0.167578 0.592969 0.103906 0.129688 0.00426483
1 0.222461 0.563281 0.163281 0.182812 0.00413513
0 0.117212 0.723047 0.0937012 0.260156 0.00411606
0 0.17832 0.329688 0.120703 0.121875 0.00397491
1 0.192139 0.719922 0.137598 0.153906 0.00395966
0 0.28457 0.709375 0.111328 0.204688 0.00369263
0 0.542969 0.270508 0.475 0.387109 0.00365067
1 0.392969 0.0537598 0.121875 0.10752 0.00348282
1 0.181836 0.584375 0.0761719 0.130469 0.00342941
0 0.274414 0.651563 0.105078 0.146875 0.00337601
1 0.115332 0.490625 0.111133 0.2 0.00324821
0 0.2625 0.748828 0.127344 0.144531 0.0029583
1 0.277344 0.240234 0.148438 0.246094 0.00292397
1 0.0621094 0.316016 0.0728516 0.194531 0.00291252
1 0.273438 0.405566 0.09375 0.157617 0.00286674
0 0.0823242 0.212695 0.125586 0.192969 0.00279999
1 0.294922 0.683203 0.125 0.153906 0.00275803
0 0.237695 0.413379 0.146484 0.148242 0.0027256
0 0.175342 0.183203 0.111816 0.0960938 0.00271416
0 0.0797852 0.271484 0.130273 0.152344 0.00271416
1 0.194922 0.804883 0.0816406 0.130859 0.00270462
0 0.189893 0.438379 0.133496 0.168555 0.00269318
1 0.219922 0.427344 0.157422 0.147656 0.00268364
1 0.178516 0.930469 0.146484 0.139062 0.00261116
1 0.346094 0.82207 0.15 0.155859 0.00255013
1 0.243555 0.929688 0.148047 0.128125 0.0024929
0 0.240234 0.28125 0.090625 0.167187 0.0024147
0 0.332031 0.0525879 0.177344 0.105176 0.00235939
0 0.223828 0.517969 0.142578 0.109375 0.00231361
0 0.179346 0.30293 0.155371 0.189453 0.00223351
0 0.191748 0.486328 0.106348 0.203906 0.00218201
0 0.895312 0.695312 0.146875 0.198437 0.00209045
1 0.395215 0.629687 0.156445 0.320312 0.0020752
0 0.156641 0.941406 0.0835937 0.117188 0.00201988
0 0.217578 0.766797 0.159375 0.210156 0.00201035
0 0.11875 0.767187 0.0882813 0.190625 0.00196457
0 0.094043 0.642187 0.158398 0.120312 0.00195694
1 0.28125 0.739844 0.138281 0.145313 0.00194168
1 0.15166 0.746094 0.150586 0.2125 0.00189686
0 0.185547 0.108594 0.149609 0.211328 0.00187492
0 0.255469 0.292188 0.135937 0.176563 0.00184631
1 0.138965 0.700781 0.158008 0.160938 0.00181007
0 0.144141 0.272607 0.100781 0.229785 0.00179577
0 0.130249 0.303125 0.116846 0.157031 0.00178909
1 0.124902 0.739844 0.104102 0.232812 0.00177479
0 0.137891 0.621094 0.144141 0.173438 0.00177479
1 0.2375 0.734375 0.176563 0.16875 0.00176811
0 0.183008 0.795117 0.105859 0.147266 0.00170708
1 0.302734 0.0464844 0.125781 0.0929687 0.00167465
1 0.300977 0.15332 0.161328 0.219141 0.00164223
0 0.265625 0.428125 0.071875 0.127344 0.00161076
0 0.915625 0.813281 0.109375 0.14375 0.00160408
1 0.895312 0.695312 0.146875 0.198437 0.0015192
1 0.205811 0.719141 0.0969727 0.152344 0.00141048
0 0.218701 0.299219 0.156348 0.15 0.00140476
0 0.237305 0.991406 0.186328 0.0171875 0.00139904
0 0.137085 0.546484 0.145752 0.157031 0.00135612
0 0.12146 0.118945 0.174268 0.230469 0.00133514
1 0.0832031 0.220654 0.127148 0.230566 0.00133038
1 0.291211 0.154785 0.139453 0.135352 0.00132465
0 0.217773 0.496875 0.155078 0.146875 0.00129986
0 0.599902 0.317187 0.608008 0.491406 0.0012846
0 0.188086 0.455078 0.0832031 0.122656 0.00127411
0 0.284766 0.15293 0.129688 0.133984 0.00126457
0 0.0810303 0.30625 0.143018 0.179688 0.00123024
0 0.259766 0.775 0.120312 0.15625 0.00123024
0 0.339063 0.151562 0.235156 0.242578 0.00119209
1 0.0860352 0.134277 0.136133 0.261133 0.00118828
0 0.158203 0.958594 0.130859 0.0828125 0.00118351
0 0.21543 0.0746094 0.140234 0.149219 0.00115585
0 0.185352 0.991406 0.228516 0.0171875 0.00111198
0 0.167578 0.269531 0.119141 0.109375 0.00108147
0 0.272656 0.0582031 0.0917969 0.116406 0.00108147
0 0.368945 0.0514648 0.149609 0.10293 0.00107288
0 0.183594 0.123828 0.105469 0.223828 0.00106525
1 0.208594 0.798437 0.108203 0.165625 0.00106525
1 0.11875 0.767187 0.0882813 0.190625 0.00106049
0 0.171484 0.0937256 0.199219 0.182861 0.00103188
0 0.1875 0.162891 0.0914062 0.173828 0.00103188
0 0.591406 0.50166 0.54375 0.78418 0.81543
0 0.122461 0.652344 0.0960938 0.109375 0.238647
0 0.195312 0.453125 0.0851562 0.103125 0.16394
0 0.101758 0.675 0.145508 0.171875 0.0681763
0 0.15498 0.936719 0.0873047 0.11875 0.0562439
0 0.865625 0.783008 0.201562 0.280859 0.0531006
1 0.591016 0.471191 0.542969 0.726367 0.041626
0 0.193018 0.811133 0.0756836 0.0964844 0.0374756
0 0.250781 0.292969 0.11875 0.134375 0.0372009
0 0.166211 0.33457 0.0902344 0.105078 0.033783
0 0.176123 0.184033 0.0930664 0.0897461 0.0246124
0 0.266016 0.560547 0.0710938 0.160156 0.0233307
0 0.141602 0.621094 0.114063 0.114844 0.0204926
1 0.865625 0.783008 0.201562 0.280859 0.0202484
1 0.195117 0.455469 0.0929687 0.107813 0.0178528
0 0.0704102 0.198047 0.132031 0.360938 0.016983
0 0.266602 0.28418 0.139453 0.139453 0.0166626
0 0.262891 0.275 0.130469 0.198437 0.0164642
0 0.264062 0.420703 0.0695312 0.103125 0.0156708
0 0.214111 0.810938 0.112402 0.1 0.0151901
1 0.122437 0.651563 0.0977051 0.10625 0.0146179
1 0.266406 0.557813 0.075 0.164062 0.0118713
0 0.391406 0.0628052 0.105469 0.0874756 0.0116882
0 0.8875 0.757812 0.175 0.321875 0.0115967
0 0.240234 0.314258 0.107031 0.0996094 0.0104904
0 0.104077 0.733594 0.160205 0.290625 0.00945282
0 0.190283 0.45 0.12334 0.146875 0.0088501
0 0.238281 0.562891 0.130078 0.164844 0.00871277
0 0.183789 0.597266 0.0914062 0.0882813 0.0086441
1 0.15498 0.936719 0.0873047 0.11875 0.00818634
0 0.116602 0.13877 0.220703 0.247852 0.00790405
0 0.221289 0.444531 0.137109 0.10625 0.00772476
1 0.193018 0.811133 0.0756836 0.0964844 0.00772476
1 0.166211 0.33457 0.0902344 0.105078 0.00698471
1 0.176123 0.184033 0.0930664 0.0897461 0.00641251
1 0.250781 0.292969 0.11875 0.134375 0.00631332
0 0.110547 0.53125 0.111719 0.117188 0.00624084
1 0.101758 0.675 0.145508 0.171875 0.00605011
1 0.0704102 0.198047 0.132031 0.360938 0.00579834
0 0.218799 0.574219 0.14834 0.126563 0.00538635
1 0.214111 0.810938 0.112402 0.1 0.00521851
0 0.270898 0.0455566 0.160547 0.0870117 0.00486755
1 0.266602 0.28418 0.139453 0.139453 0.00448608
0 0.0746582 0.916406 0.140332 0.15625 0.00411606
1 0.8875 0.757812 0.175 0.321875 0.00405502
0 0.132788 0.933594 0.180908 0.128125 0.00399017
1 0.238281 0.562891 0.130078 0.164844 0.00392914
1 0.264062 0.420703 0.0695312 0.103125 0.00378036
0 0.0873291 0.128906 0.163623 0.249219 0.00369263
0 0.232812 0.427734 0.129297 0.110937 0.00327301
1 0.269531 0.257471 0.139844 0.235059 0.00317192
0 0.0845947 0.524219 0.154639 0.198437 0.00304031
0 0.217529 0.598437 0.154785 0.1 0.00284576
0 0.273047 0.243945 0.155469 0.259375 0.0027256
1 0.141602 0.621094 0.114063 0.114844 0.00264168
0 0.611719 0.935938 0.0984375 0.053125 0.00264168
0 0.119141 0.666797 0.104297 0.147656 0.00258064
0 0.0822266 0.78457 0.15293 0.387109 0.00250244
1 0.116602 0.13877 0.220703 0.247852 0.00247192
1 0.0873291 0.128906 0.163623 0.249219 0.00240517
1 0.190283 0.45 0.12334 0.146875 0.00232315
0 0.147949 0.35 0.13457 0.144531 0.00230598
1 0.110547 0.53125 0.111719 0.117188 0.00223351
1 0.391406 0.0628052 0.105469 0.0874756 0.00208282
0 0.122461 0.784375 0.21875 0.4 0.00194931
1 0.240234 0.314258 0.107031 0.0996094 0.0018177
0 0.052832 0.14668 0.100391 0.280469 0.00179577
1 0.104077 0.733594 0.160205 0.290625 0.0017271
1 0.183789 0.597266 0.0914062 0.0882813 0.00168133
1 0.218799 0.574219 0.14834 0.126563 0.00161076
1 0.270898 0.0455566 0.160547 0.0870117 0.00161076
0 0.233594 0.932031 0.148438 0.126563 0.00159168
0 0.0665039 0.895312 0.116992 0.19375 0.00149536
0 0.19707 0.585156 0.102734 0.084375 0.00146103
0 0.221094 0.553906 0.130859 0.0890625 0.00144386
0 0.921875 0.715625 0.140625 0.329688 0.00141048
0 0.0387207 0.544141 0.072168 0.467969 0.00141048
1 0.221289 0.444531 0.137109 0.10625 0.00139904
0 0.0388184 0.341016 0.0719727 0.520312 0.00139904
0 0.18418 0.136523 0.115625 0.177344 0.00139427
0 0.0685547 0.85625 0.12207 0.275 0.00129986
1 0.0388184 0.341016 0.0719727 0.520312 0.00127888
0 0.0637695 0.273242 0.114648 0.509766 0.00126457
0 0.171484 0.929688 0.292969 0.128125 0.00125504
0 0.166016 0.80957 0.273047 0.337109 0.00122547
0 0.102954 0.528906 0.133154 0.140625 0.00117874
0 0.140625 0.749609 0.114063 0.108594 0.00109863
0 0.447266 0.057605 0.221094 0.0902588 0.00107765
1 0.0855469 0.522656 0.157617 0.25 0.00103188
0 0.156836 0.313281 0.105859 0.0835937 0.00100803
0 0.13457 0.309766 0.239844 0.225 0.00100803
0 0.603906 0.494531 0.614062 0.854688 0.690918
1 0.605469 0.496094 0.6125 0.854688 0.228882
0 0.124243 0.651563 0.103857 0.103125 0.162964
0 0.184375 0.595703 0.0851562 0.0953125 0.109314
0 0.167969 0.328125 0.1125 0.115625 0.0611877
0 0.160742 0.940625 0.0980469 0.109375 0.0520325
0 0.191846 0.808594 0.0827148 0.1 0.0433655
0 0.127246 0.675391 0.10332 0.146875 0.0345459
0 0.12666 0.528125 0.0810547 0.0953125 0.0248871
1 0.123633 0.651563 0.107422 0.107813 0.0181885
0 0.197852 0.455469 0.105859 0.109375 0.014061
0 0.178906 0.174707 0.103125 0.102539 0.0119629
0 0.28457 0.662891 0.09375 0.114844 0.0118713
0 0.247266 0.291602 0.107813 0.138281 0.0113297
0 0.425781 0.915625 0.0742188 0.0953125 0.0102081
1 0.167969 0.328125 0.1125 0.115625 0.00941467
1 0.184375 0.595703 0.0851562 0.0953125 0.00806427
1 0.135352 0.675 0.126953 0.160156 0.00674438
0 0.161035 0.294531 0.104883 0.129688 0.0064888
0 0.122681 0.635938 0.0995605 0.08125 0.00547028
0 0.279102 0.676172 0.0824219 0.096875 0.00518036
0 0.158008 0.270312 0.0972656 0.0835937 0.00428009
0 0.196533 0.0882813 0.0866211 0.0998047 0.00426483
1 0.191846 0.808594 0.0827148 0.1 0.00421524
0 0.0751953 0.203906 0.115625 0.407813 0.00411606
0 0.119531 0.816406 0.0589844 0.090625 0.00337601
0 0.334766 0.723047 0.0640625 0.0945313 0.00309944
0 0.303516 0.0434082 0.117578 0.0868164 0.00274658
0 0.180469 0.9375 0.146094 0.125 0.0026207
1 0.160742 0.940625 0.0980469 0.109375 0.00245285
0 0.213086 0.305469 0.166797 0.15 0.00232315
0 0.23418 0.907812 0.0878906 0.1 0.00229645
1 0.247266 0.291602 0.107813 0.138281 0.00226974
1 0.195898 0.454688 0.100781 0.109375 0.00209999
1 0.12666 0.528125 0.0810547 0.0953125 0.0020504
0 0.175391 0.341797 0.132031 0.0929687 0.00194931
0 0.15 0.26543 0.0757812 0.0765625 0.00182438
0 0.125195 0.682031 0.135547 0.173438 0.00182438
0 0.191016 0.586719 0.0628906 0.129688 0.00182438
0 0.800781 0.504785 0.203125 0.345117 0.00178909
1 0.178906 0.174707 0.103125 0.102539 0.00178242
0 0.304297 0.70625 0.13125 0.140625 0.00178242
0 0.150391 0.558984 0.115625 0.114844 0.00176144
0 0.619922 0.934375 0.135156 0.05 0.00170708
0 0.0855225 0.171484 0.145361 0.328125 0.00166798
0 0.166406 0.69375 0.157813 0.167187 0.00163555
1 0.180469 0.9375 0.146094 0.125 0.00159168
0 0.90625 0.746875 0.121875 0.259375 0.00153637
0 0.18125 0.81582 0.0664062 0.0964844 0.00153637
1 0.146875 0.299023 0.203906 0.212109 0.00142097
0 0.197314 0.945312 0.156934 0.109375 0.00131512
0 0.194922 0.0803711 0.104297 0.150586 0.00125504
0 0.208789 0.70625 0.0882813 0.115625 0.00125504
0 0.210742 0.921875 0.155078 0.11875 0.00123978
0 0.287109 0.686328 0.101562 0.139844 0.00120163
1 0.28457 0.662891 0.09375 0.114844 0.00117874
0 0.130835 0.31582 0.190674 0.216797 0.00108624
0 0.150977 0.298242 0.179297 0.221484 0.00108624
0 0.594531 0.700781 0.529688 0.409375 0.00105286
0 0.585938 0.508594 0.584375 0.845312 0.896484
0 0.126758 0.648438 0.103516 0.104687 0.160278
0 0.164453 0.9375 0.100781 0.117188 0.0607605
0 0.125 0.532812 0.0753906 0.0890625 0.0244293
0 0.125757 0.727344 0.112549 0.257812 0.0222473
1 0.5875 0.5 0.573438 0.821875 0.0150146
0 0.135059 0.66875 0.128711 0.197656 0.0141754
0 0.198486 0.0930664 0.0780273 0.0908203 0.0110703
1 0.164746 0.9375 0.105664 0.11875 0.0069313
0 0.192969 0.807813 0.0761719 0.107813 0.00661469
0 0.181055 0.93125 0.155859 0.134375 0.00634003
1 0.125 0.532812 0.0753906 0.0890625 0.00612259
1 0.12561 0.659375 0.110498 0.123438 0.00600433
1 0.125757 0.727344 0.112549 0.257812 0.00559998
0 0.149219 0.263281 0.0703125 0.0632813 0.0055542
0 0.131543 0.619531 0.0966797 0.157031 0.00526047
1 0.198486 0.0930664 0.0780273 0.0908203 0.00356483
0 0.183594 0.598437 0.084375 0.0953125 0.00348282
1 0.135059 0.66875 0.128711 0.197656 0.0029583
0 0.282031 0.960938 0.0960938 0.06875 0.00269318
0 0.283594 0.670313 0.0835937 0.09375 0.00233269
1 0.192969 0.807813 0.0761719 0.107813 0.00230598
0 0.334766 0.835938 0.126563 0.15625 0.00213242
0 0.171582 0.18457 0.10332 0.0804688 0.00209999
0 0.287109 0.0456177 0.129688 0.0898193 0.00178909
0 0.414453 0.537109 0.228906 0.222656 0.00172043
0 0.607422 0.934375 0.127344 0.05 0.00161648
1 0.199023 0.0799805 0.0835937 0.122461 0.0015974
1 0.149219 0.263281 0.0703125 0.0632813 0.00156116
1 0.104687 0.744531 0.0558594 0.25 0.00155449
0 0.142871 0.721094 0.143945 0.285937 0.00151253
0 0.504687 0.928906 0.11875 0.0890625 0.00143242
0 0.199023 0.0799805 0.0835937 0.122461 0.00134087
1 0.278906 0.678125 0.133594 0.140625 0.00122547
1 0.282031 0.960938 0.0960938 0.06875 0.00119686
1 0.181055 0.93125 0.155859 0.134375 0.00116062
1 0.184814 0.599219 0.0889648 0.096875 0.00116062
0 0.113672 0.81875 0.0515625 0.0734375 0.00112915
0 0.217578 0.738281 0.2875 0.44375 0.00110722
0 0.124219 0.821875 0.0628906 0.06875 0.00107288
0 0.589453 0.504687 0.575781 0.798437 0.777344
1 0.592871 0.501562 0.573633 0.803125 0.105591
0 0.159668 0.331641 0.133789 0.110937 0.0111618
0 0.122168 0.532812 0.0742188 0.0953125 0.00717545
0 0.126587 0.695312 0.113232 0.19375 0.00298119
1 0.122168 0.532812 0.0742188 0.0953125 0.00228691
0 0.280469 0.667969 0.0789063 0.1 0.00227928
0 0.12229 0.660937 0.10542 0.121094 0.00221634
0 0.191406 0.812305 0.0773437 0.0941406 0.00219917
0 0.171484 0.17793 0.0941406 0.0933594 0.00215721
0 0.895703 0.11416 0.208594 0.22832 0.00201988
0 0.181641 0.595312 0.0796875 0.0921875 0.00167465
1 0.215674 0.291016 0.364746 0.582031 0.00136185
1 0.202686 0.216406 0.355566 0.432813 0.00103188
0 0.588184 0.503125 0.573633 0.80625 0.867188
1 0.589063 0.502734 0.575 0.807031 0.0177155
0 0.123047 0.5375 0.0761719 0.0953125 0.00572968
0 0.167187 0.311133 0.115625 0.162891 0.00314713
0 0.191797 0.241016 0.346094 0.474219 0.0020504
1 0.123047 0.5375 0.0761719 0.0953125 0.00148964
0 0.125171 0.653125 0.10708 0.110937 0.00135612
0 0.586719 0.510938 0.58125 0.814062 0.896484
1 0.594531 0.504297 0.570312 0.807031 0.00891876
0 0.123828 0.536719 0.0804688 0.1 0.00382423
0 0.123804 0.65625 0.108252 0.123438 0.0017271
0 0.166895 0.311328 0.114648 0.155469 0.00134563
0 0.190234 0.813281 0.0726563 0.1 0.00126457
0 0.176758 0.176611 0.09375 0.0983398 0.0012064
0 0.588184 0.503125 0.573633 0.80625 0.867188
1 0.589063 0.502734 0.575 0.807031 0.0176392
0 0.123047 0.5375 0.0761719 0.0953125 0.00577545
0 0.167187 0.311133 0.115625 0.162891 0.00317192
0 0.191748 0.241016 0.346191 0.474219 0.00205803
1 0.123047 0.5375 0.0761719 0.0953125 0.00148964
0 0.125098 0.653125 0.107227 0.110937 0.00137234
