0 0.651953 0.5125 0.392969 0.325781 0.893066
0 0.786719 0.858594 0.3375 0.26875 0.841797
0 0.485059 0.784375 0.393945 0.340625 0.530273
1 0.789844 0.854688 0.334375 0.271875 0.064209
0 0.903906 0.532031 0.148438 0.2375 0.0628052
0 0.7375 0.284766 0.176563 0.196094 0.062561
0 0.190674 0.300195 0.0764648 0.225391 0.0483093
0 0.419531 0.522656 0.7125 0.873438 0.0377502
0 0.20918 0.302344 0.108203 0.225781 0.035553
1 0.653906 0.510059 0.396875 0.314258 0.033905
0 0.420312 0.790625 0.367188 0.35 0.0299835
1 0.7375 0.284766 0.176563 0.196094 0.0265045
0 0.484473 0.232471 0.42793 0.312402 0.0247955
0 0.200586 0.290625 0.0851562 0.19375 0.0229797
1 0.190674 0.300195 0.0764648 0.225391 0.0173035
1 0.903125 0.534375 0.15625 0.257812 0.0168457
0 0.199951 0.250391 0.0680664 0.11875 0.0156708
0 0.903125 0.503906 0.1375 0.171875 0.0142822
0 0.885938 0.434375 0.139062 0.0421875 0.0134811
1 0.20918 0.302344 0.108203 0.225781 0.0129242
0 0.235938 0.304297 0.071875 0.236719 0.0123367
0 0.88125 0.85 0.19375 0.232812 0.0116425
0 0.115454 0.702344 0.186279 0.25625 0.0113297
0 0.745313 0.699219 0.157813 0.05 0.0106964
0 0.605469 0.538281 0.48125 0.695312 0.0104065
0 0.734766 0.852344 0.232031 0.245312 0.0101318
1 0.485059 0.784375 0.393945 0.340625 0.00985718
0 0.983594 0.786719 0.0328125 0.426562 0.00952148
0 0.110449 0.495313 0.136523 0.357812 0.00912476
0 0.194189 0.276172 0.0709961 0.1625 0.00912476
0 0.406152 0.202344 0.220508 0.232031 0.00891876
0 0.879687 0.419531 0.15 0.04375 0.00844574
0 0.403809 0.735937 0.220508 0.228125 0.00831604
0 0.792383 0.205469 0.355859 0.355469 0.00818634
0 0.114941 0.515527 0.113867 0.498633 0.00695801
1 0.200586 0.290625 0.0851562 0.19375 0.00674438
0 0.121094 0.347266 0.0726563 0.686719 0.00636292
0 0.407129 0.359375 0.573242 0.546875 0.00582123
0 0.977734 0.774805 0.0445312 0.450391 0.00559998
1 0.419531 0.522656 0.7125 0.873438 0.00519943
0 0.317969 0.567187 0.565625 0.778125 0.0051384
0 0.154297 0.692578 0.253516 0.499219 0.00484848
1 0.110449 0.495313 0.136523 0.357812 0.00457382
0 0.740625 0.452344 0.210938 0.18125 0.00411606
1 0.235938 0.304297 0.071875 0.236719 0.00405502
0 0.303906 0.80918 0.607813 0.347266 0.00399017
0 0.116113 0.657812 0.162305 0.346875 0.00391388
0 0.707812 0.198828 0.5125 0.364062 0.00376511
0 0.630469 0.527734 0.432813 0.470313 0.00372124
0 0.232812 0.332617 0.0851562 0.310547 0.00362206
0 0.882812 0.393066 0.1875 0.0873047 0.00353813
0 0.567969 0.709766 0.244531 0.0929687 0.00328636
0 0.570312 0.461328 0.221875 0.213281 0.00323486
0 0.750781 0.27832 0.142188 0.157813 0.00316048
0 0.129688 0.311719 0.0638672 0.623438 0.00307465
0 0.135156 0.273828 0.0699219 0.547656 0.00300407
1 0.115454 0.702344 0.186279 0.25625 0.00279999
0 0.172852 0.310352 0.104687 0.261328 0.00276756
0 0.586719 0.723437 0.20625 0.132812 0.0026207
0 0.890625 0.275195 0.184375 0.1625 0.00258064
1 0.903125 0.503906 0.1375 0.171875 0.00245285
0 0.121509 0.650781 0.131982 0.575 0.00244331
1 0.121094 0.347266 0.0726563 0.686719 0.00243378
1 0.194189 0.276172 0.0709961 0.1625 0.00234222
1 0.114941 0.515527 0.113867 0.498633 0.00230598
0 0.862695 0.79707 0.237109 0.127734 0.00219917
0 0.8875 0.475684 0.171875 0.418945 0.00212479
0 0.348633 0.579687 0.203516 0.214844 0.00211525
1 0.745313 0.699219 0.157813 0.05 0.00203514
1 0.977344 0.781836 0.0453125 0.436328 0.00201988
0 0.925 0.677734 0.134375 0.184375 0.0019722
0 0.136133 0.616406 0.0775391 0.120312 0.00195694
0 0.891406 0.457031 0.13125 0.075 0.00193405
0 0.100366 0.492969 0.0750488 0.573438 0.00190449
0 0.179688 0.359375 0.103125 0.352344 0.00188255
0 0.838281 0.751562 0.284375 0.046875 0.00188255
0 0.407129 0.276367 0.54668 0.405078 0.00186729
0 0.249609 0.304102 0.0773437 0.253516 0.00176811
1 0.983594 0.786719 0.0328125 0.426562 0.00175476
0 0.314014 0.687109 0.350098 0.524219 0.00172043
0 0.588281 0.712109 0.195312 0.0726563 0.00169373
0 0.242578 0.488672 0.0738281 0.652344 0.00163555
0 0.118848 0.538965 0.163477 0.414258 0.00156689
1 0.232812 0.332617 0.0851562 0.310547 0.0015192
0 0.637109 0.737891 0.120312 0.0835937 0.00145531
0 0.261328 0.335352 0.0796875 0.365234 0.00144386
0 0.890625 0.298242 0.18125 0.114844 0.00137806
0 0.170117 0.151465 0.169141 0.116992 0.00137234
1 0.885938 0.434375 0.139062 0.0421875 0.00137234
0 0.552734 0.699219 0.275781 0.147656 0.00133514
0 0.362891 0.407129 0.179688 0.304492 0.00130939
0 0.168457 0.765625 0.285742 0.35 0.00129986
0 0.286523 0.93125 0.426953 0.0625 0.00127411
0 0.510254 0.703906 0.323242 0.165625 0.00126457
0 0.885938 0.813281 0.189063 0.146875 0.00124454
1 0.172852 0.310352 0.104687 0.261328 0.0012207
0 0.436719 0.716406 0.284375 0.196875 0.0012064
0 0.924219 0.801758 0.128125 0.0933594 0.00118351
1 0.129688 0.311719 0.0638672 0.623438 0.00116539
0 0.110937 0.396191 0.0667969 0.698242 0.00116062
0 0.204492 0.251514 0.0839844 0.154785 0.00115585
0 0.159766 0.190625 0.105469 0.38125 0.00114727
0 0.724219 0.696875 0.190625 0.05625 0.0011425
1 0.88125 0.85 0.19375 0.232812 0.00112057
1 0.135156 0.273828 0.0699219 0.547656 0.00111198
0 0.156543 0.320898 0.125977 0.289453 0.0011034
0 0.179492 0.244922 0.0972656 0.201562 0.00109482
0 0.871875 0.526953 0.209375 0.307813 0.00109005
0 0.233594 0.535156 0.0664062 0.648438 0.00108147
0 0.291016 0.172754 0.0734375 0.345508 0.00102043
1 0.879687 0.419531 0.15 0.04375 0.00101662
1 0.488965 0.775781 0.387695 0.3 0.788086
0 0.650781 0.509473 0.398438 0.30293 0.756836
0 0.759766 0.288281 0.146094 0.170703 0.711426
1 0.491309 0.240625 0.389258 0.292188 0.662598
0 0.9125 0.54375 0.132812 0.217969 0.556641
0 0.793945 0.864258 0.355859 0.252734 0.543945
1 0.799219 0.864844 0.364062 0.260938 0.458984
0 0.490234 0.242578 0.389844 0.296094 0.416748
0 0.485156 0.774805 0.398438 0.300391 0.301514
1 0.65 0.511035 0.401563 0.30918 0.199951
0 0.891406 0.538281 0.178125 0.2375 0.13208
0 0.641797 0.735156 0.0890625 0.104687 0.0974121
0 0.907031 0.211914 0.159375 0.307813 0.0918579
0 0.161035 0.504687 0.221289 0.853125 0.0663452
0 0.117407 0.788867 0.152686 0.269141 0.0596619
1 0.161035 0.504687 0.221289 0.853125 0.041687
1 0.746875 0.286523 0.151562 0.170703 0.0408325
0 0.635938 0.748438 0.1125 0.075 0.0340881
0 0.117993 0.722656 0.158936 0.404687 0.032959
0 0.182812 0.419141 0.179688 0.511719 0.0288696
0 0.648047 0.287891 0.075 0.114844 0.0275879
0 0.262891 0.488184 0.0769531 0.418945 0.0245667
1 0.9125 0.54375 0.132812 0.217969 0.0245667
0 0.752734 0.224414 0.142969 0.316797 0.0232391
0 0.914062 0.258545 0.140625 0.354004 0.0171814
1 0.262891 0.488184 0.0769531 0.418945 0.0160217
0 0.141211 0.297266 0.0664062 0.244531 0.0155411
1 0.891406 0.538281 0.178125 0.2375 0.0155411
0 0.635156 0.299805 0.114063 0.0828125 0.0152512
0 0.147852 0.280273 0.0605469 0.203516 0.0140076
1 0.117993 0.722656 0.158936 0.404687 0.0134811
1 0.117407 0.788867 0.152686 0.269141 0.0131683
0 0.774219 0.276172 0.101562 0.0953125 0.0126724
0 0.725781 0.290625 0.20625 0.164062 0.012146
0 0.632812 0.731641 0.115625 0.0898438 0.011116
1 0.141211 0.297266 0.0664062 0.244531 0.0110703
1 0.478516 0.814062 0.341406 0.23125 0.0102081
0 0.647656 0.728125 0.0796875 0.148438 0.0101318
1 0.147852 0.280273 0.0605469 0.203516 0.0100555
0 0.810156 0.5625 0.0765625 0.122656 0.00937653
0 0.898438 0.695312 0.203125 0.0984375 0.00898743
0 0.195117 0.2875 0.0960938 0.203125 0.00800323
1 0.182812 0.419141 0.179688 0.511719 0.00769424
0 0.186328 0.308398 0.100781 0.241797 0.00751877
1 0.139233 0.571777 0.182471 0.70332 0.00682449
0 0.648828 0.265039 0.071875 0.130859 0.00671768
0 0.283594 0.364844 0.0617188 0.177344 0.00658798
0 0.168555 0.349219 0.175391 0.642969 0.00653839
0 0.153027 0.234375 0.0689453 0.132812 0.00643921
0 0.810156 0.539844 0.0734375 0.11875 0.00634003
0 0.139233 0.571777 0.182471 0.70332 0.00584412
0 0.197314 0.250586 0.0670898 0.122266 0.00568771
0 0.649219 0.262695 0.075 0.191797 0.00547028
0 0.928125 0.794531 0.140625 0.0578125 0.00526047
0 0.932813 0.80293 0.125 0.0910156 0.00521851
1 0.138867 0.341602 0.0689453 0.333203 0.0051384
0 0.8 0.592188 0.10625 0.084375 0.0050621
0 0.80918 0.515234 0.0753906 0.125781 0.0050621
1 0.186328 0.308398 0.100781 0.241797 0.00482941
0 0.803125 0.573438 0.0984375 0.103125 0.00481033
1 0.148828 0.321875 0.0722656 0.289844 0.00473785
0 0.632812 0.762109 0.11875 0.0585938 0.00468063
0 0.194922 0.470313 0.226562 0.778125 0.0045929
1 0.898438 0.695312 0.203125 0.0984375 0.00452042
0 0.639844 0.28125 0.1 0.111719 0.00446701
0 0.148828 0.321875 0.0722656 0.289844 0.00439835
0 0.782031 0.281445 0.078125 0.109766 0.00436401
0 0.832031 0.150586 0.267188 0.207031 0.00432968
0 0.138867 0.341602 0.0689453 0.333203 0.00431442
1 0.195117 0.2875 0.0960938 0.203125 0.00429916
1 0.281641 0.377246 0.0578125 0.189258 0.00428009
0 0.391797 0.452246 0.214844 0.164258 0.00426483
0 0.856445 0.196484 0.265234 0.2875 0.00426483
0 0.0260986 0.316797 0.0521973 0.457031 0.00419998
0 0.21543 0.289062 0.0882813 0.189844 0.00415039
0 0.27832 0.403125 0.0582031 0.222656 0.00407028
1 0.907031 0.211914 0.159375 0.307813 0.00397491
0 0.478516 0.814062 0.341406 0.23125 0.00390053
0 0.27793 0.340625 0.0632813 0.135937 0.00383949
0 0.262109 0.433203 0.0875 0.358594 0.00382423
0 0.923437 0.510156 0.10625 0.1125 0.00379562
0 0.798437 0.299219 0.235938 0.196875 0.00376511
0 0.580078 0.268945 0.214844 0.199609 0.00362206
0 0.265625 0.438281 0.0652344 0.138281 0.0036068
0 0.800195 0.485938 0.0996094 0.127344 0.0036068
0 0.355078 0.539844 0.421875 0.590625 0.00359344
0 0.94375 0.804492 0.096875 0.106641 0.00351143
0 0.810742 0.539062 0.0753906 0.197656 0.00342941
0 0.185547 0.338281 0.113281 0.308594 0.00332451
1 0.488672 0.849219 0.307813 0.159375 0.00322342
0 0.275 0.434766 0.0578125 0.25 0.00319672
0 0.14248 0.273242 0.0685547 0.144922 0.00319672
0 0.7625 0.536719 0.184375 0.273438 0.0029583
0 0.207227 0.695312 0.101562 0.446875 0.0028553
0 0.197998 0.22417 0.0680664 0.154004 0.00284576
0 0.2625 0.486719 0.0804688 0.139062 0.00274658
0 0.933594 0.404297 0.132812 0.09375 0.00270462
0 0.742578 0.401172 0.139844 0.0453125 0.00253105
0 0.144629 0.246094 0.0693359 0.157813 0.00252151
0 0.172656 0.16377 0.164844 0.151367 0.00251198
1 0.275 0.434766 0.0578125 0.25 0.0024929
1 0.262109 0.433203 0.0875 0.358594 0.00243378
1 0.185547 0.338281 0.113281 0.308594 0.00243378
1 0.210742 0.3125 0.0914062 0.240625 0.00242424
0 0.774219 0.147461 0.396875 0.214453 0.00242424
0 0.632422 0.316797 0.120312 0.0609375 0.00234222
0 0.268359 0.359766 0.0960938 0.232031 0.00231361
0 0.231055 0.655469 0.0792969 0.440625 0.00230598
0 0.90625 0.337109 0.1375 0.498437 0.00227928
0 0.933594 0.525 0.08125 0.1375 0.00226974
1 0.0260986 0.316797 0.0521973 0.457031 0.00225258
0 0.988672 0.548437 0.0226563 0.128906 0.00223351
0 0.266992 0.409766 0.0667969 0.147656 0.00214005
0 0.0629883 0.388281 0.0755859 0.382031 0.00213242
0 0.988672 0.573828 0.0226563 0.139844 0.00209045
0 0.0370117 0.14375 0.0740234 0.2875 0.00198746
0 0.655469 0.281641 0.348437 0.171094 0.00195694
0 0.889063 0.232373 0.201562 0.338379 0.00195694
1 0.207227 0.695312 0.101562 0.446875 0.00193405
1 0.752734 0.224414 0.142969 0.316797 0.00188923
0 0.27793 0.349609 0.0800781 0.167969 0.00186729
0 0.488672 0.849219 0.307813 0.159375 0.00186062
0 0.596875 0.232373 0.182812 0.22666 0.00186062
0 0.264453 0.323828 0.101562 0.235156 0.0018177
0 0.749219 0.414844 0.15 0.05 0.00178242
0 0.216211 0.363281 0.0644531 0.14375 0.00178242
0 0.239063 0.306641 0.0648438 0.225781 0.00176811
0 0.265625 0.458594 0.0757812 0.153906 0.00176811
0 0.60625 0.734375 0.167969 0.120312 0.00176144
0 0.908594 0.493359 0.125 0.0945313 0.00174141
0 0.0375 0.163867 0.075 0.327734 0.0017271
0 0.205664 0.350391 0.0964844 0.336719 0.0017271
0 0.415625 0.253711 0.157031 0.0507812 0.00167465
0 0.926562 0.686328 0.146875 0.125 0.00165462
0 0.801562 0.510938 0.1 0.1125 0.0016489
1 0.268359 0.359766 0.0960938 0.232031 0.00164223
1 0.194922 0.470313 0.226562 0.778125 0.00163555
1 0.398047 0.438672 0.194531 0.152344 0.00161648
0 0.9875 0.521875 0.025 0.13125 0.00159168
0 0.914844 0.552344 0.170312 0.235938 0.00158501
1 0.115527 0.271094 0.0876953 0.225 0.00158501
0 0.416406 0.24375 0.146094 0.053125 0.00157928
0 0.0943604 0.241797 0.0569824 0.284375 0.00151253
1 0.988672 0.573828 0.0226563 0.139844 0.00150681
0 0.115527 0.271094 0.0876953 0.225 0.00149536
0 0.235938 0.274805 0.0574219 0.175 0.0014782
0 0.245312 0.432715 0.105859 0.392383 0.00146675
0 0.150586 0.208203 0.0667969 0.147266 0.00146675
0 0.757812 0.265625 0.140625 0.0789063 0.00145531
0 0.634766 0.212451 0.103906 0.113379 0.00144386
1 0.231055 0.655469 0.0792969 0.440625 0.00143242
0 0.15332 0.478906 0.138672 0.400781 0.00143242
0 0.0217529 0.276953 0.0435059 0.361719 0.00143242
0 0.794531 0.608594 0.120312 0.0703125 0.00142097
0 0.260547 0.511719 0.078125 0.134375 0.00139904
0 0.60625 0.178955 0.130469 0.0834961 0.00139904
0 0.799219 0.550781 0.10625 0.101562 0.00138855
1 0.122168 0.667969 0.183789 0.521875 0.00138855
0 0.624219 0.196094 0.11875 0.13125 0.00138855
1 0.988672 0.548437 0.0226563 0.128906 0.00138283
0 0.0888672 0.270898 0.065625 0.240234 0.00138283
1 0.933594 0.404297 0.132812 0.09375 0.00137234
0 0.122168 0.667969 0.183789 0.521875 0.00136185
0 0.810742 0.502344 0.0753906 0.215625 0.00135612
1 0.205664 0.350391 0.0964844 0.336719 0.00134563
0 0.157617 0.713281 0.0695312 0.142188 0.00134563
0 0.16084 0.741406 0.0748047 0.439063 0.00131989
1 0.264453 0.323828 0.101562 0.235156 0.00131512
0 0.129492 0.611719 0.0777344 0.1125 0.00131512
0 0.0804443 0.536328 0.0691895 0.141406 0.00127411
0 0.169531 0.342773 0.115625 0.351172 0.00126457
1 0.239063 0.306641 0.0648438 0.225781 0.0012598
1 0.169531 0.342773 0.115625 0.351172 0.0012598
0 0.271094 0.484766 0.0585938 0.269531 0.0012598
1 0.147266 0.263281 0.108594 0.183203 0.00125504
1 0.172656 0.16377 0.164844 0.151367 0.00124931
0 0.987109 0.598437 0.0257812 0.153125 0.00124454
1 0.104395 0.243018 0.0632813 0.241309 0.00121593
1 0.168555 0.349219 0.175391 0.642969 0.00121117
0 0.604688 0.262109 0.164062 0.167187 0.00118828
0 0.147266 0.263281 0.108594 0.183203 0.00118351
0 0.512109 0.44375 0.111719 0.0953125 0.00117874
0 0.227344 0.650781 0.06875 0.140625 0.00115585
0 0.233203 0.611719 0.0765625 0.15 0.00115108
0 0.259961 0.55459 0.078125 0.437695 0.0011425
0 0.279883 0.317187 0.0699219 0.189844 0.00113392
0 0.39834 0.518359 0.312695 0.707031 0.00113392
0 0.798437 0.75625 0.179688 0.0515625 0.00113392
0 0.582422 0.965625 0.121094 0.065625 0.0011158
1 0.0629883 0.388281 0.0755859 0.382031 0.00111198
0 0.915625 0.292188 0.16875 0.458594 0.0011034
0 0.595312 0.957031 0.114063 0.0859375 0.00109005
1 0.271094 0.484766 0.0585938 0.269531 0.00107765
0 0.896875 0.471875 0.14375 0.0640625 0.00106049
0 0.90625 0.579687 0.1375 0.147656 0.00105286
1 0.0943604 0.241797 0.0569824 0.284375 0.00105286
0 0.645312 0.241797 0.0796875 0.132031 0.00104809
0 0.935156 0.549219 0.084375 0.121875 0.00104427
0 0.136328 0.307031 0.065625 0.164844 0.00104046
0 0.789258 0.469531 0.108984 0.115625 0.00104046
0 0.867969 0.977344 0.160938 0.0453125 0.00103188
0 0.487402 0.779688 0.387695 0.315625 0.616211
0 0.656641 0.516016 0.408594 0.308594 0.589844
0 0.498437 0.241846 0.4 0.293652 0.568848
0 0.804688 0.866016 0.370313 0.267969 0.543945
1 0.799219 0.8625 0.357812 0.275 0.461914
1 0.658594 0.513672 0.409375 0.314844 0.30249
1 0.491797 0.237305 0.403906 0.283203 0.193726
0 0.9 0.538672 0.1625 0.261719 0.122498
0 0.740625 0.3 0.170312 0.185937 0.121704
1 0.484375 0.779883 0.382812 0.308984 0.120239
1 0.9 0.538672 0.1625 0.261719 0.036499
1 0.740625 0.3 0.170312 0.185937 0.0363464
0 0.208936 0.281641 0.104004 0.199219 0.00757599
0 0.269922 0.783594 0.0878906 0.235938 0.00534439
0 0.374219 0.446484 0.166406 0.300781 0.00379562
0 0.890625 0.575781 0.176563 0.185937 0.00365067
0 0.888281 0.874219 0.179688 0.251563 0.00358009
0 0.219141 0.261328 0.117969 0.210938 0.00318527
1 0.208936 0.281641 0.104004 0.199219 0.00293541
0 0.21543 0.778906 0.125391 0.295312 0.00271416
0 0.903125 0.483984 0.1625 0.375781 0.00253105
0 0.258203 0.477344 0.0804688 0.476562 0.00252151
1 0.269922 0.783594 0.0878906 0.235938 0.00228691
1 0.168359 0.504687 0.139844 0.925 0.00221634
0 0.196484 0.775195 0.09375 0.312109 0.00219917
0 0.251367 0.00407715 0.467578 0.0081543 0.00209999
0 0.189258 0.316406 0.130078 0.291406 0.00203514
0 0.271094 0.351758 0.0828125 0.421484 0.0019722
1 0.374219 0.446484 0.166406 0.300781 0.00192642
1 0.890625 0.575781 0.176563 0.185937 0.00162888
1 0.340625 0.518359 0.215625 0.838281 0.00155449
0 0.365039 0.566406 0.192578 0.200781 0.00153637
1 0.21543 0.778906 0.125391 0.295312 0.00152493
0 0.725 0.870313 0.210938 0.259375 0.00152493
1 0.888281 0.874219 0.179688 0.251563 0.00150681
0 0.362891 0.516016 0.183594 0.736719 0.00148392
1 0.258203 0.477344 0.0804688 0.476562 0.00139427
0 0.145703 0.00554199 0.291406 0.011084 0.00138283
0 0.584375 0.237549 0.215625 0.258496 0.00130939
0 0.27168 0.346094 0.0734375 0.316406 0.00123024
0 0.348437 0.00400391 0.478906 0.00800781 0.00119209
0 0.224219 0.610547 0.0835937 0.350781 0.00117874
0 0.232812 0.0027832 0.267188 0.00556641 0.00113392
0 0.2 0.818555 0.09375 0.216016 0.00112915
1 0.219141 0.261328 0.117969 0.210938 0.00112438
0 0.295752 0.0027832 0.265527 0.00556641 0.00108147
1 0.196484 0.775195 0.09375 0.312109 0.00107765
0 0.904297 0.00483398 0.191406 0.00966797 0.00107288
0 0.132422 0.275 0.0792969 0.484375 0.00102806
0 0.490234 0.235938 0.385156 0.280469 0.824219
0 0.646094 0.509277 0.389062 0.306445 0.799316
0 0.792969 0.864062 0.364062 0.2625 0.75
0 0.482422 0.770312 0.370313 0.290625 0.558105
0 0.739062 0.287109 0.170312 0.174219 0.247314
1 0.480078 0.773438 0.375 0.303125 0.24585
1 0.739062 0.287109 0.170312 0.174219 0.064209
1 0.791992 0.866406 0.359766 0.267188 0.0598755
0 0.901563 0.542969 0.15 0.254687 0.0596619
1 0.646875 0.511719 0.39375 0.308594 0.0303345
1 0.901563 0.542969 0.15 0.254687 0.023819
1 0.490527 0.237109 0.381445 0.294531 0.0160217
0 0.746094 0.7125 0.14375 0.0953125 0.0103302
0 0.746875 0.237891 0.184375 0.277344 0.0102463
0 0.141626 0.457129 0.180029 0.506055 0.00283432
1 0.18125 0.232812 0.191406 0.446094 0.00220871
0 0.18125 0.232812 0.191406 0.446094 0.00219154
0 0.0890869 0.90625 0.168701 0.071875 0.00186062
1 0.746094 0.7125 0.14375 0.0953125 0.00162315
0 0.0857422 0.75 0.136523 0.223438 0.00138283
1 0.746875 0.237891 0.184375 0.277344 0.0011158
1 0.171484 0.327734 0.19375 0.632812 0.00108147
1 0.141626 0.457129 0.180029 0.506055 0.00103188
0 0.164819 0.336914 0.187549 0.626172 0.00101185
0 0.655859 0.514844 0.392969 0.321094 0.853027
0 0.495313 0.239453 0.392969 0.2875 0.820801
0 0.4875 0.782812 0.371875 0.295312 0.720215
0 0.799805 0.867383 0.375391 0.265234 0.705078
1 0.492285 0.782031 0.381055 0.303125 0.156128
1 0.799805 0.867383 0.375391 0.265234 0.0743408
1 0.655859 0.515723 0.396094 0.320117 0.0344849
1 0.498828 0.239453 0.4 0.288281 0.0301514
0 0.748047 0.279297 0.138281 0.176563 0.00544739
0 0.388184 0.436328 0.16582 0.173438 0.00475693
0 0.983594 0.85332 0.0328125 0.293359 0.00356483
0 0.0808594 0.716406 0.107031 0.335938 0.00328636
0 0.978516 0.832227 0.0429688 0.335547 0.00313568
0 0.546094 0.229297 0.292188 0.275781 0.00291252
0 0.0603027 0.498047 0.0272461 0.274219 0.0024929
0 0.0408691 0.15166 0.0762695 0.30332 0.00209999
0 0.189893 0.491797 0.255371 0.953906 0.00201988
0 0.992188 0.740625 0.015625 0.51875 0.00178909
1 0.983594 0.85332 0.0328125 0.293359 0.0017004
1 0.748047 0.279297 0.138281 0.176563 0.00168133
0 0.910937 0.525781 0.139062 0.270312 0.0015974
1 0.0808594 0.716406 0.107031 0.335938 0.00138855
0 0.084668 0.737891 0.105078 0.207031 0.00124454
1 0.189893 0.491797 0.255371 0.953906 0.00123978
0 0.190625 0.29043 0.0652344 0.330078 0.00121593
1 0.388184 0.436328 0.16582 0.173438 0.0011158
1 0.976562 0.854297 0.046875 0.291406 0.00110722
0 0.0969727 0.571875 0.104492 0.402344 0.00106907
0 0.0367065 0.208984 0.069165 0.417969 0.00104809
0 0.155859 0.528906 0.232031 0.875 0.00100803
0 0.492871 0.236768 0.39082 0.29834 0.779297
0 0.654688 0.512109 0.396875 0.319531 0.75
0 0.501953 0.772266 0.414844 0.310156 0.527344
0 0.8 0.8625 0.376563 0.275 0.481445
1 0.49541 0.772656 0.395117 0.314063 0.341553
1 0.777344 0.863477 0.325 0.273047 0.211426
1 0.656641 0.510156 0.396094 0.321875 0.185913
1 0.491504 0.241357 0.379492 0.298535 0.174927
0 0.754687 0.289648 0.142188 0.187109 0.049408
0 0.9 0.535937 0.15 0.257812 0.0147324
1 0.754687 0.289648 0.142188 0.187109 0.0118713
1 0.9 0.535937 0.15 0.257812 0.00577545
1 0.170312 0.35 0.1875 0.689844 0.00144958
0 0.179736 0.303125 0.11084 0.434375 0.00107288
0 0.49209 0.2375 0.386133 0.28125 0.832031
0 0.654297 0.510938 0.402344 0.322656 0.810059
0 0.802344 0.866406 0.367188 0.267188 0.804199
0 0.487402 0.779492 0.395508 0.300391 0.683594
1 0.486816 0.776758 0.39043 0.305859 0.130005
0 0.903125 0.530469 0.15 0.239063 0.0630493
1 0.799805 0.864453 0.362891 0.271094 0.0525208
1 0.492578 0.236768 0.386719 0.281152 0.0283356
0 0.754297 0.283984 0.150781 0.180469 0.0175781
1 0.651563 0.509766 0.398438 0.322656 0.0145035
1 0.903125 0.530469 0.15 0.239063 0.0119629
0 0.0913818 0.751562 0.116455 0.245312 0.011467
1 0.0913818 0.751562 0.116455 0.245312 0.00634003
1 0.754297 0.283984 0.150781 0.180469 0.00530243
0 0.901563 0.494531 0.165625 0.345313 0.00325966
0 0.380859 0.434766 0.185156 0.199219 0.00213242
0 0.36582 0.584375 0.216016 0.160938 0.0015192
0 0.7875 0.814062 0.401563 0.15625 0.00135612
0 0.14082 0.217969 0.0714844 0.0945313 0.00127411
0 0.0945313 0.669922 0.135547 0.430469 0.00126457
0 0.903125 0.695312 0.18125 0.145313 0.00109482
0 0.651563 0.510059 0.395312 0.311133 0.833008
0 0.493066 0.241797 0.387305 0.284375 0.78125
0 0.801367 0.869531 0.366016 0.260938 0.764648
0 0.483984 0.777344 0.383594 0.298438 0.616211
1 0.483984 0.779492 0.385938 0.303516 0.201782
0 0.897656 0.542188 0.164062 0.253125 0.144165
1 0.493359 0.242529 0.385156 0.286816 0.0565491
1 0.8 0.86875 0.3625 0.2625 0.0440063
0 0.751953 0.288086 0.141406 0.180078 0.0100098
1 0.655078 0.510547 0.389844 0.313281 0.00955963
1 0.897656 0.542188 0.164062 0.253125 0.00701141
0 0.360352 0.434375 0.153516 0.207813 0.00695801
0 0.364258 0.592969 0.226172 0.148438 0.00358009
1 0.782812 0.219922 0.421875 0.371094 0.00305176
0 0.0949219 0.760156 0.133984 0.235938 0.00145531
1 0.751953 0.288086 0.141406 0.180078 0.00120163
0 0.900781 0.507715 0.16875 0.354883 0.00118828
0 0.782812 0.219922 0.421875 0.371094 0.00109005
0 0.653906 0.513672 0.389062 0.324219 0.854004
0 0.494629 0.242969 0.38418 0.2875 0.833496
0 0.801562 0.866406 0.367188 0.264062 0.822266
0 0.48584 0.778125 0.367383 0.304688 0.753418
1 0.483594 0.779688 0.359375 0.307813 0.0476074
0 0.902344 0.534375 0.153125 0.264062 0.0316772
1 0.494531 0.243164 0.38125 0.283984 0.0157166
1 0.653906 0.514746 0.392188 0.320508 0.0115051
0 0.380859 0.438672 0.186719 0.192969 0.00793457
1 0.8 0.867969 0.3625 0.2625 0.00772476
0 0.750781 0.286328 0.142188 0.177344 0.00679779
0 0.296826 0.000427246 0.28916 0.000854492 0.00674438
0 0.147266 0.000463867 0.283594 0.000927734 0.00446701
0 0.24707 0.000537109 0.290234 0.00107422 0.00400543
1 0.902344 0.534375 0.153125 0.264062 0.00331116
0 0.289648 0.000805664 0.208984 0.00161133 0.00299263
0 0.358594 0.599219 0.199219 0.15625 0.00282288
0 0.252344 0.000756836 0.210547 0.00151367 0.00264168
0 0.215039 0.000842285 0.209766 0.00168457 0.00225258
0 0.141602 0.000756836 0.205078 0.00151367 0.00217438
0 0.454004 0.0652344 0.201367 0.120898 0.00216484
1 0.750781 0.286328 0.142188 0.177344 0.00164223
0 0.326953 0.000830078 0.207031 0.00166016 0.00146675
1 0.377246 0.436816 0.175195 0.201367 0.00127411
0 0.347656 0.000561523 0.284375 0.00112305 0.00109863
1 0.296826 0.000427246 0.28916 0.000854492 0.00105286
0 0.650781 0.509375 0.385938 0.320312 0.874023
0 0.493848 0.242627 0.391992 0.286621 0.833984
0 0.485254 0.778125 0.385742 0.301562 0.782227
0 0.802344 0.867188 0.367188 0.2625 0.768555
1 0.8 0.867188 0.367188 0.260938 0.0908813
0 0.896875 0.535937 0.153125 0.259375 0.0564575
1 0.481934 0.777344 0.381445 0.303125 0.0330811
1 0.494922 0.241016 0.388281 0.286719 0.0183411
0 0.0919922 0.758594 0.122656 0.240625 0.0182648
1 0.0919922 0.758594 0.122656 0.240625 0.0136337
1 0.650781 0.508984 0.384375 0.31875 0.00772476
1 0.896875 0.535937 0.153125 0.259375 0.00754929
0 0.747266 0.286328 0.150781 0.175 0.00695801
0 0.895312 0.500879 0.16875 0.337305 0.00638962
0 0.363672 0.595312 0.215625 0.153125 0.00595856
0 0.10293 0.698828 0.154297 0.377344 0.00352478
0 0.933203 0.989062 0.133594 0.021875 0.00206757
1 0.747266 0.286328 0.150781 0.175 0.00181007
0 0.358594 0.432129 0.15 0.201367 0.0012207
0 0.653906 0.513672 0.389062 0.324219 0.854004
0 0.494629 0.242969 0.38418 0.2875 0.833496
0 0.801562 0.866406 0.367188 0.264062 0.822266
0 0.48584 0.778125 0.367383 0.304688 0.753418
1 0.483594 0.779688 0.359375 0.307813 0.0477905
0 0.901563 0.534375 0.153125 0.264062 0.0316772
1 0.494531 0.243164 0.38125 0.283984 0.0157776
1 0.653906 0.514746 0.392188 0.320508 0.0115509
0 0.380859 0.438672 0.186719 0.192969 0.00793457
1 0.8 0.867969 0.3625 0.2625 0.00772476
0 0.750781 0.286328 0.142188 0.177344 0.00679779
0 0.296826 0.000427246 0.28916 0.000854492 0.00671768
0 0.147363 0.000463867 0.283398 0.000927734 0.00445175
0 0.24707 0.000537109 0.290234 0.00107422 0.00397491
1 0.901563 0.534375 0.153125 0.264062 0.00331116
0 0.289844 0.000805664 0.208594 0.00161133 0.00298119
0 0.358594 0.599219 0.199219 0.15625 0.00282288
0 0.252344 0.000756836 0.210547 0.00151367 0.00263214
0 0.215039 0.000842285 0.209766 0.00168457 0.00224304
0 0.454004 0.0652344 0.201367 0.120898 0.00216484
0 0.141602 0.000744629 0.205078 0.00148926 0.00216484
1 0.750781 0.286328 0.142188 0.177344 0.00163555
0 0.326953 0.000830078 0.207031 0.00166016 0.00146103
1 0.377246 0.436816 0.175195 0.201367 0.00127411
0 0.347656 0.000561523 0.284375 0.00112305 0.00109005
1 0.296826 0.000427246 0.28916 0.000854492 0.00104809
