0 0.735156 0.580566 0.435937 0.651367 0.963867
0 0.270898 0.569434 0.458203 0.62832 0.947266
0 0.6375 0.370898 0.195312 0.220703 0.0156708
0 0.886719 0.930469 0.184375 0.071875 0.0140076
1 0.270117 0.5875 0.462891 0.60625 0.0116425
1 0.728906 0.580469 0.429688 0.639063 0.0111618
0 0.93125 0.957031 0.096875 0.0765625 0.00989532
0 0.266406 0.698047 0.454688 0.374219 0.00955963
0 0.370703 0.326562 0.236719 0.176563 0.00651169
0 0.521094 0.842188 0.24375 0.090625 0.00643921
0 0.355469 0.13252 0.109375 0.168555 0.00572968
0 0.93125 0.113867 0.09375 0.0890625 0.00518036
0 0.826367 0.353906 0.209766 0.19375 0.00388527
1 0.886719 0.930469 0.184375 0.071875 0.00242424
0 0.932813 0.159375 0.090625 0.208984 0.0024147
0 0.774609 0.233984 0.0476562 0.111719 0.00220871
0 0.728516 0.700781 0.408594 0.385938 0.00198746
0 0.405078 0.339258 0.189063 0.199609 0.00194931
0 0.583984 0.870313 0.666406 0.25625 0.00189686
1 0.355469 0.13252 0.109375 0.168555 0.00187492
0 0.315234 0.358984 0.247656 0.228125 0.00185299
0 0.910156 0.946094 0.132812 0.107813 0.00185299
0 0.366211 0.115723 0.0957031 0.0955078 0.00176811
0 0.332617 0.124438 0.151953 0.155029 0.00175476
0 0.34375 0.934375 0.138281 0.121875 0.00167465
0 0.923437 0.133008 0.10625 0.162109 0.0016489
1 0.93125 0.957031 0.096875 0.0765625 0.00145531
0 0.443359 0.46709 0.135156 0.261133 0.00142097
0 0.785156 0.359766 0.25 0.207813 0.00139427
0 0.230273 0.364258 0.261328 0.233984 0.00135136
0 0.609375 0.509473 0.209375 0.31543 0.00133038
0 0.902344 0.94375 0.146875 0.090625 0.00131989
0 0.657031 0.729297 0.51875 0.328906 0.00128937
0 0.819531 0.272656 0.154687 0.0476562 0.00112057
0 0.789844 0.273047 0.190625 0.0507812 0.00110722
0 0.58125 0.80625 0.673437 0.334375 0.00109863
1 0.932813 0.159375 0.090625 0.208984 0.00109863
0 0.172461 0.374609 0.208984 0.240625 0.00106907
0 0.741016 0.478906 0.436719 0.460938 0.00104427
0 0.271484 0.562891 0.4625 0.624219 0.94873
0 0.73125 0.577344 0.409375 0.623438 0.938965
0 0.426172 0.170117 0.800781 0.340234 0.704102
0 0.649316 0.170703 0.588867 0.328906 0.36377
0 0.479688 0.910156 0.914062 0.179688 0.148071
0 0.321094 0.9375 0.534375 0.121875 0.108582
0 0.218311 0.169141 0.389941 0.327734 0.0843506
0 0.483984 0.859961 0.900781 0.280078 0.0484009
1 0.445312 0.160645 0.846875 0.321289 0.0480347
0 0.782812 0.163574 0.415625 0.311133 0.0463867
0 0.367188 0.121094 0.0820312 0.11875 0.0448608
0 0.428906 0.935938 0.857813 0.128125 0.0346985
0 0.485156 0.809375 0.885938 0.38125 0.0250854
1 0.479688 0.910156 0.914062 0.179688 0.016922
0 0.874219 0.364453 0.104687 0.114063 0.0110703
0 0.423828 0.329102 0.114844 0.108203 0.00993347
1 0.631348 0.166309 0.635742 0.317383 0.00841522
1 0.344141 0.9375 0.585156 0.125 0.00837708
0 0.975 0.471875 0.05 0.352344 0.00728989
0 0.36543 0.136914 0.0824219 0.164453 0.00717545
0 0.898438 0.424609 0.078125 0.127344 0.00682449
0 0.822656 0.94375 0.204688 0.09375 0.00624084
0 0.528125 0.810742 0.223438 0.187891 0.00582123
0 0.778906 0.945312 0.295312 0.096875 0.00547028
0 0.4375 0.341406 0.1 0.136719 0.00536346
0 0.464063 0.426172 0.0765625 0.122656 0.00526047
0 0.734375 0.462402 0.415625 0.383008 0.00524139
0 0.735937 0.95 0.220313 0.0875 0.0050621
0 0.406348 0.31875 0.143555 0.0835937 0.00482941
0 0.9375 0.9625 0.1 0.065625 0.00466537
0 0.909375 0.488281 0.075 0.129688 0.0045929
0 0.494531 0.211328 0.892187 0.417188 0.00418091
0 0.406641 0.640625 0.182812 0.244531 0.00407028
0 0.448438 0.364648 0.0859375 0.137109 0.00397491
0 0.885938 0.377734 0.0875 0.142969 0.00382423
0 0.268555 0.421191 0.458203 0.326367 0.00378036
0 0.895312 0.402344 0.078125 0.145313 0.00376511
1 0.36543 0.136914 0.0824219 0.164453 0.0037365
1 0.428906 0.935938 0.857813 0.128125 0.00367928
0 0.0862305 0.552344 0.0859375 0.11875 0.00365067
0 0.9125 0.576172 0.06875 0.129688 0.00362206
1 0.735937 0.95 0.220313 0.0875 0.0036068
0 0.857813 0.341016 0.128125 0.0835937 0.00345612
0 0.27168 0.308984 0.182422 0.0546875 0.00329781
0 0.471875 0.476562 0.075 0.132812 0.00323486
0 0.459375 0.402344 0.078125 0.138281 0.0029583
0 0.944531 0.951563 0.110937 0.0875 0.00293541
1 0.483984 0.859961 0.900781 0.280078 0.00291252
1 0.778906 0.945312 0.295312 0.096875 0.00283432
1 0.782812 0.163574 0.415625 0.311133 0.00282288
0 0.261328 0.292969 0.184766 0.0511719 0.00275803
0 0.329688 0.804688 0.53125 0.30625 0.00270462
1 0.213721 0.167676 0.378809 0.32168 0.00259018
0 0.0941406 0.860156 0.169141 0.259375 0.00247192
1 0.822656 0.94375 0.204688 0.09375 0.00246239
0 0.913281 0.551562 0.06875 0.13125 0.00243378
0 0.368359 0.952344 0.0976562 0.0890625 0.00235939
1 0.528125 0.810742 0.223438 0.187891 0.00230598
0 0.911719 0.600781 0.0734375 0.129688 0.00226974
0 0.4375 0.327734 0.0820312 0.124219 0.00221634
0 0.903125 0.450781 0.0875 0.125 0.00208282
0 0.353516 0.940625 0.610156 0.11875 0.00206757
0 0.974609 0.361133 0.0507812 0.493359 0.00204277
0 0.625781 0.419141 0.620313 0.30625 0.00202751
0 0.9125 0.554297 0.075 0.196094 0.00193405
0 0.467969 0.450781 0.0890625 0.126563 0.00185299
0 0.780469 0.231836 0.059375 0.226172 0.00182438
0 0.426953 0.934375 0.207813 0.121875 0.00179577
0 0.678906 0.950781 0.642187 0.0984375 0.00178242
0 0.473437 0.500391 0.0734375 0.130469 0.00175476
0 0.933984 0.81582 0.132031 0.368359 0.00168133
0 0.90625 0.475391 0.090625 0.125781 0.0016613
0 0.466406 0.485938 0.096875 0.115625 0.0016489
0 0.911719 0.513281 0.071875 0.128125 0.00163555
0 0.975 0.558594 0.05 0.420312 0.00157928
0 0.460938 0.638281 0.0765625 0.13125 0.00157356
0 0.294141 0.217578 0.0515625 0.194922 0.00156116
0 0.9 0.416406 0.078125 0.186719 0.00152493
1 0.31875 0.940625 0.538281 0.11875 0.00145531
1 0.276563 0.569922 0.470313 0.635156 0.00141621
0 0.408203 0.291797 0.136719 0.0585938 0.00137806
0 0.715234 0.804688 0.453906 0.220313 0.00129986
0 0.0620117 0.866406 0.122266 0.25625 0.00123024
0 0.286328 0.895312 0.540625 0.203125 0.00123024
0 0.4625 0.406152 0.0765625 0.186133 0.00122547
0 0.246924 0.303711 0.187402 0.0476562 0.0011692
0 0.472656 0.551562 0.0734375 0.139062 0.00115108
0 0.476562 0.479297 0.0765625 0.182031 0.00115108
1 0.732813 0.580859 0.43125 0.630469 0.0011425
0 0.234375 0.220703 0.0828125 0.121094 0.0011158
0 0.270312 0.319336 0.173438 0.0539063 0.00109863
0 0.695312 0.143164 0.192188 0.286328 0.00109863
0 0.273242 0.739062 0.438672 0.353125 0.00109482
0 0.851562 0.358594 0.1375 0.0960938 0.00104809
0 0.466016 0.575 0.0929687 0.13125 0.00103188
0 0.471875 0.730469 0.853125 0.521875 0.00102806
0 0.935938 0.117163 0.09375 0.126221 0.00100803
0 0.280859 0.569531 0.461719 0.635938 0.839355
0 0.730469 0.585938 0.442187 0.65625 0.833008
1 0.734375 0.585938 0.434375 0.634375 0.0968628
1 0.278516 0.569922 0.467969 0.635156 0.0352173
0 0.928906 0.12168 0.090625 0.125781 0.00508118
0 0.9375 0.955469 0.115625 0.0890625 0.00348282
0 0.366406 0.119043 0.0953125 0.12793 0.00281143
1 0.928906 0.12168 0.090625 0.125781 0.00220871
0 0.889453 0.0045166 0.221094 0.0090332 0.00201035
0 0.149805 0.00474854 0.299609 0.00949707 0.00162888
1 0.939062 0.953906 0.1125 0.0921875 0.00135136
1 0.366406 0.119043 0.0953125 0.12793 0.00129986
0 0.834375 0.00478516 0.33125 0.00957031 0.0011425
0 0.942969 0.967969 0.114063 0.0640625 0.00101662
0 0.272656 0.559375 0.45625 0.625 0.902832
0 0.731641 0.576563 0.425781 0.629687 0.895508
0 0.730469 0.440625 0.423438 0.363281 0.0069313
0 0.363281 0.120801 0.084375 0.138867 0.00502014
0 0.271875 0.454785 0.445312 0.406055 0.00403976
1 0.729688 0.579297 0.423438 0.630469 0.00266266
1 0.363281 0.120801 0.084375 0.138867 0.00259018
1 0.271094 0.560156 0.454688 0.626562 0.00138855
0 0.278906 0.567871 0.454688 0.631445 0.899902
0 0.733984 0.57959 0.433594 0.643945 0.853516
1 0.738672 0.580859 0.425781 0.650781 0.123169
1 0.275977 0.568848 0.444922 0.63418 0.0368958
0 0.771094 0.22793 0.0359375 0.198828 0.00239754
0 0.767187 0.218408 0.0453125 0.119434 0.00172043
0 0.521875 0.609375 0.0234375 0.24375 0.00129414
0 0.278711 0.572266 0.451953 0.636719 0.849121
0 0.735937 0.589453 0.428125 0.661719 0.775391
1 0.733203 0.582129 0.428906 0.645117 0.262939
1 0.283594 0.575391 0.446875 0.644531 0.0462952
0 0.770312 0.236328 0.04375 0.0960938 0.00809479
0 0.364844 0.114746 0.0882813 0.105469 0.00619125
0 0.734766 0.689062 0.399219 0.425 0.00246239
0 0.934375 0.956641 0.08125 0.0867188 0.00226974
1 0.734766 0.689062 0.399219 0.425 0.00136662
0 0.934375 0.113184 0.084375 0.111523 0.00129414
1 0.364844 0.114746 0.0882813 0.105469 0.00100422
0 0.277344 0.564062 0.4625 0.628125 0.898926
0 0.734375 0.578906 0.439063 0.640625 0.839355
1 0.735937 0.58125 0.4375 0.63125 0.0358276
0 0.771875 0.235352 0.0484375 0.0738281 0.0342407
1 0.280078 0.568066 0.466406 0.631055 0.00636292
1 0.771875 0.235352 0.0484375 0.0738281 0.00534439
0 0.769531 0.230469 0.0578125 0.100781 0.00511932
0 0.936719 0.958203 0.078125 0.0835937 0.00351143
0 0.935156 0.123804 0.078125 0.114893 0.0030632
0 0.368164 0.115332 0.0824219 0.0980469 0.00288963
0 0.291211 0.230469 0.0503906 0.0640625 0.00243378
0 0.0646973 0.113086 0.121191 0.225 0.00150108
0 0.36875 0.132202 0.0875 0.147705 0.0014782
0 0.0855713 0.551562 0.0780762 0.11875 0.00136662
0 0.287109 0.239258 0.05 0.0714844 0.00114727
0 0.935938 0.128296 0.090625 0.146143 0.00112438
1 0.935938 0.128296 0.090625 0.146143 0.0011034
1 0.769531 0.230469 0.0578125 0.100781 0.00109482
1 0.368164 0.115332 0.0824219 0.0980469 0.00107288
1 0.935156 0.123804 0.078125 0.114893 0.00102425
0 0.279102 0.571875 0.459766 0.645312 0.869141
0 0.733203 0.579687 0.425781 0.6375 0.84082
0 0.767187 0.241406 0.0390625 0.103906 0.00698471
0 0.939062 0.13396 0.0984375 0.139111 0.00502014
0 0.367969 0.127539 0.0859375 0.126172 0.0049057
0 0.770312 0.228906 0.05 0.117188 0.00460815
1 0.733203 0.580859 0.424219 0.639844 0.00335121
0 0.936719 0.960156 0.0921875 0.0765625 0.00258064
0 0.923437 0.157324 0.14375 0.191602 0.00227928
1 0.28125 0.57041 0.461719 0.635742 0.00190449
1 0.939062 0.13396 0.0984375 0.139111 0.00174141
1 0.923437 0.157324 0.14375 0.191602 0.00164223
1 0.767187 0.241406 0.0390625 0.103906 0.00163555
0 0.932031 0.129126 0.0796875 0.115967 0.00108147
0 0.282422 0.565527 0.460938 0.637695 0.916504
0 0.733594 0.575 0.429688 0.648438 0.898438
0 0.0810791 0.55625 0.066748 0.123438 0.00172043
0 0.369531 0.957031 0.0734375 0.0859375 0.00131512
0 0.276367 0.567578 0.447266 0.627344 0.902832
0 0.735156 0.580566 0.425 0.63418 0.883301
1 0.735937 0.583594 0.426562 0.632812 0.0188293
1 0.275 0.569531 0.45625 0.632812 0.0118713
0 0.934375 0.959375 0.0875 0.078125 0.00141048
0 0.282422 0.565527 0.460938 0.637695 0.916504
0 0.733984 0.575098 0.430469 0.648242 0.898438
0 0.0810791 0.55625 0.066748 0.123438 0.00170708
0 0.369531 0.957031 0.0734375 0.0859375 0.00132465
