0 0.492969 0.51875 0.809375 0.853125 0.645996
0 0.496973 0.677734 0.793555 0.555469 0.44751
0 0.88125 0.235156 0.10625 0.149609 0.100891
1 0.503906 0.566016 0.789062 0.767969 0.0958862
0 0.860156 0.9 0.279687 0.190625 0.0831299
0 0.441797 0.723828 0.653906 0.482031 0.0638428
1 0.505078 0.691406 0.780469 0.542188 0.0597534
0 0.389453 0.783594 0.560156 0.370313 0.0529175
1 0.88125 0.235156 0.10625 0.149609 0.0422363
0 0.115332 0.216748 0.184961 0.154785 0.0309143
0 0.911328 0.884375 0.177344 0.140625 0.0233307
0 0.728125 0.124609 0.271875 0.0470703 0.0226288
0 0.100195 0.239844 0.200391 0.209375 0.0197906
0 0.91875 0.723437 0.1625 0.20625 0.0146179
0 0.880469 0.212695 0.1125 0.09375 0.011467
0 0.88125 0.256299 0.120312 0.187402 0.0113297
0 0.759766 0.174219 0.177344 0.163281 0.0102463
0 0.926953 0.700391 0.146094 0.155469 0.0102463
1 0.860156 0.9 0.279687 0.190625 0.0100098
1 0.446484 0.769922 0.660156 0.383594 0.00746155
0 0.490234 0.764063 0.760156 0.376563 0.00651169
0 0.901563 0.270703 0.14375 0.226562 0.00638962
0 0.614844 0.0515137 0.0953125 0.0913086 0.00636292
1 0.115332 0.216748 0.184961 0.154785 0.00559998
0 0.917188 0.858594 0.165625 0.0828125 0.00542831
0 0.771875 0.140332 0.1625 0.0751953 0.00510025
0 0.919531 0.903125 0.160938 0.19375 0.00482941
0 0.9 0.839844 0.196875 0.0765625 0.00479126
0 0.11228 0.17002 0.174268 0.0833984 0.0046463
1 0.913281 0.902344 0.173438 0.178125 0.00452042
1 0.100195 0.239844 0.200391 0.209375 0.00436401
0 0.936719 0.904688 0.126563 0.190625 0.0041008
1 0.728125 0.124609 0.271875 0.0470703 0.00407028
0 0.452344 0.171094 0.203906 0.217187 0.00395966
0 0.957812 0.960156 0.084375 0.0796875 0.00392914
1 0.759766 0.174219 0.177344 0.163281 0.00378036
0 0.909375 0.244922 0.175 0.183594 0.00362206
0 0.186328 0.382422 0.185156 0.244531 0.0036068
0 0.855469 0.897266 0.289062 0.205469 0.00353813
1 0.88125 0.256299 0.120312 0.187402 0.00349617
1 0.898438 0.882812 0.203125 0.14375 0.00349617
0 0.957812 0.9375 0.084375 0.125 0.00321007
0 0.11543 0.189453 0.173047 0.105078 0.00311089
0 0.93125 0.675781 0.1375 0.104687 0.0030632
0 0.416504 0.842969 0.610742 0.271875 0.0028553
0 0.067334 0.783008 0.100488 0.0746094 0.00250244
0 0.0583984 0.557031 0.113672 0.114063 0.0024147
0 0.106738 0.161035 0.194727 0.0494141 0.00237846
1 0.91875 0.723437 0.1625 0.20625 0.00223351
1 0.403516 0.817187 0.586719 0.309375 0.00219917
0 0.0583496 0.507031 0.116699 0.21875 0.00217438
1 0.901563 0.270703 0.14375 0.226562 0.00203514
0 0.925 0.196289 0.15 0.233984 0.00200272
0 0.169531 0.413184 0.160938 0.306445 0.00186729
1 0.388672 0.739062 0.557813 0.467187 0.00185299
0 0.491016 0.169336 0.240625 0.213672 0.00176811
0 0.27832 0.774219 0.349609 0.428125 0.00174809
1 0.909375 0.244922 0.175 0.183594 0.00164223
0 0.539062 0.166309 0.253125 0.207617 0.00164223
1 0.855469 0.897266 0.289062 0.205469 0.00150681
1 0.926953 0.700391 0.146094 0.155469 0.00148392
0 0.916016 0.235107 0.167969 0.223535 0.00144958
0 0.617188 0.0604492 0.09375 0.0587891 0.00137806
1 0.936719 0.904688 0.126563 0.190625 0.00136662
1 0.614062 0.0509277 0.101562 0.0938477 0.0012064
1 0.771875 0.140332 0.1625 0.0751953 0.00116539
0 0.101562 0.245898 0.203125 0.254297 0.00109482
0 0.059082 0.541016 0.118164 0.152344 0.00107765
1 0.503516 0.515625 0.811719 0.884375 0.622559
0 0.501562 0.509375 0.814062 0.884375 0.386719
1 0.55 0.216602 0.701563 0.305078 0.194336
0 0.55 0.216602 0.701563 0.305078 0.187134
0 0.889063 0.202148 0.121875 0.0808594 0.140381
0 0.159473 0.208008 0.0748047 0.108594 0.130737
0 0.885938 0.19668 0.140625 0.0632813 0.083313
0 0.150195 0.202344 0.107031 0.0972656 0.0637207
0 0.744531 0.908594 0.1375 0.176563 0.0566406
1 0.505078 0.653125 0.792969 0.607813 0.0478821
0 0.954687 0.367383 0.06875 0.104297 0.0460205
0 0.0748535 0.456152 0.143652 0.304883 0.0414734
0 0.89375 0.18042 0.134375 0.0610352 0.0413208
0 0.0631836 0.495313 0.126367 0.228125 0.0401001
1 0.884375 0.196094 0.121875 0.0878906 0.0362244
0 0.117383 0.384375 0.222656 0.446875 0.0350647
0 0.923437 0.885938 0.15 0.1375 0.0346069
1 0.161133 0.364844 0.213672 0.453906 0.0325317
0 0.161133 0.364844 0.213672 0.453906 0.0310822
0 0.95625 0.946094 0.075 0.107813 0.0310211
0 0.53916 0.366406 0.72168 0.603125 0.0281677
0 0.901563 0.884375 0.090625 0.132812 0.0274811
0 0.168262 0.425 0.196289 0.322656 0.0258636
0 0.884375 0.205664 0.128125 0.059375 0.0254669
1 0.168262 0.425 0.196289 0.322656 0.0240936
1 0.742188 0.914062 0.135937 0.15625 0.0215302
1 0.117383 0.384375 0.222656 0.446875 0.0215302
0 0.163281 0.19082 0.0730469 0.191406 0.0214539
0 0.896875 0.208789 0.1 0.105859 0.0202484
1 0.53916 0.366406 0.72168 0.603125 0.0198669
1 0.923437 0.885938 0.15 0.1375 0.0192413
1 0.498047 0.835156 0.717969 0.248437 0.0179901
0 0.134961 0.301172 0.151172 0.316406 0.016983
1 0.901563 0.884375 0.090625 0.132812 0.0157776
0 0.166016 0.430859 0.154297 0.230469 0.0151291
1 0.327148 0.950781 0.391016 0.0984375 0.0149536
0 0.95 0.347266 0.08125 0.142188 0.0148392
0 0.758984 0.129883 0.169531 0.0480469 0.0147324
1 0.0748535 0.456152 0.143652 0.304883 0.0141754
0 0.84375 0.541797 0.121875 0.772656 0.0136337
0 0.0799805 0.792188 0.0650391 0.1125 0.0128708
0 0.276563 0.488281 0.0703125 0.109375 0.0126724
0 0.611719 0.0449097 0.10625 0.0779541 0.0123367
1 0.134961 0.301172 0.151172 0.316406 0.0119629
0 0.163867 0.222998 0.0703125 0.129004 0.0119171
0 0.933594 0.909375 0.11875 0.18125 0.0116882
0 0.922656 0.6625 0.126563 0.0640625 0.0115509
0 0.322656 0.960938 0.161719 0.071875 0.0115051
0 0.932813 0.683594 0.126563 0.121875 0.0114212
0 0.75625 0.136523 0.190625 0.0382813 0.0111618
0 0.782031 0.910937 0.06875 0.159375 0.00967407
0 0.878125 0.19917 0.1125 0.0985352 0.00955963
0 0.585938 0.514844 0.0875 0.096875 0.00948334
0 0.327148 0.950781 0.391016 0.0984375 0.00857544
0 0.721094 0.93125 0.090625 0.128125 0.0085144
0 0.505078 0.653125 0.792969 0.607813 0.00834656
0 0.934375 0.107813 0.09375 0.215625 0.00812531
0 0.0658203 0.529688 0.108984 0.152344 0.0078125
1 0.951563 0.361328 0.06875 0.127344 0.00775528
0 0.954687 0.914844 0.084375 0.170312 0.00757599
0 0.317578 0.940625 0.169531 0.046875 0.00743103
0 0.498047 0.835156 0.717969 0.248437 0.00725937
0 0.811719 0.254102 0.110937 0.126172 0.00725937
0 0.025293 0.459375 0.0505859 0.35625 0.00712204
0 0.0297363 0.121289 0.0594727 0.242578 0.0069046
0 0.0767578 0.496875 0.0736328 0.14375 0.00674438
1 0.0631836 0.495313 0.126367 0.228125 0.00658798
1 0.166016 0.430859 0.154297 0.230469 0.00653839
1 0.721094 0.93125 0.090625 0.128125 0.00629044
0 0.0466797 0.91875 0.0933594 0.1625 0.00609589
0 0.898438 0.164258 0.1125 0.135547 0.00609589
0 0.878125 0.217969 0.125 0.0503906 0.00602722
0 0.253125 0.462598 0.127344 0.362305 0.00577545
0 0.871094 0.20293 0.0984375 0.0691406 0.00559998
0 0.800781 0.238086 0.121875 0.144531 0.0055542
1 0.933594 0.909375 0.11875 0.18125 0.00534439
1 0.932813 0.683594 0.126563 0.121875 0.00526047
1 0.95 0.347266 0.08125 0.142188 0.0051384
0 0.940625 0.0935547 0.071875 0.187109 0.0051384
0 0.0777588 0.779883 0.0722168 0.165234 0.0050621
0 0.14668 0.180859 0.119922 0.0589844 0.00479126
0 0.775781 0.903125 0.0671875 0.121875 0.00466537
0 0.907812 0.903125 0.135937 0.190625 0.00466537
0 0.308203 0.376953 0.121875 0.0609375 0.00436401
1 0.782031 0.910937 0.06875 0.159375 0.00432968
1 0.430859 0.828125 0.523438 0.240625 0.00418091
0 0.101196 0.928125 0.0733887 0.134375 0.00400543
0 0.821875 0.279102 0.115625 0.135156 0.00392914
1 0.325586 0.921875 0.410547 0.15625 0.00385475
0 0.864062 0.365625 0.0875 0.134375 0.00385475
1 0.954687 0.914844 0.084375 0.170312 0.00372124
0 0.328906 0.96875 0.136719 0.0625 0.00362206
0 0.0737305 0.557813 0.110742 0.101562 0.00359344
0 0.0814209 0.515625 0.083252 0.16875 0.00351143
0 0.863281 0.546875 0.096875 0.126563 0.00333786
0 0.611328 0.0607422 0.121875 0.0523437 0.00332451
0 0.0521484 0.511719 0.104297 0.203125 0.00332451
0 0.855469 0.0608398 0.0640625 0.12168 0.00328636
0 0.0933838 0.0895508 0.0788574 0.113867 0.00328636
1 0.025293 0.459375 0.0505859 0.35625 0.00327301
1 0.253125 0.462598 0.127344 0.362305 0.00322342
0 0.116602 0.24292 0.175391 0.217285 0.00322342
1 0.0297363 0.121289 0.0594727 0.242578 0.00318527
0 0.0380859 0.470703 0.0761719 0.292969 0.00311089
1 0.910937 0.90625 0.1375 0.18125 0.00309944
0 0.786719 0.238672 0.125 0.117969 0.00299263
0 0.59375 0.509375 0.0929687 0.125781 0.00293541
0 0.269092 0.948438 0.250879 0.103125 0.00290108
1 0.934375 0.107813 0.09375 0.215625 0.00290108
0 0.0834229 0.545313 0.0808105 0.135937 0.00287819
0 0.054895 0.957031 0.0859131 0.0859375 0.00286674
0 0.070459 0.512891 0.0852539 0.200781 0.00281143
0 0.86875 0.38916 0.0875 0.12793 0.00279999
0 0.559375 0.982813 0.135156 0.034375 0.00275803
0 0.834375 0.291797 0.0984375 0.142969 0.00275803
1 0.940625 0.0935547 0.071875 0.187109 0.00266266
0 0.825781 0.623438 0.157813 0.651563 0.00266266
0 0.0324707 0.0740234 0.0611328 0.148047 0.00265312
0 0.362695 0.549609 0.0792969 0.128906 0.00265312
0 0.276172 0.465234 0.075 0.166406 0.00265312
0 0.0958008 0.120605 0.0845703 0.128711 0.00259018
0 0.325586 0.921875 0.410547 0.15625 0.00257111
1 0.0658203 0.529688 0.108984 0.152344 0.00255013
0 0.915625 0.872656 0.140625 0.0953125 0.00255013
0 0.948438 0.381152 0.0625 0.120508 0.00253105
0 0.914844 0.175342 0.157813 0.0594727 0.00250244
0 0.336328 0.228125 0.08125 0.0835937 0.00246239
0 0.0602539 0.561719 0.120508 0.0859375 0.002388
1 0.0466797 0.91875 0.0933594 0.1625 0.00234222
0 0.13291 0.198437 0.145898 0.0675781 0.00232315
1 0.8375 0.578516 0.134375 0.703906 0.00232315
0 0.864844 0.523438 0.0984375 0.11875 0.00229645
0 0.283203 0.473535 0.180469 0.270117 0.00226021
0 0.146484 0.244482 0.114453 0.212598 0.00225258
0 0.914844 0.0916992 0.135937 0.183398 0.00216484
0 0.917969 0.773828 0.06875 0.113281 0.00214958
0 0.0724609 0.467187 0.0742188 0.157813 0.00213242
0 0.947656 0.0571777 0.078125 0.114355 0.00212479
0 0.180664 0.463672 0.194922 0.305469 0.00209999
1 0.252393 0.944531 0.231934 0.107813 0.00209999
0 0.850781 0.325 0.0984375 0.142969 0.00208282
0 0.15791 0.8375 0.0783203 0.1375 0.00206757
0 0.361719 0.527734 0.078125 0.132031 0.00203514
0 0.8875 0.771875 0.084375 0.115625 0.00201988
0 0.108398 0.929688 0.0787109 0.140625 0.00201988
0 0.357422 0.561719 0.0976562 0.135937 0.00201988
0 0.863281 0.576172 0.0796875 0.134375 0.00197983
0 0.163672 0.186719 0.0765625 0.115234 0.0019722
0 0.0619141 0.58125 0.123828 0.0570313 0.00195694
1 0.86875 0.194727 0.0875 0.0941406 0.00194168
0 0.552344 0.66875 0.114844 0.107813 0.00194168
0 0.430859 0.828125 0.523438 0.240625 0.00190449
1 0.948438 0.381152 0.0625 0.120508 0.00187492
0 0.245312 0.714844 0.09375 0.0984375 0.00187492
0 0.0876709 0.172266 0.112549 0.0667969 0.00183868
0 0.0332275 0.917188 0.0664551 0.165625 0.00183868
0 0.860937 0.0704102 0.075 0.14082 0.0018177
0 0.715234 0.945312 0.0882813 0.109375 0.00168705
1 0.180664 0.463672 0.194922 0.305469 0.00168133
0 0.774609 0.927344 0.0726563 0.128125 0.0016613
0 0.162012 0.292773 0.145898 0.307422 0.0016613
1 0.0521484 0.511719 0.104297 0.203125 0.00164223
1 0.889063 0.209033 0.121875 0.118652 0.00164223
0 0.7875 0.557031 0.232812 0.740625 0.00162888
1 0.0380859 0.470703 0.0761719 0.292969 0.00162315
0 0.953125 0.914062 0.065625 0.142188 0.00161076
0 0.773438 0.230664 0.132812 0.0957031 0.00161076
0 0.0436523 0.754687 0.0873047 0.1 0.00161076
0 0.24043 0.953125 0.20625 0.09375 0.0015974
0 0.858594 0.340234 0.084375 0.148438 0.0015974
0 0.0958008 0.102124 0.0884766 0.0867676 0.00158501
0 0.337695 0.316211 0.114453 0.0921875 0.00157356
0 0.301758 0.928125 0.150391 0.05 0.00156116
0 0.0274902 0.524219 0.0549805 0.167187 0.00156116
0 0.774805 0.890625 0.0722656 0.18125 0.00155449
0 0.892187 0.903125 0.090625 0.114063 0.00153637
0 0.078125 0.155469 0.128906 0.0546875 0.00153065
1 0.0933838 0.0895508 0.0788574 0.113867 0.00152493
0 0.27832 0.491797 0.0828125 0.138281 0.00152493
0 0.951563 0.873438 0.096875 0.103125 0.0015192
0 0.0278809 0.165039 0.0557617 0.330078 0.00151253
1 0.0324707 0.0740234 0.0611328 0.148047 0.00148964
0 0.955469 0.347656 0.065625 0.120312 0.00143814
0 0.209961 0.84375 0.174609 0.135937 0.00143242
0 0.177002 0.421777 0.0944336 0.118945 0.00143242
1 0.15791 0.8375 0.0783203 0.1375 0.0014267
0 0.915625 0.84375 0.159375 0.0546875 0.00141048
0 0.871094 0.514453 0.0765625 0.135937 0.00139904
0 0.0890625 0.167383 0.153125 0.0542969 0.00139427
0 0.764063 0.121875 0.170312 0.0519531 0.00137806
0 0.563281 0.975781 0.1125 0.0484375 0.00137806
0 0.957812 0.932031 0.065625 0.135937 0.00134563
0 0.871875 0.474219 0.0859375 0.132031 0.00134563
0 0.667969 0.115723 0.146875 0.0529297 0.00129414
0 0.942969 0.125293 0.0671875 0.118164 0.00128937
0 0.841406 0.309766 0.109375 0.152344 0.00127411
1 0.070459 0.512891 0.0852539 0.200781 0.00126457
1 0.162012 0.292773 0.145898 0.307422 0.00124931
1 0.235547 0.861719 0.245312 0.270312 0.00123024
0 0.214258 0.867188 0.116797 0.05625 0.00123024
0 0.323047 0.978125 0.128125 0.04375 0.00122547
1 0.748047 0.8875 0.128906 0.221875 0.00122547
0 0.889844 0.751562 0.1125 0.0578125 0.00121593
1 0.260547 0.891406 0.269531 0.2125 0.00117874
0 0.589453 0.530469 0.101562 0.109375 0.00117397
0 0.310547 0.957812 0.121094 0.084375 0.0011425
1 0.379687 0.686719 0.534375 0.510938 0.00113392
0 0.800781 0.214648 0.0890625 0.164844 0.00112438
0 0.792188 0.768359 0.1125 0.114844 0.0011158
0 0.875 0.786719 0.0703125 0.148438 0.00111198
0 0.896875 0.803125 0.1 0.0953125 0.00111198
0 0.875 0.225391 0.1375 0.0382813 0.00110722
0 0.875781 0.874219 0.09375 0.140625 0.00109005
1 0.8875 0.771875 0.084375 0.115625 0.00108624
0 0.0767822 0.482812 0.082373 0.203125 0.00107288
1 0.283203 0.473535 0.180469 0.270117 0.00106907
0 0.955859 0.957422 0.0882813 0.0851562 0.00106525
0 0.336133 0.297266 0.116797 0.0921875 0.00106525
0 0.10127 0.380859 0.202539 0.455469 0.00104046
0 0.0547363 0.755469 0.109473 0.11875 0.00103188
1 0.492969 0.513672 0.8125 0.871094 0.868164
0 0.628906 0.0476562 0.140625 0.0894531 0.0185852
1 0.628906 0.0476562 0.140625 0.0894531 0.00701141
0 0.603125 0.981641 0.149219 0.0367187 0.00598145
0 0.63125 0.992188 0.232812 0.015625 0.00338936
0 0.49834 0.520312 0.78457 0.89375 0.00337601
0 0.742578 0.925 0.147656 0.15 0.0028553
0 0.673437 0.0503418 0.176563 0.096582 0.00245285
0 0.214502 0.829492 0.203027 0.341016 0.00230598
0 0.909375 0.00395508 0.18125 0.00791016 0.00223351
0 0.226758 0.887305 0.202734 0.225391 0.0020752
0 0.145996 0.00458984 0.291992 0.00917969 0.0015192
1 0.214502 0.829492 0.203027 0.341016 0.00151253
0 0.648047 0.980469 0.180469 0.0390625 0.00141048
0 0.75 0.00378418 0.403125 0.00756836 0.00136185
1 0.603125 0.981641 0.149219 0.0367187 0.00130939
0 0.592969 0.982422 0.303125 0.0351562 0.00122547
1 0.63125 0.992188 0.232812 0.015625 0.00122547
1 0.673437 0.0503418 0.176563 0.096582 0.0012064
0 0.761328 0.911719 0.111719 0.176563 0.0011158
0 0.678906 0.992188 0.251563 0.015625 0.0011158
1 0.741016 0.915625 0.147656 0.16875 0.00104427
1 0.496875 0.507031 0.784375 0.875 0.874512
0 0.507812 0.488281 0.773438 0.839063 0.093689
0 0.878906 0.202393 0.104687 0.0936523 0.0184784
0 0.198389 0.6125 0.192285 0.24375 0.0130234
0 0.0624512 0.542188 0.124902 0.140625 0.00784302
1 0.198389 0.6125 0.192285 0.24375 0.00737381
0 0.17793 0.595312 0.152344 0.295312 0.00717545
1 0.878906 0.202393 0.104687 0.0936523 0.00626373
1 0.0597656 0.534766 0.119531 0.160938 0.00547028
0 0.88125 0.21543 0.115625 0.122656 0.00405502
1 0.17793 0.595312 0.152344 0.295312 0.00397491
0 0.530469 0.975781 0.176563 0.0484375 0.00300407
0 0.260547 0.914062 0.247656 0.165625 0.00284576
0 0.60625 0.0386719 0.101562 0.0773437 0.0024929
0 0.073584 0.481934 0.0899414 0.254883 0.00230598
0 0.889844 0.199219 0.08125 0.0808594 0.00209999
0 0.491406 0.977734 0.226562 0.0445312 0.00171375
1 0.88125 0.21543 0.115625 0.122656 0.00167465
1 0.073584 0.481934 0.0899414 0.254883 0.00139904
0 0.0547852 0.501562 0.10957 0.232812 0.00137234
1 0.496191 0.508203 0.795117 0.896094 0.736328
0 0.485938 0.498828 0.83125 0.857031 0.226074
0 0.0986328 0.228516 0.197266 0.185547 0.100891
0 0.0304688 0.145898 0.059668 0.291797 0.0224609
1 0.0986328 0.228516 0.197266 0.185547 0.0193024
0 0.139038 0.0869141 0.173486 0.143555 0.0166626
0 0.157227 0.0759766 0.138281 0.143555 0.0103683
0 0.0269531 0.170898 0.0539063 0.341797 0.00800323
1 0.0304688 0.145898 0.059668 0.291797 0.00723267
0 0.0719238 0.453027 0.0776367 0.429883 0.00671768
0 0.13125 0.467187 0.0917969 0.344531 0.0055542
0 0.91875 0.0734375 0.1625 0.14375 0.0050621
0 0.15625 0.431348 0.132812 0.24668 0.00455475
0 0.909375 0.898438 0.171875 0.175 0.00443268
0 0.745313 0.911719 0.135937 0.15625 0.00351143
1 0.0269531 0.170898 0.0539063 0.341797 0.00298119
0 0.117383 0.468066 0.08125 0.395117 0.0029583
0 0.353516 0.95 0.488281 0.090625 0.00283432
0 0.879687 0.205664 0.110937 0.0914062 0.00277901
0 0.0583008 0.542969 0.116602 0.128125 0.0026207
1 0.070166 0.445312 0.0772461 0.429688 0.00234222
0 0.717969 0.946875 0.0953125 0.1 0.00233269
1 0.139038 0.0869141 0.173486 0.143555 0.00232315
1 0.157227 0.0759766 0.138281 0.143555 0.0020752
1 0.0993896 0.441406 0.190283 0.334375 0.00187492
0 0.0622559 0.44834 0.105762 0.304883 0.00186729
1 0.13125 0.467187 0.0917969 0.344531 0.00186729
1 0.15625 0.431348 0.132812 0.24668 0.00186729
0 0.0577148 0.507812 0.11543 0.1875 0.00183868
0 0.0955078 0.440723 0.107031 0.373242 0.00182438
0 0.103906 0.323242 0.205469 0.380078 0.00179577
1 0.0622559 0.44834 0.105762 0.304883 0.00170708
1 0.130859 0.424121 0.239063 0.358008 0.0016613
1 0.117383 0.468066 0.08125 0.395117 0.00164223
1 0.0577148 0.507812 0.11543 0.1875 0.00157928
0 0.934375 0.68125 0.129688 0.125 0.00153637
0 0.130859 0.424121 0.239063 0.358008 0.00146103
0 0.0993896 0.441406 0.190283 0.334375 0.00141048
1 0.91875 0.0734375 0.1625 0.14375 0.00136185
0 0.0789063 0.412109 0.0894531 0.307031 0.00126457
0 0.926562 0.886719 0.142188 0.14375 0.00121593
1 0.103906 0.323242 0.205469 0.380078 0.00121593
1 0.909375 0.898438 0.171875 0.175 0.00120163
1 0.745313 0.911719 0.135937 0.15625 0.00118828
1 0.0591797 0.5375 0.113672 0.134375 0.00118828
0 0.0405273 0.4375 0.0767578 0.450781 0.00111198
1 0.494531 0.507031 0.814062 0.882812 0.890137
0 0.495313 0.510156 0.80625 0.885938 0.10614
0 0.882031 0.208203 0.120312 0.0984375 0.0344849
0 0.735937 0.126367 0.115625 0.0445312 0.0119629
0 0.892187 0.193945 0.15625 0.0835937 0.0064888
0 0.751172 0.125 0.161719 0.046875 0.0042305
1 0.882812 0.209375 0.121875 0.100781 0.00340271
0 0.6125 0.0466797 0.109375 0.0933594 0.00213242
1 0.508594 0.521875 0.832812 0.896875 0.905762
0 0.503906 0.521875 0.820312 0.909375 0.0397034
0 0.842188 0.830469 0.09375 0.06875 0.00201988
1 0.509375 0.510156 0.81875 0.889063 0.86084
0 0.498828 0.512109 0.816406 0.891406 0.0445862
0 0.879687 0.199658 0.115625 0.0874023 0.00388527
0 0.911719 0.0857422 0.176563 0.171484 0.00178909
1 0.879687 0.199658 0.115625 0.0874023 0.00123024
0 0.290234 0.94375 0.300781 0.1125 0.00119686
1 0.508984 0.509766 0.782031 0.889844 0.906738
0 0.512402 0.513281 0.770508 0.898438 0.101929
0 0.610156 0.0484863 0.090625 0.0926758 0.00234985
0 0.247656 0.920313 0.209766 0.159375 0.00153065
0 0.924219 0.712891 0.145313 0.180469 0.00116062
1 0.505078 0.510156 0.789844 0.873438 0.850586
0 0.510254 0.509375 0.78418 0.884375 0.0858765
0 0.610156 0.988281 0.217187 0.0234375 0.00380898
0 0.880469 0.195117 0.110937 0.0734375 0.00203514
0 0.673828 0.364258 0.458594 0.601172 0.0016613
0 0.6 0.982031 0.184375 0.0359375 0.00110722
0 0.250977 0.907031 0.223047 0.184375 0.00102806
0 0.274023 0.935938 0.281641 0.128125 0.00102043
1 0.508984 0.509766 0.782031 0.889844 0.906738
0 0.512402 0.513281 0.770508 0.898438 0.10144
0 0.610156 0.0485352 0.090625 0.0927734 0.00234985
0 0.247656 0.920313 0.209766 0.159375 0.00153637
0 0.924219 0.712891 0.145313 0.180469 0.00115585
