0 0.248242 0.710156 0.263672 0.403125 0.800293
0 0.514844 0.664062 0.271875 0.4125 0.78418
0 0.34375 0.427246 0.192969 0.226758 0.757812
0 0.839063 0.34375 0.223438 0.2 0.651367
0 0.76875 0.873438 0.457812 0.225 0.587891
0 0.662109 0.87207 0.675781 0.230859 0.556641
0 0.136719 0.469141 0.216406 0.227344 0.517578
0 0.513281 0.228467 0.271875 0.249316 0.489258
0 0.811719 0.571875 0.376563 0.289062 0.477539
0 0.829687 0.150488 0.210938 0.226758 0.439697
0 0.630078 0.91875 0.739844 0.13125 0.286133
1 0.811719 0.571875 0.376563 0.289062 0.220703
0 0.616797 0.363672 0.216406 0.136719 0.136108
1 0.84082 0.344141 0.224609 0.2 0.130737
0 0.962891 0.202783 0.0742188 0.26084 0.107788
1 0.510938 0.229102 0.276563 0.245312 0.0997925
1 0.343359 0.432129 0.19375 0.248242 0.0997925
0 0.594531 0.386328 0.2375 0.121875 0.0883179
0 0.640625 0.360156 0.171875 0.110937 0.0853882
1 0.630078 0.91875 0.739844 0.13125 0.0844727
0 0.53125 0.926562 0.451562 0.125 0.0822754
0 0.95625 0.209375 0.0875 0.295312 0.0820923
1 0.594141 0.878125 0.811719 0.2125 0.0747681
0 0.665625 0.361719 0.11875 0.125 0.0742188
1 0.513672 0.660547 0.271094 0.399219 0.0674438
0 0.559375 0.39834 0.170312 0.131445 0.0665894
0 0.627344 0.0845459 0.239063 0.123486 0.0637207
0 0.592871 0.932813 0.720508 0.134375 0.0568542
0 0.583594 0.372266 0.198437 0.05625 0.0568542
0 0.964844 0.178613 0.0703125 0.357227 0.0562439
1 0.822656 0.153418 0.192188 0.229102 0.0522461
0 0.575 0.391309 0.192188 0.0955078 0.0490417
0 0.9625 0.160254 0.075 0.16543 0.0483093
0 0.239502 0.616797 0.23584 0.205469 0.044342
1 0.9625 0.186914 0.075 0.234766 0.0409851
1 0.245654 0.710547 0.266504 0.385156 0.0409851
0 0.928125 0.571094 0.14375 0.240625 0.0408325
0 0.519531 0.573438 0.229687 0.21875 0.0393372
0 0.584766 0.375 0.264844 0.05625 0.035675
0 0.156836 0.211279 0.313672 0.281348 0.03302
0 0.960156 0.130664 0.0796875 0.103906 0.0328369
1 0.964844 0.178613 0.0703125 0.357227 0.0303802
1 0.627344 0.0845459 0.239063 0.123486 0.0283813
1 0.140723 0.4625 0.203711 0.201562 0.0269623
0 0.576563 0.413281 0.20625 0.14375 0.0253296
1 0.76875 0.873438 0.457812 0.225 0.0251312
1 0.592871 0.932813 0.720508 0.134375 0.0250854
1 0.616797 0.363672 0.216406 0.136719 0.0240479
1 0.665625 0.361719 0.11875 0.125 0.021286
1 0.640625 0.360156 0.171875 0.110937 0.0205231
1 0.53125 0.926562 0.451562 0.125 0.0200195
1 0.6 0.370313 0.253125 0.0929687 0.0196381
0 0.114819 0.48291 0.161768 0.251367 0.0185089
0 0.689844 0.340625 0.103906 0.176563 0.0181274
0 0.775781 0.412402 0.0921875 0.0876953 0.0173798
1 0.95625 0.209375 0.0875 0.295312 0.014389
0 0.951563 0.395703 0.096875 0.0835937 0.0139008
0 0.137207 0.393359 0.20332 0.0773437 0.0122375
0 0.227539 0.94375 0.228516 0.084375 0.0118256
0 0.0929687 0.86582 0.185937 0.224609 0.0105667
1 0.589063 0.373633 0.20625 0.0574219 0.00989532
1 0.928125 0.571094 0.14375 0.240625 0.0088501
0 0.696875 0.315625 0.084375 0.173438 0.00720596
0 0.105273 0.219873 0.210547 0.271973 0.00712204
0 0.969922 0.220313 0.0601562 0.308203 0.00698471
0 0.21958 0.946875 0.289746 0.10625 0.00695801
1 0.575 0.391309 0.192188 0.0955078 0.00651169
0 0.948828 0.117578 0.102344 0.0925781 0.00619125
0 0.539844 0.217773 0.207813 0.219531 0.00614548
0 0.129688 0.854492 0.251563 0.266016 0.00614548
0 0.860742 0.567969 0.278516 0.275 0.00614548
0 0.137109 0.421875 0.2 0.132812 0.00609589
0 0.590625 0.891406 0.81875 0.217187 0.00602722
0 0.510938 0.480469 0.223438 0.0476562 0.00568771
0 0.957812 0.174951 0.084375 0.222754 0.0055542
1 0.156836 0.211279 0.313672 0.281348 0.00540543
1 0.961719 0.15498 0.0765625 0.158008 0.0051384
1 0.969922 0.220313 0.0601562 0.308203 0.00496292
0 0.228711 0.203906 0.314453 0.278906 0.00486755
0 0.519531 0.488281 0.202344 0.0640625 0.00477219
0 0.346289 0.402344 0.175391 0.171875 0.00477219
0 0.221484 0.544531 0.273438 0.0484375 0.0045929
1 0.559375 0.39834 0.170312 0.131445 0.00432968
0 0.539844 0.471094 0.1625 0.046875 0.00426483
0 0.845508 0.474609 0.243359 0.488281 0.00348282
0 0.829492 0.862305 0.341016 0.241016 0.00348282
1 0.227539 0.94375 0.228516 0.084375 0.00335121
0 0.6125 0.375391 0.23125 0.0960938 0.00332451
1 0.21958 0.946875 0.289746 0.10625 0.00331116
1 0.689844 0.340625 0.103906 0.176563 0.00324821
0 0.469141 0.929297 0.753906 0.141406 0.00312424
0 0.169336 0.885938 0.319141 0.203125 0.00309944
0 0.513281 0.544531 0.2375 0.159375 0.00302696
1 0.576563 0.413281 0.20625 0.14375 0.00300407
0 0.305908 0.199609 0.280371 0.255859 0.00300407
0 0.182617 0.221436 0.235547 0.261035 0.0029583
0 0.550781 0.415723 0.139062 0.129492 0.0028553
1 0.590625 0.891406 0.81875 0.217187 0.00275803
0 0.475391 0.135352 0.250781 0.0679687 0.00273705
0 0.139233 0.374023 0.191064 0.0503906 0.0027256
0 0.673437 0.391406 0.117188 0.0695312 0.00268364
0 0.21582 0.639453 0.192578 0.239844 0.00263214
1 0.775781 0.412402 0.0921875 0.0876953 0.00260162
0 0.645703 0.829687 0.238281 0.10625 0.00252151
0 0.250977 0.194727 0.430859 0.292578 0.00237846
0 0.679688 0.321094 0.0953125 0.184375 0.00231361
1 0.114819 0.48291 0.161768 0.251367 0.00229645
0 0.837695 0.231445 0.227734 0.422266 0.00228691
0 0.828906 0.0737305 0.179688 0.0908203 0.00225258
0 0.276172 0.947656 0.352344 0.0890625 0.00214958
1 0.954687 0.125977 0.090625 0.0992187 0.00213242
0 0.314063 0.422754 0.13125 0.226367 0.00211525
1 0.860742 0.567969 0.278516 0.275 0.00208282
0 0.151172 0.825781 0.302344 0.325 0.0020752
0 0.325391 0.187109 0.402344 0.273438 0.00196457
0 0.467187 0.215234 0.35625 0.253516 0.00195694
0 0.177783 0.413672 0.130371 0.0929687 0.00194168
0 0.223389 0.942187 0.33916 0.0828125 0.00186729
0 0.703906 0.281641 0.0898438 0.0960938 0.00181007
0 0.716016 0.267188 0.117969 0.071875 0.00179577
0 0.601562 0.376953 0.11875 0.0742188 0.00175476
0 0.625391 0.0677734 0.253906 0.0804688 0.00174809
1 0.951563 0.395703 0.096875 0.0835937 0.0017271
0 0.666797 0.383594 0.125781 0.09375 0.00164223
0 0.190039 0.428516 0.115234 0.0992187 0.00162315
1 0.696875 0.315625 0.084375 0.173438 0.0015974
0 0.694141 0.823438 0.203906 0.107813 0.00156689
0 0.839844 0.266211 0.215625 0.0488281 0.00152493
1 0.0929687 0.86582 0.185937 0.224609 0.00148964
0 0.696094 0.336133 0.0984375 0.0871094 0.00145531
0 0.580859 0.357031 0.157813 0.0679687 0.00136185
1 0.469141 0.929297 0.753906 0.141406 0.00136185
0 0.498047 0.198633 0.232031 0.176172 0.00133038
1 0.957031 0.156738 0.0859375 0.197461 0.00131512
0 0.864062 0.152344 0.142188 0.233594 0.00128937
0 0.400098 0.198779 0.360742 0.246973 0.00126934
0 0.149121 0.453906 0.179883 0.179688 0.0012598
0 0.487891 0.125195 0.213281 0.0601562 0.0012598
1 0.845508 0.474609 0.243359 0.488281 0.00125504
0 0.870313 0.846875 0.25 0.096875 0.00125504
0 0.251172 0.585938 0.235938 0.128125 0.0012064
0 0.443359 0.882812 0.241406 0.117188 0.00118828
0 0.940625 0.541406 0.11875 0.323438 0.00118351
0 0.792969 0.536719 0.192188 0.201562 0.00116062
0 0.865625 0.884375 0.259375 0.0796875 0.00113392
0 0.496875 0.926562 0.307813 0.11875 0.00112915
0 0.454688 0.8875 0.292969 0.075 0.00109482
0 0.554688 0.928906 0.330469 0.11875 0.00107288
0 0.150391 0.413672 0.169531 0.101562 0.00106525
0 0.946094 0.505469 0.107813 0.0890625 0.00102425
0 0.936719 0.390234 0.126563 0.0867188 0.00100803
0 0.245703 0.705078 0.270312 0.385156 0.949219
0 0.341797 0.428906 0.197656 0.207031 0.892578
0 0.829883 0.146289 0.221484 0.219922 0.891602
0 0.142578 0.492578 0.204688 0.252344 0.816895
0 0.851367 0.346875 0.216016 0.198437 0.796875
0 0.517969 0.692578 0.265625 0.311719 0.680176
0 0.770312 0.406152 0.08125 0.0861328 0.567871
0 0.255273 0.913281 0.500391 0.173438 0.363037
0 0.190039 0.416406 0.101172 0.110156 0.305664
0 0.291602 0.946484 0.566797 0.107031 0.256104
0 0.684375 0.363867 0.148438 0.126953 0.228149
0 0.689062 0.686719 0.621875 0.307813 0.115173
0 0.529688 0.635938 0.289062 0.346875 0.0996704
0 0.312109 0.575781 0.113281 0.08125 0.0963745
0 0.129492 0.897656 0.255078 0.204688 0.0953369
0 0.688672 0.60625 0.622656 0.300781 0.0843506
0 0.70625 0.270703 0.104687 0.0664062 0.0797729
0 0.774219 0.414746 0.0796875 0.11582 0.0792236
0 0.319922 0.577344 0.10625 0.10625 0.0778198
1 0.684375 0.363867 0.148438 0.126953 0.0703125
0 0.149805 0.450098 0.203516 0.173242 0.0643921
0 0.228516 0.285742 0.157031 0.158203 0.0610962
0 0.442969 0.935156 0.885938 0.129688 0.0555115
0 0.898438 0.302734 0.10625 0.100781 0.0495911
0 0.694141 0.35 0.136719 0.107813 0.0465393
0 0.18125 0.403516 0.119922 0.0796875 0.041626
0 0.721875 0.264453 0.115625 0.0648438 0.0409851
0 0.601953 0.373437 0.0992187 0.071875 0.0402527
0 0.0977539 0.888281 0.184961 0.223438 0.0392761
0 0.532031 0.750781 0.3 0.221875 0.0387573
0 0.221484 0.178076 0.189063 0.336035 0.0374756
0 0.880469 0.289844 0.142188 0.075 0.0363464
0 0.687891 0.547656 0.624219 0.254687 0.0354004
0 0.197217 0.28418 0.173535 0.169922 0.0350037
1 0.828125 0.148242 0.215625 0.222656 0.0343628
1 0.255273 0.913281 0.500391 0.173438 0.0333862
1 0.291602 0.946484 0.566797 0.107031 0.0312042
0 0.702344 0.262109 0.09375 0.0875 0.0287018
1 0.442969 0.935156 0.885938 0.129688 0.0278473
0 0.596484 0.379297 0.152344 0.0507812 0.0274811
1 0.768359 0.408691 0.0882813 0.0810547 0.0270081
0 0.544531 0.0655762 0.114063 0.0586914 0.0269623
0 0.262109 0.162695 0.311719 0.325391 0.0269165
0 0.6 0.378125 0.107813 0.0515625 0.0258636
0 0.573047 0.387598 0.115625 0.0888672 0.0256653
0 0.370313 0.371875 0.122656 0.0953125 0.0248871
1 0.846875 0.349219 0.225 0.199219 0.0237732
0 0.574121 0.750391 0.498633 0.241406 0.0232391
1 0.771484 0.419922 0.0914062 0.113281 0.022583
1 0.146191 0.476562 0.204102 0.214844 0.0219116
1 0.262109 0.162695 0.311719 0.325391 0.0217438
1 0.601953 0.373437 0.0992187 0.071875 0.0212402
0 0.330859 0.633594 0.096875 0.125 0.0204163
0 0.685547 0.84082 0.628906 0.152734 0.0200958
1 0.711719 0.264453 0.0976562 0.0796875 0.0189362
0 0.124609 0.311523 0.0738281 0.123047 0.0187683
1 0.721875 0.264453 0.115625 0.0648438 0.0179901
1 0.694141 0.35 0.136719 0.107813 0.0176392
1 0.342773 0.424902 0.194922 0.212695 0.0173035
0 0.859375 0.0918945 0.115625 0.0984375 0.0172424
1 0.688672 0.678125 0.622656 0.295312 0.0162811
0 0.105273 0.403906 0.157031 0.0484375 0.0160217
0 0.871875 0.0954102 0.090625 0.118359 0.0160217
0 0.697266 0.491406 0.605469 0.229687 0.0151291
0 0.622754 0.361719 0.613867 0.125781 0.0149536
0 0.695312 0.752344 0.609375 0.271875 0.014389
0 0.587891 0.583203 0.402344 0.250781 0.0142822
0 0.842969 0.0728516 0.148438 0.0654297 0.0139542
1 0.573047 0.387598 0.115625 0.0888672 0.0139542
0 0.315234 0.159375 0.478906 0.31875 0.0136337
0 0.228955 0.553906 0.140527 0.0515625 0.0136337
0 0.0814453 0.742969 0.139258 0.1 0.0134277
1 0.517187 0.721875 0.267188 0.257812 0.012825
0 0.771094 0.439063 0.0890625 0.144531 0.0122375
1 0.315234 0.159375 0.478906 0.31875 0.0120087
0 0.307813 0.5625 0.123438 0.0734375 0.0115509
0 0.298438 0.555469 0.134375 0.05625 0.0115051
0 0.098999 0.407422 0.127783 0.0585938 0.0113297
0 0.104687 0.393359 0.15625 0.0523437 0.0110703
0 0.326562 0.6125 0.1 0.120312 0.0109024
0 0.183984 0.444434 0.122656 0.168945 0.0103302
0 0.88125 0.26875 0.1375 0.0585938 0.0102921
1 0.688672 0.60625 0.622656 0.300781 0.01017
0 0.382422 0.371875 0.0929687 0.109375 0.0100098
0 0.960938 0.145508 0.078125 0.133984 0.0100098
0 0.126758 0.281836 0.148047 0.219141 0.00959778
0 0.635156 0.408984 0.623438 0.161719 0.00912476
0 0.13125 0.213232 0.159375 0.300879 0.00881195
0 0.974219 0.162207 0.0515625 0.192773 0.00878143
0 0.625391 0.389746 0.749219 0.131445 0.0086441
0 0.838867 0.25625 0.225391 0.392188 0.00841522
0 0.654297 0.884375 0.691406 0.23125 0.00841522
1 0.960938 0.145508 0.078125 0.133984 0.00815582
0 0.183789 0.41875 0.116016 0.0851562 0.00812531
0 0.972266 0.214258 0.0554687 0.226172 0.0078125
0 0.153809 0.172852 0.222852 0.335547 0.00772476
0 0.890625 0.264844 0.11875 0.0925781 0.00751877
0 0.625781 0.374219 0.157813 0.0703125 0.00751877
0 0.0637695 0.65625 0.120898 0.184375 0.00737381
1 0.221484 0.178076 0.189063 0.336035 0.00725937
0 0.965625 0.165039 0.06875 0.173438 0.00709534
1 0.685547 0.84082 0.628906 0.152734 0.00709534
0 0.907812 0.304102 0.08125 0.118359 0.00695801
0 0.467969 0.150391 0.153125 0.0410156 0.00695801
0 0.819531 0.388672 0.0828125 0.203125 0.00664139
0 0.369727 0.348242 0.129297 0.0683594 0.00661469
0 0.195752 0.434375 0.0952148 0.142188 0.00651169
0 0.972656 0.347266 0.0546875 0.201562 0.00651169
1 0.0814453 0.742969 0.139258 0.1 0.00634003
0 0.339063 0.0516602 0.1125 0.10332 0.00614548
0 0.541406 0.0740723 0.121875 0.0545898 0.00600433
1 0.965625 0.165039 0.06875 0.173438 0.00595856
0 0.971094 0.113574 0.0578125 0.168945 0.00593567
0 0.839844 0.0560547 0.164062 0.0521484 0.005867
1 0.520312 0.651953 0.267188 0.372656 0.00575256
0 0.570312 0.375879 0.122656 0.0529297 0.00568771
1 0.195117 0.15957 0.260156 0.315234 0.00566483
0 0.973437 0.286768 0.053125 0.259277 0.00566483
0 0.954297 0.115039 0.0914062 0.0582031 0.0055542
0 0.09646 0.289062 0.137939 0.232812 0.00526047
0 0.896094 0.206299 0.0796875 0.0936523 0.00524139
0 0.596875 0.371094 0.139062 0.0546875 0.00521851
0 0.343164 0.04823 0.147266 0.0808838 0.00519943
0 0.225342 0.5625 0.146191 0.05 0.0051384
0 0.75625 0.427344 0.065625 0.127344 0.00510025
0 0.620313 0.38125 0.159375 0.0492188 0.00510025
1 0.246289 0.697656 0.265234 0.360938 0.00508118
0 0.602344 0.389453 0.11875 0.0429688 0.00502014
0 0.122168 0.325977 0.0783203 0.0871094 0.00494385
1 0.625781 0.374219 0.157813 0.0703125 0.00484848
1 0.687891 0.547656 0.624219 0.254687 0.00482941
0 0.313672 0.956641 0.624219 0.0867188 0.00481033
0 0.699219 0.286328 0.146875 0.0375 0.00479126
0 0.713281 0.0712891 0.126563 0.0671875 0.00460815
0 0.469531 0.141602 0.135937 0.0484375 0.00455475
1 0.559375 0.39375 0.101562 0.111719 0.00453949
0 0.367188 0.946875 0.734375 0.10625 0.00450516
0 0.559375 0.39375 0.101562 0.111719 0.00450516
0 0.464063 0.206299 0.104687 0.0967773 0.00443268
1 0.153809 0.172852 0.222852 0.335547 0.00443268
0 0.592188 0.391016 0.171094 0.0414063 0.00436401
0 0.0734863 0.685156 0.113574 0.278125 0.00429916
0 0.963672 0.247852 0.0726563 0.231641 0.00429916
1 0.119141 0.898438 0.2375 0.203125 0.00428009
0 0.978906 0.18125 0.0421875 0.203906 0.0042305
0 0.658984 0.0832031 0.155469 0.05625 0.00419998
0 0.578516 0.406934 0.103125 0.123633 0.00418091
1 0.578516 0.406934 0.103125 0.123633 0.00413513
0 0.789844 0.320508 0.107813 0.100391 0.00408554
0 0.88125 0.103809 0.084375 0.15332 0.00407028
0 0.126953 0.300977 0.0828125 0.168359 0.00407028
0 0.171191 0.39375 0.142773 0.0554687 0.00400543
1 0.159277 0.448828 0.17793 0.164844 0.00397491
0 0.333203 0.602344 0.078125 0.150781 0.00397491
0 0.09646 0.235352 0.139502 0.271484 0.0039444
0 0.903125 0.285742 0.084375 0.139844 0.00391388
0 0.0672363 0.617188 0.114355 0.21875 0.00390053
1 0.367188 0.946875 0.734375 0.10625 0.00387001
0 0.397754 0.828906 0.107617 0.0625 0.00385475
0 0.195117 0.15957 0.260156 0.315234 0.00380898
1 0.963672 0.247852 0.0726563 0.231641 0.00379562
0 0.783008 0.481641 0.399609 0.242969 0.00376511
0 0.967969 0.389844 0.0640625 0.08125 0.00370789
1 0.654297 0.884375 0.691406 0.23125 0.00370789
0 0.132617 0.472754 0.158203 0.232617 0.00367928
1 0.313672 0.956641 0.624219 0.0867188 0.00363541
1 0.75625 0.427344 0.065625 0.127344 0.00362206
0 0.254492 0.935938 0.508984 0.128125 0.00356483
0 0.678906 0.249414 0.115625 0.0972656 0.00353813
1 0.976562 0.163867 0.046875 0.177734 0.00351143
0 0.559375 0.0821289 0.142188 0.0710938 0.00341606
1 0.690625 0.764063 0.61875 0.279687 0.00338936
0 0.242188 0.553125 0.139062 0.0703125 0.00335121
0 0.667188 0.875781 0.157813 0.040625 0.00329781
0 0.0549316 0.639844 0.10498 0.104687 0.00325966
0 0.101465 0.176172 0.156445 0.333594 0.00322342
0 0.707031 0.280078 0.148438 0.05 0.00319672
0 0.82168 0.386328 0.122266 0.132031 0.00318527
0 0.59375 0.669531 0.426562 0.357812 0.00318527
0 0.551562 0.375879 0.0828125 0.0607422 0.00317192
0 0.0923828 0.417578 0.116797 0.0851562 0.003088
0 0.964063 0.210547 0.071875 0.232812 0.00307465
0 0.674219 0.340234 0.129688 0.0523437 0.00305176
1 0.131055 0.308594 0.0585938 0.114063 0.00301552
0 0.530469 0.405371 0.05625 0.12207 0.00300407
1 0.228516 0.285742 0.157031 0.158203 0.00300407
0 0.534375 0.482422 0.171875 0.0515625 0.0029583
1 0.600781 0.404004 0.103125 0.113867 0.00292397
0 0.884375 0.138306 0.084375 0.129248 0.00291252
1 0.964063 0.210547 0.071875 0.232812 0.00279999
0 0.829883 0.0668457 0.171484 0.0510742 0.00277901
0 0.570996 0.360547 0.695508 0.214062 0.00277901
0 0.677344 0.361328 0.146875 0.0882813 0.00276756
0 0.201562 0.421875 0.0820312 0.185156 0.00275803
1 0.183984 0.444434 0.122656 0.168945 0.00275803
1 0.530469 0.405371 0.05625 0.12207 0.00274658
0 0.332422 0.653906 0.096875 0.228125 0.00270462
0 0.530469 0.492969 0.170312 0.053125 0.0026722
1 0.677344 0.361328 0.146875 0.0882813 0.00263214
0 0.131445 0.311328 0.0572266 0.107813 0.0026207
0 0.775 0.421484 0.09375 0.0773437 0.00260162
0 0.607031 0.935938 0.785937 0.128125 0.00253105
0 0.600781 0.404004 0.103125 0.113867 0.00252151
0 0.583594 0.932031 0.223438 0.125 0.00244331
1 0.13125 0.213232 0.159375 0.300879 0.00243378
0 0.340039 0.6375 0.0800781 0.167187 0.0024147
0 0.173828 0.383984 0.142969 0.0570313 0.00237846
0 0.495313 0.0785156 0.0984375 0.0873047 0.00237846
0 0.592578 0.959375 0.221094 0.075 0.00236893
0 0.720312 0.272656 0.125 0.09375 0.00234222
0 0.240186 0.545313 0.15791 0.053125 0.00234222
0 0.671094 0.349219 0.126563 0.05625 0.00228691
1 0.0875977 0.123242 0.170117 0.241797 0.00221634
0 0.628125 0.4875 0.74375 0.18125 0.00219917
0 0.208398 0.467187 0.105078 0.10625 0.00219917
0 0.864062 0.0963135 0.11875 0.139404 0.00218201
0 0.875781 0.122949 0.10625 0.129883 0.00216484
1 0.121777 0.304883 0.0791016 0.123047 0.00215721
1 0.101465 0.176172 0.156445 0.333594 0.00215721
0 0.878125 0.0836914 0.128125 0.167383 0.00214005
0 0.395996 0.459766 0.0783203 0.119531 0.00212479
0 0.399219 0.817969 0.1 0.0953125 0.00211525
0 0.450781 0.902344 0.165625 0.04375 0.00209045
1 0.697266 0.491406 0.605469 0.229687 0.00208282
0 0.653516 0.0936523 0.15 0.0484375 0.00201035
1 0.0549316 0.639844 0.10498 0.104687 0.00200272
0 0.617285 0.46875 0.50293 0.204688 0.00200272
1 0.254492 0.935938 0.508984 0.128125 0.00200272
1 0.574121 0.750391 0.498633 0.241406 0.00198746
0 0.892187 0.261719 0.14375 0.0578125 0.00198746
0 0.6875 0.066748 0.198437 0.0829102 0.00195694
0 0.892969 0.219531 0.096875 0.075 0.00194168
0 0.476562 0.969531 0.142188 0.0546875 0.00188923
0 0.825 0.406641 0.171875 0.075 0.00188255
0 0.839063 0.0471558 0.173438 0.0523682 0.00188255
0 0.401953 0.171875 0.633594 0.334766 0.00187492
0 0.572656 0.370117 0.154687 0.0574219 0.00187492
0 0.336719 0.660547 0.102344 0.129688 0.00183868
0 0.158398 0.423438 0.245703 0.130469 0.00183105
1 0.197217 0.28418 0.173535 0.169922 0.00183105
0 0.222852 0.316016 0.125 0.107031 0.0018034
0 0.952344 0.105762 0.0953125 0.0564453 0.00177479
0 0.0892578 0.580859 0.116211 0.360938 0.00176144
0 0.0872803 0.0493164 0.108252 0.0986328 0.00175476
0 0.337891 0.604688 0.071875 0.215625 0.00174809
0 0.930469 0.0418457 0.126563 0.0836914 0.00174141
0 0.0798584 0.421484 0.0980957 0.103906 0.0017271
0 0.861719 0.39834 0.220313 0.283008 0.0017271
0 0.903125 0.251563 0.10625 0.100781 0.0017004
0 0.714063 0.255078 0.1125 0.0828125 0.00169373
0 0.982031 0.228906 0.0359375 0.278516 0.00169373
1 0.979297 0.201367 0.0414063 0.241016 0.00168133
0 0.32207 0.368555 0.141016 0.0574219 0.0016489
1 0.775781 0.463281 0.096875 0.107813 0.00163555
0 0.533594 0.463281 0.539062 0.232812 0.00161076
0 0.952344 0.0488281 0.0953125 0.0976562 0.00158501
1 0.158398 0.423438 0.245703 0.130469 0.00158501
0 0.909375 0.323047 0.0875 0.130469 0.00157356
0 0.780469 0.383691 0.09375 0.18418 0.00157356
0 0.869531 0.993359 0.260938 0.0132813 0.00156689
0 0.257031 0.553125 0.135937 0.05625 0.00156116
0 0.0623535 0.661719 0.124707 0.197656 0.00156116
0 0.0635254 0.623047 0.127051 0.203125 0.00155449
0 0.68125 0.889844 0.140625 0.05 0.00152493
0 0.169922 0.427734 0.15625 0.139844 0.0015192
1 0.635156 0.408984 0.623438 0.161719 0.00150681
0 0.331641 0.570312 0.0828125 0.176563 0.00150681
0 0.367383 0.334766 0.154297 0.0570313 0.00150108
0 0.898438 0.194922 0.078125 0.141406 0.00150108
0 0.335742 0.327344 0.197266 0.405469 0.00149536
0 0.183789 0.0603027 0.102734 0.114941 0.00149536
1 0.678906 0.249414 0.115625 0.0972656 0.00148964
0 0.207422 0.483594 0.112891 0.075 0.0014782
0 0.402246 0.269336 0.100195 0.107422 0.00146675
0 0.966406 0.380859 0.0671875 0.228125 0.00146103
1 0.09646 0.235352 0.139502 0.271484 0.00145531
0 0.963672 0.0663086 0.0726563 0.132617 0.00144386
0 0.0269287 0.641406 0.0538574 0.109375 0.00143814
1 0.622754 0.361719 0.613867 0.125781 0.00143242
0 0.301758 0.294141 0.223047 0.30625 0.00143242
0 0.397656 0.439844 0.075 0.128125 0.0014267
0 0.5375 0.472656 0.173438 0.053125 0.00142097
0 0.195898 0.385156 0.14375 0.0703125 0.00141621
0 0.0805664 0.807031 0.11543 0.340625 0.00139904
0 0.317969 0.690625 0.136719 0.220313 0.00138283
0 0.08479 0.850781 0.149561 0.298438 0.00137234
0 0.954687 0.12041 0.0875 0.0859375 0.00135612
0 0.8875 0.16123 0.1 0.117383 0.00135136
0 0.475 0.957812 0.260156 0.08125 0.00134563
0 0.781055 0.0950195 0.100391 0.0994141 0.00134563
1 0.119165 0.425 0.166357 0.123438 0.00130463
0 0.345313 0.725781 0.0804688 0.1375 0.0012846
0 0.0875977 0.123242 0.170117 0.241797 0.0012846
0 0.716797 0.940625 0.242969 0.107813 0.00127411
0 0.5625 0.0576172 0.121875 0.0738281 0.00127411
0 0.441406 0.090918 0.103906 0.0966797 0.00126457
1 0.625391 0.389746 0.749219 0.131445 0.0012598
0 0.262695 0.111621 0.0765625 0.11543 0.00125504
0 0.791406 0.08479 0.107813 0.0921387 0.00124454
0 0.355273 0.650781 0.0597656 0.160938 0.00123978
0 0.521094 0.660547 0.275 0.403906 0.756836
0 0.241455 0.712891 0.265527 0.389844 0.753418
0 0.843945 0.353906 0.233984 0.210938 0.57959
0 0.830469 0.140625 0.214062 0.230859 0.527344
0 0.342578 0.442578 0.205469 0.260156 0.499023
0 0.142773 0.488672 0.228516 0.249219 0.462891
1 0.824805 0.149609 0.222266 0.233203 0.184204
0 0.0929687 0.899219 0.185937 0.201562 0.165039
1 0.518359 0.659375 0.270312 0.401563 0.152588
1 0.342773 0.446191 0.201953 0.249805 0.144165
1 0.142969 0.471973 0.232812 0.231055 0.135742
1 0.842188 0.349219 0.220313 0.191406 0.100891
0 0.148633 0.533594 0.230078 0.342969 0.0960083
1 0.241992 0.710547 0.267578 0.391406 0.0910645
0 0.669531 0.325 0.15 0.195312 0.0687866
0 0.860937 0.353125 0.184375 0.172656 0.0643921
0 0.80918 0.563281 0.362891 0.295312 0.0534058
0 0.957031 0.144922 0.0859375 0.133203 0.053009
1 0.0929687 0.899219 0.185937 0.201562 0.0519409
0 0.779492 0.882422 0.431641 0.235156 0.0516663
0 0.879102 0.967188 0.241797 0.065625 0.0467224
0 0.698047 0.282617 0.0976562 0.113672 0.0467224
0 0.663281 0.354883 0.159375 0.119922 0.0402527
0 0.836523 0.970312 0.326953 0.059375 0.0402527
1 0.519141 0.189648 0.830469 0.369922 0.0383301
0 0.904297 0.961328 0.191406 0.0773437 0.0337219
0 0.960156 0.18418 0.0796875 0.218359 0.0335999
1 0.145508 0.502734 0.205078 0.263281 0.0313721
0 0.201904 0.189014 0.265723 0.363379 0.0309601
0 0.692578 0.320312 0.115625 0.195312 0.0254211
0 0.934766 0.955078 0.130469 0.0898438 0.0240021
1 0.779492 0.882422 0.431641 0.235156 0.0231476
0 0.961328 0.221289 0.0773437 0.316797 0.0202484
1 0.80918 0.563281 0.362891 0.295312 0.0196381
1 0.148633 0.533594 0.230078 0.342969 0.0190887
1 0.669531 0.325 0.15 0.195312 0.0182953
0 0.515625 0.404297 0.090625 0.120312 0.0152512
1 0.663281 0.354883 0.159375 0.119922 0.0149002
1 0.957031 0.144922 0.0859375 0.133203 0.014389
1 0.879102 0.967188 0.241797 0.065625 0.0138474
1 0.201904 0.189014 0.265723 0.363379 0.0134811
1 0.698047 0.282617 0.0976562 0.113672 0.0126724
1 0.836523 0.970312 0.326953 0.059375 0.0116882
0 0.890625 0.588281 0.21875 0.248437 0.0105667
0 0.926172 0.991406 0.147656 0.0171875 0.0105667
0 0.896094 0.990625 0.207813 0.01875 0.00955963
1 0.960156 0.18418 0.0796875 0.218359 0.00941467
1 0.904297 0.961328 0.191406 0.0773437 0.00894928
0 0.850781 0.305469 0.234375 0.116406 0.008255
0 0.148242 0.448828 0.206641 0.170312 0.00763702
1 0.960938 0.223828 0.078125 0.311719 0.00757599
0 0.857813 0.971875 0.284375 0.05625 0.00706482
0 0.711719 0.307031 0.108594 0.164062 0.00706482
0 0.15166 0.417188 0.19043 0.119531 0.00669098
0 0.776563 0.405469 0.08125 0.0828125 0.00624084
0 0.860156 0.989453 0.279687 0.0210938 0.00621796
0 0.535937 0.407129 0.128125 0.135742 0.00614548
1 0.934766 0.955078 0.130469 0.0898438 0.00609589
1 0.692578 0.320312 0.115625 0.195312 0.00609589
0 0.5375 0.191064 0.815625 0.375684 0.00595856
0 0.974609 0.176367 0.0507812 0.240234 0.00570679
0 0.952344 0.950391 0.0953125 0.0992187 0.00551224
0 0.80918 0.160059 0.178516 0.214648 0.00548935
0 0.95 0.0423706 0.1 0.0801025 0.00542831
0 0.949609 0.973437 0.100781 0.053125 0.00494385
1 0.283203 0.187695 0.400781 0.364844 0.00455475
1 0.515625 0.404297 0.090625 0.120312 0.00441742
0 0.283203 0.187695 0.400781 0.364844 0.00434875
1 0.926172 0.991406 0.147656 0.0171875 0.0037365
1 0.896094 0.990625 0.207813 0.01875 0.00363541
0 0.977344 0.341406 0.0453125 0.190625 0.00344276
1 0.600781 0.139355 0.673437 0.278711 0.00340271
0 0.125879 0.93125 0.250977 0.1375 0.00328636
0 0.9625 0.257471 0.075 0.220215 0.00321007
0 0.866406 0.146875 0.24375 0.230469 0.00314713
1 0.974609 0.176367 0.0507812 0.240234 0.00307465
0 0.249805 0.571094 0.241797 0.096875 0.00291252
0 0.526953 0.582031 0.271094 0.263281 0.00264168
0 0.953125 0.992969 0.09375 0.0140625 0.00259018
0 0.969531 0.155762 0.0609375 0.264258 0.00251198
1 0.850781 0.305469 0.234375 0.116406 0.00251198
1 0.860156 0.989453 0.279687 0.0210938 0.00247192
1 0.15166 0.417188 0.19043 0.119531 0.00239754
0 0.842383 0.25625 0.237109 0.398438 0.00237846
0 0.974219 0.308984 0.0515625 0.196094 0.00219917
0 0.0604492 0.736328 0.120898 0.103906 0.00219154
0 0.503906 0.414453 0.090625 0.1125 0.00210762
0 0.99375 0.127637 0.0125 0.0900391 0.00203514
0 0.0259766 0.494141 0.0519531 0.176563 0.00201035
1 0.711719 0.307031 0.108594 0.164062 0.00194168
1 0.776563 0.405469 0.08125 0.0828125 0.00188255
0 0.776953 0.972656 0.446094 0.0546875 0.00187492
1 0.857813 0.971875 0.284375 0.05625 0.00186729
1 0.535937 0.407129 0.128125 0.135742 0.00184631
1 0.95 0.0423706 0.1 0.0801025 0.00179577
0 0.914062 0.576563 0.16875 0.251563 0.00176811
1 0.969531 0.155762 0.0609375 0.264258 0.00176811
0 0.662109 0.0588379 0.215625 0.113965 0.00173378
1 0.9625 0.257471 0.075 0.220215 0.00170708
1 0.148242 0.448828 0.206641 0.170312 0.00168705
1 0.624219 0.198242 0.571875 0.383203 0.00158501
0 0.586328 0.381641 0.107813 0.0976562 0.00157356
0 0.033374 0.475879 0.066748 0.20293 0.00156689
0 0.784375 0.405469 0.059375 0.0703125 0.00154877
0 0.992969 0.143945 0.0140625 0.0917969 0.00154305
0 0.964063 0.277344 0.071875 0.157031 0.00151253
1 0.952344 0.950391 0.0953125 0.0992187 0.00144386
0 0.973437 0.245264 0.053125 0.274316 0.00143814
1 0.582812 0.115039 0.54375 0.230078 0.00143242
0 0.359375 0.464941 0.167969 0.231055 0.00139427
0 0.972656 0.391406 0.0546875 0.0765625 0.00138283
1 0.35957 0.183154 0.662891 0.355566 0.00136662
0 0.928906 0.579687 0.142188 0.26875 0.00135612
1 0.977344 0.341406 0.0453125 0.190625 0.00131512
0 0.0476562 0.278711 0.0953125 0.278516 0.00130463
0 0.990625 0.994922 0.01875 0.0101562 0.00123501
0 0.122754 0.509375 0.164258 0.25625 0.00123024
1 0.949609 0.973437 0.100781 0.053125 0.00122547
1 0.866406 0.146875 0.24375 0.230469 0.00117874
0 0.155078 0.189844 0.310156 0.379687 0.00113392
1 0.155078 0.189844 0.310156 0.379687 0.0011158
1 0.0604492 0.736328 0.120898 0.103906 0.00109482
0 0.646484 0.207813 0.161719 0.214062 0.00106525
1 0.890625 0.588281 0.21875 0.248437 0.00106049
0 0.773047 0.42666 0.0960938 0.132617 0.00105286
1 0.211719 0.192578 0.423438 0.375781 0.00102043
1 0.974219 0.308984 0.0515625 0.196094 0.00102043
1 0.99375 0.127637 0.0125 0.0900391 0.00101662
0 0.166602 0.405469 0.159375 0.0960938 0.00101185
0 0.0991211 0.989844 0.198242 0.0203125 0.00101185
0 0.244141 0.710547 0.266406 0.375781 0.861816
0 0.520312 0.657422 0.254687 0.388281 0.830566
0 0.341406 0.418066 0.1875 0.212305 0.768555
0 0.845312 0.353906 0.2125 0.210938 0.712891
0 0.824219 0.141992 0.204688 0.230078 0.673828
0 0.13457 0.488281 0.210547 0.260156 0.673828
0 0.138867 0.442578 0.209375 0.174219 0.577637
0 0.829492 0.584375 0.325391 0.251563 0.147095
1 0.340234 0.421191 0.194531 0.21543 0.0723877
0 0.775 0.433984 0.101562 0.139844 0.0708008
0 0.0591797 0.737109 0.118359 0.103906 0.0687866
0 0.769531 0.882812 0.451562 0.226562 0.0648804
0 0.0982422 0.890625 0.196484 0.21875 0.0486755
1 0.824805 0.140039 0.206641 0.241016 0.0445862
0 0.833594 0.326562 0.225 0.170312 0.0427246
1 0.8375 0.345313 0.225 0.207813 0.0423889
0 0.719531 0.739062 0.179688 0.0609375 0.0384521
0 0.896875 0.558203 0.190625 0.272656 0.0379639
1 0.130469 0.496094 0.196484 0.278125 0.0342407
0 0.636719 0.370313 0.182812 0.0945313 0.0307922
0 0.646875 0.353516 0.194531 0.125 0.0305023
0 0.689062 0.826367 0.292188 0.125391 0.0277405
0 0.666406 0.0564941 0.198437 0.112988 0.0259094
1 0.541406 0.0789063 0.496875 0.157813 0.0223694
1 0.658594 0.0601074 0.217187 0.114941 0.0214539
0 0.109082 0.497656 0.145117 0.271875 0.0204163
0 0.730469 0.720312 0.196875 0.0953125 0.0196381
1 0.829492 0.584375 0.325391 0.251563 0.0187683
0 0.828516 0.974219 0.342969 0.0515625 0.0185089
1 0.0591797 0.737109 0.118359 0.103906 0.0175781
0 0.624219 0.383691 0.149219 0.0716797 0.016922
0 0.680469 0.831055 0.203125 0.119141 0.0147858
1 0.499609 0.100195 0.591406 0.200391 0.0142822
0 0.720312 0.707031 0.164062 0.120312 0.0140076
0 0.50625 0.404785 0.08125 0.126367 0.0138474
0 0.607422 0.391016 0.124219 0.0882813 0.0137405
1 0.137988 0.455469 0.212305 0.196094 0.0134811
1 0.775 0.433984 0.101562 0.139844 0.0132217
1 0.0982422 0.890625 0.196484 0.21875 0.0130234
0 0.775781 0.974219 0.3125 0.0515625 0.0123367
0 0.771094 0.407422 0.084375 0.0851562 0.0121918
0 0.632031 0.460156 0.18125 0.110937 0.0116882
1 0.536816 0.18418 0.395117 0.366016 0.0113297
1 0.49375 0.158984 0.501562 0.310156 0.0110703
0 0.0613281 0.61875 0.122656 0.142188 0.0109482
0 0.661719 0.325 0.176563 0.192188 0.0109482
0 0.620313 0.427734 0.15 0.110156 0.0106964
0 0.701953 0.307031 0.142969 0.182031 0.00971222
0 0.242139 0.287109 0.168066 0.182812 0.00948334
1 0.646875 0.353516 0.194531 0.125 0.00919342
0 0.747656 0.848437 0.504687 0.1625 0.00908661
0 0.0545898 0.752344 0.10918 0.140625 0.00854492
1 0.239844 0.712891 0.264844 0.375781 0.0085144
0 0.610156 0.407129 0.132812 0.12793 0.00841522
1 0.769531 0.882812 0.451562 0.226562 0.00812531
0 0.0637695 0.723047 0.127539 0.139844 0.00806427
0 0.858594 0.973047 0.260938 0.0539063 0.00757599
0 0.579297 0.411328 0.122656 0.134375 0.00734711
0 0.828906 0.7375 0.171875 0.065625 0.00723267
0 0.880469 0.883594 0.229687 0.126563 0.00720596
0 0.109082 0.303516 0.113086 0.125 0.00717545
0 0.22832 0.197314 0.233203 0.314746 0.00706482
0 0.578516 0.923437 0.757031 0.153125 0.00669098
0 0.776758 0.740625 0.221484 0.059375 0.00656509
0 0.528125 0.404004 0.110937 0.126367 0.00624084
1 0.0613281 0.61875 0.122656 0.142188 0.00624084
1 0.719531 0.739062 0.179688 0.0609375 0.00598145
0 0.112305 0.279297 0.122656 0.177344 0.00595856
0 0.960938 0.158789 0.078125 0.167578 0.00564194
1 0.896875 0.558203 0.190625 0.272656 0.00557709
0 0.7625 0.427734 0.078125 0.128906 0.0055542
0 0.546875 0.932422 0.553125 0.135156 0.00538635
1 0.636719 0.370313 0.182812 0.0945313 0.00534439
1 0.689062 0.826367 0.292188 0.125391 0.00530243
1 0.730469 0.720312 0.196875 0.0953125 0.00530243
1 0.242139 0.287109 0.168066 0.182812 0.0050621
0 0.630469 0.486328 0.171875 0.153906 0.00496292
0 0.79707 0.983203 0.265234 0.0335938 0.00475693
0 0.0700195 0.884375 0.140039 0.215625 0.00446701
0 0.628125 0.0618164 0.270312 0.12207 0.00443268
1 0.604688 0.0661621 0.309375 0.131348 0.00431442
0 0.790625 0.416504 0.129688 0.14043 0.00429916
0 0.653906 0.457031 0.170312 0.096875 0.00429916
1 0.720312 0.707031 0.164062 0.120312 0.00413513
0 0.633594 0.394531 0.178125 0.0820312 0.00400543
0 0.655859 0.479688 0.158594 0.135937 0.00399017
1 0.208984 0.12334 0.417969 0.242383 0.00385475
1 0.292188 0.154492 0.547656 0.302734 0.00372124
0 0.800781 0.399219 0.15625 0.128125 0.00370789
1 0.520703 0.653125 0.260156 0.384375 0.00358009
0 0.895312 0.949219 0.195312 0.101562 0.00349617
0 0.545703 0.218555 0.371094 0.406641 0.00346947
1 0.434375 0.120703 0.709375 0.241406 0.00341606
0 0.779492 0.855469 0.387891 0.184375 0.00325966
0 0.548047 0.41084 0.147656 0.139258 0.00325966
0 0.698438 0.713672 0.14375 0.109375 0.00317192
0 0.701563 0.275391 0.126563 0.152344 0.00317192
1 0.112305 0.279297 0.122656 0.177344 0.00309944
0 0.589453 0.932031 0.324219 0.128125 0.0030632
0 0.541406 0.0789063 0.496875 0.157813 0.00302696
0 0.204883 0.946875 0.195703 0.096875 0.00299263
0 0.646875 0.214258 0.159375 0.200781 0.00288963
1 0.828516 0.974219 0.342969 0.0515625 0.00288963
0 0.675 0.448438 0.140625 0.0859375 0.0028553
1 0.624219 0.383691 0.149219 0.0716797 0.00282288
0 0.857031 0.163281 0.159375 0.152734 0.00281143
0 0.504297 0.408203 0.107813 0.15 0.00277901
0 0.846875 0.728906 0.195312 0.0859375 0.00275803
1 0.661719 0.325 0.176563 0.192188 0.00269318
0 0.753906 0.451953 0.059375 0.173438 0.0026722
0 0.763281 0.988281 0.271875 0.0234375 0.00266266
0 0.112305 0.920313 0.224609 0.15625 0.00255013
0 0.569531 0.392188 0.1375 0.104687 0.00253105
1 0.632031 0.460156 0.18125 0.110937 0.00243378
0 0.0600586 0.75625 0.120117 0.0875 0.00242424
0 0.763281 0.41875 0.109375 0.121875 0.00237846
0 0.85293 0.378516 0.187891 0.128125 0.00237846
1 0.680469 0.831055 0.203125 0.119141 0.00234222
1 0.607422 0.391016 0.124219 0.0882813 0.00226021
1 0.620313 0.427734 0.15 0.110156 0.00223351
1 0.7 0.305664 0.129688 0.196484 0.00222588
0 0.208984 0.12334 0.417969 0.242383 0.00222588
0 0.267969 0.17334 0.409375 0.342773 0.00219917
0 0.888281 0.801758 0.207813 0.102734 0.00216484
0 0.89375 0.498437 0.209375 0.148438 0.00215721
0 0.6625 0.155176 0.167187 0.0876953 0.00211525
1 0.960938 0.158789 0.078125 0.167578 0.00206757
0 0.814062 0.482812 0.170312 0.120312 0.0020504
1 0.209326 0.176758 0.362598 0.350391 0.00203514
0 0.6875 0.544531 0.135937 0.159375 0.00201035
0 0.525 0.108203 0.495313 0.215625 0.0019722
1 0.610156 0.407129 0.132812 0.12793 0.00191879
0 0.176611 0.453125 0.144434 0.135937 0.00191212
0 0.877344 0.371094 0.153125 0.139062 0.00191212
1 0.50625 0.404785 0.08125 0.126367 0.00189686
1 0.0545898 0.752344 0.10918 0.140625 0.00189686
0 0.541406 0.926562 0.340625 0.140625 0.00181007
0 0.717578 0.755469 0.177344 0.040625 0.00179577
0 0.224609 0.947656 0.346875 0.104687 0.00178909
0 0.0590332 0.664844 0.118066 0.0765625 0.00171375
0 0.167773 0.945312 0.246484 0.1 0.00170708
0 0.677734 0.525781 0.155469 0.139062 0.0017004
0 0.653125 0.182861 0.16875 0.142871 0.00168133
1 0.281055 0.1125 0.545703 0.225 0.00161648
0 0.847656 0.807617 0.232812 0.0972656 0.00161076
0 0.487891 0.923437 0.334375 0.14375 0.00159168
0 0.733594 0.426172 0.034375 0.210156 0.00156116
0 0.670313 0.367578 0.164062 0.1125 0.00150681
1 0.0700195 0.884375 0.140039 0.215625 0.00148392
1 0.168945 0.14668 0.3375 0.289453 0.00148392
0 0.0621582 0.842969 0.124316 0.123438 0.00147247
0 0.814258 0.438672 0.177734 0.144531 0.00146103
1 0.775781 0.974219 0.3125 0.0515625 0.00144386
0 0.628906 0.242773 0.145313 0.205469 0.00141048
1 0.519922 0.401953 0.1 0.134375 0.00136662
0 0.292188 0.154492 0.547656 0.302734 0.00136185
1 0.579297 0.411328 0.122656 0.134375 0.00136185
0 0.49375 0.158984 0.501562 0.310156 0.00135612
0 0.722656 0.833008 0.390625 0.133984 0.00135136
0 0.368945 0.942187 0.476172 0.115625 0.00133514
1 0.570312 0.196484 0.310937 0.325391 0.00129986
0 0.0515137 0.636719 0.103027 0.142188 0.00129414
0 0.844531 0.486719 0.171875 0.103125 0.00127888
0 0.661719 0.939062 0.296875 0.1125 0.00126934
0 0.890625 0.923437 0.20625 0.121875 0.00126457
0 0.191992 0.182617 0.295312 0.361328 0.0012598
0 0.343164 0.125781 0.682422 0.249219 0.00124931
1 0.858594 0.973047 0.260938 0.0539063 0.00124931
0 0.442187 0.936328 0.578125 0.127344 0.00123024
0 0.0598633 0.770312 0.119727 0.0578125 0.00122547
0 0.524609 0.570703 0.239063 0.217969 0.00122547
0 0.589844 0.380566 0.0890625 0.0810547 0.0012207
0 0.855469 0.885156 0.2875 0.104687 0.00117874
1 0.880469 0.883594 0.229687 0.126563 0.00115585
0 0.0512207 0.160352 0.102441 0.235156 0.00114727
0 0.0827637 0.992969 0.165527 0.0140625 0.00112915
1 0.0637695 0.723047 0.127539 0.139844 0.00112438
1 0.791406 0.439063 0.125 0.150781 0.00109482
1 0.630469 0.486328 0.171875 0.153906 0.00109482
0 0.715234 0.989844 0.257031 0.0203125 0.00109005
1 0.824219 0.159473 0.207813 0.166602 0.00108624
0 0.867188 0.180811 0.140625 0.12666 0.00106907
1 0.545313 0.403906 0.147656 0.135156 0.00105286
0 0.874219 0.917188 0.246875 0.0828125 0.00104427
0 0.901563 0.485156 0.184375 0.115625 0.00103664
1 0.107617 0.510938 0.136328 0.25 0.00103188
0 0.915625 0.938281 0.16875 0.123438 0.00103188
0 0.752344 0.563672 0.317187 0.23125 0.00102806
0 0.672266 0.890625 0.655469 0.21875 0.00101662
1 0.753906 0.451953 0.059375 0.173438 0.00100422
0 0.248047 0.711719 0.271875 0.382812 0.896973
0 0.523438 0.657812 0.260938 0.385938 0.864258
0 0.845117 0.340625 0.209766 0.192969 0.801758
0 0.343359 0.425391 0.182812 0.221094 0.782715
0 0.825 0.143164 0.2125 0.211328 0.770508
0 0.134766 0.445703 0.208594 0.174219 0.716309
0 0.125195 0.482715 0.192188 0.239258 0.637207
0 0.770312 0.410937 0.0875 0.0851562 0.134766
0 0.145313 0.948438 0.290625 0.103125 0.0310822
0 0.676562 0.358008 0.135937 0.125391 0.0249939
0 0.703906 0.277734 0.115625 0.0992187 0.0233307
0 0.691406 0.328906 0.133594 0.150781 0.0229797
1 0.133398 0.476465 0.210547 0.233008 0.0167847
1 0.825 0.143164 0.2125 0.211328 0.0156708
1 0.770312 0.410937 0.0875 0.0851562 0.0154266
1 0.341992 0.42959 0.180859 0.23457 0.0147324
0 0.703125 0.264844 0.103125 0.06875 0.0145035
0 0.807031 0.405859 0.160938 0.078125 0.0128708
1 0.522656 0.660156 0.264062 0.395312 0.0119171
1 0.84375 0.340234 0.21875 0.196094 0.00894928
1 0.135937 0.441016 0.211719 0.171094 0.00857544
0 0.713281 0.258984 0.128125 0.0632813 0.00775528
0 0.107227 0.505078 0.140234 0.24375 0.00712204
0 0.735547 0.426953 0.0304688 0.128125 0.0068779
1 0.250391 0.710547 0.278125 0.377344 0.00674438
0 0.713281 0.289648 0.145313 0.115625 0.00631332
0 0.397656 0.804688 0.0304688 0.075 0.00518036
0 0.996484 0.380371 0.00703125 0.104883 0.00516129
0 0.396875 0.776563 0.025 0.04375 0.00500107
0 0.594922 0.397266 0.197656 0.1125 0.00498199
0 0.735937 0.419922 0.0289063 0.196875 0.00498199
1 0.676562 0.358008 0.135937 0.125391 0.00436401
0 0.397656 0.807813 0.04375 0.0625 0.00429916
0 0.995313 0.349609 0.009375 0.132031 0.00411606
0 0.940625 0.451172 0.117188 0.05 0.00407028
0 0.671484 0.0691895 0.203125 0.0958008 0.00379562
0 0.0900147 0.520312 0.121143 0.207031 0.00367928
0 0.746094 0.416309 0.040625 0.106445 0.00353813
0 0.396094 0.762891 0.021875 0.0695312 0.00353813
0 0.95625 0.13457 0.0875 0.110156 0.00342941
0 0.4125 0.769141 0.0296875 0.136719 0.00327301
1 0.703906 0.277734 0.115625 0.0992187 0.00325966
0 0.996094 0.0550293 0.0078125 0.110059 0.00314713
0 0.397656 0.590625 0.0273438 0.234375 0.00314713
1 0.145313 0.948438 0.290625 0.103125 0.00305176
0 0.954687 0.112695 0.090625 0.0675781 0.00296974
0 0.526563 0.935547 0.778125 0.128906 0.00293541
0 0.560938 0.402734 0.140625 0.121875 0.00290108
0 0.414062 0.789062 0.0335938 0.0984375 0.00286674
0 0.783594 0.74375 0.417188 0.0476562 0.00282288
1 0.703125 0.264844 0.103125 0.06875 0.00276756
0 0.961719 0.17334 0.0765625 0.195117 0.00274658
0 0.747656 0.400879 0.0453125 0.168555 0.00270462
0 0.788281 0.405469 0.134375 0.132812 0.00265312
0 0.0838867 0.375391 0.0986328 0.0390625 0.00265312
0 0.684375 0.375781 0.15625 0.0890625 0.00255013
0 0.502344 0.933594 0.548437 0.132812 0.00243378
1 0.691406 0.328906 0.133594 0.150781 0.0024147
0 0.678906 0.749219 0.0984375 0.0460938 0.00237846
0 0.610937 0.386816 0.201562 0.0873047 0.00234222
0 0.406934 0.814844 0.136133 0.0515625 0.00232315
0 0.829883 0.0310669 0.155859 0.0392334 0.00232315
0 0.93125 0.451953 0.090625 0.059375 0.00223351
0 0.783008 0.196436 0.133984 0.118848 0.00216484
0 0.719531 0.745313 0.153125 0.0390625 0.00216484
0 0.0635742 0.443848 0.126953 0.20293 0.0020752
0 0.749219 0.405469 0.04375 0.084375 0.00206757
0 0.379297 0.814062 0.028125 0.084375 0.00195694
0 0.871875 0.144141 0.220313 0.186328 0.00190449
0 0.396094 0.734375 0.021875 0.209375 0.00190449
1 0.071875 0.0756104 0.130859 0.138232 0.00188923
0 0.79707 0.362891 0.137109 0.0453125 0.00187492
1 0.807031 0.405859 0.160938 0.078125 0.00186729
0 0.122656 0.642969 0.0269531 0.234375 0.00186729
0 0.0234131 0.410547 0.0468262 0.391406 0.00186729
0 0.663281 0.75 0.065625 0.0484375 0.00185299
0 0.590625 0.376563 0.171875 0.0734375 0.00183105
0 0.766406 0.214258 0.129688 0.111328 0.0018177
0 0.867188 0.744141 0.1625 0.0328125 0.00181007
0 0.582031 0.407715 0.15 0.131445 0.00177479
0 0.0694336 0.369922 0.0548828 0.0695312 0.0017271
0 0.996875 0.239844 0.00625 0.414062 0.0017271
0 0.0512695 0.290625 0.100586 0.152344 0.00171375
0 0.782812 0.314453 0.0953125 0.125 0.00166798
0 0.996484 0.405566 0.00703125 0.126367 0.0016489
0 0.424219 0.614062 0.0796875 0.271875 0.00162888
0 0.419922 0.803125 0.0554687 0.053125 0.00161648
0 0.848242 0.396777 0.241016 0.0751953 0.00161076
0 0.723437 0.309766 0.148438 0.141406 0.0015974
0 0.817187 0.0282349 0.125 0.049585 0.00158501
0 0.846875 0.426562 0.234375 0.0765625 0.00156116
0 0.395703 0.814062 0.0765625 0.071875 0.00154877
0 0.680469 0.739844 0.0929687 0.05 0.00151253
0 0.0921875 0.55625 0.117969 0.1375 0.00150108
0 0.376563 0.800781 0.0273438 0.08125 0.00149536
0 0.0567505 0.517578 0.0751709 0.365625 0.00148964
0 0.195117 0.953125 0.390234 0.09375 0.0014782
0 0.769531 0.171582 0.107813 0.164648 0.00146103
0 0.399219 0.832812 0.121094 0.0796875 0.00145531
0 0.533984 0.387891 0.0414063 0.1 0.00143242
0 0.748047 0.432813 0.0382813 0.150781 0.00143242
0 0.813281 0.0542969 0.10625 0.0566406 0.00143242
0 0.889063 0.532031 0.190625 0.23125 0.00140476
0 0.992969 0.0849365 0.0140625 0.089502 0.00139904
0 0.864062 0.980469 0.165625 0.034375 0.00138855
1 0.594922 0.397266 0.197656 0.1125 0.00136185
0 0.821094 0.0606445 0.148438 0.0630859 0.00135612
1 0.671484 0.0691895 0.203125 0.0958008 0.00135612
0 0.383691 0.557031 0.0279297 0.06875 0.00134563
0 0.146484 0.698047 0.071875 0.341406 0.00132465
0 0.0350464 0.469531 0.029126 0.286719 0.00132465
1 0.143359 0.166211 0.286719 0.305859 0.00131989
1 0.713281 0.258984 0.128125 0.0632813 0.00130939
0 0.397656 0.560938 0.028125 0.157813 0.00130463
0 1 0.411816 0 0.282617 0.0012846
0 0.996875 0.309375 0.00625 0.196875 0.00127411
0 0.696875 0.663672 0.0765625 0.0570313 0.0012598
0 0.7625 0.386328 0.0734375 0.145313 0.00121593
0 0.383984 0.582812 0.0242187 0.114063 0.00121117
0 0.828125 0.409277 0.209375 0.204883 0.00118828
1 0.996484 0.380371 0.00703125 0.104883 0.00117874
0 0.544141 0.378516 0.0570313 0.0789063 0.00115108
1 0.107227 0.505078 0.140234 0.24375 0.00114727
0 0.769531 0.425 0.09375 0.117188 0.00113392
0 0.0720703 0.069873 0.133594 0.129004 0.00111198
0 0.996484 0.616016 0.00703125 0.474219 0.00109482
1 0.95625 0.13457 0.0875 0.110156 0.00109482
0 0.552344 0.404687 0.20625 0.133594 0.00107765
0 0.950781 0.433594 0.0953125 0.0609375 0.00107288
0 0.122363 0.6 0.0271484 0.140625 0.00106525
0 0.0922852 0.375 0.132227 0.0335938 0.00106525
0 0.696875 0.672656 0.078125 0.0453125 0.00105667
0 0.717969 0.386621 0.04375 0.106445 0.00101662
0 0.716016 0.23418 0.0492188 0.170312 0.00101662
0 0.930469 0.456641 0.121875 0.059375 0.00101662
0 0.180859 0.364453 0.0640625 0.0335938 0.00100803
0 0.247314 0.70625 0.276465 0.38125 0.882324
0 0.519922 0.654688 0.266406 0.38125 0.833984
0 0.843945 0.345508 0.227734 0.202734 0.765625
0 0.827344 0.143457 0.215625 0.222852 0.712891
0 0.143555 0.453809 0.226953 0.200195 0.710449
0 0.341602 0.430859 0.196484 0.236719 0.671387
0 0.785156 0.408203 0.0640625 0.0859375 0.145142
0 0.878906 0.346875 0.154687 0.207031 0.121704
1 0.342969 0.430469 0.199219 0.235938 0.10968
0 0.499902 0.927344 0.787695 0.145313 0.108398
0 0.772656 0.409766 0.101562 0.0921875 0.102661
1 0.842969 0.342969 0.220313 0.203906 0.0907593
1 0.519141 0.656641 0.26875 0.392969 0.0853882
1 0.828906 0.146582 0.221875 0.234961 0.0691528
0 0.678516 0.352148 0.135156 0.138672 0.0333862
1 0.144238 0.463672 0.220117 0.201562 0.0309143
0 0.682031 0.328516 0.135937 0.166406 0.0258026
0 0.753906 0.413672 0.0640625 0.0992187 0.0246124
1 0.878906 0.346875 0.154687 0.207031 0.019455
1 0.250439 0.70625 0.277246 0.379687 0.0190887
0 0.746484 0.434375 0.046875 0.139062 0.016983
0 0.778125 0.419922 0.078125 0.107031 0.0152512
0 0.707031 0.26875 0.09375 0.096875 0.0149536
0 0.239258 0.548437 0.114063 0.075 0.0124283
0 0.79375 0.407031 0.05 0.08125 0.0117798
0 0.699219 0.308203 0.107813 0.174219 0.0114212
0 0.734375 0.423047 0.0421875 0.121094 0.0110703
1 0.54375 0.927344 0.8875 0.145313 0.00993347
0 0.735937 0.441406 0.0359375 0.173438 0.00881195
0 0.234375 0.936328 0.459375 0.127344 0.00854492
1 0.769531 0.410937 0.1 0.096875 0.00609589
0 0.836719 0.264648 0.232812 0.352734 0.00538635
0 0.745313 0.432715 0.0429688 0.21582 0.00538635
0 0.535937 0.396191 0.0546875 0.11543 0.00492477
0 0.678125 0.377734 0.132812 0.132812 0.00471878
0 0.975 0.389844 0.05 0.0945313 0.00469971
0 0.146973 0.486328 0.20957 0.217969 0.00445175
0 0.162695 0.935156 0.313672 0.129688 0.00439835
1 0.785156 0.408203 0.0640625 0.0859375 0.0041008
0 0.044043 0.487891 0.040625 0.247656 0.00382423
0 0.428906 0.929688 0.489062 0.140625 0.00342941
0 0.536719 0.377441 0.0515625 0.0841797 0.00290108
0 0.649219 0.363281 0.18125 0.13125 0.00287819
0 0.104126 0.93125 0.197998 0.1375 0.00263214
1 0.678516 0.352148 0.135156 0.138672 0.00258064
0 0.533594 0.412891 0.0453125 0.184375 0.00248146
0 0.745313 0.405859 0.05 0.0851562 0.00247192
0 0.733594 0.407031 0.04375 0.0851562 0.00234222
0 0.725 0.874219 0.55 0.251563 0.00210762
1 0.463281 0.928906 0.629687 0.142188 0.00202751
0 0.736719 0.435937 0.0289063 0.229687 0.00194168
0 0.710938 0.292188 0.0953125 0.141406 0.00191212
0 0.961719 0.212939 0.0765625 0.288965 0.00186729
0 0.554688 0.376172 0.0710938 0.08125 0.00182438
0 0.964844 0.183545 0.0703125 0.215723 0.00174809
0 0.71875 0.405469 0.0375 0.128906 0.00170708
0 0.959375 0.117383 0.08125 0.0832031 0.00168705
0 0.401953 0.8375 0.146094 0.059375 0.00149536
0 0.973437 0.381641 0.05 0.133594 0.00141048
0 0.853125 0.165625 0.146875 0.173828 0.00136662
0 0.961328 0.152246 0.0773437 0.156836 0.00132465
0 0.772656 0.204688 0.109375 0.117188 0.00131512
0 0.0615723 0.76875 0.118652 0.170312 0.0012846
0 0.0563965 0.487891 0.0375977 0.217969 0.00109005
0 0.270312 0.553125 0.136328 0.078125 0.00104809
0 0.600098 0.921875 0.773242 0.15625 0.00101185
0 0.243164 0.710938 0.267578 0.375 0.818359
0 0.519531 0.658984 0.2625 0.382031 0.817383
0 0.343555 0.435547 0.184766 0.233594 0.717773
0 0.825195 0.150391 0.212109 0.229687 0.711426
0 0.139746 0.483203 0.218164 0.244531 0.610352
0 0.847656 0.345703 0.217187 0.196094 0.607422
0 0.7875 0.410059 0.0625 0.0720703 0.0963745
0 0.772656 0.442871 0.0984375 0.164258 0.0692749
0 0.773828 0.418652 0.0914062 0.112695 0.0594177
0 0.746875 0.430078 0.0460938 0.128906 0.0520325
0 0.677344 0.352734 0.129688 0.135937 0.0472412
1 0.343945 0.432813 0.190234 0.235938 0.0464783
0 0.536719 0.925391 0.914062 0.149219 0.0457764
0 0.745313 0.428125 0.04375 0.180469 0.0360718
0 0.752344 0.431641 0.065625 0.139844 0.0351562
0 0.757031 0.416406 0.0703125 0.096875 0.0351562
1 0.825 0.149902 0.210938 0.230664 0.0348816
1 0.139453 0.460059 0.217578 0.211133 0.0290833
0 0.77793 0.407813 0.0785156 0.0820312 0.0290833
1 0.519531 0.658594 0.26875 0.382812 0.0279541
0 0.978906 0.391406 0.0421875 0.0671875 0.0279083
1 0.845312 0.342578 0.223438 0.19375 0.0185394
1 0.245264 0.708203 0.268848 0.366406 0.0167847
1 0.7875 0.410059 0.0625 0.0720703 0.0163422
0 0.748828 0.429297 0.0570313 0.203906 0.0149002
0 0.738672 0.427734 0.0304688 0.110156 0.0107803
0 0.648438 0.358984 0.184375 0.126563 0.00974274
0 0.535937 0.409375 0.0421875 0.0851562 0.0091629
0 0.764844 0.40791 0.08125 0.0794922 0.00888062
0 0.122461 0.501953 0.153906 0.249219 0.0085144
1 0.746875 0.430078 0.0460938 0.128906 0.00828552
0 0.121484 0.932813 0.224219 0.134375 0.00828552
1 0.536719 0.925391 0.914062 0.149219 0.00800323
0 0.692578 0.341016 0.10625 0.160938 0.00775528
1 0.752344 0.431641 0.065625 0.139844 0.00731659
1 0.745313 0.428125 0.04375 0.180469 0.0068779
0 0.664844 0.0677734 0.190625 0.133594 0.00677109
1 0.757031 0.416406 0.0703125 0.096875 0.00677109
0 0.947656 0.0519531 0.104687 0.102344 0.006073
0 0.158594 0.935938 0.313281 0.121875 0.00591278
0 0.481641 0.928906 0.633594 0.142188 0.00591278
1 0.978906 0.391406 0.0421875 0.0671875 0.00564194
1 0.77793 0.407813 0.0785156 0.0820312 0.00553513
0 0.539062 0.398047 0.0421875 0.111719 0.00479126
1 0.748828 0.429297 0.0570313 0.203906 0.00416565
0 0.788281 0.407813 0.0828125 0.0648438 0.00411606
0 0.75 0.81875 0.309375 0.13125 0.00403976
0 0.748438 0.410937 0.0515625 0.0835937 0.00352478
0 0.394141 0.829687 0.140625 0.0609375 0.00311089
0 0.965625 0.196436 0.06875 0.243066 0.00290108
0 0.703906 0.288867 0.0953125 0.128516 0.00275803
0 0.961719 0.118555 0.0765625 0.0800781 0.00263214
0 0.771875 0.42959 0.0640625 0.181445 0.00221634
0 0.961719 0.138184 0.0765625 0.12832 0.00219917
0 0.709766 0.269141 0.101562 0.0839844 0.00219154
1 0.140137 0.499219 0.19707 0.25625 0.00215721
1 0.772656 0.442871 0.0984375 0.164258 0.0020504
0 0.140234 0.437891 0.214062 0.15 0.00203514
0 0.782031 0.404004 0.107813 0.0919922 0.00198746
1 0.535937 0.409375 0.0421875 0.0851562 0.00197983
0 0.730078 0.799219 0.260156 0.14375 0.00188255
0 0.248047 0.552734 0.113281 0.0570313 0.00182438
0 0.977344 0.376172 0.0453125 0.132031 0.00179577
1 0.764844 0.40791 0.08125 0.0794922 0.0016489
1 0.738672 0.427734 0.0304688 0.110156 0.00164223
1 0.664844 0.0677734 0.190625 0.133594 0.00159168
1 0.773828 0.418652 0.0914062 0.112695 0.00154305
1 0.678125 0.348437 0.13125 0.144531 0.00153637
0 0.733594 0.402441 0.0265625 0.0685547 0.00149536
0 0.788867 0.0890381 0.0878906 0.095752 0.00148392
0 0.740234 0.441406 0.0367187 0.123438 0.00146675
0 0.512109 0.405469 0.0671875 0.0914062 0.00144386
0 0.771875 0.399219 0.0984375 0.0734375 0.00143814
0 0.982422 0.362109 0.0351562 0.149219 0.00139427
1 0.394141 0.829687 0.140625 0.0609375 0.00125504
0 0.540625 0.415625 0.0375 0.108594 0.00123501
1 0.539844 0.409473 0.040625 0.106055 0.00121593
1 0.8375 0.546875 0.28125 0.325 0.00121117
0 0.397266 0.839063 0.125 0.065625 0.00119686
1 0.788281 0.407813 0.0828125 0.0648438 0.00118828
0 0.776563 0.0938477 0.0890625 0.106445 0.00118351
0 0.233154 0.55 0.17666 0.0546875 0.0011425
0 0.562109 0.380469 0.0382813 0.08125 0.00112438
0 0.835938 0.239063 0.220313 0.367188 0.00111198
0 0.640234 0.726562 0.034375 0.164062 0.00109863
0 0.714063 0.306641 0.0875 0.167187 0.00109005
0 0.8375 0.546875 0.28125 0.325 0.00106049
0 0.971094 0.287109 0.05625 0.185156 0.00105667
1 0.947656 0.0519531 0.104687 0.102344 0.00103664
0 0.982031 0.34668 0.0359375 0.192578 0.00101662
0 0.671875 0.752344 0.0828125 0.05 0.00101185
0 0.0442871 0.478809 0.0367187 0.24082 0.00100803
0 0.243799 0.709375 0.270215 0.36875 0.842285
0 0.520312 0.657812 0.275 0.382812 0.805664
0 0.824219 0.15293 0.209375 0.233203 0.733398
0 0.845312 0.342969 0.229687 0.202344 0.728027
0 0.132129 0.488672 0.220117 0.260938 0.716797
0 0.340039 0.442187 0.195703 0.246094 0.680664
0 0.140234 0.459277 0.223438 0.193945 0.167236
0 0.770703 0.440234 0.0992187 0.15 0.069519
1 0.337891 0.441797 0.198437 0.252344 0.0501404
0 0.676953 0.356445 0.140625 0.130078 0.0420837
1 0.845312 0.342969 0.229687 0.202344 0.0325928
1 0.822656 0.155469 0.210938 0.233594 0.0324097
1 0.536328 0.197852 0.702344 0.395703 0.00974274
1 0.137305 0.46875 0.217578 0.2125 0.00898743
0 0.770312 0.417285 0.0953125 0.0919922 0.00828552
0 0.776563 0.407715 0.0796875 0.0720703 0.00709534
0 0.757812 0.4375 0.075 0.139062 0.00609589
0 0.955469 0.227539 0.084375 0.222266 0.00591278
1 0.771484 0.442969 0.100781 0.157813 0.00511932
1 0.243164 0.706641 0.273047 0.367969 0.0050621
0 0.784375 0.408203 0.05625 0.0679687 0.00446701
0 0.879687 0.551562 0.229687 0.304688 0.00424957
1 0.51875 0.653906 0.270312 0.375 0.00421524
0 0.754297 0.41084 0.121094 0.125195 0.00374985
0 0.975 0.389844 0.046875 0.0820312 0.00365067
0 0.755078 0.417969 0.0648438 0.102344 0.00348282
1 0.220313 0.185352 0.43125 0.370703 0.00255013
0 0.958594 0.182471 0.08125 0.206934 0.00239754
0 0.784375 0.455078 0.121875 0.177344 0.00223351
1 0.842188 0.547266 0.292188 0.322656 0.00222588
0 0.746875 0.433203 0.0453125 0.142969 0.00206757
0 0.670313 0.324414 0.153906 0.189453 0.00205803
1 0.770312 0.417285 0.0953125 0.0919922 0.00187492
1 0.776563 0.407715 0.0796875 0.0720703 0.00186062
0 0.751172 0.959375 0.372656 0.08125 0.00152493
0 0.174902 0.953516 0.317383 0.0929687 0.0015192
0 0.699219 0.269141 0.0984375 0.0800781 0.00129414
0 0.137695 0.942187 0.271094 0.115625 0.00119686
1 0.757812 0.4375 0.075 0.139062 0.00119686
0 0.939062 0.0557617 0.11875 0.111523 0.00113773
1 0.784375 0.408203 0.05625 0.0679687 0.00109863
1 0.975781 0.3875 0.0484375 0.0773437 0.00108147
0 0.954687 0.131421 0.090625 0.114893 0.00103188
0 0.244727 0.713281 0.276172 0.38125 0.856445
0 0.524219 0.659375 0.2625 0.390625 0.85498
0 0.850781 0.341797 0.223438 0.202344 0.733887
0 0.825781 0.151758 0.207813 0.240234 0.694336
0 0.341992 0.43125 0.181641 0.227344 0.690918
0 0.133594 0.482422 0.210156 0.246094 0.577637
0 0.782812 0.410156 0.065625 0.0703125 0.0393372
0 0.771484 0.428906 0.0960938 0.121875 0.0193787
0 0.975781 0.389062 0.0484375 0.0726563 0.0190582
1 0.847656 0.342969 0.214062 0.196094 0.0189819
1 0.342969 0.432813 0.183594 0.232031 0.0175781
0 0.758203 0.425 0.0648438 0.103125 0.0137405
0 0.675 0.359961 0.14375 0.128516 0.0126266
1 0.824219 0.154297 0.207813 0.246875 0.0125275
1 0.144531 0.46875 0.205469 0.214844 0.0100098
0 0.744141 0.423438 0.0398437 0.1125 0.00867462
0 0.145117 0.448438 0.201953 0.172656 0.00812531
0 0.978906 0.382715 0.0390625 0.0861328 0.00748825
0 0.885352 0.989844 0.229297 0.0203125 0.00577545
0 0.841992 0.554688 0.272266 0.3125 0.00500107
1 0.782812 0.410156 0.065625 0.0703125 0.00498199
1 0.243555 0.711719 0.274609 0.38125 0.00468063
0 0.695312 0.267969 0.0875 0.0804688 0.00428009
0 0.760938 0.329297 0.0515625 0.0953125 0.00359344
0 0.953125 0.18125 0.0875 0.210547 0.00346947
0 0.0609375 0.776563 0.118164 0.151562 0.00344276
1 0.772266 0.438672 0.0992187 0.144531 0.00300407
0 0.75 0.334375 0.0359375 0.084375 0.00298119
1 0.975781 0.389062 0.0484375 0.0726563 0.00287819
1 0.165625 0.193408 0.320312 0.377246 0.00253105
0 0.777344 0.421484 0.075 0.096875 0.0024929
0 0.906641 0.988281 0.186719 0.0234375 0.00234985
0 0.0823242 0.903125 0.164648 0.1625 0.00211525
0 0.884375 0.555078 0.209375 0.297656 0.00201035
0 0.785937 0.456348 0.125 0.179492 0.00197983
1 0.525 0.657422 0.264062 0.388281 0.00194168
0 0.428125 0.932031 0.489844 0.135937 0.00178909
0 0.195508 0.949219 0.371484 0.101562 0.00168705
0 0.743359 0.411328 0.0375 0.157813 0.00167465
0 0.755859 0.421875 0.0570313 0.145313 0.00156689
0 0.946094 0.986719 0.107813 0.0265625 0.00142097
0 0.867383 0.988281 0.265234 0.0234375 0.00141048
0 0.515625 0.929688 0.725 0.140625 0.00140476
0 0.960938 0.388672 0.03125 0.0734375 0.00133038
0 0.888281 0.985156 0.223438 0.028125 0.00123024
0 0.678516 0.333398 0.1375 0.178516 0.00117397
0 0.965625 0.389941 0.04375 0.0810547 0.0011158
0 0.973437 0.388672 0.046875 0.10625 0.00109863
1 0.953125 0.18125 0.0875 0.210547 0.00109482
1 0.695312 0.267969 0.0875 0.0804688 0.00108624
1 0.978906 0.382715 0.0390625 0.0861328 0.00104809
0 0.165625 0.193408 0.320312 0.377246 0.00103664
1 0.785937 0.456348 0.125 0.179492 0.00102043
0 0.266797 0.945312 0.491406 0.109375 0.00100422
0 0.519531 0.655469 0.259375 0.390625 0.861328
0 0.241846 0.706641 0.269434 0.371094 0.85498
0 0.823438 0.151953 0.209375 0.235156 0.743164
0 0.341016 0.439844 0.185156 0.239063 0.731934
0 0.136523 0.49375 0.207031 0.264062 0.686035
0 0.845508 0.34375 0.218359 0.203125 0.685059
0 0.145508 0.460254 0.2 0.198242 0.0758667
1 0.845312 0.346875 0.221875 0.209375 0.0470886
0 0.672656 0.358398 0.140625 0.130078 0.0432129
1 0.825195 0.150488 0.212109 0.237305 0.0394897
1 0.339453 0.436719 0.190625 0.239063 0.0322266
1 0.241846 0.706641 0.269434 0.371094 0.0136337
0 0.774609 0.404687 0.0820312 0.0742188 0.0129242
1 0.146289 0.483203 0.198828 0.238281 0.0126266
0 0.959375 0.174121 0.08125 0.198633 0.0122375
0 0.474609 0.925781 0.867969 0.140625 0.01017
0 0.769531 0.411719 0.096875 0.0921875 0.00963593
0 0.974219 0.386719 0.0515625 0.0773437 0.00945282
0 0.88125 0.988281 0.2375 0.0234375 0.00841522
0 0.953906 0.137134 0.0921875 0.125732 0.00821686
0 0.684375 0.331445 0.125781 0.165234 0.00600433
1 0.518359 0.657031 0.264844 0.385938 0.00521851
0 0.699609 0.268945 0.1 0.0976562 0.00457382
1 0.820312 0.553125 0.325 0.315625 0.00428009
0 0.786719 0.407715 0.0546875 0.0689453 0.00367928
0 0.296484 0.941016 0.592969 0.117969 0.00319672
0 0.210938 0.942969 0.421875 0.114063 0.00274658
0 0.886328 0.984375 0.227344 0.03125 0.00259018
0 0.834375 0.266992 0.214062 0.348047 0.00242424
1 0.959375 0.174121 0.08125 0.198633 0.0024147
0 0.0974609 0.929688 0.194922 0.139062 0.00218201
1 0.166113 0.199609 0.326367 0.388281 0.0020504
0 0.179883 0.946094 0.341406 0.0984375 0.00198746
1 0.474609 0.925781 0.867969 0.140625 0.00197983
1 0.974219 0.386719 0.0515625 0.0773437 0.00185299
1 0.769531 0.411719 0.096875 0.0921875 0.00182438
0 0.734766 0.821094 0.282031 0.125 0.00182438
0 0.963281 0.386816 0.040625 0.0763672 0.00175476
1 0.774609 0.404687 0.0820312 0.0742188 0.0016613
0 0.746875 0.4125 0.0484375 0.09375 0.00156116
0 0.76875 0.440234 0.0953125 0.142969 0.00154877
1 0.88125 0.988281 0.2375 0.0234375 0.00144386
0 0.0817383 0.910937 0.163477 0.164062 0.00124454
1 0.953906 0.137134 0.0921875 0.125732 0.00115585
0 0.846094 0.553516 0.285937 0.307031 0.00113392
1 0.696094 0.267969 0.0890625 0.0828125 0.00111198
0 0.9125 0.986719 0.175 0.0265625 0.00109482
0 0.860937 0.986719 0.267188 0.0265625 0.00108147
0 0.244727 0.713281 0.276172 0.38125 0.856445
0 0.524219 0.659375 0.2625 0.390625 0.85498
0 0.850781 0.341797 0.223438 0.202344 0.734863
0 0.825781 0.151758 0.207813 0.240234 0.694336
0 0.341992 0.430859 0.181641 0.227344 0.690918
0 0.133594 0.482422 0.210156 0.246094 0.578613
0 0.782812 0.410156 0.065625 0.0703125 0.0393372
0 0.771484 0.428906 0.0960938 0.121875 0.0193481
0 0.975781 0.389062 0.0484375 0.0726563 0.0190582
1 0.847656 0.342969 0.214062 0.196094 0.0189819
1 0.342969 0.432813 0.183594 0.232031 0.0176392
0 0.758203 0.425 0.0648438 0.103125 0.0136871
0 0.675 0.359961 0.14375 0.128516 0.0125732
1 0.824219 0.154297 0.207813 0.246875 0.0125275
1 0.144629 0.46875 0.205273 0.214844 0.0100098
0 0.744141 0.423438 0.0398437 0.1125 0.00867462
0 0.145215 0.448438 0.201758 0.172656 0.00812531
0 0.978906 0.382715 0.0390625 0.0861328 0.00748825
0 0.885352 0.989844 0.229297 0.0203125 0.00575256
0 0.841992 0.554688 0.272266 0.3125 0.00500107
1 0.782812 0.410156 0.065625 0.0703125 0.00498199
1 0.243555 0.711719 0.274609 0.38125 0.00468063
0 0.695312 0.267969 0.0875 0.0804688 0.00426483
0 0.760938 0.329297 0.0515625 0.0953125 0.00359344
0 0.953125 0.181201 0.0875 0.210254 0.00346947
0 0.0610352 0.776563 0.118164 0.151562 0.00344276
1 0.772266 0.438672 0.0992187 0.144531 0.00301552
0 0.75 0.334375 0.0359375 0.084375 0.00298119
1 0.975781 0.389062 0.0484375 0.0726563 0.00288963
1 0.165625 0.193555 0.320312 0.376953 0.00255013
0 0.777344 0.421484 0.075 0.096875 0.00248146
0 0.906641 0.988281 0.186719 0.0234375 0.00234222
0 0.0822266 0.903125 0.164453 0.1625 0.00210762
0 0.884375 0.555078 0.209375 0.297656 0.00201035
0 0.785937 0.456348 0.125 0.179492 0.0019722
1 0.525 0.657422 0.264062 0.388281 0.00194168
0 0.428125 0.932031 0.489844 0.135937 0.00178242
0 0.195508 0.949219 0.371484 0.101562 0.00168133
0 0.743359 0.411328 0.0375 0.157813 0.00166798
0 0.75625 0.421875 0.05625 0.145313 0.00156116
0 0.946094 0.986719 0.107813 0.0265625 0.00142097
0 0.867383 0.988281 0.265234 0.0234375 0.00141048
0 0.515625 0.929688 0.725 0.140625 0.00139904
0 0.960938 0.388672 0.03125 0.0734375 0.00133038
0 0.888281 0.985156 0.223438 0.028125 0.00122547
0 0.678516 0.333594 0.1375 0.178125 0.00116539
0 0.965625 0.389941 0.04375 0.0810547 0.0011158
0 0.973437 0.388672 0.046875 0.10625 0.00109863
1 0.953125 0.181201 0.0875 0.210254 0.00109482
1 0.695312 0.267969 0.0875 0.0804688 0.00108147
1 0.978906 0.382715 0.0390625 0.0861328 0.00104809
0 0.165625 0.193555 0.320312 0.376953 0.00103664
1 0.785937 0.456348 0.125 0.179492 0.00102043
