0 0.590527 0.85332 0.762695 0.258984 0.565918
1 0.382422 0.458984 0.389844 0.507031 0.407227
0 0.377734 0.447266 0.402344 0.476562 0.351318
0 0.597656 0.699219 0.304688 0.220313 0.169434
0 0.348047 0.549219 0.447656 0.673437 0.145142
1 0.235547 0.710547 0.425 0.427344 0.110291
1 0.619531 0.853906 0.717188 0.257812 0.0927124
0 0.235547 0.710547 0.425 0.427344 0.0725098
1 0.348047 0.549219 0.447656 0.673437 0.0361633
0 0.555078 0.710156 0.21875 0.209375 0.035553
0 0.458984 0.282422 0.220313 0.184375 0.0156021
0 0.285937 0.61709 0.424219 0.612695 0.0116882
0 0.475 0.306445 0.19375 0.219922 0.00952148
1 0.597656 0.699219 0.304688 0.220313 0.00891876
0 0.719141 0.847656 0.507031 0.267188 0.008255
0 0.709766 0.663281 0.101562 0.090625 0.00784302
0 0.578906 0.667578 0.257812 0.150781 0.00757599
0 0.255664 0.758594 0.388672 0.329688 0.00595856
0 0.593848 0.880664 0.749805 0.238672 0.00572968
0 0.309961 0.319531 0.198828 0.21875 0.00551224
0 0.588281 0.701563 0.178125 0.223438 0.0041008
0 0.355859 0.726562 0.201562 0.171875 0.00385475
1 0.285937 0.61709 0.424219 0.612695 0.00378036
0 0.189844 0.664062 0.379687 0.53125 0.00356483
0 0.84082 0.627246 0.280859 0.592383 0.00316048
0 0.7 0.654688 0.121875 0.09375 0.00300407
0 0.65625 0.667969 0.201562 0.11875 0.00292397
1 0.593848 0.880664 0.749805 0.238672 0.00279999
0 0.650391 0.698828 0.307031 0.225781 0.00266266
0 0.0928711 0.344336 0.185742 0.219922 0.00261116
0 0.478516 0.882812 0.26875 0.153125 0.00259018
0 0.619531 0.666406 0.276563 0.129688 0.002388
0 0.694141 0.673437 0.128125 0.125 0.00230598
1 0.255664 0.758594 0.388672 0.329688 0.00224304
0 0.411719 0.308984 0.28125 0.216406 0.00178242
0 0.630078 0.639844 0.253906 0.078125 0.0016613
0 0.701172 0.469531 0.535156 0.801562 0.00161076
1 0.555078 0.710156 0.21875 0.209375 0.00160408
1 0.458984 0.282422 0.220313 0.184375 0.00153065
0 0.686719 0.82793 0.228125 0.187891 0.00148964
1 0.475 0.306445 0.19375 0.219922 0.00148392
0 0.436816 0.217383 0.22793 0.0398437 0.00148392
0 0.635156 0.764063 0.379687 0.351562 0.00143814
1 0.189844 0.664062 0.379687 0.53125 0.00137806
0 0.416504 0.907031 0.229492 0.140625 0.00136662
0 0.330273 0.701953 0.243359 0.147656 0.00134563
0 0.610156 0.808008 0.703125 0.349609 0.00131989
0 0.349609 0.699219 0.211719 0.11875 0.00122547
0 0.499219 0.296484 0.148438 0.2125 0.00119686
0 0.854688 0.553809 0.290625 0.736133 0.0011034
0 0.3375 0.323828 0.207813 0.242969 0.00105286
0 0.0991211 0.385938 0.198242 0.50625 0.00101662
1 0.694141 0.673437 0.128125 0.125 0.00101662
1 0.65625 0.667969 0.201562 0.11875 0.00100803
0 0.713281 0.658594 0.0671875 0.0953125 0.6875
0 0.55625 0.721094 0.234375 0.175 0.602051
0 0.246484 0.768359 0.449219 0.244531 0.44165
1 0.342187 0.438184 0.469531 0.464258 0.425293
0 0.3125 0.429297 0.535156 0.442187 0.42334
0 0.245508 0.794531 0.431641 0.171875 0.410156
0 0.595312 0.7 0.3 0.173438 0.351318
0 0.733203 0.325 0.499219 0.620313 0.294922
0 0.709766 0.662891 0.0757812 0.125781 0.27832
0 0.783594 0.482812 0.415625 0.939062 0.24585
0 0.141992 0.173535 0.254297 0.331055 0.240723
0 0.395703 0.434766 0.376563 0.453906 0.166626
0 0.406152 0.779688 0.0814453 0.11875 0.137939
0 0.300391 0.836133 0.353906 0.180859 0.136597
0 0.114063 0.447754 0.228125 0.304492 0.132935
0 0.292188 0.685938 0.54375 0.426562 0.127197
0 0.245703 0.911328 0.463281 0.177344 0.108948
0 0.555566 0.916406 0.591992 0.167187 0.0895996
1 0.254297 0.751953 0.463281 0.283594 0.0892944
0 0.405859 0.79668 0.1 0.141016 0.0800781
1 0.733203 0.325 0.499219 0.620313 0.0770874
0 0.140137 0.899219 0.25957 0.198437 0.071228
0 0.716406 0.679688 0.078125 0.126563 0.0703125
0 0.642969 0.871875 0.41875 0.25625 0.0570679
1 0.595312 0.7 0.3 0.173438 0.0561218
0 0.623047 0.880859 0.616406 0.238281 0.0557251
1 0.251563 0.789258 0.44375 0.193359 0.0512695
0 0.416016 0.927344 0.825781 0.145313 0.0512695
1 0.55625 0.721094 0.234375 0.175 0.047699
1 0.783594 0.482812 0.415625 0.939062 0.0474243
1 0.141992 0.173535 0.254297 0.331055 0.0427246
0 0.205127 0.162891 0.364746 0.308594 0.0397034
0 0.308008 0.842188 0.502734 0.19375 0.0392761
1 0.292188 0.685938 0.54375 0.426562 0.0386047
1 0.717969 0.66875 0.0765625 0.113281 0.0349426
0 0.131445 0.496973 0.262891 0.348242 0.0344849
0 0.861133 0.691016 0.274609 0.611719 0.033783
0 0.728516 0.663281 0.0570313 0.103125 0.0321655
1 0.410156 0.796875 0.0875 0.142188 0.0285492
0 0.328125 0.935938 0.592188 0.128125 0.0268097
0 0.84375 0.537891 0.310937 0.924219 0.026413
1 0.642969 0.871875 0.41875 0.25625 0.026001
0 0.4125 0.768359 0.0773437 0.186719 0.0256653
0 0.696875 0.675781 0.11875 0.117188 0.0240936
1 0.292773 0.485547 0.572266 0.582031 0.0240021
1 0.607813 0.870117 0.659375 0.256641 0.0236053
0 0.298438 0.549609 0.571875 0.707031 0.0222473
1 0.259375 0.819531 0.409375 0.201562 0.021698
1 0.205127 0.162891 0.364746 0.308594 0.0210114
0 0.708203 0.639063 0.0851562 0.190625 0.0204163
1 0.613672 0.905469 0.569531 0.189063 0.02034
0 0.736719 0.460254 0.317187 0.35293 0.0198364
1 0.267969 0.922266 0.49375 0.155469 0.0194244
1 0.377734 0.369531 0.396094 0.33125 0.0192719
0 0.230469 0.705469 0.421094 0.359375 0.019165
1 0.300391 0.836133 0.353906 0.180859 0.0185394
0 0.644922 0.689844 0.388281 0.153125 0.0179901
1 0.728516 0.663281 0.0570313 0.103125 0.0160217
0 0.647266 0.675 0.0921875 0.107031 0.0156708
0 0.535156 0.342187 0.075 0.115625 0.0153046
0 0.5125 0.489062 0.153125 0.39375 0.0153046
0 0.377734 0.369531 0.396094 0.33125 0.0142288
0 0.137109 0.574219 0.274219 0.3375 0.0126724
0 0.419531 0.782812 0.0703125 0.121875 0.0124283
1 0.149316 0.903125 0.264648 0.1875 0.0122375
0 0.721484 0.394141 0.272656 0.466406 0.0100937
0 0.15918 0.875781 0.269531 0.248437 0.00908661
0 0.458203 0.435156 0.255469 0.467969 0.0085144
0 0.508594 0.264844 0.110937 0.115625 0.00847626
0 0.646875 0.672656 0.29375 0.128125 0.00828552
1 0.696875 0.675781 0.11875 0.117188 0.00812531
0 0.750781 0.330859 0.339063 0.591406 0.00806427
1 0.416016 0.927344 0.825781 0.145313 0.00763702
0 0.592969 0.744531 0.283594 0.251563 0.00757599
0 0.709375 0.502734 0.259375 0.310937 0.00743103
0 0.370898 0.9 0.609766 0.195312 0.00706482
0 0.143555 0.668359 0.266016 0.289844 0.00703812
1 0.326172 0.569922 0.621094 0.694531 0.00701141
0 0.144727 0.620313 0.289453 0.334375 0.00679779
0 0.713281 0.858594 0.339063 0.260938 0.00669098
0 0.10332 0.402441 0.206641 0.232617 0.00664139
0 0.218164 0.841406 0.381641 0.246875 0.00661469
0 0.264258 0.126172 0.256641 0.235938 0.00658798
0 0.55 0.477734 0.071875 0.132031 0.00634003
0 0.546094 0.897656 0.26875 0.204688 0.00629044
1 0.328125 0.935938 0.592188 0.128125 0.00624084
0 0.538672 0.360547 0.078125 0.11875 0.00624084
1 0.419531 0.782812 0.0703125 0.121875 0.00593567
1 0.84375 0.537891 0.310937 0.924219 0.00579834
0 0.168359 0.729688 0.301562 0.29375 0.00559998
0 0.892187 0.458984 0.215625 0.902344 0.00548935
0 0.137207 0.717188 0.244727 0.257812 0.00547028
0 0.527344 0.33418 0.0984375 0.106641 0.00534439
0 0.462402 0.505469 0.245508 0.342969 0.00530243
0 0.509375 0.550781 0.154687 0.304688 0.00527954
0 0.347461 0.157813 0.0777344 0.11875 0.00524139
1 0.230469 0.705469 0.421094 0.359375 0.00510025
1 0.114063 0.447754 0.228125 0.304492 0.00471878
0 0.275391 0.273633 0.107813 0.108984 0.00469971
0 0.7125 0.6875 0.0859375 0.0796875 0.00466537
1 0.865234 0.639453 0.269531 0.721094 0.00466537
0 0.523438 0.793555 0.207813 0.256641 0.00450516
0 0.567969 0.627344 0.171875 0.0421875 0.00441742
0 0.671094 0.519531 0.178125 0.228125 0.00432968
1 0.308008 0.842188 0.502734 0.19375 0.00431442
0 0.381641 0.664844 0.729688 0.442187 0.00421524
1 0.123242 0.882422 0.220703 0.235156 0.00399017
0 0.269922 0.825 0.455469 0.278125 0.00399017
0 0.363281 0.845312 0.15 0.05 0.00388527
0 0.370703 0.692578 0.124219 0.0695312 0.00380898
0 0.521094 0.284375 0.09375 0.123438 0.00376511
0 0.402441 0.810742 0.10293 0.0941406 0.00372124
1 0.711328 0.661328 0.0710938 0.0859375 0.00370789
0 0.492969 0.254687 0.128125 0.0847656 0.0036068
1 0.736719 0.460254 0.317187 0.35293 0.00348282
0 0.758594 0.639844 0.071875 0.254687 0.00348282
0 0.552734 0.454688 0.0640625 0.1375 0.00340271
1 0.264258 0.126172 0.256641 0.235938 0.00333786
1 0.302734 0.901563 0.541406 0.19375 0.00331116
1 0.644922 0.689844 0.388281 0.153125 0.00327301
0 0.698438 0.648828 0.111719 0.0679687 0.00322342
0 0.110254 0.416797 0.220508 0.242188 0.003088
0 0.278906 0.388281 0.0648438 0.133594 0.00307465
0 0.491797 0.904688 0.270312 0.190625 0.0030632
1 0.750781 0.330859 0.339063 0.591406 0.00298119
0 0.134961 0.245898 0.232422 0.449609 0.00293541
0 0.554297 0.795313 0.2375 0.301562 0.00293541
0 0.537109 0.331055 0.075 0.198047 0.00288963
0 0.289062 0.269531 0.126953 0.075 0.00277901
0 0.349219 0.374414 0.08125 0.126172 0.00265312
0 0.360938 0.764063 0.164062 0.203125 0.00261116
0 0.434375 0.634766 0.102344 0.0882813 0.00245285
0 0.294922 0.275977 0.090625 0.118359 0.00245285
0 0.635938 0.680469 0.119531 0.09375 0.00239754
1 0.458203 0.435156 0.255469 0.467969 0.002388
0 0.532812 0.319141 0.078125 0.138281 0.00231361
0 0.532812 0.554297 0.090625 0.110937 0.00226974
0 0.323438 0.86875 0.63125 0.242188 0.00225258
0 0.882031 0.194873 0.23125 0.379785 0.00219917
1 0.713281 0.858594 0.339063 0.260938 0.00219154
0 0.548437 0.41416 0.0734375 0.132617 0.00218201
0 0.348828 0.268555 0.096875 0.105859 0.00212479
1 0.208936 0.791406 0.378223 0.257812 0.00205803
0 0.551172 0.400879 0.0726563 0.20293 0.00203514
0 0.43125 0.649219 0.104687 0.0671875 0.00203514
1 0.721484 0.394141 0.272656 0.466406 0.00203514
0 0.553906 0.453906 0.0726563 0.185937 0.00195694
0 0.540234 0.357227 0.0765625 0.166797 0.00194168
0 0.341797 0.174023 0.0914062 0.0835937 0.00191212
0 0.349414 0.399121 0.0808594 0.12207 0.00190449
0 0.151172 0.778125 0.268359 0.246875 0.00189686
0 0.741797 0.4875 0.460156 0.617188 0.00188255
1 0.131445 0.496973 0.262891 0.348242 0.00187492
1 0.5125 0.489062 0.153125 0.39375 0.0018177
0 0.503906 0.625781 0.110937 0.075 0.00178242
1 0.592969 0.744531 0.283594 0.251563 0.00177479
0 0.279687 0.3625 0.0742188 0.196094 0.00176811
0 0.507812 0.465625 0.107813 0.0765625 0.00172043
0 0.560547 0.690625 0.277344 0.153125 0.00170708
1 0.218164 0.841406 0.381641 0.246875 0.0017004
0 0.261523 0.287305 0.0902344 0.116016 0.00168705
0 0.5375 0.382031 0.103125 0.107813 0.00165462
0 0.711719 0.775195 0.528125 0.374609 0.0016489
0 0.23125 0.3875 0.0710938 0.126563 0.0016489
1 0.395312 0.792188 0.10625 0.145313 0.00162315
0 0.350586 0.139746 0.0707031 0.137695 0.00157356
0 0.410937 0.478906 0.110937 0.090625 0.00156689
0 0.3375 0.729688 0.0835937 0.115625 0.00154877
0 0.54375 0.538281 0.06875 0.136719 0.00154305
0 0.289062 0.349414 0.06875 0.208984 0.00148964
0 0.302344 0.287695 0.071875 0.133594 0.00146675
0 0.236719 0.361914 0.0796875 0.133203 0.0014267
0 0.330664 0.718359 0.233984 0.177344 0.00136185
1 0.546094 0.897656 0.26875 0.204688 0.00135136
0 0.577344 0.620313 0.140625 0.0484375 0.00133514
0 0.578516 0.838281 0.277344 0.314063 0.00132465
1 0.381641 0.664844 0.729688 0.442187 0.00131512
0 0.357812 0.683594 0.142188 0.0625 0.00126934
1 0.168359 0.729688 0.301562 0.29375 0.00126934
1 0.646875 0.672656 0.29375 0.128125 0.0012598
0 0.0984619 0.384473 0.191357 0.193555 0.00125504
0 0.310156 0.136426 0.15625 0.15957 0.00124931
0 0.492969 0.37666 0.176563 0.276367 0.0012207
0 0.641016 0.8625 0.297656 0.260938 0.00121117
0 0.544531 0.386719 0.08125 0.136719 0.00119686
0 0.506641 0.610156 0.114844 0.104687 0.00115108
0 0.277734 0.409473 0.0703125 0.137305 0.0011034
0 0.351172 0.139087 0.075 0.191357 0.00109863
0 0.378516 0.714844 0.117969 0.148438 0.00109482
1 0.360938 0.764063 0.164062 0.203125 0.00109005
0 0.753906 0.264062 0.4 0.48125 0.00108624
0 0.442969 0.620703 0.10625 0.117969 0.00107288
0 0.821875 0.730078 0.326562 0.511719 0.00106907
0 0.697656 0.707812 0.123438 0.0484375 0.00106525
1 0.155469 0.678906 0.276953 0.304688 0.00106525
0 0.269922 0.932422 0.5125 0.135156 0.00106049
0 0.505469 0.449609 0.104687 0.0898438 0.00104809
0 0.251758 0.598828 0.452734 0.572656 0.00104427
0 0.537109 0.726953 0.182031 0.153906 0.00104046
0 0.244336 0.348633 0.0882813 0.140234 0.00104046
0 0.357031 0.832812 0.167187 0.05625 0.00102425
0 0.526563 0.450781 0.128906 0.14375 0.00100803
1 0.389062 0.447266 0.384375 0.486719 0.830078
1 0.309766 0.444531 0.5375 0.492188 0.587891
0 0.714844 0.6625 0.075 0.110937 0.019455
0 0.36875 0.726953 0.174219 0.192969 0.0085144
0 0.521875 0.729297 0.176563 0.183594 0.00766754
1 0.714844 0.6625 0.075 0.110937 0.00518036
1 0.359766 0.724219 0.175 0.196875 0.00378036
0 0.234766 0.815625 0.205469 0.217187 0.00307465
1 0.521875 0.729297 0.176563 0.183594 0.00240517
0 0.889844 0.00437012 0.220313 0.00874023 0.00209999
1 0.29707 0.542285 0.594141 0.688867 0.00208282
0 0.7 0.670313 0.101562 0.128125 0.00189686
0 0.149512 0.00490723 0.299023 0.00981445 0.00154305
1 0.234766 0.815625 0.205469 0.217187 0.00145531
0 0.321094 0.714453 0.239844 0.210156 0.00132465
1 0.21543 0.652441 0.430859 0.562305 0.00130463
1 0.698438 0.518066 0.426562 0.779492 0.00121117
0 0.83418 0.0045166 0.331641 0.0090332 0.00113773
1 0.244727 0.743359 0.419922 0.374219 0.00112438
0 0.321094 0.0050293 0.482812 0.0100586 0.0011158
0 0.420312 0.00510254 0.484375 0.0102051 0.0011034
0 0.71875 0.00493164 0.489062 0.00986328 0.00109482
1 0.148438 0.587109 0.290625 0.625781 0.00108624
0 0.520215 0.00506592 0.48457 0.0101318 0.00104427
1 0.310742 0.426953 0.544922 0.471875 0.867676
1 0.589063 0.705859 0.309375 0.222656 0.0925293
1 0.380078 0.423535 0.395312 0.449805 0.0784912
0 0.572656 0.701563 0.271875 0.228125 0.0541992
0 0.244141 0.767578 0.407813 0.297656 0.0541077
1 0.286523 0.551562 0.562891 0.740625 0.0335999
0 0.347461 0.728906 0.199609 0.189063 0.0276947
1 0.244141 0.767578 0.407813 0.297656 0.0164032
1 0.0979492 0.422656 0.195898 0.288281 0.0161591
0 0.093457 0.420312 0.186914 0.284375 0.0143356
0 0.327148 0.765625 0.245703 0.259375 0.0111618
0 0.683594 0.674219 0.132812 0.129688 0.00818634
0 0.316602 0.723437 0.252734 0.215625 0.00651169
1 0.347461 0.728906 0.199609 0.189063 0.00624084
0 0.708984 0.660937 0.0859375 0.0890625 0.00407028
0 0.0797852 0.385938 0.15957 0.225 0.00370789
1 0.327148 0.765625 0.245703 0.259375 0.00286674
0 0.655078 0.676562 0.188281 0.123438 0.00275803
0 0.372656 0.743359 0.153125 0.153906 0.00236893
1 0.0797852 0.385938 0.15957 0.225 0.00217438
1 0.316602 0.723437 0.252734 0.215625 0.00174809
0 0.102734 0.467187 0.205469 0.38125 0.00171375
1 0.683594 0.674219 0.132812 0.129688 0.00147247
1 0.096875 0.47666 0.19375 0.407617 0.00139427
0 0.539453 0.735156 0.196094 0.171875 0.00108147
1 0.223633 0.680078 0.440234 0.478906 0.00106907
1 0.394434 0.436621 0.387695 0.46582 0.802734
0 0.39209 0.434277 0.386133 0.483008 0.0555115
0 0.260938 0.832812 0.4 0.176563 0.0274811
0 0.569531 0.710938 0.267188 0.201562 0.0217438
0 0.706641 0.666406 0.1 0.1 0.0216217
0 0.705469 0.650781 0.102344 0.078125 0.00861359
0 0.256201 0.785937 0.399316 0.257812 0.00793457
1 0.706641 0.666406 0.1 0.1 0.00591278
1 0.582031 0.703125 0.264062 0.192188 0.00570679
1 0.212305 0.642187 0.409766 0.545313 0.00462723
0 0.212305 0.642187 0.409766 0.545313 0.00419998
1 0.260938 0.832812 0.4 0.176563 0.00408554
1 0.256201 0.785937 0.399316 0.257812 0.00244331
1 0.705469 0.650781 0.102344 0.078125 0.00219154
0 0.385938 0.7375 0.135156 0.171875 0.00175476
0 0.715625 0.653516 0.0640625 0.0835937 0.00169373
0 0.382812 0.769531 0.139844 0.1125 0.00133038
0 0.296484 0.733984 0.501562 0.233594 0.00123024
1 0.393848 0.431348 0.393555 0.476367 0.915039
1 0.270312 0.760156 0.372656 0.321875 0.204956
0 0.717969 0.654688 0.0734375 0.0882813 0.199341
1 0.235156 0.688281 0.43125 0.465625 0.0254669
0 0.282031 0.763281 0.344531 0.315625 0.0245667
0 0.716406 0.670313 0.0796875 0.1125 0.0121918
1 0.354102 0.742578 0.204297 0.207031 0.00828552
1 0.717969 0.654688 0.0734375 0.0882813 0.00712204
1 0.609375 0.692578 0.296875 0.172656 0.00510025
1 0.592188 0.708984 0.314063 0.225781 0.00494385
1 0.172852 0.58584 0.330859 0.654883 0.00327301
0 0.609375 0.692578 0.296875 0.172656 0.00309944
0 0.351172 0.729688 0.20625 0.19375 0.00270462
0 0.379297 0.74375 0.146875 0.154687 0.00237846
0 0.666797 0.68125 0.173438 0.146875 0.00233269
0 0.394434 0.435156 0.392383 0.48125 0.00219917
1 0.666797 0.68125 0.173438 0.146875 0.00216484
0 0.705859 0.660937 0.0976562 0.103125 0.00201988
0 0.592188 0.708984 0.314063 0.225781 0.00178909
1 0.149023 0.639844 0.277344 0.515625 0.0016489
1 0.716406 0.670313 0.0796875 0.1125 0.00143242
1 0.386719 0.434375 0.392188 0.478906 0.852539
0 0.717969 0.655859 0.078125 0.0695312 0.0241394
0 0.713672 0.667188 0.0882813 0.117188 0.0191956
0 0.682031 0.670313 0.14375 0.124219 0.0069313
0 0.386719 0.434375 0.392188 0.478906 0.00666809
1 0.717188 0.65625 0.0765625 0.0796875 0.00572968
1 0.252734 0.748438 0.400781 0.3625 0.00429916
1 0.247266 0.606152 0.417969 0.64082 0.00415039
0 0.702344 0.653125 0.10625 0.0703125 0.00365067
0 0.541797 0.712109 0.292969 0.197656 0.00287819
0 0.260156 0.757031 0.388281 0.340625 0.00266266
0 0.109766 0.425879 0.210938 0.279492 0.00245285
1 0.111621 0.430859 0.218945 0.291406 0.00159168
1 0.709375 0.667969 0.0875 0.103906 0.00139904
1 0.5875 0.717578 0.340625 0.230469 0.00135612
0 0.247266 0.606152 0.417969 0.64082 0.00109005
1 0.702344 0.653125 0.10625 0.0703125 0.00107288
0 0.5875 0.717578 0.340625 0.230469 0.00102425
1 0.388281 0.432813 0.392188 0.472656 0.851562
0 0.385254 0.432422 0.39668 0.475781 0.0136337
1 0.251953 0.641797 0.483594 0.553906 0.00626373
1 0.239453 0.75 0.439844 0.328125 0.00502014
0 0.239453 0.75 0.439844 0.328125 0.00429916
0 0.708984 0.653906 0.0851562 0.075 0.00345612
0 0.251953 0.641797 0.483594 0.553906 0.00186062
0 0.349609 0.718359 0.217969 0.222656 0.00126934
1 0.598437 0.707812 0.320312 0.209375 0.00119686
1 0.390234 0.432813 0.391406 0.484375 0.855957
0 0.388672 0.433203 0.389844 0.485156 0.0250854
1 0.240234 0.592578 0.460938 0.663281 0.011734
0 0.240234 0.592578 0.460938 0.663281 0.0068779
0 0.24668 0.7375 0.406641 0.373437 0.00365067
0 0.591406 0.708594 0.339063 0.226562 0.00269318
1 0.24668 0.7375 0.406641 0.373437 0.00171375
0 0.714063 0.672266 0.0734375 0.102344 0.00158501
1 0.591406 0.708594 0.339063 0.226562 0.00141621
1 0.301953 0.536328 0.569531 0.686719 0.00139427
0 0.703906 0.672656 0.10625 0.108594 0.0011158
1 0.386328 0.437109 0.389844 0.476562 0.837402
1 0.230469 0.575684 0.44375 0.698633 0.036499
1 0.233203 0.744531 0.432813 0.370313 0.0192719
0 0.242578 0.759375 0.413281 0.334375 0.00609589
0 0.703125 0.670313 0.103125 0.110937 0.00600433
1 0.586328 0.719531 0.361719 0.246875 0.00277901
0 0.713281 0.657812 0.0765625 0.08125 0.00269318
0 0.584375 0.721484 0.35625 0.258594 0.00184631
0 0.528906 0.719531 0.215625 0.220313 0.00177479
0 0.499219 0.883008 0.607813 0.221484 0.00132465
0 0.514453 0.723828 0.477344 0.267969 0.0011034
1 0.390234 0.432813 0.391406 0.484375 0.856445
0 0.388672 0.433203 0.389844 0.485156 0.0249329
1 0.240234 0.592578 0.460938 0.663281 0.0117798
0 0.240234 0.592578 0.460938 0.663281 0.0068512
0 0.24668 0.7375 0.406641 0.373437 0.00363541
0 0.591406 0.708594 0.339063 0.226562 0.00269318
1 0.24668 0.7375 0.406641 0.373437 0.00171375
0 0.714063 0.672266 0.0734375 0.102344 0.00157928
1 0.591406 0.708594 0.339063 0.226562 0.00142097
1 0.301953 0.536328 0.569531 0.686719 0.00139904
0 0.703906 0.672656 0.10625 0.108594 0.00111198
