0 0.645312 0.486035 0.346875 0.37793 0.835449
0 0.419922 0.643359 0.261719 0.303906 0.755859
0 0.417969 0.911719 0.127344 0.175 0.370117
0 0.861719 0.843555 0.276563 0.309766 0.324219
0 0.913281 0.844531 0.173438 0.310937 0.272705
0 0.129492 0.934375 0.221875 0.10625 0.265137
0 0.282813 0.533594 0.126172 0.184375 0.256104
0 0.327148 0.875781 0.112109 0.16875 0.222656
0 0.258594 0.19375 0.290625 0.178906 0.204956
0 0.510156 0.853125 0.104687 0.13125 0.175537
0 0.14043 0.771875 0.251172 0.184375 0.171021
1 0.417969 0.911719 0.127344 0.175 0.169922
0 0.116211 0.5625 0.232422 0.251563 0.160278
0 0.910937 0.515625 0.178125 0.165625 0.151001
1 0.417969 0.640234 0.265625 0.314844 0.119385
1 0.129492 0.934375 0.221875 0.10625 0.113586
0 0.701563 0.95 0.06875 0.096875 0.11084
1 0.325781 0.875781 0.0945313 0.178125 0.100159
0 0.260547 0.236914 0.288281 0.266016 0.0985718
1 0.510156 0.853125 0.104687 0.13125 0.0970459
0 0.39834 0.596875 0.211133 0.215625 0.0966797
0 0.231641 0.182471 0.195703 0.139746 0.0859985
1 0.910937 0.515625 0.178125 0.165625 0.0762939
1 0.861719 0.843555 0.276563 0.309766 0.0653687
0 0.692578 0.942578 0.078125 0.114844 0.0634766
0 0.939062 0.857031 0.120312 0.267188 0.062561
0 0.669141 0.923437 0.117969 0.153125 0.0596619
1 0.288672 0.544531 0.120312 0.210938 0.0570679
1 0.913281 0.844531 0.173438 0.310937 0.0563354
1 0.14043 0.771875 0.251172 0.184375 0.0512695
0 0.276123 0.290625 0.262598 0.29375 0.0503235
1 0.645312 0.487109 0.342187 0.373437 0.0498657
0 0.482031 0.338672 0.132031 0.0882813 0.0481262
0 0.0554687 0.0920898 0.110937 0.18418 0.0469055
0 0.822656 0.138892 0.304688 0.177295 0.0449219
1 0.116211 0.5625 0.232422 0.251563 0.0390625
0 0.466406 0.326953 0.165625 0.0726563 0.0380249
0 0.114746 0.535156 0.20293 0.248437 0.0377502
0 0.129395 0.834375 0.227539 0.304688 0.0375977
0 0.417578 0.399219 0.151562 0.046875 0.0372009
1 0.258594 0.19375 0.290625 0.178906 0.0358276
0 0.326758 0.269922 0.157422 0.0609375 0.0315552
0 0.492188 0.888281 0.153125 0.184375 0.0305023
0 0.774219 0.146655 0.185937 0.146533 0.0270081
0 0.519141 0.875 0.113281 0.16875 0.0267029
0 0.645312 0.910547 0.0804688 0.178906 0.0264587
0 0.914062 0.490234 0.171875 0.113281 0.0251312
1 0.262939 0.252539 0.286621 0.291016 0.0239105
0 0.9125 0.463672 0.175 0.071875 0.0222931
0 0.121875 0.94375 0.24375 0.090625 0.0220795
0 0.161328 0.785156 0.23125 0.129688 0.0218658
0 0.120605 0.871875 0.192383 0.053125 0.0218201
0 0.14375 0.75 0.263672 0.0671875 0.0216522
0 0.192969 0.757031 0.164844 0.16875 0.0210876
0 0.781445 0.291406 0.124609 0.121875 0.0207977
0 0.802344 0.874219 0.167187 0.245312 0.0204163
0 0.136328 0.735156 0.272656 0.0984375 0.0202484
0 0.664062 0.921094 0.090625 0.157813 0.0196381
0 0.284766 0.160645 0.240625 0.0986328 0.0195618
1 0.0554687 0.0920898 0.110937 0.18418 0.0193481
0 0.773828 0.124634 0.183594 0.109717 0.0185089
1 0.692578 0.942578 0.078125 0.114844 0.0184784
0 0.385156 0.396094 0.216406 0.0492188 0.0178528
0 0.18667 0.809375 0.179785 0.123438 0.0175781
0 0.31582 0.142383 0.176953 0.0742188 0.0165253
0 0.0644531 0.339648 0.124609 0.189453 0.0161591
1 0.669141 0.923437 0.117969 0.153125 0.0149536
1 0.822656 0.138892 0.304688 0.177295 0.0149536
0 0.424902 0.429297 0.133008 0.103125 0.0146179
1 0.482031 0.338672 0.132031 0.0882813 0.014389
0 0.528906 0.208594 0.30625 0.196094 0.0139542
0 0.789062 0.307227 0.120312 0.0988281 0.0132217
1 0.492188 0.888281 0.153125 0.184375 0.0131683
0 0.914062 0.126733 0.1625 0.186377 0.0126266
0 0.180273 0.947656 0.163672 0.0859375 0.0121918
0 0.929688 0.816992 0.109375 0.366016 0.0120544
0 0.112598 0.903125 0.225195 0.090625 0.0119629
0 0.328906 0.155859 0.15 0.0914062 0.0118713
0 0.14248 0.475 0.140039 0.110156 0.0116882
1 0.519141 0.875 0.113281 0.16875 0.0113297
0 0.9625 0.925781 0.075 0.148438 0.0113297
1 0.114746 0.535156 0.20293 0.248437 0.0109482
0 0.10498 0.755859 0.199414 0.132031 0.0108185
0 0.125781 0.931641 0.227734 0.136719 0.0103302
0 0.499219 0.167969 0.225 0.0894531 0.0103302
0 0.411328 0.914062 0.0929687 0.15625 0.0102463
0 0.150977 0.944531 0.220703 0.084375 0.01017
1 0.939062 0.857031 0.120312 0.267188 0.00993347
0 0.295312 0.550391 0.142969 0.225781 0.00923157
0 0.613672 0.104883 0.178906 0.116211 0.00919342
1 0.417578 0.399219 0.151562 0.046875 0.00901794
0 0.908984 0.320117 0.182031 0.237891 0.00901794
0 0.55 0.946094 0.1125 0.101562 0.00878143
0 0.299609 0.339453 0.186719 0.199219 0.00857544
0 0.77832 0.101562 0.177734 0.0716797 0.00841522
1 0.129395 0.834375 0.227539 0.304688 0.00803375
0 0.642969 0.317383 0.285937 0.0421875 0.00787354
1 0.231641 0.182471 0.195703 0.139746 0.00763702
0 0.791406 0.160742 0.242188 0.112109 0.00754929
0 0.499219 0.181592 0.245312 0.0649414 0.00746155
0 0.650781 0.921875 0.0640625 0.15625 0.00717545
0 0.431934 0.8875 0.118945 0.171875 0.00701141
1 0.192969 0.757031 0.164844 0.16875 0.00695801
0 0.323633 0.311719 0.165234 0.139844 0.0068512
1 0.125781 0.931641 0.227734 0.136719 0.00656509
0 0.107617 0.646875 0.215234 0.053125 0.00629044
0 0.307813 0.304297 0.201562 0.259375 0.00621796
0 0.172852 0.939062 0.169922 0.121875 0.006073
0 0.129785 0.908594 0.222461 0.15625 0.006073
1 0.466406 0.326953 0.165625 0.0726563 0.00591278
0 0.503027 0.166895 0.262695 0.0693359 0.00577545
1 0.774219 0.146655 0.185937 0.146533 0.00561905
0 0.34375 0.1625 0.117969 0.0941406 0.00542831
1 0.781445 0.291406 0.124609 0.121875 0.00530243
0 0.411719 0.382031 0.14375 0.16875 0.00527954
1 0.701563 0.95 0.06875 0.096875 0.00526047
0 0.333398 0.366602 0.169141 0.0738281 0.00510025
0 0.510938 0.890625 0.128125 0.215625 0.00498199
0 0.357812 0.889063 0.157031 0.189063 0.00498199
1 0.645312 0.910547 0.0804688 0.178906 0.00494385
0 0.939844 0.839063 0.120312 0.321875 0.0049057
1 0.528906 0.208594 0.30625 0.196094 0.00482941
1 0.914062 0.126733 0.1625 0.186377 0.00450516
0 0.442187 0.337305 0.123438 0.0832031 0.00443268
1 0.172852 0.939062 0.169922 0.121875 0.00438309
0 0.323438 0.346484 0.167969 0.110937 0.00432968
0 0.323438 0.121777 0.166406 0.0478516 0.00432968
1 0.914062 0.490234 0.171875 0.113281 0.00419998
1 0.332422 0.272852 0.147656 0.0550781 0.00415039
1 0.424902 0.429297 0.133008 0.103125 0.00413513
1 0.802344 0.874219 0.167187 0.245312 0.00408554
0 0.327734 0.249414 0.153906 0.0675781 0.00407028
0 0.150195 0.723047 0.251953 0.0859375 0.00407028
0 0.111914 0.882812 0.200391 0.053125 0.00400543
0 0.157031 0.508203 0.120312 0.16875 0.00391388
0 0.166602 0.759375 0.218359 0.0734375 0.00388527
0 0.410156 0.410059 0.135937 0.170508 0.00387001
1 0.0644531 0.339648 0.124609 0.189453 0.00378036
0 0.285596 0.0597656 0.253027 0.100781 0.00369263
0 0.372656 0.380566 0.24375 0.0513672 0.00366402
1 0.314844 0.158984 0.179688 0.0953125 0.00365067
0 0.337891 0.889063 0.0859375 0.178125 0.00365067
0 0.318359 0.0447266 0.197656 0.0720703 0.00363541
0 0.334375 0.0597778 0.159375 0.0823975 0.00349617
1 0.121875 0.94375 0.24375 0.090625 0.00345612
1 0.929688 0.816992 0.109375 0.366016 0.00341606
0 0.155859 0.53125 0.153906 0.209375 0.00340271
1 0.161328 0.785156 0.23125 0.129688 0.00329781
1 0.773828 0.124634 0.183594 0.109717 0.00324821
1 0.431934 0.8875 0.118945 0.171875 0.00322342
0 0.205273 0.955469 0.130469 0.0890625 0.00317192
0 0.12207 0.586719 0.223438 0.090625 0.00317192
1 0.180273 0.947656 0.163672 0.0859375 0.00317192
1 0.664062 0.921094 0.090625 0.157813 0.00312424
0 0.149805 0.354297 0.102344 0.149219 0.00309944
1 0.613672 0.104883 0.178906 0.116211 0.00309944
1 0.9625 0.925781 0.075 0.148438 0.003088
1 0.119434 0.874219 0.199414 0.05 0.00302696
1 0.14248 0.475 0.140039 0.110156 0.00302696
1 0.18667 0.809375 0.179785 0.123438 0.00300407
0 0.666406 0.914062 0.1 0.139062 0.00294685
0 0.325391 0.90625 0.0933594 0.11875 0.00293541
0 0.546875 0.160059 0.3125 0.250195 0.00291252
0 0.336328 0.841406 0.0945313 0.0984375 0.00288963
0 0.780469 0.163574 0.173438 0.0876953 0.00288963
0 0.359961 0.354688 0.200391 0.0804688 0.00279999
0 0.164551 0.492188 0.121289 0.104687 0.00275803
1 0.385156 0.396094 0.216406 0.0492188 0.00270462
0 0.322656 0.179102 0.165625 0.14375 0.00269318
0 0.405859 0.519531 0.1875 0.0671875 0.00266266
0 0.121289 0.638672 0.2375 0.0476562 0.00266266
0 0.115039 0.610937 0.230078 0.0421875 0.0026207
0 0.132422 0.609375 0.223047 0.0609375 0.00259018
0 0.20625 0.136914 0.213281 0.233594 0.00258064
0 0.431641 0.888281 0.117969 0.0984375 0.00253105
0 0.609375 0.417285 0.273438 0.238867 0.00252151
0 0.660937 0.75625 0.223438 0.171875 0.00245285
0 0.258594 0.108008 0.298438 0.215234 0.00245285
0 0.702344 0.297656 0.135937 0.0460938 0.00245285
0 0.395312 0.884375 0.121875 0.175 0.00242424
0 0.135156 0.754687 0.270312 0.1375 0.00239754
0 0.232031 0.945312 0.0859375 0.109375 0.002388
0 0.176172 0.541406 0.115625 0.221875 0.002388
0 0.455469 0.327734 0.159375 0.150781 0.00236893
1 0.795313 0.311133 0.1125 0.0910156 0.00235939
0 0.884375 0.651563 0.1875 0.114063 0.00229645
0 0.352734 0.282031 0.114063 0.0742188 0.00226974
1 0.150977 0.944531 0.220703 0.084375 0.00226974
0 0.100684 0.508594 0.201367 0.078125 0.00225258
0 0.764063 0.280078 0.146875 0.104687 0.00221634
0 0.259766 0.191211 0.267969 0.119531 0.00215721
1 0.232031 0.945312 0.0859375 0.109375 0.00214958
0 0.79668 0.324414 0.0972656 0.165234 0.00214005
0 0.334375 0.282422 0.147656 0.08125 0.00213242
1 0.791406 0.160742 0.242188 0.112109 0.00212479
0 0.134473 0.326758 0.134961 0.0867188 0.00208282
0 0.103125 0.625 0.20625 0.120312 0.00206757
1 0.395312 0.884375 0.121875 0.175 0.00205803
1 0.55 0.946094 0.1125 0.101562 0.0020504
0 0.418359 0.498828 0.158594 0.0476562 0.00201988
0 0.645312 0.392578 0.315625 0.200781 0.0019722
1 0.112598 0.903125 0.225195 0.090625 0.0019722
1 0.908984 0.320117 0.182031 0.237891 0.00194931
1 0.14375 0.75 0.263672 0.0671875 0.00194931
0 0.29082 0.462598 0.133984 0.373242 0.00190449
0 0.0873047 0.227148 0.158203 0.108984 0.00189686
0 0.889063 0.619141 0.18125 0.065625 0.00188255
1 0.337891 0.889063 0.0859375 0.178125 0.00188255
0 0.249219 0.8375 0.075 0.151562 0.00187492
0 0.119043 0.448047 0.189258 0.0835937 0.00186729
0 0.219531 0.123413 0.204688 0.0969238 0.00185299
0 0.339844 0.30332 0.132812 0.119922 0.00183868
0 0.338672 0.377344 0.201562 0.0640625 0.00183105
0 0.392188 0.632812 0.278125 0.370313 0.00181007
0 0.864062 0.232422 0.264062 0.0679687 0.00175476
0 0.246875 0.879687 0.0609375 0.153125 0.00171375
1 0.499219 0.167969 0.225 0.0894531 0.0017004
0 0.553125 0.249219 0.195312 0.116406 0.00168705
0 0.750781 0.294922 0.139062 0.0492188 0.00168133
0 0.905859 0.521484 0.188281 0.203906 0.00165462
1 0.9125 0.463672 0.175 0.071875 0.00165462
0 0.686719 0.949219 0.0859375 0.0953125 0.0016489
1 0.307813 0.304297 0.201562 0.259375 0.0016489
0 0.795313 0.749219 0.315625 0.282813 0.00163555
0 0.917188 0.826563 0.0921875 0.346875 0.00163555
1 0.510938 0.890625 0.128125 0.215625 0.00161648
0 0.413281 0.901953 0.110156 0.196094 0.00161076
0 0.0928955 0.948438 0.15835 0.103125 0.00158501
0 0.550781 0.93125 0.134375 0.1375 0.00157356
0 0.917969 0.320508 0.164062 0.263672 0.00156689
0 0.109082 0.544922 0.218164 0.305469 0.00156689
0 0.503906 0.193018 0.24375 0.0749023 0.00156689
0 0.102344 0.532812 0.204688 0.071875 0.00154877
0 0.147266 0.710547 0.227344 0.294531 0.00154305
0 0.813867 0.168262 0.269141 0.0853516 0.00153637
1 0.357812 0.889063 0.157031 0.189063 0.00153637
0 0.503125 0.834375 0.120312 0.103125 0.00150108
1 0.31582 0.142383 0.176953 0.0742188 0.00149536
0 0.671094 0.735156 0.267188 0.207813 0.00148392
1 0.129785 0.908594 0.222461 0.15625 0.00142097
0 0.398047 0.346484 0.175781 0.0617188 0.00141621
0 0.912891 0.447656 0.174219 0.0507812 0.00139904
1 0.320117 0.896094 0.0820312 0.121875 0.00139904
1 0.499219 0.181592 0.245312 0.0649414 0.00139427
0 0.489062 0.1875 0.1875 0.0742188 0.00138855
1 0.323633 0.311719 0.165234 0.139844 0.00136662
0 0.199609 0.640625 0.122656 0.0640625 0.00136662
0 0.960156 0.941016 0.0796875 0.117969 0.00136662
1 0.299609 0.339453 0.186719 0.199219 0.00134563
0 0.510938 0.853125 0.115625 0.090625 0.00134087
1 0.411328 0.914062 0.0929687 0.15625 0.00134087
1 0.546875 0.160059 0.3125 0.250195 0.00133514
0 0.885938 0.594922 0.225 0.326562 0.00130463
1 0.666406 0.914062 0.1 0.139062 0.00130463
0 0.159766 0.8875 0.134375 0.0578125 0.00130463
0 0.133984 0.649609 0.194531 0.0507812 0.00130463
0 0.6 0.757812 0.184375 0.18125 0.00130463
0 0.119531 0.853906 0.1875 0.08125 0.00127888
0 0.366406 0.0919922 0.122656 0.0958984 0.00127411
1 0.136328 0.735156 0.272656 0.0984375 0.00126457
0 0.675 0.908594 0.126563 0.182812 0.0012598
0 0.124805 0.564062 0.200781 0.135937 0.00125504
0 0.892969 0.226953 0.214062 0.05625 0.00124454
0 0.115918 0.939453 0.231836 0.121094 0.00123978
0 0.898438 0.121265 0.096875 0.156689 0.0012207
0 0.129712 0.49375 0.170654 0.147656 0.0012207
0 0.261328 0.0758789 0.296094 0.149023 0.00120163
0 0.685156 0.369531 0.28125 0.151562 0.00119686
1 0.39834 0.596875 0.211133 0.215625 0.00118828
0 0.422754 0.349609 0.145117 0.0539063 0.00116062
0 0.0847656 0.341406 0.169531 0.200781 0.00115108
0 0.65625 0.919531 0.06875 0.151562 0.00114727
0 0.478906 0.160352 0.198437 0.116797 0.0011425
1 0.660937 0.75625 0.223438 0.171875 0.00113392
0 0.210986 0.960938 0.121777 0.065625 0.00112915
0 0.187891 0.635938 0.132812 0.0859375 0.00112438
0 0.963281 0.879492 0.0734375 0.241016 0.00111198
0 0.355078 0.19082 0.460938 0.182422 0.00111198
0 0.738672 0.402734 0.186719 0.207031 0.00110722
0 0.605469 0.260938 0.0953125 0.0835937 0.00109863
1 0.111133 0.648438 0.207422 0.0515625 0.00109005
0 0.489062 0.334961 0.119531 0.126172 0.00108147
0 0.261328 0.539844 0.0726563 0.209375 0.00107765
0 0.153345 0.620313 0.194092 0.084375 0.00107765
0 0.619531 0.790625 0.192188 0.10625 0.00107288
1 0.109082 0.544922 0.218164 0.305469 0.00106907
0 0.735156 0.737109 0.36875 0.227344 0.00106525
0 0.885938 0.288477 0.228125 0.269141 0.00106525
0 0.213086 0.839844 0.129688 0.132812 0.00106049
0 0.717969 0.294727 0.125 0.0433594 0.00104809
0 0.910937 0.926562 0.08125 0.146875 0.00104427
1 0.917188 0.826563 0.0921875 0.346875 0.00104427
1 0.155859 0.53125 0.153906 0.209375 0.00104427
1 0.413281 0.901953 0.110156 0.196094 0.00104046
1 0.246875 0.879687 0.0609375 0.153125 0.00104046
0 0.905469 0.739062 0.142188 0.0984375 0.00102425
1 0.650781 0.921875 0.0640625 0.15625 0.00102043
0 0.284033 0.221094 0.225684 0.0695312 0.00101662
1 0.939844 0.839063 0.120312 0.321875 0.00101662
0 0.230469 0.9375 0.08125 0.0875 0.00101185
1 0.65625 0.479688 0.360938 0.359375 0.833496
0 0.439844 0.910937 0.103125 0.171875 0.585938
0 0.324805 0.875 0.104297 0.178125 0.57959
0 0.421875 0.641016 0.263281 0.286719 0.567871
1 0.423828 0.644922 0.265625 0.296094 0.506836
0 0.421484 0.916406 0.138281 0.1625 0.397949
0 0.280078 0.512891 0.124219 0.140625 0.358398
0 0.439453 0.4125 0.157031 0.0390625 0.286133
0 0.207422 0.923437 0.394531 0.153125 0.24939
0 0.404004 0.896875 0.174805 0.178125 0.24292
0 0.436719 0.405078 0.153125 0.0476562 0.213379
0 0.150195 0.921875 0.285937 0.153125 0.179565
0 0.654688 0.481152 0.365625 0.358008 0.158203
1 0.207422 0.923437 0.394531 0.153125 0.112427
1 0.33125 0.867969 0.0921875 0.157813 0.093689
1 0.291797 0.510156 0.130469 0.135937 0.0847778
0 0.448047 0.895312 0.0703125 0.115625 0.0761108
1 0.150195 0.921875 0.285937 0.153125 0.0753174
0 0.863281 0.320312 0.065625 0.0921875 0.0742188
0 0.594531 0.187451 0.0945313 0.100098 0.0698242
0 0.521094 0.839063 0.0859375 0.11875 0.0690308
0 0.79375 0.43584 0.0796875 0.129883 0.0658569
0 0.692187 0.954687 0.065625 0.090625 0.0643921
0 0.692187 0.930859 0.0710938 0.138281 0.0600891
0 0.269531 0.177148 0.165625 0.144922 0.0531921
0 0.789062 0.423047 0.096875 0.114844 0.0437012
1 0.422754 0.91875 0.126367 0.153125 0.0413208
0 0.155664 0.684375 0.134766 0.075 0.0390625
0 0.657422 0.91875 0.0867188 0.15625 0.0379028
0 0.333008 0.84375 0.0886719 0.115625 0.0374756
0 0.170117 0.6875 0.0925781 0.0984375 0.0347595
0 0.23457 0.965625 0.134766 0.065625 0.0327148
0 0.515625 0.85625 0.0875 0.1 0.0324707
0 0.142969 0.403906 0.246875 0.31875 0.03125
0 0.278125 0.458984 0.139062 0.284375 0.0285492
0 0.60625 0.0720703 0.159375 0.144141 0.0280151
1 0.686328 0.930078 0.0851562 0.139844 0.0270081
0 0.153027 0.663281 0.140039 0.04375 0.0265503
1 0.269531 0.177148 0.165625 0.144922 0.0232391
0 0.783594 0.403125 0.090625 0.119531 0.0227966
1 0.521094 0.839063 0.0859375 0.11875 0.0209656
1 0.657422 0.91875 0.0867188 0.15625 0.0205994
0 0.447656 0.396875 0.165625 0.0523437 0.0205688
0 0.167383 0.881445 0.323438 0.237109 0.0199432
0 0.449219 0.878125 0.0710938 0.190625 0.0195007
0 0.15625 0.411719 0.3125 0.325 0.0191956
0 0.773438 0.386328 0.1125 0.115625 0.0189056
0 0.308594 0.489062 0.104687 0.103125 0.0184021
0 0.441797 0.427734 0.153906 0.104687 0.0184021
0 0.789844 0.447656 0.0984375 0.104687 0.0183411
0 0.428516 0.341211 0.120312 0.0582031 0.0179138
0 0.934375 0.868945 0.109375 0.262109 0.0177765
0 0.532422 0.842188 0.0578125 0.114063 0.0173798
0 0.935156 0.464063 0.129688 0.046875 0.0173035
0 0.4875 0.88125 0.126563 0.2125 0.0171814
0 0.5875 0.190039 0.117188 0.0832031 0.0171051
0 0.292969 0.500781 0.127344 0.129688 0.0170441
1 0.439844 0.910937 0.103125 0.171875 0.0164032
0 0.605859 0.264648 0.0820312 0.112891 0.016098
0 0.16416 0.667188 0.109961 0.0578125 0.016098
0 0.795313 0.460938 0.078125 0.120312 0.0158386
0 0.704687 0.950781 0.0554687 0.09375 0.0155411
1 0.324023 0.85918 0.105078 0.203516 0.0154877
0 0.792188 0.410059 0.08125 0.151758 0.0151901
0 0.454688 0.915625 0.06875 0.15625 0.0141754
0 0.864062 0.310156 0.06875 0.153125 0.0140076
0 0.45625 0.403027 0.132812 0.0580078 0.0131683
0 0.667188 0.917969 0.123438 0.164062 0.0126266
1 0.448047 0.403125 0.147656 0.0585938 0.0125275
1 0.936719 0.873438 0.115625 0.253125 0.0112915
0 0.2125 0.862695 0.328906 0.218359 0.0108185
0 0.33125 0.277734 0.119531 0.0589844 0.0107803
0 0.441406 0.909375 0.0984375 0.115625 0.0106506
0 0.464063 0.603125 0.103125 0.111719 0.0104065
0 0.155371 0.941406 0.282227 0.107813 0.0103302
1 0.667188 0.917969 0.123438 0.164062 0.0100937
0 0.210938 0.94375 0.414844 0.1125 0.00981903
1 0.532422 0.842188 0.0578125 0.114063 0.00974274
0 0.303906 0.488672 0.128125 0.0828125 0.00955963
1 0.210938 0.94375 0.414844 0.1125 0.00926971
1 0.704687 0.950781 0.0554687 0.09375 0.00919342
1 0.404004 0.896875 0.174805 0.178125 0.00919342
0 0.192773 0.889844 0.368359 0.1875 0.00901794
0 0.214648 0.96875 0.139453 0.05625 0.00844574
0 0.329102 0.861719 0.0855469 0.132812 0.00809479
0 0.378223 0.162109 0.107617 0.0996094 0.00790405
0 0.760156 0.369922 0.123438 0.0953125 0.00790405
0 0.113379 0.724219 0.226758 0.28125 0.00787354
0 0.428125 0.33125 0.128125 0.05625 0.0078125
0 0.798437 0.436816 0.075 0.19043 0.00772476
1 0.174023 0.873242 0.339453 0.250391 0.00760651
0 0.170312 0.910937 0.127344 0.08125 0.00754929
0 0.199023 0.634375 0.0960938 0.110937 0.00737381
1 0.60625 0.0720703 0.159375 0.144141 0.00728989
0 0.354297 0.0777588 0.134375 0.0550293 0.00728989
1 0.441797 0.427734 0.153906 0.104687 0.00723267
0 0.335156 0.285547 0.101562 0.0789063 0.00720596
0 0.642969 0.921875 0.075 0.153125 0.00695801
0 0.366992 0.0812744 0.108203 0.0733887 0.0069313
0 0.435937 0.433594 0.113281 0.103125 0.0069046
0 0.439453 0.417969 0.161719 0.0273438 0.0068779
0 0.652344 0.917188 0.06875 0.121875 0.0068779
0 0.665234 0.17207 0.071875 0.233203 0.00653839
0 0.216748 0.778906 0.136035 0.05 0.0064621
0 0.524609 0.848437 0.096875 0.175 0.00634003
0 0.329688 0.888281 0.0953125 0.120312 0.00614548
0 0.603125 0.266992 0.101562 0.133984 0.00600433
0 0.419531 0.399219 0.183594 0.046875 0.00595856
0 0.357812 0.355664 0.114063 0.0761719 0.005867
0 0.823633 0.897656 0.105859 0.2 0.00572968
1 0.281641 0.507031 0.121875 0.190625 0.00570679
0 0.155371 0.889063 0.156445 0.04375 0.00551224
0 0.939453 0.483594 0.121094 0.0648438 0.00547028
0 0.366797 0.154492 0.104687 0.0925781 0.00536346
0 0.686719 0.31875 0.179688 0.0515625 0.00527954
0 0.237695 0.189258 0.223047 0.171094 0.0051384
0 0.877344 0.859766 0.214062 0.280469 0.0051384
0 0.0675293 0.0197266 0.135059 0.0394531 0.00503922
0 0.130859 0.738281 0.261719 0.298438 0.00492477
1 0.454688 0.915625 0.06875 0.15625 0.0049057
0 0.676562 0.310156 0.176563 0.053125 0.00482941
0 0.138501 0.701563 0.165967 0.157813 0.00477219
1 0.2125 0.862695 0.328906 0.218359 0.0046463
0 0.624219 0.255859 0.05625 0.110937 0.0046463
0 0.216797 0.959375 0.167187 0.059375 0.0046463
0 0.164746 0.890625 0.120898 0.053125 0.00457382
0 0.792969 0.279297 0.10625 0.114063 0.00453949
0 0.297461 0.154102 0.0960938 0.078125 0.00445175
0 0.186523 0.843555 0.373047 0.275391 0.00441742
0 0.93125 0.45625 0.1375 0.0515625 0.00439835
0 0.0671875 0.778125 0.130469 0.120312 0.00439835
0 0.94375 0.834375 0.090625 0.109375 0.00434875
0 0.180859 0.674609 0.0933594 0.148438 0.00434875
0 0.255664 0.957031 0.0941406 0.0859375 0.00434875
0 0.248828 0.386816 0.0964844 0.156055 0.00432968
1 0.142969 0.403906 0.246875 0.31875 0.00426483
0 0.178125 0.395703 0.35625 0.311719 0.00411606
1 0.690625 0.943359 0.075 0.113281 0.0041008
1 0.15625 0.411719 0.3125 0.325 0.00403976
1 0.192773 0.889844 0.368359 0.1875 0.00402451
0 0.609375 0.257422 0.0796875 0.170312 0.00400543
0 0.453906 0.896094 0.15 0.198437 0.0039444
0 0.193018 0.904688 0.119434 0.1125 0.00382423
0 0.0912109 0.400781 0.182422 0.336719 0.00379562
0 0.351758 0.0684082 0.138672 0.0571289 0.00374985
0 0.254297 0.382812 0.0859375 0.114844 0.0037365
0 0.343359 0.342578 0.138281 0.0546875 0.0037365
1 0.642969 0.921875 0.075 0.153125 0.0037365
0 0.946094 0.860937 0.0828125 0.120312 0.00372124
1 0.278125 0.458984 0.139062 0.284375 0.00366402
0 0.823438 0.944531 0.107813 0.104687 0.00365067
1 0.613672 0.262109 0.0757812 0.122656 0.00365067
0 0.829883 0.856641 0.283984 0.286719 0.0036068
0 0.356055 0.0867188 0.139453 0.0511719 0.0036068
0 0.258594 0.964063 0.0777344 0.071875 0.00359344
0 0.177734 0.898438 0.103516 0.125 0.00353813
0 0.948438 0.482812 0.103125 0.0859375 0.00345612
0 0.444531 0.921875 0.0828125 0.11875 0.00338936
1 0.155371 0.941406 0.282227 0.107813 0.00335121
0 0.746094 0.341016 0.1375 0.053125 0.00332451
0 0.138379 0.876562 0.15918 0.0453125 0.00331116
0 0.416016 0.4375 0.121875 0.104687 0.00325966
1 0.665234 0.17207 0.071875 0.233203 0.00325966
0 0.694922 0.838281 0.496094 0.323438 0.00321007
0 0.945312 0.468359 0.109375 0.0601562 0.00321007
0 0.219482 0.384473 0.163379 0.193555 0.00317192
1 0.419531 0.399219 0.183594 0.046875 0.00314713
0 0.89375 0.0781006 0.06875 0.102002 0.00305176
0 0.663672 0.151465 0.06875 0.133789 0.00305176
1 0.0814941 0.0262695 0.162988 0.0525391 0.00305176
0 0.677344 0.255078 0.05 0.0953125 0.00299263
1 0.0675293 0.0197266 0.135059 0.0394531 0.00292397
1 0.237695 0.189258 0.223047 0.171094 0.00290108
0 0.584375 0.923437 0.129688 0.15 0.00288963
0 0.509375 0.0817383 0.110937 0.0650391 0.00284576
0 0.171777 0.779688 0.343555 0.325 0.00284576
0 0.181836 0.632031 0.131641 0.0859375 0.00279999
0 0.601953 0.189893 0.075 0.146777 0.00277901
0 0.521094 0.865625 0.090625 0.075 0.00273705
0 0.625781 0.266211 0.125 0.146484 0.00271416
0 0.607813 0.285937 0.09375 0.107031 0.00271416
0 0.15752 0.705469 0.117383 0.0640625 0.00264168
0 0.0814941 0.0262695 0.162988 0.0525391 0.00263214
0 0.667188 0.25918 0.065625 0.101172 0.00261116
1 0.823633 0.897656 0.105859 0.2 0.00260162
0 0.0761719 0.541016 0.152344 0.046875 0.00259018
0 0.141504 0.652344 0.15918 0.0460938 0.00259018
0 0.774609 0.272656 0.0851562 0.102344 0.00258064
0 0.810938 0.251172 0.15 0.046875 0.00257111
0 0.336328 0.835938 0.078125 0.173438 0.00257111
0 0.694531 0.329688 0.171875 0.0515625 0.00253105
1 0.435937 0.433594 0.113281 0.103125 0.00243378
0 0.116602 0.636719 0.233203 0.409375 0.0024147
0 0.430078 0.343945 0.110156 0.0808594 0.002388
0 0.583203 0.173242 0.126563 0.0691406 0.00237846
0 0.361719 0.889063 0.173438 0.190625 0.00234985
0 0.323828 0.903125 0.102344 0.0984375 0.00234222
0 0.653516 0.137402 0.0960938 0.274805 0.00232315
0 0.470703 0.623438 0.108594 0.0703125 0.00232315
1 0.114844 0.689062 0.229687 0.301562 0.00231361
1 0.0671875 0.778125 0.130469 0.120312 0.00230598
0 0.159277 0.907812 0.154102 0.059375 0.00227928
0 0.120898 0.690625 0.241797 0.3125 0.00227928
0 0.0613281 0.402344 0.122656 0.323438 0.00227928
1 0.248828 0.386816 0.0964844 0.156055 0.00226974
0 0.302148 0.53125 0.166016 0.182812 0.00223351
1 0.624219 0.255859 0.05625 0.110937 0.00223351
1 0.865625 0.320312 0.0734375 0.0917969 0.00223351
0 0.153809 0.302344 0.174414 0.0421875 0.00220871
1 0.792969 0.279297 0.10625 0.114063 0.00219917
0 0.806445 0.240039 0.137109 0.0503906 0.00216484
1 0.186523 0.843555 0.373047 0.275391 0.00214958
0 0.78457 0.385254 0.0808594 0.141992 0.00213242
0 0.409766 0.965625 0.134375 0.06875 0.00212479
0 0.212891 0.636328 0.075 0.14375 0.00209999
0 0.296484 0.505469 0.116797 0.09375 0.00209999
0 0.658594 0.896875 0.078125 0.165625 0.00206757
0 0.108984 0.0174561 0.175391 0.0349121 0.00205803
0 0.439063 0.517969 0.1625 0.0546875 0.00201988
1 0.522656 0.866406 0.0734375 0.1125 0.00198746
0 0.689062 0.303125 0.1375 0.06875 0.00198746
0 0.0770996 0.0315552 0.154199 0.0480225 0.00194168
0 0.263281 0.12998 0.171094 0.0501953 0.00194168
1 0.505859 0.859375 0.0960938 0.090625 0.00193405
0 0.447656 0.8375 0.084375 0.090625 0.00188255
0 0.189258 0.929688 0.129688 0.0625 0.00188255
0 0.934375 0.8625 0.125 0.275 0.00187492
0 0.314258 0.871875 0.0800781 0.14375 0.00186729
0 0.892187 0.982422 0.109375 0.0351562 0.00184631
0 0.65 0.938281 0.0820312 0.123438 0.00182438
1 0.130859 0.738281 0.261719 0.298438 0.0018177
1 0.409766 0.965625 0.134375 0.06875 0.00178909
0 0.464844 0.238672 0.180469 0.0378906 0.00178909
0 0.827344 0.125195 0.10625 0.0855469 0.00176811
0 0.206055 0.942187 0.160547 0.053125 0.00175476
1 0.219482 0.384473 0.163379 0.193555 0.00174141
0 0.58125 0.272266 0.14375 0.144531 0.0017271
0 0.338281 0.063916 0.171094 0.0405273 0.00171375
1 0.651563 0.543359 0.36875 0.253125 0.00170708
1 0.603125 0.266992 0.101562 0.133984 0.00168133
0 0.805469 0.103613 0.125 0.0617188 0.00167465
0 0.938281 0.85 0.103125 0.1125 0.00166798
0 0.727344 0.32832 0.145313 0.05 0.00165462
0 0.335938 0.268359 0.125781 0.0597656 0.0016489
0 0.472266 0.230859 0.1625 0.0460938 0.00161648
0 0.66875 0.00498047 0.3875 0.00996094 0.00161648
0 0.029541 0.431348 0.059082 0.24043 0.00160408
1 0.4875 0.88125 0.126563 0.2125 0.0015974
0 0.196924 0.960938 0.151465 0.06875 0.0015974
0 0.704687 0.935938 0.059375 0.10625 0.00159168
0 0.421484 0.685156 0.260938 0.21875 0.00159168
0 0.194092 0.494434 0.249316 0.348633 0.00157356
0 0.79668 0.10127 0.147266 0.0464844 0.00156116
1 0.138501 0.701563 0.165967 0.157813 0.00154877
0 0.166797 0.754687 0.1625 0.046875 0.00154877
0 0.429688 0.859375 0.114063 0.128125 0.00153637
0 0.325391 0.285547 0.132812 0.05625 0.00150681
1 0.439453 0.4125 0.157031 0.0390625 0.00150108
0 0.844531 0.315625 0.121875 0.104687 0.00148964
1 0.178125 0.395703 0.35625 0.311719 0.00148964
0 0.79707 0.0899414 0.137109 0.0519531 0.0014782
0 0.0646973 0.0989258 0.0946289 0.104883 0.00146675
0 0.436328 0.530469 0.150781 0.0578125 0.00145531
0 0.24707 0.196826 0.122266 0.105566 0.00144958
0 0.299414 0.457812 0.117578 0.0796875 0.00144386
0 0.727344 0.908594 0.0828125 0.182812 0.00143242
1 0.416016 0.4375 0.121875 0.104687 0.00142097
0 0.116602 0.886719 0.233203 0.226562 0.00141048
0 0.516406 0.677734 0.09375 0.126563 0.00138855
0 0.749609 0.9875 0.288281 0.025 0.00137806
0 0.0299072 0.373242 0.0598145 0.148047 0.00136662
0 0.332031 0.100781 0.191406 0.0419922 0.00136185
0 0.779688 0.360352 0.0828125 0.141797 0.00135612
0 0.590234 0.171387 0.110156 0.0923828 0.00135136
0 0.635938 0.111035 0.13125 0.214648 0.00135136
1 0.584375 0.923437 0.129688 0.15 0.00134087
0 0.0913086 0.0279297 0.177148 0.0438477 0.00134087
0 0.480469 0.149707 0.117188 0.0576172 0.00133038
0 0.834375 0.935156 0.078125 0.129688 0.00132465
0 0.339063 0.0530273 0.161719 0.0435547 0.00131989
0 0.106152 0.0214111 0.17168 0.0428223 0.00130939
0 0.6625 0.172559 0.0742188 0.133008 0.00129414
0 0.151074 0.728125 0.169727 0.04375 0.00129414
0 0.665625 0.128882 0.0640625 0.140283 0.00128937
0 0.305469 0.157129 0.0898438 0.0962891 0.0012846
0 0.4125 0.410156 0.184375 0.0351562 0.0012846
0 0.606641 0.177344 0.0820312 0.101172 0.0012846
0 0.380859 0.351758 0.148438 0.0761719 0.00126934
0 0.492969 0.216406 0.18125 0.0484375 0.00126457
0 0.950781 0.842188 0.08125 0.185937 0.00126457
0 0.71875 0.260742 0.0789063 0.0917969 0.00125504
0 0.276563 0.511719 0.103906 0.114844 0.00125504
0 0.23125 0.957422 0.4625 0.0851562 0.00125504
0 0.175195 0.485547 0.0839844 0.102344 0.00124931
0 0.212158 0.7875 0.146777 0.040625 0.00123501
0 0.49375 0.203516 0.175 0.04375 0.00123024
0 0.940234 0.246094 0.119531 0.0601562 0.00122547
0 0.834375 0.136621 0.0875 0.0931641 0.00121593
1 0.692187 0.954687 0.065625 0.090625 0.0012064
0 0.431348 0.896875 0.11543 0.121875 0.0012064
1 0.651172 0.483984 0.358594 0.363281 0.643555
0 0.424219 0.642578 0.254687 0.302344 0.57959
0 0.65 0.486328 0.3625 0.36875 0.463867
0 0.328125 0.871094 0.0992187 0.18125 0.221313
0 0.419629 0.910156 0.143555 0.176563 0.200562
0 0.284766 0.525781 0.13125 0.175 0.200562
0 0.133203 0.914844 0.253125 0.170312 0.146606
1 0.423828 0.6375 0.252344 0.320312 0.134766
0 0.673047 0.928906 0.121094 0.142188 0.107422
0 0.356641 0.876562 0.146875 0.1875 0.0687866
1 0.419629 0.910156 0.143555 0.176563 0.0587769
1 0.284766 0.525781 0.13125 0.175 0.0544128
1 0.328125 0.871094 0.0992187 0.18125 0.0503235
1 0.141309 0.914062 0.268945 0.171875 0.0501404
0 0.932031 0.856445 0.129688 0.287109 0.044281
1 0.673047 0.928906 0.121094 0.142188 0.0301056
0 0.95 0.942969 0.1 0.114063 0.0282135
0 0.396094 0.884375 0.161719 0.190625 0.0268555
0 0.694922 0.939844 0.117188 0.120312 0.0220337
0 0.953516 0.930078 0.0929687 0.139844 0.0209198
0 0.686719 0.932031 0.08125 0.135937 0.0206451
0 0.513672 0.838281 0.103906 0.129688 0.0184021
0 0.0560059 0.133105 0.112012 0.175195 0.0180969
0 0.426953 0.903125 0.1125 0.15625 0.0179138
1 0.356641 0.876562 0.146875 0.1875 0.016983
0 0.297266 0.498437 0.138281 0.119531 0.0161591
0 0.953125 0.971484 0.09375 0.0570313 0.0146179
0 0.25 0.143945 0.280469 0.258594 0.0134277
0 0.619141 0.761719 0.179688 0.229687 0.0119629
0 0.82168 0.911328 0.122266 0.177344 0.0118256
0 0.100195 0.681641 0.200391 0.363281 0.0112457
1 0.95 0.942969 0.1 0.114063 0.011116
0 0.653516 0.422656 0.360156 0.250781 0.0109863
0 0.371094 0.888281 0.189063 0.210938 0.0108185
0 0.342578 0.845312 0.109375 0.13125 0.00930023
1 0.932031 0.856445 0.129688 0.287109 0.00926971
0 0.265234 0.18457 0.160156 0.165625 0.00919342
0 0.249219 0.389062 0.107813 0.15 0.00803375
0 0.174414 0.953125 0.348828 0.09375 0.0078125
1 0.0560059 0.133105 0.112012 0.175195 0.00775528
1 0.694922 0.939844 0.117188 0.120312 0.00760651
0 0.835938 0.957031 0.145313 0.0859375 0.00757599
1 0.25 0.143945 0.280469 0.258594 0.00720596
1 0.396094 0.884375 0.161719 0.190625 0.00706482
0 0.953125 0.369336 0.0859375 0.187891 0.00658798
1 0.953516 0.930078 0.0929687 0.139844 0.00643921
0 0.945312 0.992969 0.109375 0.0140625 0.00634003
1 0.513672 0.838281 0.103906 0.129688 0.00629044
1 0.686719 0.932031 0.08125 0.135937 0.00619125
0 0.479688 0.0849609 0.1625 0.164453 0.00602722
0 0.151758 0.935156 0.303516 0.129688 0.00521851
1 0.820312 0.925 0.117188 0.15 0.00486755
1 0.297266 0.498437 0.138281 0.119531 0.00486755
1 0.619141 0.761719 0.179688 0.229687 0.00475693
1 0.953125 0.971484 0.09375 0.0570313 0.00455475
0 0.8125 0.858594 0.178125 0.282813 0.00452042
0 0.944531 0.915234 0.110937 0.169531 0.00448608
0 0.85 0.84375 0.284375 0.3125 0.00446701
0 0.409766 0.930469 0.147656 0.139062 0.00441742
0 0.969141 0.958594 0.0617188 0.075 0.00434875
0 0.557031 0.935938 0.14375 0.128125 0.00382423
1 0.426953 0.903125 0.1125 0.15625 0.00378036
0 0.698438 0.229297 0.129688 0.158594 0.00369263
0 0.6875 0.243359 0.108594 0.135547 0.00362206
0 0.735937 0.966406 0.175 0.0671875 0.00351143
1 0.249219 0.389062 0.107813 0.15 0.00345612
0 0.106152 0.624219 0.208008 0.485938 0.00336266
1 0.265234 0.18457 0.160156 0.165625 0.00329781
1 0.371094 0.888281 0.189063 0.210938 0.00318527
1 0.945312 0.992969 0.109375 0.0140625 0.00314713
1 0.653516 0.422656 0.360156 0.250781 0.00305176
1 0.835938 0.957031 0.145313 0.0859375 0.00291252
1 0.479688 0.0849609 0.1625 0.164453 0.00288963
1 0.953125 0.369336 0.0859375 0.187891 0.00273705
1 0.8125 0.858594 0.178125 0.282813 0.00264168
0 0.959766 0.994922 0.0804688 0.0101562 0.00257111
0 0.928125 0.903125 0.134375 0.19375 0.00254059
0 0.485938 0.0604492 0.166406 0.117773 0.00245285
1 0.342578 0.845312 0.109375 0.13125 0.00239754
1 0.944531 0.915234 0.110937 0.169531 0.00228691
0 0.315283 0.223633 0.383496 0.408984 0.00226021
0 0.203906 0.988281 0.407813 0.0234375 0.00208282
0 0.870313 0.99375 0.210938 0.0125 0.00206757
1 0.315283 0.223633 0.383496 0.408984 0.00202751
0 0.814062 0.928906 0.109375 0.142188 0.00201988
0 0.909375 0.915625 0.1 0.16875 0.00200272
0 0.978906 0.985937 0.0421875 0.028125 0.00198746
1 0.698438 0.229297 0.129688 0.158594 0.00198746
0 0.301123 0.159961 0.365723 0.291406 0.00193405
0 0.229346 0.989844 0.24834 0.0203125 0.00183868
0 0.882812 0.959766 0.196875 0.0804688 0.00174809
1 0.969141 0.958594 0.0617188 0.075 0.00174809
0 0.975781 0.932813 0.0484375 0.0953125 0.00173378
0 0.589844 0.947656 0.2125 0.104687 0.00164223
0 0.135742 0.866016 0.266016 0.267969 0.00162315
1 0.301123 0.159961 0.365723 0.291406 0.00159168
0 0.900781 0.806641 0.184375 0.386719 0.00159168
1 0.847656 0.85625 0.220313 0.2875 0.00157356
0 0.928125 0.961719 0.14375 0.0765625 0.00156689
1 0.174414 0.953125 0.348828 0.09375 0.00156116
0 0.639453 0.769531 0.163281 0.198437 0.00155449
1 0.106836 0.917969 0.213672 0.164062 0.00153637
0 0.189258 0.957031 0.225391 0.0859375 0.00152493
1 0.409766 0.930469 0.147656 0.139062 0.0015192
0 0.697656 0.99375 0.2125 0.0125 0.00135612
0 0.833594 0.892578 0.145313 0.214844 0.00135612
1 0.557031 0.935938 0.14375 0.128125 0.00135612
0 0.229248 0.389844 0.128223 0.161719 0.00132465
1 0.151758 0.935156 0.303516 0.129688 0.00131512
1 0.6875 0.243359 0.108594 0.135547 0.00131512
0 0.857617 0.928516 0.175391 0.142969 0.00131512
0 0.746875 0.994531 0.217187 0.0109375 0.00130939
1 0.485938 0.0604492 0.166406 0.117773 0.00129414
1 0.100781 0.667188 0.201562 0.39375 0.0012846
0 0.417578 0.966406 0.166406 0.0671875 0.00125504
0 0.330273 0.524609 0.241016 0.453906 0.00124931
0 0.926562 0.99375 0.146875 0.0125 0.00123501
0 0.225391 0.964063 0.155469 0.071875 0.00123024
0 0.831445 0.764453 0.333984 0.471094 0.00123024
0 0.145117 0.166406 0.0964844 0.275 0.00122547
0 0.719141 0.232617 0.122656 0.159375 0.00119686
1 0.959766 0.994922 0.0804688 0.0101562 0.00119209
1 0.735937 0.966406 0.175 0.0671875 0.00118828
0 0.307617 0.165625 0.187109 0.128125 0.00116062
0 0.945312 0.813281 0.10625 0.157813 0.00113773
1 0.817187 0.840234 0.245312 0.319531 0.00113773
0 0.905469 0.99375 0.189063 0.0125 0.00112915
0 0.778906 0.904688 0.135937 0.189063 0.00111198
0 0.305859 0.475781 0.149219 0.1 0.00106907
0 0.26543 0.972656 0.0820312 0.0546875 0.00106525
0 0.803906 0.899219 0.139062 0.201562 0.00102425
0 0.646875 0.484375 0.359375 0.359375 0.84375
0 0.426562 0.636328 0.244531 0.311719 0.79834
0 0.11543 0.917188 0.220703 0.160938 0.219971
0 0.288086 0.519531 0.127734 0.164844 0.173828
0 0.413672 0.907812 0.145313 0.184375 0.153564
0 0.327344 0.865625 0.0859375 0.170312 0.150513
1 0.413672 0.907812 0.145313 0.184375 0.0609741
1 0.288086 0.519531 0.127734 0.164844 0.0497742
0 0.230078 0.126758 0.254297 0.242969 0.0464783
1 0.326172 0.864062 0.090625 0.165625 0.0427246
0 0.514844 0.836133 0.107813 0.127734 0.0370483
0 0.0582031 0.0853516 0.116406 0.147656 0.0358276
0 0.128711 0.8875 0.246094 0.209375 0.0227966
0 0.432715 0.433203 0.154883 0.105469 0.0185089
0 0.0597168 0.121289 0.119434 0.195703 0.0175781
0 0.436328 0.401563 0.152344 0.0515625 0.0167236
1 0.122656 0.917188 0.245312 0.15625 0.0139542
0 0.482031 0.834375 0.159375 0.117188 0.0137405
1 0.0582031 0.0853516 0.116406 0.147656 0.0123367
0 0.151367 0.917188 0.302734 0.15625 0.0113754
1 0.514844 0.836133 0.107813 0.127734 0.0108566
0 0.0632324 0.767187 0.126465 0.128125 0.00933838
0 0.42334 0.446875 0.137695 0.115625 0.00919342
1 0.221875 0.124805 0.234375 0.244922 0.00912476
1 0.419629 0.636328 0.237305 0.305469 0.0077858
1 0.647656 0.483594 0.35625 0.3625 0.00751877
1 0.0597168 0.121289 0.119434 0.195703 0.00682449
0 0.0607422 0.0507812 0.121484 0.0996094 0.00638962
0 0.38125 0.878125 0.171875 0.1875 0.00557709
0 0.422754 0.885938 0.126367 0.203125 0.00542831
0 0.279102 0.480469 0.144922 0.239063 0.0051384
0 0.326953 0.898438 0.0984375 0.11875 0.00356483
1 0.436328 0.401563 0.152344 0.0515625 0.00335121
0 0.161914 0.112891 0.241797 0.225781 0.00319672
0 0.310352 0.535156 0.159766 0.163281 0.00319672
1 0.103687 0.100977 0.198096 0.201953 0.00312424
1 0.432715 0.433203 0.154883 0.105469 0.003088
0 0.857031 0.597266 0.190625 0.129688 0.00298119
1 0.0681152 0.766016 0.13623 0.121094 0.00290108
0 0.366016 0.901172 0.207813 0.197656 0.00273705
0 0.103687 0.100977 0.198096 0.201953 0.0027256
1 0.161914 0.112891 0.241797 0.225781 0.00260162
0 0.405859 0.993359 0.14375 0.0132813 0.00235939
0 0.201758 0.972656 0.188672 0.0546875 0.00230598
0 0.506641 0.823438 0.132812 0.157813 0.00229645
1 0.0607422 0.0507812 0.121484 0.0996094 0.00225258
0 0.0486816 0.775781 0.0973633 0.135937 0.00215721
0 0.311719 0.128027 0.441406 0.250195 0.00210762
0 0.455371 0.803125 0.164258 0.05 0.00210762
0 0.0963867 0.75625 0.192773 0.128125 0.00205803
0 0.648047 0.742188 0.136719 0.170312 0.00195694
1 0.128711 0.8875 0.246094 0.209375 0.00194168
0 0.0635742 0.0313355 0.127148 0.0623291 0.00192642
0 0.262109 0.551562 0.08125 0.124219 0.00181007
0 0.125781 0.682031 0.237109 0.270312 0.00179577
0 0.521875 0.866406 0.1 0.0703125 0.00178909
0 0.171484 0.827344 0.314063 0.273438 0.00176811
0 0.408984 0.930469 0.151562 0.128125 0.00174809
0 0.0554687 0.14668 0.110937 0.140625 0.0017271
1 0.42334 0.446875 0.137695 0.115625 0.00161076
0 0.314502 0.275586 0.394434 0.332422 0.00160408
0 0.856641 0.810938 0.286719 0.35625 0.00156689
1 0.857031 0.597266 0.190625 0.129688 0.00154877
1 0.482031 0.834375 0.159375 0.117188 0.00144958
0 0.647656 0.696094 0.139062 0.0734375 0.00139427
0 0.207813 0.985156 0.180469 0.0296875 0.00139427
0 0.276563 0.436816 0.189063 0.34043 0.00133514
0 0.480859 0.212109 0.14375 0.0738281 0.00129414
1 0.422754 0.885938 0.126367 0.203125 0.0012598
0 0.190234 0.967188 0.208984 0.0640625 0.00119209
0 0.301123 0.353125 0.396973 0.2375 0.00117874
0 0.0988281 0.723437 0.190234 0.20625 0.00115108
1 0.364453 0.883594 0.189844 0.20625 0.00113773
0 0.250586 0.394141 0.345703 0.313281 0.00102806
0 0.651172 0.479297 0.371094 0.367969 0.842773
0 0.425391 0.641797 0.250781 0.289844 0.79248
0 0.414453 0.909375 0.142188 0.165625 0.44458
0 0.329297 0.870313 0.09375 0.153125 0.277588
0 0.284375 0.524219 0.113281 0.163281 0.245117
0 0.317187 0.879687 0.117188 0.179688 0.130249
0 0.137695 0.946875 0.267188 0.090625 0.118774
0 0.671094 0.929688 0.121875 0.140625 0.0663452
0 0.228516 0.140918 0.249609 0.243945 0.0661011
0 0.102832 0.721094 0.199805 0.217187 0.0654907
0 0.651563 0.926562 0.090625 0.142188 0.0544128
1 0.65 0.479297 0.367188 0.36875 0.0502319
0 0.293164 0.503125 0.125 0.123438 0.0389099
0 0.430371 0.403516 0.143945 0.0523437 0.0279083
1 0.41875 0.639844 0.252344 0.295312 0.0234222
1 0.329297 0.870313 0.09375 0.153125 0.0227203
0 0.934375 0.864062 0.129688 0.24375 0.0222015
0 0.670703 0.944531 0.124219 0.096875 0.0206909
0 0.0545898 0.107129 0.10918 0.18418 0.0192719
1 0.285352 0.521875 0.122266 0.158594 0.0171814
0 0.509375 0.839063 0.109375 0.1125 0.0157776
1 0.412891 0.9125 0.146094 0.1625 0.0155411
0 0.15918 0.950781 0.294141 0.071875 0.0154266
0 0.153906 0.954687 0.298828 0.090625 0.014061
0 0.131445 0.927344 0.257031 0.123438 0.0134811
0 0.910937 0.867188 0.165625 0.253125 0.0127258
1 0.671094 0.929688 0.121875 0.140625 0.0127258
1 0.228516 0.140918 0.249609 0.243945 0.0116882
1 0.651563 0.926562 0.090625 0.142188 0.00772476
1 0.159473 0.942187 0.306055 0.104687 0.00734711
0 0.428906 0.436719 0.142969 0.119531 0.00638962
1 0.136133 0.949219 0.267578 0.0828125 0.00612259
1 0.0545898 0.107129 0.10918 0.18418 0.00566483
1 0.317187 0.879687 0.117188 0.179688 0.00544739
0 0.845312 0.867383 0.234375 0.249609 0.00540543
0 0.333008 0.83125 0.0941406 0.0875 0.00518036
1 0.670703 0.944531 0.124219 0.096875 0.0051384
1 0.934375 0.864062 0.129688 0.24375 0.00479126
1 0.430371 0.403516 0.143945 0.0523437 0.00424957
0 0.118359 0.885938 0.221875 0.15625 0.00376511
1 0.293164 0.503125 0.125 0.123438 0.00369263
0 0.214844 0.834375 0.0539063 0.059375 0.00345612
0 0.260156 0.8625 0.0625 0.13125 0.00332451
0 0.224609 0.832812 0.071875 0.059375 0.00322342
0 0.397656 0.946875 0.1125 0.103125 0.00291252
0 0.116992 0.787305 0.221484 0.237891 0.00277901
1 0.509375 0.839063 0.109375 0.1125 0.00274658
1 0.153906 0.954687 0.298828 0.090625 0.00257111
1 0.910937 0.867188 0.165625 0.253125 0.00256157
0 0.679297 0.932813 0.153125 0.09375 0.00234985
0 0.560156 0.9375 0.126563 0.107813 0.00225258
0 0.735156 0.907812 0.0289063 0.1375 0.00221634
0 0.661328 0.936719 0.125781 0.126563 0.00218201
0 0.678906 0.3 0.0921875 0.0265625 0.0020504
0 0.588281 0.921094 0.142188 0.14375 0.00203514
1 0.471875 0.211914 0.126563 0.0757812 0.00192642
0 0.471875 0.211914 0.126563 0.0757812 0.00191879
0 0.63125 0.921875 0.0890625 0.15 0.00181007
0 0.657812 0.319141 0.178125 0.05 0.00174141
0 0.410156 0.939062 0.139844 0.11875 0.00174141
1 0.102832 0.721094 0.199805 0.217187 0.0016489
0 0.875 0.508984 0.0734375 0.0914062 0.00157928
0 0.627734 0.311328 0.140625 0.0335938 0.00155449
0 0.566406 0.732031 0.0796875 0.171875 0.00153065
0 0.760938 0.897656 0.0890625 0.11875 0.00149536
0 0.293945 0.485156 0.128906 0.0929687 0.00148392
0 0.373047 0.442578 0.0320312 0.195312 0.0014782
0 0.85 0.516406 0.03125 0.101562 0.00143242
0 0.408594 0.4 0.0835937 0.0507812 0.0014267
0 0.348047 0.965234 0.0261719 0.0695312 0.00141048
0 0.472656 0.457715 0.0265625 0.17207 0.00138283
1 0.845312 0.867383 0.234375 0.249609 0.00137234
0 0.235156 0.530469 0.028125 0.271875 0.0012846
0 0.139551 0.294141 0.163477 0.0390625 0.00127411
0 0.274219 0.867969 0.178906 0.160938 0.00127411
1 0.473437 0.194873 0.132812 0.108691 0.00125504
0 0.9125 0.53125 0.159375 0.207813 0.00121593
0 0.848437 0.491406 0.03125 0.075 0.00117397
0 0.874219 0.486719 0.0671875 0.075 0.0011692
0 0.234717 0.967188 0.299316 0.065625 0.0011692
1 0.661328 0.936719 0.125781 0.126563 0.00116539
0 0.347656 0.947266 0.0269531 0.105469 0.00108147
0 0.6125 0.751172 0.142969 0.178906 0.00106907
0 0.384277 0.892187 0.150195 0.184375 0.00106525
0 0.818555 0.848633 0.209766 0.265234 0.00104809
0 0.103418 0.0202148 0.134961 0.0384766 0.00103188
0 0.461719 0.201514 0.135937 0.0993164 0.00102425
0 0.263867 0.0774414 0.305078 0.0998047 0.00102043
0 0.136328 0.867188 0.242969 0.15 0.00100422
0 0.989844 0.317187 0.0203125 0.278125 0.00100422
0 0.651563 0.483691 0.375 0.37168 0.691895
0 0.421094 0.644531 0.264062 0.303125 0.604004
1 0.648828 0.484375 0.364844 0.371875 0.306641
1 0.428223 0.639453 0.26543 0.308594 0.234375
0 0.29043 0.520312 0.132422 0.1625 0.122925
0 0.460156 0.403516 0.189063 0.0367187 0.0483093
0 0.559766 0.940625 0.127344 0.109375 0.029541
0 0.329688 0.870313 0.0960938 0.1625 0.0268555
0 0.266797 0.520312 0.0898438 0.153125 0.023819
1 0.288281 0.516406 0.135156 0.147656 0.0205994
0 0.514063 0.846875 0.109375 0.103125 0.00891876
0 0.290234 0.497656 0.122656 0.114063 0.0077858
0 0.255859 0.531641 0.0609375 0.138281 0.00591278
0 0.4375 0.400781 0.128125 0.0515625 0.00518036
0 0.622266 0.0746094 0.152344 0.145898 0.00518036
0 0.442969 0.4 0.190625 0.0484375 0.00502014
0 0.861328 0.856641 0.277344 0.286719 0.00429916
1 0.329883 0.865625 0.0910156 0.1625 0.00367928
0 0.564453 0.925 0.138281 0.146875 0.00307465
0 0.427344 0.80332 0.163281 0.0839844 0.0029583
0 0.144727 0.938672 0.271484 0.122656 0.00287819
0 0.879687 0.492969 0.140625 0.08125 0.00286674
1 0.559766 0.940625 0.127344 0.109375 0.00252151
1 0.460156 0.403516 0.189063 0.0367187 0.00221634
1 0.150195 0.953125 0.286328 0.09375 0.00214005
0 0.425 0.679688 0.24375 0.223438 0.0020504
1 0.266797 0.520312 0.0898438 0.153125 0.00181007
1 0.849219 0.85625 0.24375 0.28125 0.00150108
1 0.154297 0.402734 0.225781 0.288281 0.00144386
1 0.514063 0.846875 0.109375 0.103125 0.00141048
0 0.528125 0.852344 0.0859375 0.0953125 0.00137234
0 0.954687 0.0322266 0.090625 0.0644531 0.00131512
0 0.40166 0.598047 0.22793 0.217969 0.0012598
1 0.619141 0.110547 0.180469 0.217187 0.00125504
0 0.234766 0.540625 0.0289063 0.226562 0.00119209
1 0.233252 0.181641 0.276465 0.355469 0.0011692
0 0.648438 0.483203 0.360938 0.367969 0.831055
0 0.417188 0.641406 0.246875 0.292188 0.643555
0 0.283984 0.519531 0.115234 0.150781 0.295898
0 0.395312 0.896875 0.190625 0.2 0.136597
0 0.331055 0.86875 0.0941406 0.1625 0.126831
1 0.423047 0.638281 0.259375 0.295312 0.0698242
0 0.144531 0.939844 0.273438 0.120312 0.0679321
1 0.649219 0.484766 0.364062 0.366406 0.062439
0 0.144531 0.913281 0.269531 0.173438 0.055603
1 0.284766 0.516797 0.125391 0.139844 0.0261536
1 0.331641 0.865625 0.0914062 0.1625 0.0252228
0 0.415234 0.901563 0.139062 0.190625 0.0165863
1 0.395312 0.896875 0.190625 0.2 0.0165253
0 0.919531 0.847266 0.154687 0.305469 0.0157776
0 0.400781 0.608594 0.2125 0.223438 0.00945282
0 0.868555 0.834375 0.253516 0.323438 0.00800323
1 0.144531 0.939844 0.273438 0.120312 0.00709534
0 0.697656 0.948438 0.06875 0.1 0.0055542
1 0.136914 0.910937 0.258984 0.178125 0.00450516
1 0.236914 0.126758 0.266797 0.238672 0.00358009
1 0.415234 0.901563 0.139062 0.190625 0.00288963
0 0.264453 0.524609 0.08125 0.142969 0.00282288
1 0.919531 0.847266 0.154687 0.305469 0.00273705
0 0.424219 0.687891 0.24375 0.188281 0.00271416
0 0.244092 0.126563 0.28291 0.246094 0.00266266
0 0.253516 0.53125 0.0609375 0.128125 0.00231361
0 0.032373 0.271875 0.0643555 0.078125 0.00213242
0 0.155493 0.80625 0.194873 0.096875 0.00211525
1 0.697656 0.948438 0.06875 0.1 0.00197983
0 0.156152 0.959375 0.261914 0.08125 0.00195694
1 0.868555 0.834375 0.253516 0.323438 0.00187492
0 0.457031 0.884375 0.0640625 0.084375 0.00150108
0 0.288281 0.50625 0.139062 0.179688 0.00146103
0 0.440234 0.401563 0.167969 0.0390625 0.00135612
0 0.557813 0.942187 0.125 0.115625 0.00130463
0 0.930469 0.0543945 0.139062 0.108203 0.00126457
1 0.270898 0.241797 0.315234 0.419531 0.00123501
0 0.438672 0.4 0.216406 0.0476562 0.00114727
1 0.930469 0.0543945 0.139062 0.108203 0.00113773
0 0.970312 0.0360229 0.059375 0.0609619 0.00109863
1 0.678516 0.928906 0.107031 0.135937 0.00107765
0 0.394531 0.563281 0.196875 0.148438 0.00107288
0 0.646875 0.922266 0.165625 0.155469 0.00106525
0 0.136426 0.851758 0.239648 0.243359 0.00106049
0 0.651953 0.482812 0.360156 0.365625 0.629883
0 0.417578 0.642187 0.261719 0.3 0.629883
0 0.287109 0.519922 0.123438 0.155469 0.27832
0 0.143652 0.921094 0.273242 0.157813 0.267334
1 0.651953 0.482422 0.355469 0.371094 0.193726
1 0.426172 0.640625 0.264844 0.304688 0.0858765
0 0.327344 0.873438 0.0976562 0.165625 0.0472412
1 0.143359 0.927344 0.275 0.145313 0.033783
0 0.361523 0.884375 0.166797 0.1875 0.0230713
0 0.406641 0.898438 0.150781 0.203125 0.0145569
0 0.443359 0.40625 0.214844 0.040625 0.012291
1 0.227002 0.180859 0.364746 0.342187 0.00831604
1 0.284766 0.520312 0.121875 0.15625 0.00787354
1 0.219141 0.282031 0.403906 0.539062 0.00698471
1 0.307031 0.294531 0.535937 0.571875 0.00564194
1 0.327148 0.873438 0.0945313 0.1625 0.00407028
1 0.443359 0.40625 0.214844 0.040625 0.00388527
0 0.439844 0.402344 0.164062 0.0359375 0.00388527
1 0.378906 0.255078 0.602344 0.508594 0.0020504
1 0.361523 0.884375 0.166797 0.1875 0.0019722
0 0.193359 0.955469 0.225391 0.0890625 0.0018177
1 0.467969 0.183252 0.123438 0.138184 0.00178242
1 0.539062 0.139746 0.404687 0.279492 0.00169373
0 0.379297 0.892187 0.221875 0.215625 0.00166798
0 0.157617 0.946484 0.304297 0.107031 0.00160408
0 0.295117 0.546094 0.141406 0.20625 0.00159168
1 0.24292 0.144141 0.323535 0.270703 0.00148964
0 0.421191 0.682422 0.249805 0.214844 0.00133514
0 0.885938 0.851172 0.215625 0.297656 0.00126457
1 0.244189 0.515234 0.227246 0.259375 0.00124454
1 0.379297 0.892187 0.221875 0.215625 0.00123024
1 0.439844 0.402344 0.164062 0.0359375 0.00122547
0 0.399902 0.583984 0.20957 0.192969 0.0012207
1 0.406641 0.898438 0.150781 0.203125 0.00106049
0 0.650391 0.486719 0.361719 0.371875 0.84375
0 0.425879 0.641016 0.256055 0.303906 0.737793
0 0.137891 0.91875 0.267188 0.1625 0.398926
0 0.286328 0.519531 0.114844 0.15 0.306641
0 0.330273 0.873438 0.0941406 0.16875 0.151489
0 0.410547 0.896875 0.153906 0.203125 0.0733032
1 0.332422 0.873438 0.090625 0.1625 0.0240479
1 0.652734 0.484375 0.363281 0.378125 0.0196381
1 0.417969 0.642187 0.239063 0.304688 0.0189819
0 0.357617 0.884375 0.158203 0.196875 0.0165253
1 0.144824 0.923437 0.27793 0.153125 0.014061
1 0.2875 0.516797 0.129688 0.15625 0.00930023
0 0.396875 0.590625 0.196875 0.20625 0.00796509
0 0.432422 0.419531 0.158594 0.0828125 0.00793457
1 0.340234 0.884375 0.117188 0.190625 0.0078125
0 0.558984 0.936719 0.128125 0.126563 0.00723267
1 0.419531 0.901563 0.1375 0.196875 0.00582123
0 0.136523 0.812695 0.264453 0.283984 0.00508118
0 0.898438 0.813867 0.190625 0.356641 0.00502014
0 0.143945 0.875195 0.275781 0.249609 0.00494385
1 0.253516 0.153516 0.3 0.292188 0.00450516
0 0.93125 0.833594 0.128125 0.325 0.00443268
0 0.253516 0.153516 0.3 0.292188 0.00418091
0 0.426562 0.442578 0.153125 0.129688 0.00344276
0 0.514844 0.842188 0.1125 0.123438 0.00332451
0 0.854883 0.810938 0.265234 0.3625 0.00298119
1 0.430566 0.427344 0.15293 0.0984375 0.00253105
1 0.683594 0.93125 0.1 0.134375 0.002388
1 0.283252 0.253906 0.356152 0.495313 0.00231361
1 0.696094 0.934375 0.065625 0.13125 0.00206757
0 0.0844727 0.684375 0.164258 0.1375 0.00199509
0 0.696094 0.934375 0.065625 0.13125 0.00189686
1 0.318164 0.197461 0.429297 0.387891 0.00185299
0 0.16543 0.957422 0.261328 0.0851562 0.00179577
0 0.683594 0.93125 0.1 0.134375 0.00148964
1 0.107129 0.921094 0.210742 0.157813 0.00142097
0 0.116992 0.765625 0.225391 0.214062 0.0012598
1 0.90625 0.538281 0.18125 0.214062 0.00122547
0 0.318164 0.197461 0.429297 0.387891 0.0011425
0 0.90625 0.538281 0.18125 0.214062 0.00112915
0 0.623438 0.105957 0.153125 0.186523 0.00112438
0 0.102734 0.762891 0.203906 0.152344 0.0011158
0 0.856055 0.852344 0.212891 0.290625 0.00106525
1 0.391504 0.892187 0.182617 0.196875 0.00103664
0 0.65 0.483203 0.357812 0.370313 0.727051
0 0.415234 0.639844 0.245312 0.3 0.601074
0 0.143359 0.916406 0.282813 0.165625 0.301514
1 0.414453 0.639063 0.246094 0.303125 0.188965
0 0.285937 0.51875 0.116406 0.153125 0.174927
1 0.650781 0.481348 0.360938 0.370117 0.137085
0 0.328906 0.870313 0.0945313 0.165625 0.0927124
1 0.282813 0.520312 0.113281 0.15625 0.0875854
1 0.142871 0.925 0.285742 0.15 0.0701904
1 0.328906 0.871875 0.090625 0.1625 0.0292053
0 0.393066 0.59375 0.193555 0.2125 0.0235138
1 0.426465 0.433594 0.145508 0.115625 0.0214081
1 0.41416 0.901563 0.145117 0.190625 0.0142822
0 0.426953 0.426562 0.149219 0.103125 0.00720596
1 0.287109 0.516406 0.151562 0.189063 0.00636292
1 0.35918 0.884375 0.177734 0.2 0.005867
1 0.313086 0.208594 0.420703 0.40625 0.00510025
0 0.405859 0.892969 0.147656 0.2 0.00362206
1 0.396777 0.44375 0.100195 0.119531 0.00344276
0 0.509375 0.840625 0.1 0.115625 0.00296974
1 0.260156 0.187695 0.348437 0.357422 0.00293541
0 0.554688 0.942187 0.115625 0.115625 0.00293541
0 0.35918 0.884375 0.177734 0.2 0.00291252
1 0.390625 0.89375 0.195312 0.209375 0.00283432
0 0.412109 0.440625 0.126563 0.121875 0.00273705
0 0.872656 0.842969 0.239063 0.30625 0.0020752
0 0.093457 0.770312 0.186914 0.148438 0.00177479
0 0.957812 0.038916 0.084375 0.075293 0.00177479
0 0.833594 0.820508 0.307813 0.340234 0.00166798
0 0.440625 0.406641 0.189844 0.0421875 0.00164223
0 0.085376 0.0190186 0.150732 0.0370605 0.00162315
1 0.428125 0.40166 0.147656 0.0638672 0.00153637
1 0.28125 0.262891 0.398438 0.503906 0.00150108
0 0.265625 0.520703 0.0757812 0.144531 0.00149536
1 0.246875 0.388379 0.0921875 0.137305 0.0012846
1 0.367188 0.255469 0.528125 0.498437 0.00115585
1 0.400781 0.196533 0.592188 0.382715 0.00107765
1 0.507422 0.839844 0.103125 0.120312 0.00104046
0 0.917188 0.85625 0.154687 0.278125 0.00100422
0 0.650391 0.486719 0.361719 0.371875 0.84375
0 0.425879 0.641016 0.256055 0.303906 0.737793
0 0.137695 0.91875 0.267188 0.1625 0.397949
0 0.286328 0.519531 0.114844 0.15 0.306641
0 0.330273 0.873438 0.0941406 0.16875 0.151489
0 0.410547 0.896875 0.153906 0.203125 0.0733032
1 0.332422 0.873438 0.090625 0.1625 0.0240479
1 0.652734 0.484375 0.363281 0.378125 0.0198364
1 0.417969 0.642187 0.239063 0.304688 0.0190125
0 0.357617 0.884375 0.158203 0.196875 0.0165253
1 0.144824 0.923437 0.27793 0.153125 0.014061
1 0.2875 0.516797 0.129688 0.15625 0.00933838
0 0.396875 0.590625 0.196875 0.20625 0.00800323
0 0.432422 0.419531 0.158594 0.0828125 0.00793457
1 0.340234 0.884375 0.117188 0.190625 0.0078125
0 0.558984 0.936719 0.128125 0.126563 0.00720596
1 0.419531 0.901563 0.1375 0.196875 0.00582123
0 0.136523 0.812695 0.264453 0.283984 0.00508118
0 0.898438 0.813867 0.190625 0.356641 0.00502014
0 0.143945 0.875195 0.275781 0.249609 0.00494385
1 0.253516 0.153516 0.3 0.291797 0.00452042
0 0.93125 0.833594 0.128125 0.325 0.00443268
0 0.253516 0.153516 0.3 0.291797 0.00418091
0 0.426562 0.442578 0.153125 0.129688 0.00344276
0 0.514844 0.842188 0.1125 0.123438 0.00331116
0 0.854883 0.810938 0.265234 0.3625 0.00298119
1 0.430566 0.427344 0.15293 0.0984375 0.00253105
1 0.683594 0.93125 0.1 0.134375 0.00237846
1 0.283252 0.253711 0.356152 0.495703 0.00231361
1 0.696094 0.934375 0.065625 0.13125 0.00206757
0 0.0844727 0.684375 0.164258 0.1375 0.00198746
0 0.696094 0.934375 0.065625 0.13125 0.00188923
1 0.318164 0.197607 0.429297 0.387598 0.00185299
0 0.16543 0.957422 0.261328 0.0851562 0.00179577
0 0.683594 0.93125 0.1 0.134375 0.00148392
1 0.107129 0.921094 0.210742 0.157813 0.0014267
0 0.116895 0.765625 0.225586 0.214062 0.00125504
1 0.90625 0.538281 0.18125 0.214062 0.00121593
0 0.318164 0.197607 0.429297 0.387598 0.00113773
0 0.623438 0.105957 0.153125 0.186523 0.00112438
0 0.90625 0.538281 0.18125 0.214062 0.00112438
0 0.102734 0.762891 0.203906 0.152344 0.00111198
0 0.856055 0.852344 0.212891 0.290625 0.00106525
1 0.391504 0.892187 0.182617 0.196875 0.00103664
