0 0.440527 0.82207 0.342383 0.333984 0.737793
0 0.481934 0.473437 0.34707 0.394531 0.608398
0 0.80918 0.387109 0.294141 0.369531 0.507812
0 0.0863281 0.642578 0.161523 0.189844 0.504883
0 0.488281 0.175049 0.245312 0.245215 0.500977
0 0.811914 0.765625 0.376172 0.45625 0.487305
0 0.210352 0.132031 0.284766 0.233203 0.429199
0 0.158105 0.399316 0.293164 0.30918 0.415771
0 0.705469 0.120508 0.167187 0.233594 0.332031
1 0.80918 0.766406 0.375391 0.460938 0.317383
0 0.129395 0.860742 0.254492 0.247266 0.305664
1 0.129395 0.860742 0.254492 0.247266 0.262207
1 0.156641 0.4 0.292969 0.319531 0.188354
0 0.191602 0.751562 0.185547 0.228125 0.182373
1 0.141992 0.815625 0.273047 0.339063 0.161377
0 0.141992 0.815625 0.273047 0.339063 0.152588
1 0.440527 0.82207 0.342383 0.333984 0.151001
1 0.80918 0.387109 0.294141 0.369531 0.11438
1 0.0863281 0.642578 0.161523 0.189844 0.112183
0 0.120898 0.629687 0.225391 0.174219 0.107788
1 0.210352 0.132031 0.284766 0.233203 0.101074
1 0.709766 0.115625 0.171094 0.221875 0.0892944
0 0.851562 0.109351 0.15 0.194971 0.0889893
0 0.191016 0.805469 0.185156 0.373437 0.072876
1 0.481934 0.473437 0.34707 0.394531 0.0699463
0 0.102051 0.84707 0.20332 0.215234 0.062561
0 0.527344 0.177539 0.173438 0.232422 0.062561
0 0.774219 0.111914 0.304688 0.212109 0.0428772
1 0.488281 0.175049 0.245312 0.245215 0.0384521
0 0.914062 0.897656 0.165625 0.1875 0.0300446
0 0.957812 0.279687 0.084375 0.353125 0.0281067
0 0.368359 0.796094 0.199219 0.28125 0.0257568
0 0.790625 0.309961 0.21875 0.212891 0.0235596
1 0.850781 0.111108 0.15 0.195752 0.0233765
0 0.903125 0.638281 0.175 0.201562 0.0225067
1 0.191016 0.805469 0.185156 0.373437 0.0210419
0 0.135156 0.742969 0.259766 0.390625 0.0180969
0 0.963281 0.276953 0.0734375 0.553906 0.0180206
0 0.696094 0.177441 0.153125 0.354883 0.0166626
1 0.774219 0.111914 0.304688 0.212109 0.0165253
1 0.191602 0.751562 0.185547 0.228125 0.0160217
0 0.110742 0.369727 0.221484 0.237109 0.0135345
0 0.983594 0.402344 0.0328125 0.514063 0.0134277
0 0.542188 0.163867 0.132812 0.203516 0.0132217
1 0.120898 0.629687 0.225391 0.174219 0.0129242
0 0.674219 0.166992 0.107813 0.333984 0.0128708
0 0.751562 0.813867 0.25625 0.353516 0.012825
0 0.958594 0.226953 0.0671875 0.453906 0.0127258
0 0.914844 0.766797 0.170312 0.135156 0.0125275
0 0.786719 0.650391 0.264062 0.223438 0.0124283
0 0.952734 0.753125 0.0945313 0.096875 0.0109024
0 0.422656 0.773438 0.296875 0.220313 0.0107803
0 0.741406 0.857031 0.239063 0.267188 0.0103302
0 0.978125 0.432813 0.04375 0.634375 0.0100937
0 0.205518 0.266406 0.17959 0.0492188 0.00937653
0 0.976562 0.369531 0.046875 0.4125 0.00905609
0 0.1125 0.601562 0.219141 0.104687 0.00891876
0 0.217139 0.34375 0.193848 0.2 0.00878143
0 0.408594 0.453906 0.2 0.369531 0.00844574
1 0.532812 0.179688 0.160938 0.236719 0.00818634
0 0.982031 0.319336 0.0359375 0.498828 0.00793457
0 0.541016 0.9125 0.172656 0.165625 0.00787354
1 0.963281 0.276953 0.0734375 0.553906 0.00757599
1 0.914062 0.897656 0.165625 0.1875 0.00734711
0 0.971875 0.515625 0.05625 0.367188 0.00734711
0 0.972656 0.282031 0.0546875 0.564062 0.00728989
0 0.45459 0.741406 0.289258 0.15625 0.00717545
0 0.916016 0.809375 0.167969 0.217187 0.00679779
0 0.542969 0.38125 0.221875 0.185156 0.00661469
0 0.0876953 0.821094 0.175391 0.164062 0.0064888
0 0.571875 0.410547 0.170312 0.232812 0.00619125
0 0.693359 0.156738 0.155469 0.250586 0.00609589
0 0.860937 0.144434 0.146875 0.229102 0.00600433
0 0.852344 0.639844 0.270312 0.203906 0.005867
0 0.160645 0.142773 0.192773 0.221094 0.00577545
1 0.957812 0.279687 0.084375 0.353125 0.00568771
0 0.9375 0.794531 0.125 0.203125 0.00547028
1 0.102051 0.84707 0.20332 0.215234 0.00536346
1 0.135156 0.742969 0.259766 0.390625 0.00534439
0 0.705078 0.162891 0.182031 0.30625 0.00479126
1 0.913281 0.630469 0.171875 0.198437 0.00471878
0 0.952344 0.772656 0.0953125 0.160938 0.00466537
0 0.0305176 0.64375 0.0610352 0.198437 0.00450516
1 0.674219 0.166992 0.107813 0.333984 0.00446701
0 0.521875 0.936719 0.215625 0.109375 0.00446701
0 0.285547 0.109473 0.15625 0.194727 0.00419998
1 0.978125 0.432813 0.04375 0.634375 0.00416565
0 0.420215 0.196143 0.126758 0.230371 0.00416565
0 0.45459 0.390625 0.237695 0.233594 0.00408554
0 0.216846 0.767969 0.138184 0.246875 0.00403976
0 0.971094 0.222266 0.0578125 0.444531 0.00403976
0 0.807813 0.274023 0.276563 0.155078 0.00397491
0 0.296875 0.241016 0.132031 0.208594 0.00379562
1 0.983594 0.402344 0.0328125 0.514063 0.00376511
0 0.403027 0.200195 0.0923828 0.21875 0.00372124
1 0.677344 0.185937 0.126563 0.371875 0.00367928
0 0.436621 0.691016 0.287695 0.0546875 0.00345612
0 0.457812 0.19043 0.208594 0.230078 0.00340271
1 0.972656 0.282031 0.0546875 0.564062 0.00332451
0 0.851562 0.0705078 0.140625 0.113281 0.00324821
1 0.958594 0.226953 0.0671875 0.453906 0.00317192
0 0.894531 0.371875 0.142188 0.245312 0.00316048
0 0.973437 0.569141 0.053125 0.121094 0.00307465
0 0.96875 0.575 0.0625 0.225781 0.00288963
0 0.0768555 0.839844 0.153711 0.254687 0.00281143
0 0.914062 0.659375 0.1625 0.148438 0.0026722
1 0.860937 0.144434 0.146875 0.229102 0.00265312
1 0.542188 0.927344 0.171875 0.134375 0.00265312
0 0.141406 0.64375 0.247266 0.2125 0.00263214
0 0.915625 0.935938 0.1625 0.1125 0.00263214
1 0.971875 0.515625 0.05625 0.367188 0.0026207
0 0.760938 0.42334 0.2 0.301758 0.00258064
0 0.746094 0.10686 0.107813 0.114795 0.00253105
0 0.934375 0.757812 0.13125 0.178125 0.0024929
0 0.572656 0.595703 0.1875 0.219531 0.00248146
0 0.108008 0.570312 0.216016 0.046875 0.0024147
0 0.957031 0.200781 0.0859375 0.392188 0.0024147
0 0.542969 0.785937 0.134375 0.242188 0.00239754
0 0.23418 0.515234 0.146094 0.264062 0.00237846
0 0.538672 0.11875 0.138281 0.128906 0.00232315
0 0.217383 0.298047 0.180859 0.108594 0.00230598
0 0.0496094 0.636719 0.0992187 0.229687 0.00224304
0 0.11084 0.578125 0.22168 0.05625 0.00224304
0 0.935156 0.882031 0.129688 0.223438 0.00223351
0 0.757812 0.654297 0.19375 0.239844 0.00219154
1 0.0768555 0.839844 0.153711 0.254687 0.00218201
0 0.488281 0.752734 0.223438 0.180469 0.00213242
1 0.914844 0.780469 0.170312 0.179688 0.00209045
1 0.367578 0.807031 0.200781 0.3375 0.00204277
0 0.126147 0.287109 0.130908 0.0929687 0.00195694
1 0.0305176 0.64375 0.0610352 0.198437 0.00195694
0 0.866211 0.857031 0.267578 0.28125 0.00190449
1 0.976562 0.369531 0.046875 0.4125 0.00182438
1 0.741406 0.857031 0.239063 0.267188 0.00177479
0 0.950781 0.676172 0.0984375 0.0703125 0.00175476
0 0.871875 0.309961 0.175 0.202734 0.00170708
1 0.403027 0.200195 0.0923828 0.21875 0.00168705
0 0.96875 0.164355 0.05625 0.328711 0.00168705
0 0.974219 0.464063 0.0515625 0.49375 0.00168133
1 0.751562 0.813867 0.25625 0.353516 0.00167465
0 0.551562 0.942187 0.154687 0.09375 0.00166798
1 0.9375 0.794531 0.125 0.203125 0.00163555
0 0.456152 0.717969 0.279883 0.103125 0.00161076
0 0.675781 0.198779 0.123438 0.386035 0.00160408
1 0.216846 0.767969 0.138184 0.246875 0.00159168
0 0.382715 0.774609 0.179883 0.221094 0.00158501
0 0.949219 0.0980225 0.05 0.133252 0.00158501
0 0.591406 0.430566 0.139844 0.25918 0.00153637
1 0.420215 0.196143 0.126758 0.230371 0.00150681
0 0.416797 0.514063 0.208594 0.267969 0.00150108
0 0.851562 0.143066 0.134375 0.169336 0.00149536
1 0.982031 0.319336 0.0359375 0.498828 0.00148964
1 0.693359 0.156738 0.155469 0.250586 0.00148392
0 0.283594 0.218164 0.157422 0.178125 0.00146675
1 0.571875 0.410547 0.170312 0.232812 0.00146103
0 0.310156 0.276953 0.100781 0.146875 0.00143814
0 0.942969 0.669531 0.114063 0.0859375 0.00143242
0 0.953125 0.146191 0.059375 0.26543 0.00141048
0 0.526563 0.754687 0.15625 0.19375 0.00138283
1 0.296875 0.241016 0.132031 0.208594 0.00137806
0 0.925781 0.832812 0.148438 0.275 0.00137806
0 0.435059 0.369141 0.19082 0.205469 0.00137234
1 0.705078 0.162891 0.182031 0.30625 0.00136662
0 0.547656 0.348828 0.198437 0.103125 0.00136185
0 0.715625 0.0919678 0.154687 0.171143 0.00133038
0 0.240234 0.77793 0.0960938 0.103516 0.00131989
0 0.966406 0.249219 0.0671875 0.446875 0.00129414
1 0.23418 0.515234 0.146094 0.264062 0.0012598
1 0.542188 0.901563 0.165625 0.175 0.00122547
0 0.54375 0.871094 0.15625 0.240625 0.0012064
1 0.96875 0.575 0.0625 0.225781 0.00118828
1 0.521875 0.936719 0.215625 0.109375 0.00117874
0 0.406934 0.78125 0.211133 0.248437 0.0011692
0 0.960938 0.542969 0.078125 0.254687 0.00116539
0 0.879687 0.618359 0.2 0.152344 0.00116062
1 0.952344 0.772656 0.0953125 0.160938 0.00115108
1 0.231055 0.3375 0.180078 0.200781 0.00109005
0 0.47959 0.369336 0.306445 0.198047 0.00108147
1 0.971094 0.222266 0.0578125 0.444531 0.00108147
0 0.915234 0.732031 0.169531 0.1625 0.00106525
0 0.558594 0.184375 0.11875 0.24375 0.00106049
0 0.941406 0.74375 0.117188 0.0984375 0.00105667
0 0.437402 0.0949219 0.142383 0.0785156 0.00102043
1 0.952734 0.753125 0.0945313 0.096875 0.00101662
0 0.212305 0.13457 0.296484 0.267969 0.806641
0 0.498535 0.178955 0.263867 0.245215 0.71875
0 0.192773 0.433594 0.261719 0.378125 0.705078
0 0.703906 0.122363 0.171875 0.20332 0.678223
0 0.8125 0.374414 0.290625 0.327734 0.643555
0 0.496484 0.465723 0.35625 0.382617 0.640625
1 0.810938 0.771875 0.359375 0.453125 0.613281
1 0.167773 0.769141 0.232422 0.450781 0.550781
0 0.449609 0.826563 0.330469 0.33125 0.53125
0 0.254736 0.141895 0.211621 0.27207 0.530273
0 0.854688 0.12207 0.148438 0.222266 0.469727
1 0.449902 0.83457 0.35957 0.330859 0.462891
0 0.184717 0.799805 0.198535 0.387891 0.356689
0 0.796094 0.769531 0.35 0.451562 0.332031
1 0.853906 0.12041 0.145313 0.228711 0.320068
1 0.491309 0.467578 0.351758 0.382031 0.277588
1 0.819531 0.385156 0.292188 0.33125 0.254639
0 0.744922 0.102051 0.0789063 0.118945 0.241455
0 0.145313 0.760156 0.26875 0.425 0.228882
1 0.178516 0.419922 0.296094 0.349219 0.21936
1 0.162695 0.848437 0.245703 0.301562 0.155029
0 0.585938 0.362109 0.121875 0.101562 0.127197
1 0.49541 0.18418 0.262305 0.248047 0.125244
1 0.704687 0.112891 0.165625 0.208984 0.115356
0 0.744922 0.846875 0.238281 0.30625 0.111633
0 0.162695 0.848437 0.245703 0.301562 0.0965576
0 0.742188 0.122168 0.084375 0.114258 0.0963745
0 0.842188 0.515625 0.134375 0.05 0.0950317
0 0.539062 0.734375 0.107813 0.125 0.0930176
0 0.56875 0.345703 0.14375 0.0609375 0.092041
0 0.74375 0.888281 0.229687 0.223438 0.0834351
0 0.553906 0.746875 0.09375 0.13125 0.083313
0 0.515234 0.910937 0.241406 0.178125 0.081543
0 0.748438 0.102246 0.0765625 0.17168 0.0755615
1 0.226611 0.146777 0.261621 0.276758 0.0646362
0 0.719531 0.120288 0.1375 0.165674 0.0628052
1 0.139258 0.813867 0.275391 0.350391 0.0603027
0 0.219727 0.275391 0.160156 0.0414063 0.0594177
0 0.839063 0.738281 0.303125 0.38125 0.051178
0 0.156055 0.16123 0.184766 0.180273 0.0483093
0 0.839063 0.526563 0.15 0.0390625 0.0474243
1 0.744922 0.846875 0.238281 0.30625 0.0459595
0 0.552344 0.923437 0.159375 0.146875 0.0414734
1 0.515234 0.910937 0.241406 0.178125 0.0405273
0 0.522656 0.732813 0.135937 0.0953125 0.0386047
0 0.595312 0.498437 0.159375 0.382812 0.0376892
1 0.74375 0.888281 0.229687 0.223438 0.037323
0 0.551953 0.113306 0.11875 0.108936 0.0363464
0 0.233594 0.745313 0.0796875 0.1125 0.0360718
0 0.27832 0.373828 0.0972656 0.125 0.0359497
0 0.557031 0.769531 0.0953125 0.10625 0.0340881
0 0.214502 0.267383 0.156934 0.0496094 0.0330811
0 0.444922 0.313672 0.107813 0.0765625 0.0325928
0 0.285156 0.388281 0.0726563 0.132031 0.0321045
0 0.263672 0.324609 0.0964844 0.128906 0.0319824
0 0.221484 0.739453 0.111328 0.0851562 0.0299835
0 0.592188 0.360547 0.11875 0.134375 0.0298767
0 0.854688 0.0857422 0.13125 0.171484 0.028595
0 0.0645508 0.389844 0.11543 0.25625 0.0281067
0 0.193945 0.79082 0.183984 0.187109 0.0279083
0 0.255469 0.306836 0.100391 0.143359 0.0279083
0 0.758594 0.125879 0.0671875 0.157617 0.0273743
0 0.225 0.714453 0.0996094 0.0976562 0.0272675
1 0.124805 0.866406 0.249609 0.260938 0.0264587
0 0.517969 0.707422 0.142188 0.0601562 0.0248871
0 0.326172 0.685938 0.0695312 0.107813 0.0248871
0 0.23418 0.303125 0.139844 0.104297 0.0247955
0 0.223438 0.692969 0.0890625 0.117188 0.0246124
0 0.558594 0.785156 0.10625 0.08125 0.0224609
0 0.202344 0.667188 0.123047 0.0703125 0.0201721
0 0.187451 0.621875 0.119629 0.115625 0.0198669
0 0.542188 0.104858 0.132812 0.0820801 0.0196381
0 0.0791016 0.806445 0.0867188 0.115234 0.0193481
0 0.273828 0.352539 0.0875 0.138672 0.0188293
0 0.563672 0.123999 0.101562 0.137939 0.0186157
0 0.569531 0.330859 0.1375 0.0554687 0.0180511
1 0.719531 0.120288 0.1375 0.165674 0.0170441
0 0.185352 0.627344 0.166016 0.15625 0.016922
0 0.585156 0.225781 0.0734375 0.124609 0.0168457
0 0.195264 0.648828 0.119629 0.0890625 0.0164642
0 0.241016 0.762109 0.0820312 0.125781 0.0163422
0 0.873438 0.143335 0.10625 0.176611 0.016098
0 0.604688 0.553125 0.142188 0.339063 0.0158386
1 0.0645508 0.389844 0.11543 0.25625 0.0157776
0 0.925 0.392969 0.078125 0.116406 0.0153656
0 0.883594 0.137695 0.0765625 0.120703 0.0151291
0 0.325781 0.7 0.0859375 0.139062 0.0150146
0 0.204883 0.660937 0.101562 0.0859375 0.0146713
0 0.908594 0.792188 0.179688 0.415625 0.0143356
0 0.611719 0.405078 0.0828125 0.123438 0.0138474
0 0.3125 0.0573242 0.0796875 0.114648 0.0137939
0 0.285352 0.412109 0.0730469 0.117188 0.0136871
0 0.582812 0.248437 0.0796875 0.126563 0.013588
0 0.742188 0.147656 0.090625 0.117969 0.0133743
0 0.698047 0.162695 0.136719 0.325391 0.0133286
0 0.890625 0.439063 0.1625 0.233594 0.012291
0 0.904688 0.311328 0.1 0.132812 0.0122375
1 0.854688 0.0857422 0.13125 0.171484 0.012146
0 0.570703 0.136426 0.078125 0.139258 0.0119629
0 0.798437 0.231641 0.160938 0.05 0.0118713
0 0.554688 0.796875 0.120312 0.0625 0.0116425
0 0.124805 0.866406 0.249609 0.260938 0.0112915
0 0.846875 0.0524292 0.117188 0.0900635 0.0112915
0 0.885938 0.163281 0.075 0.128125 0.0112457
0 0.549219 0.727734 0.0765625 0.127344 0.0106964
0 0.231055 0.710938 0.0808594 0.146875 0.0105667
0 0.249609 0.788281 0.06875 0.1375 0.0105286
0 0.204688 0.6875 0.125391 0.084375 0.0105286
0 0.626562 0.451562 0.06875 0.129688 0.0104065
0 0.588281 0.0348145 0.207813 0.0696289 0.0102463
0 0.909375 0.335352 0.1 0.120703 0.00989532
0 0.196924 0.832812 0.0928711 0.114063 0.00985718
0 0.440234 0.7875 0.0734375 0.115625 0.00974274
0 0.27832 0.399219 0.0988281 0.1125 0.00955963
0 0.858594 0.291992 0.11875 0.0878906 0.00955963
0 0.876562 0.111719 0.1 0.119141 0.00948334
0 0.921094 0.914062 0.157813 0.16875 0.00948334
1 0.698047 0.162695 0.136719 0.325391 0.00937653
1 0.758594 0.125879 0.0671875 0.157617 0.00923157
0 0.590625 0.342578 0.0851562 0.154687 0.00908661
0 0.582422 0.201367 0.078125 0.130859 0.00908661
0 0.926562 0.632422 0.109375 0.147656 0.00888062
0 0.286719 0.388672 0.0726563 0.188281 0.0088501
0 0.577344 0.327734 0.121875 0.0859375 0.0086441
0 0.9125 0.858008 0.165625 0.277734 0.00857544
1 0.32168 0.702344 0.0738281 0.148438 0.00847626
0 0.573438 0.162109 0.084375 0.120703 0.00834656
0 0.587109 0.214111 0.075 0.184277 0.00812531
0 0.565625 0.838281 0.107813 0.0953125 0.00800323
1 0.157007 0.15603 0.185596 0.181299 0.0077858
0 0.224219 0.297656 0.151172 0.071875 0.00775528
0 0.449219 0.296094 0.126563 0.0625 0.00772476
1 0.794531 0.116602 0.26875 0.222266 0.00769424
0 0.835742 0.507422 0.141016 0.0539063 0.00766754
1 0.142969 0.699219 0.272656 0.301562 0.00766754
0 0.578906 0.257617 0.096875 0.101172 0.00754929
0 0.215039 0.677734 0.0867188 0.125781 0.00743103
0 0.557422 0.734766 0.0804688 0.172656 0.00740433
0 0.798437 0.241992 0.167187 0.0496094 0.00737381
0 0.567187 0.821875 0.09375 0.109375 0.00725937
0 0.890625 0.179492 0.065625 0.117188 0.00717545
0 0.909375 0.61875 0.125 0.115625 0.00703812
0 0.890625 0.194531 0.0640625 0.0828125 0.00695801
0 0.137891 0.875 0.0894531 0.11875 0.0068779
0 0.238672 0.744922 0.0789063 0.174219 0.0068512
0 0.873438 0.133398 0.107813 0.0980469 0.00674438
0 0.563672 0.80293 0.0921875 0.112891 0.00658798
0 0.430078 0.789062 0.0882813 0.0984375 0.00643921
1 0.185352 0.627344 0.166016 0.15625 0.00634003
0 0.945312 0.758594 0.109375 0.0609375 0.00629044
0 0.266797 0.356641 0.117188 0.149219 0.00621796
0 0.630078 0.475781 0.075 0.125 0.00619125
0 0.324219 0.113867 0.0703125 0.126563 0.00619125
0 0.869531 0.302344 0.11875 0.116406 0.00619125
0 0.923437 0.364258 0.075 0.139453 0.00614548
0 0.373633 0.877344 0.193359 0.214062 0.00614548
1 0.565625 0.921875 0.134375 0.146875 0.00609589
0 0.192383 0.675 0.142188 0.046875 0.00605011
0 0.801758 0.22207 0.158984 0.0519531 0.00595856
0 0.567578 0.857813 0.113281 0.0859375 0.00591278
0 0.272461 0.10957 0.177734 0.215625 0.00588989
0 0.857813 0.275 0.121875 0.075 0.00588989
0 0.783594 0.437109 0.21875 0.274219 0.005867
0 0.170801 0.61875 0.118555 0.104687 0.00577545
0 0.636328 0.0411133 0.23125 0.0822266 0.00575256
0 0.739062 0.163281 0.103125 0.08125 0.00572968
1 0.873438 0.143335 0.10625 0.176611 0.00570679
0 0.542969 0.808594 0.151562 0.267188 0.00568771
0 0.619531 0.426465 0.0796875 0.14707 0.0055542
0 0.0748047 0.325391 0.104102 0.110937 0.0055542
0 0.794531 0.116602 0.26875 0.222266 0.00547028
0 0.898438 0.605469 0.13125 0.090625 0.00542831
0 0.434375 0.716016 0.117188 0.0921875 0.00542831
0 0.8625 0.0569824 0.0875 0.113965 0.00530243
0 0.748047 0.0830078 0.0757812 0.166016 0.00521851
0 0.586328 0.9 0.071875 0.103125 0.00518036
1 0.908594 0.792188 0.179688 0.415625 0.0051384
0 0.575781 0.187695 0.1 0.120312 0.00511932
0 0.323438 0.137109 0.0734375 0.125 0.00498199
0 0.676172 0.180273 0.0914062 0.360547 0.0049057
0 0.910156 0.419531 0.120312 0.272656 0.00471878
1 0.676172 0.180273 0.0914062 0.360547 0.00468063
0 0.253516 0.812695 0.0640625 0.133984 0.00460815
0 0.682422 0.0814453 0.0960938 0.113281 0.00460815
1 0.193945 0.79082 0.183984 0.187109 0.0045929
0 0.746094 0.0768555 0.0796875 0.123047 0.00455475
0 0.635938 0.525781 0.0703125 0.132812 0.00446701
0 0.575 0.141602 0.0757812 0.186328 0.00445175
0 0.875 0.0931641 0.0875 0.132812 0.00443268
0 0.625391 0.441309 0.0742188 0.186133 0.00432968
0 0.635938 0.550781 0.0703125 0.13125 0.00432968
0 0.247852 0.29375 0.113672 0.0976562 0.00431442
0 0.80625 0.841406 0.090625 0.109375 0.00429916
0 0.986719 0.489062 0.0265625 0.198437 0.00426483
0 0.553906 0.817187 0.125 0.06875 0.00419998
0 0.883594 0.579297 0.148438 0.053125 0.00419998
0 0.116699 0.0474609 0.108789 0.0949219 0.00413513
0 0.0955078 0.647656 0.178125 0.203125 0.00411606
0 0.206201 0.832812 0.161035 0.275 0.0041008
0 0.89375 0.301562 0.110937 0.165625 0.00408554
0 0.672656 0.099707 0.0921875 0.12168 0.00407028
0 0.613672 0.39541 0.0804688 0.176367 0.00407028
0 0.585938 0.878125 0.071875 0.125 0.00403976
0 0.865625 0.279297 0.117188 0.121094 0.00395966
0 0.857031 0.151953 0.132812 0.146094 0.0039444
0 0.821875 0.576563 0.1875 0.04375 0.00391388
0 0.453516 0.326758 0.103906 0.101953 0.00385475
1 0.986719 0.489062 0.0265625 0.198437 0.0037365
0 0.575781 0.275 0.103125 0.0699219 0.00370789
0 0.851758 0.533203 0.190234 0.0265625 0.00370789
0 0.842188 0.205469 0.125 0.0777344 0.00367928
0 0.695312 0.0379761 0.104687 0.0494385 0.00367928
0 0.566406 0.148828 0.1 0.134375 0.00367928
0 0.632031 0.500391 0.0765625 0.142969 0.00365067
0 0.771875 0.776563 0.096875 0.1 0.00363541
0 0.574609 0.361719 0.135156 0.0828125 0.00362206
0 0.489062 0.930469 0.185937 0.13125 0.0036068
0 0.0736328 0.409375 0.0757812 0.115625 0.00359344
0 0.605469 0.0326904 0.165625 0.0653809 0.00356483
0 0.925 0.41084 0.09375 0.11582 0.00356483
0 0.939062 0.652734 0.11875 0.107813 0.00356483
0 0.578125 0.850781 0.0851562 0.142188 0.00351143
0 0.273438 0.512109 0.0761719 0.125781 0.00344276
0 0.0810303 0.600781 0.136768 0.05 0.00338936
0 0.320703 0.273438 0.0820312 0.116406 0.00337601
0 0.880469 0.297461 0.114063 0.141797 0.00335121
1 0.921094 0.914062 0.157813 0.16875 0.00333786
0 0.406934 0.83125 0.11582 0.103125 0.00333786
1 0.588281 0.0348145 0.207813 0.0696289 0.00332451
0 0.322266 0.0896484 0.0734375 0.136719 0.00332451
0 0.0972656 0.853125 0.194531 0.23125 0.00329781
0 0.852344 0.507422 0.125 0.0679687 0.00328636
1 0.857031 0.151953 0.132812 0.146094 0.00325966
0 0.362891 0.577344 0.08125 0.125 0.00319672
0 0.588281 0.939453 0.084375 0.121094 0.00318527
0 0.580078 0.175 0.0820312 0.152344 0.00314713
0 0.514063 0.692187 0.15 0.0546875 0.00312424
0 0.117969 0.635938 0.228125 0.176563 0.00302696
0 0.942969 0.76875 0.114063 0.053125 0.00298119
0 0.8875 0.149902 0.075 0.187695 0.00298119
0 0.14668 0.411328 0.0929687 0.0867188 0.0029583
0 0.740234 0.789062 0.233594 0.40625 0.00293541
0 0.950391 0.746094 0.0992187 0.09375 0.00293541
0 0.946875 0.667188 0.10625 0.0984375 0.00291252
0 0.60625 0.926562 0.0554687 0.140625 0.00290108
0 0.386328 0.0371582 0.122656 0.0586914 0.00287819
0 0.323828 0.101172 0.0734375 0.195312 0.0028553
0 0.280469 0.344141 0.0796875 0.179688 0.0028553
0 0.141699 0.66875 0.261914 0.242188 0.00284576
0 0.480566 0.0420898 0.298242 0.0841797 0.00284576
1 0.595312 0.498437 0.159375 0.382812 0.00279045
0 0.324414 0.162109 0.0785156 0.124219 0.00277901
0 0.986719 0.442578 0.0265625 0.196094 0.00273705
0 0.726562 0.855469 0.101562 0.117188 0.00271416
0 0.317578 0.0741211 0.090625 0.138086 0.00270462
0 0.729688 0.07854 0.185937 0.152686 0.00268364
0 0.736719 0.180664 0.107813 0.0589844 0.0026722
0 0.291406 0.683594 0.0742188 0.125 0.00266266
0 0.728906 0.698438 0.1 0.101562 0.00266266
1 0.216797 0.436719 0.204297 0.374219 0.00266266
0 0.623828 0.505371 0.103125 0.389258 0.00264168
0 0.0828125 0.608984 0.151953 0.04375 0.00263214
0 0.589844 0.915625 0.071875 0.121875 0.00261116
0 0.90625 0.298438 0.071875 0.140625 0.00253105
0 0.572266 0.9 0.110156 0.0875 0.00253105
0 0.923437 0.499219 0.08125 0.121875 0.00251198
0 0.268555 0.306836 0.0777344 0.184766 0.00248146
1 0.9125 0.858008 0.165625 0.277734 0.00248146
0 0.528125 0.6875 0.14375 0.075 0.00247192
0 0.746875 0.137109 0.0859375 0.157031 0.00243378
0 0.578906 0.323047 0.142188 0.0589844 0.0024147
1 0.0955078 0.647656 0.178125 0.203125 0.00236893
0 0.661719 0.164258 0.078125 0.129688 0.00234222
0 0.632031 0.575781 0.0804688 0.133594 0.00231361
0 0.987109 0.407422 0.0257812 0.178906 0.00230598
0 0.628125 0.560547 0.0984375 0.117969 0.00228691
0 0.42334 0.0391602 0.225195 0.0783203 0.00226974
0 0.304297 0.0663086 0.110937 0.132617 0.00223351
0 0.535937 0.0808594 0.139844 0.0550781 0.00221634
1 0.636328 0.0411133 0.23125 0.0822266 0.00220871
0 0.32168 0.248437 0.0792969 0.127344 0.00219917
0 0.875 0.15957 0.10625 0.113672 0.00219917
0 0.418652 0.778906 0.108008 0.115625 0.00219154
0 0.696875 0.102051 0.154687 0.204102 0.00214958
0 0.84375 0.0337769 0.125 0.062915 0.00214958
0 0.466016 0.502344 0.297656 0.326562 0.00213242
0 0.875 0.404297 0.190625 0.232031 0.00212479
0 0.0642578 0.405078 0.102539 0.110937 0.00211525
0 0.456641 0.294141 0.128906 0.0914062 0.00211525
1 0.548437 0.907812 0.16875 0.179688 0.00210762
0 0.0732422 0.665625 0.096875 0.108594 0.00209999
0 0.91875 0.603906 0.090625 0.108594 0.00208282
0 0.0874023 0.789062 0.0974609 0.13125 0.00208282
0 0.86875 0.0984375 0.1125 0.148633 0.00206757
1 0.489062 0.930469 0.185937 0.13125 0.0020504
0 0.564062 0.763672 0.08125 0.171094 0.0020504
0 0.91875 0.337109 0.08125 0.153125 0.00203514
0 0.317578 0.1 0.0945313 0.124023 0.00201988
0 0.199268 0.068457 0.0936523 0.136914 0.00200272
0 0.450781 0.713281 0.120312 0.101562 0.00199509
1 0.809961 0.774414 0.380078 0.451172 0.568848
1 0.446484 0.832031 0.363281 0.335938 0.557129
0 0.49209 0.49375 0.361133 0.426562 0.532227
1 0.164258 0.454297 0.318359 0.414844 0.527344
1 0.141309 0.777344 0.282617 0.445312 0.480469
0 0.497656 0.1875 0.246094 0.260156 0.464844
0 0.81582 0.388281 0.312109 0.363281 0.450439
0 0.449219 0.830469 0.349219 0.339063 0.446533
1 0.815625 0.388281 0.315625 0.360156 0.342529
0 0.153711 0.137695 0.182422 0.258984 0.338135
0 0.708203 0.118164 0.183594 0.206641 0.306641
0 0.280078 0.179492 0.186719 0.337109 0.279785
1 0.494531 0.508691 0.360156 0.449805 0.263672
1 0.5 0.186133 0.24375 0.257422 0.250244
0 0.217578 0.143652 0.305469 0.268164 0.228149
0 0.813086 0.771875 0.373828 0.45625 0.228149
1 0.707031 0.119141 0.184375 0.220313 0.226074
0 0.85625 0.118652 0.15625 0.214648 0.202393
0 0.141016 0.776953 0.282031 0.446094 0.201172
0 0.171289 0.453906 0.294922 0.426562 0.182983
1 0.85625 0.11709 0.171875 0.223633 0.171021
1 0.153711 0.137695 0.182422 0.258984 0.141724
1 0.280078 0.179492 0.186719 0.337109 0.106506
1 0.217578 0.143652 0.305469 0.268164 0.0843506
0 0.503906 0.920313 0.215625 0.159375 0.0789185
0 0.478125 0.183398 0.165625 0.246094 0.0391846
0 0.741016 0.115137 0.108594 0.201367 0.0347595
0 0.584375 0.509277 0.176563 0.454883 0.0261078
1 0.503906 0.920313 0.215625 0.159375 0.0211182
0 0.778125 0.118555 0.309375 0.212109 0.0198364
1 0.778125 0.118555 0.309375 0.212109 0.0151901
1 0.478125 0.183398 0.165625 0.246094 0.0119629
1 0.135742 0.674609 0.271484 0.246094 0.0118713
0 0.691797 0.157617 0.157031 0.277734 0.0106506
0 0.135742 0.674609 0.271484 0.246094 0.00967407
0 0.257812 0.15127 0.230078 0.297461 0.00784302
1 0.741016 0.115137 0.108594 0.201367 0.00634003
0 0.0302002 0.164551 0.0604004 0.243945 0.00582123
1 0.854688 0.147852 0.15 0.184375 0.00557709
0 0.362695 0.848437 0.181641 0.303125 0.00534439
1 0.584375 0.509277 0.176563 0.454883 0.00511932
1 0.704687 0.16543 0.176563 0.263672 0.00475693
0 0.534766 0.913281 0.183594 0.171875 0.00407028
0 0.498535 0.958594 0.32168 0.0828125 0.00378036
1 0.0302002 0.164551 0.0604004 0.243945 0.00345612
0 0.585547 0.580469 0.173438 0.303125 0.00323486
1 0.257812 0.15127 0.230078 0.297461 0.00312424
0 0.817969 0.671875 0.364062 0.264062 0.00290108
0 0.664062 0.99375 0.221875 0.0125 0.00248146
0 0.299609 0.669531 0.125781 0.192188 0.00240517
0 0.0751953 0.862695 0.150391 0.274609 0.00216484
0 0.114648 0.632812 0.229297 0.160938 0.00215721
0 0.708594 0.171484 0.175 0.208594 0.00201035
1 0.534766 0.913281 0.183594 0.171875 0.00179577
0 0.537109 0.184717 0.182031 0.261035 0.00179577
0 0.0807617 0.650391 0.161523 0.189844 0.00171375
0 0.845312 0.181982 0.195312 0.33916 0.00162888
0 0.936719 0.902344 0.125 0.192188 0.00157356
0 0.43125 0.190186 0.157813 0.228223 0.00144386
1 0.299609 0.669531 0.125781 0.192188 0.00142097
1 0.362695 0.848437 0.181641 0.303125 0.00137806
0 0.130371 0.608594 0.237305 0.113281 0.00134563
0 0.458496 0.721094 0.304883 0.10625 0.00133038
0 0.464844 0.966406 0.434375 0.0671875 0.00131989
0 0.98125 0.448047 0.0375 0.186719 0.00131989
0 0.684766 0.204688 0.140625 0.185156 0.00125504
0 0.165137 0.38916 0.321289 0.28418 0.00124931
1 0.585547 0.580469 0.173438 0.303125 0.00120163
0 0.932813 0.866992 0.13125 0.266016 0.00114727
0 0.486719 0.4375 0.33125 0.314063 0.0011425
0 0.579687 0.177148 0.0921875 0.254687 0.00113392
0 0.127051 0.00466309 0.254102 0.00932617 0.00112915
0 0.514453 0.208398 0.158594 0.198828 0.00112438
0 0.949219 0.99375 0.101562 0.0125 0.00111198
1 0.98125 0.448047 0.0375 0.186719 0.00110722
0 0.358203 0.89375 0.185937 0.2125 0.00109482
1 0.165137 0.38916 0.321289 0.28418 0.00107765
1 0.498535 0.958594 0.32168 0.0828125 0.00106049
0 0.850781 0.155664 0.1375 0.161328 0.00102806
0 0.970312 0.237109 0.059375 0.349219 0.00101185
1 0.845312 0.181982 0.195312 0.33916 0.00100803
0 0.104102 0.6625 0.208203 0.208594 0.00100422
0 0.8125 0.380566 0.3 0.354492 0.786133
0 0.4875 0.477344 0.351562 0.3875 0.716797
0 0.502734 0.177148 0.224219 0.241797 0.70166
0 0.440625 0.829687 0.345313 0.325 0.678223
0 0.758203 0.768359 0.280469 0.460156 0.621582
0 0.716797 0.120312 0.188281 0.23125 0.530273
0 0.217969 0.130078 0.296094 0.252734 0.527344
0 0.814062 0.766406 0.3625 0.44375 0.466797
0 0.137305 0.774219 0.272266 0.442187 0.443604
0 0.160742 0.411035 0.316406 0.31543 0.400635
1 0.139355 0.779492 0.274414 0.437891 0.305664
0 0.85 0.110059 0.134375 0.216602 0.257568
0 0.732813 0.829883 0.21875 0.333984 0.2323
1 0.160742 0.411035 0.316406 0.31543 0.204346
0 0.275391 0.133887 0.177734 0.25957 0.158691
1 0.436719 0.83125 0.359375 0.3375 0.139404
1 0.716797 0.120312 0.188281 0.23125 0.085083
1 0.802344 0.767578 0.367188 0.453906 0.0742188
1 0.851562 0.11123 0.1375 0.216602 0.0700684
0 0.120117 0.639063 0.240234 0.182812 0.0621033
0 0.141016 0.649219 0.275 0.223438 0.0613098
1 0.737109 0.771094 0.239844 0.457812 0.0489502
0 0.703516 0.150781 0.164844 0.284766 0.0481262
1 0.216016 0.130664 0.289453 0.255859 0.037262
0 0.147266 0.128613 0.156641 0.257227 0.0346069
0 0.503516 0.920313 0.221094 0.151562 0.0333862
1 0.812305 0.375391 0.297266 0.336719 0.0325928
1 0.480469 0.474121 0.329688 0.376758 0.0291443
1 0.848437 0.137109 0.1375 0.154687 0.0236511
1 0.505469 0.169531 0.225 0.233203 0.022583
0 0.920313 0.774219 0.15625 0.45 0.0216522
1 0.703516 0.150781 0.164844 0.284766 0.0195618
0 0.0661621 0.86875 0.132324 0.2625 0.0188751
0 0.134766 0.689844 0.269531 0.26875 0.0158386
1 0.141016 0.649219 0.275 0.223438 0.0156708
0 0.571094 0.410547 0.165625 0.235938 0.0141754
1 0.269141 0.136133 0.191016 0.262891 0.0133743
1 0.732813 0.829883 0.21875 0.333984 0.0117798
1 0.147266 0.128613 0.156641 0.257227 0.0115967
1 0.120117 0.639063 0.240234 0.182812 0.011467
0 0.849219 0.144336 0.142188 0.151172 0.0111618
0 0.104126 0.489062 0.155811 0.13125 0.0078125
0 0.142969 0.546484 0.277734 0.450781 0.0078125
0 0.0805176 0.640625 0.161035 0.185937 0.00717545
1 0.0661621 0.86875 0.132324 0.2625 0.00658798
0 0.576953 0.520703 0.171875 0.34375 0.0064621
1 0.503516 0.920313 0.221094 0.151562 0.00626373
0 0.219971 0.390234 0.203809 0.280469 0.006073
1 0.133105 0.861133 0.266211 0.274609 0.00402451
0 0.4875 0.0285156 0.159375 0.0566406 0.00397491
0 0.0625 0.421094 0.125 0.316406 0.0039444
1 0.134766 0.689844 0.269531 0.26875 0.00385475
0 0.133105 0.861133 0.266211 0.274609 0.00352478
0 0.572656 0.0359863 0.1875 0.0695312 0.00327301
0 0.919531 0.9 0.159375 0.2 0.00318527
0 0.554688 0.990625 0.154687 0.01875 0.00291252
0 0.380469 0.0341553 0.0796875 0.0683105 0.00273705
0 0.191016 0.453516 0.236328 0.394531 0.00271416
0 0.890625 0.658984 0.2 0.239844 0.00254059
0 0.957812 0.177734 0.0734375 0.255469 0.00235939
0 0.880469 0.757031 0.232812 0.420312 0.00234985
0 0.391016 0.0345215 0.127344 0.06875 0.00234985
1 0.142969 0.546484 0.277734 0.450781 0.00230598
0 0.330859 0.992969 0.164844 0.0140625 0.00224304
0 0.448438 0.991797 0.190625 0.0164062 0.00218201
0 0.538672 0.491406 0.247656 0.385938 0.00218201
0 0.539062 0.0314575 0.1875 0.0611084 0.00209999
0 0.182471 0.990234 0.169434 0.0195312 0.00198746
0 0.243799 0.55625 0.146777 0.14375 0.00195694
0 0.519531 0.198242 0.198437 0.197656 0.00186062
1 0.0625 0.421094 0.125 0.316406 0.00185299
1 0.919531 0.9 0.159375 0.2 0.00177479
0 0.50625 0.821875 0.209375 0.310937 0.00176811
1 0.957812 0.177734 0.0734375 0.255469 0.00176811
0 0.764844 0.990625 0.184375 0.01875 0.0017004
1 0.104126 0.489062 0.155811 0.13125 0.00168705
1 0.0805176 0.640625 0.161035 0.185937 0.0016489
0 0.0639648 0.477734 0.12793 0.194531 0.00163555
1 0.920313 0.774219 0.15625 0.45 0.00153637
0 0.368945 0.839258 0.195703 0.312109 0.00150108
0 0.35332 0.920313 0.191797 0.154687 0.00147247
0 0.385156 0.990625 0.25 0.01875 0.00144386
0 0.171094 0.166602 0.203125 0.164844 0.00136662
0 0.98125 0.567187 0.0375 0.204688 0.00134563
1 0.219971 0.390234 0.203809 0.280469 0.00129986
0 0.0930664 0.492188 0.185742 0.159375 0.00129414
0 0.983594 0.378223 0.0328125 0.273242 0.00123501
0 0.0610352 0.829883 0.12207 0.193359 0.0011692
0 0.970312 0.559766 0.0421875 0.191406 0.0011692
0 0.921875 0.850781 0.15625 0.2875 0.00112438
0 0.985156 0.48916 0.0296875 0.263867 0.0011158
0 0.711719 0.116504 0.160938 0.174023 0.00109005
0 0.244922 0.507031 0.15 0.254687 0.00106525
0 0.348828 0.896094 0.167969 0.201562 0.00104046
0 0.6875 0.211719 0.132812 0.167578 0.00100422
0 0.735937 0.83457 0.220313 0.230859 0.00100422
0 0.492969 0.481348 0.360156 0.395117 0.773438
0 0.813281 0.382812 0.303125 0.347656 0.772461
0 0.465625 0.830469 0.326562 0.326562 0.712402
0 0.5 0.18208 0.247656 0.249902 0.664551
0 0.163672 0.4375 0.316406 0.390625 0.652344
0 0.70625 0.116309 0.1625 0.211523 0.496094
0 0.217383 0.129883 0.289453 0.246484 0.354004
0 0.14043 0.811133 0.274609 0.365234 0.345947
0 0.813672 0.770312 0.372656 0.459375 0.327637
1 0.813672 0.770312 0.372656 0.459375 0.327637
1 0.139844 0.83125 0.276563 0.334375 0.324219
0 0.755859 0.772656 0.266406 0.440625 0.277588
0 0.85625 0.119824 0.140625 0.213477 0.274414
1 0.162891 0.442969 0.317187 0.389844 0.265869
0 0.25918 0.15293 0.210547 0.284766 0.256836
1 0.456152 0.832617 0.34707 0.331641 0.106873
1 0.492969 0.487891 0.351562 0.402344 0.090271
0 0.118164 0.6375 0.236328 0.185937 0.0856934
1 0.81543 0.38125 0.303516 0.344531 0.0841675
0 0.818945 0.682813 0.362109 0.279687 0.0787964
1 0.707422 0.113867 0.160156 0.208203 0.0669556
1 0.755859 0.772656 0.266406 0.440625 0.0520325
1 0.499219 0.188232 0.245312 0.273535 0.0510864
0 0.0714844 0.6375 0.141406 0.179688 0.0498657
1 0.85625 0.119824 0.140625 0.213477 0.03125
0 0.0390137 0.149707 0.0705078 0.267773 0.0290375
1 0.218799 0.153223 0.287402 0.28418 0.0275879
0 0.1375 0.66875 0.275 0.248437 0.0261536
1 0.118164 0.6375 0.236328 0.185937 0.024231
0 0.0595215 0.375781 0.117676 0.217187 0.0233307
1 0.19043 0.13125 0.248828 0.242969 0.0222015
1 0.818945 0.682813 0.362109 0.279687 0.02211
0 0.810156 0.642187 0.334375 0.2 0.0165253
1 0.0714844 0.6375 0.141406 0.179688 0.0163422
1 0.260352 0.160156 0.213672 0.280469 0.0123367
0 0.840625 0.135352 0.18125 0.249219 0.0112
1 0.1375 0.66875 0.275 0.248437 0.0100937
0 0.390234 0.220508 0.0554687 0.367578 0.00971222
0 0.0586914 0.652344 0.117383 0.142188 0.00941467
0 0.734375 0.860156 0.21875 0.273438 0.00905609
0 0.365234 0.834375 0.189063 0.321875 0.00677109
0 0.144336 0.744531 0.288672 0.407813 0.00656509
0 0.385254 0.176172 0.0529297 0.28125 0.00591278
1 0.0390137 0.149707 0.0705078 0.267773 0.005867
0 0.349805 0.897656 0.168359 0.204688 0.0051384
1 0.366016 0.878906 0.166406 0.223438 0.0051384
0 0.907812 0.876367 0.175 0.241016 0.00479126
0 0.152051 0.131445 0.147461 0.240234 0.00457382
0 0.0274414 0.174707 0.0548828 0.349414 0.00446701
0 0.152246 0.135547 0.23457 0.245703 0.0041008
1 0.06875 0.370703 0.126563 0.201562 0.0037365
1 0.144336 0.744531 0.288672 0.407813 0.00365067
0 0.517187 0.919531 0.226562 0.153125 0.00359344
0 0.659375 0.115234 0.084375 0.222266 0.00288963
1 0.152051 0.131445 0.147461 0.240234 0.0028553
0 0.075415 0.136523 0.135107 0.232422 0.00276756
0 0.0519043 0.84043 0.103809 0.200391 0.0026207
0 0.044043 0.821094 0.0880859 0.16875 0.00259018
1 0.840625 0.135352 0.18125 0.249219 0.00258064
0 0.991016 0.453906 0.0179687 0.2875 0.00256157
0 0.611719 0.0125977 0.160938 0.0251953 0.00245285
1 0.0586914 0.652344 0.117383 0.142188 0.00221634
1 0.373047 0.836133 0.188281 0.324609 0.00219917
0 0.0962891 0.617969 0.1875 0.146875 0.00218201
1 0.810156 0.642187 0.334375 0.2 0.00209045
0 0.635156 0.140625 0.028125 0.192188 0.00202751
0 0.727344 0.108203 0.134375 0.186328 0.00201035
0 0.989062 0.466016 0.021875 0.475781 0.00196457
0 0.373242 0.0339844 0.0878906 0.0679687 0.00191212
0 0.676562 0.112891 0.115625 0.219141 0.00189686
0 0.985547 0.455078 0.0289063 0.291406 0.00185299
1 0.390234 0.220508 0.0554687 0.367578 0.0018034
1 0.385254 0.176172 0.0529297 0.28125 0.00178242
0 0.431934 0.185596 0.126758 0.243652 0.00177479
0 0.385547 0.170117 0.0304688 0.281641 0.00162315
0 0.0218262 0.795313 0.0436523 0.135937 0.00161648
1 0.0597656 0.408594 0.117969 0.2875 0.00161076
1 0.734375 0.860156 0.21875 0.273438 0.00152493
0 0.635156 0.114063 0.028125 0.106641 0.00152493
0 0.379687 0.0769775 0.0734375 0.0327637 0.00151253
0 0.0247559 0.868164 0.0495117 0.263672 0.00148964
1 0.0962891 0.617969 0.1875 0.146875 0.00144958
0 0.0470703 0.425781 0.0941406 0.3625 0.0014267
0 0.79043 0.231641 0.156641 0.0574219 0.0014267
0 0.771875 0.11543 0.295312 0.208984 0.00138283
0 0.648828 0.967969 0.0390625 0.0640625 0.00134563
0 0.486719 0.93125 0.178125 0.1375 0.00127888
0 0.096875 0.27793 0.0429688 0.0582031 0.00127411
0 0.80625 0.214258 0.114063 0.0378906 0.00116539
0 0.387109 0.0870117 0.0382813 0.0511719 0.00116539
0 0.413281 0.833594 0.258594 0.33125 0.00116062
0 0.666016 0.975391 0.0820312 0.0492188 0.00115108
0 0.620313 0.0899414 0.0328125 0.0539063 0.00112915
0 0.0461914 0.789844 0.0923828 0.114063 0.00110722
0 0.621094 0.751562 0.03125 0.265625 0.00109863
0 0.604688 0.0831055 0.071875 0.0458984 0.00104046
1 0.805469 0.770312 0.389062 0.459375 0.689941
0 0.495703 0.183789 0.267969 0.257422 0.681641
0 0.495313 0.493359 0.369531 0.43125 0.672363
1 0.163867 0.435156 0.323828 0.385156 0.587891
0 0.8125 0.391016 0.303125 0.369531 0.563965
1 0.144141 0.770703 0.288281 0.458594 0.50293
0 0.449219 0.832812 0.366406 0.334375 0.500977
0 0.219873 0.150977 0.30791 0.295312 0.392334
1 0.451953 0.832422 0.367969 0.335156 0.286865
1 0.492969 0.47666 0.36875 0.404492 0.282959
1 0.811719 0.392578 0.303125 0.370313 0.275146
0 0.164453 0.434473 0.328516 0.391992 0.26123
1 0.215625 0.149512 0.307422 0.299023 0.199341
1 0.737109 0.768359 0.260156 0.463281 0.192505
0 0.276172 0.158984 0.199219 0.314844 0.163452
1 0.1875 0.773047 0.204297 0.442969 0.139893
1 0.707031 0.120996 0.18125 0.229102 0.131592
0 0.707031 0.120996 0.18125 0.229102 0.131592
0 0.805469 0.770312 0.389062 0.459375 0.110107
0 0.526563 0.185889 0.195312 0.241504 0.107788
1 0.497266 0.179639 0.2625 0.25166 0.101257
0 0.512891 0.914062 0.228125 0.171875 0.0903931
0 0.144141 0.770703 0.288281 0.458594 0.0629272
0 0.1875 0.773047 0.204297 0.442969 0.0482178
1 0.276172 0.158984 0.199219 0.314844 0.0386963
0 0.754687 0.872656 0.184375 0.248437 0.0374756
0 0.737109 0.768359 0.260156 0.463281 0.037323
1 0.830469 0.116797 0.196875 0.232812 0.032959
0 0.851562 0.114453 0.14375 0.225781 0.0324097
0 0.296289 0.164844 0.141016 0.292188 0.0303802
0 0.825 0.120215 0.20625 0.233008 0.0239105
0 0.243945 0.461719 0.155469 0.330469 0.0195007
1 0.512891 0.914062 0.228125 0.171875 0.0189819
1 0.530078 0.183545 0.186719 0.238379 0.0184021
1 0.754687 0.872656 0.184375 0.248437 0.014389
0 0.927344 0.773438 0.145313 0.440625 0.0142822
0 0.928906 0.857813 0.142188 0.273438 0.012825
1 0.927344 0.773438 0.145313 0.440625 0.012291
0 0.585938 0.5 0.185937 0.442187 0.0107803
1 0.30625 0.162695 0.125781 0.319141 0.00993347
1 0.852344 0.11582 0.140625 0.225 0.0091629
1 0.243945 0.461719 0.155469 0.330469 0.00861359
0 0.720312 0.118945 0.148438 0.180078 0.00712204
1 0.772266 0.118262 0.314844 0.231055 0.00671768
0 0.125 0.647266 0.248047 0.203125 0.00595856
0 0.191016 0.82793 0.172656 0.316016 0.00544739
1 0.86582 0.767578 0.268359 0.453906 0.00530243
0 0.772266 0.118262 0.314844 0.231055 0.00508118
1 0.928906 0.857813 0.142188 0.273438 0.0046463
0 0.542969 0.908203 0.164844 0.183594 0.00460815
1 0.130566 0.637109 0.256055 0.188281 0.00441742
0 0.590625 0.543359 0.161719 0.345313 0.00424957
0 0.383203 0.224609 0.0367187 0.225781 0.0041008
0 0.395312 0.23208 0.0296875 0.243652 0.00379562
0 0.0888672 0.58125 0.156641 0.084375 0.00319672
1 0.191016 0.82793 0.172656 0.316016 0.00301552
1 0.720312 0.118945 0.148438 0.180078 0.0026722
0 0.86582 0.767578 0.268359 0.453906 0.00247192
0 0.478516 0.0224121 0.190625 0.0448242 0.00221634
0 0.812695 0.461816 0.299609 0.201367 0.00215721
1 0.810156 0.134375 0.253125 0.264062 0.0020504
1 0.585938 0.5 0.185937 0.442187 0.00200272
1 0.590625 0.543359 0.161719 0.345313 0.00195694
0 0.366406 0.910156 0.209375 0.179688 0.00167465
0 0.772656 0.469141 0.214062 0.191406 0.00156689
0 0.191748 0.625 0.0821289 0.09375 0.00153637
0 0.410547 0.53125 0.191406 0.242188 0.00152493
0 0.190576 0.775781 0.178223 0.23125 0.00147247
0 0.152173 0.126563 0.178467 0.253125 0.00146103
0 0.399902 0.0320801 0.136133 0.0641602 0.00144386
0 0.847656 0.0686523 0.140625 0.133789 0.00141048
0 0.479297 0.870703 0.316406 0.258594 0.00137806
0 0.165332 0.399609 0.0654297 0.103125 0.00117874
1 0.812695 0.461816 0.299609 0.201367 0.00112915
0 0.982031 0.392578 0.0359375 0.322656 0.00110722
0 0.489844 0.491406 0.352344 0.421094 0.747559
0 0.443359 0.832812 0.35625 0.329688 0.726562
0 0.812695 0.387109 0.302734 0.335156 0.719238
0 0.507031 0.184814 0.221875 0.246777 0.630859
1 0.161914 0.402441 0.313672 0.313867 0.563965
1 0.809961 0.774219 0.380078 0.451562 0.42334
0 0.811133 0.773438 0.377734 0.453125 0.407227
0 0.707031 0.121387 0.173438 0.233398 0.38501
0 0.21875 0.131543 0.3 0.263086 0.354004
1 0.141992 0.78125 0.283984 0.428125 0.275879
0 0.855469 0.117285 0.142188 0.228711 0.233032
0 0.164258 0.432715 0.312109 0.375195 0.204346
1 0.21875 0.131543 0.3 0.263086 0.180054
1 0.444922 0.83457 0.357812 0.330859 0.161377
0 0.141992 0.78125 0.283984 0.428125 0.152588
1 0.814844 0.381641 0.301562 0.339844 0.128784
1 0.489844 0.491406 0.352344 0.421094 0.110474
0 0.122266 0.635938 0.244141 0.171875 0.0991211
1 0.707031 0.121387 0.173438 0.233398 0.0991211
1 0.855469 0.117285 0.142188 0.228711 0.064209
1 0.510938 0.178906 0.217187 0.243359 0.0312042
0 0.358789 0.89375 0.193359 0.203125 0.0175781
1 0.911328 0.880469 0.177344 0.234375 0.0107346
1 0.124023 0.641797 0.247266 0.184375 0.0102463
0 0.362109 0.844531 0.185156 0.265625 0.00955963
0 0.911328 0.880469 0.177344 0.234375 0.0049057
0 0.15459 0.129492 0.160742 0.253516 0.00450516
0 0.571875 0.511328 0.196875 0.421094 0.00370789
0 0.789062 0.117969 0.26875 0.232031 0.00366402
0 0.132715 0.715625 0.26543 0.335938 0.00332451
0 0.0958008 0.405469 0.185742 0.264062 0.00316048
0 0.416309 0.545313 0.200195 0.239063 0.00311089
0 0.982813 0.367383 0.03125 0.262109 0.00302696
0 0.977734 0.555469 0.0445312 0.214062 0.00282288
0 0.74375 0.798633 0.248437 0.399609 0.00260162
0 0.776758 0.657812 0.290234 0.209375 0.0024929
0 0.985156 0.416016 0.0265625 0.2625 0.00248146
1 0.132715 0.715625 0.26543 0.335938 0.00181007
0 0.289453 0.120215 0.158594 0.236914 0.00172043
0 0.979688 0.603906 0.040625 0.225 0.00163555
0 0.849219 0.0838135 0.135937 0.161279 0.00145531
1 0.789062 0.117969 0.26875 0.232031 0.00144958
0 0.530859 0.0366699 0.264062 0.0733398 0.00135612
0 0.315234 0.582812 0.0410156 0.203125 0.00124454
0 0.366211 0.873438 0.186328 0.140625 0.00121117
0 0.308984 0.594531 0.0382813 0.154687 0.00118828
0 0.988281 0.437891 0.0234375 0.257031 0.00116539
1 0.977734 0.555469 0.0445312 0.214062 0.00106525
0 0.430859 0.405371 0.217187 0.248633 0.00104427
0 0.493066 0.496484 0.351367 0.428906 0.758301
0 0.441797 0.835547 0.366406 0.328906 0.703125
0 0.8125 0.386719 0.303125 0.350781 0.679199
0 0.810156 0.774414 0.379687 0.451172 0.635254
1 0.140723 0.770703 0.281445 0.449219 0.542969
0 0.502734 0.183398 0.238281 0.253906 0.532227
1 0.163086 0.432031 0.315625 0.36875 0.489258
0 0.165625 0.435156 0.314844 0.38125 0.368408
0 0.216406 0.137402 0.301172 0.274805 0.230225
0 0.141797 0.771875 0.282031 0.448438 0.215332
1 0.216406 0.137402 0.301172 0.274805 0.160767
1 0.814062 0.385547 0.301562 0.349219 0.146606
0 0.848242 0.121582 0.156641 0.238867 0.120422
1 0.810156 0.774414 0.379687 0.451172 0.117188
0 0.711719 0.136719 0.173438 0.241406 0.10376
1 0.444629 0.83418 0.376367 0.331641 0.0948486
0 0.772656 0.125879 0.301562 0.250586 0.0654907
1 0.772656 0.125879 0.301562 0.250586 0.0560303
1 0.492578 0.478906 0.357031 0.395312 0.0466309
0 0.829883 0.658594 0.321484 0.234375 0.0424805
1 0.711719 0.136719 0.173438 0.241406 0.0201416
1 0.502734 0.183398 0.238281 0.253906 0.0145569
0 0.895703 0.887305 0.208594 0.225391 0.0119629
1 0.848242 0.122266 0.156641 0.235547 0.011467
0 0.741406 0.8875 0.228125 0.223438 0.0105286
0 0.514063 0.896875 0.232812 0.20625 0.00941467
0 0.276172 0.155859 0.178906 0.289844 0.00551224
0 0.688281 0.144727 0.1375 0.261328 0.00521851
0 0.173828 0.835938 0.219141 0.278125 0.00492477
0 0.154687 0.126367 0.176172 0.252734 0.00415039
1 0.829883 0.658594 0.321484 0.234375 0.00344276
0 0.391504 0.915625 0.266992 0.167187 0.00302696
0 0.133203 0.671094 0.255859 0.242188 0.0016489
0 0.491016 0.495215 0.359375 0.43457 0.796875
1 0.142383 0.772266 0.281641 0.449219 0.758301
0 0.81582 0.39375 0.299609 0.364844 0.725098
0 0.446484 0.834375 0.360938 0.33125 0.716309
0 0.809375 0.772266 0.371875 0.455469 0.604004
0 0.503906 0.181592 0.235938 0.249316 0.598145
1 0.161719 0.437402 0.317969 0.381445 0.373779
0 0.162988 0.441797 0.318945 0.392969 0.332764
0 0.223633 0.141602 0.296875 0.273047 0.277588
1 0.807031 0.773828 0.375 0.452344 0.258301
1 0.446875 0.834375 0.367188 0.33125 0.246582
1 0.710547 0.141797 0.166406 0.248047 0.161377
1 0.816406 0.392969 0.296875 0.3625 0.144165
0 0.710547 0.13457 0.172656 0.257812 0.1427
1 0.492188 0.487402 0.35625 0.42207 0.0943604
1 0.223633 0.141602 0.296875 0.273047 0.0899048
0 0.853125 0.11582 0.140625 0.223438 0.0731812
0 0.142578 0.773828 0.280859 0.447656 0.0621033
1 0.853125 0.11582 0.140625 0.223438 0.0497742
1 0.505469 0.183154 0.234375 0.255566 0.0293732
0 0.523828 0.903125 0.200781 0.190625 0.0109024
0 0.15918 0.12832 0.166797 0.256641 0.0106506
1 0.15918 0.12832 0.166797 0.256641 0.00638962
0 0.288281 0.140039 0.152344 0.273438 0.00496292
0 0.0269043 0.601562 0.0538086 0.084375 0.00234222
1 0.128418 0.639453 0.252148 0.182031 0.00216484
0 0.295117 0.983594 0.13125 0.0328125 0.00213242
0 0.329297 0.982813 0.173438 0.034375 0.00211525
0 0.648438 0.989844 0.203125 0.0203125 0.00188923
0 0.281055 0.985937 0.140234 0.028125 0.00165462
0 0.828125 0.665625 0.321875 0.253125 0.00153065
0 0.499219 0.914844 0.207813 0.16875 0.00130463
1 0.288281 0.140039 0.152344 0.273438 0.00121117
0 0.408594 0.178711 0.0890625 0.266797 0.00100422
1 0.140625 0.771875 0.28125 0.445312 0.830078
1 0.161328 0.431641 0.31875 0.372656 0.782227
0 0.444141 0.834375 0.364844 0.328125 0.689453
1 0.814844 0.391406 0.295312 0.359375 0.674805
0 0.49375 0.488281 0.354688 0.417969 0.649414
1 0.808594 0.772656 0.371875 0.451562 0.598145
1 0.21875 0.14043 0.297656 0.276563 0.580566
0 0.503125 0.186914 0.239063 0.255469 0.529297
1 0.703906 0.145898 0.164062 0.276172 0.392334
0 0.814062 0.391406 0.296875 0.360156 0.310791
1 0.446777 0.833594 0.361133 0.33125 0.288574
0 0.809375 0.771484 0.373437 0.450781 0.286133
1 0.851562 0.116992 0.14375 0.226172 0.2854
1 0.492969 0.481348 0.354688 0.406055 0.214722
0 0.851562 0.116992 0.14375 0.226172 0.172729
1 0.501562 0.184766 0.242188 0.264844 0.14856
0 0.219141 0.142383 0.298047 0.276953 0.10376
0 0.705469 0.149707 0.165625 0.27793 0.0395508
0 0.154395 0.133008 0.165039 0.261328 0.0335388
0 0.160938 0.437109 0.319531 0.378906 0.0150757
0 0.140137 0.771484 0.280273 0.444531 0.0144501
1 0.152637 0.130664 0.160742 0.261328 0.00653839
1 0.710547 0.116895 0.163281 0.198633 0.00636292
1 0.778125 0.130371 0.290625 0.249414 0.00588989
0 0.655469 0.989844 0.104687 0.0203125 0.00568771
0 0.78125 0.0187012 0.096875 0.0374023 0.00316048
0 0.7875 0.0174805 0.1375 0.0349609 0.00257111
0 0.619531 0.985937 0.0492188 0.028125 0.00247192
0 0.471875 0.0233643 0.167187 0.0445801 0.00247192
0 0.413281 0.172266 0.101562 0.236719 0.00174141
0 0.344531 1 0.115625 0 0.00144386
0 0.384473 1 0.131055 0 0.00136662
0 0.651953 0.994531 0.102344 0.0109375 0.00133514
0 0.266211 1 0.155078 0 0.00129414
0 0.460547 1 0.146094 0 0.00117397
1 0.413281 0.172266 0.101562 0.236719 0.00115585
0 0.319141 1 0.117969 0 0.00113392
0 0.635547 1 0.16875 0 0.00109863
0 0.264453 0.983594 0.0632813 0.0328125 0.00109482
0 0.271094 0.992188 0.08125 0.015625 0.00109005
0 0.792383 0.00179443 0.215234 0.00358887 0.00103188
0 0.291016 1 0.125 0 0.00102806
0 0.409277 1 0.14082 0 0.00102425
0 0.895312 0.806055 0.20625 0.378516 0.00101185
0 0.491016 0.495215 0.359375 0.43457 0.796875
1 0.142383 0.772266 0.281641 0.449219 0.759277
0 0.81582 0.39375 0.299609 0.364844 0.725098
0 0.445996 0.834375 0.361133 0.33125 0.716309
0 0.809375 0.772266 0.371875 0.455469 0.603027
0 0.503906 0.181836 0.235938 0.249219 0.598145
1 0.161719 0.437402 0.317969 0.381445 0.374756
0 0.162988 0.441797 0.318945 0.392969 0.332031
0 0.223633 0.141602 0.296875 0.272656 0.276611
1 0.807031 0.773828 0.375 0.452344 0.259033
1 0.446875 0.834375 0.367188 0.33125 0.248047
1 0.710547 0.141797 0.166406 0.248047 0.161377
1 0.816406 0.392969 0.296875 0.3625 0.144653
0 0.710547 0.13457 0.172656 0.257812 0.142212
1 0.492188 0.487402 0.35625 0.42207 0.0948486
1 0.223633 0.141602 0.296875 0.272656 0.0899048
0 0.853125 0.11582 0.140625 0.223438 0.0731812
0 0.142578 0.773828 0.280859 0.447656 0.0618896
1 0.853125 0.11582 0.140625 0.223438 0.0497742
1 0.505469 0.183154 0.234375 0.255566 0.0294189
0 0.523828 0.903125 0.200781 0.190625 0.0110703
0 0.15918 0.12832 0.166797 0.256641 0.0106506
1 0.15918 0.12832 0.166797 0.256641 0.00638962
0 0.288281 0.140039 0.152344 0.273438 0.00500107
0 0.0269043 0.601562 0.0538086 0.084375 0.00234222
1 0.12832 0.639453 0.251953 0.182031 0.00217438
0 0.295117 0.983594 0.13125 0.0328125 0.00213242
0 0.329297 0.982813 0.173438 0.034375 0.00211525
0 0.648438 0.989844 0.203125 0.0203125 0.00188923
0 0.281055 0.985937 0.140234 0.028125 0.0016489
0 0.828125 0.665625 0.321875 0.253125 0.00153065
0 0.499219 0.914844 0.207813 0.16875 0.00132465
1 0.288281 0.140039 0.152344 0.273438 0.00121593
0 0.408594 0.178711 0.0890625 0.266797 0.00100422
