0 0.615234 0.308789 0.378906 0.504297 0.897461
0 0.283252 0.396875 0.324121 0.453125 0.861816
0 0.509766 0.715625 0.310937 0.348437 0.756836
0 0.277734 0.858594 0.290625 0.260938 0.407227
0 0.229492 0.669531 0.185547 0.21875 0.282959
0 0.765625 0.876562 0.467187 0.209375 0.0948486
0 0.85625 0.138501 0.232812 0.191748 0.0810547
1 0.281592 0.859375 0.28916 0.248437 0.0794678
0 0.867969 0.163477 0.217187 0.141016 0.0690308
1 0.510156 0.714453 0.300781 0.350781 0.0637207
0 0.839063 0.346875 0.128125 0.220313 0.0621033
0 0.867969 0.178076 0.160938 0.104004 0.0570679
0 0.851562 0.334766 0.109375 0.189063 0.0460205
0 0.846094 0.177148 0.254687 0.105469 0.0450134
0 0.829687 0.596875 0.151562 0.16875 0.0433655
0 0.779492 0.650781 0.259766 0.270312 0.0368958
0 0.0543945 0.833594 0.0949219 0.217187 0.0367737
0 0.0730469 0.975781 0.116406 0.0484375 0.0321655
0 0.0709961 0.975781 0.121289 0.0484375 0.0294189
1 0.229492 0.669531 0.185547 0.21875 0.0293732
0 0.817969 0.634375 0.195312 0.251563 0.0258636
0 0.072168 0.975 0.124805 0.05 0.0252228
1 0.839063 0.346875 0.128125 0.220313 0.0231018
0 0.750781 0.839063 0.164062 0.123438 0.0215302
0 0.661719 0.895312 0.273438 0.184375 0.0207672
1 0.615625 0.308594 0.379687 0.489062 0.0205231
1 0.0543945 0.833594 0.0949219 0.217187 0.02034
1 0.283252 0.396875 0.324121 0.453125 0.0192719
1 0.072168 0.975 0.124805 0.05 0.0190582
0 0.749219 0.802344 0.165625 0.053125 0.0182343
0 0.242383 0.617578 0.214453 0.322656 0.0180969
0 0.739844 0.85 0.184375 0.15625 0.0177155
0 0.844531 0.143945 0.248437 0.04375 0.0165863
0 0.804883 0.714063 0.233984 0.404687 0.0164032
0 0.784375 0.84668 0.40625 0.253516 0.0154266
1 0.765625 0.876562 0.467187 0.209375 0.0143356
0 0.08396 0.322656 0.103955 0.121875 0.0143356
1 0.851562 0.334766 0.109375 0.189063 0.0142822
0 0.244873 0.853906 0.200879 0.2375 0.0142822
0 0.467578 0.6375 0.214844 0.195312 0.0130234
0 0.610156 0.652344 0.145313 0.18125 0.0127258
1 0.867969 0.178076 0.160938 0.104004 0.0120544
0 0.851562 0.308008 0.109375 0.128125 0.0115051
0 0.0886719 0.335352 0.0779297 0.130078 0.0112915
0 0.367969 0.0898438 0.190625 0.168359 0.0106125
0 0.401172 0.103711 0.160938 0.179688 0.0106125
0 0.280859 0.564062 0.297656 0.439063 0.0105667
0 0.422656 0.12832 0.123438 0.226172 0.00967407
0 0.0485474 0.802344 0.0880615 0.148438 0.00955963
0 0.0804688 0.254297 0.110937 0.0890625 0.00933838
0 0.396973 0.914062 0.0701172 0.10625 0.00878143
0 0.873438 0.103809 0.18125 0.0585938 0.00837708
0 0.875 0.0832031 0.165625 0.11582 0.00831604
0 0.875 0.0921875 0.18125 0.0857422 0.00831604
1 0.829687 0.596875 0.151562 0.16875 0.008255
1 0.0709961 0.975781 0.121289 0.0484375 0.0078125
0 0.638281 0.939062 0.214062 0.096875 0.00757599
0 0.767187 0.667969 0.2 0.217187 0.00740433
1 0.779492 0.650781 0.259766 0.270312 0.00709534
1 0.0730469 0.975781 0.116406 0.0484375 0.00709534
1 0.661719 0.895312 0.273438 0.184375 0.00674438
0 0.269971 0.277002 0.292871 0.231934 0.00669098
1 0.75 0.85918 0.1625 0.172266 0.00653839
0 0.427344 0.124609 0.122656 0.0914062 0.00619125
1 0.846094 0.177148 0.254687 0.105469 0.00612259
0 0.0666016 0.971484 0.133203 0.0570313 0.00598145
0 0.776758 0.827344 0.121484 0.0796875 0.00593567
0 0.0397461 0.349609 0.0794922 0.0851562 0.00561905
0 0.789062 0.86875 0.198437 0.184375 0.00551224
0 0.375879 0.0622559 0.185742 0.110449 0.00538635
0 0.738672 0.795313 0.180469 0.046875 0.00534439
0 0.297852 0.168359 0.255078 0.0417969 0.00526047
1 0.85625 0.138501 0.232812 0.191748 0.00524139
1 0.817969 0.634375 0.195312 0.251563 0.0051384
0 0.0577637 0.836133 0.115527 0.215234 0.00488663
0 0.0518555 0.79043 0.0976562 0.106641 0.00482941
0 0.853125 0.630859 0.23125 0.261719 0.00457382
0 0.814844 0.921875 0.176563 0.1 0.00452042
0 0.728516 0.81543 0.194531 0.0816406 0.00431442
0 0.347656 0.123633 0.155469 0.0728516 0.00429916
0 0.942187 0.791406 0.115625 0.282813 0.00419998
0 0.864258 0.684375 0.262109 0.359375 0.00413513
1 0.0666016 0.971484 0.133203 0.0570313 0.00408554
1 0.610937 0.664844 0.14375 0.209375 0.00399017
0 0.5875 0.175391 0.285937 0.230469 0.00380898
0 0.303125 0.257031 0.25625 0.192969 0.0037365
1 0.0577637 0.826563 0.115527 0.221875 0.00353813
1 0.867969 0.163477 0.217187 0.141016 0.00342941
1 0.804883 0.714063 0.233984 0.404687 0.00327301
0 0.882812 0.773438 0.13125 0.223438 0.00327301
0 0.851562 0.928125 0.10625 0.096875 0.00321007
1 0.851562 0.308008 0.109375 0.128125 0.00319672
0 0.252148 0.664062 0.195703 0.185937 0.00305176
0 0.925 0.183545 0.123438 0.0790039 0.00300407
1 0.401172 0.103711 0.160938 0.179688 0.00288963
1 0.08396 0.322656 0.103955 0.121875 0.00282288
1 0.749219 0.802344 0.165625 0.053125 0.00273705
0 0.0692383 0.304688 0.133398 0.0960938 0.00270462
1 0.422656 0.12832 0.123438 0.226172 0.00263214
0 0.946094 0.582812 0.104687 0.19375 0.00255013
0 0.723047 0.539062 0.121094 0.0625 0.00251198
0 0.0554687 0.810938 0.0976562 0.0921875 0.0024929
0 0.0777344 0.316797 0.11543 0.0929687 0.00246239
0 0.803125 0.705859 0.326562 0.346094 0.00245285
1 0.784375 0.84668 0.40625 0.253516 0.00234222
1 0.242383 0.617578 0.214453 0.322656 0.00226021
0 0.0650391 0.331445 0.130078 0.116797 0.00222588
0 0.303516 0.841406 0.220313 0.196875 0.00219154
0 0.658203 0.141382 0.249219 0.158252 0.00218201
0 0.237158 0.271875 0.193652 0.223438 0.00217438
0 0.603906 0.625 0.159375 0.135937 0.00211525
0 0.0723633 0.338281 0.104687 0.0828125 0.00209999
0 0.384766 0.146094 0.161719 0.254687 0.00206757
0 0.618359 0.682422 0.135156 0.242969 0.00206757
0 0.904688 0.060498 0.10625 0.0786133 0.00206757
0 0.760547 0.823438 0.139844 0.090625 0.0020504
1 0.0886719 0.335352 0.0779297 0.130078 0.0020504
0 0.890625 0.827344 0.14375 0.126563 0.00204277
1 0.638281 0.939062 0.214062 0.096875 0.00200272
0 0.6125 0.941406 0.154687 0.10625 0.00198746
0 0.770312 0.797656 0.359375 0.348437 0.00197983
1 0.0804688 0.254297 0.110937 0.0890625 0.00192642
0 0.803906 0.598437 0.185937 0.178125 0.00192642
1 0.393066 0.914844 0.0716797 0.1 0.00191212
0 0.553906 0.174121 0.192188 0.226758 0.00189686
0 0.9 0.17832 0.164062 0.100781 0.00184631
0 0.653125 0.921875 0.240625 0.134375 0.00183868
0 0.605469 0.0762695 0.3125 0.0478516 0.00183105
0 0.0797852 0.241992 0.120898 0.0769531 0.00182438
1 0.367969 0.0898438 0.190625 0.168359 0.00178242
1 0.0485474 0.802344 0.0880615 0.148438 0.00178242
0 0.797656 0.910937 0.2 0.090625 0.00175476
1 0.844531 0.143945 0.248437 0.04375 0.00174809
0 0.869531 0.138672 0.210938 0.0449219 0.00170708
0 0.847656 0.252148 0.114063 0.0539063 0.00168705
1 0.875 0.0921875 0.18125 0.0857422 0.00168133
1 0.875 0.0832031 0.165625 0.11582 0.00166798
0 0.0635254 0.452734 0.122754 0.142969 0.0016613
0 0.839063 0.307813 0.1375 0.15 0.00162888
0 0.585156 0.6625 0.198437 0.209375 0.00162315
1 0.942187 0.791406 0.115625 0.282813 0.0015974
0 0.129883 0.139062 0.225391 0.104687 0.00159168
1 0.0397461 0.349609 0.0794922 0.0851562 0.00158501
0 0.810938 0.360742 0.167187 0.232422 0.00155449
0 0.475 0.619922 0.185937 0.151562 0.00154877
0 0.764453 0.860937 0.135156 0.16875 0.00153637
1 0.853125 0.630859 0.23125 0.261719 0.00152493
1 0.789062 0.86875 0.198437 0.184375 0.00149536
1 0.835938 0.923437 0.139062 0.103125 0.00148392
0 0.211279 0.665625 0.13291 0.192188 0.00143814
0 0.29082 0.177002 0.271484 0.0444336 0.00138855
0 0.719141 0.838281 0.208594 0.126563 0.00138855
0 0.0876953 0.287109 0.100781 0.1375 0.00137806
0 0.910937 0.122656 0.13125 0.0726563 0.00137806
0 0.322266 0.837305 0.211719 0.156641 0.00133514
1 0.864258 0.684375 0.262109 0.359375 0.00128937
0 0.901563 0.80625 0.18125 0.160938 0.00126457
0 0.873438 0.611328 0.171875 0.214844 0.00123978
0 0.339648 0.265039 0.181641 0.203516 0.00123501
0 0.672266 0.93125 0.205469 0.06875 0.00123024
0 0.0458008 0.341797 0.0916016 0.130469 0.00121593
0 0.902344 0.60625 0.142188 0.2375 0.00121117
0 0.860156 0.109375 0.184375 0.0734375 0.0012064
0 0.863281 0.742969 0.0875 0.276563 0.0011692
0 0.0751709 0.841992 0.108252 0.212891 0.0011692
1 0.873438 0.103809 0.18125 0.0585938 0.00114727
0 0.281641 0.463672 0.300781 0.436719 0.00109005
1 0.882812 0.773438 0.13125 0.223438 0.00109005
0 0.0713867 0.678906 0.108984 0.10625 0.00106907
1 0.244873 0.853906 0.200879 0.2375 0.00106049
1 0.475 0.635938 0.221875 0.196875 0.00104427
0 0.378906 0.25625 0.107031 0.0984375 0.00102425
0 0.0728516 0.947656 0.113867 0.065625 0.00101185
0 0.804688 0.892187 0.2 0.145313 0.00101185
0 0.286279 0.3875 0.315723 0.446094 0.827148
0 0.520215 0.716406 0.323633 0.342187 0.766113
0 0.246484 0.676562 0.197266 0.153125 0.763672
0 0.072998 0.982813 0.141309 0.034375 0.749023
0 0.616797 0.403906 0.371094 0.280469 0.686035
0 0.61875 0.279297 0.379687 0.399219 0.655762
0 0.536719 0.383496 0.553125 0.317383 0.486328
0 0.256055 0.875391 0.205078 0.249219 0.407227
0 0.61875 0.219336 0.359375 0.315234 0.325928
0 0.390723 0.90625 0.0623047 0.1 0.220703
0 0.523438 0.215674 0.604688 0.295215 0.213989
1 0.520703 0.71875 0.323438 0.34375 0.196777
0 0.504785 0.428516 0.616992 0.253906 0.168335
0 0.711719 0.407031 0.185937 0.296875 0.167236
0 0.0489258 0.846875 0.0978516 0.251563 0.135254
0 0.724219 0.0647461 0.551562 0.129102 0.125488
0 0.764844 0.820312 0.132812 0.0625 0.124634
0 0.476953 0.20332 0.808594 0.272656 0.10614
0 0.515527 0.330078 0.601758 0.40625 0.10614
0 0.247852 0.720312 0.206641 0.25625 0.0913696
1 0.0489258 0.846875 0.0978516 0.251563 0.0905762
0 0.778906 0.83125 0.0984375 0.096875 0.0872803
0 0.389453 0.896094 0.0632813 0.14375 0.0841675
0 0.596094 0.271924 0.664062 0.280371 0.0840454
0 0.7125 0.163574 0.575 0.138477 0.081543
0 0.759375 0.194971 0.48125 0.134277 0.0776367
1 0.286279 0.3875 0.315723 0.446094 0.0776367
0 0.0949219 0.301367 0.131445 0.0476562 0.0713501
0 0.0733398 0.977344 0.14668 0.0453125 0.0687866
0 0.669922 0.333789 0.274219 0.351172 0.0674438
0 0.102124 0.325 0.102393 0.117188 0.0673218
0 0.389062 0.0725586 0.2125 0.136133 0.0651245
1 0.241016 0.673828 0.202344 0.179688 0.0647583
0 0.084375 0.975 0.119727 0.05 0.0646362
1 0.251904 0.87207 0.198535 0.255859 0.0634766
0 0.146582 0.838867 0.0978516 0.231641 0.0597534
0 0.683594 0.0970947 0.632812 0.160498 0.0595398
0 0.0892578 0.292773 0.146484 0.0523437 0.0476074
0 0.921875 0.179883 0.121875 0.0773437 0.0474243
0 0.558496 0.473828 0.720508 0.173438 0.0460205
0 0.0446289 0.780469 0.0824219 0.114063 0.0414734
0 0.0777588 0.969531 0.0972168 0.0609375 0.0408325
0 0.737891 0.678125 0.0867188 0.1875 0.0389099
1 0.622656 0.352539 0.359375 0.372266 0.0387573
0 0.792969 0.701563 0.223438 0.259375 0.0374756
0 0.546094 0.121582 0.84375 0.132617 0.0349426
0 0.73125 0.704687 0.090625 0.146875 0.0340271
0 0.757812 0.814062 0.146875 0.046875 0.0332031
0 0.0717285 0.989844 0.143457 0.0203125 0.0328369
0 0.080957 0.972656 0.161133 0.0546875 0.0323486
0 0.842188 0.410547 0.06875 0.199219 0.0313721
1 0.61875 0.279297 0.379687 0.399219 0.0308533
1 0.102124 0.325 0.102393 0.117188 0.0288086
0 0.767969 0.804688 0.132812 0.05625 0.0278015
0 0.686719 0.438281 0.239063 0.292188 0.0270691
0 0.383594 0.910937 0.0796875 0.08125 0.0255585
0 0.385156 0.241797 0.075 0.123438 0.0252686
0 0.555469 0.449609 0.495313 0.203125 0.0249939
0 0.871875 0.0693359 0.175 0.134766 0.0242767
0 0.867188 0.789844 0.078125 0.15625 0.0240479
0 0.374609 0.235156 0.107031 0.1125 0.0238647
0 0.707422 0.132324 0.123438 0.0958984 0.0236053
1 0.536719 0.383496 0.553125 0.317383 0.0231934
0 0.0514648 0.833008 0.10293 0.240234 0.022934
1 0.084375 0.975 0.119727 0.05 0.022934
0 0.775 0.886328 0.159375 0.227344 0.0227661
1 0.391016 0.902344 0.071875 0.090625 0.0225067
0 0.0716797 0.455469 0.119727 0.153125 0.0220795
0 0.65 0.251953 0.429688 0.290625 0.0215759
0 0.575879 0.480469 0.548242 0.157813 0.0212097
0 0.814062 0.720312 0.08125 0.184375 0.0210876
0 0.83125 0.0644531 0.242188 0.128906 0.0207672
0 0.865625 0.180859 0.20625 0.113281 0.0206451
0 0.430469 0.0986572 0.860937 0.147217 0.0202942
0 0.0753906 0.854688 0.122266 0.26875 0.0198669
0 0.773438 0.0667969 0.453125 0.133594 0.0190887
1 0.737891 0.678125 0.0867188 0.1875 0.0189056
1 0.73125 0.704687 0.090625 0.146875 0.0187225
0 0.903125 0.0569336 0.096875 0.113867 0.0186157
0 0.0948242 0.251172 0.121094 0.0445312 0.0180511
0 0.764453 0.0594238 0.471094 0.118848 0.0180206
0 0.297852 0.867188 0.115234 0.253125 0.0177765
0 0.0995117 0.309766 0.106055 0.0851562 0.0172424
0 0.102563 0.285547 0.152686 0.0539063 0.0172424
0 0.748828 0.0888672 0.502344 0.162305 0.0165863
1 0.389062 0.0725586 0.2125 0.136133 0.0160217
0 0.671191 0.199805 0.64043 0.272266 0.0157776
0 0.239502 0.664844 0.206152 0.214062 0.0154266
1 0.842188 0.410547 0.06875 0.199219 0.0153046
0 0.0901367 0.254297 0.0826172 0.0851562 0.0153046
0 0.896875 0.071582 0.128125 0.1375 0.0144501
0 0.103345 0.983203 0.152686 0.0335938 0.013588
0 0.928125 0.585547 0.0671875 0.208594 0.0134277
0 0.108813 0.274219 0.142529 0.0585938 0.0132751
0 0.720703 0.13418 0.0960938 0.116406 0.0131683
0 0.926562 0.551562 0.06875 0.134375 0.0131226
0 0.815625 0.737109 0.229687 0.336719 0.01297
0 0.115039 0.975 0.178516 0.05 0.012825
0 0.0599121 0.827344 0.0805664 0.1 0.0127716
0 0.853125 0.785156 0.10625 0.167187 0.0126266
0 0.784375 0.838867 0.090625 0.128516 0.0123367
0 0.0362305 0.357812 0.0724609 0.114844 0.0123367
0 0.380371 0.917188 0.0986328 0.065625 0.012146
0 0.93125 0.621484 0.071875 0.2125 0.0120087
0 0.378223 0.901563 0.107617 0.09375 0.0116425
0 0.921875 0.645312 0.08125 0.171875 0.0115051
1 0.683008 0.065918 0.633984 0.131836 0.0114212
0 0.954687 0.828516 0.08125 0.342969 0.0113297
0 0.747266 0.669922 0.128906 0.171094 0.0108185
1 0.0753906 0.854688 0.122266 0.26875 0.0106964
1 0.928125 0.585547 0.0671875 0.208594 0.0105667
0 0.8375 0.759766 0.084375 0.207031 0.0104065
1 0.867188 0.789844 0.078125 0.15625 0.0102463
1 0.954687 0.828516 0.08125 0.342969 0.0101318
0 0.841406 0.367969 0.0640625 0.121875 0.00997162
0 0.693359 0.174609 0.613281 0.195312 0.00978088
0 0.249219 0.796094 0.203906 0.401563 0.00963593
0 0.317187 0.80625 0.0726563 0.121875 0.00955963
1 0.0716797 0.455469 0.119727 0.153125 0.00955963
1 0.814062 0.720312 0.08125 0.184375 0.00955963
0 0.917188 0.108105 0.0859375 0.102344 0.00937653
0 0.942187 0.82168 0.084375 0.275391 0.00912476
0 0.674219 0.828125 0.0765625 0.096875 0.00898743
1 0.885938 0.186133 0.228125 0.123047 0.00898743
0 0.401465 0.9 0.0533203 0.090625 0.0088501
0 0.911719 0.183398 0.145313 0.0609375 0.00871277
1 0.146582 0.838867 0.0978516 0.231641 0.0086441
1 0.61875 0.219336 0.359375 0.315234 0.0086441
0 0.522656 0.384473 0.789062 0.354492 0.00861359
0 0.910156 0.0732422 0.0859375 0.133008 0.00854492
0 0.732031 0.878125 0.185937 0.203125 0.00844574
0 0.875 0.935156 0.090625 0.129688 0.00831604
0 0.392871 0.176221 0.142383 0.0475586 0.00831604
0 0.602734 0.935938 0.0734375 0.115625 0.00818634
0 0.784375 0.913281 0.084375 0.173438 0.00815582
1 0.93125 0.621484 0.071875 0.2125 0.00809479
0 0.0407349 0.767969 0.0720459 0.0984375 0.00803375
0 0.851562 0.374609 0.05625 0.128906 0.00793457
0 0.408984 0.0746582 0.103906 0.121777 0.0078125
0 0.791406 0.994531 0.417188 0.0109375 0.00775528
1 0.0995117 0.309766 0.106055 0.0851562 0.00769424
0 0.924609 0.00292969 0.150781 0.00585938 0.00766754
0 0.825 0.6125 0.103125 0.117188 0.00760651
0 0.867188 0.810742 0.0875 0.134766 0.00754929
0 0.0611328 0.807031 0.0835937 0.115625 0.00754929
1 0.523438 0.215674 0.604688 0.295215 0.00751877
0 0.603125 0.938672 0.0953125 0.122656 0.00740433
0 0.0535645 0.79375 0.0954102 0.142188 0.00720596
1 0.0901367 0.254297 0.0826172 0.0851562 0.00717545
0 0.69375 0.108203 0.145313 0.0617188 0.00717545
0 0.355469 0.210547 0.147656 0.0664062 0.00717545
0 0.839844 0.343359 0.071875 0.188281 0.00709534
0 0.387109 0.229687 0.0757812 0.198437 0.00706482
0 0.315234 0.172461 0.172656 0.053125 0.0069046
0 0.392969 0.869531 0.0695312 0.182812 0.0068779
1 0.586328 0.430859 0.435156 0.244531 0.0068512
1 0.709375 0.0863281 0.58125 0.153516 0.00679779
0 0.805469 0.730469 0.10625 0.123438 0.00671768
0 0.372266 0.217236 0.11875 0.0866211 0.00664139
0 0.853125 0.779492 0.2 0.441016 0.00664139
0 0.327734 0.832812 0.0609375 0.16875 0.00664139
0 0.78125 0.900781 0.0765625 0.121875 0.00643921
0 0.313867 0.181055 0.178516 0.0523437 0.00634003
0 0.639063 0.612891 0.0765625 0.116406 0.00631332
0 0.511719 0.94375 0.0765625 0.103125 0.00626373
1 0.476953 0.20332 0.808594 0.272656 0.00624084
1 0.297852 0.867188 0.115234 0.253125 0.00614548
0 0.311523 0.854492 0.0902344 0.222266 0.006073
1 0.921875 0.645312 0.08125 0.171875 0.00600433
0 0.817187 0.746484 0.0828125 0.108594 0.00600433
1 0.83125 0.0644531 0.242188 0.128906 0.00588989
1 0.378223 0.901563 0.107617 0.09375 0.00582123
0 0.926562 0.576172 0.06875 0.128906 0.00579834
0 0.841406 0.275 0.1 0.0789063 0.00577545
0 0.166406 0.738281 0.121094 0.298438 0.00572968
0 0.710938 0.113672 0.11875 0.0933594 0.00572968
0 0.723437 0.537891 0.104687 0.0695312 0.00572968
1 0.115039 0.975 0.178516 0.05 0.00564194
1 0.942187 0.82168 0.084375 0.275391 0.00559998
1 0.504785 0.428516 0.616992 0.253906 0.00538635
1 0.7125 0.163574 0.575 0.138477 0.00536346
1 0.0514648 0.833008 0.10293 0.240234 0.00536346
0 0.80625 0.692187 0.120312 0.215625 0.00534439
1 0.711719 0.407031 0.185937 0.296875 0.00534439
1 0.401465 0.9 0.0533203 0.090625 0.00526047
0 0.33125 0.139453 0.167187 0.0425781 0.00521851
1 0.853125 0.785156 0.10625 0.167187 0.00518036
0 0.5 0.942969 0.109375 0.096875 0.0051384
0 0.776758 0.795117 0.105859 0.122266 0.0050621
0 0.433984 0.150952 0.867969 0.170361 0.00502014
0 0.639453 0.646094 0.0929687 0.115625 0.00502014
1 0.851562 0.374609 0.05625 0.128906 0.00502014
1 0.0705566 0.983594 0.141113 0.0328125 0.00494385
0 0.0926025 0.239063 0.0843262 0.0695312 0.0049057
1 0.8375 0.759766 0.084375 0.207031 0.00475693
0 0.079126 0.975 0.146436 0.05 0.00471878
1 0.327734 0.832812 0.0609375 0.16875 0.0045929
1 0.871875 0.0693359 0.175 0.134766 0.00450516
0 0.3875 0.164258 0.15625 0.0441406 0.00446701
1 0.759375 0.194971 0.48125 0.134277 0.00445175
1 0.747266 0.669922 0.128906 0.171094 0.00443268
0 0.834375 0.438672 0.084375 0.235938 0.00438309
1 0.924609 0.00292969 0.150781 0.00585938 0.00434875
0 0.926562 0.662109 0.071875 0.135156 0.00431442
0 0.823828 0.0624512 0.352344 0.124902 0.00431442
1 0.775 0.886328 0.159375 0.227344 0.00431442
1 0.515527 0.330078 0.601758 0.40625 0.00429916
0 0.0410645 0.349219 0.0821289 0.177344 0.00429916
0 0.826563 0.726562 0.0625 0.1875 0.00426483
0 0.845312 0.277734 0.075 0.1 0.00426483
0 0.28457 0.866016 0.258203 0.267969 0.00421524
0 0.0605957 0.838281 0.0811523 0.242188 0.00418091
0 0.821094 0.25293 0.357812 0.213672 0.00416565
0 0.218555 0.993359 0.437109 0.0132813 0.00415039
1 0.875 0.935156 0.090625 0.129688 0.00408554
0 0.9375 0.95625 0.103125 0.0875 0.00407028
0 0.0692871 0.429297 0.121582 0.075 0.00397491
0 0.93125 0.169922 0.103125 0.113672 0.00397491
0 0.724219 0.726562 0.0828125 0.114063 0.00390053
0 0.879297 0.996094 0.241406 0.0078125 0.00385475
1 0.764453 0.0594238 0.471094 0.118848 0.00376511
1 0.302002 0.874219 0.283496 0.248437 0.00372124
0 0.0393677 0.763281 0.0767334 0.142188 0.00372124
1 0.247852 0.720312 0.206641 0.25625 0.00370789
0 0.516504 0.457031 0.779492 0.273438 0.00370789
0 0.95625 0.835156 0.065625 0.142188 0.00370789
0 0.412109 0.178906 0.10625 0.0632813 0.00365067
0 0.910937 0.0932617 0.10625 0.106836 0.00362206
0 0.647656 0.665625 0.071875 0.132812 0.00359344
0 0.126343 0.950781 0.114111 0.0984375 0.00355148
1 0.791406 0.994531 0.417188 0.0109375 0.00346947
1 0.784375 0.913281 0.084375 0.173438 0.00345612
1 0.896875 0.071582 0.128125 0.1375 0.00338936
0 0.920313 0.106836 0.08125 0.151953 0.00337601
0 0.201562 0.979688 0.403125 0.040625 0.00336266
0 0.803125 0.817969 0.234375 0.364062 0.00331116
0 0.876562 0.477734 0.075 0.11875 0.00331116
0 0.890625 0.173438 0.178125 0.0917969 0.00329781
0 0.639063 0.6625 0.101562 0.117188 0.00327301
0 0.64375 0.6375 0.078125 0.154687 0.00323486
0 0.851562 0.612109 0.059375 0.124219 0.00319672
0 0.653906 0.0530762 0.692187 0.106152 0.00319672
0 0.728906 0.889063 0.240625 0.221875 0.00317192
0 0.146484 0.87793 0.102344 0.241016 0.00316048
0 0.0790039 0.428906 0.0921875 0.0953125 0.00314713
0 0.637891 0.0812744 0.176563 0.0522949 0.00314713
0 0.875 0.91875 0.08125 0.134375 0.00313568
0 0.921094 0.994531 0.157813 0.0109375 0.00312424
0 0.909375 0.108594 0.114063 0.0792969 0.00307465
0 0.114648 0.526563 0.0914062 0.0921875 0.00305176
1 0.079126 0.975 0.146436 0.05 0.00302696
1 0.603125 0.938672 0.0953125 0.122656 0.00300407
0 0.724219 0.942187 0.0765625 0.115625 0.00298119
0 0.841406 0.368359 0.0796875 0.191406 0.0029583
0 0.0998047 0.256641 0.103906 0.071875 0.00292397
1 0.0691895 0.977344 0.138379 0.0453125 0.00286674
0 0.875 0.953906 0.08125 0.0921875 0.0028553
1 0.834375 0.438672 0.084375 0.235938 0.00279999
0 0.677344 0.799805 0.096875 0.103516 0.00279999
0 0.733594 0.698828 0.06875 0.163281 0.00277901
0 0.986719 0.100781 0.0265625 0.142969 0.00277901
0 0.733594 0.161328 0.1 0.138281 0.00271416
0 0.758594 0.25 0.0796875 0.122656 0.00269318
1 0.805469 0.730469 0.10625 0.123438 0.00269318
0 0.944531 0.998047 0.110937 0.00390625 0.00269318
0 0.781445 0.888281 0.0902344 0.223438 0.0026722
0 0.835938 0.621094 0.08125 0.142188 0.0026722
1 0.430469 0.0986572 0.860937 0.147217 0.00266266
0 0.678125 0.811719 0.0796875 0.08125 0.00266266
0 0.0915039 0.240625 0.106445 0.0515625 0.00265312
1 0.817187 0.746484 0.0828125 0.108594 0.00264168
0 0.910937 0.16875 0.15625 0.0554687 0.00263214
0 0.621094 0.604688 0.117188 0.0953125 0.0026207
0 0.327734 0.12832 0.147656 0.0484375 0.00258064
0 0.0607422 0.334766 0.0582031 0.107031 0.00257111
0 0.95625 0.809375 0.059375 0.15625 0.00253105
0 0.925 0.133203 0.084375 0.111719 0.00253105
0 0.22168 0.634375 0.149609 0.0640625 0.00253105
0 0.773438 0.797656 0.160938 0.053125 0.00253105
0 0.139258 0.800195 0.126563 0.158984 0.00252151
1 0.792969 0.701563 0.223438 0.259375 0.00252151
0 0.35 0.19082 0.152344 0.0492188 0.0024929
1 0.80625 0.692187 0.120312 0.215625 0.00247192
1 0.821094 0.61875 0.114063 0.13125 0.00247192
1 0.826563 0.726562 0.0625 0.1875 0.00240517
0 0.592969 0.657422 0.182812 0.209375 0.002388
1 0.546094 0.121582 0.84375 0.132617 0.00237846
0 0.598437 0.0632813 0.789062 0.126563 0.00235939
0 0.312109 0.825195 0.0835937 0.124609 0.00232315
0 0.988281 0.942187 0.0234375 0.115625 0.00230598
0 0.792969 0.746875 0.0828125 0.0875 0.00228691
1 0.839844 0.327148 0.0765625 0.171484 0.00225258
0 0.860937 0.182227 0.126563 0.105078 0.00225258
0 0.774805 0.921875 0.100391 0.11875 0.00223351
1 0.732031 0.878125 0.185937 0.203125 0.00222588
0 0.982813 0.960547 0.034375 0.0789063 0.00221634
0 0.0664062 0.256641 0.0570313 0.107031 0.00216484
0 0.801562 0.926562 0.05625 0.14375 0.00216484
0 0.435156 0.0708008 0.751562 0.12793 0.00216484
0 0.917969 0.0820068 0.0828125 0.161768 0.00214958
0 0.619531 0.305078 0.375 0.495313 0.73877
0 0.280469 0.394141 0.332031 0.471094 0.737793
0 0.519922 0.707031 0.322656 0.373437 0.294189
0 0.870313 0.125391 0.198437 0.23125 0.144653
1 0.619531 0.307031 0.373437 0.495313 0.0805054
1 0.281055 0.394531 0.330859 0.463281 0.0757446
0 0.870313 0.175 0.1875 0.135937 0.0520325
0 0.223486 0.646484 0.163965 0.232031 0.0472412
1 0.516797 0.721094 0.322656 0.348437 0.0335388
0 0.0886719 0.979688 0.174219 0.040625 0.0210419
1 0.870313 0.175 0.1875 0.135937 0.0162811
1 0.223486 0.646484 0.163965 0.232031 0.0162201
1 0.870313 0.125391 0.198437 0.23125 0.0129242
0 0.382129 0.0820312 0.204492 0.157031 0.0125275
0 0.0818359 0.655469 0.10293 0.166406 0.0122375
0 0.764063 0.894531 0.279687 0.210938 0.00818634
0 0.253467 0.855469 0.250098 0.289062 0.0068779
1 0.0886719 0.979688 0.174219 0.040625 0.00616837
0 0.114941 0.991406 0.229883 0.0171875 0.00602722
1 0.382129 0.0820312 0.204492 0.157031 0.00591278
0 0.926562 0.943359 0.146875 0.113281 0.00538635
1 0.0702148 0.655469 0.135352 0.170312 0.00450516
0 0.0704102 0.476562 0.14082 0.184375 0.00441742
0 0.283398 0.276514 0.321484 0.248535 0.00432968
1 0.760156 0.895312 0.267188 0.209375 0.00416565
0 0.0714844 0.656641 0.142969 0.170312 0.00353813
0 0.239453 0.6125 0.197656 0.30625 0.00345612
0 0.975781 0.28418 0.0484375 0.205078 0.00337601
0 0.733594 0.683594 0.126563 0.221875 0.00336266
0 0.917969 0.990625 0.164062 0.01875 0.00323486
0 0.244482 0.669531 0.193848 0.192188 0.00318527
0 0.895312 0.00366211 0.209375 0.00732422 0.00317192
0 0.496875 0.626172 0.277344 0.528906 0.00296974
0 0.0780273 0.972656 0.15293 0.0546875 0.0029583
1 0.114941 0.991406 0.229883 0.0171875 0.00270462
1 0.975781 0.28418 0.0484375 0.205078 0.00216484
0 0.850781 0.10061 0.207813 0.186279 0.00214005
1 0.0704102 0.476562 0.14082 0.184375 0.00209045
0 0.735547 0.900781 0.186719 0.198437 0.00208282
0 0.0830078 0.982031 0.166016 0.0359375 0.00198746
1 0.253467 0.855469 0.250098 0.289062 0.00191879
1 0.926562 0.943359 0.146875 0.113281 0.00189686
0 0.10498 0.51875 0.0851562 0.142188 0.00188923
0 0.492969 0.917188 0.0984375 0.1 0.00179577
1 0.0861328 0.653906 0.0933594 0.165625 0.0017004
1 0.739062 0.683594 0.14375 0.235938 0.00166798
0 0.791406 0.83457 0.303125 0.330859 0.0016489
0 0.460059 0.679688 0.208008 0.428125 0.00164223
1 0.735547 0.900781 0.186719 0.198437 0.0015974
0 0.759375 0.00389404 0.442187 0.00778809 0.00154305
1 0.917969 0.990625 0.164062 0.01875 0.00151253
0 0.078418 0.5125 0.137695 0.161719 0.0014782
0 0.975391 0.296094 0.0492188 0.264062 0.0014782
0 0.361523 0.0692383 0.168359 0.131445 0.00140476
0 0.607031 0.681641 0.154687 0.271094 0.00134563
0 0.83125 0.00402832 0.3375 0.00805664 0.00130939
1 0.244482 0.669531 0.193848 0.192188 0.00128937
0 0.901172 0.00285645 0.197656 0.00571289 0.00123978
0 0.733594 0.00281982 0.264062 0.00563965 0.00123501
0 0.235596 0.0644043 0.12334 0.124707 0.0011692
0 0.421094 0.00283203 0.2625 0.00566406 0.00112057
0 0.0673828 0.446094 0.123438 0.132812 0.0011158
0 0.671484 0.00285645 0.260156 0.00571289 0.00109863
0 0.868945 0.0747559 0.196484 0.14502 0.00109863
0 0.483594 0.00280762 0.2625 0.00561523 0.00109863
0 0.8375 0.384375 0.1125 0.219531 0.00108147
1 0.078418 0.5125 0.137695 0.161719 0.00102425
0 0.289453 0.203857 0.319531 0.100098 0.00100803
0 0.617969 0.305859 0.36875 0.482812 0.869629
0 0.27793 0.381934 0.315234 0.445508 0.843262
0 0.517187 0.711328 0.314063 0.339844 0.78418
0 0.0477051 0.773438 0.0954102 0.15 0.134277
0 0.857813 0.1 0.196875 0.196094 0.0566406
0 0.242188 0.641016 0.182812 0.236719 0.0490417
1 0.0477051 0.773438 0.0954102 0.15 0.0451965
0 0.379297 0.0930664 0.19375 0.182617 0.044342
0 0.0728516 0.64375 0.145703 0.157813 0.0430298
1 0.515625 0.709375 0.301562 0.342187 0.0234222
1 0.0728516 0.64375 0.145703 0.157813 0.0202179
0 0.065625 0.975781 0.13125 0.0484375 0.0151901
0 0.0491211 0.798437 0.0982422 0.126563 0.0142822
1 0.379297 0.0930664 0.19375 0.182617 0.0141754
0 0.600781 0.65 0.155469 0.20625 0.014061
1 0.615234 0.305078 0.361719 0.485156 0.0109482
1 0.280469 0.385938 0.313281 0.447656 0.0106125
0 0.0655273 0.98125 0.131055 0.0375 0.0104904
0 0.251123 0.6875 0.20791 0.151562 0.00978088
1 0.252002 0.651563 0.220996 0.234375 0.00812531
1 0.226514 0.635156 0.157129 0.264062 0.00763702
0 0.85625 0.0646484 0.20625 0.128516 0.00740433
1 0.0491211 0.798437 0.0982422 0.126563 0.00725937
0 0.279687 0.823438 0.239063 0.301562 0.00516129
0 0.577344 0.701953 0.20625 0.311719 0.00502014
1 0.0459961 0.812305 0.0919922 0.191016 0.00452042
1 0.600781 0.65 0.155469 0.20625 0.00407028
0 0.0495117 0.840625 0.0990234 0.220313 0.00352478
0 0.043457 0.779688 0.0869141 0.167187 0.00329781
0 0.0459961 0.812305 0.0919922 0.191016 0.00329781
1 0.251123 0.6875 0.20791 0.151562 0.00301552
1 0.065625 0.975781 0.13125 0.0484375 0.00288963
0 0.983594 0.299609 0.0328125 0.346875 0.00273705
0 0.211328 0.648438 0.129297 0.259375 0.0026722
0 0.282422 0.678125 0.160156 0.134375 0.0024929
1 0.0685547 0.978906 0.137109 0.0421875 0.0024929
0 0.577344 0.91875 0.139062 0.11875 0.0024929
0 0.951172 0.773047 0.0976562 0.425781 0.0024147
0 0.279492 0.873438 0.275391 0.232812 0.00231361
1 0.857813 0.1 0.196875 0.196094 0.00220871
0 0.0524414 0.860937 0.104883 0.160938 0.00218201
0 0.0498169 0.974609 0.0925537 0.0507812 0.0020752
0 0.0638672 0.318359 0.127734 0.127344 0.00201988
0 0.728516 0.83418 0.219531 0.119141 0.00199509
1 0.983594 0.299609 0.0328125 0.346875 0.00197983
0 0.783594 0.69375 0.21875 0.167187 0.00197983
1 0.85625 0.0646484 0.20625 0.128516 0.00177479
0 0.503906 0.93125 0.109375 0.103125 0.0017271
0 0.271875 0.294922 0.305469 0.271094 0.0016613
0 0.244727 0.608594 0.197266 0.317187 0.00148964
0 0.978516 0.835742 0.0429688 0.328516 0.00136185
1 0.978516 0.835742 0.0429688 0.328516 0.00132465
0 0.451562 0.73125 0.164062 0.35625 0.0012846
1 0.0495117 0.840625 0.0990234 0.220313 0.00123024
0 0.0622559 0.846094 0.111816 0.128125 0.00106525
1 0.279687 0.823438 0.239063 0.301562 0.00106049
0 0.284766 0.385547 0.314844 0.45 0.878418
0 0.623438 0.30625 0.360938 0.495313 0.862305
0 0.52334 0.711328 0.323633 0.347656 0.858887
0 0.238281 0.675 0.177734 0.167187 0.516602
0 0.25083 0.871875 0.199121 0.235938 0.332031
0 0.0672363 0.977344 0.134473 0.0453125 0.137573
0 0.0672363 0.464063 0.120215 0.166406 0.0917358
0 0.0731445 0.632812 0.1375 0.19375 0.0700684
0 0.377734 0.0879883 0.182812 0.152734 0.0362244
1 0.249609 0.874219 0.191797 0.242188 0.0231018
0 0.726172 0.86543 0.214844 0.181641 0.0210876
1 0.0709473 0.973437 0.136426 0.0515625 0.0195312
0 0.0362305 0.341602 0.0724609 0.0855469 0.0189819
0 0.157129 0.0728516 0.121289 0.13418 0.0181885
0 0.0605957 0.329688 0.11377 0.0992187 0.0171814
0 0.0688477 0.977344 0.137695 0.0453125 0.0171814
0 0.0508301 0.811719 0.100684 0.220313 0.0145569
0 0.878125 0.463672 0.075 0.174219 0.0142822
0 0.0708008 0.971094 0.134766 0.0546875 0.0139542
0 0.0759521 0.323828 0.130127 0.107031 0.0131226
0 0.880469 0.177002 0.235938 0.105371 0.0123367
0 0.0668945 0.426172 0.123633 0.08125 0.0115509
0 0.3875 0.915625 0.090625 0.115625 0.0114212
1 0.520215 0.708984 0.323633 0.341406 0.0112457
1 0.0672363 0.464063 0.120215 0.166406 0.0108185
1 0.0508301 0.811719 0.100684 0.220313 0.0100555
1 0.0731445 0.632812 0.1375 0.19375 0.0100098
1 0.228955 0.666406 0.153809 0.185156 0.00933838
0 0.854688 0.176953 0.159375 0.105859 0.00926971
0 0.835938 0.371094 0.09375 0.121094 0.00926971
0 0.833594 0.0692871 0.217187 0.121191 0.008255
1 0.286377 0.384375 0.319434 0.453125 0.00734711
0 0.0917969 0.317578 0.121094 0.105469 0.00695801
0 0.0531738 0.0705566 0.0959961 0.128223 0.00591278
0 0.50625 0.923437 0.117188 0.09375 0.00553513
0 0.0811523 0.975 0.162305 0.05 0.00551224
0 0.0458496 0.976172 0.0911133 0.0476562 0.00498199
0 0.0490234 0.333984 0.0980469 0.08125 0.00482941
0 0.740234 0.860156 0.157031 0.178125 0.00481033
1 0.244336 0.679688 0.200391 0.157813 0.0045929
1 0.0688477 0.977344 0.137695 0.0453125 0.00439835
1 0.0811523 0.975 0.162305 0.05 0.00407028
1 0.157129 0.0728516 0.121289 0.13418 0.00397491
0 0.0674316 0.9625 0.134863 0.034375 0.00379562
1 0.621875 0.305859 0.364062 0.495313 0.00376511
0 0.0504761 0.111719 0.097876 0.220313 0.00366402
0 0.249219 0.657812 0.203125 0.2125 0.00358009
0 0.298779 0.325391 0.344629 0.332031 0.00358009
1 0.3875 0.915625 0.090625 0.115625 0.00348282
1 0.0605957 0.329688 0.11377 0.0992187 0.00341606
1 0.835938 0.371094 0.09375 0.121094 0.00337601
1 0.0362305 0.341602 0.0724609 0.0855469 0.00332451
0 0.874219 0.0740234 0.165625 0.141016 0.00313568
1 0.880469 0.177002 0.235938 0.105371 0.00300407
0 0.765234 0.676172 0.183594 0.217969 0.00286674
0 0.895312 0.492969 0.107813 0.129688 0.0028553
1 0.0759521 0.323828 0.130127 0.107031 0.00283432
0 0.860937 0.176758 0.19375 0.137109 0.00274658
0 0.0763428 0.561328 0.145361 0.335156 0.00273705
0 0.482812 0.525781 0.125 0.05 0.00261116
0 0.946094 0.548047 0.107813 0.128125 0.00257111
0 0.0469727 0.843164 0.0939453 0.313672 0.00239754
1 0.878125 0.463672 0.075 0.174219 0.00234985
0 0.392871 0.921094 0.120508 0.140625 0.00230598
0 0.0375122 0.974219 0.0671631 0.0515625 0.00201035
0 0.744531 0.684766 0.13125 0.174219 0.0019722
1 0.377734 0.0879883 0.182812 0.152734 0.00196457
0 0.0780273 0.967188 0.105469 0.046875 0.00193405
1 0.726172 0.86543 0.214844 0.181641 0.00190449
0 0.520312 0.939062 0.134375 0.115625 0.0018034
1 0.740234 0.860156 0.157031 0.178125 0.00178242
0 0.473828 0.526563 0.08125 0.0515625 0.00176144
0 0.466406 0.519141 0.0609375 0.0554687 0.00174809
0 0.0472656 0.240625 0.0435547 0.0796875 0.00174141
1 0.0668945 0.426172 0.123633 0.08125 0.0017004
0 0.828125 0.277344 0.053125 0.0820312 0.0016489
0 0.0423706 0.386328 0.0812744 0.053125 0.00162315
0 0.741406 0.8125 0.0609375 0.071875 0.00161076
1 0.0743652 0.965625 0.14873 0.06875 0.00157356
1 0.854688 0.176953 0.159375 0.105859 0.00154305
0 0.84375 0.930469 0.115625 0.129688 0.00153065
0 0.320312 0.162109 0.120312 0.0320312 0.00150681
1 0.0828125 0.83125 0.165625 0.253125 0.00143814
0 0.2125 0.657422 0.134375 0.188281 0.00142097
0 0.0743652 0.965625 0.14873 0.06875 0.00141621
1 0.0531738 0.0705566 0.0959961 0.128223 0.00137806
0 0.414941 0.0921875 0.276367 0.150391 0.00137234
1 0.833594 0.0692871 0.217187 0.121191 0.00135612
0 0.0828125 0.83125 0.165625 0.253125 0.00134563
0 0.996094 0.464844 0.0078125 0.43125 0.00134087
0 0.823438 0.287305 0.05 0.117969 0.00131512
0 0.116016 0.519531 0.0730469 0.134375 0.00129414
0 0.0447266 0.953906 0.0847656 0.05 0.0012846
0 0.971875 0.250977 0.034375 0.218359 0.0011692
0 0.0898438 0.947656 0.0585938 0.0421875 0.0011692
1 0.0917969 0.317578 0.121094 0.105469 0.00115108
0 0.460156 0.892578 0.028125 0.214844 0.00115108
0 0.978125 0.305518 0.04375 0.394434 0.00112057
0 0.0925781 0.305078 0.141406 0.122656 0.00112057
1 0.0485352 0.344141 0.0863281 0.0953125 0.0011158
0 0.972656 0.276563 0.0359375 0.125 0.00110722
0 0.0707031 0.949219 0.040625 0.0359375 0.00108147
0 0.735937 0.807031 0.05 0.117188 0.00107288
1 0.50625 0.923437 0.117188 0.09375 0.00104427
0 0.294336 0.183789 0.169141 0.0558594 0.00100803
0 0.615625 0.306641 0.371875 0.497656 0.871582
0 0.51416 0.710938 0.324805 0.346875 0.843262
0 0.28418 0.392188 0.332422 0.461719 0.766113
1 0.282617 0.391797 0.333984 0.4625 0.137573
0 0.241211 0.679688 0.192578 0.173438 0.0951538
0 0.0821777 0.976562 0.164355 0.0421875 0.0379028
1 0.614062 0.306641 0.378125 0.496094 0.0354004
1 0.521875 0.714453 0.330469 0.342969 0.024231
0 0.0694336 0.975781 0.133203 0.0484375 0.0209198
0 0.380371 0.0742676 0.200195 0.142871 0.0165863
0 0.733594 0.880469 0.251563 0.221875 0.0162811
1 0.380371 0.0742676 0.200195 0.142871 0.00712204
1 0.241211 0.679688 0.192578 0.173438 0.00629044
0 0.0746094 0.975781 0.141211 0.0484375 0.00629044
0 0.21543 0.653906 0.146484 0.21875 0.0049057
0 0.945312 0.719922 0.109375 0.444531 0.0039444
1 0.733594 0.880469 0.251563 0.221875 0.00378036
0 0.267773 0.869531 0.207422 0.239063 0.00369263
0 0.733594 0.673437 0.110937 0.194531 0.00351143
1 0.0728516 0.976172 0.140234 0.0476562 0.00282288
0 0.391016 0.9 0.071875 0.09375 0.00226974
0 0.867188 0.0838867 0.18125 0.163086 0.00224304
1 0.0821777 0.976562 0.164355 0.0421875 0.00181007
0 0.826563 0.325195 0.1 0.294922 0.00163555
0 0.730078 0.854688 0.217969 0.159375 0.00157928
0 0.720312 0.53125 0.142188 0.0796875 0.0014267
1 0.264502 0.868555 0.213184 0.237891 0.00141048
1 0.0746094 0.975781 0.141211 0.0484375 0.00115585
1 0.945312 0.719922 0.109375 0.444531 0.00103188
0 0.281641 0.390625 0.317969 0.45625 0.849609
0 0.619141 0.304688 0.377344 0.484375 0.818359
0 0.518359 0.707812 0.321094 0.348437 0.754883
0 0.251514 0.8625 0.221191 0.251563 0.0623169
0 0.0685059 0.975391 0.125293 0.0492188 0.0441895
1 0.616406 0.301953 0.373437 0.478906 0.0382385
1 0.517285 0.706641 0.32793 0.352344 0.0279083
0 0.0765381 0.602344 0.131689 0.245312 0.0276947
1 0.277148 0.392578 0.316016 0.458594 0.0276947
0 0.247607 0.65625 0.203223 0.2125 0.0208893
0 0.0830078 0.976562 0.166016 0.046875 0.0162201
1 0.0541992 0.822656 0.0953125 0.257812 0.0137405
0 0.398438 0.9 0.0671875 0.090625 0.00775528
1 0.0830078 0.976562 0.166016 0.046875 0.0068779
1 0.251514 0.8625 0.221191 0.251563 0.00682449
1 0.0765381 0.602344 0.131689 0.245312 0.00619125
1 0.0685059 0.975391 0.125293 0.0492188 0.00479126
0 0.0651855 0.975781 0.130371 0.0484375 0.00385475
0 0.682813 0.807813 0.0625 0.0625 0.00356483
0 0.457422 0.701172 0.192969 0.288281 0.00331116
1 0.396875 0.902344 0.0671875 0.0953125 0.00270462
0 0.0521484 0.833008 0.0984375 0.280859 0.00255013
0 0.376953 0.0909424 0.196094 0.181396 0.00248146
0 0.0855469 0.324805 0.0867188 0.0953125 0.00234222
0 0.165625 0.0810547 0.134375 0.159961 0.00198746
1 0.246484 0.645312 0.197266 0.225781 0.00186729
0 0.198047 0.652734 0.110156 0.257031 0.0017271
0 0.858594 0.0766602 0.209375 0.151367 0.00153637
0 0.852344 0.116797 0.223438 0.233594 0.00137234
1 0.0727539 0.635938 0.133008 0.16875 0.00135612
0 0.0727539 0.635938 0.133008 0.16875 0.00131512
0 0.0691895 0.457422 0.122559 0.216406 0.00109863
0 0.491406 0.914844 0.08125 0.084375 0.00104046
0 0.282813 0.389844 0.316406 0.45 0.807617
0 0.619531 0.306836 0.378125 0.489453 0.793945
0 0.521484 0.710938 0.322656 0.345313 0.793945
0 0.25293 0.659375 0.215234 0.209375 0.122498
0 0.0822754 0.980469 0.164551 0.0390625 0.0680542
1 0.276611 0.38623 0.315527 0.446289 0.0343018
1 0.521875 0.711328 0.321875 0.346094 0.0263519
0 0.857813 0.0761963 0.21875 0.147998 0.0186157
0 0.865625 0.177393 0.18125 0.106934 0.0184784
1 0.0822754 0.980469 0.164551 0.0390625 0.0184021
1 0.609766 0.307813 0.377344 0.4875 0.0168457
0 0.0685547 0.976172 0.135937 0.0476562 0.014389
0 0.246924 0.86582 0.228809 0.255859 0.00748825
1 0.24917 0.665234 0.210254 0.203906 0.00282288
1 0.0685547 0.976172 0.135937 0.0476562 0.0026722
1 0.245312 0.87207 0.228906 0.249609 0.00216484
0 0.0712891 0.976562 0.142578 0.046875 0.00211525
0 0.845312 0.1125 0.246875 0.225 0.00211525
0 0.0751953 0.639063 0.14375 0.185937 0.00179577
0 0.733594 0.675391 0.129688 0.208594 0.00157356
1 0.205469 0.860937 0.305469 0.260938 0.00157356
1 0.0751953 0.639063 0.14375 0.185937 0.00136185
1 0.857813 0.0761963 0.21875 0.147998 0.0011692
0 0.277686 0.391016 0.318066 0.454688 0.875977
0 0.617969 0.305469 0.370313 0.4875 0.875
0 0.521094 0.699219 0.323438 0.365625 0.769531
0 0.0710938 0.98125 0.142188 0.0375 0.118774
0 0.0676758 0.976953 0.132812 0.0460938 0.11084
0 0.248779 0.869531 0.219629 0.251563 0.0496826
0 0.244189 0.657812 0.186621 0.203906 0.0403748
0 0.065332 0.978906 0.130664 0.0421875 0.0243378
0 0.862305 0.0775391 0.194141 0.147266 0.0228424
0 0.857031 0.18125 0.165625 0.109766 0.0224609
1 0.0710938 0.98125 0.142188 0.0375 0.0197906
1 0.0682617 0.976562 0.132227 0.046875 0.0195007
1 0.618359 0.305469 0.369531 0.489844 0.0151901
1 0.522266 0.698047 0.323438 0.364844 0.0108566
0 0.393066 0.901563 0.0654297 0.078125 0.0104523
0 0.735156 0.675781 0.120312 0.201562 0.00638962
1 0.065332 0.978906 0.130664 0.0421875 0.00600433
0 0.842383 0.105469 0.243359 0.20625 0.00521851
0 0.0504883 0.978125 0.100586 0.04375 0.0051384
0 0.069043 0.470313 0.129883 0.16875 0.00466537
1 0.277539 0.389062 0.313672 0.451562 0.0039444
0 0.213721 0.646875 0.136621 0.220313 0.00380898
1 0.076001 0.635156 0.140576 0.1875 0.00379562
1 0.249609 0.864844 0.217187 0.253125 0.00275803
0 0.0769531 0.628125 0.142578 0.2 0.00263214
1 0.393066 0.901563 0.0654297 0.078125 0.00220871
0 0.0402832 0.347461 0.0786133 0.118359 0.00205803
1 0.238477 0.655078 0.178516 0.207031 0.00200272
0 0.373633 0.102051 0.194922 0.193164 0.00195694
0 0.0624023 0.338672 0.111523 0.121094 0.00191212
1 0.0594727 0.801758 0.110937 0.230859 0.00182438
1 0.862305 0.0775391 0.194141 0.147266 0.0016613
0 0.925 0.0010498 0.15 0.00209961 0.00142097
1 0.069043 0.470313 0.129883 0.16875 0.00132465
0 0.910547 0.000622559 0.178906 0.00124512 0.00113773
0 0.278516 0.389453 0.313281 0.453906 0.864258
0 0.616406 0.306055 0.36875 0.486328 0.862793
0 0.519141 0.707031 0.320312 0.348437 0.795898
0 0.071582 0.979688 0.143164 0.040625 0.115967
0 0.0658203 0.976562 0.128125 0.046875 0.0960083
1 0.519141 0.703906 0.31875 0.353125 0.0480347
1 0.277539 0.388672 0.311328 0.455469 0.0396423
0 0.242969 0.646094 0.19375 0.226562 0.0346069
1 0.0658203 0.976562 0.128125 0.046875 0.0299225
1 0.614062 0.306055 0.367188 0.487891 0.0204163
1 0.0685547 0.980469 0.137109 0.0390625 0.016922
0 0.0649414 0.979688 0.129883 0.040625 0.0150757
0 0.239258 0.871094 0.272266 0.246875 0.00784302
0 0.0472656 0.978125 0.0945313 0.04375 0.00600433
1 0.0649414 0.979688 0.129883 0.040625 0.00502014
0 0.942969 0.998438 0.114063 0.003125 0.00341606
0 0.370117 0.101562 0.191797 0.198437 0.00304031
1 0.237451 0.647656 0.183691 0.223438 0.00240517
1 0.239258 0.871094 0.272266 0.246875 0.00225258
0 0.391406 0.9 0.0703125 0.084375 0.00221634
1 0.0710938 0.630469 0.136719 0.194531 0.0019722
0 0.213232 0.642969 0.136816 0.228125 0.00188923
0 0.126172 0.998438 0.180469 0.003125 0.00182438
0 0.856055 0.0757812 0.194141 0.147461 0.00161076
1 0.0598633 0.803906 0.109961 0.240625 0.00157356
0 0.950781 0.995313 0.0984375 0.009375 0.00144386
0 0.0720703 0.9875 0.144141 0.025 0.00135136
0 0.0726563 0.982031 0.11543 0.0359375 0.00131512
0 0.277539 0.391016 0.318359 0.454688 0.875977
0 0.617969 0.305273 0.370313 0.487891 0.875
0 0.521094 0.699609 0.323438 0.364844 0.769531
0 0.0710938 0.98125 0.142188 0.0375 0.118774
0 0.0676758 0.976953 0.132812 0.0460938 0.11084
0 0.248828 0.869531 0.219922 0.251563 0.0496826
0 0.244189 0.657812 0.186621 0.203906 0.0402527
0 0.065332 0.978906 0.130664 0.0421875 0.0243378
0 0.862305 0.0775391 0.194141 0.147266 0.0227661
0 0.857031 0.18125 0.165625 0.109766 0.0223236
1 0.0710938 0.98125 0.142188 0.0375 0.0197906
1 0.0682617 0.976562 0.132227 0.046875 0.0195007
1 0.618359 0.305469 0.369531 0.489844 0.0153046
1 0.522266 0.698047 0.323438 0.364844 0.0109024
0 0.393066 0.901563 0.0654297 0.078125 0.0104523
0 0.728906 0.670313 0.13125 0.2125 0.00634003
1 0.065332 0.978906 0.130664 0.0421875 0.00600433
0 0.842383 0.105469 0.243359 0.20625 0.00521851
0 0.0504883 0.978125 0.100586 0.04375 0.0051384
0 0.069043 0.470313 0.129883 0.16875 0.00466537
1 0.277539 0.389062 0.313672 0.451562 0.00395966
0 0.213721 0.646875 0.136621 0.220313 0.00382423
1 0.076001 0.635156 0.140576 0.1875 0.00379562
1 0.249609 0.864844 0.217187 0.253125 0.00276756
0 0.0769531 0.628125 0.142578 0.2 0.0026207
1 0.393066 0.901563 0.0654297 0.078125 0.00220871
0 0.0402832 0.347461 0.0786133 0.118359 0.00205803
1 0.238477 0.655078 0.178516 0.207031 0.00200272
0 0.373633 0.102051 0.194922 0.193164 0.00195694
0 0.0624023 0.338672 0.111523 0.121094 0.00191212
1 0.0594727 0.802344 0.111133 0.229687 0.00182438
1 0.862305 0.0775391 0.194141 0.147266 0.00165462
0 0.925 0.0010498 0.15 0.00209961 0.00141048
1 0.069043 0.470313 0.129883 0.16875 0.00132465
0 0.910547 0.000610352 0.178906 0.0012207 0.00112438
