0 0.512109 0.59375 0.757031 0.596875 0.813965
1 0.50459 0.591016 0.723633 0.610156 0.10376
0 0.403906 0.610254 0.526563 0.563867 0.0654907
0 0.485156 0.725 0.66875 0.31875 0.059967
0 0.0767578 0.760156 0.153516 0.473437 0.0158997
0 0.902344 0.308594 0.075 0.107031 0.0145569
0 0.270752 0.205078 0.27959 0.0550781 0.0144501
0 0.419531 0.763281 0.545313 0.33125 0.0118713
0 0.50791 0.449609 0.75293 0.683594 0.0110703
0 0.0705078 0.533594 0.134766 0.245312 0.0107803
0 0.0797852 0.721875 0.15957 0.55625 0.00796509
0 0.251367 0.128223 0.204688 0.0619141 0.00624084
1 0.403906 0.610254 0.526563 0.563867 0.00598145
0 0.0961914 0.939062 0.0865234 0.121875 0.00551224
0 0.275586 0.195264 0.259766 0.0454102 0.00473785
0 0.241016 0.116699 0.220313 0.0470703 0.00426483
1 0.485156 0.725 0.66875 0.31875 0.00424957
1 0.0767578 0.760156 0.153516 0.473437 0.00400543
0 0.0775879 0.791602 0.155176 0.416797 0.0037365
0 0.291406 0.236523 0.249219 0.109375 0.00366402
0 0.56875 0.218701 0.21875 0.216504 0.00344276
0 0.084668 0.703906 0.169336 0.246875 0.00338936
0 0.835938 0.860937 0.328125 0.25625 0.00332451
1 0.0797852 0.721875 0.15957 0.55625 0.00298119
0 0.490625 0.776563 0.68125 0.248437 0.00283432
0 0.578906 0.127832 0.357812 0.0521484 0.00233269
0 0.530859 0.671875 0.721094 0.432813 0.00231361
0 0.059668 0.508594 0.118945 0.19375 0.00219917
1 0.902344 0.308594 0.075 0.107031 0.00211525
0 0.0833008 0.649219 0.166602 0.242188 0.00203514
0 0.0786621 0.570703 0.157324 0.263281 0.00198746
0 0.816992 0.158691 0.159766 0.0869141 0.00196457
0 0.617969 0.213232 0.260938 0.204004 0.00192642
0 0.761719 0.072168 0.223438 0.144336 0.00183868
0 0.779688 0.909375 0.2 0.15 0.00175476
0 0.246094 0.380566 0.221484 0.231055 0.00168705
1 0.0705078 0.533594 0.134766 0.245312 0.00165462
0 0.100195 0.806641 0.0984375 0.386719 0.0014782
0 0.429297 0.928125 0.202344 0.09375 0.00144386
0 0.0657715 0.34668 0.131543 0.237891 0.00143814
0 0.0884766 0.948438 0.0800781 0.103125 0.0014267
0 0.533594 0.221484 0.185937 0.220313 0.00140476
1 0.0775879 0.791602 0.155176 0.416797 0.00136662
1 0.419531 0.763281 0.545313 0.33125 0.00136662
0 0.885938 0.30625 0.109375 0.0992187 0.0012846
1 0.270752 0.205078 0.27959 0.0550781 0.00127411
0 0.678125 0.209326 0.320312 0.193066 0.0012598
0 0.575781 0.120508 0.278125 0.0449219 0.00112915
0 0.266797 0.13877 0.180469 0.0826172 0.00109863
0 0.767969 0.0780273 0.201562 0.113672 0.00106525
0 0.876562 0.867188 0.2125 0.178125 0.00105667
0 0.764844 0.920313 0.159375 0.1375 0.00104809
1 0.0979492 0.815625 0.0935547 0.36875 0.00101185
1 0.084668 0.703906 0.169336 0.246875 0.00100422
0 0.087793 0.713281 0.172852 0.567187 0.811523
0 0.516406 0.497656 0.775 0.765625 0.689453
0 0.885156 0.858008 0.229687 0.283984 0.326904
1 0.513965 0.497754 0.779883 0.75918 0.295898
0 0.105762 0.0960938 0.0970703 0.190625 0.0665894
0 0.764844 0.0658691 0.20625 0.131152 0.0505066
1 0.884961 0.855859 0.230078 0.288281 0.036438
1 0.102637 0.0941406 0.105273 0.188281 0.0289307
0 0.304102 0.218359 0.1375 0.0574219 0.0280151
1 0.0884766 0.717188 0.176953 0.565625 0.0253754
0 0.27168 0.891797 0.222266 0.216406 0.0247955
0 0.503027 0.686719 0.75332 0.370313 0.0219421
0 0.104004 0.0541992 0.0884766 0.108398 0.0207214
0 0.0369141 0.911719 0.0738281 0.170312 0.0205688
0 0.714844 0.914062 0.0609375 0.128125 0.019455
0 0.657812 0.966406 0.129688 0.0578125 0.0171051
0 0.823438 0.540625 0.1625 0.675 0.0153656
0 0.225586 0.884375 0.133203 0.2125 0.0150146
0 0.307031 0.205469 0.1375 0.05625 0.0137939
0 0.803906 0.612891 0.201562 0.560156 0.0118713
0 0.823438 0.0561523 0.08125 0.112305 0.0110703
0 0.336914 0.892969 0.432422 0.214062 0.0108185
0 0.16582 0.959375 0.130078 0.06875 0.0101318
0 0.691797 0.914062 0.0992187 0.125 0.00985718
0 0.037207 0.90625 0.0654297 0.15625 0.00978088
0 0.0855469 0.666406 0.171094 0.278125 0.00898743
1 0.714844 0.914062 0.0609375 0.128125 0.008255
1 0.0369141 0.911719 0.0738281 0.170312 0.00809479
0 0.314063 0.224414 0.121094 0.0738281 0.00793457
0 0.384766 0.213086 0.108594 0.0972656 0.00754929
0 0.0430664 0.884375 0.0738281 0.123438 0.00658798
0 0.259717 0.183398 0.393848 0.179688 0.00638962
1 0.225586 0.884375 0.133203 0.2125 0.00624084
0 0.711719 0.9 0.0625 0.182812 0.00559998
0 0.310547 0.903906 0.621094 0.192188 0.00538635
1 0.30332 0.894531 0.535547 0.210938 0.00536346
0 0.859375 0.469531 0.078125 0.114844 0.00534439
0 0.0900147 0.735156 0.168799 0.379687 0.00530243
0 0.296484 0.153125 0.133594 0.0523437 0.00500107
0 0.671094 0.965625 0.13125 0.06875 0.00486755
1 0.764844 0.0658691 0.20625 0.131152 0.00486755
0 0.811719 0.0579102 0.110937 0.105273 0.0046463
1 0.037207 0.90625 0.0654297 0.15625 0.00426483
0 0.238477 0.23418 0.405078 0.120703 0.00416565
0 0.29375 0.144531 0.145313 0.0585938 0.00416565
0 0.0122559 0.907031 0.0245117 0.157813 0.00400543
0 0.658594 0.95625 0.132812 0.0609375 0.00400543
0 0.302734 0.232812 0.130469 0.0886719 0.00388527
0 0.0833008 0.624219 0.166602 0.246875 0.00382423
0 0.110937 0.0693359 0.0839844 0.138672 0.00378036
0 0.667969 0.901563 0.145313 0.0875 0.00359344
1 0.691797 0.914062 0.0992187 0.125 0.00356483
0 0.11123 0.108984 0.126758 0.217969 0.00324821
0 0.484375 0.760156 0.840625 0.30625 0.00312424
0 0.200732 0.878125 0.0954102 0.184375 0.00311089
0 0.184375 0.957031 0.143359 0.0859375 0.00302696
1 0.27168 0.891797 0.222266 0.216406 0.00293541
0 0.108984 0.591406 0.0806641 0.132812 0.00293541
0 0.829687 0.0633789 0.090625 0.126758 0.00291252
0 0.314844 0.199414 0.117969 0.0875 0.00290108
1 0.300781 0.892187 0.349219 0.215625 0.00290108
0 0.323828 0.233203 0.100781 0.0996094 0.00288963
1 0.184375 0.957031 0.143359 0.0859375 0.00277901
0 0.323047 0.708203 0.334375 0.299219 0.00270462
0 0.291797 0.141602 0.14375 0.0875 0.00270462
1 0.503027 0.686719 0.75332 0.370313 0.00268364
0 0.393652 0.9125 0.248633 0.16875 0.00259018
0 0.311914 0.197998 0.173047 0.0540039 0.00257111
0 0.860156 0.436719 0.0765625 0.140625 0.00256157
0 0.945312 0.75625 0.109375 0.0953125 0.00255013
0 0.845312 0.385938 0.084375 0.125 0.00253105
0 0.314453 0.141309 0.0960938 0.0873047 0.00253105
0 0.0889648 0.857813 0.140039 0.278125 0.00243378
0 0.249609 0.891406 0.0828125 0.201562 0.0024147
0 0.317187 0.579785 0.371875 0.526367 0.00229645
0 0.113379 0.6125 0.0888672 0.128125 0.00226974
0 0.106079 0.08125 0.097998 0.109375 0.00223351
1 0.238477 0.23418 0.405078 0.120703 0.00223351
0 0.303516 0.162109 0.149219 0.0414063 0.00217438
1 0.276172 0.185205 0.438281 0.177246 0.00209045
1 0.0122559 0.907031 0.0245117 0.157813 0.00209045
0 0.744922 0.0693848 0.250781 0.13877 0.0020752
0 0.770312 0.621484 0.26875 0.508594 0.00205803
0 0.129517 0.139746 0.163623 0.231836 0.00202751
0 0.687109 0.957812 0.10625 0.084375 0.00201988
0 0.287109 0.524219 0.317969 0.554688 0.00189686
0 0.848437 0.411035 0.096875 0.120117 0.00188255
0 0.252148 0.236133 0.239453 0.116016 0.00188255
0 0.776563 0.934375 0.0890625 0.13125 0.00178242
0 0.839063 0.365039 0.096875 0.133984 0.00175476
1 0.667969 0.901563 0.145313 0.0875 0.00174141
0 0.121094 0.640625 0.0792969 0.135937 0.00171375
1 0.200732 0.878125 0.0954102 0.184375 0.00168705
0 0.346875 0.190039 0.59375 0.177734 0.00165462
0 0.166211 0.945312 0.137891 0.0609375 0.00162315
1 0.0855469 0.666406 0.171094 0.278125 0.00161076
0 0.102539 0.575781 0.0980469 0.142188 0.00157356
0 0.673437 0.15293 0.148438 0.0496094 0.00156116
0 0.359766 0.7375 0.382031 0.245312 0.00151253
0 0.941406 0.625781 0.0828125 0.153125 0.00150108
0 0.914062 0.894531 0.084375 0.08125 0.00148964
0 0.0849609 0.723437 0.169922 0.55 0.00146103
0 0.249219 0.889063 0.11875 0.201562 0.00146103
0 0.723437 0.914844 0.05625 0.148438 0.00143242
0 0.851562 0.458203 0.1 0.107813 0.00143242
0 0.0922852 0.553125 0.105273 0.149219 0.00142097
0 0.860937 0.486719 0.0875 0.117188 0.00142097
0 0.0256348 0.212158 0.0512695 0.236621 0.00140476
0 0.673437 0.926562 0.11875 0.146875 0.00137806
0 0.613281 0.940625 0.223438 0.115625 0.00137806
0 0.0725098 0.225 0.0842773 0.0828125 0.00137234
0 0.400391 0.574609 0.530469 0.569531 0.00132465
0 0.275195 0.236719 0.136719 0.0929687 0.00132465
0 0.099707 0.131543 0.105664 0.108789 0.00128937
0 0.662891 0.920313 0.151562 0.128125 0.00127411
0 0.855469 0.4125 0.0828125 0.154687 0.00123978
0 0.36875 0.216797 0.132812 0.108203 0.00122547
1 0.252148 0.236133 0.239453 0.116016 0.00121117
0 0.654297 0.141309 0.155469 0.05 0.00120163
0 0.0996094 0.13584 0.123047 0.218555 0.0011425
1 0.291797 0.141602 0.14375 0.0875 0.0011425
1 0.249609 0.891406 0.0828125 0.201562 0.00112438
0 0.474219 0.95 0.10625 0.096875 0.00112438
0 0.947656 0.941016 0.096875 0.117969 0.00110722
0 0.948438 0.594141 0.090625 0.226562 0.00109863
1 0.387402 0.222607 0.14082 0.108691 0.00109005
0 0.428027 0.728906 0.525195 0.275 0.00107765
0 0.387402 0.222607 0.14082 0.108691 0.00106049
0 0.65 0.9125 0.176563 0.1 0.00103664
0 0.803125 0.00566406 0.19375 0.0113281 0.00102806
0 0.248242 0.926562 0.0769531 0.139062 0.00102425
1 0.223633 0.17207 0.335547 0.187109 0.00100422
1 0.314453 0.141309 0.0960938 0.0873047 0.00100422
0 0.507031 0.498437 0.770312 0.759375 0.841309
0 0.759766 0.0725586 0.210156 0.141992 0.106689
0 0.0881836 0.698828 0.168945 0.602344 0.0713501
1 0.508691 0.506152 0.776367 0.75957 0.055603
1 0.759766 0.0725586 0.210156 0.141992 0.0287628
1 0.0883789 0.703125 0.174023 0.59375 0.0239563
0 0.12002 0.100366 0.160352 0.190283 0.0131226
0 0.732813 0.909375 0.0984375 0.128125 0.00619125
1 0.12002 0.100366 0.160352 0.190283 0.00431442
0 0.778906 0.0621094 0.175 0.120898 0.00257111
1 0.732813 0.909375 0.0984375 0.128125 0.00185299
0 0.0861816 0.736719 0.172363 0.307813 0.0017004
0 0.404004 0.00419922 0.45918 0.00839844 0.00154305
1 0.778906 0.0621094 0.175 0.120898 0.00131512
0 0.814062 0.00378418 0.3625 0.00756836 0.00122547
0 0.346094 0.0027832 0.265625 0.00556641 0.00119686
0 0.30957 0.0045166 0.444922 0.0090332 0.00118828
0 0.144141 0.00402832 0.288281 0.00805664 0.00109482
0 0.296289 0.00280762 0.264453 0.00561523 0.00109005
0 0.396191 0.0027832 0.26543 0.00556641 0.00104046
0 0.508984 0.49375 0.769531 0.767187 0.827637
0 0.0749512 0.638281 0.149902 0.445312 0.182983
1 0.509375 0.496484 0.757812 0.771094 0.0692749
0 0.758984 0.0711426 0.222656 0.141309 0.0607605
0 0.081665 0.692187 0.16167 0.564062 0.0397949
1 0.758984 0.0711426 0.222656 0.141309 0.0188293
1 0.0810547 0.6625 0.162109 0.509375 0.0166626
0 0.554688 0.908594 0.171094 0.0484375 0.00195694
0 0.348437 0.454004 0.455469 0.62168 0.0017004
0 0.0773437 0.582812 0.154687 0.335938 0.00167465
0 0.244922 0.143555 0.416406 0.287109 0.00167465
1 0.0710449 0.612891 0.14209 0.408594 0.00158501
0 0.867969 0.842969 0.226562 0.273438 0.0014782
0 0.291797 0.203564 0.5125 0.396777 0.00123978
1 0.0839844 0.667188 0.166992 0.307813 0.00113773
0 0.0839844 0.667188 0.166992 0.307813 0.0011158
0 0.507422 0.506934 0.766406 0.74082 0.817383
0 0.090625 0.698828 0.164844 0.586719 0.49707
1 0.511035 0.499316 0.760742 0.766992 0.182373
1 0.090625 0.698828 0.164844 0.586719 0.128052
0 0.107129 0.087793 0.10293 0.175586 0.112
0 0.751562 0.0673828 0.251563 0.134766 0.0631104
1 0.107129 0.087793 0.10293 0.175586 0.0185852
0 0.715625 0.907812 0.053125 0.115625 0.0121918
0 0.027002 0.204492 0.0522461 0.237109 0.00484848
0 0.0287109 0.17002 0.0572266 0.172461 0.00314713
1 0.750391 0.0697266 0.255469 0.135547 0.00279045
1 0.715625 0.907812 0.053125 0.115625 0.00279045
0 0.0230469 0.207227 0.0460938 0.382422 0.00226974
0 0.890625 0.305469 0.090625 0.0960938 0.00156689
1 0.027002 0.204492 0.0522461 0.237109 0.00129414
0 0.511621 0.496094 0.775195 0.76875 0.818359
1 0.5125 0.494434 0.79375 0.77207 0.248657
0 0.0892578 0.706641 0.178516 0.571094 0.190674
1 0.0886719 0.707031 0.177344 0.567187 0.132568
0 0.896875 0.305664 0.0625 0.111719 0.0226288
0 0.0955078 0.717578 0.148438 0.363281 0.00751877
0 0.911719 0.291992 0.046875 0.144531 0.00471878
0 0.289893 0.889844 0.250684 0.210938 0.00448608
0 0.762891 0.0745117 0.225781 0.148047 0.00446701
0 0.90625 0.300195 0.065625 0.120703 0.00345612
0 0.7125 0.894531 0.053125 0.190625 0.00340271
1 0.0955078 0.717578 0.148438 0.363281 0.00331116
0 0.830469 0.860156 0.304688 0.273438 0.00327301
0 0.835156 0.797656 0.315625 0.404687 0.00228691
0 0.714844 0.889063 0.053125 0.134375 0.00191212
1 0.896094 0.297656 0.0671875 0.127344 0.00127411
1 0.289893 0.889844 0.250684 0.210938 0.00115108
1 0.762891 0.0745117 0.225781 0.148047 0.00109863
0 0.370898 0.209375 0.0902344 0.0941406 0.00109005
0 0.512891 0.506641 0.785156 0.752344 0.865234
1 0.516797 0.507812 0.791406 0.760938 0.0517578
0 0.0878906 0.705078 0.169531 0.572656 0.0459595
0 0.750781 0.0668457 0.226562 0.133691 0.02948
1 0.0886719 0.701953 0.168945 0.571094 0.0252686
0 0.870117 0.827734 0.256641 0.344531 0.00527954
0 0.0853516 0.7 0.170703 0.276563 0.00369263
1 0.750781 0.0668457 0.226562 0.133691 0.00176144
0 0.600781 0.214648 0.303125 0.196484 0.00173378
0 0.428516 0.339648 0.315625 0.197266 0.00139904
0 0.0830322 0.592188 0.156982 0.339063 0.00124454
0 0.608594 0.181641 0.304688 0.134375 0.00112057
0 0.319141 0.8875 0.422656 0.225 0.00109005
0 0.720312 0.894531 0.046875 0.198437 0.00102806
0 0.508984 0.499902 0.775781 0.783008 0.742188
0 0.0848633 0.701953 0.169727 0.580469 0.42334
1 0.507422 0.497266 0.788281 0.771094 0.157104
1 0.0861328 0.698047 0.170898 0.591406 0.101257
0 0.750391 0.0674316 0.232031 0.134863 0.0539856
0 0.0869385 0.720312 0.168701 0.3 0.00605011
1 0.750391 0.0674316 0.232031 0.134863 0.00286674
0 0.869531 0.841992 0.254687 0.316016 0.00177479
0 0.620703 0.223047 0.328906 0.211719 0.00168133
0 0.511328 0.500391 0.761719 0.786719 0.841309
0 0.0906494 0.690625 0.172607 0.598437 0.230957
1 0.517969 0.5 0.776563 0.778125 0.0498657
1 0.0906494 0.690625 0.172607 0.598437 0.0490417
0 0.75625 0.0705078 0.215625 0.138672 0.0210114
0 0.883594 0.863281 0.221875 0.273438 0.0137405
0 0.126855 0.0957031 0.152148 0.189844 0.00492477
1 0.75625 0.0705078 0.215625 0.138672 0.00199509
0 0.738281 0.90625 0.0875 0.146875 0.00109005
0 0.724609 0.0768555 0.314844 0.153711 0.00100803
0 0.511621 0.494531 0.77207 0.767187 0.875
0 0.0878906 0.704687 0.171875 0.565625 0.182983
1 0.087207 0.704687 0.172852 0.5625 0.0534973
1 0.512598 0.49541 0.776367 0.781055 0.0195618
0 0.84375 0.849805 0.296875 0.291016 0.00626373
0 0.751953 0.0672852 0.235156 0.133398 0.00119686
0 0.511328 0.500391 0.761719 0.786719 0.841309
0 0.0906494 0.690625 0.172607 0.598437 0.230957
1 0.517969 0.5 0.776563 0.778125 0.0501404
1 0.0906494 0.690625 0.172607 0.598437 0.0490417
0 0.75625 0.0705078 0.215625 0.138672 0.0209198
0 0.883594 0.863281 0.221875 0.273438 0.0136337
0 0.126953 0.0957031 0.152344 0.189844 0.0049057
1 0.75625 0.0705078 0.215625 0.138672 0.00198746
0 0.738281 0.90625 0.0875 0.146875 0.00109005
0 0.724609 0.0768555 0.314844 0.153711 0.00100803
