0 0.495313 0.653809 0.884375 0.692383 0.876465
0 0.479688 0.742969 0.804688 0.507812 0.193115
0 0.344531 0.821094 0.539062 0.339063 0.134766
0 0.407813 0.790625 0.6625 0.403125 0.0706787
0 0.49375 0.4875 0.889063 0.809375 0.0638428
0 0.290234 0.77832 0.442969 0.421484 0.0265503
1 0.504687 0.65625 0.865625 0.6875 0.00352478
0 0.398828 0.860937 0.636719 0.257812 0.00301552
0 0.485156 0.829687 0.840625 0.320312 0.00282288
0 0.349023 0.739062 0.566797 0.514063 0.00200272
1 0.337305 0.796875 0.533984 0.392188 0.00119209
1 0.507812 0.539453 0.859375 0.921094 0.591797
0 0.515234 0.539844 0.896094 0.920313 0.495117
0 0.508594 0.84375 0.814062 0.3125 0.0492249
1 0.508594 0.84375 0.814062 0.3125 0.0412292
0 0.666016 0.241602 0.128906 0.0597656 0.0162201
0 0.876562 0.660547 0.15625 0.678906 0.0117798
0 0.872656 0.351367 0.0828125 0.125391 0.0109024
0 0.903906 0.178125 0.170312 0.323047 0.00993347
0 0.425391 0.483594 0.0976562 0.103125 0.00837708
0 0.910937 0.537109 0.0734375 0.122656 0.00815582
0 0.928906 0.654688 0.0640625 0.126563 0.00812531
0 0.864062 0.338672 0.103125 0.130469 0.00812531
1 0.510938 0.719141 0.864062 0.549219 0.0078125
0 0.410547 0.829883 0.573438 0.340234 0.0077858
0 0.0938477 0.896875 0.171289 0.20625 0.0068779
0 0.682031 0.254687 0.121875 0.0933594 0.0064621
0 0.510938 0.719141 0.864062 0.549219 0.00595856
1 0.425781 0.834375 0.60625 0.325 0.00527954
0 0.836719 0.678906 0.232812 0.642187 0.00516129
0 0.907812 0.523828 0.090625 0.120312 0.0051384
1 0.876562 0.660547 0.15625 0.678906 0.0046463
0 0.658594 0.228711 0.135156 0.0503906 0.00432968
0 0.89375 0.607129 0.121875 0.770117 0.00416565
0 0.275586 0.850781 0.319922 0.292188 0.00341606
0 0.929688 0.676953 0.065625 0.134375 0.00338936
0 0.265186 0.796875 0.342285 0.379687 0.00314713
1 0.836719 0.678906 0.232812 0.642187 0.00300407
1 0.357031 0.85293 0.471094 0.294141 0.00294685
0 0.759375 0.357422 0.08125 0.128906 0.00293541
0 0.928125 0.633203 0.071875 0.194531 0.00284576
1 0.0938477 0.896875 0.171289 0.20625 0.00275803
0 0.481641 0.288281 0.160938 0.0414063 0.00273705
0 0.90625 0.503125 0.08125 0.135937 0.00269318
0 0.885938 0.42334 0.0875 0.12207 0.00243378
0 0.475781 0.280273 0.150781 0.0472656 0.00226974
1 0.903906 0.178125 0.170312 0.323047 0.00224304
0 0.854688 0.867188 0.0875 0.128125 0.00222588
0 0.898438 0.475391 0.08125 0.136719 0.00208282
0 0.876562 0.345117 0.078125 0.179297 0.00192642
0 0.815625 0.750781 0.279687 0.492188 0.00189686
0 0.903125 0.545703 0.1 0.107813 0.00183105
0 0.672656 0.265625 0.11875 0.0851562 0.00182438
0 0.354688 0.251563 0.0929687 0.0953125 0.00179577
0 0.313477 0.825781 0.394141 0.345313 0.00178242
0 0.875 0.407813 0.107813 0.121094 0.0017271
0 0.370313 0.535937 0.599219 0.907812 0.00167465
0 0.875781 0.373828 0.0953125 0.127344 0.0016489
0 0.296484 0.254492 0.078125 0.117578 0.0016489
0 0.211719 0.565625 0.105078 0.1 0.00163555
0 0.839063 0.251172 0.096875 0.151562 0.00162888
0 0.469531 0.120117 0.139062 0.0660156 0.00162888
0 0.4375 0.404687 0.109375 0.0984375 0.00160408
0 0.769531 0.165625 0.1375 0.0820312 0.0015974
0 0.884375 0.400684 0.0796875 0.137695 0.00158501
0 0.427344 0.454688 0.105469 0.078125 0.00151253
0 0.66875 0.190039 0.176563 0.0429688 0.00145531
1 0.275586 0.850781 0.319922 0.292188 0.00139904
0 0.799219 0.344922 0.254687 0.521094 0.00127411
0 0.607031 0.118652 0.153125 0.0472656 0.00126457
0 0.0853516 0.864258 0.149609 0.258984 0.0012598
1 0.371484 0.795313 0.530469 0.392188 0.00124454
0 0.911719 0.516016 0.0734375 0.201562 0.0012207
1 0.89375 0.607129 0.121875 0.770117 0.00121117
0 0.8625 0.317969 0.0921875 0.14375 0.00118828
1 0.473535 0.771484 0.756055 0.433594 0.00118828
0 0.473535 0.771484 0.756055 0.433594 0.0011692
0 0.769531 0.140527 0.135937 0.0517578 0.0011692
0 0.828125 0.227783 0.096875 0.149902 0.00112915
0 0.864062 0.355664 0.115625 0.126953 0.00109005
0 0.85 0.285937 0.103125 0.13125 0.00104427
0 0.782812 0.167578 0.110937 0.105469 0.00102806
1 0.49375 0.538281 0.853125 0.921875 0.864258
0 0.505078 0.537891 0.874219 0.914844 0.0375977
0 0.890625 0.0048584 0.21875 0.0097168 0.00195694
0 0.149707 0.00512695 0.299414 0.0102539 0.00165462
0 0.600391 0.00491943 0.472656 0.00983887 0.00109863
0 0.509375 0.5375 0.876562 0.925 0.851562
1 0.507812 0.531641 0.875 0.936719 0.0690308
0 0.514063 0.532031 0.875 0.907812 0.79834
1 0.509375 0.522266 0.85625 0.905469 0.351318
1 0.507031 0.523828 0.857813 0.924219 0.819824
0 0.503516 0.533203 0.861719 0.933594 0.173828
0 0.5125 0.529688 0.88125 0.940625 0.795898
1 0.512109 0.532031 0.882031 0.935938 0.125488
0 0.520312 0.0516602 0.0359375 0.0982422 0.00122547
0 0.510938 0.534766 0.88125 0.921094 0.575684
1 0.503906 0.528125 0.864062 0.921875 0.474609
0 0.525781 0.532031 0.885938 0.935938 0.680664
1 0.517187 0.535156 0.873438 0.929688 0.238647
1 0.508594 0.530859 0.865625 0.916406 0.495117
0 0.510156 0.532812 0.871875 0.921875 0.493164
0 0.517969 0.532031 0.867188 0.935938 0.680664
1 0.517187 0.535547 0.871875 0.928906 0.240723
