0 0.489941 0.648535 0.43418 0.670117 0.70752
0 0.777344 0.494531 0.203125 0.203125 0.168823
0 0.14668 0.738672 0.273828 0.496094 0.166626
1 0.490723 0.649121 0.43418 0.658008 0.107971
0 0.734375 0.354492 0.10625 0.168359 0.107788
0 0.790625 0.570312 0.223438 0.35625 0.0932007
0 0.749609 0.490625 0.135156 0.2 0.0786133
0 0.338477 0.95 0.151172 0.096875 0.0772095
0 0.173828 0.723437 0.170703 0.521875 0.0586548
0 0.732813 0.328906 0.114063 0.142188 0.0531921
0 0.837695 0.150781 0.324609 0.257812 0.0512695
1 0.734375 0.354492 0.10625 0.168359 0.0462036
0 0.666406 0.254297 0.078125 0.508594 0.0432129
0 0.140039 0.811719 0.264844 0.353125 0.0426331
0 0.889844 0.349023 0.220313 0.331641 0.041626
0 0.107422 0.829492 0.193359 0.312891 0.0409241
0 0.734375 0.374414 0.114063 0.257422 0.037323
0 0.827344 0.336719 0.0875 0.229687 0.0360718
0 0.347266 0.663281 0.133594 0.257812 0.0337219
1 0.14668 0.738672 0.273828 0.496094 0.0334778
0 0.882812 0.697266 0.0984375 0.228906 0.0309143
0 0.322461 0.948047 0.180859 0.103906 0.0274811
0 0.792188 0.644531 0.209375 0.509375 0.0273285
0 0.941406 0.301172 0.117188 0.225781 0.025177
0 0.192383 0.603906 0.141797 0.254687 0.0242767
0 0.769141 0.422656 0.183594 0.0515625 0.0240936
0 0.86875 0.696875 0.075 0.25625 0.0236053
0 0.917969 0.553125 0.0671875 0.090625 0.0235138
0 0.0924805 0.874219 0.184961 0.239063 0.022934
1 0.77832 0.485156 0.202734 0.192188 0.0222931
0 0.603125 0.425 0.1375 0.205469 0.0215302
0 0.485938 0.763281 0.422656 0.440625 0.0210876
0 0.969531 0.514063 0.0609375 0.215625 0.0210114
0 0.471094 0.440527 0.1625 0.239258 0.0205231
1 0.666406 0.258789 0.078125 0.517578 0.0204163
0 0.841406 0.347852 0.109375 0.231641 0.0201721
0 0.322266 0.475098 0.140625 0.238867 0.0196381
0 0.675781 0.89375 0.0859375 0.2125 0.0195007
0 0.774219 0.446875 0.190625 0.0960938 0.0183716
0 0.925 0.424121 0.053125 0.223633 0.0175781
1 0.337305 0.94375 0.151953 0.0828125 0.0175781
0 0.43291 0.241797 0.285742 0.208984 0.0173035
0 0.871875 0.320508 0.18125 0.267578 0.0147324
0 0.846875 0.577344 0.125 0.090625 0.0146179
0 0.914844 0.692969 0.170312 0.229687 0.014389
0 0.345898 0.713281 0.140234 0.41875 0.014061
0 0.975 0.778906 0.05 0.442187 0.0138474
0 0.820312 0.33457 0.075 0.182422 0.0136337
0 0.758594 0.391797 0.15625 0.227344 0.0132217
0 0.299219 0.475781 0.101562 0.235938 0.0131226
1 0.322461 0.948047 0.180859 0.103906 0.0129242
0 0.770312 0.666016 0.125 0.200781 0.0116882
0 0.673437 0.187695 0.0679687 0.375391 0.0115967
0 0.769531 0.810156 0.359375 0.354688 0.0113297
1 0.750781 0.500781 0.135937 0.204688 0.0110703
0 0.944531 0.308203 0.110937 0.250781 0.0110703
0 0.744531 0.361719 0.140625 0.195312 0.0110321
1 0.734375 0.374414 0.114063 0.257422 0.0108185
1 0.32793 0.95 0.158203 0.1 0.00933838
1 0.827344 0.336719 0.0875 0.229687 0.00891876
0 0.979688 0.834375 0.040625 0.33125 0.0088501
0 0.669141 0.905469 0.0796875 0.189063 0.00878143
0 0.0890625 0.798437 0.16582 0.38125 0.00878143
0 0.914062 0.561328 0.0625 0.119531 0.00874329
1 0.790625 0.570312 0.223438 0.35625 0.0086441
0 0.124707 0.373437 0.249414 0.488281 0.0078125
0 0.764063 0.405078 0.175 0.0796875 0.00760651
1 0.0924805 0.874219 0.184961 0.239063 0.0069046
0 0.580469 0.113647 0.15 0.122314 0.0068512
1 0.96875 0.520312 0.0625 0.208594 0.0068512
0 0.896875 0.094043 0.190625 0.174805 0.00679779
1 0.925 0.424121 0.053125 0.223633 0.00656509
1 0.107422 0.829492 0.193359 0.312891 0.0064888
1 0.140039 0.811719 0.264844 0.353125 0.0064621
0 0.779688 0.465234 0.19375 0.135156 0.00636292
0 0.960938 0.689453 0.071875 0.349219 0.00619125
0 0.341602 0.626562 0.140234 0.173438 0.00619125
0 0.646094 0.561328 0.129688 0.260156 0.00612259
1 0.882812 0.697266 0.0984375 0.228906 0.00605011
0 0.814844 0.190283 0.210938 0.138965 0.00602722
0 0.96875 0.514453 0.0625 0.216406 0.00602722
0 0.926562 0.402344 0.05 0.124219 0.00602722
1 0.673437 0.187695 0.0679687 0.375391 0.00551224
0 0.747656 0.440625 0.145313 0.35625 0.00538635
1 0.86875 0.696875 0.075 0.25625 0.00526047
0 0.180518 0.604688 0.164746 0.34375 0.0050621
1 0.732813 0.328906 0.114063 0.142188 0.00496292
0 0.124707 0.523828 0.249414 0.669531 0.00475693
1 0.342187 0.647656 0.14375 0.215625 0.00475693
0 0.807031 0.177539 0.221875 0.201562 0.00471878
0 0.125195 0.325391 0.250391 0.5 0.00448608
0 0.219727 0.846875 0.16875 0.171875 0.00443268
0 0.814062 0.769141 0.275 0.430469 0.00443268
1 0.841406 0.347852 0.109375 0.231641 0.00439835
0 0.926562 0.339063 0.0578125 0.375 0.00438309
1 0.173828 0.723437 0.170703 0.521875 0.00434875
1 0.603125 0.425 0.1375 0.205469 0.00429916
1 0.895312 0.363477 0.209375 0.365234 0.00428009
0 0.935938 0.696875 0.115625 0.248437 0.00421524
0 0.8375 0.566406 0.1375 0.107813 0.00411606
1 0.675781 0.89375 0.0859375 0.2125 0.00402451
0 0.333594 0.93125 0.150781 0.065625 0.00391388
0 0.344141 0.470996 0.103906 0.250195 0.00388527
0 0.914062 0.240625 0.109375 0.0992187 0.00382423
1 0.322266 0.475098 0.140625 0.238867 0.00366402
0 0.952344 0.519922 0.0953125 0.632031 0.00362206
0 0.788281 0.483594 0.214062 0.139062 0.00351143
0 0.737109 0.317969 0.102344 0.0765625 0.00351143
1 0.975 0.780469 0.05 0.439063 0.00348282
0 0.972656 0.816406 0.0546875 0.367188 0.00344276
0 0.644531 0.155859 0.084375 0.311719 0.00335121
1 0.917969 0.553125 0.0671875 0.090625 0.00331116
0 0.95625 0.696484 0.084375 0.269531 0.00328636
0 0.584375 0.410059 0.104687 0.18457 0.00324821
0 0.657812 0.168945 0.078125 0.337891 0.00323486
0 0.908594 0.232422 0.0765625 0.0898438 0.00312424
1 0.34668 0.683594 0.137891 0.315625 0.00311089
0 0.919922 0.567285 0.160156 0.63418 0.00309944
0 0.706641 0.769531 0.478906 0.43125 0.00305176
1 0.914844 0.692969 0.170312 0.229687 0.00301552
1 0.837695 0.150781 0.324609 0.257812 0.00294685
1 0.94375 0.301953 0.1125 0.227344 0.00293541
1 0.299219 0.475781 0.101562 0.235938 0.00292397
0 0.499219 0.736719 0.210938 0.214062 0.00290108
1 0.744531 0.361719 0.140625 0.195312 0.00282288
0 0.331641 0.919531 0.15625 0.0453125 0.00279045
1 0.770312 0.666016 0.125 0.200781 0.00270462
0 0.98125 0.817187 0.0375 0.326562 0.00264168
1 0.820312 0.33457 0.075 0.182422 0.00264168
0 0.770312 0.179883 0.353125 0.334766 0.00263214
1 0.792188 0.644531 0.209375 0.509375 0.00261116
1 0.846875 0.577344 0.125 0.090625 0.00260162
0 0.904688 0.239844 0.059375 0.103125 0.00259018
0 0.59375 0.0998047 0.189063 0.146875 0.00259018
0 0.6375 0.387891 0.040625 0.104687 0.0024929
0 0.8375 0.5875 0.128125 0.0835937 0.00248146
0 0.366992 0.813281 0.187891 0.215625 0.00245285
0 0.871875 0.7875 0.16875 0.176563 0.00244331
1 0.758594 0.391797 0.15625 0.227344 0.00240517
1 0.669141 0.905469 0.0796875 0.189063 0.00237846
0 0.0860352 0.775 0.17207 0.260938 0.00235939
0 0.280859 0.149121 0.214062 0.143555 0.00234985
0 0.914062 0.720312 0.171875 0.41875 0.00234985
1 0.646875 0.584766 0.13125 0.257812 0.00228691
0 0.884375 0.0791992 0.146875 0.154883 0.00225258
1 0.191797 0.596875 0.141406 0.251563 0.00225258
0 0.902734 0.442187 0.194531 0.526563 0.00221634
0 0.817187 0.182617 0.225 0.0855469 0.00219917
0 0.903125 0.45166 0.05 0.29043 0.00217438
0 0.663672 0.15752 0.0726563 0.106836 0.00215721
1 0.342578 0.707031 0.141406 0.495313 0.00213242
0 0.552344 0.114453 0.1 0.110937 0.00211525
0 0.642187 0.19082 0.15 0.333984 0.00203514
0 0.907812 0.760156 0.16875 0.435937 0.00195694
0 0.925 0.424219 0.05 0.127344 0.00194931
1 0.960938 0.689453 0.071875 0.349219 0.00194931
0 0.889063 0.824219 0.140625 0.232812 0.00192642
1 0.774219 0.446875 0.190625 0.0960938 0.00192642
0 0.134277 0.655469 0.258008 0.660937 0.00191212
0 0.364258 0.764453 0.173047 0.313281 0.00190449
0 0.671094 0.951563 0.0921875 0.09375 0.00185299
0 0.359961 0.0939453 0.270703 0.0955078 0.00184631
0 0.462891 0.341797 0.248437 0.0386719 0.00183105
0 0.851562 0.117773 0.296875 0.224219 0.00179577
0 0.332031 0.664941 0.115625 0.66543 0.00176811
0 0.646875 0.603516 0.135937 0.267969 0.00176144
0 0.680469 0.9 0.110937 0.2 0.00170708
1 0.580469 0.113647 0.15 0.122314 0.0016613
0 0.502344 0.234717 0.334375 0.198535 0.0016613
1 0.979688 0.834375 0.040625 0.33125 0.00163555
0 0.972266 0.508984 0.0554687 0.196094 0.00162315
0 0.975 0.487109 0.05 0.129688 0.00162315
1 0.914062 0.561328 0.0625 0.119531 0.00161648
0 0.266797 0.523438 0.0757812 0.117188 0.00160408
0 0.396191 0.251953 0.223242 0.225781 0.00159168
0 0.902344 0.551562 0.0984375 0.0859375 0.00157356
1 0.485938 0.763281 0.422656 0.440625 0.00156689
0 0.474219 0.234424 0.213281 0.206934 0.00156116
0 0.900781 0.705078 0.198437 0.478906 0.00155449
0 0.870313 0.453125 0.090625 0.115625 0.00153065
0 0.313281 0.692187 0.0800781 0.615625 0.00153065
0 0.644141 0.0932617 0.084375 0.176758 0.00153065
0 0.347266 0.602734 0.126563 0.183594 0.00152493
1 0.904688 0.0981445 0.190625 0.181836 0.00152493
0 0.333203 0.119629 0.34375 0.179492 0.00151253
1 0.769141 0.422656 0.183594 0.0515625 0.00151253
0 0.853906 0.635156 0.114063 0.23125 0.0014782
0 0.810938 0.483594 0.1625 0.167187 0.00144958
0 0.829687 0.299219 0.071875 0.116406 0.00142097
1 0.471094 0.440527 0.1625 0.239258 0.00141621
1 0.935938 0.696875 0.115625 0.248437 0.00141621
1 0.124707 0.373437 0.249414 0.488281 0.00140476
0 0.961719 0.741797 0.0765625 0.0992187 0.00137806
1 0.0890625 0.798437 0.16582 0.38125 0.00137234
0 0.629297 0.580469 0.163281 0.253125 0.00134563
0 0.870313 0.689062 0.065625 0.15 0.00134563
0 0.358594 0.939453 0.29375 0.121094 0.00126934
0 0.77832 0.182031 0.152734 0.208984 0.00126457
1 0.971094 0.508203 0.0578125 0.19375 0.00121593
1 0.764063 0.405078 0.175 0.0796875 0.00120163
1 0.926562 0.339063 0.0578125 0.375 0.00120163
1 0.219727 0.846875 0.16875 0.171875 0.00120163
0 0.919531 0.314844 0.160938 0.261719 0.00120163
0 0.840625 0.362695 0.123438 0.312109 0.00119686
0 0.369336 0.078418 0.250391 0.0886719 0.00119209
0 0.942187 0.545313 0.115625 0.157813 0.00112057
1 0.813281 0.208154 0.214062 0.125098 0.0011158
0 0.619531 0.394531 0.0859375 0.122656 0.00110722
0 0.806055 0.325977 0.150391 0.217578 0.00109863
1 0.644531 0.155859 0.084375 0.311719 0.00108624
0 0.625 0.521094 0.15625 0.235938 0.00108147
1 0.779688 0.465234 0.19375 0.135156 0.00108147
0 0.0966797 0.921875 0.188672 0.14375 0.00106049
0 0.94375 0.346045 0.0921875 0.35791 0.00105667
0 0.627344 0.389453 0.0625 0.0859375 0.00104809
0 0.283984 0.170703 0.178125 0.105078 0.00104427
0 0.326172 0.443359 0.128125 0.157031 0.00104427
1 0.344141 0.470996 0.103906 0.250195 0.00101662
0 0.820312 0.396484 0.075 0.110937 0.00101185
0 0.492188 0.658203 0.4375 0.671094 0.695801
0 0.814844 0.142969 0.210938 0.260547 0.688477
0 0.384766 0.654688 0.649219 0.690625 0.672363
0 0.480078 0.285742 0.398438 0.282422 0.544922
0 0.917188 0.795508 0.165625 0.402734 0.490234
0 0.828125 0.536328 0.145313 0.169531 0.484375
0 0.89375 0.348633 0.2125 0.319922 0.472656
0 0.792969 0.168359 0.165625 0.214453 0.443604
0 0.85625 0.126367 0.1625 0.241016 0.443604
0 0.308594 0.738672 0.5375 0.405469 0.361084
0 0.164844 0.752344 0.321484 0.478125 0.358398
0 0.474609 0.397266 0.40625 0.401563 0.342529
0 0.807813 0.511719 0.190625 0.20625 0.314941
0 0.844531 0.85 0.257812 0.279687 0.311523
0 0.650781 0.114844 0.096875 0.219922 0.266602
0 0.153906 0.291797 0.263281 0.441406 0.259033
0 0.449219 0.457031 0.454688 0.273438 0.229492
0 0.85625 0.794531 0.273438 0.396875 0.221313
0 0.3375 0.950781 0.178125 0.0984375 0.214722
0 0.358789 0.453516 0.641797 0.277344 0.211426
0 0.655859 0.171484 0.0953125 0.332031 0.209473
0 0.243018 0.728516 0.382715 0.400781 0.184204
0 0.353711 0.531641 0.658203 0.413281 0.176636
0 0.646875 0.0828613 0.096875 0.165723 0.175537
0 0.413281 0.371484 0.532031 0.428906 0.167236
0 0.839063 0.580859 0.125 0.071875 0.141235
0 0.364258 0.6125 0.0871094 0.119531 0.126831
0 0.665625 0.167676 0.075 0.148242 0.119995
0 0.570312 0.671875 0.271875 0.65625 0.110107
0 0.275781 0.950781 0.458594 0.0984375 0.108948
1 0.488672 0.66084 0.438281 0.67832 0.107422
0 0.546875 0.0521973 0.075 0.0991211 0.105591
0 0.744531 0.337695 0.08125 0.126953 0.105591
0 0.546875 0.0730469 0.078125 0.146094 0.10376
0 0.83418 0.559375 0.137891 0.160938 0.0984497
0 0.685156 0.913281 0.104687 0.165625 0.0859985
1 0.894531 0.351953 0.210938 0.33125 0.0808105
0 0.664844 0.18457 0.0726563 0.2625 0.0794678
1 0.403125 0.656641 0.6125 0.686719 0.0793457
0 0.817383 0.8 0.180859 0.38125 0.0723877
0 0.934375 0.277734 0.13125 0.178125 0.0680542
0 0.124414 0.860742 0.248828 0.278516 0.0669556
0 0.263281 0.822656 0.485156 0.354688 0.0618896
0 0.620313 0.0904297 0.167187 0.175391 0.0616455
0 0.338281 0.683594 0.146094 0.270312 0.0566406
0 0.915625 0.560547 0.0625 0.102344 0.0558167
0 0.339063 0.951172 0.164062 0.0976562 0.0554199
0 0.763281 0.166016 0.0984375 0.2125 0.0538025
0 0.157129 0.35 0.247852 0.332812 0.0512695
0 0.644531 0.0580566 0.0796875 0.116113 0.0503235
1 0.917578 0.789844 0.164844 0.414062 0.0482178
1 0.477344 0.266064 0.407813 0.24209 0.0477905
0 0.774609 0.191406 0.144531 0.214844 0.0473328
0 0.672656 0.160547 0.0632813 0.122656 0.0456848
0 0.68125 0.884375 0.109375 0.221875 0.042572
1 0.665625 0.167676 0.075 0.148242 0.0422363
0 0.707812 0.917188 0.065625 0.154687 0.041626
0 0.427344 0.0859375 0.359375 0.170117 0.0411377
0 0.663281 0.151172 0.0648438 0.113281 0.0406799
1 0.3375 0.950781 0.178125 0.0984375 0.0390625
1 0.839063 0.580859 0.125 0.071875 0.0389099
1 0.685156 0.913281 0.104687 0.165625 0.0384521
0 0.150391 0.82207 0.299219 0.355859 0.035675
1 0.744531 0.337695 0.08125 0.126953 0.0344849
0 0.633203 0.114453 0.125781 0.228906 0.0341797
1 0.797656 0.176221 0.16875 0.207715 0.0328369
1 0.275781 0.950781 0.458594 0.0984375 0.0327148
1 0.546875 0.0730469 0.078125 0.146094 0.0322876
1 0.171289 0.267578 0.301953 0.496875 0.0317993
0 0.361328 0.954687 0.111719 0.090625 0.0316162
0 0.660937 0.144727 0.075 0.289453 0.0315552
0 0.381934 0.0994141 0.27207 0.193359 0.031311
0 0.835156 0.517969 0.140625 0.05625 0.0310211
1 0.763281 0.166016 0.0984375 0.2125 0.0309601
0 0.674609 0.928125 0.0898438 0.1375 0.0303802
1 0.664844 0.18457 0.0726563 0.2625 0.0298157
0 0.582031 0.0842773 0.159375 0.165039 0.0298157
0 0.80918 0.655469 0.162891 0.109375 0.029541
1 0.871875 0.130078 0.134375 0.252734 0.0292053
0 0.494629 0.566016 0.38418 0.477344 0.0289764
1 0.85293 0.80957 0.272266 0.368359 0.0287628
0 0.620313 0.0845459 0.121875 0.166455 0.0254211
1 0.64375 0.0973633 0.0921875 0.194727 0.0244751
1 0.632812 0.0824219 0.1 0.164844 0.0240479
1 0.68125 0.884375 0.109375 0.221875 0.0232849
0 0.917969 0.711328 0.164062 0.271094 0.0232391
1 0.839844 0.133594 0.203125 0.259375 0.0231476
0 0.651563 0.0725586 0.0734375 0.145117 0.0229797
1 0.672656 0.160547 0.0632813 0.122656 0.0227203
0 0.29668 0.954687 0.362891 0.090625 0.0212097
0 0.670313 0.946094 0.090625 0.107813 0.0210419
0 0.0489258 0.0520508 0.0726563 0.104102 0.0206451
1 0.828125 0.536328 0.145313 0.169531 0.0194244
1 0.707812 0.917188 0.065625 0.154687 0.0193024
0 0.969531 0.513281 0.0609375 0.182812 0.0190582
1 0.969531 0.513281 0.0609375 0.182812 0.0183716
1 0.674609 0.928125 0.0898438 0.1375 0.0182343
1 0.339063 0.951172 0.164062 0.0976562 0.0179901
0 0.547656 0.0599121 0.0765625 0.119824 0.0173035
0 0.8375 0.594531 0.129688 0.05 0.0173035
0 0.835938 0.895312 0.234375 0.209375 0.0167847
0 0.832031 0.50625 0.139062 0.0546875 0.0165863
1 0.84375 0.544531 0.121875 0.142188 0.0165863
1 0.934375 0.277734 0.13125 0.178125 0.0163422
1 0.29668 0.954687 0.362891 0.090625 0.0162811
1 0.466016 0.312061 0.430469 0.337598 0.0161591
0 0.341211 0.951563 0.147266 0.0734375 0.0157776
0 0.779492 0.441406 0.141016 0.0546875 0.0156021
0 0.844531 0.530469 0.120312 0.1125 0.0156021
0 0.769531 0.427344 0.153125 0.0445312 0.0155411
1 0.807813 0.511719 0.190625 0.20625 0.0149536
1 0.263281 0.822656 0.485156 0.354688 0.0148392
1 0.660937 0.144727 0.075 0.289453 0.0141754
0 0.735937 0.323242 0.0828125 0.116797 0.0141144
1 0.633203 0.114453 0.125781 0.228906 0.014061
0 0.81875 0.171875 0.203125 0.185937 0.0139542
1 0.800781 0.664844 0.148438 0.125 0.0138474
0 0.804492 0.676562 0.162891 0.151562 0.0136871
0 0.660937 0.196924 0.071875 0.10459 0.0136337
0 0.369922 0.957031 0.0859375 0.0859375 0.01297
0 0.810156 0.754687 0.148438 0.321875 0.0128708
0 0.917188 0.54375 0.0671875 0.160938 0.0124283
0 0.537891 0.107715 0.0789063 0.111914 0.0119629
1 0.338281 0.683594 0.146094 0.270312 0.0113754
0 0.539062 0.114087 0.0773437 0.0800293 0.0110321
0 0.701953 0.885156 0.0648438 0.145313 0.0108566
0 0.845312 0.560547 0.121875 0.103125 0.0106506
0 0.176611 0.238086 0.288184 0.453516 0.0106506
0 0.663281 0.140234 0.0703125 0.195312 0.0106125
1 0.427344 0.0859375 0.359375 0.170117 0.0103302
0 0.669531 0.960938 0.0945313 0.075 0.0102463
0 0.0922852 0.866406 0.183398 0.260938 0.00985718
1 0.842188 0.860937 0.25625 0.278125 0.00978088
1 0.651563 0.0725586 0.0734375 0.145117 0.00963593
0 0.696875 0.867188 0.0625 0.14375 0.0091629
0 0.653906 0.419922 0.0632813 0.119531 0.0088501
0 0.839844 0.582031 0.140625 0.0546875 0.00874329
0 0.923437 0.394141 0.0515625 0.180469 0.00867462
0 0.336328 0.726562 0.144531 0.395312 0.00857544
1 0.919531 0.708984 0.160938 0.261719 0.00854492
1 0.474609 0.397266 0.40625 0.401563 0.00834656
1 0.381934 0.0994141 0.27207 0.193359 0.00793457
0 0.835938 0.527344 0.145313 0.0484375 0.00751877
0 0.874219 0.701563 0.0828125 0.126563 0.00728989
0 0.663672 0.17832 0.0796875 0.107422 0.00706482
0 0.6 0.307031 0.1625 0.153125 0.00706482
1 0.978125 0.865625 0.04375 0.26875 0.00701141
1 0.617188 0.0789551 0.164062 0.15791 0.00698471
0 0.790625 0.449219 0.13125 0.0515625 0.0069313
0 0.699219 0.927344 0.090625 0.139062 0.00669098
0 0.675 0.182617 0.05625 0.132812 0.00653839
0 0.978125 0.865625 0.04375 0.26875 0.00651169
0 0.495313 0.344141 0.175 0.05 0.00634003
1 0.655859 0.171484 0.0953125 0.332031 0.00616837
0 0.363086 0.610937 0.0777344 0.167187 0.00609589
0 0.864062 0.355859 0.15 0.271094 0.00602722
0 0.0504028 0.0611328 0.0781006 0.122266 0.00591278
0 0.670313 0.262695 0.0570313 0.186719 0.00577545
0 0.753125 0.505469 0.121875 0.13125 0.00568771
0 0.362109 0.652344 0.1 0.189844 0.00566483
0 0.532812 0.364453 0.153125 0.0453125 0.00564194
0 0.79082 0.439063 0.187109 0.0765625 0.0055542
0 0.73125 0.345703 0.096875 0.1125 0.00551224
1 0.675 0.182617 0.05625 0.132812 0.00551224
0 0.673437 0.714063 0.075 0.126563 0.00551224
0 0.672266 0.137866 0.0585938 0.165674 0.00551224
0 0.399902 0.174805 0.342383 0.348047 0.00551224
0 0.879687 0.667188 0.08125 0.123438 0.00538635
0 0.673437 0.601953 0.071875 0.122656 0.00521851
1 0.970312 0.490234 0.059375 0.119531 0.00521851
0 0.658594 0.406641 0.0640625 0.202344 0.00518036
0 0.701563 0.884375 0.0703125 0.203125 0.00510025
0 0.54375 0.00517578 0.129688 0.0103516 0.00503922
1 0.569531 0.0753418 0.140625 0.150684 0.00498199
0 0.374609 0.147266 0.260938 0.284375 0.00496292
0 0.561328 0.207617 0.1375 0.0886719 0.00469971
0 0.633594 0.00478516 0.16875 0.00957031 0.00462723
1 0.449219 0.457031 0.454688 0.273438 0.00453949
0 0.495313 0.353906 0.18125 0.0484375 0.00453949
0 0.613281 0.164746 0.182812 0.329102 0.00452042
1 0.570312 0.671875 0.271875 0.65625 0.00450516
0 0.865625 0.437109 0.078125 0.136719 0.00450516
1 0.163086 0.804688 0.317969 0.390625 0.00446701
0 0.970312 0.490234 0.059375 0.119531 0.00446701
0 0.742188 0.329297 0.107813 0.130469 0.00443268
1 0.124414 0.860742 0.248828 0.278516 0.00441742
0 0.863281 0.548437 0.0875 0.125 0.00431442
0 0.870313 0.460156 0.08125 0.146875 0.00429916
0 0.679688 0.186719 0.0875 0.367188 0.00424957
0 0.658203 0.150195 0.123438 0.300391 0.00421524
0 0.421875 0.29082 0.56875 0.288672 0.00418091
0 0.363086 0.972656 0.115234 0.0546875 0.00416565
1 0.699219 0.927344 0.090625 0.139062 0.00405502
1 0.613672 0.0926025 0.110156 0.162842 0.00392914
0 0.580469 0.275391 0.20625 0.214844 0.00390053
0 0.515625 0.00467529 0.160938 0.00935059 0.00387001
0 0.6625 0.551562 0.0875 0.126563 0.00383949
0 0.320117 0.957812 0.126953 0.084375 0.00379562
0 0.788867 0.474219 0.184766 0.151562 0.00378036
0 0.829883 0.508594 0.137109 0.260938 0.00376511
0 0.541797 0.379297 0.150781 0.053125 0.00370789
1 0.79082 0.439063 0.187109 0.0765625 0.00369263
1 0.817383 0.8 0.180859 0.38125 0.00365067
0 0.754297 0.525781 0.114844 0.110156 0.0036068
0 0.766797 0.419531 0.157031 0.0492188 0.00348282
0 0.0438477 0.0636719 0.0876953 0.084375 0.00345612
0 0.595312 0.0770508 0.121875 0.154102 0.00344276
0 0.366211 0.632812 0.0964844 0.135937 0.00344276
0 0.669141 0.578125 0.0796875 0.135937 0.00338936
0 0.214648 0.453125 0.0964844 0.0890625 0.00322342
0 0.602344 0.00487061 0.165625 0.00974121 0.00322342
0 0.35 0.954687 0.7 0.090625 0.00319672
1 0.362109 0.652344 0.1 0.189844 0.00317192
0 0.602344 0.942187 0.107813 0.115625 0.00314713
0 0.428906 0.223438 0.532812 0.327344 0.00314713
0 0.844531 0.508594 0.129688 0.0671875 0.00314713
0 0.659766 0.186523 0.0765625 0.170312 0.00312424
0 0.779883 0.508203 0.193359 0.139844 0.00309944
0 0.610156 0.254297 0.0875 0.139062 0.00309944
0 0.574609 0.217187 0.127344 0.115625 0.003088
0 0.321484 0.413281 0.103906 0.0976562 0.003088
1 0.672266 0.137866 0.0585938 0.165674 0.0030632
0 0.528125 0.942969 0.1125 0.10625 0.00305176
0 0.879687 0.118652 0.10625 0.236133 0.00305176
0 0.673828 0.00495605 0.236719 0.00991211 0.00300407
1 0.658594 0.406641 0.0640625 0.202344 0.00296974
1 0.91875 0.560547 0.0625 0.115625 0.0029583
0 0.673437 0.698828 0.0789063 0.194531 0.00294685
0 0.748438 0.189893 0.0796875 0.163965 0.00293541
0 0.667969 0.967969 0.10625 0.0640625 0.00291252
0 0.75 0.377246 0.1 0.225195 0.00290108
0 0.6 0.239063 0.10625 0.149219 0.00284576
0 0.714063 0.100879 0.09375 0.0650391 0.00284576
1 0.336328 0.726562 0.144531 0.395312 0.00284576
1 0.73125 0.345703 0.096875 0.1125 0.00283432
0 0.495703 0.902344 0.597656 0.195312 0.00281143
0 0.34375 0.929688 0.142969 0.059375 0.00279999
0 0.674219 0.624219 0.075 0.120312 0.00275803
0 0.921094 0.243359 0.0953125 0.0796875 0.00270462
0 0.363672 0.594922 0.08125 0.0976562 0.00270462
0 0.675781 0.212842 0.053125 0.141504 0.0026722
0 0.392188 0.512109 0.617188 0.31875 0.00263214
0 0.671094 0.0875 0.0640625 0.158984 0.00260162
0 0.614844 0.35293 0.142188 0.239453 0.00257111
0 0.514844 0.949219 0.126563 0.0875 0.00257111
0 0.712109 0.0408325 0.122656 0.055835 0.00251198
0 0.344727 0.638281 0.133984 0.175 0.00250244
1 0.358789 0.453516 0.641797 0.277344 0.0024929
0 0.723437 0.10564 0.096875 0.0852051 0.0024929
0 0.673828 0.589063 0.0742188 0.196875 0.00247192
1 0.753125 0.505469 0.121875 0.13125 0.00244331
0 0.616406 0.684375 0.198437 0.584375 0.00242424
0 0.486719 0.33457 0.175 0.0519531 0.0024147
0 0.469141 0.1875 0.445312 0.375 0.0024147
0 0.975391 0.102344 0.0492188 0.194531 0.00240517
0 0.311719 0.423047 0.0992187 0.109375 0.00239754
1 0.413281 0.371484 0.532031 0.428906 0.00239754
0 0.827344 0.494922 0.146875 0.053125 0.00239754
0 0.925 0.551562 0.05625 0.1 0.00239754
1 0.293555 0.733984 0.419141 0.375781 0.002388
1 0.657812 0.407813 0.0609375 0.135937 0.00237846
0 0.673047 0.6875 0.08125 0.134375 0.00236893
0 0.742969 0.00358887 0.271875 0.00717773 0.00236893
0 0.966406 0.767187 0.065625 0.129688 0.00235939
0 0.217529 0.692187 0.274316 0.385938 0.00234222
0 0.642969 0.0844727 0.0875 0.127539 0.00232315
1 0.344727 0.638281 0.133984 0.175 0.00231361
1 0.35 0.954687 0.7 0.090625 0.00227928
0 0.652344 0.899219 0.199219 0.201562 0.00226974
0 0.961719 0.244141 0.0765625 0.107031 0.00226974
0 0.8625 0.785937 0.146875 0.392188 0.00224304
0 0.494531 0.168555 0.163281 0.0558594 0.00221634
1 0.788867 0.474219 0.184766 0.151562 0.00221634
0 0.573438 0.399219 0.0953125 0.0867188 0.00219917
0 0.56875 0.00491943 0.154687 0.00983887 0.00219154
0 0.525781 0.353906 0.15625 0.0484375 0.00218201
0 0.636719 0.0980469 0.104687 0.196094 0.00217438
0 0.851562 0.521484 0.121875 0.0796875 0.00216484
0 0.345313 0.829492 0.525 0.325391 0.00214005
1 0.363281 0.742969 0.646875 0.425 0.00213242
0 0.959375 0.652344 0.08125 0.126563 0.00211525
0 0.213867 0.915625 0.149609 0.1625 0.0020752
1 0.6 0.307031 0.1625 0.153125 0.00206757
1 0.748438 0.189893 0.0796875 0.163965 0.0020504
0 0.553125 0.180908 0.135937 0.0584961 0.00200272
0 0.970703 0.43291 0.0585938 0.387305 0.00200272
1 0.353711 0.531641 0.658203 0.413281 0.00198746
1 0.729688 0.329297 0.10625 0.125781 0.00197983
0 0.98125 0.850781 0.0375 0.278125 0.00197983
0 0.347656 0.39375 0.154687 0.05625 0.0019722
0 0.748438 0.345313 0.1125 0.0984375 0.00194168
0 0.9625 0.0588867 0.075 0.117773 0.00192642
1 0.54375 0.00517578 0.129688 0.0103516 0.00192642
0 0.605469 0.121484 0.1 0.0996094 0.00191212
1 0.675781 0.212842 0.053125 0.141504 0.00191212
1 0.863281 0.548437 0.0875 0.125 0.00188255
1 0.633594 0.00478516 0.16875 0.00957031 0.00186729
0 0.496875 0.158984 0.16875 0.0558594 0.00182438
0 0.391406 0.95625 0.221094 0.0875 0.00182438
0 0.746094 0.368945 0.120312 0.0566406 0.0018177
1 0.491406 0.658203 0.457031 0.663281 0.417725
0 0.499609 0.65625 0.44375 0.660937 0.384033
0 0.334766 0.952344 0.175 0.0953125 0.34082
1 0.334766 0.952344 0.175 0.0953125 0.0836182
0 0.550781 0.0817383 0.1 0.157617 0.0656128
0 0.874219 0.674219 0.09375 0.184375 0.0630493
0 0.917188 0.0958008 0.1625 0.184961 0.0374756
0 0.358984 0.988672 0.258594 0.0226563 0.0257568
1 0.355859 0.953516 0.260938 0.0929687 0.0234222
0 0.346484 0.952344 0.253125 0.0953125 0.0190582
1 0.874219 0.674219 0.09375 0.184375 0.0190582
1 0.550781 0.0817383 0.1 0.157617 0.0187683
0 0.540625 0.0931641 0.0820312 0.138086 0.0173035
0 0.790625 0.507031 0.221875 0.246875 0.0171814
0 0.168359 0.759766 0.259766 0.480469 0.0159607
0 0.966797 0.517969 0.0664062 0.18125 0.013588
0 0.0902344 0.916016 0.180469 0.167969 0.0135345
1 0.917188 0.0958008 0.1625 0.184961 0.0134277
0 0.722656 0.0740234 0.101562 0.144141 0.0110321
0 0.632422 0.926953 0.178906 0.146094 0.0104523
0 0.709375 0.11543 0.126563 0.227734 0.0104065
0 0.360547 0.262549 0.18125 0.221777 0.00952148
1 0.358984 0.988672 0.258594 0.0226563 0.00948334
0 0.921875 0.357422 0.14375 0.363281 0.0091629
1 0.174707 0.345313 0.319336 0.690625 0.00844574
0 0.968359 0.489062 0.0632813 0.120312 0.00769424
1 0.0902344 0.916016 0.180469 0.167969 0.00679779
1 0.790625 0.507031 0.221875 0.246875 0.00661469
0 0.483691 0.308008 0.391992 0.338672 0.00631332
1 0.540625 0.0931641 0.0820312 0.138086 0.00624084
0 0.966406 0.491406 0.0671875 0.126563 0.00624084
0 0.620313 0.953906 0.220313 0.0921875 0.00614548
0 0.652344 0.123828 0.11875 0.241016 0.00553513
0 0.914062 0.675781 0.1625 0.189063 0.00498199
1 0.632422 0.926953 0.178906 0.146094 0.00462723
1 0.966797 0.517969 0.0664062 0.18125 0.00460815
1 0.722656 0.0740234 0.101562 0.144141 0.00457382
0 0.896875 0.348242 0.2 0.336328 0.00453949
0 0.099707 0.944531 0.197461 0.110937 0.00438309
1 0.168359 0.759766 0.259766 0.480469 0.00428009
1 0.709375 0.11543 0.126563 0.227734 0.00421524
1 0.921875 0.357422 0.14375 0.363281 0.0041008
0 0.18125 0.725 0.185937 0.535937 0.00333786
0 0.680469 0.128711 0.153125 0.251172 0.00317192
1 0.360547 0.262549 0.18125 0.221777 0.00314713
0 0.42666 0.0801025 0.15918 0.156592 0.00307465
0 0.725 0.0512695 0.107813 0.100195 0.00291252
1 0.968359 0.489062 0.0632813 0.120312 0.00287819
0 0.29375 0.471191 0.1375 0.24043 0.00269318
0 0.0994141 0.878125 0.198828 0.24375 0.00258064
0 0.657422 0.944531 0.127344 0.110937 0.00252151
0 0.953906 0.35708 0.0921875 0.381152 0.00250244
0 0.828125 0.75625 0.290625 0.4875 0.00242424
0 0.564062 0.0917725 0.13125 0.164893 0.00240517
1 0.652344 0.123828 0.11875 0.241016 0.00236893
1 0.966406 0.491406 0.0671875 0.126563 0.00224304
0 0.117578 0.839063 0.235156 0.321875 0.0020504
0 0.185547 0.807031 0.230859 0.379687 0.00203514
1 0.620313 0.953906 0.220313 0.0921875 0.00199509
1 0.483691 0.308008 0.391992 0.338672 0.00195694
0 0.0538574 0.0696289 0.101465 0.135742 0.00186729
0 0.967969 0.523438 0.0640625 0.134375 0.00185299
0 0.82207 0.828125 0.280859 0.34375 0.00184631
1 0.0994141 0.878125 0.198828 0.24375 0.0018034
0 0.211914 0.863281 0.182812 0.253125 0.00178242
1 0.099707 0.944531 0.197461 0.110937 0.00176811
0 0.0666992 0.087915 0.126367 0.172607 0.00176144
0 0.660937 0.0829102 0.1375 0.161133 0.00167465
1 0.914062 0.675781 0.1625 0.189063 0.00162888
0 0.340625 0.688281 0.165625 0.604688 0.00162315
1 0.79375 0.243164 0.382812 0.463672 0.00161648
0 0.521094 0.55166 0.378125 0.51543 0.00160408
0 0.647656 0.992969 0.276563 0.0140625 0.0015974
1 0.435547 0.948438 0.438281 0.103125 0.00158501
0 0.751172 0.00400391 0.403906 0.00800781 0.00153637
0 0.067041 0.0552734 0.125488 0.109375 0.00152493
0 0.792383 0.416406 0.240234 0.420312 0.0014782
1 0.680469 0.128711 0.153125 0.251172 0.0014782
0 0.533594 0.114648 0.071875 0.0957031 0.00147247
0 0.925 0.530078 0.078125 0.148438 0.00146675
0 0.652344 0.144531 0.0976562 0.289062 0.00145531
1 0.211914 0.863281 0.182812 0.253125 0.00139427
1 0.564062 0.0917725 0.13125 0.164893 0.00138283
0 0.638281 0.903125 0.160938 0.19375 0.00138283
1 0.42666 0.0801025 0.15918 0.156592 0.00134563
1 0.121582 0.833789 0.235742 0.332422 0.00133038
1 0.725 0.0512695 0.107813 0.100195 0.00132465
0 0.915625 0.545313 0.065625 0.11875 0.00132465
0 0.339258 0.992188 0.343359 0.015625 0.00131989
0 0.486621 0.378906 0.408008 0.484375 0.00126457
0 0.407422 0.991406 0.298438 0.0171875 0.00123501
1 0.896875 0.348242 0.2 0.336328 0.00119209
0 0.435547 0.948438 0.438281 0.103125 0.00117397
0 0.683203 0.99375 0.205469 0.0125 0.00115585
1 0.953906 0.35708 0.0921875 0.381152 0.00115585
0 0.638281 0.635938 0.16875 0.307813 0.00115108
1 0.29375 0.471191 0.1375 0.24043 0.00113392
0 0.453516 0.248633 0.160156 0.216406 0.00112915
0 0.945312 0.673437 0.109375 0.189063 0.00110722
0 0.696094 0.992969 0.132812 0.0140625 0.00106907
0 0.590625 0.112305 0.10625 0.212891 0.00101185
1 0.18125 0.725 0.185937 0.535937 0.00100803
0 0.49375 0.650684 0.429688 0.648633 0.536133
0 0.340234 0.728906 0.139062 0.376563 0.358398
1 0.525684 0.655859 0.373633 0.663281 0.244385
0 0.330664 0.949219 0.173047 0.101562 0.144653
0 0.616406 0.115527 0.159375 0.227539 0.126831
0 0.0888672 0.923437 0.176953 0.146875 0.104492
0 0.140625 0.738281 0.239453 0.428125 0.0700684
1 0.0888672 0.923437 0.176953 0.146875 0.0441895
1 0.620313 0.112402 0.153906 0.224805 0.0435181
1 0.34082 0.725 0.140234 0.379687 0.0418396
1 0.330664 0.949219 0.173047 0.101562 0.0352783
0 0.661328 0.133887 0.0679687 0.177539 0.0248871
0 0.828906 0.576563 0.151562 0.0882813 0.0231476
0 0.340625 0.667969 0.142188 0.260938 0.0211639
0 0.864844 0.0871094 0.182812 0.17207 0.0202484
0 0.7375 0.419531 0.145313 0.05 0.0172424
0 0.897656 0.331641 0.204688 0.319531 0.0165253
0 0.917188 0.547656 0.0625 0.090625 0.0157166
0 0.47334 0.25293 0.401758 0.241016 0.0156021
0 0.164453 0.650781 0.211719 0.314063 0.0155411
0 0.548047 0.0829102 0.0867188 0.16582 0.0151291
0 0.748438 0.406934 0.142188 0.0720703 0.0145035
0 0.377344 0.0950195 0.253125 0.18457 0.0131226
0 0.632812 0.146118 0.124219 0.154639 0.0124283
0 0.738281 0.386816 0.13125 0.107617 0.0109863
0 0.219336 0.725 0.306641 0.407813 0.0102921
1 0.835938 0.567969 0.146875 0.103125 0.00948334
1 0.864844 0.0871094 0.182812 0.17207 0.00930023
1 0.340625 0.667969 0.142188 0.260938 0.00905609
1 0.661719 0.14668 0.065625 0.146484 0.0086441
0 0.830469 0.55625 0.153125 0.127344 0.0086441
1 0.632812 0.146118 0.124219 0.154639 0.00806427
0 0.909375 0.763672 0.175 0.238281 0.00793457
0 0.94375 0.748438 0.103125 0.223438 0.00737381
0 0.324414 0.978906 0.185547 0.0421875 0.00723267
1 0.140625 0.738281 0.239453 0.428125 0.00720596
0 0.758594 0.419531 0.182812 0.0359375 0.0068779
0 0.742578 0.280859 0.0914062 0.1625 0.00591278
1 0.548047 0.0829102 0.0867188 0.16582 0.00561905
0 0.742188 0.512891 0.120312 0.189063 0.00559998
0 0.327539 0.988672 0.191797 0.0226563 0.00510025
0 0.652344 0.113672 0.0875 0.21875 0.00498199
0 0.960938 0.739453 0.075 0.189844 0.00473785
0 0.666406 0.169531 0.0726563 0.133594 0.0046463
1 0.94375 0.748438 0.103125 0.223438 0.00453949
0 0.485156 0.439453 0.394531 0.335938 0.00450516
1 0.909375 0.763672 0.175 0.238281 0.00436401
0 0.636719 0.09375 0.110937 0.1875 0.00434875
1 0.738281 0.386816 0.13125 0.107617 0.0042305
1 0.748438 0.406934 0.142188 0.0720703 0.00382423
0 0.864844 0.670313 0.107813 0.179688 0.00379562
0 0.720703 0.0853516 0.0875 0.128125 0.00374985
1 0.383984 0.0825195 0.220313 0.161914 0.0037365
0 0.639063 0.934375 0.160938 0.13125 0.00372124
0 0.977734 0.563184 0.0445312 0.414258 0.00370789
0 0.717969 0.0450195 0.084375 0.0847656 0.00314713
0 0.833594 0.820508 0.273438 0.327734 0.00309944
0 0.896094 0.788281 0.203125 0.304688 0.00294685
1 0.164453 0.650781 0.211719 0.314063 0.00294685
0 0.925 0.754297 0.146875 0.305469 0.00291252
0 0.827344 0.597656 0.153125 0.0546875 0.00282288
1 0.897656 0.331641 0.204688 0.319531 0.00279999
1 0.742578 0.280859 0.0914062 0.1625 0.00279999
1 0.7375 0.419531 0.145313 0.05 0.00277901
1 0.181592 0.163184 0.335254 0.326367 0.00274658
0 0.8 0.663281 0.159375 0.107813 0.00271416
1 0.977734 0.563184 0.0445312 0.414258 0.0026722
0 0.845508 0.660937 0.146484 0.14375 0.0026722
0 0.909766 0.0880859 0.180469 0.173047 0.00263214
0 0.273828 0.129004 0.442187 0.256055 0.00257111
1 0.479688 0.251904 0.408594 0.246191 0.00255013
0 0.764844 0.417188 0.159375 0.0484375 0.00252151
0 0.903516 0.464063 0.192969 0.58125 0.00250244
1 0.375781 0.107813 0.25 0.2125 0.00245285
0 0.323438 0.461621 0.15625 0.214258 0.00231361
0 0.647656 0.962891 0.148438 0.0742188 0.00221634
0 0.187305 0.183203 0.349219 0.360156 0.00220871
1 0.742969 0.516016 0.121875 0.208594 0.00216484
1 0.324414 0.978906 0.185547 0.0421875 0.00212479
0 0.0818359 0.992188 0.163672 0.015625 0.00201988
1 0.960938 0.739453 0.075 0.189844 0.00200272
0 0.356641 0.127637 0.289844 0.253711 0.00191879
0 0.393359 0.073877 0.224219 0.147754 0.00186729
0 0.953125 0.714844 0.084375 0.225 0.0018177
1 0.273828 0.129004 0.442187 0.256055 0.00178242
0 0.917188 0.540625 0.05625 0.121875 0.00176811
0 0.788281 0.646484 0.1375 0.152344 0.00176144
1 0.396875 0.0914062 0.314063 0.178906 0.00176144
0 0.488281 0.989844 0.232812 0.0203125 0.00173378
0 0.384473 0.725781 0.220117 0.385938 0.00172043
1 0.639844 0.103223 0.107813 0.206445 0.00168705
0 0.80293 0.675 0.187891 0.133594 0.00167465
0 0.478223 0.358789 0.404492 0.419922 0.00164223
0 0.635938 0.596875 0.1625 0.301562 0.00158501
0 0.532031 0.0892334 0.0515625 0.143799 0.00156689
1 0.635938 0.596875 0.1625 0.301562 0.00156116
0 0.535156 0.0825928 0.0828125 0.153564 0.00154305
1 0.639063 0.934375 0.160938 0.13125 0.00146675
1 0.172656 0.106641 0.277344 0.213281 0.0014267
0 0.567969 0.087085 0.123438 0.172705 0.00141048
0 0.742188 0.310156 0.0765625 0.100391 0.00138855
1 0.909766 0.0880859 0.180469 0.173047 0.00136185
1 0.219336 0.725 0.306641 0.407813 0.00134563
0 0.776367 0.802344 0.159766 0.24375 0.00127411
0 0.829687 0.649219 0.159375 0.0890625 0.00126934
0 0.358203 0.619141 0.0875 0.128125 0.00126457
0 0.544531 0.0484863 0.078125 0.0948242 0.00124931
1 0.327539 0.988672 0.191797 0.0226563 0.00123978
1 0.917188 0.547656 0.0625 0.090625 0.00123501
0 0.537109 0.200342 0.294531 0.308691 0.00122547
0 0.719922 0.28125 0.133594 0.176563 0.00121593
0 0.333984 0.952344 0.219531 0.0953125 0.00118828
0 0.985937 0.913281 0.028125 0.173438 0.00115585
1 0.864844 0.670313 0.107813 0.179688 0.00114727
0 0.535156 0.989062 0.20625 0.021875 0.00111198
0 0.825195 0.676172 0.180859 0.161719 0.00110722
1 0.310547 0.463281 0.153906 0.220313 0.0011034
0 0.299609 0.972266 0.2375 0.0554687 0.00107288
1 0.833594 0.820508 0.273438 0.327734 0.00106525
1 0.792969 0.674609 0.151562 0.140625 0.00102425
0 0.0839844 0.979688 0.167969 0.040625 0.00101185
0 0.097168 0.988281 0.194336 0.0234375 0.00100803
0 0.492871 0.656641 0.439258 0.666406 0.650391
1 0.490234 0.657031 0.438281 0.664062 0.214722
0 0.896094 0.345703 0.207813 0.314844 0.12085
0 0.365625 0.0821289 0.267969 0.150977 0.0812378
0 0.822656 0.1375 0.226562 0.251563 0.0689087
0 0.870117 0.780469 0.253516 0.404687 0.0654907
0 0.908203 0.777344 0.183594 0.395312 0.033844
0 0.756641 0.177295 0.0882813 0.186816 0.0247955
0 0.628906 0.139453 0.139062 0.25625 0.0195618
0 0.344531 0.745313 0.15 0.475 0.0177765
0 0.3375 0.95 0.153906 0.09375 0.016098
1 0.870117 0.780469 0.253516 0.404687 0.0116882
1 0.896484 0.344141 0.207031 0.309375 0.0113754
1 0.756641 0.177295 0.0882813 0.186816 0.00933838
0 0.917188 0.541406 0.059375 0.0765625 0.00861359
0 0.478027 0.305518 0.41582 0.32334 0.0085144
1 0.908203 0.777344 0.183594 0.395312 0.00787354
0 0.369531 0.109668 0.285156 0.200195 0.0077858
1 0.632422 0.125195 0.134375 0.202734 0.00728989
0 0.546875 0.0790039 0.08125 0.146094 0.00728989
0 0.990234 0.553906 0.0195312 0.26875 0.00527954
0 0.80625 0.177686 0.175 0.181348 0.00526047
0 1 0.775 0 0.278125 0.0050621
1 0.822656 0.1375 0.226562 0.251563 0.00498199
0 0.150586 0.216016 0.275391 0.40625 0.00424957
0 0.1875 0.737109 0.352344 0.485156 0.00400543
1 0.344531 0.745313 0.15 0.475 0.00399017
1 0.36875 0.0862305 0.275 0.152539 0.0036068
0 1 0.824805 0 0.281641 0.00317192
1 0.80625 0.177686 0.175 0.181348 0.00312424
0 0.16875 0.792188 0.311719 0.375 0.00276756
0 0.997656 0.795313 0.0046875 0.290625 0.00265312
0 0.923437 0.528906 0.0625 0.105469 0.00247192
0 0.154687 0.333789 0.285156 0.507422 0.00246239
1 0.150586 0.216016 0.275391 0.40625 0.00234222
0 0.997266 0.881055 0.00546875 0.237891 0.00226974
0 0.637109 0.128687 0.125 0.194189 0.00224304
0 0.353906 0.175391 0.301562 0.325781 0.00222588
0 0.923437 0.547266 0.046875 0.084375 0.00210762
1 0.342578 0.950781 0.161719 0.0953125 0.00208282
1 0.917188 0.541406 0.059375 0.0765625 0.00198746
0 0.760938 0.426562 0.159375 0.0515625 0.00195694
0 1 0.88125 0 0.2375 0.00194931
0 0.417578 0.264258 0.363281 0.269922 0.00170708
0 0.903125 0.365039 0.16875 0.250391 0.00168705
0 0.5625 0.0790039 0.107031 0.150781 0.0016613
0 1 0.725 0 0.278125 0.00164223
0 0.406348 0.953906 0.549805 0.084375 0.00157356
0 0.948438 0.366406 0.103125 0.214844 0.00157356
1 0.948438 0.366406 0.103125 0.214844 0.00154877
0 0.990234 0.881641 0.0195312 0.236719 0.00151253
0 0.755469 0.414844 0.157813 0.040625 0.00143242
0 0.984375 0.879687 0.03125 0.240625 0.00140476
1 0.478027 0.305518 0.41582 0.32334 0.00138283
0 0.0789063 0.923437 0.149609 0.153125 0.00119209
1 0.990234 0.553906 0.0195312 0.26875 0.00119209
1 0.903125 0.365039 0.16875 0.250391 0.0011158
1 0.1875 0.737109 0.352344 0.485156 0.00106907
0 0.839063 0.726562 0.2625 0.51875 0.00106907
0 0.895312 0.381641 0.115625 0.209375 0.00103188
0 0.494922 0.653906 0.446875 0.679688 0.519531
1 0.496094 0.661328 0.45 0.677344 0.480469
0 0.842188 0.767969 0.3 0.457812 0.201782
0 0.336328 0.950391 0.160938 0.0992187 0.187134
0 0.766406 0.416016 0.18125 0.0367187 0.0594177
0 0.533594 0.113379 0.0609375 0.0951172 0.0474243
1 0.333984 0.952344 0.185156 0.0953125 0.0382385
0 0.209766 0.746875 0.192578 0.434375 0.0324707
0 0.641406 0.11582 0.121875 0.227734 0.0309143
1 0.842188 0.767969 0.3 0.457812 0.0215759
0 0.6375 0.648438 0.153906 0.354688 0.0210114
0 0.340234 0.953125 0.2125 0.09375 0.0209656
0 0.156445 0.750781 0.301172 0.453125 0.0181885
0 0.91875 0.550781 0.0625 0.090625 0.0158386
1 0.641406 0.11582 0.121875 0.227734 0.014389
0 0.539062 0.0852539 0.0757812 0.136719 0.0106506
1 0.6375 0.648438 0.153906 0.354688 0.00963593
0 0.394141 0.75625 0.252344 0.429688 0.00871277
0 0.487109 0.753125 0.436719 0.478125 0.00787354
0 0.835938 0.573828 0.159375 0.0882813 0.00784302
0 0.86875 0.118945 0.140625 0.232812 0.00671768
0 0.891406 0.339453 0.217187 0.325781 0.00661469
0 0.342187 0.728125 0.134375 0.360938 0.00624084
0 0.364258 0.739062 0.192578 0.384375 0.00605011
0 0.915625 0.403906 0.065625 0.196875 0.00582123
0 0.373437 0.10166 0.285937 0.199805 0.00577545
0 0.932813 0.364258 0.0921875 0.324609 0.0055542
0 0.925 0.395703 0.065625 0.244531 0.0055542
1 0.209766 0.746875 0.192578 0.434375 0.00471878
1 0.348828 0.951563 0.225781 0.096875 0.0045929
0 0.886719 0.370117 0.128125 0.266016 0.00457382
1 0.487109 0.753125 0.436719 0.478125 0.00452042
0 0.820312 0.680469 0.259375 0.626562 0.00405502
0 0.850781 0.132227 0.14375 0.264453 0.00367928
0 0.714063 0.0362305 0.08125 0.0724609 0.00353813
0 0.889844 0.272656 0.220313 0.514844 0.00346947
0 0.177344 0.726953 0.228906 0.435156 0.00318527
0 0.836133 0.56875 0.127734 0.10625 0.00317192
0 0.339453 0.683203 0.15 0.274219 0.00314713
1 0.932813 0.364258 0.0921875 0.324609 0.0030632
1 0.925 0.395703 0.065625 0.244531 0.0030632
1 0.394141 0.75625 0.252344 0.429688 0.00296974
0 0.124609 0.803125 0.239063 0.35625 0.0026207
1 0.373437 0.10166 0.285937 0.199805 0.00239754
0 0.750781 0.419531 0.129688 0.0578125 0.00233269
1 0.156445 0.750781 0.301172 0.453125 0.00228691
0 0.810156 0.298047 0.0515625 0.105469 0.00224304
0 0.652344 0.161914 0.0984375 0.323828 0.0020504
1 0.915625 0.403906 0.065625 0.196875 0.0020504
0 0.210986 0.746094 0.149121 0.320312 0.0020504
0 0.80625 0.316211 0.04375 0.134766 0.00201988
0 0.546094 0.0556152 0.084375 0.11123 0.00194931
0 0.644531 0.40459 0.0421875 0.108008 0.00186729
0 0.396875 0.953125 0.34375 0.09375 0.00186729
0 0.640625 0.696094 0.1375 0.367188 0.00181007
0 0.907812 0.752344 0.14375 0.359375 0.00178909
1 0.533594 0.113379 0.0609375 0.0951172 0.00175476
0 0.207422 0.0927979 0.164453 0.185107 0.00164223
1 0.86875 0.118945 0.140625 0.232812 0.00160408
0 0.323047 0.742578 0.192969 0.400781 0.0015974
0 0.33125 0.853906 0.0671875 0.115625 0.00155449
0 0.810938 0.311719 0.05 0.180469 0.00148964
1 0.766406 0.416016 0.18125 0.0367187 0.00146103
1 0.364258 0.739062 0.192578 0.384375 0.00146103
0 0.824219 0.556641 0.159375 0.132812 0.00145531
0 0.759375 0.417969 0.135937 0.0375 0.00143242
0 0.923437 0.405078 0.05 0.142188 0.00138855
1 0.342187 0.728125 0.134375 0.360938 0.00133514
1 0.886719 0.370117 0.128125 0.266016 0.00132465
0 0.332812 0.925781 0.135937 0.05 0.00127411
0 0.349219 0.85625 0.103125 0.110937 0.00121593
0 0.550781 0.103491 0.0359375 0.152783 0.0011692
1 0.850781 0.132227 0.14375 0.264453 0.00114727
1 0.91875 0.550781 0.0625 0.090625 0.00112915
0 0.353516 0.8375 0.125781 0.126563 0.00109005
1 0.542188 0.078418 0.078125 0.148242 0.00106525
1 0.820312 0.680469 0.259375 0.626562 0.00105667
1 0.837695 0.574219 0.127734 0.09375 0.00103188
0 0.721875 0.0951172 0.0695312 0.0814453 0.00102806
0 0.355469 0.596875 0.0726563 0.09375 0.00101185
0 0.496484 0.658691 0.438281 0.668555 0.664551
1 0.492188 0.660547 0.442187 0.671094 0.266602
0 0.333594 0.95 0.151562 0.096875 0.0761108
0 0.342578 0.6875 0.141406 0.275 0.0623169
0 0.920313 0.548828 0.0625 0.0820312 0.0503235
0 0.55 0.0742188 0.084375 0.146094 0.0460205
0 0.389746 0.0785156 0.245508 0.156836 0.0362854
0 0.8375 0.118848 0.195312 0.235742 0.0358276
0 0.535937 0.115137 0.0554687 0.0728516 0.0330811
0 0.150098 0.757031 0.260742 0.464063 0.025177
0 0.81582 0.858008 0.277734 0.283984 0.0191956
0 0.0696289 0.533203 0.120508 0.409375 0.0179901
1 0.546094 0.0753906 0.075 0.148047 0.0153656
0 0.82207 0.802539 0.293359 0.394922 0.0134277
0 0.626562 0.12334 0.146094 0.241211 0.0125275
0 0.534375 0.100684 0.0578125 0.10332 0.0112915
1 0.8375 0.118848 0.195312 0.235742 0.0103302
0 0.667188 0.150781 0.0703125 0.105859 0.0100937
1 0.920313 0.548828 0.0625 0.0820312 0.00985718
0 0.338281 0.741016 0.141406 0.396094 0.00912476
0 0.921875 0.395215 0.05625 0.154883 0.0086441
1 0.626562 0.12334 0.146094 0.241211 0.00831604
1 0.923437 0.445703 0.059375 0.300781 0.00734711
1 0.535937 0.11582 0.0546875 0.0777344 0.00731659
0 0.898438 0.755859 0.196875 0.466406 0.00731659
0 0.0690918 0.619141 0.124707 0.253906 0.00728989
1 0.935938 0.420996 0.075 0.270508 0.00723267
0 0.175195 0.678906 0.194531 0.532812 0.00712204
0 0.317773 0.950391 0.203516 0.0992187 0.0069046
0 0.923437 0.39541 0.05625 0.112305 0.00643921
0 0.0905273 0.916406 0.175195 0.164062 0.00621796
0 0.84707 0.758594 0.293359 0.475 0.00551224
0 0.530859 0.114844 0.0390625 0.0785156 0.00536346
0 0.644531 0.407813 0.040625 0.065625 0.00526047
0 0.846094 0.0876953 0.19375 0.173242 0.00502014
0 0.673828 0.268555 0.0515625 0.236328 0.00486755
0 0.923437 0.419922 0.0625 0.296094 0.0046463
0 0.928125 0.735937 0.140625 0.5 0.00462723
1 0.333203 0.950781 0.157813 0.0984375 0.00439835
1 0.667188 0.150781 0.0703125 0.105859 0.00421524
0 0.723828 0.10022 0.0726563 0.0710449 0.0041008
0 0.935938 0.420996 0.075 0.270508 0.00387001
1 0.150098 0.757031 0.260742 0.464063 0.00385475
0 0.816406 0.896875 0.248437 0.198437 0.00382423
0 0.207813 0.0981445 0.173438 0.196289 0.00367928
0 0.457031 0.446875 0.185937 0.235938 0.00362206
1 0.534375 0.100684 0.0578125 0.10332 0.00345612
0 0.207471 0.0708008 0.170996 0.140039 0.00342941
1 0.342578 0.6875 0.141406 0.275 0.00335121
0 0.549219 0.0523315 0.0789063 0.0965088 0.00319672
1 0.921875 0.395215 0.05625 0.154883 0.00312424
0 0.911719 0.387598 0.1375 0.295117 0.00305176
0 0.727344 0.0354492 0.145313 0.0634766 0.00305176
0 0.538281 0.0775391 0.065625 0.155078 0.00290108
0 0.922656 0.417285 0.053125 0.21543 0.00271416
0 0.364453 0.108594 0.285937 0.212109 0.00266266
1 0.911719 0.387598 0.1375 0.295117 0.00259018
1 0.949219 0.379297 0.101562 0.292969 0.00225258
1 0.923437 0.39541 0.05625 0.112305 0.00221634
0 0.663281 0.174805 0.0757812 0.337109 0.00220871
1 0.338281 0.741016 0.141406 0.396094 0.00219917
1 0.0696289 0.533203 0.120508 0.409375 0.00208282
0 0.949219 0.379297 0.101562 0.292969 0.00199509
1 0.389746 0.0785156 0.245508 0.156836 0.00191879
1 0.673828 0.268555 0.0515625 0.236328 0.00186062
1 0.0690918 0.619141 0.124707 0.253906 0.0018034
0 0.106274 0.867969 0.198389 0.260938 0.00179577
0 0.703906 0.878125 0.059375 0.0921875 0.00174141
0 0.945703 0.308789 0.108594 0.240234 0.00159168
0 0.458984 0.235889 0.410156 0.183691 0.00157928
0 0.170898 0.698438 0.211328 0.23125 0.00157928
1 0.764844 0.186133 0.117188 0.237109 0.00146675
1 0.813281 0.16875 0.189063 0.234375 0.00144386
1 0.81582 0.858008 0.277734 0.283984 0.00143242
0 0.914453 0.0830078 0.171094 0.162695 0.00136662
0 0.441504 0.225732 0.431055 0.38916 0.00136185
0 0.767578 0.190234 0.114844 0.263672 0.00135612
0 0.654688 0.400684 0.0609375 0.0955078 0.00134563
1 0.644531 0.407813 0.040625 0.065625 0.00134563
1 0.723828 0.10022 0.0726563 0.0710449 0.00134563
0 0.813281 0.16875 0.189063 0.234375 0.00130939
0 0.131445 0.82207 0.242188 0.346484 0.00130463
0 0.467578 0.262695 0.454688 0.276953 0.00126934
1 0.82207 0.802539 0.293359 0.394922 0.00123024
1 0.549219 0.0523315 0.0789063 0.0965088 0.00122547
1 0.922656 0.417285 0.053125 0.21543 0.00122547
0 0.901563 0.280078 0.196875 0.450781 0.0012207
1 0.727344 0.0354492 0.145313 0.0634766 0.00120163
0 0.895312 0.652734 0.18125 0.658594 0.0011425
0 0.449902 0.297852 0.43457 0.394141 0.00110722
0 0.983984 0.914062 0.0320312 0.171875 0.00109005
1 0.70625 0.886328 0.0523437 0.227344 0.00108147
1 0.789844 0.173242 0.151562 0.208203 0.00106525
1 0.494141 0.65625 0.445312 0.678125 0.603027
0 0.493848 0.654688 0.45293 0.6625 0.399902
0 0.914062 0.55 0.0515625 0.08125 0.0191956
0 0.548437 0.0806396 0.09375 0.160596 0.0173035
0 0.766016 0.41875 0.178906 0.0390625 0.0164642
0 0.154492 0.783594 0.292969 0.4125 0.0144501
0 0.657031 0.170117 0.0804688 0.339063 0.0135345
0 0.630469 0.1625 0.1375 0.317969 0.0125732
0 0.921094 0.351367 0.157813 0.281641 0.011116
0 0.891406 0.346484 0.217187 0.333594 0.00841522
0 0.940625 0.402734 0.10625 0.196094 0.00674438
0 0.914062 0.727734 0.16875 0.282031 0.00577545
1 0.914062 0.55 0.0515625 0.08125 0.0049057
0 0.372461 0.0842773 0.280859 0.168555 0.00479126
1 0.766016 0.41875 0.178906 0.0390625 0.00479126
0 0.870313 0.107129 0.184375 0.207617 0.00452042
0 0.896094 0.398535 0.151562 0.223242 0.00399017
1 0.940625 0.402734 0.10625 0.196094 0.00385475
0 0.417188 0.256055 0.319531 0.215625 0.00376511
1 0.921094 0.351367 0.157813 0.281641 0.00346947
0 0.89375 0.769922 0.203125 0.411719 0.00342941
0 0.402344 0.539062 0.628125 0.835938 0.00332451
0 0.84375 0.119727 0.195312 0.233984 0.00292397
0 0.837695 0.779492 0.312109 0.428516 0.00286674
0 0.8875 0.670313 0.109375 0.184375 0.00282288
0 0.0910156 0.915234 0.182031 0.169531 0.00279999
0 0.330078 0.952344 0.186719 0.0953125 0.00271416
1 0.660156 0.195703 0.0742188 0.34375 0.00259018
0 0.661719 0.162402 0.0632813 0.116211 0.00234985
1 0.548437 0.0806396 0.09375 0.160596 0.00228691
1 0.896094 0.398535 0.151562 0.223242 0.00221634
0 0.924219 0.413281 0.05 0.152344 0.00213242
1 0.630469 0.1625 0.1375 0.317969 0.00201035
0 0.910156 0.0929687 0.179688 0.185937 0.00197983
1 0.402344 0.539062 0.628125 0.835938 0.00181007
1 0.152734 0.777344 0.285937 0.423438 0.00162315
0 0.826367 0.837695 0.297266 0.318359 0.00156689
1 0.889844 0.343408 0.220313 0.385059 0.00153637
0 0.771484 0.178467 0.121094 0.202441 0.0014267
1 0.870313 0.107129 0.184375 0.207617 0.00136185
1 0.914062 0.727734 0.16875 0.282031 0.00129414
1 0.84375 0.119727 0.195312 0.233984 0.0012064
0 0.809375 0.292383 0.05 0.0914062 0.00115585
0 0.890625 0.703906 0.175 0.482812 0.00112438
0 0.837695 0.575 0.137109 0.078125 0.00109482
0 0.872656 0.400391 0.189063 0.45 0.00105286
1 0.49541 0.656641 0.44668 0.667969 0.697754
0 0.494629 0.661328 0.44668 0.671094 0.562988
0 0.332227 0.950781 0.158984 0.0953125 0.132935
0 0.504687 0.248389 0.338281 0.223535 0.078064
0 0.920313 0.552734 0.046875 0.0789063 0.0769653
0 0.395703 0.0763672 0.235156 0.152734 0.0696411
0 0.159473 0.775781 0.308398 0.439063 0.0552063
0 0.430566 0.0789063 0.160742 0.149609 0.0305634
0 0.53125 0.120898 0.04375 0.0757812 0.018692
0 0.84043 0.762109 0.306641 0.469531 0.0126266
0 0.55625 0.0823242 0.0953125 0.158008 0.00985718
0 0.464453 0.275 0.407031 0.267969 0.00985718
1 0.920313 0.552734 0.046875 0.0789063 0.00796509
0 0.879492 0.739844 0.225391 0.507812 0.00701141
0 0.7125 0.0367187 0.0828125 0.0677734 0.00605011
0 0.315234 0.953516 0.258594 0.0929687 0.00568771
0 0.94375 0.381348 0.103125 0.260742 0.0055542
0 0.664062 0.190234 0.0671875 0.380469 0.00544739
0 0.924219 0.409375 0.0484375 0.151562 0.00508118
0 0.166406 0.73125 0.241406 0.5125 0.00475693
0 0.546094 0.0550781 0.078125 0.104297 0.00453949
0 0.53125 0.10498 0.0445312 0.103125 0.00436401
1 0.328516 0.951563 0.164062 0.096875 0.00397491
0 0.86875 0.10332 0.153125 0.200391 0.00380898
0 0.372852 0.102515 0.276953 0.197705 0.00356483
0 0.891406 0.694141 0.179688 0.597656 0.00352478
0 0.830469 0.688281 0.246875 0.614062 0.00352478
1 0.94375 0.381348 0.103125 0.260742 0.00337601
0 0.914844 0.387402 0.140625 0.251758 0.00335121
0 0.170117 0.314063 0.325781 0.620313 0.00333786
0 0.93125 0.352734 0.13125 0.30625 0.00323486
1 0.504687 0.248389 0.338281 0.223535 0.00307465
1 0.53125 0.120898 0.04375 0.0757812 0.00257111
1 0.392285 0.0893555 0.23418 0.17207 0.00251198
0 0.630078 0.13623 0.136719 0.272461 0.00242424
0 0.910937 0.0935547 0.165625 0.183984 0.00226974
0 0.17207 0.982031 0.155078 0.0359375 0.00225258
1 0.170117 0.314063 0.325781 0.620313 0.00223351
0 0.422266 0.243408 0.314063 0.253809 0.0020504
1 0.164648 0.756641 0.291016 0.472656 0.00194168
0 0.663672 0.157227 0.0539063 0.157031 0.00191212
0 0.716406 0.101367 0.071875 0.0736328 0.00184631
0 0.761719 0.178174 0.10625 0.218652 0.00178242
1 0.914844 0.387402 0.140625 0.251758 0.00171375
1 0.664062 0.190234 0.0671875 0.380469 0.00170708
0 0.163281 0.0433105 0.0753906 0.0795898 0.00168705
0 0.073584 0.578906 0.137012 0.3625 0.00160408
0 0.759766 0.000512695 0.278906 0.00102539 0.00156116
1 0.873438 0.104785 0.15 0.204883 0.00150108
1 0.630078 0.13623 0.136719 0.272461 0.00138283
0 0.846094 0.117969 0.179688 0.229687 0.00133038
0 0.536719 0.115039 0.0484375 0.0800781 0.00126457
1 0.93125 0.352734 0.13125 0.30625 0.00123024
1 0.761719 0.178174 0.10625 0.218652 0.00121117
0 0.746875 0.991406 0.203125 0.0171875 0.00120163
1 0.7125 0.0367187 0.0828125 0.0677734 0.00118828
0 0.926562 0.416406 0.0453125 0.20625 0.00118351
0 0.942187 0.283984 0.1125 0.185156 0.00117397
0 0.179492 0.986719 0.177734 0.0265625 0.00113392
1 0.337109 0.952734 0.314844 0.0945313 0.00112915
1 0.55625 0.0823242 0.0953125 0.158008 0.00109482
1 0.846094 0.117969 0.179688 0.229687 0.00107765
0 0.871875 0.642578 0.165625 0.699219 0.00101185
1 0.49375 0.658496 0.442187 0.66582 0.770996
0 0.335156 0.95 0.164062 0.096875 0.262207
0 0.492285 0.655859 0.443555 0.657031 0.211426
0 0.14707 0.779688 0.291797 0.425 0.137939
0 0.494141 0.256689 0.383594 0.240527 0.0679321
0 0.461719 0.287891 0.440625 0.294531 0.044342
0 0.375 0.0854492 0.273438 0.170898 0.0218658
1 0.317969 0.952344 0.209375 0.0953125 0.0152512
0 0.93125 0.396094 0.065625 0.211719 0.01017
1 0.158105 0.757031 0.28418 0.46875 0.00985718
1 0.93125 0.396094 0.065625 0.211719 0.00831604
0 0.664062 0.195898 0.0703125 0.391797 0.00740433
1 0.461719 0.287891 0.440625 0.294531 0.00703812
0 0.919531 0.395996 0.06875 0.226758 0.0069046
1 0.494141 0.256689 0.383594 0.240527 0.00669098
0 0.946875 0.346094 0.103125 0.299219 0.00609589
0 0.832812 0.79043 0.310937 0.406641 0.00557709
1 0.923437 0.408203 0.059375 0.203906 0.0049057
0 0.361719 0.268164 0.496875 0.398047 0.00482941
0 0.421777 1 0.156445 0 0.0037365
0 0.546875 0.042627 0.0898438 0.0834961 0.00345612
1 0.375 0.0854492 0.273438 0.170898 0.00338936
0 0.512891 0.265039 0.372656 0.323047 0.00337601
0 0.420312 0.250977 0.392188 0.294922 0.00327301
1 0.946875 0.346094 0.103125 0.299219 0.00325966
0 0.879687 0.769531 0.234375 0.435937 0.00324821
0 0.925 0.405859 0.05 0.174219 0.00324821
0 0.53125 0.117188 0.0507812 0.0734375 0.00261116
0 0.231689 0.948438 0.39209 0.1 0.00240517
0 0.629687 0.144531 0.1375 0.289062 0.00230598
1 0.664062 0.195898 0.0703125 0.391797 0.00228691
0 0.930469 0.27832 0.134375 0.178516 0.00227928
1 0.84668 0.109961 0.156641 0.210938 0.00224304
0 0.861719 0.0943359 0.145313 0.185547 0.00219154
0 0.948438 0.302344 0.103125 0.225 0.00205803
0 0.710156 0.0368164 0.0859375 0.0691406 0.00191879
0 0.233203 0.261328 0.388281 0.497656 0.0017271
0 0.83418 0.574219 0.119141 0.0789063 0.00167465
1 0.361719 0.268164 0.496875 0.398047 0.00161648
0 0.547656 1 0.142188 0 0.00157356
0 0.928906 0.427734 0.0421875 0.239844 0.00153637
0 0.456641 1 0.142969 0 0.00151253
0 0.522656 1 0.139844 0 0.00148392
0 0.496094 1 0.1375 0 0.00146675
0 0.436719 0.994531 0.09375 0.0109375 0.00139904
1 0.832812 0.79043 0.310937 0.406641 0.00139427
0 0.747656 0.990234 0.134375 0.0195312 0.00133038
0 0.398438 1 0.15625 0 0.0012846
0 0.552344 0.0786133 0.096875 0.15625 0.0012846
1 0.180811 0.299609 0.346191 0.583594 0.00126934
0 0.626953 1 0.164062 0 0.0012064
0 0.408984 0.99375 0.071875 0.0125 0.00116539
0 0.0979492 0.879492 0.195898 0.234766 0.00112915
0 0.757031 0.419922 0.139062 0.0414063 0.00106907
0 0.732813 0.998438 0.217187 0.003125 0.00104809
0 0.308203 0.212695 0.371875 0.410547 0.00101185
1 0.494922 0.656641 0.446875 0.667969 0.699219
0 0.494629 0.661328 0.44668 0.671094 0.560059
0 0.332227 0.950781 0.158984 0.0953125 0.132568
0 0.504687 0.248389 0.338281 0.223535 0.0779419
0 0.920313 0.552734 0.046875 0.0789063 0.0772095
0 0.395703 0.0763672 0.235156 0.152734 0.0696411
0 0.159473 0.775781 0.308398 0.439063 0.0549927
0 0.430566 0.0789063 0.160742 0.149609 0.0303802
0 0.53125 0.120898 0.04375 0.0757812 0.0188293
0 0.84043 0.7625 0.306641 0.46875 0.0126266
0 0.55625 0.0823242 0.0953125 0.158008 0.00985718
0 0.464941 0.275 0.407617 0.267969 0.00985718
1 0.920313 0.552734 0.046875 0.0789063 0.00796509
0 0.879687 0.740234 0.225 0.507031 0.00701141
0 0.7125 0.0367187 0.0828125 0.0677734 0.00605011
0 0.315234 0.953516 0.258594 0.0929687 0.00570679
0 0.94375 0.381348 0.103125 0.260742 0.0055542
0 0.664062 0.19043 0.0671875 0.380859 0.00542831
0 0.924219 0.409375 0.0484375 0.151562 0.0050621
0 0.166406 0.731641 0.241406 0.513281 0.00473785
0 0.546094 0.0550781 0.078125 0.104297 0.00452042
0 0.53125 0.105078 0.0445312 0.10293 0.00438309
1 0.328516 0.951563 0.164062 0.096875 0.00399017
0 0.86875 0.10332 0.153125 0.200391 0.00380898
0 0.372852 0.102441 0.276953 0.197852 0.00356483
0 0.891406 0.694531 0.179688 0.596875 0.00352478
0 0.830469 0.688281 0.246875 0.614062 0.00351143
1 0.94375 0.381348 0.103125 0.260742 0.00337601
0 0.170117 0.314063 0.325391 0.620313 0.00335121
0 0.914844 0.387402 0.140625 0.251758 0.00333786
0 0.93125 0.352734 0.13125 0.30625 0.00322342
1 0.504687 0.248389 0.338281 0.223535 0.003088
1 0.53125 0.120898 0.04375 0.0757812 0.00258064
1 0.392188 0.0893555 0.234375 0.17207 0.00250244
0 0.630078 0.13623 0.136719 0.272461 0.0024147
0 0.17207 0.982031 0.155078 0.0359375 0.00225258
1 0.170117 0.314063 0.325391 0.620313 0.00224304
0 0.910937 0.0937256 0.165625 0.184033 0.00223351
0 0.422266 0.243164 0.314063 0.253906 0.0020504
1 0.164648 0.756641 0.291016 0.472656 0.00194168
0 0.663672 0.157227 0.0539063 0.157031 0.00190449
0 0.716406 0.101367 0.071875 0.0736328 0.00184631
0 0.761719 0.178125 0.10625 0.21875 0.00178242
1 0.914844 0.387402 0.140625 0.251758 0.00170708
0 0.163281 0.0433105 0.075 0.0795898 0.0017004
1 0.664062 0.19043 0.0671875 0.380859 0.0017004
0 0.073584 0.578906 0.137012 0.3625 0.0015974
0 0.759766 0.000524902 0.278906 0.0010498 0.00154877
1 0.873438 0.104883 0.15 0.205078 0.00150108
1 0.630078 0.13623 0.136719 0.272461 0.00138283
0 0.846094 0.117969 0.179688 0.230078 0.00133514
0 0.536719 0.115039 0.0484375 0.0800781 0.00126934
1 0.93125 0.352734 0.13125 0.30625 0.00123024
1 0.761719 0.178125 0.10625 0.21875 0.00121593
0 0.746875 0.991406 0.203125 0.0171875 0.00119686
1 0.7125 0.0367187 0.0828125 0.0677734 0.00118828
0 0.926562 0.416406 0.0453125 0.20625 0.00117874
0 0.942187 0.283984 0.1125 0.185156 0.0011692
1 0.337109 0.952734 0.314844 0.0945313 0.00113392
0 0.179492 0.986719 0.177734 0.0265625 0.00113392
1 0.55625 0.0823242 0.0953125 0.158008 0.00109863
1 0.846094 0.117969 0.179688 0.230078 0.00108624
0 0.871875 0.642578 0.165625 0.699219 0.00100422
