0 0.432813 0.457812 0.0554687 0.110937 0.953613
0 0.509766 0.461719 0.059375 0.101562 0.649414
0 0.517969 0.460156 0.0859375 0.0953125 0.23938
0 0.979297 0.578906 0.0414063 0.710938 0.185913
1 0.432813 0.457812 0.0554687 0.110937 0.181885
0 0.430469 0.471875 0.0640625 0.135937 0.178955
0 0.85332 0.264062 0.249609 0.075 0.110107
1 0.517969 0.460156 0.0859375 0.0953125 0.103027
0 0.453906 0.230029 0.614062 0.331348 0.0883179
1 0.430469 0.471875 0.0640625 0.135937 0.0783691
0 0.439453 0.726953 0.53125 0.453906 0.0673218
0 0.866406 0.475781 0.153125 0.065625 0.0643921
0 0.513281 0.472656 0.078125 0.126563 0.064209
0 0.980078 0.413672 0.0398437 0.614844 0.0638428
0 0.530469 0.467969 0.10625 0.115625 0.0592041
0 0.525391 0.462891 0.121094 0.084375 0.0585632
1 0.979297 0.578906 0.0414063 0.710938 0.0446777
1 0.509766 0.461719 0.059375 0.101562 0.044342
0 0.539844 0.461719 0.090625 0.0765625 0.0420837
0 0.980469 0.3 0.0390625 0.6 0.0365601
0 0.458203 0.175391 0.611719 0.228516 0.0319824
0 0.907812 0.192578 0.121875 0.121875 0.0311432
0 0.980469 0.682422 0.0390625 0.591406 0.0283356
0 0.88125 0.267383 0.184375 0.0722656 0.0263062
0 0.9125 0.199414 0.09375 0.125391 0.0242767
0 0.882227 0.632031 0.235547 0.575 0.0188293
1 0.85332 0.264062 0.249609 0.075 0.0168457
0 0.913281 0.579297 0.173438 0.688281 0.0157776
0 0.0600098 0.182031 0.11709 0.205859 0.0153046
0 0.986328 0.678125 0.0273438 0.64375 0.0152512
1 0.875 0.478906 0.128125 0.0648438 0.0150757
0 0.985937 0.246094 0.028125 0.492188 0.0149536
0 0.914062 0.657422 0.071875 0.639844 0.0117798
1 0.980078 0.413672 0.0398437 0.614844 0.0111618
0 0.942969 0.620313 0.114063 0.620313 0.011116
1 0.513281 0.472656 0.078125 0.126563 0.0108566
0 0.985937 0.424219 0.028125 0.689062 0.0106506
1 0.530469 0.467969 0.10625 0.115625 0.0103302
0 0.409766 0.451172 0.0984375 0.102344 0.00930023
1 0.9125 0.199414 0.09375 0.125391 0.00923157
0 0.987109 0.79043 0.0257812 0.419141 0.00898743
0 0.986719 0.548437 0.0265625 0.685938 0.0085144
0 0.980859 0.806055 0.0382813 0.334766 0.0085144
0 0.864062 0.190186 0.204688 0.123535 0.00793457
1 0.907812 0.192578 0.121875 0.121875 0.00775528
0 0.414844 0.467969 0.028125 0.129688 0.00754929
0 0.842969 0.653906 0.314063 0.529688 0.00734711
0 0.875 0.825 0.204688 0.223438 0.00669098
0 0.457422 0.458594 0.102344 0.101562 0.00658798
1 0.88125 0.267383 0.184375 0.0722656 0.00643921
1 0.986328 0.678125 0.0273438 0.64375 0.00641251
0 0.986719 0.335156 0.0265625 0.670313 0.00619125
1 0.980469 0.3 0.0390625 0.6 0.00584412
0 0.883594 0.80332 0.2 0.155859 0.00582123
0 0.475 0.146191 0.567187 0.155273 0.00561905
1 0.985937 0.258984 0.028125 0.517969 0.0053215
0 0.921875 0.6125 0.065625 0.41875 0.00530243
0 0.513672 0.457812 0.101562 0.121875 0.00502014
0 0.427734 0.454688 0.0960938 0.1 0.00494385
0 0.910156 0.164941 0.115625 0.0865234 0.00494385
0 0.777148 0.597266 0.445703 0.655469 0.00482941
0 0.632031 0.132715 0.260938 0.0876953 0.00482941
0 0.669531 0.186133 0.178125 0.189844 0.00479126
1 0.439453 0.726953 0.53125 0.453906 0.00473785
1 0.980469 0.682422 0.0390625 0.591406 0.00460815
0 0.654688 0.143945 0.207813 0.0914062 0.00448608
0 0.863281 0.467578 0.164062 0.0890625 0.00448608
1 0.914062 0.657422 0.071875 0.639844 0.00439835
1 0.985937 0.424219 0.028125 0.689062 0.00438309
1 0.525391 0.462891 0.121094 0.084375 0.00426483
1 0.854102 0.635938 0.291797 0.56875 0.0042305
1 0.540625 0.4625 0.0875 0.071875 0.00411606
0 0.870313 0.35 0.1875 0.238281 0.00403976
0 0.489453 0.464063 0.028125 0.11875 0.00400543
1 0.913281 0.579297 0.173438 0.688281 0.00395966
1 0.453906 0.230029 0.614062 0.331348 0.00380898
1 0.0600098 0.182031 0.11709 0.205859 0.00376511
0 0.910937 0.128906 0.09375 0.16875 0.00341606
0 0.640234 0.175586 0.238281 0.181641 0.00324821
1 0.987109 0.79043 0.0257812 0.419141 0.00324821
0 0.414062 0.481641 0.0265625 0.178125 0.00298119
0 0.374023 0.8 0.555078 0.36875 0.00294685
1 0.986719 0.548437 0.0265625 0.685938 0.00286674
0 0.392188 0.502344 0.166406 0.084375 0.00279045
1 0.942969 0.620313 0.114063 0.620313 0.00266266
1 0.457422 0.458594 0.102344 0.101562 0.00264168
0 0.89375 0.879687 0.2125 0.0953125 0.00259018
0 0.064209 0.436719 0.128418 0.19375 0.0024147
1 0.986719 0.335156 0.0265625 0.670313 0.00240517
0 0.365039 0.707422 0.427734 0.450781 0.00239754
1 0.458203 0.175391 0.611719 0.228516 0.00234222
0 0.443359 0.458594 0.078125 0.120312 0.00226974
0 0.451953 0.510938 0.120312 0.101562 0.00215721
0 0.614453 0.100977 0.290625 0.0480469 0.00204277
0 0.499609 0.457812 0.0640625 0.0921875 0.00186729
0 0.872656 0.483594 0.126563 0.078125 0.00185299
1 0.8625 0.480469 0.15625 0.0828125 0.00178909
0 0.4875 0.46875 0.025 0.18125 0.0017271
0 0.519141 0.166895 0.480469 0.189258 0.0017271
0 0.62334 0.415625 0.50332 0.226562 0.0017004
0 0.877344 0.786719 0.204688 0.0890625 0.0017004
1 0.914844 0.619922 0.0703125 0.430469 0.00169373
0 0.465527 0.279297 0.65957 0.25625 0.0016489
0 0.872656 0.864844 0.225 0.0828125 0.00161076
0 0.594922 0.445703 0.491406 0.157031 0.00160408
0 0.692969 0.203516 0.138281 0.202344 0.00160408
0 0.0678223 0.64375 0.135645 0.207813 0.00156116
1 0.864062 0.190186 0.204688 0.123535 0.00151253
0 0.0655273 0.48125 0.128711 0.0953125 0.00151253
1 0.980859 0.806055 0.0382813 0.334766 0.00140476
1 0.409766 0.451172 0.0984375 0.102344 0.00139904
1 0.427734 0.454688 0.0960938 0.1 0.00129414
1 0.064209 0.436719 0.128418 0.19375 0.00127888
1 0.669531 0.186133 0.178125 0.189844 0.00124931
1 0.910156 0.164941 0.115625 0.0865234 0.00124931
0 0.838281 0.571484 0.104687 0.285156 0.00123978
0 0.871094 0.216406 0.18125 0.140625 0.00123024
0 0.59541 0.478809 0.568555 0.233008 0.0012207
0 0.471875 0.804688 0.589063 0.353125 0.00118828
0 0.0616211 0.147266 0.123242 0.142969 0.00117874
1 0.777148 0.597266 0.445703 0.655469 0.00117397
0 0.878125 0.790625 0.18125 0.120312 0.0011692
0 0.347852 0.833594 0.675391 0.304688 0.0011692
0 0.650781 0.12334 0.21875 0.0802734 0.0011425
0 0.508984 0.433984 0.578906 0.235938 0.00113392
1 0.875 0.825 0.204688 0.223438 0.00107765
0 0.0898438 0.194873 0.179688 0.231348 0.00107288
0 0.876562 0.759375 0.220313 0.340625 0.00106049
0 0.0621582 0.12373 0.124316 0.0849609 0.00104046
0 0.870313 0.764844 0.170312 0.084375 0.00101185
0 0.421875 0.450781 0.0515625 0.135937 0.898926
0 0.540625 0.4625 0.0609375 0.084375 0.756348
0 0.445703 0.707812 0.478125 0.445312 0.740234
0 0.438281 0.340234 0.50625 0.348437 0.580566
0 0.344531 0.316016 0.689062 0.391406 0.52832
0 0.34707 0.732813 0.694141 0.442187 0.499023
0 0.429297 0.445312 0.0601562 0.161719 0.42627
0 0.506641 0.459375 0.0695312 0.11875 0.300781
0 0.075293 0.288281 0.150586 0.478906 0.190063
0 0.432422 0.453906 0.0546875 0.0953125 0.166138
0 0.520312 0.457812 0.0859375 0.100781 0.137573
0 0.533594 0.465625 0.0859375 0.0882813 0.101257
0 0.264453 0.285937 0.496094 0.459375 0.097229
0 0.537891 0.460547 0.071875 0.139844 0.0963745
0 0.527344 0.45625 0.103125 0.129688 0.0775146
0 0.500781 0.459375 0.0578125 0.0875 0.0747681
0 0.370508 0.243164 0.741016 0.319922 0.0722656
1 0.432422 0.453906 0.0546875 0.0953125 0.0663452
0 0.548047 0.477344 0.114844 0.065625 0.0579224
1 0.348828 0.740234 0.697656 0.447656 0.055603
1 0.520312 0.457812 0.0859375 0.100781 0.0534058
0 0.546094 0.475 0.1375 0.1125 0.0460205
0 0.909375 0.94375 0.171875 0.104687 0.0458679
0 0.37207 0.631641 0.744141 0.682031 0.0455322
1 0.500781 0.458594 0.0601562 0.103906 0.0321655
1 0.353711 0.292188 0.707422 0.43125 0.0310211
0 0.553906 0.457031 0.0492188 0.0921875 0.0255127
0 0.317236 0.317187 0.381934 0.419531 0.0241852
0 0.50625 0.446094 0.0625 0.188281 0.0223694
0 0.90625 0.403027 0.175 0.204883 0.0183411
0 0.454688 0.453125 0.0710938 0.1 0.0180206
1 0.0831055 0.289844 0.166211 0.484375 0.0175781
0 0.51084 0.93125 0.545508 0.1375 0.0175171
1 0.438281 0.340234 0.50625 0.348437 0.0165253
1 0.37207 0.631641 0.744141 0.682031 0.0130234
1 0.553906 0.457031 0.0492188 0.0921875 0.0124817
1 0.540625 0.4625 0.0609375 0.084375 0.0122375
0 0.151953 0.287891 0.303906 0.474219 0.012146
0 0.112891 0.759375 0.225781 0.478125 0.012146
1 0.900781 0.945312 0.19375 0.1 0.0120087
0 0.773828 0.303516 0.219531 0.428906 0.0114212
0 0.919531 0.431641 0.145313 0.257031 0.0114212
0 0.946094 0.684766 0.08125 0.352344 0.0109482
0 0.0751953 0.842188 0.150391 0.315625 0.0104523
0 0.423438 0.462109 0.0546875 0.0898438 0.00981903
1 0.421875 0.450781 0.0515625 0.135937 0.00901794
0 0.561719 0.510156 0.165625 0.053125 0.00867462
1 0.45 0.69375 0.485938 0.40625 0.00828552
1 0.454688 0.453125 0.0710938 0.1 0.00757599
0 0.546094 0.485547 0.129688 0.0382813 0.00731659
0 0.848437 0.705469 0.20625 0.4125 0.00731659
0 0.0827148 0.783008 0.16543 0.418359 0.0068779
0 0.792969 0.714063 0.404687 0.478125 0.00677109
0 0.55625 0.517969 0.165625 0.046875 0.00658798
0 0.542969 0.45625 0.078125 0.0984375 0.00624084
0 0.412402 0.453125 0.0892578 0.1125 0.00614548
0 0.9375 0.659375 0.078125 0.285937 0.00572968
0 0.090918 0.564453 0.149219 0.0421875 0.00551224
0 0.299219 0.344531 0.528125 0.49375 0.00551224
0 0.444922 0.439063 0.0851562 0.182031 0.00521851
0 0.851367 0.832031 0.259766 0.189063 0.0051384
1 0.9375 0.683984 0.078125 0.341406 0.00486755
0 0.587109 0.44375 0.0867188 0.235156 0.0046463
0 0.162402 0.755078 0.324805 0.471094 0.00450516
1 0.907812 0.408984 0.175 0.211719 0.00445175
0 0.0799805 0.920313 0.138867 0.146875 0.00441742
1 0.43125 0.45 0.0640625 0.128125 0.00436401
1 0.51084 0.93125 0.545508 0.1375 0.00428009
0 0.9375 0.711719 0.08125 0.45625 0.00418091
0 0.585156 0.438281 0.129688 0.172656 0.00400543
0 0.0770508 0.0760742 0.151367 0.0400391 0.00395966
0 0.373437 0.349023 0.421094 0.461328 0.00374985
0 0.9125 0.692969 0.13125 0.39375 0.0037365
0 0.79707 0.336377 0.387109 0.368652 0.00367928
0 0.625781 0.428906 0.103906 0.103125 0.00362206
0 0.875 0.864844 0.215625 0.214062 0.00359344
0 0.8875 0.480469 0.09375 0.0765625 0.00340271
0 0.434375 0.472266 0.0703125 0.0710938 0.00337601
0 0.538672 0.48125 0.0835937 0.084375 0.00317192
1 0.923437 0.942187 0.14375 0.1125 0.00317192
0 0.879687 0.479688 0.115625 0.0625 0.00313568
0 0.73125 0.354102 0.123438 0.333984 0.00299263
0 0.435156 0.530469 0.173438 0.046875 0.00298119
0 0.751562 0.979688 0.496875 0.040625 0.00293541
1 0.538672 0.48125 0.0835937 0.084375 0.00290108
0 0.953906 0.695312 0.0921875 0.339063 0.00286674
0 0.721875 0.0523926 0.139062 0.104785 0.00286674
0 0.94375 0.945312 0.10625 0.10625 0.00282288
0 0.492969 0.455469 0.078125 0.114063 0.00264168
1 0.982813 0.163672 0.034375 0.327344 0.00255013
0 0.661719 0.929688 0.253125 0.128125 0.0024929
0 0.848437 0.630469 0.1 0.251563 0.00237846
1 0.412402 0.453125 0.0892578 0.1125 0.00222588
0 0.982813 0.163672 0.034375 0.327344 0.00220871
1 0.264453 0.285937 0.496094 0.459375 0.00219917
1 0.985547 0.574219 0.0289063 0.35625 0.00212479
0 0.716406 0.9875 0.4875 0.025 0.00212479
0 0.716406 0.990625 0.384375 0.01875 0.00208282
0 0.985547 0.574219 0.0289063 0.35625 0.0020752
0 0.527344 0.432031 0.1 0.065625 0.00203514
0 0.104785 0.55625 0.124414 0.053125 0.00201988
1 0.982813 0.225391 0.034375 0.375781 0.00194168
0 0.822656 0.752344 0.323438 0.407813 0.00192642
0 0.680469 0.503125 0.176563 0.04375 0.00188923
1 0.151953 0.285937 0.303906 0.473437 0.00179577
0 0.982813 0.246484 0.034375 0.380469 0.00176144
1 0.8875 0.480469 0.09375 0.0765625 0.00168133
1 0.112891 0.759375 0.225781 0.478125 0.00163555
0 0.579687 0.127539 0.434375 0.0941406 0.00163555
0 0.625391 0.926562 0.357031 0.139062 0.00161648
0 0.558594 0.439844 0.104687 0.173438 0.00161076
1 0.751562 0.979688 0.496875 0.040625 0.00158501
0 0.530078 0.4625 0.139844 0.0867188 0.00157356
1 0.0799805 0.920313 0.138867 0.146875 0.00157356
0 0.946875 0.421094 0.0796875 0.109375 0.00146675
0 0.580078 0.471875 0.166406 0.13125 0.00145531
0 0.896875 0.829687 0.1625 0.175 0.00145531
0 0.8375 0.194922 0.096875 0.0957031 0.00143242
0 0.413281 0.432715 0.053125 0.187695 0.00143242
0 0.694531 0.494531 0.1625 0.0484375 0.00141048
0 0.810742 0.402734 0.353516 0.264844 0.00137806
0 0.553906 0.525 0.190625 0.0382813 0.00136185
0 0.940625 0.602344 0.084375 0.1375 0.00135612
0 0.491504 0.320898 0.41543 0.305859 0.00134087
0 0.985547 0.495313 0.0289063 0.353125 0.00133514
0 0.672656 0.99375 0.276563 0.0125 0.00131512
0 0.6125 0.458594 0.107813 0.0984375 0.00130939
1 0.94375 0.945312 0.10625 0.10625 0.00129414
0 0.471875 0.528125 0.179688 0.0453125 0.00128937
1 0.848437 0.630469 0.1 0.251563 0.00127888
0 0.933594 0.942187 0.132812 0.090625 0.00125504
0 0.93125 0.199561 0.134375 0.12041 0.00123978
0 0.399316 0.530859 0.173242 0.0484375 0.00123501
1 0.848437 0.705469 0.20625 0.4125 0.00119209
1 0.875 0.864844 0.215625 0.214062 0.00118351
0 0.6 0.335938 0.209375 0.346094 0.0011692
1 0.625781 0.428906 0.103906 0.103125 0.0011692
1 0.985547 0.495313 0.0289063 0.353125 0.00116062
0 0.929688 0.631641 0.09375 0.238281 0.00115108
1 0.729297 0.3625 0.122656 0.301562 0.00114727
1 0.851367 0.832031 0.259766 0.189063 0.0011425
0 0.449219 0.501172 0.148438 0.0984375 0.00113773
0 0.455371 0.273242 0.620508 0.258203 0.00112057
1 0.953906 0.695312 0.0921875 0.339063 0.00111198
0 0.9375 0.74375 0.090625 0.117188 0.00111198
0 0.450879 0.521875 0.17168 0.0515625 0.0011034
0 0.530078 0.1125 0.186719 0.0394531 0.00109482
0 0.446094 0.447656 0.101562 0.123438 0.00109005
1 0.773828 0.303516 0.219531 0.428906 0.00104809
1 0.0751953 0.842188 0.150391 0.315625 0.00104809
0 0.85625 0.70625 0.084375 0.123438 0.00102806
1 0.983594 0.286328 0.0328125 0.383594 0.00102043
0 0.733984 0.942969 0.135156 0.05 0.00101662
0 0.939062 0.625781 0.078125 0.135937 0.00101185
1 0.716406 0.9875 0.4875 0.025 0.00100803
0 0.954687 0.464063 0.06875 0.121094 0.00100422
0 0.498437 0.457812 0.0671875 0.09375 0.160767
0 0.421094 0.454688 0.0703125 0.0984375 0.103027
1 0.498437 0.457812 0.0671875 0.09375 0.0332031
0 0.539062 0.454297 0.110937 0.0976562 0.0237274
0 0.846875 0.60625 0.109375 0.340625 0.0236053
1 0.421094 0.454688 0.0703125 0.0984375 0.0186157
0 0.475 0.455469 0.117188 0.103125 0.0123825
0 0.944531 0.696484 0.110937 0.282031 0.011734
1 0.846875 0.60625 0.109375 0.340625 0.0104523
0 0.829687 0.723047 0.20625 0.321094 0.008255
0 0.430469 0.447656 0.0578125 0.0984375 0.00746155
1 0.732422 0.327344 0.139844 0.38125 0.00706482
1 0.539062 0.454297 0.110937 0.0976562 0.00643921
0 0.732422 0.327344 0.139844 0.38125 0.00634003
1 0.892969 0.397656 0.214062 0.258594 0.00598145
0 0.557813 0.452344 0.053125 0.0953125 0.00564194
1 0.944531 0.696484 0.110937 0.282031 0.00557709
0 0.840625 0.639453 0.109375 0.261719 0.00473785
0 0.507031 0.452734 0.0570313 0.0882813 0.00469971
0 0.890625 0.480469 0.189063 0.100781 0.00387001
1 0.475 0.455469 0.117188 0.103125 0.00323486
1 0.829687 0.723047 0.20625 0.321094 0.00323486
0 0.857031 0.7 0.170312 0.271875 0.00292397
1 0.941406 0.629297 0.117188 0.422656 0.00276756
1 0.936719 0.564453 0.126563 0.571094 0.00274658
0 0.941406 0.629297 0.117188 0.422656 0.00271416
0 0.993359 0.904688 0.0132813 0.178125 0.00257111
0 0.817187 0.751172 0.29375 0.353906 0.00227928
0 0.891406 0.386719 0.217187 0.270312 0.00223351
0 0.992969 0.874219 0.0140625 0.157813 0.00223351
0 0.947656 0.648438 0.104687 0.379687 0.00223351
1 0.890625 0.480469 0.189063 0.100781 0.00212479
1 0.840625 0.639453 0.109375 0.261719 0.00211525
0 0.935547 0.948828 0.128906 0.102344 0.00191879
1 0.557813 0.452344 0.053125 0.0953125 0.00174141
0 0.828125 0.80625 0.315625 0.254687 0.00160408
1 0.993359 0.904688 0.0132813 0.178125 0.00157928
0 0.507031 0.512109 0.071875 0.0515625 0.0015192
1 0.857031 0.7 0.170312 0.271875 0.00150108
1 0.947656 0.648438 0.104687 0.379687 0.00148392
0 0.889844 0.953906 0.220313 0.0921875 0.00144386
1 0.992969 0.874219 0.0140625 0.157813 0.0014267
0 0.905469 0.949219 0.189063 0.101562 0.00141048
0 0.936719 0.564453 0.126563 0.571094 0.00140476
0 0.889844 0.00415039 0.220313 0.00830078 0.00137234
0 0.558594 0.463672 0.0726563 0.103906 0.00126934
0 0.882812 0.460938 0.178125 0.14375 0.00125504
0 0.776172 0.0048584 0.447656 0.0097168 0.0012064
1 0.988281 0.379785 0.0234375 0.357617 0.00114727
0 0.865625 0.82168 0.15625 0.144141 0.0011425
0 0.988281 0.379785 0.0234375 0.357617 0.00113392
0 0.149707 0.00424805 0.299414 0.00849609 0.00112438
0 0.55 0.457812 0.053125 0.0898438 0.00108624
1 0.890625 0.512891 0.21875 0.497656 0.00107288
0 0.994531 0.922266 0.0109375 0.155469 0.00101662
0 0.496973 0.00419922 0.481055 0.00839844 0.00101185
0 0.867188 0.370703 0.159375 0.185156 0.00100422
0 0.50625 0.442187 0.0664062 0.115625 0.224731
0 0.500781 0.45625 0.059375 0.090625 0.223389
0 0.428906 0.440625 0.0640625 0.120312 0.202393
0 0.424219 0.453906 0.0578125 0.0953125 0.122131
0 0.525781 0.442969 0.0945313 0.109375 0.0923462
0 0.430469 0.460938 0.0625 0.117969 0.0800781
0 0.510938 0.457812 0.08125 0.110937 0.0673218
1 0.50625 0.442187 0.0664062 0.115625 0.0394897
1 0.429688 0.446094 0.0632813 0.107813 0.0290833
0 0.439844 0.446094 0.08125 0.110937 0.0180511
0 0.509766 0.457812 0.053125 0.096875 0.0149536
0 0.475781 0.521094 0.159375 0.0515625 0.0145035
1 0.525781 0.442969 0.0945313 0.109375 0.0142288
0 0.501172 0.520312 0.107031 0.05 0.01297
0 0.546875 0.457812 0.0515625 0.078125 0.0118256
0 0.41416 0.441406 0.106055 0.116406 0.0102463
0 0.448438 0.455469 0.1 0.102344 0.00809479
1 0.510938 0.457812 0.08125 0.110937 0.00803375
0 0.557422 0.147363 0.300781 0.0568359 0.00570679
0 0.421094 0.522656 0.078125 0.0515625 0.00538635
0 0.404004 0.143164 0.27793 0.0597656 0.00534439
0 0.524609 0.463281 0.110937 0.0890625 0.00460815
0 0.832422 0.752344 0.335156 0.410937 0.00457382
1 0.500781 0.45625 0.059375 0.090625 0.00426483
0 0.439844 0.448438 0.0390625 0.117188 0.00400543
0 0.376172 0.524219 0.171875 0.0625 0.00374985
0 0.455078 0.14375 0.302344 0.0609375 0.00329781
1 0.41416 0.441406 0.106055 0.116406 0.00282288
0 0.846094 0.273438 0.225 0.0570313 0.0026722
0 0.496875 0.439063 0.117188 0.121094 0.00231361
1 0.501172 0.520312 0.107031 0.05 0.00211525
1 0.475781 0.521094 0.159375 0.0515625 0.00211525
0 0.353906 0.142578 0.28125 0.0609375 0.00185299
0 0.499219 0.460938 0.05 0.140625 0.00181007
0 0.516016 0.513672 0.158594 0.0585938 0.00178909
0 0.530469 0.457031 0.0421875 0.0875 0.00174141
0 0.484375 0.442969 0.0335938 0.152344 0.00173378
1 0.832422 0.752344 0.335156 0.410937 0.00154877
0 0.4125 0.44209 0.040625 0.143945 0.00150108
0 0.553125 0.454688 0.04375 0.09375 0.00143242
1 0.449219 0.44375 0.0828125 0.114063 0.00142097
0 0.538281 0.152246 0.372656 0.0564453 0.00124454
0 0.985937 0.725391 0.028125 0.419531 0.00123024
0 0.536719 0.436621 0.0890625 0.131445 0.00123024
1 0.557422 0.147363 0.300781 0.0568359 0.00109863
1 0.985937 0.725391 0.028125 0.419531 0.00108147
0 0.428906 0.451562 0.065625 0.0960938 0.39502
0 0.504297 0.458594 0.0632813 0.08125 0.284668
0 0.525781 0.460156 0.0914062 0.0757812 0.135254
0 0.511719 0.454688 0.0921875 0.090625 0.0997925
0 0.551953 0.453906 0.155469 0.117188 0.0709229
0 0.530469 0.458203 0.117188 0.109375 0.0692749
1 0.428906 0.453516 0.0648438 0.0898438 0.0470886
1 0.504297 0.458594 0.0632813 0.08125 0.0465393
0 0.45 0.452734 0.0953125 0.0960938 0.0453491
1 0.525781 0.460156 0.0914062 0.0757812 0.0302124
0 0.501953 0.450781 0.0507812 0.0765625 0.0254669
0 0.428125 0.446875 0.0515625 0.0828125 0.0181274
0 0.484766 0.461719 0.0273438 0.110937 0.0125732
0 0.485156 0.458594 0.0265625 0.1625 0.0100555
0 0.497266 0.464063 0.0453125 0.120312 0.00803375
0 0.464063 0.441406 0.124219 0.0859375 0.00731659
0 0.392871 0.451562 0.129883 0.101562 0.00706482
1 0.511719 0.454688 0.0921875 0.090625 0.00706482
0 0.411719 0.457031 0.264062 0.109375 0.00653839
1 0.551953 0.453906 0.155469 0.117188 0.0064888
1 0.530469 0.458203 0.117188 0.109375 0.00584412
0 0.521875 0.441016 0.096875 0.0804688 0.0051384
1 0.45 0.452734 0.0953125 0.0960938 0.00399017
0 0.990234 0.250195 0.0195312 0.500391 0.0039444
0 0.410156 0.455859 0.0296875 0.113281 0.00336266
0 0.420312 0.441797 0.0414063 0.103906 0.00332451
0 0.619531 0.439941 0.321875 0.14043 0.00301552
0 0.485156 0.43125 0.0265625 0.078125 0.0029583
0 0.88125 0.475 0.103125 0.075 0.00251198
1 0.990234 0.250195 0.0195312 0.500391 0.00251198
0 0.503906 0.436719 0.140625 0.0734375 0.00230598
0 0.410156 0.445312 0.028125 0.165625 0.00202751
0 0.989453 0.716797 0.0210938 0.553906 0.0019722
0 0.990234 0.174609 0.0195312 0.349219 0.00186729
0 0.469531 0.4625 0.0203125 0.16875 0.00184631
0 0.469531 0.463281 0.0203125 0.1125 0.00168705
0 0.345313 0.453125 0.288281 0.13125 0.0016613
1 0.989453 0.716797 0.0210938 0.553906 0.00131989
0 0.989453 0.318359 0.0210938 0.557031 0.00130463
0 0.521875 0.463281 0.16875 0.123438 0.0012064
0 0.427344 0.46875 0.0546875 0.0703125 0.00119686
0 0.509375 0.419531 0.0609375 0.078125 0.00113392
0 0.469141 0.44375 0.0226563 0.0640625 0.00112438
0 0.932031 0.521875 0.135937 0.0320312 0.00108147
0 0.455469 0.473828 0.0382813 0.0726563 0.00107288
0 0.516406 0.442187 0.0703125 0.110937 0.00106907
0 0.432813 0.433984 0.0578125 0.135937 0.00106525
1 0.392871 0.451562 0.129883 0.101562 0.00104809
0 0.723437 0.296826 0.146875 0.350879 0.00104809
0 0.498437 0.416406 0.046875 0.0640625 0.00103188
0 0.430469 0.453906 0.0671875 0.101562 0.877441
0 0.504687 0.456641 0.065625 0.0976562 0.799316
0 0.5125 0.460938 0.121875 0.1125 0.262939
0 0.525 0.457031 0.0984375 0.090625 0.15979
0 0.432031 0.446875 0.05625 0.153906 0.133911
0 0.5 0.447656 0.059375 0.078125 0.085083
0 0.548828 0.4625 0.0515625 0.08125 0.0806274
0 0.425781 0.450391 0.05 0.1125 0.0639648
0 0.489062 0.459766 0.0328125 0.103906 0.0630493
0 0.416406 0.45625 0.0414063 0.107813 0.0413208
1 0.426562 0.453906 0.0625 0.1 0.033844
0 0.442969 0.460938 0.0859375 0.109375 0.0327148
0 0.439063 0.445312 0.0390625 0.13125 0.0324707
1 0.504297 0.45625 0.0640625 0.0953125 0.0288086
0 0.414062 0.453125 0.0796875 0.1 0.0220337
0 0.5 0.464063 0.053125 0.090625 0.0204163
0 0.879687 0.473828 0.1375 0.0726563 0.0173798
0 0.485938 0.471094 0.025 0.140625 0.0161591
0 0.430469 0.440625 0.0625 0.078125 0.0156708
1 0.5125 0.460938 0.121875 0.1125 0.0147324
1 0.525 0.457031 0.0984375 0.090625 0.0112915
0 0.499219 0.436328 0.06875 0.0742188 0.0112
0 0.474609 0.461719 0.173438 0.1125 0.00933838
0 0.410547 0.45459 0.0257812 0.15957 0.0091629
0 0.414062 0.444922 0.0421875 0.0820312 0.00598145
0 0.494531 0.48125 0.05 0.134375 0.00521851
0 0.4875 0.448438 0.0328125 0.0765625 0.00510025
1 0.432031 0.446875 0.05625 0.153906 0.0045929
0 0.425391 0.473437 0.0554687 0.145313 0.00434875
0 0.439063 0.442969 0.08125 0.0921875 0.00429916
0 0.503906 0.478906 0.059375 0.115625 0.00400543
0 0.879687 0.479297 0.103125 0.0875 0.00311089
0 0.442187 0.450781 0.03125 0.114063 0.00304031
1 0.548828 0.4625 0.0515625 0.08125 0.00271416
0 0.411719 0.465625 0.078125 0.139062 0.00269318
1 0.414453 0.455078 0.0789063 0.107031 0.00201035
1 0.442969 0.460938 0.0859375 0.109375 0.0019722
1 0.439063 0.445312 0.0390625 0.13125 0.00178242
1 0.876562 0.470703 0.128125 0.0796875 0.00163555
0 0.540625 0.464453 0.0703125 0.075 0.0011692
0 0.449219 0.456641 0.0359375 0.219531 0.00112438
0 0.467969 0.489062 0.078125 0.125 0.00109005
0 0.472656 0.455469 0.0242187 0.216406 0.00106525
0 0.431641 0.455469 0.06875 0.0960938 0.816406
0 0.50625 0.460938 0.0695312 0.0890625 0.700684
0 0.550781 0.464844 0.0515625 0.0679687 0.27832
1 0.431641 0.455469 0.06875 0.0960938 0.178955
0 0.521094 0.457812 0.08125 0.0828125 0.156128
1 0.50625 0.460938 0.0695312 0.0890625 0.151489
0 0.433203 0.440625 0.0671875 0.078125 0.106689
0 0.507812 0.457031 0.125 0.103125 0.0977173
1 0.550781 0.464844 0.0515625 0.0679687 0.0384521
0 0.549219 0.469531 0.0578125 0.0875 0.0330811
0 0.537109 0.451172 0.0835937 0.0945313 0.0320435
0 0.488281 0.4625 0.0273438 0.096875 0.0223694
0 0.410156 0.733984 0.3875 0.453906 0.021698
0 0.386719 0.671094 0.341406 0.329688 0.0201721
0 0.476172 0.455469 0.152344 0.104687 0.0196838
0 0.499219 0.44375 0.0734375 0.10625 0.0166626
0 0.500781 0.466406 0.053125 0.075 0.0145035
1 0.433203 0.440625 0.0671875 0.078125 0.0125732
0 0.434766 0.4375 0.0703125 0.05 0.012291
0 0.507422 0.445703 0.06875 0.078125 0.0110321
0 0.557031 0.457812 0.075 0.0640625 0.00955963
0 0.426562 0.465625 0.0546875 0.071875 0.0068512
0 0.980469 0.051416 0.0390625 0.0885742 0.00651169
0 0.491797 0.713281 0.505469 0.428125 0.00593567
0 0.551172 0.452344 0.0609375 0.065625 0.00591278
0 0.439063 0.430469 0.103125 0.0703125 0.00591278
0 0.436328 0.429688 0.0835937 0.0515625 0.00559998
0 0.414844 0.455469 0.0296875 0.100781 0.00559998
1 0.507812 0.457031 0.125 0.103125 0.0055542
0 0.522266 0.440234 0.113281 0.05 0.00544739
1 0.410156 0.733984 0.3875 0.453906 0.00468063
1 0.549219 0.469531 0.0578125 0.0875 0.0046463
1 0.386719 0.671094 0.341406 0.329688 0.00413513
0 0.386621 0.442969 0.0548828 0.119531 0.00397491
1 0.521094 0.457812 0.08125 0.0828125 0.00395966
0 0.437891 0.441016 0.0671875 0.114844 0.00392914
0 0.98125 0.074707 0.0375 0.141211 0.00367928
1 0.500781 0.466406 0.053125 0.075 0.00351143
0 0.465625 0.463281 0.04375 0.08125 0.00318527
0 0.338086 0.630078 0.290234 0.261719 0.00317192
0 0.435937 0.441016 0.0640625 0.164062 0.00317192
0 0.346289 0.708203 0.299609 0.392969 0.00259018
0 0.890625 0.477734 0.159375 0.0648438 0.00251198
1 0.488281 0.4625 0.0273438 0.096875 0.00242424
1 0.537109 0.451172 0.0835937 0.0945313 0.0024147
0 0.467285 0.604688 0.231055 0.220313 0.00226021
0 0.394434 0.611719 0.273633 0.225 0.00202751
1 0.491797 0.713281 0.505469 0.428125 0.00198746
0 0.466406 0.45 0.0453125 0.0671875 0.0019722
1 0.557031 0.457812 0.075 0.0640625 0.00192642
1 0.507422 0.445703 0.06875 0.078125 0.00186062
1 0.434766 0.4375 0.0703125 0.05 0.00183105
1 0.426562 0.465625 0.0546875 0.071875 0.00178242
0 0.411719 0.462891 0.0226563 0.0945313 0.00171375
0 0.446875 0.440527 0.0421875 0.143945 0.0016613
1 0.476172 0.455469 0.152344 0.104687 0.00162315
0 0.497656 0.437109 0.147656 0.135156 0.00157928
0 0.374609 0.445312 0.0695312 0.115625 0.00153637
0 0.426562 0.483594 0.053125 0.046875 0.00149536
0 0.500391 0.480078 0.0523437 0.0539063 0.00138855
0 0.467578 0.468359 0.034375 0.15 0.00137806
1 0.0695312 0.663672 0.139062 0.176563 0.00137234
0 0.452734 0.467578 0.0320312 0.128125 0.00132465
1 0.980469 0.051416 0.0390625 0.0885742 0.00129986
0 0.486719 0.476953 0.0234375 0.0742188 0.00126934
0 0.979688 0.062207 0.040625 0.11875 0.0012598
0 0.514844 0.423438 0.146875 0.166406 0.00113773
1 0.439063 0.430469 0.103125 0.0703125 0.00113392
0 0.525781 0.430469 0.0953125 0.135937 0.00112057
0 0.440625 0.510938 0.0515625 0.104687 0.00110722
0 0.528906 0.611719 0.285937 0.260938 0.00106907
0 0.496094 0.493359 0.0515625 0.121094 0.00106049
0 0.428906 0.45625 0.0609375 0.101562 0.694336
0 0.501172 0.457031 0.05625 0.09375 0.554688
0 0.520312 0.460156 0.0828125 0.0984375 0.187744
0 0.417969 0.451562 0.08125 0.109375 0.0769653
1 0.424219 0.457031 0.05625 0.0984375 0.0552063
1 0.502344 0.457031 0.0546875 0.0984375 0.0414734
0 0.530469 0.468359 0.090625 0.110937 0.0301514
0 0.387402 0.451562 0.118945 0.114063 0.0231476
0 0.492578 0.428906 0.0914062 0.071875 0.019455
0 0.550781 0.4625 0.0515625 0.0765625 0.0157166
0 0.501172 0.474219 0.0515625 0.115625 0.0126724
1 0.520312 0.460156 0.0828125 0.0984375 0.00933838
0 0.509375 0.448438 0.0757812 0.0984375 0.0088501
0 0.532812 0.447656 0.107813 0.134375 0.00769424
0 0.425781 0.470313 0.0523437 0.135937 0.00728989
0 0.414844 0.473437 0.0765625 0.140625 0.00725937
0 0.534375 0.462891 0.0664062 0.0757812 0.00564194
1 0.432031 0.461719 0.0546875 0.107813 0.0055542
1 0.417969 0.451562 0.08125 0.109375 0.00494385
1 0.550781 0.4625 0.0515625 0.0765625 0.0037365
0 0.489062 0.460156 0.145313 0.115625 0.00328636
0 0.432422 0.441504 0.05 0.135742 0.00286674
0 0.555859 0.484375 0.128906 0.104687 0.00273705
1 0.436719 0.460938 0.078125 0.109375 0.00250244
0 0.432813 0.449219 0.053125 0.078125 0.0024147
1 0.530469 0.468359 0.090625 0.110937 0.00201988
1 0.501172 0.474219 0.0515625 0.115625 0.0019722
0 0.4375 0.455469 0.0390625 0.15625 0.0017271
0 0.441016 0.437891 0.0773437 0.0960938 0.0017004
1 0.389844 0.454297 0.111719 0.1125 0.0015974
0 0.419922 0.464844 0.0398437 0.0984375 0.00157356
0 0.475391 0.673047 0.564844 0.522656 0.00157356
1 0.425781 0.470313 0.0523437 0.135937 0.00153637
0 0.452441 0.460938 0.193555 0.121875 0.00148392
1 0.414844 0.473437 0.0765625 0.140625 0.00146103
0 0.386719 0.69375 0.382812 0.504687 0.00144958
1 0.432422 0.441504 0.05 0.135742 0.00138855
0 0.494531 0.465625 0.0390625 0.096875 0.00121593
0 0.465625 0.505859 0.115625 0.0804688 0.00118828
1 0.534375 0.462891 0.0664062 0.0757812 0.00113392
0 0.457031 0.439844 0.0140625 0.18125 0.00112915
0 0.45625 0.450781 0.015625 0.123438 0.00104046
0 0.446094 0.490234 0.05625 0.127344 0.00101185
0 0.501953 0.464844 0.0554687 0.0953125 0.728027
0 0.426562 0.458594 0.05625 0.0984375 0.699219
0 0.514844 0.465625 0.0765625 0.0890625 0.113953
0 0.551562 0.463672 0.05 0.0734375 0.0742188
0 0.424609 0.450391 0.0828125 0.107031 0.0605164
1 0.501953 0.464844 0.0554687 0.0953125 0.0570679
1 0.426562 0.458594 0.05625 0.0984375 0.0544128
0 0.535547 0.464844 0.0804688 0.090625 0.049408
0 0.502344 0.461719 0.115625 0.10625 0.0424805
0 0.432422 0.451172 0.0515625 0.0867188 0.0218658
0 0.4375 0.449219 0.0414063 0.110937 0.0208893
0 0.5375 0.449219 0.0945313 0.117188 0.0142288
0 0.499219 0.425 0.08125 0.0765625 0.0121002
0 0.509375 0.446875 0.075 0.103125 0.0115967
0 0.391406 0.444141 0.100781 0.120312 0.00993347
1 0.551562 0.463672 0.05 0.0734375 0.00717545
1 0.535547 0.464844 0.0804688 0.090625 0.00609589
1 0.424609 0.450391 0.0828125 0.107031 0.00486755
1 0.514844 0.465625 0.0765625 0.0890625 0.00446701
0 0.428516 0.475781 0.0554687 0.0664062 0.00446701
0 0.541016 0.462891 0.0390625 0.0796875 0.00403976
0 0.41875 0.464063 0.0375 0.0929687 0.00286674
1 0.502344 0.461719 0.115625 0.10625 0.00282288
0 0.442187 0.451562 0.0296875 0.110937 0.00265312
0 0.507812 0.467187 0.04375 0.0734375 0.00258064
0 0.494531 0.467187 0.0375 0.0953125 0.00244331
0 0.507031 0.455859 0.0507812 0.078125 0.00237846
1 0.4375 0.449219 0.0414063 0.110937 0.00234222
0 0.467969 0.460156 0.173438 0.108594 0.00229645
0 0.510156 0.503906 0.101562 0.0515625 0.00171375
0 0.533594 0.460547 0.136719 0.116406 0.00153065
1 0.5375 0.449219 0.0945313 0.117188 0.00130463
1 0.432422 0.451172 0.0515625 0.0867188 0.00127411
0 0.504687 0.491797 0.0609375 0.0578125 0.0011692
0 0.575 0.428125 0.160156 0.120312 0.00116062
0 0.428125 0.458203 0.0625 0.100781 0.692871
0 0.502344 0.462891 0.0601562 0.096875 0.59082
0 0.519531 0.463281 0.0859375 0.0921875 0.137573
0 0.532031 0.467969 0.084375 0.1 0.0963745
0 0.550391 0.461719 0.053125 0.0765625 0.0881958
0 0.539062 0.449219 0.117188 0.126563 0.0541992
1 0.425391 0.454688 0.0585938 0.0984375 0.036499
0 0.505859 0.459766 0.0484375 0.0835937 0.0348816
0 0.435156 0.455469 0.046875 0.0921875 0.0344849
1 0.501953 0.458984 0.0570313 0.0960938 0.0269623
0 0.496094 0.422656 0.0734375 0.0671875 0.0150757
0 0.50625 0.444141 0.071875 0.096875 0.0136337
0 0.399121 0.714844 0.420508 0.435937 0.0108185
0 0.479688 0.292188 0.603125 0.447656 0.0078125
1 0.550391 0.461719 0.053125 0.0765625 0.00712204
1 0.532031 0.467969 0.084375 0.1 0.00679779
0 0.394531 0.453125 0.0851562 0.103125 0.00636292
0 0.574219 0.434375 0.178125 0.128125 0.00591278
0 0.425781 0.464453 0.053125 0.0789063 0.005867
0 0.438281 0.45 0.0359375 0.104687 0.00426483
1 0.435156 0.455469 0.046875 0.0921875 0.00407028
0 0.4875 0.457031 0.164062 0.10625 0.00397491
1 0.519531 0.463281 0.0859375 0.0921875 0.00345612
0 0.351562 0.311719 0.349219 0.409375 0.00344276
1 0.485156 0.292578 0.603125 0.449219 0.00294685
1 0.428125 0.460938 0.0484375 0.0828125 0.00288963
0 0.400781 0.286328 0.44375 0.403906 0.0027256
0 0.436719 0.464844 0.065625 0.101562 0.00244331
1 0.539062 0.449219 0.117188 0.126563 0.00240517
1 0.399121 0.714844 0.420508 0.435937 0.00209045
0 0.5 0.478906 0.0546875 0.104687 0.00176811
0 0.425781 0.478906 0.0546875 0.110156 0.00164223
0 0.442187 0.498437 0.034375 0.10625 0.00161076
0 0.496484 0.497656 0.0515625 0.08125 0.00158501
0 0.54375 0.430859 0.126563 0.107813 0.00144386
0 0.417578 0.501953 0.0710938 0.078125 0.00131989
0 0.882812 0.934375 0.2 0.13125 0.00124454
0 0.492188 0.4625 0.034375 0.09375 0.00119686
1 0.400781 0.286328 0.44375 0.403906 0.00116539
1 0.438281 0.45 0.0359375 0.104687 0.00116539
0 0.588672 0.45 0.171094 0.123438 0.00116062
0 0.487402 0.710156 0.55957 0.448438 0.0011158
0 0.501562 0.929688 0.559375 0.1375 0.00111198
0 0.538281 0.454297 0.0359375 0.0664062 0.00110722
1 0.351562 0.311719 0.349219 0.409375 0.00106525
0 0.501953 0.464453 0.0554687 0.0953125 0.728027
0 0.426562 0.458594 0.05625 0.0984375 0.699219
0 0.514844 0.465625 0.0765625 0.0890625 0.113953
0 0.551562 0.463672 0.05 0.0734375 0.0742188
0 0.424609 0.450391 0.0828125 0.107031 0.0605164
1 0.501953 0.464453 0.0554687 0.0953125 0.0570679
1 0.426562 0.458594 0.05625 0.0984375 0.0544128
0 0.535547 0.465234 0.0804688 0.0898438 0.049408
0 0.502344 0.461719 0.115625 0.10625 0.0426331
0 0.432422 0.451172 0.0515625 0.0867188 0.0218658
0 0.4375 0.449219 0.0414063 0.110937 0.0209656
0 0.5375 0.449219 0.09375 0.117188 0.0141754
0 0.499219 0.424609 0.08125 0.0765625 0.0121002
0 0.509375 0.447266 0.075 0.102344 0.0115967
0 0.391309 0.444141 0.100195 0.120312 0.00989532
1 0.551562 0.463672 0.05 0.0734375 0.00717545
1 0.535547 0.465234 0.0804688 0.0898438 0.00609589
1 0.424609 0.450391 0.0828125 0.107031 0.00486755
0 0.428516 0.475781 0.0554687 0.0664062 0.00446701
1 0.514844 0.465625 0.0765625 0.0890625 0.00446701
0 0.541016 0.462891 0.0390625 0.0796875 0.00403976
0 0.41875 0.464063 0.0375 0.0929687 0.00286674
1 0.502344 0.461719 0.115625 0.10625 0.00282288
0 0.442187 0.451562 0.0296875 0.110937 0.00265312
0 0.507812 0.467187 0.04375 0.0734375 0.00257111
0 0.494531 0.467187 0.0375 0.0953125 0.00244331
0 0.507031 0.455859 0.0507812 0.078125 0.00237846
1 0.4375 0.449219 0.0414063 0.110937 0.00234985
0 0.467969 0.460156 0.173438 0.108594 0.00231361
0 0.510156 0.503906 0.101562 0.0515625 0.0017004
0 0.533594 0.460156 0.136719 0.115625 0.00153637
1 0.5375 0.449219 0.09375 0.117188 0.00130463
1 0.432422 0.451172 0.0515625 0.0867188 0.00127411
0 0.504687 0.491797 0.0609375 0.0578125 0.00116539
0 0.575 0.428125 0.160156 0.120312 0.00115585
0 0.430078 0.502344 0.065625 0.0976562 0.00100422
