1 0.475781 0.572266 0.659375 0.821094 0.491211
0 0.472754 0.570312 0.670117 0.825 0.355713
1 0.45 0.784375 0.560938 0.39375 0.122742
1 0.459375 0.711328 0.640625 0.542969 0.048584
0 0.487891 0.799219 0.521875 0.365625 0.0391846
0 0.860156 0.59209 0.129688 0.748633 0.0344849
0 0.464746 0.743359 0.592383 0.478906 0.0283356
0 0.208936 0.642578 0.173535 0.367969 0.0217438
0 0.542969 0.26958 0.125 0.217871 0.0162201
0 0.386816 0.773438 0.195117 0.18125 0.0135345
0 0.408203 0.269727 0.161719 0.229297 0.00978088
1 0.860156 0.59209 0.129688 0.748633 0.00763702
0 0.210986 0.604688 0.155371 0.490625 0.00564194
0 0.764844 0.903125 0.1875 0.13125 0.00542831
0 0.769531 0.864062 0.184375 0.2 0.00540543
1 0.208936 0.642578 0.173535 0.367969 0.00538635
0 0.573438 0.26543 0.19375 0.208984 0.00374985
0 0.785156 0.81582 0.1625 0.262109 0.00312424
0 0.357812 0.775195 0.138281 0.180859 0.00307465
1 0.542969 0.26958 0.125 0.217871 0.00226021
0 0.592578 0.791406 0.457031 0.3875 0.00219917
1 0.386816 0.773438 0.195117 0.18125 0.00205803
0 0.2125 0.671094 0.154297 0.26875 0.00203514
0 0.397656 0.798437 0.507812 0.364062 0.00188255
0 0.207031 0.570312 0.174219 0.340625 0.0015974
0 0.0945313 0.849219 0.189063 0.173438 0.00154305
0 0.664844 0.586719 0.295312 0.826563 0.0015192
1 0.764844 0.903125 0.1875 0.13125 0.00134087
0 0.446094 0.273779 0.196875 0.229004 0.00127888
0 0.488281 0.729688 0.214062 0.178125 0.00127888
1 0.778125 0.839063 0.1625 0.24375 0.00126457
0 0.758594 0.926562 0.182812 0.1 0.0012207
0 0.865625 0.555469 0.142188 0.395312 0.0012207
0 0.348437 0.766406 0.11875 0.146875 0.0012064
0 0.85625 0.541406 0.096875 0.4875 0.00119686
0 0.839063 0.578906 0.157813 0.801562 0.00109005
0 0.540625 0.828906 0.459375 0.320312 0.00104809
0 0.375391 0.273047 0.194531 0.2375 0.00103664
0 0.446484 0.333154 0.738281 0.334473 0.662598
0 0.43916 0.408691 0.749805 0.351367 0.424316
0 0.451953 0.489844 0.727344 0.404687 0.413086
0 0.408984 0.8375 0.753906 0.273438 0.24292
0 0.452344 0.558984 0.73125 0.600781 0.190674
0 0.4875 0.299609 0.890625 0.247656 0.154541
0 0.513281 0.246924 0.892187 0.151465 0.154053
0 0.408203 0.874805 0.811719 0.209766 0.132935
1 0.486719 0.305469 0.829687 0.261719 0.0705566
1 0.455078 0.38916 0.719531 0.379492 0.0564575
1 0.451953 0.489844 0.727344 0.404687 0.0444336
0 0.298047 0.692187 0.596094 0.309375 0.0428772
0 0.33418 0.933984 0.668359 0.132031 0.0399475
0 0.300391 0.746094 0.600781 0.292188 0.0383301
0 0.375391 0.300391 0.750781 0.600781 0.0375977
0 0.415625 0.788867 0.829687 0.334766 0.0372009
1 0.408984 0.8375 0.753906 0.273438 0.035553
0 0.408203 0.928906 0.816406 0.129688 0.0331421
1 0.452344 0.558984 0.73125 0.600781 0.0325317
1 0.513281 0.246924 0.892187 0.151465 0.0321045
0 0.335742 0.9 0.671484 0.179688 0.0309143
0 0.273047 0.644141 0.546094 0.341406 0.0303802
0 0.298828 0.84082 0.597656 0.255859 0.0289307
0 0.298438 0.797656 0.596875 0.278125 0.0272675
0 0.635547 0.671094 0.610156 0.573438 0.0258636
0 0.323438 0.874219 0.646875 0.235938 0.0218658
0 0.339844 0.701563 0.679688 0.304688 0.0215302
0 0.514453 0.148242 0.914844 0.259766 0.0213623
1 0.408203 0.874805 0.811719 0.209766 0.0212097
0 0.423047 0.744141 0.771094 0.464844 0.0209656
0 0.753125 0.767187 0.326562 0.45625 0.0198364
0 0.284961 0.868555 0.569922 0.225391 0.0186462
0 0.358398 0.754297 0.672266 0.305469 0.0170441
0 0.767969 0.810742 0.28125 0.378516 0.016922
0 0.29668 0.594531 0.593359 0.3375 0.0161591
0 0.428516 0.556152 0.857031 0.483008 0.0151291
0 0.310742 0.924219 0.621484 0.151562 0.0145035
0 0.392578 0.660156 0.785156 0.328125 0.0135345
0 0.37207 0.444141 0.744141 0.566406 0.0127258
0 0.27832 0.516406 0.556641 0.444531 0.0109024
0 0.772656 0.494922 0.0734375 0.114844 0.0107803
0 0.348828 0.595312 0.697656 0.36875 0.0100098
0 0.752734 0.688281 0.494531 0.570312 0.00912476
0 0.435156 0.266016 0.870313 0.189844 0.0078125
0 0.425 0.661719 0.85 0.4375 0.00757599
0 0.729297 0.617969 0.541406 0.603125 0.00746155
0 0.871094 0.247461 0.246875 0.407422 0.00743103
0 0.518359 0.578906 0.114063 0.104687 0.0068512
0 0.599219 0.630859 0.479688 0.535156 0.00682449
0 0.695703 0.755469 0.458594 0.454688 0.00679779
1 0.408203 0.928906 0.816406 0.129688 0.00651169
1 0.514453 0.148242 0.914844 0.259766 0.00638962
1 0.33418 0.933984 0.668359 0.132031 0.00600433
0 0.755469 0.425879 0.103125 0.106055 0.00579834
1 0.423047 0.744141 0.771094 0.464844 0.00575256
1 0.415625 0.788867 0.829687 0.334766 0.00572968
0 0.593848 0.517285 0.556055 0.338867 0.00566483
0 0.383203 0.213672 0.766406 0.427344 0.00538635
0 0.480859 0.507422 0.719531 0.279687 0.0051384
1 0.375391 0.300391 0.750781 0.600781 0.00482941
0 0.498047 0.825195 0.553906 0.299609 0.00457382
0 0.404687 0.308203 0.809375 0.272656 0.00408554
0 0.373242 0.3375 0.746484 0.474219 0.00395966
0 0.568848 0.73125 0.69668 0.476562 0.00359344
1 0.335742 0.9 0.671484 0.179688 0.00299263
0 0.770312 0.564941 0.459375 0.632617 0.00296974
0 0.812305 0.231641 0.362891 0.400781 0.00286674
0 0.410156 0.261133 0.820312 0.269922 0.0026722
0 0.746094 0.41875 0.129688 0.084375 0.00252151
0 0.359766 0.369336 0.719531 0.677734 0.00250244
1 0.428516 0.556152 0.857031 0.483008 0.0024929
0 0.7625 0.49375 0.103125 0.0984375 0.00226974
1 0.310742 0.924219 0.621484 0.151562 0.00223351
0 0.242969 0.725781 0.485938 0.35 0.00212479
0 0.650781 0.253711 0.158594 0.0476562 0.00209045
0 0.987109 0.554688 0.0257812 0.159375 0.00205803
0 0.513281 0.6 0.117188 0.071875 0.0020504
1 0.430859 0.338086 0.797656 0.338672 0.00199509
0 0.596875 0.521777 0.4875 0.498633 0.00194931
0 0.253906 0.43291 0.507812 0.535742 0.00177479
0 0.774609 0.478125 0.0742188 0.196875 0.00175476
0 0.713672 0.301172 0.0976562 0.115625 0.0016489
0 0.772266 0.464453 0.0742188 0.139844 0.00162315
0 0.386719 0.749219 0.146094 0.0625 0.00161076
0 0.989844 0.507031 0.0203125 0.14375 0.00160408
1 0.425 0.661719 0.85 0.4375 0.00157928
0 0.617969 0.429297 0.634375 0.369531 0.00151253
0 0.237109 0.591406 0.474219 0.4625 0.0014782
0 0.834961 0.525781 0.330078 0.676562 0.00139904
0 0.74375 0.345703 0.096875 0.107813 0.00136662
0 0.985937 0.595312 0.028125 0.160938 0.00132465
0 0.350781 0.955078 0.675 0.0898438 0.00129986
0 0.3875 0.935156 0.139062 0.0609375 0.00127411
1 0.987109 0.554688 0.0257812 0.159375 0.0012598
1 0.291211 0.892187 0.582422 0.19375 0.00124454
0 0.536719 0.459766 0.609375 0.269531 0.00124454
0 0.888281 0.449902 0.214062 0.748633 0.00123978
0 0.561328 0.791992 0.628906 0.359766 0.00122547
0 0.761328 0.919531 0.217969 0.160938 0.00121593
1 0.383203 0.213672 0.766406 0.427344 0.00115108
1 0.323438 0.874219 0.646875 0.235938 0.00115108
0 0.991406 0.48125 0.0171875 0.135937 0.00112438
1 0.435156 0.266016 0.870313 0.189844 0.00109863
0 0.760547 0.441797 0.107031 0.11875 0.00109005
1 0.39375 0.716406 0.7875 0.325 0.00107288
0 0.735547 0.332617 0.108594 0.0832031 0.00102425
1 0.392578 0.660156 0.785156 0.328125 0.00100803
1 0.473828 0.566406 0.702344 0.810938 0.910645
0 0.469922 0.562891 0.685156 0.811719 0.00473785
0 0.144336 0.0060791 0.288672 0.0121582 0.00226021
0 0.898438 0.00524902 0.203125 0.010498 0.00160408
0 0.619922 0.00493164 0.478906 0.00986328 0.00123024
0 0.396973 0.00472412 0.481055 0.00944824 0.0012207
0 0.52334 0.00466309 0.483008 0.00932617 0.00104809
0 0.253906 0.00490723 0.460938 0.00981445 0.00102425
1 0.466016 0.553906 0.672656 0.839063 0.893066
0 0.466016 0.553906 0.672656 0.839063 0.00679779
0 0.497656 0.991406 0.171875 0.0171875 0.00139427
1 0.474316 0.577344 0.666992 0.804688 0.863281
0 0.474219 0.575391 0.675 0.813281 0.0138474
1 0.309375 0.503125 0.109375 0.238281 0.00135136
1 0.472656 0.571875 0.682813 0.823438 0.934082
0 0.475781 0.571875 0.682813 0.81875 0.00469971
1 0.477734 0.570312 0.689844 0.8125 0.907227
0 0.478906 0.568359 0.690625 0.813281 0.0201721
1 0.476465 0.566406 0.686133 0.804688 0.897461
0 0.483203 0.578516 0.713281 0.819531 0.00134563
1 0.495703 0.571094 0.697656 0.81875 0.885254
0 0.498828 0.569531 0.697656 0.817187 0.0222473
1 0.47666 0.571484 0.685742 0.810156 0.898926
0 0.478027 0.575781 0.69082 0.801562 0.00193405
1 0.49541 0.571094 0.698242 0.81875 0.885742
0 0.498828 0.569531 0.697656 0.817187 0.0220795
