0 0.510547 0.5625 0.697656 0.773438 0.909668
0 0.501172 0.68125 0.692969 0.540625 0.109314
0 0.439063 0.732031 0.575 0.426562 0.0789185
0 0.492188 0.774219 0.66875 0.345313 0.0552063
1 0.513379 0.569922 0.706055 0.763281 0.0250854
0 0.889844 0.806445 0.185937 0.233984 0.0150146
1 0.501172 0.68125 0.692969 0.540625 0.00374985
0 0.400781 0.158398 0.1125 0.178516 0.00366402
1 0.889844 0.806445 0.185937 0.233984 0.00312424
1 0.439063 0.732031 0.575 0.426562 0.00279999
0 0.890625 0.753516 0.182812 0.327344 0.00251198
0 0.917969 0.608691 0.164062 0.62168 0.00225258
0 0.232031 0.132812 0.316406 0.0621094 0.00209999
0 0.917188 0.665234 0.165625 0.532031 0.00170708
1 0.492188 0.774219 0.66875 0.345313 0.00162315
0 0.23418 0.120703 0.282422 0.0445312 0.00157356
0 0.215039 0.162695 0.355078 0.114453 0.00136662
0 0.557813 0.727734 0.578125 0.436719 0.0012598
1 0.400781 0.158398 0.1125 0.178516 0.00123024
0 0.137207 0.170508 0.273242 0.123438 0.00109482
0 0.505078 0.562109 0.702344 0.791406 0.89502
0 0.507422 0.796094 0.686719 0.317187 0.101257
1 0.508203 0.546777 0.717969 0.79082 0.0650024
0 0.228125 0.802539 0.335938 0.394922 0.062439
0 0.409277 0.175732 0.0783203 0.0938477 0.058136
0 0.189258 0.719531 0.348437 0.510938 0.049408
0 0.277734 0.8375 0.426562 0.325 0.0379639
0 0.905469 0.628125 0.189063 0.560938 0.0344849
0 0.044873 0.851953 0.0897461 0.296094 0.0316772
0 0.874219 0.607129 0.251563 0.595117 0.0298157
0 0.34375 0.804883 0.55 0.390234 0.0257568
0 0.510547 0.726953 0.688281 0.432031 0.00985718
0 0.147363 0.603516 0.252148 0.622656 0.00793457
0 0.410937 0.159399 0.0765625 0.170264 0.00695801
0 0.329688 0.16748 0.139844 0.0505859 0.00658798
0 0.374609 0.566406 0.0835937 0.096875 0.00503922
1 0.34375 0.804883 0.55 0.390234 0.00416565
1 0.0469727 0.85918 0.0939453 0.281641 0.00415039
0 0.358984 0.854688 0.566406 0.2875 0.00392914
0 0.286328 0.159961 0.547656 0.123438 0.00390053
0 0.426953 0.828906 0.683594 0.342187 0.00388527
0 0.0441406 0.807031 0.0882813 0.385938 0.00388527
0 0.411816 0.191016 0.10293 0.0753906 0.00374985
0 0.900781 0.716406 0.1875 0.40625 0.00311089
1 0.277734 0.8375 0.426562 0.325 0.00300407
0 0.373633 0.555469 0.0800781 0.0640625 0.00287819
0 0.413184 0.162793 0.0798828 0.0767578 0.00266266
1 0.286328 0.159961 0.547656 0.123438 0.00254059
0 0.32832 0.17832 0.143359 0.0414063 0.00235939
1 0.228125 0.802539 0.335938 0.394922 0.00226021
0 0.319922 0.153711 0.158594 0.0480469 0.00224304
0 0.857813 0.535937 0.284375 0.753125 0.00221634
0 0.80625 0.374414 0.090625 0.129297 0.00219917
0 0.884375 0.267969 0.209375 0.515625 0.00212479
0 0.053125 0.910156 0.10625 0.179688 0.00197983
0 0.4625 0.85625 0.809375 0.260938 0.00187492
1 0.472266 0.831055 0.783594 0.266016 0.00184631
0 0.0470703 0.869727 0.0941406 0.260547 0.00177479
1 0.189258 0.719531 0.348437 0.510938 0.00174809
0 0.418359 0.165039 0.107031 0.140234 0.00170708
0 0.844531 0.201562 0.2375 0.386719 0.00167465
0 0.825 0.562891 0.075 0.128906 0.00167465
0 0.339258 0.592578 0.394922 0.667969 0.00134563
0 0.827734 0.584375 0.344531 0.642187 0.00127411
0 0.0500488 0.839844 0.100098 0.320312 0.0012064
0 0.0404785 0.838867 0.080957 0.275391 0.00118828
0 0.825 0.587109 0.075 0.127344 0.00117397
0 0.0616089 0.914062 0.0888916 0.171875 0.0011692
0 0.352344 0.682422 0.410156 0.496094 0.00110722
0 0.692187 0.558203 0.382812 0.753906 0.00109005
0 0.825 0.553125 0.078125 0.19375 0.00107288
0 0.503906 0.555859 0.732813 0.760156 0.808105
1 0.501953 0.563184 0.727344 0.761133 0.0285492
0 0.255859 0.155176 0.314063 0.101758 0.00457382
0 0.897656 0.00570068 0.204688 0.0114014 0.00277901
0 0.145215 0.00595703 0.29043 0.0119141 0.00185299
1 0.255859 0.155176 0.314063 0.101758 0.00182438
0 0.198437 0.00585938 0.396875 0.0117188 0.00159168
0 0.766406 0.00489502 0.467187 0.00979004 0.00118828
0 0.256641 0.00539551 0.433594 0.010791 0.00104427
0 0.619531 0.00499268 0.4875 0.00998535 0.00100803
0 0.501562 0.552734 0.717188 0.758594 0.810059
1 0.503223 0.555469 0.73418 0.771875 0.137573
0 0.0170898 0.760938 0.0341797 0.229687 0.00328636
0 0.190234 0.158203 0.33125 0.141406 0.00214958
0 0.0270508 0.751562 0.0541016 0.23125 0.0015192
0 0.210156 0.20293 0.384375 0.198437 0.00137806
1 0.0170898 0.760938 0.0341797 0.229687 0.00119686
0 0.376172 0.386328 0.466406 0.416406 0.0011692
0 0.467285 0.421484 0.657617 0.486719 0.00104809
0 0.505566 0.568359 0.701367 0.782031 0.885742
1 0.506641 0.563184 0.707031 0.770508 0.107971
0 0.504687 0.557813 0.726562 0.790625 0.908691
0 0.363086 0.549219 0.0597656 0.0640625 0.0448608
1 0.50791 0.557715 0.71543 0.781445 0.0321045
0 0.352344 0.547656 0.0585938 0.0625 0.00397491
0 0.3625 0.575781 0.0570313 0.109375 0.00176811
0 0.369922 0.561328 0.0671875 0.0890625 0.00174141
1 0.362891 0.546094 0.0585938 0.0640625 0.00130463
0 0.354688 0.553125 0.141406 0.0859375 0.00104046
0 0.506934 0.567187 0.723633 0.809375 0.911133
1 0.503516 0.552441 0.735156 0.787305 0.0341797
0 0.239453 0.158789 0.478906 0.10625 0.00184631
0 0.198877 0.187158 0.341309 0.174902 0.00109005
0 0.495996 0.561816 0.714258 0.788867 0.82666
1 0.498535 0.561621 0.713867 0.767383 0.0137405
0 0.516406 0.553223 0.698438 0.795117 0.868164
1 0.509766 0.556152 0.699219 0.78457 0.0292511
0 0.510059 0.55459 0.718945 0.768945 0.884277
1 0.505371 0.563672 0.717383 0.766406 0.0126724
0 0.516406 0.553809 0.698438 0.795508 0.868164
1 0.509766 0.556152 0.699219 0.78457 0.029541
