0 0.522656 0.510938 0.870313 0.828125 0.833008
0 0.528516 0.653906 0.827344 0.554688 0.407227
0 0.263477 0.121582 0.269922 0.221289 0.235107
1 0.263477 0.121582 0.269922 0.221289 0.0668335
0 0.394922 0.709766 0.575 0.433594 0.0658569
1 0.534375 0.51875 0.8375 0.81875 0.0484924
0 0.198096 0.135547 0.117871 0.198828 0.0477905
0 0.402734 0.771875 0.595312 0.30625 0.0314941
1 0.198096 0.135547 0.117871 0.198828 0.0125275
0 0.228564 0.1375 0.183496 0.200781 0.0124283
1 0.528516 0.653906 0.827344 0.554688 0.0119629
0 0.325391 0.118652 0.166406 0.197461 0.0116425
0 0.206641 0.303125 0.105859 0.1 0.00481033
0 0.482031 0.188281 0.20625 0.2 0.0045929
0 0.515234 0.767578 0.813281 0.324219 0.00432968
1 0.322266 0.11543 0.171875 0.225391 0.00372124
0 0.264258 0.115234 0.278516 0.230469 0.00349617
1 0.228564 0.1375 0.183496 0.200781 0.00342941
0 0.393066 0.249219 0.120117 0.330469 0.00219154
1 0.394922 0.709766 0.575 0.433594 0.00181007
0 0.213086 0.320703 0.103125 0.129688 0.00168133
0 0.518359 0.185352 0.230469 0.194531 0.00157356
1 0.264258 0.115234 0.278516 0.230469 0.00153637
0 0.61416 0.448047 0.69043 0.707031 0.00145531
0 0.370703 0.277344 0.174219 0.2375 0.00131512
1 0.390234 0.26582 0.129688 0.344922 0.00110722
0 0.289111 0.719531 0.37959 0.398438 0.00104046
0 0.598437 0.512891 0.74375 0.822656 0.872559
0 0.272217 0.117578 0.266504 0.222266 0.842773
0 0.456641 0.50625 0.721094 0.840625 0.309082
0 0.494531 0.77793 0.85 0.316016 0.0399475
1 0.513281 0.507812 0.907812 0.84375 0.0308533
0 0.489062 0.265674 0.865625 0.339746 0.029541
0 0.265039 0.545313 0.341797 0.640625 0.0263519
0 0.294531 0.829492 0.589063 0.341016 0.0255127
1 0.270117 0.114355 0.267578 0.224414 0.0183411
0 0.479688 0.407422 0.929688 0.626562 0.0178528
0 0.143555 0.306201 0.252734 0.360254 0.016922
0 0.571973 0.244092 0.674805 0.292285 0.0129242
0 0.532031 0.630078 0.8625 0.592969 0.00723267
0 0.153711 0.394531 0.283594 0.576563 0.00717545
0 0.208398 0.0541992 0.0839844 0.108398 0.00682449
1 0.489062 0.265674 0.865625 0.339746 0.00572968
1 0.316602 0.814062 0.633203 0.371875 0.00521851
0 0.358594 0.0573242 0.0789063 0.114648 0.00453949
1 0.571973 0.244092 0.674805 0.292285 0.00446701
0 0.914844 0.385938 0.170312 0.560156 0.00443268
0 0.320312 0.112109 0.171094 0.224219 0.00438309
0 0.349219 0.0539551 0.104687 0.0948242 0.00405502
0 0.30332 0.277734 0.103516 0.0914062 0.00356483
0 0.29043 0.870703 0.580859 0.258594 0.00337601
0 0.830859 0.51875 0.338281 0.6375 0.00305176
0 0.882812 0.424219 0.234375 0.605469 0.00242424
0 0.233203 0.462891 0.446094 0.807031 0.00237846
0 0.312695 0.298438 0.101953 0.147656 0.0020752
0 0.966016 0.679688 0.0679687 0.129688 0.00198746
1 0.29043 0.870703 0.580859 0.258594 0.00197983
0 0.850391 0.613672 0.299219 0.591406 0.00176811
0 0.248437 0.378125 0.142188 0.05 0.00152493
0 0.299805 0.353125 0.118359 0.059375 0.00151253
0 0.525391 0.724609 0.849219 0.410156 0.00147247
0 0.960938 0.700391 0.078125 0.125 0.00139904
0 0.361719 0.0863281 0.0789063 0.126563 0.00131512
0 0.914453 0.730859 0.171094 0.538281 0.00130939
0 0.207422 0.0646484 0.100781 0.103125 0.00127888
1 0.312695 0.298438 0.101953 0.147656 0.00126934
0 0.145996 0.235742 0.291992 0.369141 0.00124454
1 0.258789 0.480469 0.382422 0.778125 0.00117874
1 0.479688 0.407422 0.929688 0.626562 0.00115108
0 0.714844 0.942187 0.375 0.109375 0.0011034
0 0.253174 0.388672 0.165527 0.0445312 0.00108147
0 0.870508 0.327734 0.258984 0.457812 0.00106907
0 0.217187 0.385156 0.11875 0.08125 0.00104046
0 0.317578 0.278711 0.115625 0.101172 0.00100422
0 0.535937 0.509375 0.848437 0.839063 0.927246
0 0.323633 0.119238 0.158203 0.22793 0.0112915
1 0.535937 0.509375 0.848437 0.839063 0.00547028
1 0.323633 0.119238 0.158203 0.22793 0.00431442
0 0.898438 0.00584717 0.203125 0.0116943 0.00335121
0 0.143359 0.00612793 0.286719 0.0122559 0.00247192
0 0.845312 0.00603027 0.309375 0.0120605 0.00224304
0 0.473828 0.00455322 0.467969 0.00910645 0.0018034
0 0.803516 0.00593262 0.392969 0.0118652 0.00174141
0 0.556152 0.00454102 0.423633 0.00908203 0.00104046
0 0.530469 0.5 0.857813 0.859375 0.875
0 0.282813 0.115723 0.239844 0.227148 0.140381
0 0.325781 0.113086 0.152344 0.226172 0.0467224
1 0.529297 0.50625 0.857031 0.84375 0.0267639
1 0.325781 0.113086 0.152344 0.226172 0.0177155
1 0.290625 0.113477 0.215625 0.225391 0.0111618
0 0.286719 0.377734 0.360156 0.560156 0.003088
0 0.328711 0.501562 0.451953 0.815625 0.00263214
1 0.25293 0.118555 0.227734 0.230859 0.0020752
0 0.982813 0.453906 0.034375 0.321875 0.00158501
1 0.983594 0.421484 0.0328125 0.389062 0.00104427
0 0.532422 0.510938 0.861719 0.8375 0.932129
0 0.271436 0.12041 0.254785 0.217773 0.421631
1 0.268018 0.116895 0.25459 0.21543 0.0580139
1 0.530859 0.492188 0.864844 0.792188 0.0212097
0 0.324609 0.644141 0.421875 0.567969 0.00139427
0 0.241797 0.115234 0.180469 0.226562 0.00133038
0 0.535937 0.510156 0.860937 0.842188 0.840332
1 0.537891 0.508594 0.863281 0.840625 0.236572
0 0.319531 0.109766 0.160156 0.219531 0.00812531
0 0.285156 0.116602 0.25 0.233203 0.0068512
1 0.319531 0.109766 0.160156 0.219531 0.00294685
0 0.0775391 0.130469 0.155078 0.260156 0.00236893
0 0.888281 0.541406 0.164062 0.334375 0.00209999
1 0.285156 0.116602 0.25 0.233203 0.0011425
0 0.540234 0.528906 0.863281 0.854688 0.888184
0 0.326172 0.113086 0.147656 0.223047 0.00656509
1 0.540234 0.528906 0.863281 0.854688 0.00424957
1 0.326172 0.113086 0.147656 0.223047 0.00319672
0 0.530078 0.514844 0.855469 0.835938 0.848633
0 0.26875 0.118457 0.264844 0.236914 0.0275269
0 0.310742 0.118164 0.185547 0.236328 0.00844574
1 0.535156 0.511719 0.864062 0.848437 0.00486755
1 0.299609 0.11582 0.205469 0.231641 0.00173378
0 0.537891 0.523438 0.836719 0.854688 0.903809
0 0.324219 0.115039 0.149219 0.225781 0.0202484
1 0.326172 0.113672 0.149219 0.225781 0.00346947
1 0.538672 0.520312 0.835156 0.846875 0.0012207
0 0.536328 0.5125 0.863281 0.829687 0.911133
1 0.534375 0.510156 0.8625 0.851562 0.0020752
0 0.537891 0.523438 0.836719 0.854688 0.903809
0 0.324219 0.115039 0.149219 0.225781 0.0201721
1 0.326172 0.113672 0.149219 0.225781 0.00345612
1 0.539062 0.520312 0.834375 0.846875 0.00122547
