0 0.51875 0.505469 0.914062 0.767187 0.834961
1 0.516406 0.543066 0.860937 0.695117 0.125488
0 0.511719 0.629004 0.885938 0.510742 0.0720825
0 0.176611 0.122168 0.244434 0.167773 0.0280609
0 0.436621 0.802344 0.63457 0.273438 0.0243378
0 0.864062 0.231641 0.075 0.463281 0.0226288
0 0.369922 0.735937 0.521094 0.389062 0.0148392
0 0.225391 0.117383 0.1375 0.149609 0.0138474
0 0.514063 0.751953 0.809375 0.274219 0.0111618
0 0.368555 0.6625 0.547266 0.521875 0.0107803
1 0.493359 0.630859 0.767969 0.528906 0.00766754
0 0.878906 0.206445 0.0828125 0.412891 0.00737381
1 0.189258 0.114453 0.226953 0.154297 0.0068512
1 0.368555 0.6625 0.547266 0.521875 0.00651169
1 0.392969 0.785937 0.542188 0.296875 0.00634003
1 0.369922 0.735937 0.521094 0.389062 0.00624084
1 0.864062 0.245703 0.0734375 0.491406 0.00521851
0 0.903125 0.190234 0.15625 0.380469 0.00482941
0 0.871875 0.160938 0.06875 0.321875 0.00482941
1 0.490234 0.796875 0.716406 0.271875 0.00411606
1 0.225391 0.117383 0.1375 0.149609 0.00346947
0 0.422266 0.231055 0.191406 0.219141 0.0030632
1 0.882812 0.197461 0.09375 0.394922 0.00302696
0 0.851367 0.572656 0.297266 0.598437 0.00234222
1 0.903125 0.190234 0.15625 0.380469 0.00225258
1 0.514063 0.751953 0.809375 0.274219 0.00222588
0 0.488281 0.828906 0.85625 0.28125 0.00214005
0 0.335156 0.779688 0.485156 0.325 0.00197983
0 0.253516 0.226514 0.212109 0.196973 0.00166798
1 0.436328 0.825 0.65 0.229687 0.0016489
1 0.183594 0.149219 0.240625 0.197656 0.00151253
0 0.167578 0.15459 0.269531 0.210352 0.00141048
0 0.913281 0.183789 0.173438 0.367578 0.00139904
0 0.852539 0.56875 0.294922 0.853125 0.00130463
0 0.870313 0.0851562 0.065625 0.159375 0.00109005
0 0.554688 0.232422 0.209375 0.220313 0.00104809
1 0.871875 0.160938 0.06875 0.321875 0.00102806
1 0.535937 0.532422 0.903125 0.830469 0.565918
0 0.535937 0.532422 0.903125 0.830469 0.38501
1 0.525391 0.62041 0.877344 0.50918 0.200562
1 0.517187 0.801758 0.9 0.165234 0.161865
0 0.525391 0.62041 0.877344 0.50918 0.161377
0 0.517187 0.801758 0.9 0.165234 0.10968
1 0.521875 0.703906 0.884375 0.340625 0.0977173
0 0.30332 0.267383 0.0910156 0.0933594 0.0841675
0 0.296875 0.276367 0.114844 0.0730469 0.0775146
0 0.521875 0.703906 0.884375 0.340625 0.0650024
0 0.332422 0.850391 0.664844 0.299219 0.0444336
1 0.523438 0.269971 0.896875 0.289746 0.0291443
0 0.313672 0.251367 0.0710938 0.1625 0.0219421
0 0.864062 0.130054 0.078125 0.121924 0.0216217
0 0.523438 0.269971 0.896875 0.289746 0.0126266
0 0.319531 0.800781 0.639063 0.398438 0.00974274
0 0.155469 0.546094 0.132422 0.0601562 0.00971222
0 0.235205 0.25957 0.235059 0.108984 0.00857544
1 0.334375 0.860156 0.66875 0.278125 0.00812531
0 0.294141 0.292188 0.122656 0.0507812 0.0078125
0 0.870313 0.148633 0.0921875 0.114844 0.00766754
1 0.532031 0.380078 0.895312 0.513281 0.00695801
0 0.314063 0.266211 0.0679687 0.111328 0.00653839
0 0.88125 0.198242 0.096875 0.110547 0.00595856
0 0.27168 0.254297 0.163281 0.117969 0.00564194
0 0.292578 0.262109 0.123438 0.090625 0.00547028
0 0.292969 0.818555 0.585938 0.331641 0.00462723
0 0.688281 0.817969 0.379687 0.107813 0.00421524
0 0.53125 0.407813 0.884375 0.571875 0.00356483
0 0.819531 0.251563 0.126563 0.084375 0.00351143
0 0.481152 0.83125 0.781445 0.21875 0.00346947
0 0.450781 0.747266 0.15 0.0554687 0.00317192
0 0.805469 0.228125 0.142188 0.0515625 0.0029583
0 0.160742 0.533594 0.152344 0.0609375 0.00290108
1 0.235205 0.25957 0.235059 0.108984 0.00286674
1 0.319531 0.800781 0.639063 0.398438 0.00268364
0 0.290039 0.632812 0.136719 0.0546875 0.00266266
0 0.8625 0.105469 0.0734375 0.137109 0.00263214
0 0.875 0.17041 0.1 0.123242 0.00245285
0 0.916406 0.224023 0.167187 0.304297 0.00240517
1 0.27168 0.254297 0.163281 0.117969 0.00235939
0 0.914062 0.68125 0.128125 0.0859375 0.00233269
0 0.34043 0.858594 0.680859 0.267188 0.00219917
1 0.481152 0.83125 0.781445 0.21875 0.00209999
0 0.864062 0.166211 0.08125 0.280469 0.00208282
1 0.864062 0.166211 0.08125 0.280469 0.00206757
0 0.888281 0.216406 0.107813 0.0886719 0.00196457
0 0.444531 0.755078 0.164062 0.0523437 0.00189686
1 0.688281 0.817969 0.379687 0.107813 0.00175476
0 0.172461 0.509375 0.145703 0.0703125 0.00174141
0 0.279687 0.640625 0.160938 0.046875 0.00174141
0 0.292188 0.623047 0.138281 0.0601562 0.00152493
0 0.230273 0.803125 0.420703 0.351562 0.0014782
0 0.161816 0.517187 0.146289 0.065625 0.00147247
1 0.914844 0.19458 0.170312 0.315527 0.00144386
0 0.255078 0.644531 0.142578 0.0578125 0.00143242
0 0.442187 0.31582 0.167187 0.0476562 0.0014267
0 0.246094 0.630859 0.150391 0.0554687 0.00139904
0 0.88125 0.658594 0.13125 0.078125 0.00123501
0 0.0586914 0.474902 0.0824219 0.41582 0.00117874
0 0.200781 0.575 0.119922 0.125 0.00116062
1 0.302148 0.833203 0.604297 0.333594 0.00112438
0 0.454297 0.735937 0.142969 0.0578125 0.0011158
0 0.15 0.554688 0.13125 0.0609375 0.0011034
0 0.833594 0.264062 0.10625 0.10625 0.00109863
0 0.825 0.226758 0.107813 0.104297 0.00109863
0 0.727734 0.907812 0.527344 0.078125 0.00109482
1 0.702734 0.909375 0.530469 0.078125 0.00106049
0 0.786719 0.215039 0.15 0.046875 0.00104046
0 0.442187 0.326758 0.171094 0.0480469 0.00102043
1 0.503906 0.50166 0.848437 0.75293 0.798828
0 0.532031 0.508594 0.890625 0.754687 0.0944824
0 0.905859 0.00588379 0.188281 0.0117676 0.00291252
0 0.144336 0.00612793 0.288672 0.0122559 0.00226021
0 0.197266 0.00568848 0.394531 0.011377 0.0015192
0 0.745313 0.0048584 0.465625 0.0097168 0.00116062
0 0.522656 0.00511475 0.478906 0.0102295 0.0011034
0 0.620313 0.0050415 0.485938 0.010083 0.00100422
0 0.539844 0.508496 0.901563 0.768945 0.687012
1 0.524609 0.501953 0.894531 0.752344 0.628906
0 0.875 0.160156 0.1 0.269531 0.0147858
1 0.875 0.160156 0.1 0.269531 0.0100098
0 0.349023 0.898438 0.283984 0.09375 0.00248146
0 0.544531 0.91875 0.196875 0.0625 0.00219154
0 0.492578 0.921875 0.214844 0.0625 0.00162315
0 0.589844 0.91875 0.217187 0.065625 0.00156689
0 0.8625 0.130957 0.08125 0.235742 0.00151253
0 0.728125 0.8875 0.235938 0.1125 0.00146103
0 0.533594 0.499219 0.890625 0.7625 0.695801
1 0.535547 0.499902 0.871094 0.75957 0.37207
1 0.53125 0.498828 0.901563 0.758594 0.833496
0 0.529688 0.499219 0.903125 0.7625 0.180664
1 0.532422 0.50625 0.891406 0.770312 0.695801
0 0.530859 0.53125 0.892969 0.81875 0.632324
1 0.53125 0.507422 0.8875 0.772656 0.801758
0 0.530469 0.50791 0.895312 0.770117 0.113159
1 0.541406 0.507715 0.865625 0.76582 0.632324
0 0.542969 0.511328 0.86875 0.778906 0.36377
1 0.529297 0.500781 0.882031 0.75625 0.760742
0 0.526172 0.506641 0.903906 0.758594 0.262939
1 0.541406 0.507715 0.865625 0.76582 0.635254
0 0.542969 0.511328 0.86875 0.778906 0.362061
