0 0.462402 0.632422 0.75332 0.678906 0.662598
0 0.413281 0.724219 0.65 0.5125 0.475586
0 0.471191 0.502344 0.788867 0.820312 0.27124
0 0.34043 0.771094 0.519141 0.404687 0.0476074
0 0.405078 0.804883 0.629687 0.340234 0.0427246
1 0.413281 0.724219 0.65 0.5125 0.00867462
1 0.467969 0.647559 0.739062 0.65957 0.00477219
0 0.492188 0.436719 0.965625 0.650781 0.836914
0 0.494922 0.339453 0.932031 0.444531 0.70752
0 0.501562 0.267627 0.917188 0.305371 0.525391
0 0.475 0.546094 0.95 0.834375 0.410156
0 0.471875 0.705469 0.94375 0.457812 0.268066
0 0.461719 0.852344 0.923437 0.25 0.130737
0 0.380273 0.854688 0.760547 0.2125 0.0480347
0 0.468359 0.770312 0.936719 0.346875 0.0309601
1 0.461719 0.852344 0.923437 0.25 0.0191956
0 0.264844 0.46416 0.529688 0.79668 0.0179901
1 0.501562 0.267627 0.917188 0.305371 0.0175171
0 0.366016 0.485156 0.699219 0.864062 0.0151901
0 0.614453 0.526563 0.724219 0.820312 0.0149536
0 0.505859 0.211719 0.916406 0.227344 0.0100937
1 0.480469 0.495313 0.960938 0.804688 0.00725937
1 0.496484 0.345703 0.930469 0.458594 0.00695801
0 0.358594 0.794531 0.717188 0.273438 0.0045929
0 0.722266 0.494531 0.533594 0.879687 0.00346947
0 0.232812 0.463672 0.446875 0.860156 0.00300407
0 0.276758 0.563672 0.553516 0.636719 0.0027256
0 0.806641 0.477344 0.386719 0.860937 0.00226021
1 0.467187 0.760938 0.934375 0.360938 0.00224304
0 0.350391 0.877344 0.700781 0.245312 0.00185299
1 0.380273 0.854688 0.760547 0.2125 0.00174809
0 0.521875 0.126855 0.903125 0.225195 0.0015974
1 0.505859 0.211719 0.916406 0.227344 0.00146103
0 0.586816 0.639063 0.776367 0.61875 0.00121593
0 0.423047 0.627246 0.836719 0.626758 0.00119209
0 0.276758 0.707812 0.553516 0.35 0.00103664
1 0.477734 0.542188 0.800781 0.839063 0.851562
0 0.523438 0.54375 0.871875 0.832812 0.0524292
0 0.898438 0.00576172 0.203125 0.0115234 0.00293541
0 0.182617 0.0060791 0.365234 0.0121582 0.00260162
0 0.847266 0.00595703 0.305469 0.0119141 0.0019722
0 0.333008 0.00493164 0.451953 0.00986328 0.00142097
0 0.595703 0.00480957 0.474219 0.00961914 0.00123978
0 0.419141 0.00505371 0.491406 0.0101074 0.00100422
0 0.45625 0.534375 0.748438 0.860937 0.875977
1 0.45625 0.534375 0.748438 0.860937 0.0210419
0 0.741406 0.518359 0.517187 0.853906 0.00122547
0 0.446875 0.529688 0.704687 0.829687 0.91748
1 0.454785 0.539453 0.731055 0.833594 0.0307922
1 0.462402 0.539453 0.762695 0.849219 0.662598
0 0.462109 0.533984 0.763281 0.841406 0.454346
0 0.899609 0.885938 0.200781 0.228125 0.00261116
0 0.0898438 0.152734 0.178906 0.305469 0.00137806
0 0.881641 0.0911133 0.236719 0.177539 0.0012064
1 0.915625 0.86582 0.16875 0.258984 0.00108147
0 0.468848 0.540234 0.774805 0.872656 0.882324
1 0.478125 0.547266 0.7875 0.867969 0.0142822
1 0.888281 0.8875 0.223438 0.223438 0.00214958
0 0.888281 0.8875 0.223438 0.223438 0.00185299
0 0.461816 0.540625 0.766992 0.85 0.833984
1 0.4625 0.5375 0.757812 0.839063 0.0188751
0 0.8875 0.895312 0.221875 0.20625 0.00118828
0 0.467578 0.547266 0.717969 0.860156 0.884766
0 0.466504 0.539844 0.74668 0.845312 0.935547
0 0.467969 0.547656 0.71875 0.860937 0.884766
