0 0.490625 0.626172 0.8625 0.614844 0.60498
0 0.499219 0.51875 0.910937 0.815625 0.324219
0 0.376563 0.675391 0.6 0.494531 0.160767
1 0.472559 0.619141 0.798633 0.617969 0.136108
0 0.359766 0.763281 0.573438 0.309375 0.0533142
1 0.503125 0.524219 0.890625 0.807813 0.024231
1 0.376563 0.675391 0.6 0.494531 0.0226746
0 0.461328 0.761719 0.771094 0.328125 0.01017
0 0.591016 0.442187 0.699219 0.673437 0.00466537
1 0.359766 0.763281 0.573438 0.309375 0.00400543
0 0.16084 0.300781 0.26543 0.05 0.00400543
0 0.831445 0.546875 0.290234 0.81875 0.00221634
0 0.539453 0.216211 0.241406 0.20625 0.00201035
0 0.428906 0.811719 0.735937 0.229687 0.00162315
0 0.585156 0.213086 0.25 0.200391 0.00144386
0 0.499219 0.21875 0.221875 0.210938 0.00140476
1 0.504297 0.510547 0.903906 0.811719 0.765625
0 0.46416 0.794531 0.793555 0.264062 0.360352
1 0.514063 0.763281 0.884375 0.321875 0.335449
0 0.499219 0.495313 0.907812 0.8125 0.263672
1 0.435156 0.790625 0.714063 0.264062 0.214722
1 0.524219 0.679688 0.910937 0.482812 0.111267
0 0.373047 0.778906 0.602344 0.284375 0.104126
0 0.514844 0.752734 0.885938 0.341406 0.0706787
1 0.437109 0.727734 0.725781 0.385156 0.065979
0 0.524219 0.679688 0.910937 0.482812 0.0275269
0 0.917188 0.460938 0.0875 0.1 0.00857544
0 0.482031 0.378223 0.139062 0.0638672 0.00416565
1 0.482812 0.267578 0.878125 0.300781 0.00413513
1 0.386328 0.664453 0.627344 0.505469 0.00380898
0 0.474219 0.367188 0.153125 0.053125 0.00362206
0 0.885938 0.364062 0.109375 0.125 0.00342941
0 0.934375 0.54375 0.075 0.117188 0.00281143
1 0.348242 0.769922 0.542578 0.291406 0.00281143
0 0.915625 0.438672 0.096875 0.124219 0.00261116
0 0.896875 0.377344 0.09375 0.126563 0.00237846
0 0.909375 0.414746 0.090625 0.129883 0.00231361
0 0.482812 0.267578 0.878125 0.300781 0.00226021
1 0.340234 0.703125 0.529688 0.4125 0.00223351
0 0.934375 0.577344 0.075 0.11875 0.00221634
0 0.736719 0.353125 0.145313 0.053125 0.00206757
0 0.386328 0.664453 0.627344 0.505469 0.00204277
0 0.919531 0.479297 0.104687 0.0929687 0.00194168
1 0.371094 0.494531 0.614062 0.820312 0.00194168
0 0.987891 0.596094 0.0242187 0.140625 0.0018177
0 0.340234 0.703125 0.529688 0.4125 0.00177479
0 0.516406 0.827344 0.885938 0.210938 0.00174809
0 0.988281 0.567187 0.0234375 0.13125 0.0015974
0 0.460156 0.515625 0.159375 0.0578125 0.0015974
0 0.922656 0.451953 0.078125 0.169531 0.00157356
0 0.898438 0.395996 0.1125 0.112695 0.00150681
0 0.707812 0.442187 0.16875 0.0515625 0.00145531
0 0.928906 0.513281 0.0875 0.120312 0.0014267
0 0.9875 0.622656 0.025 0.151562 0.00135612
0 0.371094 0.494531 0.614062 0.820312 0.00130939
0 0.876562 0.350391 0.121875 0.1375 0.0012846
1 0.516406 0.827344 0.885938 0.210938 0.00127411
0 0.689844 0.479297 0.159375 0.0515625 0.00125504
0 0.925 0.573828 0.103125 0.101562 0.00121117
0 0.763672 0.58125 0.155469 0.059375 0.00116062
0 0.987109 0.539453 0.0257812 0.125781 0.00110722
0 0.456934 0.525 0.16582 0.059375 0.00108147
0 0.380469 0.489453 0.170312 0.0453125 0.00105667
0 0.922656 0.537891 0.109375 0.08125 0.00104809
1 0.987891 0.596094 0.0242187 0.140625 0.00103188
0 0.468359 0.525 0.160938 0.078125 0.00102425
0 0.488281 0.387109 0.128125 0.096875 0.00100803
1 0.511328 0.524609 0.877344 0.800781 0.869629
0 0.525 0.53125 0.8875 0.79375 0.00881195
0 0.896875 0.00584717 0.20625 0.0116943 0.00365067
0 0.844336 0.00605469 0.311328 0.0121094 0.00246239
0 0.144336 0.00610352 0.288672 0.012207 0.00232315
0 0.382422 0.00499268 0.453906 0.00998535 0.0017004
0 0.196094 0.00570068 0.392188 0.0114014 0.00163555
0 0.570312 0.00500488 0.46875 0.0100098 0.00161076
0 0.793945 0.00588379 0.412109 0.0117676 0.00153065
0 0.469629 0.0052002 0.488867 0.0104004 0.00109863
1 0.513672 0.521875 0.892969 0.804688 0.894043
0 0.565625 0.506641 0.801562 0.789844 0.0103302
0 0.20332 0.296484 0.212891 0.03125 0.00218201
0 0.982813 0.428809 0.034375 0.34082 0.00129986
1 0.519922 0.520312 0.900781 0.814062 0.774414
0 0.515625 0.528125 0.903125 0.817187 0.0409241
1 0.517578 0.519531 0.903906 0.817187 0.856445
0 0.519141 0.521094 0.899219 0.817187 0.0653687
1 0.51875 0.532031 0.904688 0.832812 0.90625
0 0.520312 0.532422 0.89375 0.836719 0.0249329
1 0.515625 0.523047 0.890625 0.832031 0.848145
0 0.516406 0.521484 0.896875 0.832031 0.0268555
1 0.521875 0.526953 0.8875 0.817969 0.908203
0 0.522656 0.528516 0.8875 0.814844 0.0020504
1 0.520312 0.524219 0.896875 0.804688 0.875488
1 0.521875 0.526953 0.8875 0.817969 0.908691
0 0.522656 0.528516 0.8875 0.814844 0.00203514
