1 0.497559 0.477734 0.720508 0.872656 0.564941
0 0.502734 0.546875 0.710156 0.775 0.184814
0 0.453906 0.674219 0.624219 0.539062 0.161377
1 0.453906 0.674219 0.624219 0.539062 0.0645142
0 0.397559 0.769531 0.525195 0.340625 0.0144501
0 0.864062 0.701563 0.165625 0.260938 0.005867
0 0.0780273 0.281641 0.156055 0.266406 0.00572968
0 0.572656 0.137305 0.2125 0.213672 0.00237846
0 0.696875 0.474609 0.209375 0.160156 0.00216484
0 0.83125 0.422656 0.06875 0.498437 0.00188923
0 0.813281 0.358594 0.0921875 0.289844 0.00172043
0 0.910937 0.289453 0.171875 0.200781 0.00162315
0 0.517578 0.764844 0.585156 0.35625 0.00145531
0 0.527344 0.137402 0.20625 0.216602 0.00133038
0 0.10918 0.256689 0.140625 0.295215 0.00130463
1 0.710938 0.499219 0.2875 0.870313 0.00115108
1 0.0780273 0.281641 0.156055 0.266406 0.00115108
0 0.647266 0.131836 0.269531 0.198828 0.00114727
0 0.557031 0.517187 0.198437 0.114063 0.0011034
1 0.397559 0.769531 0.525195 0.340625 0.00104427
1 0.864062 0.701563 0.165625 0.260938 0.00103664
0 0.545313 0.501172 0.210938 0.110156 0.00103188
1 0.501172 0.490234 0.711719 0.888281 0.668945
0 0.498047 0.504687 0.713281 0.9125 0.486328
0 0.334961 0.830078 0.669922 0.339844 0.170532
0 0.895312 0.605859 0.203125 0.627344 0.0948486
0 0.359961 0.867383 0.719922 0.255859 0.0541992
0 0.479688 0.753906 0.6875 0.364062 0.0513611
0 0.683594 0.458594 0.084375 0.149219 0.0430298
0 0.676172 0.46875 0.0757812 0.116406 0.0406799
0 0.258984 0.84375 0.517969 0.3125 0.0363464
1 0.334961 0.830078 0.669922 0.339844 0.0359497
0 0.925 0.550684 0.148438 0.711133 0.0339661
0 0.669531 0.4875 0.0921875 0.0734375 0.0319824
0 0.907812 0.270312 0.159375 0.341406 0.0284424
0 0.826563 0.466016 0.0625 0.128906 0.0159607
1 0.479688 0.753906 0.6875 0.364062 0.0154877
1 0.714063 0.442187 0.278125 0.801562 0.0153656
0 0.909375 0.330078 0.159375 0.364844 0.0145035
0 0.160547 0.729688 0.321094 0.396875 0.0132751
0 0.811133 0.555859 0.0933594 0.110156 0.0131226
1 0.90625 0.584766 0.18125 0.655469 0.0131226
0 0.154687 0.650781 0.309375 0.501562 0.012825
1 0.359961 0.867383 0.719922 0.255859 0.0109482
0 0.795313 0.286328 0.084375 0.140625 0.0106506
0 0.827344 0.442187 0.0625 0.130469 0.00967407
1 0.755078 0.452344 0.202344 0.835938 0.00937653
0 0.664453 0.499609 0.111719 0.0617188 0.00818634
0 0.876562 0.233984 0.178125 0.399219 0.00809479
0 0.945312 0.511719 0.10625 0.767187 0.00787354
0 0.913281 0.380859 0.157813 0.508594 0.00740433
0 0.175879 0.789062 0.351758 0.36875 0.00709534
0 0.907812 0.322461 0.182812 0.215234 0.00643921
1 0.907812 0.270312 0.159375 0.341406 0.00616837
0 0.755078 0.452344 0.202344 0.835938 0.00605011
0 0.484766 0.655469 0.696094 0.565625 0.0051384
0 0.825 0.489062 0.06875 0.132031 0.00508118
0 0.785937 0.262109 0.1 0.139844 0.00488663
0 0.705078 0.4625 0.128125 0.103906 0.00486755
0 0.815625 0.351953 0.0625 0.13125 0.00468063
0 0.607813 0.565625 0.109375 0.103125 0.00460815
0 0.804883 0.307031 0.0839844 0.167187 0.00436401
0 0.878125 0.701563 0.221875 0.479688 0.00411606
1 0.713281 0.319922 0.276563 0.549219 0.00402451
0 0.714063 0.4625 0.28125 0.85 0.00395966
0 0.283008 0.474219 0.285547 0.829687 0.00391388
1 0.8875 0.648828 0.215625 0.577344 0.00385475
0 0.420996 0.842969 0.718945 0.270312 0.00367928
1 0.876562 0.233984 0.178125 0.399219 0.00367928
0 0.814844 0.351562 0.06875 0.190625 0.00356483
0 0.771094 0.229102 0.101562 0.129297 0.00352478
1 0.909375 0.330078 0.159375 0.364844 0.00342941
0 0.826563 0.43916 0.065625 0.199805 0.00342941
0 0.817969 0.488281 0.0875 0.225 0.00337601
0 0.7625 0.214014 0.1125 0.137598 0.00335121
0 0.80332 0.567187 0.102734 0.0859375 0.00332451
0 0.917188 0.362305 0.165625 0.228516 0.00309944
0 0.341797 0.747266 0.40625 0.366406 0.00307465
0 0.817383 0.539062 0.0871094 0.120312 0.00301552
0 0.81875 0.375391 0.0625 0.132031 0.00294685
0 0.93125 0.441504 0.128125 0.793555 0.00286674
0 0.826563 0.410156 0.0625 0.153906 0.00269318
1 0.484766 0.655469 0.696094 0.565625 0.00256157
0 0.834375 0.4875 0.059375 0.2125 0.00247192
1 0.945312 0.511719 0.10625 0.767187 0.00242424
0 0.310889 0.6875 0.342285 0.439063 0.00229645
0 0.898438 0.267969 0.198437 0.197656 0.00226021
0 0.711719 0.476953 0.210938 0.153906 0.00222588
0 0.821875 0.514063 0.084375 0.121094 0.00216484
1 0.914062 0.343164 0.171875 0.222266 0.00216484
0 0.819531 0.378516 0.0671875 0.176563 0.00208282
0 0.799219 0.276367 0.0796875 0.199609 0.00208282
0 0.741406 0.728906 0.117188 0.10625 0.0019722
0 0.723047 0.459766 0.133594 0.140625 0.0019722
0 0.388184 0.786719 0.581445 0.376563 0.00192642
1 0.258984 0.84375 0.517969 0.3125 0.0017004
1 0.765234 0.347656 0.174219 0.595312 0.00168705
0 0.781055 0.240039 0.0878906 0.153516 0.00166798
0 0.765234 0.347656 0.174219 0.595312 0.00164223
0 0.686328 0.45625 0.08125 0.0992187 0.00162315
0 0.847656 0.176758 0.207813 0.325391 0.00154877
0 0.750781 0.200977 0.114063 0.138281 0.00152493
1 0.913281 0.380859 0.157813 0.508594 0.0014267
0 0.723437 0.439844 0.160938 0.05 0.00141048
1 0.711719 0.476953 0.210938 0.153906 0.00136662
0 0.302295 0.607813 0.329004 0.575 0.00129414
0 0.742969 0.460156 0.139062 0.0671875 0.00129414
1 0.834375 0.4875 0.059375 0.2125 0.00127888
0 0.810938 0.324023 0.0765625 0.139453 0.00124454
0 0.716406 0.448828 0.117188 0.190625 0.00122547
0 0.713281 0.319922 0.276563 0.549219 0.00115585
0 0.875 0.26582 0.221875 0.444922 0.00111198
1 0.817969 0.488281 0.0875 0.225 0.00108624
0 0.793555 0.45459 0.134766 0.27832 0.00100803
1 0.503027 0.496875 0.718945 0.885938 0.765625
0 0.492188 0.500391 0.726562 0.897656 0.213989
0 0.902734 0.00595703 0.194531 0.0119141 0.00336266
0 0.144434 0.00614014 0.288867 0.0122803 0.00239754
0 0.198437 0.00605469 0.396875 0.0121094 0.0020752
0 0.277734 0.00566406 0.4375 0.0113281 0.00148392
1 0.755859 0.499219 0.275781 0.898438 0.00103188
1 0.487402 0.485938 0.706445 0.925 0.943848
0 0.493652 0.485156 0.726758 0.907812 0.00154877
1 0.496484 0.482422 0.710156 0.910156 0.870117
0 0.496484 0.490234 0.713281 0.897656 0.00812531
1 0.708594 0.48125 0.289062 0.917188 0.0068779
1 0.708594 0.299609 0.289062 0.521094 0.00141048
1 0.528027 0.273438 0.66582 0.46875 0.00110722
1 0.490234 0.479297 0.719531 0.889844 0.918945
0 0.491406 0.480078 0.704687 0.896094 0.0488586
0 0.905469 0.865625 0.189063 0.259375 0.00142097
0 0.0847656 0.871875 0.160547 0.25625 0.0011034
1 0.497656 0.496875 0.729688 0.903125 0.902344
0 0.503125 0.503125 0.726562 0.90625 0.0245209
0 0.863672 0.884375 0.272656 0.221875 0.00159168
1 0.492871 0.489844 0.714258 0.901563 0.849121
0 0.498828 0.49375 0.697656 0.898438 0.00432968
1 0.503906 0.491797 0.690625 0.913281 0.928223
0 0.506641 0.49375 0.711719 0.915625 0.00402451
1 0.496973 0.488281 0.71543 0.892187 0.896484
0 0.495996 0.489844 0.711133 0.892187 0.0011692
1 0.503906 0.491797 0.690625 0.913281 0.928223
0 0.506641 0.494531 0.711719 0.915625 0.00397491
