0 0.451953 0.613379 0.832031 0.632617 0.604004
0 0.455078 0.460156 0.833594 0.889063 0.0823975
1 0.464844 0.63125 0.804688 0.592188 0.0731812
0 0.462598 0.702734 0.78418 0.466406 0.0726318
0 0.199609 0.865625 0.399219 0.232812 0.0514526
0 0.836328 0.204297 0.327344 0.312891 0.0389099
1 0.453906 0.485156 0.8375 0.851562 0.0258026
0 0.927344 0.598047 0.145313 0.171094 0.0207214
0 0.851562 0.857813 0.296875 0.251563 0.0142288
0 0.909375 0.719531 0.18125 0.084375 0.0123367
0 0.901563 0.755859 0.190625 0.132031 0.011734
0 0.909375 0.7375 0.18125 0.10625 0.00926971
0 0.099707 0.867188 0.199414 0.210938 0.0088501
1 0.851562 0.857813 0.296875 0.251563 0.00754929
0 0.452734 0.816406 0.791406 0.339063 0.00653839
0 0.17373 0.792383 0.347461 0.380859 0.00624084
0 0.876562 0.825 0.246875 0.30625 0.0050621
0 0.285937 0.848437 0.571875 0.276563 0.00431442
0 0.382812 0.754687 0.600781 0.423438 0.00392914
0 0.227734 0.813281 0.455469 0.342187 0.00387001
1 0.836328 0.204297 0.327344 0.312891 0.00363541
1 0.212109 0.862695 0.424219 0.243359 0.0036068
0 0.831445 0.903125 0.337109 0.1625 0.00353813
1 0.928125 0.597656 0.14375 0.175 0.00346947
0 0.439063 0.117188 0.230469 0.207422 0.00253105
0 0.932422 0.469531 0.135156 0.0921875 0.00234985
1 0.876562 0.825 0.246875 0.30625 0.00194168
0 0.91875 0.582812 0.1625 0.234375 0.00186729
1 0.831445 0.903125 0.337109 0.1625 0.00176811
1 0.463281 0.737109 0.773438 0.438281 0.00164223
0 0.800781 0.175195 0.384375 0.269141 0.00162315
1 0.909375 0.7375 0.18125 0.10625 0.00158501
1 0.452734 0.816406 0.791406 0.339063 0.00149536
0 0.389453 0.118555 0.242188 0.210547 0.00140476
0 0.925391 0.560938 0.149219 0.125 0.00137806
0 0.87793 0.875 0.234766 0.1 0.00129414
0 0.897656 0.127368 0.204688 0.158545 0.00128937
0 0.640234 0.123853 0.313281 0.182373 0.00127411
0 0.857031 0.884375 0.21875 0.140625 0.00119686
0 0.464844 0.13125 0.1875 0.247656 0.00117874
1 0.909375 0.719531 0.18125 0.084375 0.0011425
1 0.901563 0.755859 0.190625 0.132031 0.00109863
0 0.914062 0.700391 0.171875 0.0578125 0.00101662
1 0.485938 0.466406 0.875 0.926562 0.753418
1 0.476172 0.624902 0.839844 0.58457 0.662109
0 0.472656 0.633691 0.79375 0.579492 0.126831
0 0.485938 0.466406 0.875 0.926562 0.0843506
0 0.369141 0.75625 0.294531 0.276563 0.0254211
1 0.366406 0.761328 0.349219 0.271094 0.0249329
1 0.310156 0.752734 0.4625 0.294531 0.0204926
1 0.44375 0.152051 0.81875 0.277148 0.0183411
0 0.310156 0.752734 0.4625 0.294531 0.0149536
0 0.284766 0.239063 0.160156 0.0421875 0.0109024
1 0.512891 0.78125 0.711719 0.25625 0.0103302
1 0.306641 0.662109 0.467969 0.450781 0.00993347
0 0.294141 0.254102 0.157813 0.0503906 0.00930023
0 0.652344 0.297852 0.10625 0.0820312 0.0078125
1 0.189844 0.396875 0.300391 0.489062 0.00734711
0 0.79375 0.313281 0.09375 0.119531 0.00712204
0 0.306641 0.662109 0.467969 0.450781 0.00706482
0 0.512891 0.78125 0.711719 0.25625 0.0068512
0 0.084668 0.6625 0.114648 0.078125 0.0068512
1 0.327734 0.604004 0.538281 0.598242 0.00638962
0 0.444629 0.774805 0.398242 0.272266 0.00579834
1 0.444629 0.774805 0.398242 0.272266 0.00526047
1 0.336523 0.478906 0.571484 0.904688 0.00498199
0 0.851562 0.163672 0.271875 0.327344 0.00460815
0 0.584375 0.20918 0.117188 0.0867188 0.00419998
1 0.842969 0.141797 0.285937 0.283594 0.00407028
1 0.336328 0.925 0.348437 0.15 0.00407028
0 0.696875 0.251953 0.125781 0.0804688 0.00348282
0 0.297461 0.274219 0.146484 0.0632813 0.00337601
1 0.282813 0.707812 0.40625 0.365625 0.00324821
0 0.310352 0.273047 0.130859 0.0777344 0.003088
0 0.336328 0.925 0.348437 0.15 0.00305176
0 0.403125 0.414453 0.1625 0.0492188 0.00293541
0 0.303516 0.258984 0.134375 0.078125 0.00281143
0 0.382812 0.249414 0.102344 0.0726563 0.00279999
0 0.282813 0.707812 0.40625 0.365625 0.00276756
0 0.492969 0.304297 0.138281 0.0484375 0.00265312
0 0.276563 0.226953 0.157031 0.0453125 0.00263214
0 0.499219 0.146289 0.1125 0.0800781 0.0026207
0 0.3875 0.257422 0.126563 0.0625 0.00260162
0 0.293555 0.289258 0.176953 0.0441406 0.00257111
0 0.397559 0.401953 0.145508 0.0460938 0.00257111
0 0.496094 0.312891 0.163281 0.0421875 0.0024147
1 0.336719 0.913281 0.465625 0.173438 0.002388
0 0.49375 0.946875 0.192188 0.096875 0.00236893
0 0.820312 0.134863 0.301562 0.269727 0.00234222
0 0.389453 0.314063 0.174219 0.04375 0.00230598
0 0.782031 0.301953 0.115625 0.0859375 0.00223351
0 0.0705078 0.655469 0.141016 0.0554687 0.00216484
0 0.669141 0.360547 0.150781 0.0679687 0.00209045
0 0.51875 0.775781 0.107813 0.0859375 0.00209045
0 0.65625 0.310742 0.113281 0.0949219 0.00206757
0 0.378125 0.303711 0.159375 0.0472656 0.00197983
0 0.44375 0.152051 0.81875 0.277148 0.00194168
1 0.291064 0.9125 0.294434 0.171875 0.00191212
0 0.308984 0.921875 0.246875 0.14375 0.00178909
0 0.0510254 0.589844 0.102051 0.0640625 0.00178242
0 0.189844 0.396875 0.300391 0.489062 0.00166798
0 0.634375 0.278906 0.1375 0.0523437 0.00162888
1 0.279492 0.896875 0.361328 0.204688 0.00160408
0 0.747656 0.235938 0.134375 0.0792969 0.00158501
0 0.0723633 0.667969 0.137109 0.0640625 0.00151253
0 0.571094 0.744531 0.14375 0.0601562 0.00148964
1 0.806055 0.1125 0.309766 0.225 0.00145531
0 0.592188 0.378223 0.0984375 0.0826172 0.00139904
0 0.80332 0.320117 0.0902344 0.164453 0.00132465
0 0.610156 0.730469 0.479688 0.382812 0.00132465
1 0.49375 0.946875 0.192188 0.096875 0.00131512
1 0.200586 0.322461 0.316797 0.384766 0.00129986
0 0.336719 0.913281 0.465625 0.173438 0.00127411
0 0.327734 0.604004 0.538281 0.598242 0.00125504
0 0.332031 0.0527344 0.173438 0.0449219 0.00119209
0 0.657031 0.344531 0.132812 0.059375 0.00117874
0 0.301367 0.310937 0.161328 0.065625 0.00115108
1 0.239844 0.652734 0.350781 0.424219 0.00109863
0 0.826563 0.416016 0.103125 0.105469 0.00108147
0 0.239844 0.652734 0.350781 0.424219 0.00106525
1 0.8875 0.166016 0.20625 0.332031 0.00106049
0 0.660547 0.882812 0.155469 0.053125 0.00101185
0 0.514453 0.763281 0.114844 0.0765625 0.00100803
1 0.461328 0.473047 0.852344 0.903906 0.725098
0 0.461328 0.48125 0.846094 0.873438 0.240723
0 0.452344 0.673437 0.832812 0.471875 0.00174141
1 0.452344 0.673437 0.832812 0.471875 0.00137234
1 0.467578 0.474219 0.817969 0.898438 0.891602
0 0.469922 0.465625 0.803906 0.904688 0.0429688
0 0.0945313 0.772266 0.189063 0.158594 0.00336266
0 0.916406 0.741016 0.167187 0.164844 0.00219917
0 0.0672852 0.625 0.13457 0.197656 0.00217438
1 0.0945313 0.772266 0.189063 0.158594 0.00139904
1 0.916406 0.741016 0.167187 0.164844 0.00112438
1 0.0672852 0.625 0.13457 0.197656 0.0011158
0 0.527734 0.14248 0.583594 0.257617 0.00105667
0 0.732422 0.211328 0.535156 0.422656 0.00105286
1 0.465234 0.470313 0.817969 0.9125 0.81543
0 0.457812 0.470703 0.81875 0.886719 0.157104
0 0.996094 0.757812 0.0078125 0.484375 0.00102425
1 0.4625 0.471875 0.83125 0.903125 0.908203
0 0.467187 0.466406 0.8125 0.903125 0.0656128
1 0.638281 0.469531 0.484375 0.904688 0.00223351
0 0.61875 0.472656 0.51875 0.904688 0.00160408
1 0.465234 0.479297 0.824219 0.916406 0.916016
0 0.466406 0.475391 0.820312 0.891406 0.0180511
1 0.459375 0.464844 0.828125 0.876562 0.858887
0 0.463281 0.466406 0.820312 0.876562 0.170532
1 0.465625 0.469141 0.8 0.892969 0.823242
0 0.465527 0.475391 0.792383 0.907031 0.127686
1 0.464453 0.472266 0.841406 0.889844 0.863281
0 0.4625 0.470313 0.825 0.885938 0.0326538
1 0.465234 0.46875 0.800781 0.89375 0.82373
0 0.465527 0.475391 0.792383 0.907031 0.127197
