0 0.494531 0.563672 0.76875 0.705469 0.50293
1 0.497266 0.564453 0.764844 0.696094 0.320801
0 0.444922 0.143384 0.205469 0.162061 0.0435181
0 0.419531 0.677344 0.6125 0.451562 0.0224609
0 0.494629 0.716016 0.732617 0.380469 0.0136337
1 0.444922 0.143384 0.205469 0.162061 0.00793457
1 0.419531 0.677344 0.6125 0.451562 0.00712204
0 0.369922 0.713672 0.502344 0.374219 0.00614548
1 0.494629 0.716016 0.732617 0.380469 0.0045929
0 0.423438 0.754687 0.614062 0.289062 0.00436401
0 0.400781 0.151562 0.265625 0.175781 0.00391388
0 0.362109 0.181055 0.178125 0.228516 0.00336266
0 0.652344 0.162305 0.204688 0.197656 0.00250244
0 0.697656 0.161035 0.245312 0.195898 0.00171375
0 0.600391 0.162891 0.202344 0.199219 0.00158501
0 0.396973 0.170898 0.218555 0.215625 0.00131989
0 0.539062 0.151343 0.225 0.177783 0.00106907
0 0.820117 0.855078 0.359766 0.289844 0.00102043
0 0.469434 0.785742 0.758008 0.259766 0.00100803
1 0.503906 0.494141 0.8125 0.838281 0.733887
0 0.505469 0.495703 0.801562 0.838281 0.334473
0 0.140625 0.842188 0.261328 0.315625 0.0484924
0 0.396094 0.206641 0.0820312 0.101953 0.0164642
0 0.385156 0.183252 0.108594 0.103809 0.0146713
0 0.397656 0.195508 0.0835937 0.146484 0.0091629
1 0.5 0.760156 0.76875 0.304688 0.00712204
0 0.401465 0.223438 0.0955078 0.0953125 0.00671768
0 0.41875 0.210986 0.125 0.124121 0.00653839
0 0.5 0.760156 0.76875 0.304688 0.00453949
1 0.494141 0.200586 0.839844 0.265234 0.00294685
1 0.510938 0.662891 0.773438 0.467969 0.00270462
0 0.393848 0.208398 0.0951172 0.0777344 0.0026722
1 0.140625 0.842188 0.261328 0.315625 0.0026207
0 0.510938 0.662891 0.773438 0.467969 0.00237846
0 0.421973 0.865625 0.118555 0.0703125 0.00220871
0 0.421484 0.879687 0.133594 0.05 0.00216484
0 0.410254 0.246484 0.143555 0.0539063 0.00216484
0 0.808594 0.241406 0.107813 0.08125 0.00214958
0 0.283203 0.855469 0.528906 0.285937 0.00205803
0 0.359961 0.230469 0.135547 0.0710938 0.0020504
0 0.293701 0.700781 0.336035 0.364062 0.00189686
0 0.551562 0.871875 0.157813 0.06875 0.0016613
0 0.350195 0.222656 0.134766 0.0679687 0.00155449
0 0.355469 0.742969 0.445312 0.320312 0.00151253
0 0.409766 0.870313 0.127344 0.0578125 0.00145531
0 0.548047 0.851562 0.153906 0.046875 0.00145531
0 0.142969 0.772656 0.285937 0.4 0.0014267
0 0.500781 0.252734 0.15625 0.046875 0.00136662
0 0.186328 0.460547 0.0820312 0.113281 0.00133514
1 0.355469 0.742969 0.445312 0.320312 0.0012846
0 0.476953 0.77793 0.1125 0.0660156 0.00126934
0 0.592969 0.244922 0.159375 0.0617188 0.0011692
0 0.82207 0.153906 0.183984 0.271094 0.0011692
0 0.828125 0.475781 0.103125 0.123438 0.0011692
0 0.645312 0.546875 0.120312 0.0953125 0.00106049
0 0.395312 0.232422 0.107813 0.0640625 0.00104046
1 0.489453 0.494531 0.821094 0.835938 0.865723
0 0.487891 0.492969 0.821094 0.8375 0.0381775
0 0.487891 0.145532 0.15 0.163232 0.00258064
0 0.453516 0.146973 0.203906 0.16582 0.00234985
0 0.890234 0.00507812 0.219531 0.0101562 0.00219917
0 0.149219 0.00524902 0.298438 0.010498 0.00117874
1 0.487891 0.145532 0.15 0.163232 0.00108147
0 0.499219 0.124316 0.165625 0.133398 0.00104809
0 0.419141 0.00517578 0.485156 0.0103516 0.00100803
1 0.487598 0.483594 0.795117 0.825 0.928711
0 0.490625 0.480469 0.785937 0.8375 0.00108147
1 0.497656 0.496875 0.801562 0.84375 0.909668
1 0.493359 0.492969 0.822656 0.854688 0.924805
0 0.492578 0.494922 0.805469 0.850781 0.0109863
1 0.496094 0.499219 0.826563 0.867188 0.934082
1 0.496094 0.489844 0.81875 0.846875 0.887695
0 0.495313 0.4875 0.8 0.828125 0.00213242
1 0.506641 0.491406 0.789844 0.832812 0.923828
1 0.496875 0.492969 0.80625 0.834375 0.882324
1 0.506641 0.491406 0.789844 0.832812 0.923828
