1 0.48125 0.522266 0.640625 0.710156 0.660156
0 0.481348 0.527441 0.654492 0.720117 0.0997925
0 0.788281 0.870313 0.370313 0.239063 0.0324707
1 0.471484 0.619531 0.641406 0.507812 0.0321655
1 0.469141 0.729297 0.644531 0.289844 0.0124283
0 0.459277 0.732422 0.618945 0.282031 0.0118713
1 0.788281 0.870313 0.370313 0.239063 0.00666809
0 0.444434 0.626953 0.586133 0.492969 0.00653839
0 0.634375 0.457422 0.203125 0.178125 0.00415039
0 0.467969 0.292529 0.199219 0.235254 0.00341606
0 0.605469 0.275781 0.246875 0.2 0.00274658
0 0.410254 0.289844 0.193555 0.228125 0.00248146
0 0.727734 0.453125 0.178906 0.159375 0.00233269
0 0.504687 0.290967 0.188281 0.235254 0.00152493
0 0.896875 0.509375 0.20625 0.7875 0.00126457
0 0.7375 0.878906 0.471875 0.242188 0.00117397
1 0.483691 0.524219 0.645117 0.717188 0.885254
0 0.483594 0.518359 0.653125 0.703906 0.0367126
0 0.16875 0.822656 0.308594 0.354688 0.0243835
0 0.770312 0.484375 0.0859375 0.120312 0.0118713
0 0.853906 0.194922 0.275 0.378125 0.00898743
1 0.853906 0.194922 0.275 0.378125 0.00871277
0 0.407813 0.8375 0.10625 0.075 0.00793457
0 0.760938 0.375781 0.0796875 0.125781 0.00772476
0 0.782031 0.578906 0.0765625 0.121875 0.00766754
0 0.775 0.463281 0.0703125 0.13125 0.00498199
0 0.537109 0.50625 0.0984375 0.0953125 0.00468063
0 0.8625 0.738281 0.271875 0.50625 0.0046463
1 0.16875 0.822656 0.308594 0.354688 0.00452042
0 0.355859 0.682813 0.0945313 0.119531 0.00443268
1 0.802344 0.168457 0.354688 0.32168 0.00438309
0 0.778125 0.479688 0.0765625 0.192969 0.00432968
0 0.760156 0.399609 0.103125 0.111719 0.00397491
0 0.769531 0.427734 0.0796875 0.121094 0.00385475
0 0.509375 0.845312 0.151562 0.0546875 0.00383949
0 0.414844 0.853125 0.14375 0.05 0.00379562
0 0.76875 0.505078 0.103125 0.119531 0.00348282
0 0.528125 0.319531 0.117188 0.0925781 0.00342941
0 0.802344 0.168457 0.354688 0.32168 0.00338936
0 0.751562 0.351953 0.0984375 0.125 0.00335121
0 0.167969 0.751953 0.315234 0.453906 0.00316048
0 0.250391 0.430469 0.100781 0.0859375 0.00305176
1 0.8625 0.738281 0.271875 0.50625 0.00282288
1 0.347607 0.768359 0.364941 0.211719 0.00276756
0 0.778125 0.505078 0.0859375 0.161719 0.00273705
0 0.758594 0.415234 0.110937 0.0976562 0.0026722
0 0.395312 0.84375 0.122656 0.059375 0.00257111
1 0.483984 0.753906 0.630469 0.23125 0.00255013
0 0.559375 0.642969 0.129688 0.0585938 0.00247192
0 0.557813 0.65625 0.134375 0.059375 0.00245285
0 0.625781 0.404687 0.154687 0.05 0.00240517
0 0.751562 0.371289 0.109375 0.123047 0.00237846
0 0.777344 0.597656 0.078125 0.129688 0.00213242
0 0.691406 0.435937 0.125 0.0796875 0.00211525
0 0.389941 0.83125 0.135742 0.0578125 0.00211525
0 0.504687 0.85625 0.15 0.0453125 0.00205803
0 0.420312 0.83125 0.110156 0.084375 0.00202751
0 0.580469 0.680859 0.1 0.128906 0.00196457
0 0.773438 0.441797 0.075 0.210938 0.00194931
0 0.699219 0.516406 0.0890625 0.114063 0.00194168
0 0.203857 0.852734 0.368848 0.294531 0.00193405
0 0.644531 0.394434 0.1625 0.0517578 0.00190449
0 0.7 0.667188 0.120312 0.0929687 0.00189686
0 0.575781 0.805469 0.135937 0.0609375 0.00179577
1 0.398828 0.852344 0.599219 0.295312 0.00179577
0 0.347607 0.768359 0.364941 0.211719 0.00178242
0 0.767578 0.401172 0.0804688 0.147656 0.00176811
0 0.386328 0.372266 0.101562 0.110937 0.0017004
0 0.765234 0.4875 0.107031 0.1 0.0016489
0 0.375684 0.394141 0.111133 0.1 0.00163555
1 0.203857 0.852734 0.368848 0.294531 0.00155449
0 0.651563 0.385156 0.170312 0.053125 0.00143242
1 0.367188 0.903125 0.671094 0.1875 0.00142097
1 0.169336 0.180811 0.308984 0.340723 0.00140476
1 0.294141 0.854102 0.460938 0.291797 0.00139427
0 0.519531 0.277734 0.121875 0.0757812 0.00131512
0 0.783008 0.533594 0.0777344 0.160938 0.00123501
0 0.552734 0.355859 0.110156 0.0945313 0.00121593
0 0.361719 0.669922 0.1125 0.109375 0.0012064
0 0.760156 0.436719 0.107813 0.096875 0.00118828
0 0.169336 0.180811 0.308984 0.340723 0.00118828
0 0.367188 0.903125 0.671094 0.1875 0.0011425
0 0.294141 0.854102 0.460938 0.291797 0.00108147
0 0.239648 0.421875 0.120703 0.06875 0.00108147
0 0.9 0.65625 0.19375 0.6875 0.00106525
0 0.498437 0.832812 0.171875 0.05625 0.00106525
0 0.746094 0.517187 0.146875 0.278125 0.00103664
1 0.317773 0.733594 0.312891 0.257812 0.00102806
1 0.488379 0.7125 0.648242 0.321875 0.00102425
0 0.53125 0.300391 0.140625 0.08125 0.00101662
1 0.480469 0.521191 0.689062 0.706055 0.891602
0 0.473828 0.520312 0.680469 0.7125 0.00772476
0 0.889844 0.00461426 0.220313 0.00922852 0.00217438
0 0.149609 0.00510254 0.299219 0.0102051 0.00166798
0 0.834766 0.00491943 0.330469 0.00983887 0.00123024
0 0.44375 0.00512695 0.4875 0.0102539 0.00109863
0 0.744922 0.0050293 0.483594 0.0100586 0.00105286
0 0.644531 0.00505371 0.485938 0.0101074 0.00103188
0 0.320312 0.00506592 0.485938 0.0101318 0.00101662
1 0.47666 0.520215 0.67168 0.69707 0.912598
1 0.383984 0.348242 0.480469 0.357422 0.00181007
1 0.487598 0.525391 0.65293 0.699219 0.913574
1 0.472656 0.331982 0.710938 0.314941 0.00847626
1 0.483594 0.516406 0.667188 0.707812 0.950195
1 0.48291 0.518848 0.673242 0.706055 0.927246
1 0.479297 0.517969 0.663281 0.7 0.917969
1 0.483594 0.519922 0.654688 0.721094 0.93457
1 0.480469 0.523047 0.66875 0.710156 0.899414
1 0.483594 0.519922 0.654688 0.721094 0.93457
