0 0.480469 0.604297 0.767187 0.685156 0.965332
0 0.592871 0.116992 0.489258 0.215234 0.0451965
0 0.358984 0.759375 0.489844 0.35 0.026413
1 0.487402 0.607813 0.74707 0.675 0.0153046
0 0.492578 0.705078 0.739844 0.471094 0.0150146
0 0.599609 0.171875 0.344531 0.0957031 0.0086441
0 0.724609 0.11543 0.216406 0.190234 0.00751877
0 0.625 0.36582 0.21875 0.205078 0.00521851
0 0.455078 0.794531 0.682031 0.2875 0.0049057
0 0.40625 0.664844 0.595312 0.54375 0.00462723
0 0.528027 0.12207 0.61582 0.244141 0.00432968
0 0.670313 0.365625 0.25 0.203906 0.00329781
0 0.754687 0.111914 0.159375 0.169922 0.00245285
0 0.842969 0.905469 0.248437 0.117188 0.00237846
0 0.861719 0.882812 0.226562 0.11875 0.00225258
0 0.575 0.166406 0.242188 0.107813 0.00198746
0 0.655859 0.173828 0.341406 0.0972656 0.00195694
0 0.258398 0.392578 0.267578 0.238281 0.0016489
0 0.586328 0.364062 0.202344 0.201562 0.00161648
0 0.839063 0.858008 0.321875 0.277734 0.0015974
0 0.879687 0.857031 0.203125 0.120312 0.0014782
0 0.651563 0.287109 0.289062 0.0445312 0.00147247
0 0.731641 0.354883 0.253906 0.184766 0.00133514
0 0.701563 0.374414 0.220313 0.230859 0.00131512
0 0.326367 0.383984 0.230078 0.219531 0.00130463
0 0.735937 0.610156 0.304688 0.654688 0.00123978
0 0.543066 0.760547 0.635742 0.360156 0.00118828
0 0.717969 0.143066 0.226562 0.12168 0.0011034
0 0.381641 0.379004 0.217187 0.207617 0.00103664
0 0.489941 0.611035 0.776367 0.688867 0.944336
0 0.767187 0.0744141 0.129688 0.0560547 0.0661011
0 0.465625 0.17168 0.903125 0.343359 0.049408
0 0.329688 0.901563 0.659375 0.196875 0.048584
0 0.435156 0.824219 0.870313 0.290625 0.0348816
0 0.866992 0.726953 0.266016 0.535156 0.0319214
0 0.279102 0.875 0.558203 0.25 0.0317993
0 0.815039 0.689844 0.369922 0.598437 0.03125
0 0.466406 0.372266 0.890625 0.628906 0.0287628
0 0.176953 0.786133 0.353906 0.399609 0.0216217
0 0.401563 0.86875 0.803125 0.2625 0.02034
0 0.217969 0.860937 0.435937 0.278125 0.0158997
1 0.444141 0.222656 0.853906 0.445312 0.0118713
0 0.343164 0.938281 0.686328 0.123438 0.00945282
0 0.289648 0.618359 0.579297 0.600781 0.00871277
1 0.466406 0.372266 0.890625 0.628906 0.00720596
0 0.776758 0.657422 0.446484 0.653906 0.00706482
0 0.3375 0.173633 0.640625 0.339844 0.00653839
0 0.848437 0.514063 0.0703125 0.126563 0.00643921
0 0.163867 0.251758 0.300391 0.480859 0.00638962
0 0.774219 0.156445 0.123438 0.0789063 0.00557709
0 0.928906 0.639746 0.142188 0.720508 0.00548935
0 0.751562 0.0685547 0.159375 0.0541016 0.00475693
0 0.17793 0.185205 0.326172 0.350684 0.0042305
0 0.532422 0.225 0.198437 0.148828 0.00399017
0 0.849219 0.538281 0.06875 0.125 0.00399017
0 0.4625 0.775781 0.80625 0.342187 0.00387001
0 0.421875 0.272266 0.807813 0.528906 0.00355148
0 0.762109 0.0830078 0.149219 0.0457031 0.00353813
0 0.863672 0.295117 0.272656 0.590234 0.00353813
0 0.639453 0.616406 0.492969 0.696875 0.00351143
0 0.282813 0.608984 0.370313 0.657031 0.00346947
1 0.329688 0.901563 0.659375 0.196875 0.00340271
0 0.848437 0.500781 0.071875 0.194531 0.00335121
0 0.697656 0.193164 0.140625 0.05 0.00324821
0 0.770312 0.0576172 0.134375 0.0589844 0.00323486
0 0.211914 0.29375 0.407422 0.5875 0.00319672
0 0.751562 0.0653809 0.1625 0.0788086 0.00319672
0 0.175488 0.668359 0.350977 0.594531 0.00300407
0 0.844531 0.489453 0.0765625 0.140625 0.00279999
0 0.5 0.449609 0.873438 0.428906 0.0027256
0 0.137891 0.721875 0.275781 0.492188 0.00271416
0 0.848437 0.562891 0.06875 0.125 0.00256157
1 0.343164 0.938281 0.686328 0.123438 0.00255013
0 0.133301 0.29668 0.245117 0.593359 0.00251198
1 0.532422 0.225 0.198437 0.148828 0.00251198
0 0.951563 0.476562 0.096875 0.717188 0.00247192
0 0.385156 0.798437 0.621875 0.3125 0.00242424
0 0.485156 0.205664 0.104687 0.107422 0.00235939
0 0.930469 0.429785 0.139062 0.749805 0.00209045
1 0.279102 0.875 0.558203 0.25 0.00198746
0 0.757812 0.170117 0.142188 0.0582031 0.0019722
0 0.834375 0.451562 0.084375 0.132812 0.0019722
0 0.824219 0.425879 0.0984375 0.13418 0.0019722
0 0.763672 0.142969 0.163281 0.0542969 0.00191212
0 0.848437 0.538281 0.071875 0.19375 0.00182438
0 0.881641 0.379687 0.236719 0.714063 0.00168705
0 0.332422 0.782812 0.664844 0.38125 0.00160408
0 0.701953 0.183789 0.149219 0.0566406 0.00158501
0 0.237891 0.175977 0.438281 0.334766 0.00157356
1 0.432031 0.167773 0.829687 0.325391 0.00142097
0 0.739062 0.147266 0.19375 0.0960938 0.00130463
0 0.812695 0.402441 0.105859 0.14668 0.0012846
1 0.493848 0.59209 0.781055 0.73457 0.00122547
1 0.388281 0.875 0.776563 0.25 0.00119686
0 0.84375 0.525 0.0921875 0.114063 0.00118351
0 0.782617 0.139844 0.116016 0.090625 0.0011692
0 0.848437 0.5875 0.071875 0.125 0.00115585
1 0.751562 0.0653809 0.1625 0.0788086 0.00113392
0 0.289453 0.919531 0.578906 0.160938 0.00109005
0 0.953125 0.607129 0.09375 0.72793 0.00109005
0 0.401172 0.959375 0.802344 0.08125 0.00106907
0 0.360938 0.304492 0.178906 0.0492188 0.00105667
0 0.688281 0.143652 0.3 0.0896484 0.00104046
0 0.896875 0.234961 0.2 0.456641 0.00101185
0 0.4875 0.603906 0.7875 0.667188 0.926758
1 0.488965 0.609375 0.78457 0.665625 0.00441742
0 0.889063 0.00457764 0.221875 0.00915527 0.00232315
0 0.149609 0.00478516 0.299219 0.00957031 0.00165462
0 0.834375 0.00456543 0.33125 0.00913086 0.00102425
0 0.496777 0.605469 0.77207 0.673437 0.901855
1 0.497559 0.597656 0.767383 0.665625 0.0138474
0 0.326953 0.465625 0.459375 0.384375 0.00698471
0 0.402344 0.575 0.607813 0.609375 0.00139427
0 0.496777 0.6 0.76582 0.659375 0.941895
1 0.502246 0.603516 0.761133 0.667969 0.0085144
0 0.490527 0.599609 0.775195 0.680469 0.961914
1 0.495313 0.602344 0.7875 0.689062 0.0029583
0 0.496484 0.599316 0.772656 0.688867 0.922852
1 0.491797 0.599219 0.778906 0.689062 0.0026722
0 0.493848 0.600391 0.774805 0.680469 0.877441
1 0.491309 0.600781 0.761133 0.689062 0.00362206
0 0.499219 0.597656 0.7625 0.69375 0.924316
0 0.496094 0.598437 0.782812 0.68125 0.927734
0 0.499219 0.597656 0.7625 0.69375 0.924316
