0 0.673047 0.628223 0.588281 0.72793 0.943359
0 0.66875 0.749219 0.584375 0.489062 0.282959
0 0.668848 0.825781 0.588867 0.329688 0.0120544
0 0.195312 0.624219 0.390625 0.646875 0.0091629
1 0.673047 0.631152 0.588281 0.72832 0.00888062
0 0.835742 0.635547 0.303516 0.728906 0.00429916
1 0.185645 0.619922 0.371289 0.641406 0.00214005
0 0.70625 0.357227 0.195312 0.219141 0.00168705
0 0.659375 0.356055 0.2 0.219141 0.00120163
1 0.66875 0.749219 0.584375 0.489062 0.00108147
0 0.560938 0.805469 0.371875 0.382812 0.00106049
0 0.482812 0.593359 0.965625 0.805469 0.889648
0 0.357617 0.541016 0.715234 0.819531 0.430176
0 0.625781 0.878125 0.667188 0.24375 0.123779
0 0.528906 0.85332 0.821875 0.293359 0.108215
0 0.592188 0.627246 0.757812 0.717383 0.0162811
0 0.270703 0.477344 0.541406 0.9375 0.0121918
1 0.357617 0.541016 0.715234 0.819531 0.0088501
0 0.500781 0.774219 0.9125 0.429688 0.00751877
0 0.373828 0.797656 0.747656 0.404687 0.00679779
1 0.483984 0.578906 0.967969 0.795313 0.00455475
1 0.528906 0.85332 0.821875 0.293359 0.0042305
0 0.188281 0.488281 0.376563 0.892187 0.00352478
1 0.625781 0.878125 0.667188 0.24375 0.00344276
0 0.800781 0.6 0.36875 0.695312 0.00196457
0 0.85957 0.653516 0.280859 0.567969 0.00175476
0 0.919141 0.702344 0.161719 0.510938 0.00143814
0 0.960938 0.754687 0.078125 0.459375 0.00104427
0 0.676172 0.617188 0.583594 0.715625 0.864746
1 0.672656 0.63584 0.582812 0.72207 0.0302124
0 0.869922 0.00511475 0.260156 0.0102295 0.00338936
0 0.144336 0.00557861 0.288672 0.0111572 0.00226021
0 0.817383 0.00524902 0.365234 0.010498 0.00182438
0 0.616016 0.00546875 0.480469 0.0109375 0.00166798
0 0.201562 0.00534668 0.403125 0.0106934 0.00158501
0 0.716016 0.00524902 0.480469 0.010498 0.00154305
0 0.317187 0.00524902 0.479688 0.010498 0.00150108
0 0.516797 0.00532227 0.482031 0.0106445 0.00146675
0 0.416797 0.00524902 0.482031 0.010498 0.00143814
0 0.676172 0.63125 0.588281 0.7375 0.906738
1 0.679688 0.629004 0.596875 0.729492 0.00383949
0 0.664844 0.465625 0.557813 0.407031 0.00199509
0 0.682422 0.621484 0.586719 0.719531 0.887207
1 0.688281 0.624219 0.596875 0.720312 0.0109024
0 0.683984 0.625391 0.599219 0.727344 0.928711
0 0.636719 0.766406 0.501562 0.464063 0.0050621
1 0.682031 0.617969 0.610937 0.721875 0.00429916
0 0.68125 0.624902 0.603125 0.743945 0.876465
1 0.68125 0.626172 0.604688 0.735156 0.0219879
0 0.680859 0.628516 0.586719 0.732031 0.852051
1 0.682813 0.623828 0.585938 0.725781 0.0068512
0 0.685938 0.628125 0.582812 0.735937 0.904785
1 0.683984 0.628125 0.578906 0.735937 0.00233269
0 0.683594 0.624219 0.59375 0.721875 0.906738
0 0.685938 0.628125 0.582812 0.735937 0.903809
1 0.683984 0.627734 0.578906 0.735156 0.00234222
