0 0.520312 0.544629 0.848437 0.770117 0.833984
0 0.518359 0.690234 0.839844 0.502344 0.392334
0 0.869727 0.188477 0.260547 0.344922 0.217285
0 0.398535 0.73125 0.557617 0.376563 0.0819702
0 0.938672 0.642969 0.122656 0.265625 0.0241394
0 0.885938 0.111914 0.228125 0.185547 0.0198669
0 0.960156 0.599219 0.0796875 0.360938 0.0193787
0 0.85625 0.892187 0.2375 0.128125 0.0148392
0 0.900781 0.139941 0.196875 0.230273 0.0147324
0 0.946094 0.719922 0.107813 0.111719 0.0128708
1 0.938672 0.642969 0.122656 0.265625 0.012825
1 0.869727 0.188477 0.260547 0.344922 0.0119171
1 0.5375 0.580469 0.839063 0.704687 0.0091629
1 0.960156 0.599219 0.0796875 0.360938 0.00891876
0 0.646484 0.11189 0.205469 0.196533 0.00740433
0 0.343555 0.684375 0.456641 0.439063 0.00566483
0 0.949219 0.682813 0.101562 0.190625 0.00534439
1 0.946094 0.719922 0.107813 0.111719 0.00530243
0 0.970312 0.572559 0.059375 0.43457 0.00348282
0 0.420996 0.664844 0.618945 0.523438 0.00325966
0 0.822656 0.898438 0.235938 0.134375 0.00261116
0 0.874219 0.879687 0.2125 0.10625 0.00255013
1 0.531641 0.689062 0.824219 0.5 0.00240517
0 0.54834 0.767187 0.733008 0.342187 0.00226021
1 0.949219 0.682813 0.101562 0.190625 0.00210762
0 0.94375 0.271484 0.1125 0.290625 0.00191879
0 0.877344 0.905469 0.207813 0.121875 0.00183868
0 0.701563 0.126953 0.553125 0.239844 0.00179577
1 0.85625 0.892187 0.2375 0.128125 0.00176811
0 0.607813 0.118555 0.220313 0.210547 0.00154305
1 0.398535 0.73125 0.557617 0.376563 0.00150108
0 0.84082 0.85332 0.290234 0.280859 0.00133514
0 0.692578 0.122949 0.213281 0.223633 0.00131512
1 0.911719 0.135254 0.176563 0.223242 0.00127411
0 0.411621 0.132422 0.214258 0.214453 0.00112057
0 0.296094 0.726562 0.375 0.409375 0.00106049
1 0.970312 0.572559 0.059375 0.43457 0.00104427
1 0.885938 0.111914 0.228125 0.185547 0.00103188
0 0.957812 0.306641 0.084375 0.254687 0.00102806
0 0.9375 0.136523 0.125 0.234375 0.00102806
0 0.878906 0.861719 0.203125 0.0984375 0.00102806
0 0.535937 0.496484 0.840625 0.932031 0.849121
0 0.535937 0.248828 0.81875 0.4625 0.715332
0 0.53125 0.174805 0.832812 0.315234 0.490234
0 0.539844 0.379297 0.817187 0.540625 0.375732
0 0.530859 0.789062 0.839844 0.275 0.291748
0 0.889063 0.487598 0.13125 0.30293 0.224731
0 0.539062 0.611719 0.825 0.628125 0.0927124
0 0.870313 0.90625 0.259375 0.1875 0.0552979
0 0.858594 0.476465 0.196875 0.28457 0.0551147
0 0.15918 0.719531 0.318359 0.529688 0.0386963
1 0.549219 0.175781 0.829687 0.316797 0.0385437
0 0.326367 0.832422 0.610547 0.335156 0.0367737
0 0.882812 0.444141 0.14375 0.286719 0.0352173
0 0.886719 0.886523 0.226562 0.226953 0.0340271
0 0.847656 0.517187 0.226562 0.307813 0.0324097
0 0.177344 0.811328 0.331641 0.377344 0.0299835
0 0.916406 0.199219 0.167187 0.267188 0.0293732
0 0.546094 0.325977 0.846875 0.322266 0.0280151
0 0.844141 0.897656 0.311719 0.204688 0.0187225
0 0.836133 0.574609 0.290234 0.396094 0.0180206
0 0.353516 0.891406 0.648438 0.217187 0.0165253
0 0.922656 0.271484 0.154687 0.230469 0.0165253
0 0.853125 0.439941 0.226562 0.263867 0.0162811
1 0.540625 0.446191 0.828125 0.760742 0.0135345
0 0.542969 0.425391 0.845312 0.352344 0.0132751
1 0.535937 0.248828 0.81875 0.4625 0.0100555
0 0.874805 0.153125 0.250391 0.228516 0.00952148
0 0.769531 0.612109 0.460938 0.366406 0.00857544
0 0.729688 0.910156 0.540625 0.179688 0.00746155
1 0.326367 0.832422 0.610547 0.335156 0.00570679
0 0.921875 0.866406 0.15625 0.267188 0.00568771
0 0.72793 0.619531 0.544141 0.478125 0.00530243
0 0.742969 0.450098 0.429688 0.243555 0.00479126
0 0.985937 0.484375 0.028125 0.165625 0.00468063
0 0.774414 0.701953 0.451172 0.452344 0.00453949
0 0.122852 0.609375 0.245703 0.640625 0.00443268
0 0.88125 0.490234 0.165625 0.344531 0.00443268
0 0.68125 0.675391 0.6375 0.419531 0.0042305
0 0.872266 0.829687 0.255469 0.334375 0.00415039
0 0.878906 0.358594 0.167187 0.277344 0.00405502
0 0.985547 0.532031 0.0289063 0.171875 0.0037365
0 0.37207 0.928125 0.707422 0.14375 0.0037365
0 0.960938 0.320312 0.078125 0.319531 0.00365067
0 0.91875 0.712891 0.1625 0.430469 0.00365067
0 0.816406 0.765625 0.367188 0.409375 0.00359344
0 0.903125 0.351758 0.19375 0.333984 0.00349617
1 0.985937 0.484375 0.028125 0.165625 0.00338936
1 0.353516 0.891406 0.648438 0.217187 0.00321007
0 0.161133 0.208008 0.303906 0.407422 0.00319672
0 0.825781 0.350391 0.335938 0.249219 0.00317192
0 0.986328 0.434375 0.0273438 0.165625 0.00302696
1 0.880469 0.903125 0.228125 0.190625 0.00299263
0 0.882812 0.27168 0.234375 0.209766 0.00298119
0 0.714844 0.558203 0.490625 0.335156 0.00293541
0 0.93125 0.819922 0.1375 0.360156 0.00286674
0 0.970312 0.35332 0.059375 0.313672 0.00284576
1 0.985547 0.532031 0.0289063 0.171875 0.00279045
0 0.926562 0.463281 0.06875 0.129688 0.00273705
0 0.900781 0.351562 0.0859375 0.14375 0.00253105
0 0.923437 0.439063 0.071875 0.132031 0.0024929
0 0.974219 0.406934 0.0515625 0.268945 0.00242424
0 0.791406 0.367969 0.157813 0.0554687 0.002388
1 0.890625 0.467969 0.128125 0.282813 0.00235939
0 0.983594 0.590625 0.0328125 0.201562 0.00234222
0 0.811719 0.343359 0.145313 0.0882813 0.00228691
0 0.873438 0.3 0.1125 0.142188 0.00219917
0 0.954687 0.613281 0.090625 0.440625 0.00218201
0 0.946094 0.276367 0.107813 0.315234 0.00217438
0 0.910937 0.388281 0.084375 0.135937 0.00206757
0 0.892187 0.324219 0.0921875 0.155469 0.00203514
1 0.986328 0.434375 0.0273438 0.165625 0.00197983
1 0.983594 0.590625 0.0328125 0.201562 0.00192642
0 0.708594 0.421875 0.515625 0.232031 0.00191212
0 0.985937 0.388281 0.028125 0.173438 0.00188255
0 0.792969 0.357812 0.153125 0.0554687 0.00187492
0 0.975781 0.360547 0.0484375 0.15 0.00184631
0 0.910547 0.905859 0.178906 0.188281 0.00184631
0 0.926562 0.488281 0.071875 0.128906 0.00176144
0 0.975 0.459766 0.05 0.275781 0.00168705
0 0.779297 0.575391 0.441406 0.544531 0.0016613
1 0.530859 0.789062 0.839844 0.275 0.0016489
0 0.972656 0.336719 0.0546875 0.196094 0.00157356
0 0.982031 0.619531 0.0359375 0.215625 0.00156689
0 0.980078 0.45 0.0398437 0.142188 0.00153637
0 0.953906 0.0847656 0.0921875 0.0863281 0.0015192
0 0.976562 0.385059 0.046875 0.131445 0.0014782
1 0.975781 0.360547 0.0484375 0.15 0.00144958
0 0.941406 0.0813477 0.117188 0.0695312 0.00144386
0 0.919531 0.414941 0.078125 0.145117 0.00144386
0 0.98125 0.48125 0.0375 0.14375 0.00141048
0 0.249805 0.795508 0.475391 0.408984 0.00138283
0 0.978125 0.415234 0.04375 0.138281 0.00133038
1 0.982031 0.619531 0.0359375 0.215625 0.00133038
0 0.610547 0.671875 0.778906 0.48125 0.00133038
0 0.926562 0.454004 0.075 0.19043 0.00129414
1 0.980078 0.45 0.0398437 0.142188 0.00128937
0 0.957812 0.319531 0.084375 0.234375 0.00127888
0 0.970312 0.559766 0.059375 0.411719 0.0012598
1 0.98125 0.48125 0.0375 0.14375 0.00124931
1 0.985937 0.388281 0.028125 0.173438 0.00123978
1 0.870703 0.910156 0.258594 0.179688 0.00123501
0 0.696094 0.0890625 0.145313 0.0453125 0.0012064
1 0.976562 0.385059 0.046875 0.131445 0.00120163
1 0.972656 0.336719 0.0546875 0.196094 0.00119686
0 0.960938 0.355078 0.078125 0.198437 0.00118828
0 0.86875 0.433984 0.182812 0.221875 0.00116062
0 0.793555 0.378516 0.162891 0.0539063 0.00116062
0 0.972656 0.636719 0.0546875 0.240625 0.0011158
0 0.985156 0.671094 0.0296875 0.217187 0.00109863
0 0.748438 0.139844 0.503125 0.212891 0.00109005
1 0.978125 0.415234 0.04375 0.138281 0.00108624
0 0.8625 0.279687 0.11875 0.1375 0.00107288
1 0.972656 0.636719 0.0546875 0.240625 0.00106525
0 0.663672 0.789258 0.672656 0.330859 0.00106049
0 0.803125 0.349805 0.157813 0.0605469 0.00105667
0 0.98125 0.508203 0.0375 0.150781 0.00102043
0 0.810938 0.330859 0.15625 0.0648438 0.00100803
0 0.535156 0.471094 0.832812 0.895312 0.907227
1 0.539453 0.479688 0.814844 0.9 0.0371094
0 0.945312 0.652344 0.109375 0.240625 0.00296974
0 0.149609 0.00510254 0.299219 0.0102051 0.00162888
1 0.945312 0.652344 0.109375 0.240625 0.00156116
0 0.953906 0.681641 0.090625 0.178906 0.00136662
0 0.460547 0.966406 0.470313 0.0671875 0.00135136
0 0.424609 0.9625 0.344531 0.075 0.00134563
0 0.895312 0.0038208 0.209375 0.0076416 0.00119686
0 0.535937 0.469531 0.825 0.9125 0.851562
1 0.542969 0.475781 0.817187 0.895312 0.0872803
0 0.882617 0.166797 0.231641 0.284375 0.0191193
0 0.890625 0.217383 0.209375 0.379297 0.00419998
0 0.87207 0.884375 0.255859 0.223438 0.0016489
0 0.771094 0.207617 0.434375 0.369141 0.00129986
0 0.871875 0.130664 0.245312 0.211328 0.0011158
0 0.942187 0.686719 0.115625 0.165625 0.00102806
0 0.541406 0.479688 0.851562 0.90625 0.922852
1 0.5375 0.476172 0.823438 0.910156 0.0903931
0 0.541797 0.477344 0.842969 0.9 0.809082
1 0.536328 0.471094 0.839844 0.898438 0.378418
0 0.960938 0.587109 0.078125 0.450781 0.00473785
1 0.960938 0.587109 0.078125 0.450781 0.00130463
0 0.886719 0.891406 0.226562 0.217187 0.00110722
0 0.544141 0.480469 0.852344 0.903125 0.883301
1 0.542188 0.483203 0.846875 0.919531 0.0305634
0 0.881055 0.146191 0.237891 0.238867 0.00993347
0 0.871094 0.892187 0.251563 0.203125 0.0041008
1 0.878125 0.888281 0.242188 0.214062 0.00332451
0 0.535937 0.477344 0.845312 0.89375 0.852051
0 0.878125 0.889063 0.24375 0.221875 0.0316772
0 0.879492 0.156836 0.241016 0.251563 0.0281067
1 0.878125 0.889063 0.24375 0.221875 0.00265312
1 0.536328 0.480469 0.842969 0.901563 0.00254059
1 0.879492 0.156836 0.241016 0.251563 0.00209045
0 0.982813 0.532812 0.034375 0.257812 0.00106525
0 0.542969 0.482031 0.829687 0.920313 0.898438
1 0.539844 0.48125 0.828125 0.91875 0.0255127
0 0.95625 0.591406 0.08125 0.373437 0.00331116
0 0.872656 0.876562 0.240625 0.235938 0.00242424
0 0.946875 0.65 0.1 0.25 0.00205803
0 0.883008 0.146582 0.230859 0.24043 0.00155449
0 0.895312 0.834375 0.198437 0.317187 0.00119209
1 0.95625 0.591406 0.08125 0.373437 0.00118351
0 0.533984 0.477344 0.842969 0.901563 0.916504
0 0.879883 0.150391 0.233984 0.244531 0.00254059
0 0.95 0.633594 0.1 0.285937 0.00212479
0 0.959375 0.588672 0.078125 0.377344 0.00211525
0 0.429688 0.960156 0.302344 0.0796875 0.00168705
1 0.959375 0.588672 0.078125 0.377344 0.00131989
0 0.861719 0.84707 0.264062 0.290234 0.00127888
0 0.542969 0.482031 0.829687 0.920313 0.897461
1 0.539844 0.48125 0.828125 0.91875 0.0257111
0 0.95625 0.591406 0.08125 0.373437 0.00331116
0 0.872656 0.876562 0.240625 0.235938 0.00243378
0 0.946875 0.65 0.1 0.25 0.00205803
0 0.883008 0.146582 0.230859 0.24043 0.00155449
0 0.895312 0.834375 0.198437 0.317187 0.00119686
1 0.95625 0.591406 0.08125 0.373437 0.00118828
