0 0.582422 0.582129 0.702344 0.713867 0.876465
0 0.239844 0.13457 0.45625 0.183203 0.203125
0 0.566406 0.698438 0.682813 0.48125 0.168335
0 0.559766 0.765625 0.678906 0.335938 0.0264587
1 0.239844 0.13457 0.45625 0.183203 0.0156708
1 0.578027 0.589941 0.698633 0.706055 0.00955963
0 0.174219 0.11123 0.348437 0.125195 0.00844574
0 0.384766 0.344141 0.25625 0.230469 0.00703812
0 0.674219 0.189258 0.203125 0.200781 0.0068512
0 0.653906 0.197656 0.15 0.217187 0.00257111
0 0.508594 0.182422 0.125 0.198437 0.00222588
0 0.469531 0.790625 0.839063 0.30625 0.00222588
0 0.895312 0.878125 0.16875 0.1625 0.00219154
0 0.886719 0.910937 0.190625 0.104687 0.00218201
0 0.444922 0.333008 0.2375 0.208984 0.00214005
0 0.339844 0.126953 0.242188 0.161328 0.0018034
0 0.211719 0.803125 0.423438 0.367188 0.00156116
1 0.566406 0.698438 0.682813 0.48125 0.0014267
0 0.403223 0.314648 0.25918 0.180078 0.00134087
0 0.578516 0.533594 0.702344 0.79375 0.888672
0 0.180664 0.546875 0.339453 0.85625 0.419678
0 0.130371 0.526563 0.237305 0.815625 0.355713
0 0.185596 0.673828 0.340527 0.622656 0.105957
0 0.390527 0.796875 0.743945 0.40625 0.0750122
0 0.515625 0.171289 0.110937 0.147266 0.0692749
0 0.455469 0.8125 0.90625 0.264062 0.0413208
1 0.515625 0.171289 0.110937 0.147266 0.0289307
1 0.580859 0.510547 0.721094 0.838281 0.028595
1 0.155664 0.539062 0.296875 0.845312 0.0240936
0 0.162891 0.281201 0.310156 0.303223 0.0175171
0 0.407715 0.149805 0.114258 0.1 0.0159607
1 0.390527 0.796875 0.743945 0.40625 0.0119171
0 0.5125 0.200391 0.107813 0.0882813 0.0107346
0 0.596094 0.856055 0.6375 0.197266 0.00997162
0 0.273828 0.780859 0.508594 0.438281 0.00653839
0 0.366211 0.201562 0.175391 0.0429688 0.00600433
0 0.417969 0.158984 0.0984375 0.121094 0.00564194
0 0.520703 0.187451 0.090625 0.12666 0.00553513
0 0.137695 0.315674 0.258203 0.390527 0.00516129
0 0.364844 0.48916 0.646875 0.699805 0.00446701
0 0.769531 0.180518 0.121875 0.0827148 0.0039444
0 0.457422 0.738281 0.889844 0.379687 0.0039444
1 0.185596 0.645312 0.347559 0.690625 0.00391388
0 0.157617 0.362891 0.291797 0.477344 0.00385475
0 0.561621 0.789062 0.700195 0.292188 0.0037365
1 0.455469 0.8125 0.90625 0.264062 0.00369263
0 0.378027 0.167383 0.20332 0.09375 0.00305176
0 0.828125 0.229687 0.1 0.096875 0.00260162
0 0.415625 0.143555 0.0828125 0.10625 0.00255013
0 0.366797 0.193555 0.154687 0.0496094 0.002388
0 0.903906 0.191797 0.175 0.362891 0.00235939
0 0.909766 0.742188 0.180469 0.50625 0.00231361
0 0.910156 0.8125 0.179688 0.375 0.00230598
0 0.480078 0.265039 0.165625 0.0488281 0.00179577
0 0.378125 0.541309 0.43125 0.748633 0.00169373
0 0.267188 0.261523 0.51875 0.334766 0.00168705
0 0.216602 0.318799 0.394141 0.374121 0.00165462
0 0.199414 0.245312 0.398828 0.296875 0.00148392
0 0.398828 0.118945 0.119531 0.0636719 0.00144386
0 0.511719 0.223047 0.108594 0.0632813 0.00141048
0 0.464453 0.255078 0.151562 0.053125 0.00137806
0 0.283008 0.159766 0.566016 0.216797 0.00134563
0 0.38291 0.144629 0.185742 0.139648 0.0012846
1 0.378027 0.167383 0.20332 0.09375 0.00118828
0 0.375879 0.12334 0.195117 0.137305 0.00116062
0 0.435547 0.544629 0.416406 0.670117 0.00111198
1 0.596094 0.856055 0.6375 0.197266 0.00109005
0 0.45625 0.660937 0.86875 0.53125 0.00102425
0 0.578516 0.522656 0.724219 0.80625 0.881348
0 0.514063 0.175439 0.114844 0.143652 0.0878906
1 0.514063 0.175439 0.114844 0.143652 0.0204926
0 0.519922 0.158887 0.103906 0.109961 0.0154877
1 0.580859 0.520703 0.724219 0.827344 0.00874329
1 0.519922 0.158887 0.103906 0.109961 0.0051384
0 0.523828 0.191016 0.117969 0.178906 0.00455475
0 0.540625 0.160742 0.0789063 0.116406 0.00362206
0 0.892187 0.00471191 0.215625 0.00942383 0.00201035
0 0.150293 0.0046875 0.300586 0.009375 0.00171375
1 0.523828 0.191016 0.117969 0.178906 0.00131512
1 0.540625 0.160742 0.0789063 0.116406 0.00119686
0 0.750781 0.241797 0.35625 0.273438 0.00108624
0 0.580859 0.499219 0.714844 0.857813 0.917969
0 0.51875 0.172363 0.1375 0.153711 0.0123367
1 0.517187 0.171484 0.123438 0.149219 0.00516129
1 0.580859 0.499219 0.714844 0.857813 0.0050621
0 0.457031 0.423047 0.475 0.600781 0.00380898
0 0.42666 0.353516 0.412305 0.391406 0.00230598
0 0.583594 0.573535 0.710938 0.712305 0.943359
0 0.583691 0.424316 0.716992 0.660742 0.0682983
1 0.58916 0.560547 0.699805 0.749219 0.00441742
0 0.521875 0.180469 0.10625 0.159375 0.00181007
0 0.585547 0.510547 0.719531 0.849219 0.966797
1 0.582422 0.506641 0.703906 0.852344 0.00258064
0 0.588379 0.534375 0.738867 0.8625 0.929199
1 0.578516 0.540625 0.728906 0.803125 0.00806427
0 0.571875 0.18418 0.2375 0.166016 0.00288963
0 0.590625 0.335938 0.279687 0.194531 0.00160408
0 0.577734 0.513672 0.710156 0.853906 0.831055
1 0.575684 0.521094 0.706445 0.840625 0.00619125
0 0.585547 0.523438 0.700781 0.85 0.896973
1 0.588184 0.521875 0.693945 0.85 0.00273705
0 0.584766 0.514063 0.719531 0.8375 0.911621
1 0.581641 0.509375 0.713281 0.8625 0.00165462
0 0.585547 0.523438 0.700781 0.85 0.896973
1 0.588184 0.521875 0.693945 0.85 0.00275803
